RouteID	RunID	Arrivals/Departures	TimePerStop
1A_SB	1	a	7	13	22	26	29	34	40	44	50	54	58	67	73	76
1A_SB	1	d	8	15	23	27	31	35	42	45	52	56	59	69	74	/
1A_SB	2	a	37	43	52	55	59	63	68	73	80	83	87	98	102	106
1A_SB	2	d	38	45	53	57	61	64	70	75	81	84	88	99	103	/
1A_SB	3	a	61	67	77	80	84	88	94	99	106	110	115	124	129	133
1A_SB	3	d	62	69	78	82	86	90	96	101	108	112	116	125	130	/
1A_SB	4	a	67	73	83	87	91	95	100	105	111	115	120	128	134	137
1A_SB	4	d	68	75	85	89	92	96	102	107	113	117	121	130	135	/
1A_SB	5	a	74	80	89	93	97	101	106	110	116	120	125	134	140	143
1A_SB	5	d	76	81	90	94	98	102	108	112	118	122	127	135	141	/
1A_SB	6	a	95	103	113	116	120	124	128	131	137	140	144	151	157	160
1A_SB	6	d	97	104	114	117	121	125	129	132	138	141	145	152	158	/
1A_SB	7	a	104	110	119	122	125	129	133	138	145	149	152	160	166	170
1A_SB	7	d	106	111	120	123	126	130	135	140	147	150	153	161	167	/
1A_SB	8	a	113	119	129	132	135	138	142	147	154	158	161	169	175	179
1A_SB	8	d	115	120	130	133	136	139	144	149	155	159	162	170	176	/
1A_SB	9	a	118	125	135	139	143	146	150	154	159	163	166	176	182	186
1A_SB	9	d	120	126	136	141	144	147	151	155	160	164	167	177	183	/
1A_SB	10	a	124	130	140	145	148	151	158	163	171	174	178	188	195	198
1A_SB	10	d	125	131	142	146	149	153	160	165	172	175	179	189	196	/
1A_SB	11	a	130	137	147	151	155	158	165	169	176	179	183	192	200	203
1A_SB	11	d	132	139	148	152	156	160	166	170	177	180	184	194	201	/
1A_SB	12	a	140	145	154	157	161	165	171	175	182	186	190	199	205	209
1A_SB	12	d	141	146	155	158	163	166	172	176	183	187	191	200	207	/
1A_SB	13	a	145	151	159	162	167	170	176	181	187	191	195	204	210	214
1A_SB	13	d	147	152	160	164	168	171	178	182	188	192	196	205	212	/
1A_SB	14	a	167	175	184	187	190	194	200	205	211	214	217	225	229	232
1A_SB	14	d	169	176	185	188	191	195	202	206	212	215	218	226	230	/
1A_SB	15	a	176	184	195	199	202	207	214	219	225	229	234	242	247	250
1A_SB	15	d	178	186	197	200	204	209	216	221	227	231	235	243	248	/
1A_SB	16	a	192	199	207	211	215	220	227	230	236	239	242	251	256	260
1A_SB	16	d	194	200	209	213	217	222	228	231	237	240	243	252	257	/
1A_SB	17	a	216	223	232	236	240	243	248	252	258	262	266	275	280	284
1A_SB	17	d	218	225	233	237	241	244	249	253	259	264	267	276	281	/
1A_SB	18	a	226	233	242	245	248	251	256	260	266	271	275	283	288	292
1A_SB	18	d	228	235	243	246	249	252	258	262	268	273	276	284	289	/
1A_SB	19	a	233	240	248	251	254	258	263	267	273	278	282	291	297	302
1A_SB	19	d	235	241	249	252	255	259	265	269	275	280	284	293	299	/
1A_SB	20	a	241	248	256	259	263	267	272	275	282	286	289	298	303	307
1A_SB	20	d	243	249	257	261	264	268	273	276	283	287	290	299	304	/
1A_SB	21	a	250	257	268	271	275	279	284	287	294	297	301	309	314	318
1A_SB	21	d	252	259	269	273	276	280	285	288	295	299	302	310	315	/
1A_SB	22	a	255	263	273	276	280	285	292	295	302	306	309	317	323	327
1A_SB	22	d	257	264	274	278	282	287	293	296	303	307	310	318	324	/
1A_SB	23	a	265	273	281	285	289	292	298	301	307	311	315	324	331	334
1A_SB	23	d	267	275	283	287	290	293	299	302	308	313	317	326	332	/
1A_SB	24	a	288	294	302	305	308	311	317	320	325	328	331	341	347	351
1A_SB	24	d	289	295	303	306	309	312	318	321	326	329	332	342	349	/
1A_SB	25	a	294	301	308	312	315	319	326	329	335	339	342	352	359	363
1A_SB	25	d	296	302	310	313	317	320	327	331	337	340	343	353	361	/
1A_SB	26	a	313	320	328	333	337	341	347	352	357	362	366	374	381	385
1A_SB	26	d	315	321	330	334	339	342	349	353	359	364	367	376	382	/
1A_SB	27	a	343	348	357	362	366	370	377	382	387	392	395	403	409	414
1A_SB	27	d	344	350	359	364	368	372	379	383	389	393	396	405	411	/
1A_SB	28	a	370	375	386	391	396	400	407	410	416	419	423	433	439	443
1A_SB	28	d	371	377	388	393	398	402	408	411	417	420	424	434	440	/
1A_SB	29	a	399	405	414	418	423	426	433	437	445	448	452	461	467	471
1A_SB	29	d	400	407	416	420	424	428	435	439	446	449	454	462	468	/
1A_SB	30	a	423	429	440	444	447	450	457	460	466	470	475	484	490	493
1A_SB	30	d	424	431	441	445	448	452	458	462	468	472	477	486	491	/
1A_SB	31	a	453	459	468	472	476	480	486	489	496	501	505	515	520	523
1A_SB	31	d	454	461	470	473	478	482	487	491	498	502	507	516	521	/
1A_SB	32	a	480	487	496	500	503	507	513	516	521	525	528	538	543	546
1A_SB	32	d	481	488	497	501	504	508	514	517	522	526	529	539	544	/
1A_NB	1	a	16	20	25	33	39	42	47	51	58	61	65	68	75	79
1A_NB	1	d	17	21	26	34	40	43	48	52	59	62	66	69	76	/
1A_NB	2	a	31	35	40	48	54	57	63	67	73	77	80	83	89	93
1A_NB	2	d	32	36	41	49	55	58	64	68	74	78	81	84	90	/
1A_NB	3	a	38	42	48	56	63	67	74	78	85	89	93	96	103	107
1A_NB	3	d	39	44	50	58	65	69	75	80	86	90	94	97	104	/
1A_NB	4	a	48	52	58	65	71	75	80	84	91	95	99	102	110	116
1A_NB	4	d	49	53	59	66	73	76	81	86	92	96	100	104	112	/
1A_NB	5	a	53	57	64	72	79	83	89	94	100	104	107	111	118	124
1A_NB	5	d	54	59	66	74	81	85	91	95	101	105	109	112	120	/
1A_NB	6	a	71	75	81	90	97	101	106	110	116	120	124	128	136	141
1A_NB	6	d	72	77	83	92	98	102	107	111	117	122	126	130	137	/
1A_NB	7	a	76	81	87	95	102	107	113	118	124	129	133	137	145	150
1A_NB	7	d	77	83	88	97	104	109	115	120	126	131	135	138	146	/
1A_NB	8	a	94	98	104	112	119	123	128	132	138	143	148	152	162	167
1A_NB	8	d	95	99	106	114	121	124	130	134	140	145	150	153	164	/
1A_NB	9	a	100	105	110	118	124	128	134	139	144	149	153	157	168	173
1A_NB	9	d	102	106	112	120	126	130	136	140	146	150	155	159	169	/
1A_NB	10	a	111	117	123	131	136	139	144	148	153	156	160	163	172	178
1A_NB	10	d	113	119	124	132	137	140	145	149	154	157	161	165	174	/
1A_NB	11	a	118	123	129	138	144	147	152	156	162	165	169	172	181	188
1A_NB	11	d	120	125	131	139	145	148	153	157	163	166	170	174	183	/
1A_NB	12	a	143	148	155	163	169	173	178	182	189	192	196	199	206	212
1A_NB	12	d	145	150	156	165	171	174	179	183	190	193	197	200	207	/
1A_NB	13	a	153	157	164	170	175	178	184	188	195	199	204	208	218	224
1A_NB	13	d	154	159	165	171	176	180	185	189	197	201	206	210	219	/
1A_NB	14	a	165	170	176	182	188	192	197	202	208	213	217	221	230	237
1A_NB	14	d	166	172	177	183	189	193	199	203	210	215	218	222	231	/
1A_NB	15	a	171	176	182	188	194	197	203	207	214	219	223	227	236	244
1A_NB	15	d	172	178	183	189	195	198	204	209	216	221	225	229	238	/
1A_NB	16	a	189	194	200	208	215	218	223	227	234	238	241	245	252	258
1A_NB	16	d	190	195	202	210	216	219	224	228	235	239	243	246	254	/
1A_NB	17	a	218	222	228	234	240	244	249	254	261	265	268	271	277	283
1A_NB	17	d	219	224	229	235	241	245	251	255	262	266	269	272	278	/
1A_NB	18	a	240	245	251	258	264	269	276	280	286	289	294	297	304	310
1A_NB	18	d	242	247	253	260	266	271	278	281	287	291	295	298	305	/
1A_NB	19	a	263	268	275	284	291	294	299	302	310	313	316	320	327	333
1A_NB	19	d	265	270	277	286	292	295	300	304	311	314	318	322	329	/
1A_NB	20	a	289	295	300	307	312	315	321	324	329	332	336	339	346	352
1A_NB	20	d	291	296	301	308	313	316	322	325	330	333	337	340	348	/
1A_NB	21	a	314	318	324	332	339	342	348	352	358	361	364	367	377	382
1A_NB	21	d	315	319	326	334	340	343	349	353	359	362	365	369	378	/
1A_NB	22	a	344	348	354	362	368	372	377	381	388	391	394	397	404	409
1A_NB	22	d	345	349	355	363	369	373	378	382	389	392	395	398	405	/
1A_NB	23	a	349	353	359	366	373	378	383	387	394	397	400	403	410	415
1A_NB	23	d	350	354	360	368	375	379	384	388	395	398	401	404	411	/
1A_NB	24	a	355	359	365	373	379	383	388	392	399	402	405	409	417	422
1A_NB	24	d	356	361	367	375	380	384	389	393	400	403	406	410	418	/
1A_NB	25	a	360	364	370	378	384	388	393	397	404	407	410	414	422	426
1A_NB	25	d	361	366	372	380	385	389	394	398	405	408	411	415	423	/
1A_NB	26	a	365	369	375	383	389	392	398	402	409	412	415	419	428	432
1A_NB	26	d	366	371	377	385	390	394	399	403	410	413	416	420	429	/
1A_NB	27	a	370	374	380	388	394	397	403	407	414	417	420	423	433	437
1A_NB	27	d	371	376	382	390	395	399	404	408	415	418	421	425	434	/
1A_NB	28	a	399	404	409	417	423	427	433	437	442	445	449	452	460	466
1A_NB	28	d	400	405	411	419	425	428	434	438	443	446	450	454	461	/
1A_NB	29	a	429	434	439	447	453	457	461	464	469	473	477	482	489	495
1A_NB	29	d	430	435	441	448	454	458	462	465	470	474	479	484	491	/
1A_NB	30	a	459	463	470	476	481	484	490	493	499	502	505	508	515	521
1A_NB	30	d	460	465	471	477	482	485	491	494	500	503	506	510	516	/
1A_NB	31	a	483	487	493	500	505	510	514	518	523	526	530	534	542	550
1A_NB	31	d	484	488	494	501	507	511	515	519	524	528	532	536	544	/
1A_NB	32	a	513	517	522	530	535	538	543	547	553	557	561	564	573	579
1A_NB	32	d	514	518	523	531	536	539	544	548	554	558	562	565	574	/
2A_NB	1	a	14	17	21	26	28	32	37	40	43	53	59	62	64	67	71	74	77	79	83	87	91	94	98	104
2A_NB	1	d	15	18	22	27	29	33	38	41	44	54	60	63	65	68	72	75	78	80	84	88	92	95	99	/
2A_NB	2	a	19	22	26	31	34	37	42	45	49	60	65	68	70	73	77	80	83	85	89	92	96	99	103	109
2A_NB	2	d	20	23	27	32	35	38	43	46	50	61	66	69	71	75	78	81	84	86	90	93	97	100	104	/
2A_NB	3	a	24	27	31	37	40	43	48	51	55	66	71	74	77	81	84	87	90	92	96	99	103	106	109	116
2A_NB	3	d	25	28	32	38	41	44	49	52	56	67	72	75	78	82	85	88	91	93	97	100	104	107	110	/
2A_NB	4	a	29	33	37	43	46	49	55	58	62	73	78	81	84	88	91	94	97	99	103	106	110	114	117	124
2A_NB	4	d	30	34	38	44	47	50	56	59	63	74	79	82	85	89	92	95	98	100	104	107	111	115	118	/
2A_NB	5	a	34	38	42	48	50	54	60	64	67	78	83	86	89	92	96	99	102	104	108	112	116	120	123	130
2A_NB	5	d	35	39	43	49	52	55	61	65	68	79	84	87	90	94	97	100	103	105	109	113	117	121	124	/
2A_NB	6	a	39	43	47	52	55	59	65	69	72	83	88	91	94	97	101	104	108	110	114	118	122	126	129	136
2A_NB	6	d	40	45	48	54	57	60	66	70	73	84	89	92	95	99	102	105	109	111	115	119	123	127	130	/
2A_NB	7	a	46	49	52	57	60	64	70	74	78	88	93	96	99	102	106	108	113	115	119	123	127	131	134	142
2A_NB	7	d	47	50	53	59	62	65	71	75	79	89	94	97	100	104	107	110	114	116	120	124	128	132	135	/
2A_NB	8	a	62	65	68	74	76	80	86	89	92	101	106	108	110	115	118	120	123	125	129	133	137	140	143	151
2A_NB	8	d	63	66	69	75	78	82	87	90	93	102	107	109	112	116	119	121	124	126	130	134	138	141	144	/
2A_NB	9	a	68	72	75	81	83	86	91	94	97	106	111	114	116	121	124	127	130	132	136	140	144	147	151	161
2A_NB	9	d	70	73	76	82	84	87	92	95	98	107	113	115	118	122	125	128	131	133	137	141	145	149	153	/
2A_NB	10	a	79	83	87	93	95	98	103	106	109	118	123	127	129	132	135	138	141	143	147	151	155	159	162	171
2A_NB	10	d	80	84	88	94	96	99	104	107	110	119	125	128	130	133	136	139	142	144	148	152	156	160	163	/
2A_NB	11	a	92	95	99	103	105	109	114	119	123	131	138	141	143	146	150	152	157	160	164	167	171	175	178	185
2A_NB	11	d	93	96	100	104	107	110	116	121	125	133	140	142	144	147	151	154	158	161	165	168	172	176	179	/
2A_NB	12	a	98	101	106	111	113	116	121	125	129	137	144	146	148	151	154	157	162	165	168	172	176	180	184	192
2A_NB	12	d	99	103	107	112	114	117	123	127	131	139	145	147	149	152	156	159	163	166	170	173	177	181	185	/
2A_NB	13	a	121	125	129	135	138	142	148	152	156	165	173	175	178	181	184	187	191	194	198	201	205	208	213	220
2A_NB	13	d	122	126	131	137	140	144	150	154	158	166	174	176	179	182	185	188	192	195	199	202	206	210	214	/
2A_NB	14	a	151	154	159	166	168	173	179	183	186	195	201	204	206	210	214	216	219	221	226	230	234	238	242	250
2A_NB	14	d	152	156	161	167	170	174	180	184	188	196	202	205	207	211	215	217	220	223	228	232	236	240	243	/
2A_NB	15	a	181	184	189	195	198	202	208	213	216	225	231	233	235	238	242	245	248	250	254	259	264	268	271	279
2A_NB	15	d	182	186	190	197	200	204	210	214	217	226	232	234	236	239	243	246	249	251	256	261	266	269	273	/
2A_NB	16	a	189	192	196	202	204	207	213	218	221	230	237	240	243	247	251	254	258	260	263	267	271	275	278	285
2A_NB	16	d	190	193	197	203	205	209	215	219	222	232	239	241	244	248	252	255	259	261	264	268	272	276	279	/
2A_NB	17	a	194	197	201	207	209	213	218	223	226	236	242	245	248	252	256	259	263	265	268	272	276	280	283	290
2A_NB	17	d	195	198	202	208	210	214	220	224	228	237	244	246	249	253	257	260	264	266	269	273	277	281	284	/
2A_NB	18	a	199	202	206	212	215	219	224	228	232	241	248	250	253	257	261	264	268	270	273	276	281	285	289	296
2A_NB	18	d	200	203	207	213	216	220	225	229	233	242	249	251	254	258	262	265	269	271	274	278	282	286	290	/
2A_NB	19	a	204	207	211	217	220	224	230	235	240	247	255	258	261	264	268	271	274	276	279	282	287	290	294	301
2A_NB	19	d	205	208	212	218	221	225	232	237	241	249	256	259	262	265	269	272	275	277	280	284	288	291	295	/
2A_NB	20	a	209	213	216	223	226	231	238	243	247	255	262	265	268	271	275	278	281	283	286	290	294	297	302	309
2A_NB	20	d	210	214	218	225	228	233	240	245	249	257	263	266	269	272	276	279	282	284	287	291	295	299	303	/
2A_NB	21	a	214	218	222	229	232	237	244	249	253	260	267	270	273	276	280	283	286	288	292	296	300	304	307	314
2A_NB	21	d	215	220	224	231	234	239	246	251	254	262	268	271	274	277	281	284	287	289	293	297	301	305	308	/
2A_NB	22	a	227	230	235	240	243	248	254	258	262	271	279	282	285	289	292	295	299	301	305	309	312	316	320	329
2A_NB	22	d	228	232	236	242	245	249	255	259	263	272	280	283	286	290	293	296	300	302	306	310	313	317	321	/
2A_NB	23	a	257	260	265	270	273	278	283	288	292	301	307	309	313	317	321	323	326	329	333	336	340	344	347	355
2A_NB	23	d	258	262	266	272	275	279	285	289	293	302	308	311	314	318	322	324	327	330	334	337	341	345	348	/
2A_NB	24	a	286	290	294	300	304	307	314	317	321	330	337	340	343	346	351	353	356	358	362	366	369	372	375	382
2A_NB	24	d	287	291	296	302	305	309	315	318	323	332	338	341	344	348	352	354	357	359	363	367	370	373	377	/
2A_NB	25	a	316	319	324	331	334	338	343	346	351	360	367	369	372	376	380	383	386	388	392	396	399	402	405	412
2A_NB	25	d	317	321	326	332	335	339	344	348	353	362	368	371	373	377	381	384	387	389	393	397	400	403	407	/
2A_NB	26	a	346	349	354	360	364	367	372	376	380	391	397	400	402	406	409	412	416	418	422	426	429	432	436	443
2A_NB	26	d	347	351	356	362	365	368	374	378	382	392	398	401	403	407	410	413	417	419	423	427	430	433	437	/
2A_NB	27	a	376	380	384	391	393	396	403	407	411	420	425	428	430	433	436	438	442	446	449	452	455	459	463	470
2A_NB	27	d	377	381	385	392	394	397	404	408	412	421	426	429	431	434	437	440	444	447	450	453	457	461	464	/
2A_NB	28	a	406	409	414	419	421	425	431	435	439	447	453	457	459	462	465	469	473	475	479	482	486	490	493	500
2A_NB	28	d	407	411	415	420	423	426	432	436	440	448	455	458	460	463	467	470	474	476	480	483	487	491	494	/
2A_NB	29	a	436	440	444	449	451	455	461	464	468	477	484	486	488	491	496	499	502	504	507	510	514	517	521	527
2A_NB	29	d	437	441	445	450	452	456	462	465	469	478	485	487	489	493	497	500	503	505	508	511	515	518	522	/
2A_NB	30	a	466	470	474	479	481	485	490	494	497	506	512	515	518	522	526	528	532	534	537	540	543	547	550	557
2A_NB	30	d	467	471	475	480	482	486	491	495	498	507	513	516	519	523	527	529	533	535	538	541	544	548	551	/
2A_NB	31	a	483	487	491	497	500	504	510	514	518	528	535	538	541	544	547	550	554	556	559	562	565	569	572	580
2A_NB	31	d	484	488	492	498	501	505	511	515	519	529	536	539	542	545	548	551	555	557	560	563	566	570	573	/
2A_NB	32	a	497	501	504	510	513	517	523	527	530	539	545	547	549	552	555	557	561	563	566	569	572	575	578	586
2A_NB	32	d	498	502	505	511	514	518	524	528	531	540	546	548	550	553	556	558	562	564	567	570	573	576	579	/
2A_SB	1	a	12	18	23	27	32	36	40	44	48	53	58	61	66	70	74	82	87	91	95	101	103	107	111	115	123
2A_SB	1	d	13	19	25	29	34	38	42	45	50	55	60	63	68	72	75	83	88	93	96	102	104	108	112	116	/
2A_SB	2	a	37	42	48	53	57	60	63	67	72	77	82	85	90	95	99	106	112	116	120	127	130	136	141	144	155
2A_SB	2	d	38	44	50	55	59	62	65	69	74	79	84	87	92	96	100	107	113	117	121	129	132	138	142	145	/
2A_SB	3	a	53	59	66	70	73	77	81	86	91	95	100	103	107	110	114	123	129	132	135	140	143	147	151	155	163
2A_SB	3	d	54	61	68	71	75	79	83	88	93	97	102	105	108	111	115	124	130	133	136	141	144	148	152	156	/
2A_SB	4	a	64	69	76	79	83	86	89	94	99	103	108	111	115	119	123	133	141	144	148	153	155	159	163	167	176
2A_SB	4	d	65	71	77	80	84	87	91	96	101	105	110	113	117	120	125	135	142	146	149	154	156	160	165	168	/
2A_SB	5	a	79	85	90	93	97	99	103	108	113	118	122	124	128	131	135	143	150	153	156	161	163	167	170	173	182
2A_SB	5	d	81	86	91	95	98	101	105	110	115	120	123	125	129	132	136	144	151	154	157	162	164	168	171	174	/
2A_SB	6	a	93	100	105	109	114	117	121	124	127	131	134	136	140	144	148	156	163	166	170	175	178	182	185	189	198
2A_SB	6	d	95	101	107	111	116	119	122	125	128	132	135	137	141	145	149	157	164	167	171	176	180	183	186	190	/
2A_SB	7	a	107	113	119	123	127	130	133	136	139	143	147	149	152	157	162	171	179	184	188	194	197	201	204	208	217
2A_SB	7	d	109	114	120	124	128	131	134	137	140	145	148	150	154	159	163	172	181	185	189	195	198	202	205	209	/
2A_SB	8	a	118	123	130	134	137	140	142	146	150	154	158	161	164	167	170	180	187	191	195	202	205	209	212	216	228
2A_SB	8	d	119	124	131	135	138	141	143	148	151	156	159	162	165	168	172	182	188	192	196	203	206	210	213	217	/
2A_SB	9	a	126	131	138	141	145	149	152	156	160	164	167	169	172	175	178	187	194	198	202	209	212	216	220	224	235
2A_SB	9	d	127	132	139	143	147	151	154	157	161	165	168	170	173	176	179	189	195	199	203	210	213	218	221	226	/
2A_SB	10	a	143	149	154	158	163	166	169	172	175	178	181	183	186	190	195	202	208	212	216	222	226	230	234	237	247
2A_SB	10	d	144	150	156	160	165	167	170	173	176	179	182	184	188	192	197	204	209	213	218	224	227	231	235	238	/
2A_SB	11	a	154	160	165	170	173	175	178	181	185	189	192	194	197	200	204	210	217	220	225	230	232	237	242	246	256
2A_SB	11	d	155	161	167	171	174	176	179	182	186	190	193	195	198	201	205	212	218	222	226	231	234	239	244	248	/
2A_SB	12	a	161	167	174	179	183	187	191	195	198	202	205	208	211	214	218	225	231	235	239	245	247	252	257	260	269
2A_SB	12	d	162	169	176	181	185	189	193	196	199	203	207	209	212	215	219	226	232	236	240	246	248	254	258	261	/
2A_SB	13	a	171	176	182	186	190	194	198	202	205	209	214	217	222	226	230	237	243	247	250	256	258	262	267	271	282
2A_SB	13	d	172	177	183	188	192	196	200	203	206	211	216	219	224	227	231	238	244	248	251	257	259	264	269	273	/
2A_SB	14	a	183	189	195	199	203	206	209	212	215	218	222	224	228	231	235	243	249	253	256	262	264	268	273	278	289
2A_SB	14	d	184	191	196	200	204	207	210	213	216	219	223	225	229	232	237	244	250	254	257	263	265	270	275	280	/
2A_SB	15	a	200	204	209	213	218	220	222	225	228	232	236	239	242	246	249	256	262	267	270	276	278	282	286	290	299
2A_SB	15	d	201	205	210	215	219	221	223	226	229	233	237	240	243	247	251	257	264	268	271	277	279	283	287	291	/
2A_SB	16	a	213	219	224	227	230	232	234	237	240	244	248	250	253	257	260	267	273	276	279	285	287	291	295	299	310
2A_SB	16	d	215	220	225	228	231	233	235	238	241	245	249	251	254	258	261	268	274	277	280	286	288	292	296	300	/
2A_SB	17	a	218	224	230	233	236	238	240	243	246	250	254	256	259	263	266	273	280	283	286	290	293	298	303	306	318
2A_SB	17	d	220	225	231	234	237	239	241	244	247	251	255	257	260	264	267	275	281	284	287	292	295	300	304	308	/
2A_SB	18	a	227	234	240	243	246	248	251	254	257	261	265	267	270	274	278	286	293	297	301	306	308	312	316	319	328
2A_SB	18	d	229	235	241	244	247	249	252	255	258	262	266	268	271	275	279	287	294	298	302	307	309	313	317	320	/
2A_SB	19	a	234	240	245	248	251	253	256	259	262	266	270	272	275	279	283	291	298	302	306	311	313	317	322	325	334
2A_SB	19	d	235	241	246	249	252	254	257	260	263	267	271	273	276	280	284	292	299	303	307	312	314	319	323	326	/
2A_SB	20	a	243	249	254	257	262	264	267	270	273	276	280	282	285	288	291	300	306	310	314	320	323	328	332	335	343
2A_SB	20	d	244	250	255	259	263	265	268	271	274	277	281	283	286	289	292	301	308	311	315	321	324	329	333	336	/
2A_SB	21	a	249	255	260	263	267	270	272	276	279	282	286	288	292	295	298	306	312	315	319	325	328	333	336	340	349
2A_SB	21	d	250	256	261	264	269	271	274	277	280	283	287	289	293	296	300	307	313	316	320	326	329	334	338	342	/
2A_SB	22	a	262	268	275	278	282	284	286	289	292	296	300	302	306	310	313	320	326	330	335	341	344	349	353	356	366
2A_SB	22	d	263	270	276	280	283	285	287	290	293	297	301	303	307	311	315	321	328	332	336	342	346	350	354	358	/
2A_SB	23	a	268	274	280	283	288	291	293	296	299	303	307	309	313	317	320	326	332	336	341	347	350	354	358	361	371
2A_SB	23	d	269	275	281	285	289	292	294	297	300	304	308	310	315	318	321	327	333	338	342	348	351	355	359	363	/
2A_SB	24	a	274	279	285	289	293	296	298	301	305	309	313	315	319	322	325	331	336	341	346	352	355	360	363	367	376
2A_SB	24	d	275	280	287	290	294	297	299	302	306	310	314	316	320	323	326	332	338	343	347	353	357	361	364	368	/
2A_SB	25	a	293	298	306	310	315	318	320	324	327	332	335	339	343	346	350	358	365	369	373	379	381	385	390	394	404
2A_SB	25	d	294	300	307	312	316	319	321	325	329	333	337	340	344	347	351	359	366	370	374	380	382	387	391	395	/
2A_SB	26	a	323	328	335	340	345	347	350	353	357	361	365	368	372	375	379	386	392	395	400	408	411	416	420	424	432
2A_SB	26	d	324	330	337	342	346	348	351	354	358	362	367	370	373	376	380	387	393	397	402	409	412	417	421	425	/
2A_SB	27	a	353	358	365	368	371	373	377	381	384	389	392	395	399	404	408	415	422	425	429	435	439	444	448	451	460
2A_SB	27	d	354	360	366	369	372	375	378	382	386	390	393	397	401	406	409	417	423	427	430	437	440	445	449	452	/
2A_SB	28	a	382	388	394	397	401	404	407	411	414	418	422	425	429	433	437	445	452	456	459	466	469	473	477	480	489
2A_SB	28	d	383	390	395	398	402	405	408	412	416	420	423	427	431	435	439	447	453	457	460	467	470	474	478	481	/
2A_SB	29	a	411	417	424	427	430	434	437	440	443	447	452	454	459	463	467	476	482	485	488	495	498	502	506	509	520
2A_SB	29	d	412	419	425	428	432	435	438	441	445	449	453	456	461	465	468	477	483	486	489	496	499	503	507	510	/
2A_SB	30	a	441	448	453	456	461	463	466	469	473	478	481	485	489	493	497	504	510	514	517	523	526	530	534	537	546
2A_SB	30	d	442	449	454	458	462	465	467	471	475	479	483	486	490	495	498	505	511	515	518	524	527	531	535	538	/
2A_SB	31	a	471	476	482	487	491	494	496	500	504	508	512	515	518	521	524	531	539	542	546	552	555	560	563	566	576
2A_SB	31	d	472	478	484	488	492	495	497	501	505	509	513	516	519	522	525	532	540	543	547	553	556	561	564	568	/
2A_SB	32	a	501	507	513	516	519	521	523	527	531	535	538	540	543	546	549	554	560	563	568	574	577	582	585	588	597
2A_SB	32	d	502	508	514	517	520	522	524	528	532	536	539	541	544	547	550	555	561	564	569	575	578	583	586	589	/
3A_SB	1	a	23	28	31	35	39	42	45	49	53	56	60	63	66	73	76
3A_SB	1	d	24	29	32	37	40	43	46	50	54	57	61	64	67	74	/
3A_SB	2	a	43	49	54	59	64	68	71	74	79	81	86	90	93	99	104
3A_SB	2	d	44	51	56	61	66	69	72	76	80	82	87	91	94	101	/
3A_SB	3	a	66	72	76	81	86	90	94	99	104	106	110	114	117	122	126
3A_SB	3	d	67	74	78	83	88	92	96	101	105	107	111	115	118	123	/
3A_SB	4	a	90	95	98	102	105	109	112	115	119	121	126	129	132	138	141
3A_SB	4	d	91	96	99	103	107	110	113	116	120	122	127	130	133	139	/
3A_SB	5	a	96	101	104	107	111	115	118	123	127	129	134	137	140	146	149
3A_SB	5	d	97	102	105	109	113	116	120	125	128	130	135	138	141	147	/
3A_SB	6	a	102	107	111	115	119	122	124	128	132	135	142	146	150	156	160
3A_SB	6	d	103	108	113	117	120	123	125	130	134	137	144	148	152	157	/
3A_SB	7	a	122	128	133	137	141	143	146	149	153	155	160	163	167	172	175
3A_SB	7	d	123	130	134	138	142	144	147	150	154	156	161	164	168	173	/
3A_SB	8	a	128	134	137	142	146	148	151	155	159	161	167	171	175	181	185
3A_SB	8	d	129	135	139	143	147	149	152	156	160	163	169	172	177	183	/
3A_SB	9	a	136	142	146	150	154	156	159	163	167	169	173	176	180	187	191
3A_SB	9	d	137	144	147	151	155	157	160	164	168	170	174	177	182	189	/
3A_SB	10	a	144	150	154	158	162	164	168	171	175	177	181	184	187	193	196
3A_SB	10	d	145	152	155	159	163	166	169	172	176	178	182	185	188	194	/
3A_SB	11	a	151	157	160	165	168	171	175	178	182	184	189	192	195	201	205
3A_SB	11	d	152	158	162	166	170	173	176	180	183	185	190	193	196	202	/
3A_SB	12	a	166	171	175	179	184	187	190	195	200	202	207	210	213	218	221
3A_SB	12	d	167	173	177	181	186	189	192	197	201	203	208	211	214	219	/
3A_SB	13	a	177	182	187	192	196	199	201	204	209	211	216	220	223	228	231
3A_SB	13	d	178	184	189	193	198	200	202	206	210	212	217	221	224	229	/
3A_SB	14	a	195	200	205	209	212	214	217	220	224	226	230	233	236	241	245
3A_SB	14	d	196	202	206	210	213	215	218	221	225	227	231	234	237	243	/
3A_SB	15	a	201	206	211	216	220	223	226	230	234	236	240	243	246	252	256
3A_SB	15	d	202	208	213	218	222	224	227	232	235	237	241	244	247	254	/
3A_SB	16	a	209	214	219	223	226	229	231	236	239	242	246	249	252	258	262
3A_SB	16	d	210	216	220	224	227	230	233	237	240	243	247	250	253	259	/
3A_SB	17	a	222	227	232	237	240	244	248	252	256	259	263	266	269	275	278
3A_SB	17	d	223	229	233	238	242	246	250	254	257	260	264	267	270	276	/
3A_SB	18	a	235	241	245	249	252	255	257	261	264	267	271	274	279	285	288
3A_SB	18	d	236	242	246	250	253	256	258	262	265	268	272	276	280	286	/
3A_SB	19	a	243	249	253	257	260	262	264	268	271	273	278	281	285	292	295
3A_SB	19	d	244	250	255	258	261	263	265	269	272	274	279	282	286	293	/
3A_SB	20	a	251	257	261	265	268	270	273	278	283	285	291	294	297	305	309
3A_SB	20	d	252	258	263	266	269	271	275	280	284	286	292	295	299	306	/
3A_SB	21	a	258	263	268	271	274	277	280	284	288	291	297	300	303	310	314
3A_SB	21	d	259	265	269	272	275	278	281	285	289	292	298	301	304	311	/
3A_SB	22	a	267	272	277	281	284	287	289	292	296	299	304	307	310	317	321
3A_SB	22	d	268	274	278	282	285	288	290	293	297	300	305	308	311	318	/
3A_SB	23	a	272	277	282	286	291	294	296	299	303	305	310	313	316	322	326
3A_SB	23	d	273	279	283	288	292	295	297	300	304	306	311	314	317	323	/
3A_SB	24	a	289	294	299	304	308	312	315	320	324	326	330	333	336	342	346
3A_SB	24	d	290	296	301	306	310	314	317	322	325	327	331	334	337	344	/
3A_SB	25	a	311	317	322	326	329	332	334	338	342	345	351	355	359	365	368
3A_SB	25	d	312	319	323	327	330	333	335	339	343	347	353	357	360	366	/
3A_SB	26	a	320	326	330	333	337	341	343	347	351	353	359	363	367	373	376
3A_SB	26	d	321	327	331	335	339	342	345	348	352	355	361	364	368	374	/
3A_SB	27	a	350	355	359	364	367	370	373	376	381	383	389	393	396	403	406
3A_SB	27	d	351	357	361	365	369	372	374	378	382	385	391	394	398	404	/
3A_SB	28	a	380	385	390	394	397	400	403	406	411	414	419	423	427	433	436
3A_SB	28	d	381	387	391	395	399	402	404	408	412	415	421	424	428	434	/
3A_SB	29	a	410	415	420	424	427	430	433	436	441	444	450	453	456	462	466
3A_SB	29	d	411	417	421	425	429	432	434	438	442	445	451	454	457	464	/
3A_SB	30	a	440	446	449	453	457	460	463	467	470	473	479	483	486	491	494
3A_SB	30	d	441	447	451	455	459	462	464	468	472	475	480	484	487	492	/
3A_SB	31	a	470	475	480	483	487	491	493	497	500	503	509	512	515	519	523
3A_SB	31	d	471	477	481	485	489	492	494	498	502	505	510	513	516	521	/
3A_SB	32	a	500	506	510	514	518	521	523	527	531	534	538	541	544	550	553
3A_SB	32	d	501	507	511	515	519	522	524	528	532	535	539	542	545	551	/
3A_NB	1	a	20	24	28	31	35	40	44	47	50	55	59	63	67	70	75	79	82
3A_NB	1	d	21	25	29	33	37	42	45	48	52	56	60	64	68	71	76	80	/
3A_NB	2	a	43	47	51	55	58	62	66	70	74	79	83	86	90	92	96	100	103
3A_NB	2	d	44	48	52	56	60	64	68	72	76	80	84	87	91	93	97	101	/
3A_NB	3	a	65	68	72	77	81	86	90	95	99	104	108	112	115	118	122	125	129
3A_NB	3	d	66	69	74	79	83	88	92	97	101	105	109	113	116	119	123	126	/
3A_NB	4	a	73	76	80	84	87	92	97	102	106	113	117	121	124	127	132	135	139
3A_NB	4	d	74	77	82	85	89	94	99	104	108	114	118	122	125	129	133	136	/
3A_NB	5	a	84	87	91	96	100	104	108	112	115	121	125	129	132	135	139	143	148
3A_NB	5	d	85	88	93	98	102	105	109	113	116	122	126	130	133	136	140	145	/
3A_NB	6	a	95	98	102	107	110	114	119	123	126	131	135	139	143	147	151	155	158
3A_NB	6	d	96	100	104	108	111	116	120	124	128	132	136	140	145	148	152	156	/
3A_NB	7	a	104	108	111	116	119	124	128	132	136	140	144	148	152	154	158	162	166
3A_NB	7	d	105	109	113	117	121	126	129	134	137	141	145	149	153	155	159	164	/
3A_NB	8	a	115	119	123	127	131	135	139	144	148	153	156	160	163	165	170	173	178
3A_NB	8	d	116	121	125	129	132	137	141	146	150	154	157	161	164	166	171	175	/
3A_NB	9	a	142	145	149	153	157	161	165	168	171	176	179	182	185	187	192	196	200
3A_NB	9	d	143	147	150	154	159	162	166	169	172	177	180	183	186	188	193	197	/
3A_NB	10	a	147	150	154	159	163	168	172	175	179	183	186	189	192	194	199	203	207
3A_NB	10	d	148	152	156	160	165	169	173	177	180	184	187	190	193	195	200	204	/
3A_NB	11	a	154	157	160	165	168	173	177	181	184	188	192	196	200	202	208	212	216
3A_NB	11	d	155	158	162	166	170	174	179	183	185	190	194	197	201	204	209	213	/
3A_NB	12	a	163	166	170	174	178	182	187	192	195	201	204	208	212	214	219	223	227
3A_NB	12	d	164	168	172	176	179	184	189	194	197	202	205	209	213	215	220	224	/
3A_NB	13	a	174	178	183	186	191	194	199	202	205	210	214	218	221	224	228	232	235
3A_NB	13	d	175	180	184	188	192	195	200	203	206	211	215	219	223	225	229	233	/
3A_NB	14	a	190	193	197	202	205	208	213	216	219	223	227	230	234	237	241	245	249
3A_NB	14	d	191	194	199	203	206	209	214	218	220	224	228	231	235	238	242	247	/
3A_NB	15	a	204	207	210	215	218	222	226	229	231	236	240	243	246	249	254	257	261
3A_NB	15	d	205	208	212	217	220	223	227	230	232	237	241	244	247	250	255	259	/
3A_NB	16	a	210	214	217	221	224	228	231	234	236	241	244	248	251	254	259	262	266
3A_NB	16	d	211	215	218	223	225	229	232	235	237	242	246	249	252	255	260	264	/
3A_NB	17	a	218	222	226	230	234	238	241	246	249	254	258	262	266	269	273	277	281
3A_NB	17	d	219	224	228	232	235	239	243	248	251	255	259	263	267	270	274	278	/
3A_NB	18	a	232	235	239	244	247	250	253	257	260	265	269	273	276	278	282	286	290
3A_NB	18	d	233	237	241	245	248	251	254	259	262	266	270	274	277	279	283	287	/
3A_NB	19	a	238	241	245	250	253	256	259	263	266	271	274	278	281	283	287	290	295
3A_NB	19	d	239	243	247	251	254	257	260	265	268	272	275	279	282	285	288	292	/
3A_NB	20	a	244	247	250	255	258	261	264	268	272	276	279	283	286	289	293	296	300
3A_NB	20	d	245	248	252	256	259	262	265	270	273	277	280	284	288	291	294	297	/
3A_NB	21	a	249	252	255	260	263	266	270	274	278	283	286	289	294	296	299	302	305
3A_NB	21	d	250	253	257	261	264	268	272	276	280	284	287	291	295	297	300	303	/
3A_NB	22	a	256	259	263	268	271	275	279	282	286	291	295	298	302	304	308	311	314
3A_NB	22	d	257	261	265	269	273	277	280	284	288	292	296	299	303	305	309	312	/
3A_NB	23	a	262	265	268	273	277	280	284	289	292	296	300	304	307	309	313	316	320
3A_NB	23	d	263	266	270	274	278	282	286	290	293	297	301	305	308	310	314	317	/
3A_NB	24	a	268	271	274	278	283	287	291	296	299	303	307	311	314	317	321	324	328
3A_NB	24	d	269	272	275	280	285	289	293	297	300	304	308	312	315	318	322	325	/
3A_NB	25	a	280	283	288	291	296	300	304	309	313	319	322	326	330	333	337	340	344
3A_NB	25	d	281	285	289	293	298	302	306	311	315	320	323	327	331	334	338	341	/
3A_NB	26	a	294	298	302	306	310	314	317	322	326	331	334	338	342	345	350	353	358
3A_NB	26	d	295	300	304	308	311	315	319	324	327	332	335	339	343	347	351	355	/
3A_NB	27	a	299	303	307	311	315	318	322	327	331	336	339	343	347	351	356	359	363
3A_NB	27	d	300	305	309	313	316	320	324	329	333	337	340	344	349	353	357	360	/
3A_NB	28	a	318	322	327	331	334	339	343	347	349	353	357	362	366	369	373	378	382
3A_NB	28	d	319	324	329	332	336	341	345	348	350	355	359	364	368	370	375	380	/
3A_NB	29	a	331	335	339	343	346	350	353	357	359	365	368	373	376	379	383	387	390
3A_NB	29	d	332	336	340	344	347	351	355	358	361	366	370	374	378	380	384	388	/
3A_NB	30	a	361	365	368	372	376	379	383	387	390	394	399	403	407	409	413	417	420
3A_NB	30	d	362	366	370	374	377	381	385	388	391	396	400	404	408	410	414	418	/
3A_NB	31	a	391	394	399	403	406	410	414	417	420	425	428	431	434	437	442	445	449
3A_NB	31	d	392	396	400	404	407	411	415	418	421	426	429	432	435	438	443	446	/
3A_NB	32	a	396	399	404	407	412	416	420	423	426	431	434	437	441	444	449	453	457
3A_NB	32	d	397	401	405	409	413	417	421	424	427	432	435	438	442	445	450	454	/
