RouteID	RunID	Arrivals/Departures	TimePerStop
1A_SB	1	a	14	21	29	32	35	40	42	46	50	54	57	60	64	74	80	85
1A_SB	1	d	15	22	30	33	36	41	43	48	52	55	58	61	65	76	82	/
1A_SB	2	a	37	43	51	54	59	65	68	74	77	82	86	90	93	102	106	110
1A_SB	2	d	38	44	53	56	60	67	70	75	79	84	88	91	94	103	107	/
1A_SB	3	a	52	57	66	70	75	79	83	89	93	96	100	103	106	117	122	125
1A_SB	3	d	53	59	68	72	76	81	85	90	94	97	101	104	108	118	123	/
1A_SB	4	a	60	65	75	78	81	85	88	93	98	102	107	111	116	126	131	134
1A_SB	4	d	61	66	76	79	82	86	90	95	100	104	109	113	117	127	132	/
1A_SB	5	a	66	71	82	86	90	96	99	103	107	110	115	119	123	132	137	141
1A_SB	5	d	67	73	84	88	92	98	100	104	108	112	117	120	124	133	138	/
1A_SB	6	a	81	87	96	99	103	109	113	119	124	128	132	136	140	150	156	159
1A_SB	6	d	82	89	98	101	105	111	115	121	126	129	133	137	142	151	157	/
1A_SB	7	a	103	108	118	121	125	132	135	140	145	149	154	158	162	173	179	183
1A_SB	7	d	104	110	120	123	127	134	137	142	147	151	156	160	164	175	181	/
1A_SB	8	a	116	122	132	134	138	145	149	154	159	162	166	169	173	181	186	190
1A_SB	8	d	118	123	133	136	140	147	151	156	160	163	167	170	174	182	188	/
1A_SB	9	a	127	134	142	145	148	154	156	160	164	167	171	174	178	186	192	196
1A_SB	9	d	129	135	143	146	149	155	157	161	165	168	172	175	179	188	194	/
1A_SB	10	a	132	139	148	152	155	161	163	167	170	173	177	180	184	195	202	207
1A_SB	10	d	134	141	150	153	156	162	164	168	171	174	178	182	186	197	204	/
1A_SB	11	a	163	169	177	180	183	188	190	194	197	200	204	208	212	220	225	228
1A_SB	11	d	164	171	178	181	184	189	191	195	198	201	205	209	213	221	226	/
1A_SB	12	a	182	187	194	198	201	207	210	214	217	220	223	226	229	237	243	246
1A_SB	12	d	183	189	196	199	202	209	211	215	218	221	224	227	230	238	244	/
1A_SB	13	a	188	193	202	206	209	216	219	223	226	230	233	237	240	248	254	258
1A_SB	13	d	189	195	204	207	211	218	220	224	227	231	235	238	241	249	255	/
1A_SB	14	a	199	204	213	215	218	225	227	231	234	238	243	248	252	260	267	272
1A_SB	14	d	200	206	214	216	220	226	228	232	235	240	245	249	253	262	269	/
1A_SB	15	a	206	211	221	223	226	231	234	239	244	248	252	256	259	268	275	279
1A_SB	15	d	207	212	222	224	227	233	236	241	246	249	253	257	261	270	277	/
1A_SB	16	a	227	232	240	243	247	254	257	263	268	272	276	279	284	294	299	303
1A_SB	16	d	228	234	242	245	249	256	259	265	270	273	277	281	285	295	301	/
1A_SB	17	a	238	245	253	255	259	266	269	275	280	283	288	292	296	307	313	317
1A_SB	17	d	240	246	254	256	261	268	270	277	281	285	290	294	298	308	315	/
1A_SB	18	a	253	259	268	270	274	280	284	289	293	297	302	306	311	322	327	330
1A_SB	18	d	255	261	269	272	276	282	285	291	295	299	304	308	313	323	328	/
1A_SB	19	a	284	289	298	300	304	310	313	318	321	325	330	334	337	344	350	353
1A_SB	19	d	285	291	299	302	306	312	315	319	323	327	332	335	338	345	351	/
1A_SB	20	a	300	306	315	318	323	330	333	339	344	348	351	355	359	369	375	379
1A_SB	20	d	301	308	317	320	325	332	335	341	346	349	353	356	360	371	376	/
1A_SB	21	a	316	322	331	333	336	342	345	351	355	359	362	366	369	380	386	390
1A_SB	21	d	317	324	332	334	338	344	347	352	357	360	364	367	371	381	387	/
1A_SB	22	a	322	328	339	341	345	351	354	360	364	368	371	374	378	388	395	398
1A_SB	22	d	323	330	340	343	346	353	356	362	366	369	372	376	380	390	396	/
1A_SB	23	a	343	349	360	364	368	375	379	384	388	391	395	398	402	410	416	420
1A_SB	23	d	344	351	362	366	370	377	381	385	389	392	396	399	403	411	417	/
1A_SB	24	a	365	372	381	383	386	391	394	398	402	405	408	411	415	426	431	435
1A_SB	24	d	367	374	382	384	387	392	395	399	403	406	409	413	417	427	433	/
1A_SB	25	a	374	380	389	391	395	400	404	409	414	418	423	427	432	440	445	448
1A_SB	25	d	375	381	390	392	396	402	405	411	416	420	425	429	433	441	446	/
1A_SB	26	a	403	409	418	421	424	428	431	436	440	444	448	451	454	462	467	470
1A_SB	26	d	404	411	419	422	425	429	432	437	441	445	449	452	455	463	468	/
1A_SB	27	a	421	427	434	437	441	446	449	453	457	460	464	467	471	480	484	488
1A_SB	27	d	422	428	436	438	442	447	450	454	458	461	465	468	472	481	485	/
1A_SB	28	a	430	436	443	445	449	456	460	464	467	471	475	478	482	492	497	500
1A_SB	28	d	431	437	444	446	451	458	461	465	468	472	476	479	483	494	498	/
1A_SB	29	a	436	442	450	453	457	464	466	472	475	479	482	485	489	499	504	507
1A_SB	29	d	437	444	451	454	459	465	468	473	476	480	483	486	490	500	505	/
1A_SB	30	a	442	448	456	460	464	470	473	479	484	488	492	496	500	509	515	519
1A_SB	30	d	443	450	458	461	465	472	475	481	486	490	494	498	502	511	516	/
1A_SB	31	a	463	469	478	481	484	490	493	497	502	506	511	515	519	529	534	537
1A_SB	31	d	464	470	480	482	485	491	494	499	504	508	513	516	520	530	535	/
1A_SB	32	a	477	484	493	496	501	507	510	515	520	523	528	531	535	546	551	556
1A_SB	32	d	479	486	495	498	502	509	511	517	521	525	529	533	536	547	553	/
1A_SB	33	a	488	493	501	504	509	514	516	521	526	530	535	539	544	553	559	563
1A_SB	33	d	489	494	503	506	510	515	517	523	527	532	537	541	546	555	561	/
1A_SB	34	a	493	498	507	510	515	521	524	528	531	536	541	545	549	558	564	568
1A_SB	34	d	494	500	509	512	517	523	525	529	533	538	543	546	551	560	566	/
1A_SB	35	a	503	509	520	524	529	535	538	543	546	549	553	556	560	570	575	578
1A_SB	35	d	504	510	522	526	530	537	540	544	547	550	554	558	561	571	576	/
1A_SB	36	a	510	517	529	532	537	544	546	550	554	558	563	567	571	581	587	592
1A_SB	36	d	511	519	531	534	539	545	547	552	556	560	565	569	573	583	589	/
1A_SB	37	a	518	525	535	538	542	549	551	555	560	564	569	574	579	588	594	598
1A_SB	37	d	519	527	537	540	544	550	552	557	562	566	571	576	580	589	595	/
1A_SB	38	a	526	531	541	544	548	555	558	564	568	571	576	581	585	593	599	603
1A_SB	38	d	527	533	543	546	550	557	560	565	569	573	578	582	586	594	600	/
1A_SB	39	a	536	541	549	552	556	563	566	572	576	580	584	589	592	600	605	609
1A_SB	39	d	537	543	551	554	558	565	568	573	577	581	586	590	593	601	606	/
1A_SB	40	a	541	547	554	557	562	568	571	576	581	586	591	596	599	608	614	618
1A_SB	40	d	542	548	556	559	563	570	573	578	583	588	593	597	600	610	615	/
1A_SB	41	a	553	559	568	570	575	581	583	587	591	594	598	602	605	614	619	624
1A_SB	41	d	554	560	569	572	576	582	584	588	592	595	599	603	606	615	621	/
1A_SB	42	a	566	572	579	583	588	593	595	600	604	607	611	615	618	627	632	635
1A_SB	42	d	567	573	581	585	589	594	596	601	605	608	612	616	619	628	633	/
1A_SB	43	a	582	588	598	602	605	609	611	615	618	621	625	629	633	642	648	652
1A_SB	43	d	583	590	600	603	606	610	612	616	619	622	627	630	634	643	649	/
1A_SB	44	a	587	594	603	607	610	614	617	622	625	629	634	638	643	653	659	662
1A_SB	44	d	588	595	605	608	611	616	619	623	627	631	636	640	645	654	660	/
1A_SB	45	a	593	600	609	612	615	620	622	627	631	635	640	644	648	658	665	668
1A_SB	45	d	594	601	610	613	616	621	624	629	633	637	642	646	650	660	666	/
1A_SB	46	a	623	628	637	639	643	650	652	656	660	665	670	674	678	688	694	698
1A_SB	46	d	624	630	638	640	645	651	653	657	662	667	672	676	680	690	695	/
1A_SB	47	a	643	649	658	661	664	669	672	677	680	683	687	691	695	703	708	712
1A_SB	47	d	644	651	660	662	665	670	673	678	681	684	688	692	696	704	709	/
1A_SB	48	a	672	678	687	689	693	699	702	706	709	712	716	719	723	732	737	740
1A_SB	48	d	673	679	688	690	694	700	703	707	710	713	717	720	724	733	738	/
1A_SB	49	a	700	706	715	718	722	728	730	734	738	741	744	747	750	759	765	769
1A_SB	49	d	701	708	717	720	723	729	731	735	739	742	745	748	751	760	766	/
1A_SB	50	a	708	714	722	725	729	736	738	744	748	751	755	759	763	772	778	782
1A_SB	50	d	709	715	724	727	731	737	740	745	749	752	756	760	764	773	779	/
1A_SB	51	a	738	744	753	756	760	766	769	774	778	781	784	789	792	801	806	809
1A_SB	51	d	739	745	754	757	761	767	770	775	779	782	786	790	793	802	807	/
1A_SB	52	a	743	749	760	763	767	772	775	780	784	787	790	794	797	805	811	816
1A_SB	52	d	744	750	761	764	768	773	776	781	785	788	791	795	798	807	813	/
1A_SB	53	a	748	754	765	767	771	777	780	785	789	792	795	798	802	811	818	823
1A_SB	53	d	749	755	766	769	773	778	781	786	790	793	796	800	804	813	820	/
1A_SB	54	a	773	779	787	790	794	801	805	810	815	819	823	826	829	839	844	848
1A_SB	54	d	774	780	789	792	796	803	807	812	816	820	824	827	830	840	846	/
1A_SB	55	a	803	808	817	820	824	831	835	841	845	849	852	855	858	866	871	875
1A_SB	55	d	804	810	819	822	826	833	837	842	846	850	853	856	859	867	872	/
1A_SB	56	a	824	830	837	839	843	850	853	859	862	865	868	871	874	883	888	891
1A_SB	56	d	825	831	838	841	845	852	855	860	863	866	869	872	875	884	889	/
1A_SB	57	a	829	835	842	845	848	855	859	864	867	870	875	879	883	892	898	902
1A_SB	57	d	830	836	843	846	850	857	860	865	868	872	877	881	885	894	900	/
1A_SB	58	a	841	847	856	860	864	870	873	878	883	888	892	895	899	908	913	916
1A_SB	58	d	842	849	858	862	866	872	875	880	885	889	893	896	900	909	914	/
1A_SB	59	a	870	875	883	887	891	898	902	907	911	914	917	921	925	935	940	943
1A_SB	59	d	871	877	885	889	893	900	903	908	912	915	918	922	926	936	941	/
1A_SB	60	a	896	901	911	914	917	922	925	930	935	939	943	947	950	960	964	968
1A_SB	60	d	897	903	912	915	918	923	927	932	937	941	945	948	951	961	965	/
1A_SB	61	a	926	931	940	942	946	952	954	958	961	965	969	974	978	988	993	997
1A_SB	61	d	927	933	941	943	947	953	955	959	963	966	971	976	980	990	995	/
1A_SB	62	a	956	962	970	972	975	981	984	988	991	994	998	1001	1005	1015	1020	1023
1A_SB	62	d	957	963	971	973	976	982	985	989	992	995	999	1002	1006	1016	1021	/
1A_SB	63	a	974	979	989	992	996	1001	1004	1009	1013	1016	1019	1022	1025	1035	1040	1044
1A_SB	63	d	975	980	990	993	997	1002	1005	1010	1014	1017	1020	1023	1026	1036	1041	/
1A_SB	64	a	990	995	1002	1005	1008	1013	1015	1020	1024	1028	1031	1034	1038	1047	1052	1056
1A_SB	64	d	991	996	1003	1006	1009	1014	1016	1021	1025	1029	1032	1035	1039	1048	1053	/
1A_NB	1	a	16	21	26	33	38	42	46	49	52	57	60	64	67	71	79	84
1A_NB	1	d	17	22	27	34	39	43	47	50	53	58	61	65	68	72	80	/
1A_NB	2	a	21	26	31	39	44	48	52	55	58	63	66	70	73	77	85	90
1A_NB	2	d	22	27	32	40	45	49	53	56	59	64	67	71	74	78	86	/
1A_NB	3	a	25	31	38	47	53	57	61	64	68	74	79	84	87	91	98	104
1A_NB	3	d	27	33	40	49	54	58	62	65	70	76	80	86	88	92	99	/
1A_NB	4	a	55	61	66	73	78	82	86	89	93	99	103	109	113	117	125	130
1A_NB	4	d	57	62	68	74	79	83	87	90	95	101	105	111	114	119	126	/
1A_NB	5	a	61	67	73	80	86	90	94	97	101	106	110	115	118	123	131	137
1A_NB	5	d	63	69	75	81	87	91	95	98	102	108	111	116	120	124	133	/
1A_NB	6	a	66	72	78	85	92	96	101	105	110	118	121	126	130	135	144	151
1A_NB	6	d	68	74	80	87	94	98	103	107	112	119	122	128	132	136	146	/
1A_NB	7	a	97	101	107	114	121	125	130	135	140	147	151	156	160	163	172	178
1A_NB	7	d	98	103	108	116	123	127	132	137	142	148	152	158	161	165	174	/
1A_NB	8	a	123	127	133	142	148	152	157	160	163	167	170	175	178	182	189	195
1A_NB	8	d	124	129	135	144	150	154	158	161	164	168	171	176	179	183	190	/
1A_NB	9	a	135	140	146	155	159	163	168	171	176	181	185	189	192	197	204	210
1A_NB	9	d	137	141	148	156	161	165	169	173	177	182	186	191	194	199	205	/
1A_NB	10	a	165	170	176	184	190	194	198	202	205	211	214	220	223	226	234	239
1A_NB	10	d	167	171	178	185	191	195	199	203	207	212	216	221	224	227	235	/
1A_NB	11	a	184	189	194	200	205	209	214	218	222	226	229	233	235	239	246	252
1A_NB	11	d	186	190	195	201	206	210	215	219	223	227	230	234	236	240	247	/
1A_NB	12	a	189	194	201	207	212	216	222	227	232	237	240	245	247	251	258	263
1A_NB	12	d	191	196	202	208	213	218	224	229	233	238	241	246	248	252	259	/
1A_NB	13	a	215	220	225	234	239	243	247	250	254	259	263	268	272	276	283	289
1A_NB	13	d	217	221	227	235	240	244	248	251	255	261	265	270	273	277	284	/
1A_NB	14	a	229	234	240	249	255	259	264	267	272	278	283	289	292	296	305	311
1A_NB	14	d	231	235	242	251	257	261	265	269	274	280	285	290	293	298	307	/
1A_NB	15	a	243	248	253	262	268	272	277	281	285	290	293	298	301	306	313	320
1A_NB	15	d	245	249	255	264	270	274	279	283	286	291	294	299	303	308	315	/
1A_NB	16	a	249	253	258	267	273	277	282	286	290	295	298	304	306	311	318	325
1A_NB	16	d	250	254	260	269	275	279	284	288	291	296	300	305	308	313	320	/
1A_NB	17	a	264	268	274	282	289	294	298	302	307	314	318	322	325	329	336	342
1A_NB	17	d	265	270	275	284	291	296	300	304	309	316	319	324	326	330	337	/
1A_NB	18	a	289	295	301	309	316	320	325	329	334	340	344	348	350	354	362	367
1A_NB	18	d	291	297	303	311	318	322	326	331	336	342	345	349	351	355	363	/
1A_NB	19	a	300	305	310	317	323	327	331	336	341	347	351	355	358	363	371	376
1A_NB	19	d	302	306	311	318	325	328	333	338	343	349	352	357	360	364	372	/
1A_NB	20	a	306	311	317	326	332	335	339	343	347	354	358	362	365	370	378	383
1A_NB	20	d	308	313	319	327	333	336	340	344	349	356	359	364	367	371	379	/
1A_NB	21	a	329	333	338	345	350	355	359	363	368	375	379	385	388	393	400	405
1A_NB	21	d	330	334	339	346	352	357	361	365	370	377	381	387	390	394	401	/
1A_NB	22	a	334	338	344	351	357	362	367	371	376	381	385	391	395	399	406	413
1A_NB	22	d	335	340	346	353	359	364	369	373	378	383	387	393	396	400	408	/
1A_NB	23	a	341	345	351	358	365	370	375	379	384	389	392	398	402	407	417	424
1A_NB	23	d	342	346	353	360	367	372	377	381	386	390	394	400	404	409	419	/
1A_NB	24	a	365	369	375	383	389	393	397	402	407	414	419	424	427	431	440	447
1A_NB	24	d	366	370	377	384	390	395	399	404	409	416	421	426	428	432	442	/
1A_NB	25	a	393	398	404	411	417	422	427	431	436	442	447	452	455	459	466	471
1A_NB	25	d	395	400	406	412	419	424	429	433	438	444	449	454	456	460	467	/
1A_NB	26	a	412	418	425	432	438	443	448	453	457	464	468	473	475	479	488	494
1A_NB	26	d	414	420	427	434	440	445	450	455	459	466	469	474	476	481	489	/
1A_NB	27	a	424	429	435	444	451	456	460	464	467	474	478	483	486	490	498	503
1A_NB	27	d	426	430	437	446	453	457	461	465	469	476	479	484	487	491	499	/
1A_NB	28	a	454	458	465	474	481	486	489	493	497	503	507	511	513	517	525	531
1A_NB	28	d	455	460	467	476	483	487	491	494	499	505	508	512	514	519	527	/
1A_NB	29	a	472	476	483	492	496	499	503	507	511	517	520	524	528	531	538	543
1A_NB	29	d	473	478	485	493	497	500	504	508	512	518	521	526	529	532	539	/
1A_NB	30	a	482	486	492	501	507	511	515	518	522	528	531	535	538	541	549	555
1A_NB	30	d	483	488	494	503	509	513	516	519	523	529	532	536	539	542	550	/
1A_NB	31	a	497	502	508	516	523	527	531	534	538	543	547	553	557	562	570	575
1A_NB	31	d	499	504	510	518	524	528	532	535	540	545	549	555	559	563	571	/
1A_NB	32	a	502	507	513	521	528	533	537	540	545	550	554	560	564	569	577	582
1A_NB	32	d	504	509	515	523	530	534	538	542	547	552	556	562	566	570	578	/
1A_NB	33	a	527	533	540	548	554	557	561	564	568	573	577	582	584	588	597	602
1A_NB	33	d	529	535	542	549	555	558	562	565	569	574	578	583	585	589	598	/
1A_NB	34	a	533	539	545	553	559	562	566	569	573	578	582	587	590	594	603	608
1A_NB	34	d	535	540	547	554	560	563	567	571	574	579	583	589	591	595	604	/
1A_NB	35	a	548	553	561	568	574	579	583	587	591	596	600	605	609	614	622	628
1A_NB	35	d	550	555	562	570	576	581	585	589	593	598	602	607	611	616	624	/
1A_NB	36	a	554	559	567	575	580	585	590	594	598	604	608	613	616	621	628	633
1A_NB	36	d	556	561	569	576	582	587	592	596	600	605	610	615	618	622	629	/
1A_NB	37	a	577	582	587	595	601	605	609	613	617	622	625	630	632	636	643	648
1A_NB	37	d	579	583	588	596	602	606	610	614	618	623	626	631	633	637	644	/
1A_NB	38	a	583	587	593	601	606	610	614	617	622	627	630	634	637	641	648	654
1A_NB	38	d	584	588	594	602	607	611	615	619	623	628	631	636	638	642	649	/
1A_NB	39	a	588	592	598	606	611	615	619	622	627	632	635	639	642	646	653	659
1A_NB	39	d	589	593	599	607	612	616	620	624	628	633	636	641	643	647	654	/
1A_NB	40	a	593	597	603	611	616	620	624	627	632	637	640	644	647	651	658	664
1A_NB	40	d	594	598	604	612	617	621	625	629	633	638	641	646	648	652	659	/
1A_NB	41	a	598	602	608	616	622	626	630	633	636	642	646	652	655	660	668	674
1A_NB	41	d	599	603	609	617	623	627	631	634	638	644	648	654	657	662	670	/
1A_NB	42	a	603	607	613	621	627	631	635	638	641	647	652	657	660	665	673	679
1A_NB	42	d	604	608	614	622	628	632	636	639	643	649	653	659	662	667	675	/
1A_NB	43	a	608	612	618	627	633	637	641	644	647	652	657	662	665	670	678	684
1A_NB	43	d	609	613	619	628	634	638	642	645	648	654	658	664	667	672	680	/
1A_NB	44	a	613	617	623	632	637	642	646	649	652	657	662	667	670	675	684	689
1A_NB	44	d	614	618	624	633	639	643	647	650	653	659	663	669	672	677	685	/
1A_NB	45	a	617	622	628	637	642	647	650	654	657	663	667	673	676	680	689	695
1A_NB	45	d	619	623	629	638	644	648	652	655	659	665	669	675	678	682	690	/
1A_NB	46	a	623	627	633	641	647	652	655	659	662	668	672	678	681	685	694	700
1A_NB	46	d	624	628	635	643	649	653	657	660	664	670	674	680	683	687	695	/
1A_NB	47	a	628	632	638	646	653	657	660	665	668	673	677	683	686	690	698	705
1A_NB	47	d	629	633	640	648	654	658	662	666	669	675	679	685	688	692	700	/
1A_NB	48	a	634	638	645	651	658	662	667	671	674	680	683	689	692	697	705	712
1A_NB	48	d	635	640	646	653	659	664	668	672	676	681	685	690	694	699	707	/
1A_NB	49	a	664	669	675	681	687	692	696	700	704	709	713	718	722	726	735	741
1A_NB	49	d	665	670	676	683	689	694	698	702	706	711	715	720	724	728	737	/
1A_NB	50	a	692	697	703	712	718	722	725	730	733	739	744	748	750	756	764	770
1A_NB	50	d	693	699	705	713	719	723	727	731	735	741	745	749	752	757	765	/
1A_NB	51	a	721	725	732	740	747	750	755	760	763	769	774	778	781	785	793	799
1A_NB	51	d	722	727	734	742	748	752	757	761	765	771	775	779	782	786	794	/
1A_NB	52	a	750	755	762	770	776	781	785	789	794	800	804	808	811	815	823	829
1A_NB	52	d	751	756	763	772	778	782	787	791	795	801	805	809	812	816	824	/
1A_NB	53	a	780	785	790	799	806	810	815	819	823	827	830	835	838	843	851	857
1A_NB	53	d	781	786	792	801	808	812	817	821	824	828	832	837	840	844	852	/
1A_NB	54	a	810	814	820	829	834	838	841	844	847	852	856	860	863	868	876	882
1A_NB	54	d	811	816	822	830	835	839	842	845	848	853	857	862	865	870	877	/
1A_NB	55	a	839	843	850	858	863	867	870	873	876	882	886	891	894	898	906	911
1A_NB	55	d	840	844	851	859	864	868	871	874	878	883	887	892	895	900	907	/
1A_NB	56	a	869	873	879	886	892	896	900	903	907	912	915	919	921	925	932	937
1A_NB	56	d	870	874	880	887	893	897	901	904	908	913	916	920	922	926	933	/
1A_NB	57	a	885	890	896	903	909	913	916	920	923	929	932	937	939	943	951	956
1A_NB	57	d	886	891	897	904	910	914	917	921	924	930	933	938	940	944	952	/
1A_NB	58	a	897	902	909	916	921	926	929	932	937	943	946	951	954	958	966	973
1A_NB	58	d	898	904	910	917	923	927	930	934	938	944	948	952	955	959	968	/
1A_NB	59	a	914	919	924	931	937	941	944	947	951	957	961	966	968	972	979	985
1A_NB	59	d	915	920	925	932	938	942	945	948	952	958	962	967	969	973	980	/
1A_NB	60	a	927	932	938	946	951	954	958	961	965	970	973	978	981	984	990	995
1A_NB	60	d	928	933	939	947	952	955	959	962	966	971	974	979	982	985	991	/
1A_NB	61	a	941	945	950	957	962	966	971	975	980	985	989	995	998	1002	1009	1015
1A_NB	61	d	942	946	952	958	963	968	972	977	981	986	991	997	1000	1003	1010	/
1A_NB	62	a	956	960	966	973	978	982	986	989	993	998	1001	1007	1010	1015	1023	1029
1A_NB	62	d	957	962	967	974	979	983	987	990	994	999	1003	1009	1012	1017	1025	/
1A_NB	63	a	974	978	985	992	998	1001	1005	1009	1013	1018	1022	1026	1028	1032	1039	1044
1A_NB	63	d	975	979	986	993	999	1002	1006	1010	1014	1019	1023	1027	1029	1033	1040	/
1A_NB	64	a	991	995	1001	1008	1014	1018	1022	1026	1030	1035	1038	1042	1044	1049	1056	1061
1A_NB	64	d	992	996	1002	1009	1015	1019	1023	1027	1031	1036	1039	1043	1045	1050	1057	/
2A_NB	1	a	16	20	25	27	30	33	38	41	45	53	56	62	65	67	71	76	80	84	88	91	98	101
2A_NB	1	d	17	21	26	28	31	34	39	42	46	54	57	63	66	68	72	77	81	85	89	92	99	/
2A_NB	2	a	21	25	30	33	36	39	44	47	50	58	61	68	71	73	77	83	87	91	94	97	104	108
2A_NB	2	d	22	26	31	34	37	40	45	48	51	59	62	69	72	74	78	84	88	92	95	98	105	/
2A_NB	3	a	26	30	35	38	41	45	52	55	58	66	71	78	80	82	87	94	98	102	106	111	119	122
2A_NB	3	d	27	31	36	39	43	47	53	56	59	68	72	79	81	84	89	96	100	104	108	113	120	/
2A_NB	4	a	47	51	57	61	64	68	76	81	85	93	98	104	106	108	112	118	122	126	129	132	140	144
2A_NB	4	d	48	52	59	62	66	70	78	82	87	95	99	105	107	109	113	119	123	127	130	133	141	/
2A_NB	5	a	52	56	62	65	69	73	81	86	91	98	103	109	111	113	117	123	127	131	134	138	145	149
2A_NB	5	d	53	57	64	67	71	75	83	88	92	100	104	110	112	114	118	124	128	132	135	139	146	/
2A_NB	6	a	57	61	67	70	74	78	86	91	95	103	107	114	116	118	122	127	132	136	139	143	150	154
2A_NB	6	d	58	62	69	72	76	80	88	93	97	105	109	115	117	119	123	129	133	137	140	144	151	/
2A_NB	7	a	63	66	73	77	80	84	92	97	101	109	113	120	123	125	129	134	137	141	145	149	157	161
2A_NB	7	d	64	68	75	78	82	86	94	99	103	111	115	121	124	126	130	135	138	143	146	150	158	/
2A_NB	8	a	89	92	99	102	105	108	114	118	122	129	133	140	143	146	150	155	160	164	169	172	181	185
2A_NB	8	d	90	94	100	104	106	110	115	120	124	131	135	142	145	148	151	157	161	166	170	174	183	/
2A_NB	9	a	116	119	125	129	133	137	144	148	152	160	163	170	172	174	178	184	187	191	196	200	208	212
2A_NB	9	d	117	121	127	131	135	138	145	150	153	161	165	171	173	175	179	185	189	193	198	202	210	/
2A_NB	10	a	146	149	155	159	163	167	174	177	180	187	190	196	199	201	205	212	217	222	226	230	238	242
2A_NB	10	d	147	151	157	161	164	168	175	178	181	188	191	197	200	203	207	214	219	223	228	232	240	/
2A_NB	11	a	172	175	180	184	187	190	198	202	206	213	218	225	227	229	233	240	244	248	252	256	264	268
2A_NB	11	d	173	176	182	185	188	192	199	203	207	215	219	226	228	230	234	241	245	250	253	258	265	/
2A_NB	12	a	196	200	206	209	212	216	223	227	230	238	242	249	253	257	261	267	270	273	277	281	290	294
2A_NB	12	d	197	202	208	211	214	218	225	228	232	240	244	251	255	258	262	268	271	274	278	282	291	/
2A_NB	13	a	201	205	211	215	217	221	228	232	235	243	247	254	258	262	267	274	279	283	287	291	297	301
2A_NB	13	d	202	207	213	216	219	223	230	233	237	245	249	256	260	264	269	276	281	285	288	292	298	/
2A_NB	14	a	206	210	217	220	222	226	233	237	240	249	252	259	263	267	272	280	284	288	292	296	302	305
2A_NB	14	d	207	212	218	221	224	228	235	238	242	250	254	261	265	269	274	281	286	290	293	297	303	/
2A_NB	15	a	216	220	227	230	233	237	244	249	253	261	264	270	272	274	278	285	289	293	297	301	308	311
2A_NB	15	d	217	222	229	232	235	239	246	251	255	262	265	271	273	275	279	286	291	295	298	302	309	/
2A_NB	16	a	224	228	234	236	238	242	249	254	258	266	269	276	278	280	284	290	294	298	303	307	314	318
2A_NB	16	d	225	229	235	237	240	244	251	256	260	267	270	277	279	281	285	291	296	300	304	308	315	/
2A_NB	17	a	229	233	239	242	245	248	255	259	263	271	274	281	283	285	288	295	299	304	308	312	319	323
2A_NB	17	d	230	234	240	243	246	250	257	261	265	272	275	282	284	286	290	296	301	305	309	313	320	/
2A_NB	18	a	234	238	244	247	250	253	260	264	268	275	279	286	289	291	294	300	304	309	313	317	325	329
2A_NB	18	d	235	239	245	248	251	255	262	266	270	277	280	287	290	292	295	301	306	310	314	318	326	/
2A_NB	19	a	243	247	253	256	259	263	270	275	279	286	291	298	301	304	307	312	316	320	324	327	335	339
2A_NB	19	d	244	249	255	257	261	265	272	277	281	288	293	300	302	305	308	313	317	321	325	328	336	/
2A_NB	20	a	260	263	270	274	278	282	290	295	299	308	313	319	321	323	326	332	336	340	345	350	358	362
2A_NB	20	d	261	265	272	276	280	284	292	297	301	310	315	320	322	324	327	333	337	342	347	352	360	/
2A_NB	21	a	287	290	297	301	305	308	316	321	326	333	337	343	346	348	352	357	361	365	369	373	381	385
2A_NB	21	d	288	292	299	303	306	310	318	323	328	335	338	344	347	349	353	359	363	367	371	375	382	/
2A_NB	22	a	310	313	320	323	325	329	334	337	341	348	351	357	360	362	366	373	378	381	384	387	394	397
2A_NB	22	d	311	315	321	324	327	330	335	338	342	349	352	358	361	363	368	375	379	382	385	388	395	/
2A_NB	23	a	315	319	325	328	331	334	339	342	346	354	357	363	365	367	372	379	384	388	393	396	403	408
2A_NB	23	d	316	320	326	330	332	335	340	343	347	355	358	364	366	369	374	381	386	390	394	398	405	/
2A_NB	24	a	322	326	332	336	339	343	350	355	358	366	370	375	379	381	384	388	392	396	401	405	414	418
2A_NB	24	d	323	327	334	338	341	345	352	356	359	367	371	377	380	382	385	389	394	398	403	407	415	/
2A_NB	25	a	352	355	362	365	369	374	381	384	387	394	399	404	406	408	412	418	422	426	431	436	444	448
2A_NB	25	d	353	357	363	367	371	375	382	385	389	396	400	405	407	409	413	419	424	428	433	437	445	/
2A_NB	26	a	382	385	391	395	398	403	409	413	417	424	427	433	436	438	442	447	452	456	460	463	470	474
2A_NB	26	d	383	387	393	396	400	404	411	414	418	425	428	434	437	439	443	449	454	458	461	464	472	/
2A_NB	27	a	405	409	416	418	421	426	435	440	445	452	456	463	465	467	471	477	480	483	486	489	496	499
2A_NB	27	d	406	411	417	420	423	428	437	442	446	454	458	464	466	468	472	478	481	484	487	490	497	/
2A_NB	28	a	422	426	433	436	438	442	450	453	457	465	469	476	479	482	487	495	500	504	508	512	520	524
2A_NB	28	d	423	428	435	437	440	444	451	454	458	466	471	478	481	484	489	497	502	506	510	513	522	/
2A_NB	29	a	449	452	458	462	464	467	474	477	482	490	494	499	502	504	507	513	517	521	525	528	535	539
2A_NB	29	d	450	453	460	463	465	469	475	479	483	491	495	500	503	505	508	515	518	523	526	529	536	/
2A_NB	30	a	463	466	471	474	476	479	486	490	493	501	505	510	512	515	518	524	528	531	534	537	544	548
2A_NB	30	d	464	467	472	475	477	480	487	491	494	502	506	511	513	516	519	525	529	532	535	538	545	/
2A_NB	31	a	477	480	486	489	492	496	503	507	510	519	523	528	530	532	536	541	544	547	550	554	562	565
2A_NB	31	d	478	481	487	490	493	497	504	508	511	520	524	529	531	533	537	542	545	548	551	555	563	/
2A_NB	32	a	482	485	491	494	497	500	508	512	515	524	527	534	536	538	542	548	551	554	558	562	570	573
2A_NB	32	d	483	486	492	495	498	502	509	513	516	525	529	535	537	539	543	549	552	555	559	563	571	/
2A_NB	33	a	487	490	496	498	502	505	513	517	520	529	532	539	541	543	546	553	556	559	563	567	575	578
2A_NB	33	d	488	491	497	500	503	507	514	518	521	530	534	540	542	544	548	554	557	560	564	568	576	/
2A_NB	34	a	492	495	500	503	507	511	517	522	525	533	537	544	546	548	551	558	561	564	568	572	579	583
2A_NB	34	d	493	496	502	505	509	513	519	523	527	535	539	545	547	549	553	559	562	565	569	573	581	/
2A_NB	35	a	497	501	506	508	512	516	522	527	531	538	542	549	551	553	556	564	567	570	573	576	584	589
2A_NB	35	d	498	502	507	510	514	518	524	528	532	540	544	550	552	554	558	565	568	571	574	578	586	/
2A_NB	36	a	502	506	511	514	517	521	527	531	536	543	547	554	557	559	562	569	573	576	579	582	589	594
2A_NB	36	d	503	507	512	515	519	523	529	533	537	545	549	555	558	560	563	570	574	577	580	583	591	/
2A_NB	37	a	520	524	529	531	535	539	545	548	553	561	565	571	574	576	580	585	590	594	598	602	609	613
2A_NB	37	d	521	525	530	533	536	540	546	550	554	563	566	572	575	577	581	587	591	595	599	603	610	/
2A_NB	38	a	550	553	559	562	565	568	575	578	583	590	593	600	603	606	610	616	620	624	627	630	637	640
2A_NB	38	d	551	555	560	563	566	570	576	580	584	591	595	601	604	607	611	617	621	625	628	631	638	/
2A_NB	39	a	580	584	589	592	595	598	605	609	612	620	623	630	633	635	638	645	649	653	656	660	667	671
2A_NB	39	d	581	585	590	593	596	600	606	610	613	621	625	631	634	636	640	646	650	654	657	661	668	/
2A_NB	40	a	610	614	619	622	625	629	635	639	642	650	654	660	662	665	669	675	678	681	685	689	696	699
2A_NB	40	d	611	615	620	623	626	630	636	640	643	651	655	661	663	666	670	676	679	682	686	690	697	/
2A_NB	41	a	626	629	635	639	642	646	652	657	661	669	673	680	682	684	689	695	698	701	705	709	716	719
2A_NB	41	d	627	631	637	641	643	647	654	658	663	670	675	681	683	686	690	696	699	703	706	710	717	/
2A_NB	42	a	644	647	651	654	656	660	666	670	673	680	684	690	692	695	699	705	709	712	715	719	726	730
2A_NB	42	d	645	648	652	655	657	661	667	671	674	681	685	691	693	696	700	706	710	713	716	720	727	/
2A_NB	43	a	662	665	670	672	675	679	684	687	690	697	700	706	708	711	715	721	725	729	732	736	744	748
2A_NB	43	d	663	666	671	673	676	680	685	688	691	698	701	707	709	712	716	722	726	730	733	737	745	/
2A_NB	44	a	675	678	683	685	687	691	697	701	705	711	714	719	721	724	728	735	739	742	746	749	756	760
2A_NB	44	d	676	679	684	686	688	692	698	702	706	712	715	720	722	725	729	736	740	743	747	750	757	/
2A_NB	45	a	693	697	702	705	708	712	718	722	725	732	735	741	744	747	752	758	762	766	770	774	782	786
2A_NB	45	d	694	698	703	706	709	713	719	723	726	733	736	742	745	748	753	759	763	767	771	775	783	/
2A_NB	46	a	711	714	721	724	727	731	738	742	747	754	757	764	767	769	773	780	785	789	793	796	804	808
2A_NB	46	d	712	716	722	725	729	733	740	744	748	755	758	766	768	771	774	782	786	791	794	798	805	/
2A_NB	47	a	726	729	735	738	740	744	750	753	757	764	768	774	776	778	781	789	793	797	801	804	811	815
2A_NB	47	d	727	730	736	739	741	745	751	754	758	765	769	775	777	779	782	790	794	798	802	805	812	/
2A_NB	48	a	731	734	740	743	745	749	756	759	763	770	774	780	783	785	789	797	801	805	809	813	821	825
2A_NB	48	d	732	735	741	744	746	750	757	760	764	771	775	781	784	786	790	798	802	806	810	814	822	/
2A_NB	49	a	736	739	745	748	750	754	761	764	767	775	779	785	788	790	794	801	806	810	813	818	826	830
2A_NB	49	d	737	740	746	749	751	755	762	765	769	776	780	786	789	791	796	803	807	811	815	819	827	/
2A_NB	50	a	741	744	751	754	757	761	768	771	774	781	784	790	793	795	799	806	811	815	818	823	831	835
2A_NB	50	d	742	746	752	755	758	762	769	772	775	782	785	791	794	796	801	808	812	816	820	824	832	/
2A_NB	51	a	746	749	755	759	762	766	773	776	779	786	790	797	800	803	808	815	819	823	826	829	836	840
2A_NB	51	d	747	751	757	760	763	767	774	777	780	788	792	799	802	805	810	816	820	824	827	830	837	/
2A_NB	52	a	751	754	760	764	767	771	778	781	785	792	795	803	805	808	813	820	824	828	832	835	842	846
2A_NB	52	d	752	756	762	765	768	772	779	782	786	793	797	804	807	810	815	821	825	829	833	836	843	/
2A_NB	53	a	756	759	765	769	772	776	783	786	790	797	800	808	810	813	818	825	829	833	837	840	848	852
2A_NB	53	d	757	761	767	770	773	777	784	787	791	798	802	809	812	815	820	826	830	834	838	841	849	/
2A_NB	54	a	761	764	770	774	777	782	789	793	798	805	808	815	818	820	824	829	834	838	843	846	854	858
2A_NB	54	d	762	766	772	775	779	784	791	795	799	806	809	816	819	821	825	831	835	840	844	847	855	/
2A_NB	55	a	779	782	789	793	797	800	806	810	814	821	825	834	836	838	843	850	854	857	862	866	874	877
2A_NB	55	d	780	784	791	795	798	801	807	811	815	823	827	835	837	840	844	851	855	859	863	867	875	/
2A_NB	56	a	809	812	819	823	826	830	835	840	843	852	856	862	865	868	872	879	883	888	892	895	902	905
2A_NB	56	d	810	814	821	825	827	831	837	841	845	853	857	863	866	870	874	881	885	889	893	896	903	/
2A_NB	57	a	839	843	849	853	856	860	866	869	873	881	885	890	893	896	900	906	910	913	916	920	927	931
2A_NB	57	d	840	844	851	855	857	861	867	871	875	882	886	891	894	897	901	907	911	914	917	921	928	/
2A_NB	58	a	868	872	879	883	886	889	895	899	904	911	914	920	922	925	929	935	939	942	945	948	956	960
2A_NB	58	d	869	874	881	885	887	890	897	901	905	912	915	921	923	926	930	936	940	943	946	949	957	/
2A_NB	59	a	874	877	884	888	891	894	900	904	909	916	919	925	928	931	935	941	945	949	953	956	964	968
2A_NB	59	d	875	879	886	890	892	895	902	906	910	917	920	927	930	932	936	942	946	950	954	957	965	/
2A_NB	60	a	904	907	913	915	919	923	929	932	935	941	944	951	953	955	960	966	970	973	976	979	987	991
2A_NB	60	d	905	908	914	917	920	924	930	933	936	942	946	952	954	957	961	967	971	974	977	980	988	/
2A_NB	61	a	934	937	943	946	948	951	957	960	963	971	975	980	983	986	989	994	997	1000	1003	1006	1015	1019
2A_NB	61	d	935	938	944	947	949	952	958	961	964	972	976	981	984	987	990	995	998	1001	1004	1007	1016	/
2A_NB	62	a	948	951	956	959	962	965	972	975	978	987	991	997	1000	1003	1007	1013	1017	1020	1023	1027	1035	1038
2A_NB	62	d	949	952	957	960	963	966	973	976	979	988	992	998	1001	1004	1008	1014	1018	1021	1024	1028	1036	/
2A_NB	63	a	962	965	970	973	976	980	986	989	992	1000	1004	1010	1012	1014	1018	1024	1028	1031	1034	1037	1044	1047
2A_NB	63	d	963	966	971	974	977	981	987	990	993	1001	1005	1011	1013	1015	1019	1025	1029	1032	1035	1038	1045	/
2A_NB	64	a	980	983	988	991	994	997	1002	1005	1009	1016	1020	1027	1029	1032	1036	1041	1045	1048	1051	1055	1064	1068
2A_NB	64	d	981	984	989	992	995	998	1003	1006	1010	1017	1021	1028	1030	1033	1037	1042	1046	1049	1052	1056	1065	/
2A_SB	1	a	15	17	26	30	34	38	43	50	54	58	64	68	73	77	83	86	89	95	97	101	105	109	119	124
2A_SB	1	d	16	19	28	32	36	40	45	52	56	60	66	69	74	78	84	87	90	96	98	102	106	110	120	/
2A_SB	2	a	26	28	36	39	42	45	50	57	61	65	71	75	81	85	91	94	98	104	107	110	113	117	127	132
2A_SB	2	d	27	30	37	40	43	47	52	59	63	67	73	76	82	86	92	95	99	105	108	111	114	118	128	/
2A_SB	3	a	43	46	54	59	63	67	72	79	82	86	91	95	101	105	111	115	118	125	128	131	135	138	148	153
2A_SB	3	d	44	48	56	61	65	69	74	81	84	88	93	96	102	106	112	116	119	126	129	132	136	139	149	/
2A_SB	4	a	57	61	67	71	75	78	82	89	93	98	102	106	111	115	121	124	127	133	136	140	145	149	161	168
2A_SB	4	d	59	62	69	73	77	80	84	91	95	100	104	107	112	116	122	125	128	134	138	142	147	151	163	/
2A_SB	5	a	80	82	89	93	96	98	102	108	111	114	118	122	128	132	137	140	145	151	154	157	161	164	176	183
2A_SB	5	d	81	83	90	94	97	99	103	110	112	116	120	123	129	133	138	142	146	152	155	158	162	165	178	/
2A_SB	6	a	92	96	104	107	110	113	116	123	126	129	132	135	141	144	150	153	157	164	166	169	173	176	188	194
2A_SB	6	d	94	97	105	108	111	114	117	124	127	130	133	136	142	145	151	154	159	165	167	170	174	177	189	/
2A_SB	7	a	103	106	114	117	121	125	129	137	141	145	149	153	159	162	169	173	178	183	185	189	193	198	210	216
2A_SB	7	d	104	107	115	119	123	127	131	139	143	147	151	155	160	164	171	175	179	184	187	191	195	199	211	/
2A_SB	8	a	113	116	124	128	132	136	141	147	151	155	160	164	169	173	181	185	188	193	195	198	201	205	217	224
2A_SB	8	d	114	117	125	129	134	138	143	149	153	157	162	165	170	175	182	186	189	194	196	199	202	206	219	/
2A_SB	9	a	137	140	149	154	158	160	163	169	171	175	179	183	188	192	197	201	205	211	214	218	221	224	239	245
2A_SB	9	d	138	142	151	155	159	161	164	170	173	177	181	184	190	193	198	202	206	212	215	219	222	225	240	/
2A_SB	10	a	151	153	161	166	170	173	177	183	186	189	192	195	201	204	209	212	216	222	225	229	232	235	250	256
2A_SB	10	d	152	155	163	167	171	174	178	184	187	190	193	196	202	205	210	213	217	223	226	230	233	236	251	/
2A_SB	11	a	168	170	176	179	184	187	192	199	202	205	208	212	219	224	229	232	235	241	244	248	251	254	264	269
2A_SB	11	d	169	171	177	181	186	189	194	200	203	206	210	214	221	225	230	233	236	242	245	249	252	255	265	/
2A_SB	12	a	179	181	189	192	196	198	201	208	211	216	221	224	229	233	238	241	244	250	253	258	261	264	274	279
2A_SB	12	d	180	182	190	193	197	199	202	209	213	218	222	225	230	234	239	242	245	251	255	259	262	265	275	/
2A_SB	13	a	189	191	199	203	207	209	213	219	221	226	231	235	240	243	249	253	256	262	265	269	272	275	285	290
2A_SB	13	d	190	192	200	204	208	210	214	220	223	228	232	236	241	244	250	254	257	263	266	270	273	276	286	/
2A_SB	14	a	199	202	208	212	215	217	221	227	230	233	237	241	247	250	256	260	264	270	273	277	280	283	296	301
2A_SB	14	d	200	204	209	213	216	218	222	229	231	234	238	242	248	251	258	261	265	271	274	278	281	285	297	/
2A_SB	15	a	212	215	222	225	230	234	238	246	248	252	257	262	269	274	281	285	290	297	301	304	309	313	323	329
2A_SB	15	d	214	217	223	227	232	236	240	247	250	254	259	264	271	276	283	287	292	299	302	306	311	315	324	/
2A_SB	16	a	229	233	241	245	250	254	257	263	266	269	273	277	283	287	293	297	301	306	309	313	317	321	331	338
2A_SB	16	d	231	235	243	247	252	255	258	264	267	270	274	279	284	288	294	298	302	307	311	314	319	323	333	/
2A_SB	17	a	242	246	254	258	262	265	269	274	276	280	285	289	295	300	307	311	316	322	324	328	332	335	346	351
2A_SB	17	d	244	248	255	259	263	267	270	275	277	282	286	291	297	302	309	313	317	323	325	329	333	336	347	/
2A_SB	18	a	264	267	275	279	282	285	289	294	297	300	303	306	312	316	323	327	330	336	339	343	347	350	361	366
2A_SB	18	d	265	268	277	280	283	286	290	295	298	301	304	308	313	318	324	328	331	337	340	344	348	351	362	/
2A_SB	19	a	273	275	282	285	288	291	295	300	303	308	312	316	323	327	334	338	342	348	351	355	359	362	375	380
2A_SB	19	d	274	276	283	286	289	292	296	301	305	310	314	318	325	329	336	339	343	349	352	356	360	363	376	/
2A_SB	20	a	285	288	296	301	305	309	314	321	324	328	332	336	341	344	350	353	358	364	367	370	374	378	391	396
2A_SB	20	d	286	290	298	303	307	311	316	323	326	330	334	337	342	346	351	355	360	365	368	371	375	379	392	/
2A_SB	21	a	309	311	317	322	325	328	332	339	341	346	350	354	359	362	367	370	374	379	382	385	389	392	403	408
2A_SB	21	d	310	312	319	323	326	329	334	340	343	348	351	355	360	363	368	371	375	380	383	386	390	393	404	/
2A_SB	22	a	320	322	329	332	335	338	342	348	350	353	356	360	365	368	374	379	383	388	391	395	399	403	414	421
2A_SB	22	d	321	323	330	333	337	339	343	349	351	354	357	361	366	370	376	380	384	389	392	396	401	404	415	/
2A_SB	23	a	331	334	340	343	346	348	352	359	362	365	369	373	378	381	386	390	393	400	403	408	411	415	429	434
2A_SB	23	d	333	335	341	344	347	349	353	360	363	366	370	374	379	382	387	391	394	401	405	409	412	416	430	/
2A_SB	24	a	344	348	355	359	363	366	370	377	380	385	390	394	400	404	411	416	420	426	429	432	436	440	452	457
2A_SB	24	d	346	350	357	361	365	368	372	379	382	387	392	396	402	406	413	417	421	427	430	433	437	441	453	/
2A_SB	25	a	366	369	375	379	382	385	390	396	398	401	405	409	415	420	427	432	436	442	445	449	453	456	467	472
2A_SB	25	d	367	370	376	380	384	387	391	397	399	402	406	411	417	422	429	434	437	443	446	450	454	457	468	/
2A_SB	26	a	379	382	390	393	396	399	403	409	412	415	419	423	429	433	439	444	449	454	456	460	464	467	478	483
2A_SB	26	d	380	383	391	394	398	401	404	410	413	416	420	424	430	434	441	446	450	455	457	461	465	468	479	/
2A_SB	27	a	389	392	401	405	408	411	414	420	422	426	430	434	440	444	451	455	459	464	467	471	475	478	489	494
2A_SB	27	d	390	393	403	406	409	412	415	421	423	427	431	435	441	446	453	456	460	465	468	472	476	479	490	/
2A_SB	28	a	406	408	415	419	424	428	432	438	440	443	448	451	456	459	465	469	473	479	482	485	488	491	503	508
2A_SB	28	d	407	410	417	421	426	430	434	439	441	445	449	452	457	460	466	470	474	480	483	486	489	492	504	/
2A_SB	29	a	416	418	426	430	434	437	441	447	449	453	458	462	468	473	478	482	487	492	495	498	501	504	516	521
2A_SB	29	d	417	420	427	431	436	439	443	448	451	455	460	464	470	474	480	484	488	493	496	499	502	506	517	/
2A_SB	30	a	422	425	433	438	441	443	447	452	455	458	463	468	475	479	485	489	493	498	500	503	506	509	521	527
2A_SB	30	d	423	427	435	439	442	445	448	453	456	460	465	470	476	480	487	490	494	499	501	504	507	511	523	/
2A_SB	31	a	434	436	444	448	451	453	456	461	464	467	471	475	481	484	490	494	498	504	506	509	512	517	528	533
2A_SB	31	d	435	438	445	449	452	454	457	462	465	468	472	476	482	485	492	495	499	505	507	510	514	518	529	/
2A_SB	32	a	441	443	450	453	457	459	462	467	471	475	479	482	487	490	496	500	505	511	514	517	520	525	535	540
2A_SB	32	d	442	444	451	454	458	460	463	469	473	476	480	483	488	491	498	502	506	512	515	518	522	526	536	/
2A_SB	33	a	445	448	455	458	462	464	468	474	477	480	484	488	494	498	504	507	511	516	519	522	525	530	541	548
2A_SB	33	d	447	449	456	459	463	466	469	475	478	482	486	490	495	499	505	508	512	517	520	523	527	532	543	/
2A_SB	34	a	451	454	461	464	469	473	477	483	486	490	493	496	503	508	516	520	525	531	534	538	543	547	559	566
2A_SB	34	d	453	455	462	466	471	475	478	484	487	491	494	498	505	510	518	522	527	533	536	540	545	548	561	/
2A_SB	35	a	462	465	473	477	482	484	488	495	498	502	506	510	516	520	527	531	535	540	542	545	549	552	565	571
2A_SB	35	d	464	467	474	479	483	486	490	496	499	503	507	511	517	521	528	532	536	541	543	546	550	554	566	/
2A_SB	36	a	475	477	484	487	491	493	496	501	504	508	512	515	522	526	531	536	540	546	548	552	556	560	575	581
2A_SB	36	d	476	478	485	488	492	494	497	502	505	509	513	517	523	527	533	537	541	547	550	553	557	561	576	/
2A_SB	37	a	484	487	494	499	503	505	509	514	517	521	525	528	534	538	545	549	554	560	562	565	569	573	585	590
2A_SB	37	d	485	488	496	500	504	507	510	515	518	522	526	529	536	540	547	551	555	561	563	566	570	574	586	/
2A_SB	38	a	490	493	500	504	508	510	515	521	525	529	533	536	542	545	551	554	559	565	567	570	574	579	592	597
2A_SB	38	d	491	494	501	505	509	512	517	523	527	530	534	537	543	546	552	556	560	566	568	571	576	581	593	/
2A_SB	39	a	504	507	515	519	522	524	527	533	536	539	543	546	553	556	563	567	571	577	580	584	588	592	603	609
2A_SB	39	d	505	509	517	520	523	525	528	534	537	540	544	548	554	558	564	568	572	579	582	585	589	593	604	/
2A_SB	40	a	512	514	521	525	529	531	534	540	543	547	551	554	560	563	569	572	577	583	585	589	594	598	609	615
2A_SB	40	d	513	515	523	526	530	532	535	541	544	548	552	555	561	564	570	574	578	584	587	591	595	599	610	/
2A_SB	41	a	521	523	530	534	539	541	545	550	553	557	561	564	570	574	579	582	586	592	595	598	602	605	615	620
2A_SB	41	d	522	525	531	536	540	542	546	551	554	558	562	565	572	575	580	583	587	593	596	599	603	606	616	/
2A_SB	42	a	526	529	535	540	544	546	550	555	558	562	566	569	576	580	586	591	595	601	605	609	613	617	628	634
2A_SB	42	d	527	530	537	541	545	547	551	556	559	563	567	571	578	582	588	593	596	603	607	611	615	619	630	/
2A_SB	43	a	548	550	558	562	565	568	573	579	583	587	591	595	600	604	611	615	619	625	628	631	635	638	651	657
2A_SB	43	d	549	552	560	563	567	570	574	581	585	589	593	596	601	605	612	616	620	626	629	632	636	640	652	/
2A_SB	44	a	566	568	577	580	583	586	590	597	601	604	608	613	619	622	629	633	636	643	646	650	655	658	670	675
2A_SB	44	d	567	570	578	581	585	588	592	599	602	606	610	614	620	624	630	634	637	644	647	651	656	659	671	/
2A_SB	45	a	573	575	584	589	593	596	600	607	611	615	619	623	629	632	637	641	644	651	654	658	663	666	677	682
2A_SB	45	d	574	577	586	591	595	598	602	609	613	617	621	624	630	633	638	642	645	652	655	660	664	667	678	/
2A_SB	46	a	578	580	589	594	598	601	606	612	616	620	624	628	634	637	642	646	650	657	660	664	669	673	684	689
2A_SB	46	d	579	582	591	596	600	603	607	614	618	622	626	629	635	638	643	647	651	658	661	666	671	675	685	/
2A_SB	47	a	593	595	603	607	612	615	619	627	631	635	639	643	649	653	659	662	666	671	673	677	680	683	693	699
2A_SB	47	d	594	597	605	609	614	617	621	629	633	637	641	645	650	654	660	663	667	672	675	678	681	684	694	/
2A_SB	48	a	614	616	624	628	632	634	638	644	647	650	654	658	663	667	673	676	680	688	692	695	698	702	713	719
2A_SB	48	d	615	618	626	630	633	635	639	645	648	652	656	660	664	668	674	677	682	690	693	696	699	703	714	/
2A_SB	49	a	628	630	637	641	645	649	652	660	664	668	672	676	682	686	692	696	701	707	710	715	719	724	736	741
2A_SB	49	d	629	632	639	643	647	650	654	662	666	670	674	677	684	688	694	698	702	709	712	716	721	725	737	/
2A_SB	50	a	657	659	667	672	676	678	683	689	693	697	701	706	711	714	722	726	730	736	740	744	749	753	763	769
2A_SB	50	d	658	661	669	673	677	680	684	691	695	699	703	707	712	716	723	728	732	738	742	746	751	755	765	/
2A_SB	51	a	687	689	697	702	706	709	713	719	723	726	731	735	741	744	750	754	758	765	768	771	775	779	790	796
2A_SB	51	d	688	691	699	703	707	710	714	721	724	728	733	736	742	746	752	755	759	766	769	772	777	781	792	/
2A_SB	52	a	716	718	728	731	735	738	742	750	753	756	761	765	771	775	781	784	788	794	797	800	804	808	821	826
2A_SB	52	d	717	720	729	733	737	740	744	751	754	758	762	766	772	776	782	785	789	795	798	802	806	810	822	/
2A_SB	53	a	744	746	755	759	764	767	772	779	783	786	790	795	800	804	810	813	816	824	826	829	833	836	850	855
2A_SB	53	d	745	748	757	761	766	769	774	781	784	788	792	796	802	806	811	814	818	825	827	830	834	838	851	/
2A_SB	54	a	749	752	761	765	769	772	777	784	788	792	795	799	805	809	816	819	822	829	831	834	838	841	855	862
2A_SB	54	d	750	754	763	767	771	774	779	786	790	793	797	801	807	811	817	820	823	830	832	835	839	843	857	/
2A_SB	55	a	755	758	767	771	775	778	783	790	794	797	801	805	811	815	821	824	829	836	839	843	848	853	865	871
2A_SB	55	d	756	760	769	773	777	780	785	792	795	799	803	807	813	816	822	826	831	838	841	845	850	855	866	/
2A_SB	56	a	762	765	772	776	780	784	788	795	799	803	806	810	817	820	827	831	835	841	844	848	853	858	870	876
2A_SB	56	d	763	767	774	778	782	785	790	797	801	804	808	812	818	822	829	832	836	843	846	850	855	860	871	/
2A_SB	57	a	768	770	777	781	785	789	794	800	804	808	812	816	822	826	832	836	841	847	850	854	858	863	875	882
2A_SB	57	d	769	772	779	783	787	791	796	802	806	810	813	817	824	828	834	838	843	849	852	856	860	865	877	/
2A_SB	58	a	787	789	797	801	805	808	812	818	821	824	827	831	838	841	846	849	853	859	861	865	868	872	886	892
2A_SB	58	d	788	791	799	803	807	810	813	819	822	825	829	832	839	842	847	850	855	860	863	866	869	874	887	/
2A_SB	59	a	798	801	809	812	816	818	821	827	829	833	836	839	846	850	855	858	862	867	870	873	877	881	894	900
2A_SB	59	d	799	802	810	813	817	819	822	828	831	834	837	841	847	851	856	859	863	869	871	874	879	882	895	/
2A_SB	60	a	805	808	816	819	824	827	831	839	842	845	849	853	859	862	868	871	875	881	883	886	889	893	907	912
2A_SB	60	d	806	809	817	821	826	829	833	840	843	846	851	854	860	864	869	872	876	882	884	887	891	894	908	/
2A_SB	61	a	810	813	821	825	830	833	836	844	847	851	855	858	863	867	873	876	880	886	889	892	895	898	912	917
2A_SB	61	d	811	814	823	827	832	834	838	845	849	852	856	859	865	869	874	877	881	887	890	893	896	899	913	/
2A_SB	62	a	816	819	827	831	835	838	841	848	852	856	860	863	869	873	879	882	886	892	895	898	901	905	919	926
2A_SB	62	d	817	820	828	832	837	839	843	850	854	857	861	865	870	874	880	883	887	893	896	899	903	907	921	/
2A_SB	63	a	838	840	848	853	857	861	864	870	873	878	881	884	890	893	899	903	907	913	916	920	924	927	939	945
2A_SB	63	d	839	842	850	854	859	862	866	872	875	879	882	885	891	894	900	904	908	914	917	921	925	928	940	/
2A_SB	64	a	843	846	853	858	862	866	869	876	878	883	886	889	895	898	904	908	912	918	921	925	929	932	945	951
2A_SB	64	d	844	847	855	859	864	867	871	877	880	884	887	890	896	899	905	909	913	919	922	926	930	933	946	/
3A_SB	1	a	5	11	19	24	28	33	36	40	44	49	52	55	59	63	66	69	73	76
3A_SB	1	d	6	12	21	26	30	35	38	42	46	51	54	57	61	64	67	70	74	/
3A_SB	2	a	31	37	44	47	52	57	60	64	68	73	75	78	81	84	88	92	96	99
3A_SB	2	d	32	39	45	49	54	59	62	66	70	74	76	79	82	85	89	94	97	/
3A_SB	3	a	41	47	53	56	60	65	68	71	75	79	82	85	88	91	95	99	102	105
3A_SB	3	d	42	48	54	57	62	67	69	73	77	80	83	86	89	92	96	100	103	/
3A_SB	4	a	61	67	74	78	81	84	86	90	95	100	102	105	109	112	115	118	121	124
3A_SB	4	d	62	69	76	79	82	85	88	92	97	101	103	106	110	113	116	119	122	/
3A_SB	5	a	67	73	79	83	86	89	93	95	100	105	107	110	114	117	121	125	128	132
3A_SB	5	d	68	74	81	84	87	91	94	97	102	106	108	111	115	119	123	126	130	/
3A_SB	6	a	81	87	94	98	101	105	107	109	112	116	118	121	125	128	131	134	139	143
3A_SB	6	d	82	88	95	99	102	106	108	110	113	117	119	122	126	129	132	136	140	/
3A_SB	7	a	88	94	99	104	108	112	115	118	122	126	128	131	135	138	142	147	151	154
3A_SB	7	d	89	95	101	106	110	114	117	120	124	127	129	132	136	139	144	148	152	/
3A_SB	8	a	107	113	120	123	127	130	133	137	140	143	146	149	153	156	160	165	169	173
3A_SB	8	d	108	115	121	124	128	131	135	138	141	145	147	150	154	158	162	167	171	/
3A_SB	9	a	128	133	140	144	147	152	155	159	164	169	171	173	176	179	183	186	190	194
3A_SB	9	d	129	135	142	145	149	154	157	161	166	170	172	174	177	180	184	187	191	/
3A_SB	10	a	147	153	160	164	168	172	175	178	183	188	190	193	197	201	205	208	211	216
3A_SB	10	d	148	155	162	166	169	173	176	180	185	189	191	194	198	202	206	209	213	/
3A_SB	11	a	164	170	177	180	183	187	189	192	196	199	202	204	208	212	216	220	223	227
3A_SB	11	d	165	171	178	181	184	188	190	193	197	200	203	205	209	213	217	221	225	/
3A_SB	12	a	181	187	194	198	201	204	207	210	213	217	219	221	225	229	233	237	240	243
3A_SB	12	d	182	189	196	199	202	205	208	211	214	218	220	222	226	230	234	238	241	/
3A_SB	13	a	194	200	205	208	211	215	219	222	225	229	231	233	237	241	245	249	253	256
3A_SB	13	d	195	201	206	209	213	217	220	223	226	230	232	234	238	242	246	251	254	/
3A_SB	14	a	202	208	215	218	221	224	226	229	233	237	239	242	246	250	254	258	262	265
3A_SB	14	d	203	210	216	219	222	225	227	230	234	238	240	243	247	251	256	260	263	/
3A_SB	15	a	209	214	220	223	228	232	234	237	241	246	248	251	255	258	261	265	268	271
3A_SB	15	d	210	215	221	225	229	233	235	238	243	247	249	252	256	259	263	266	269	/
3A_SB	16	a	221	226	232	235	239	242	244	246	250	255	257	259	263	266	269	273	277	281
3A_SB	16	d	222	227	233	236	240	243	245	247	252	256	258	261	264	267	271	275	279	/
3A_SB	17	a	240	247	254	258	262	266	269	273	277	282	284	286	290	293	297	300	304	307
3A_SB	17	d	241	249	256	260	264	268	271	275	279	283	285	287	291	294	298	301	305	/
3A_SB	18	a	256	261	266	269	274	278	281	285	289	294	296	298	302	305	310	313	317	320
3A_SB	18	d	257	262	267	271	276	280	283	287	291	295	297	299	303	306	311	315	318	/
3A_SB	19	a	271	277	283	287	290	295	298	302	306	311	313	316	320	323	327	331	334	338
3A_SB	19	d	272	278	284	288	292	297	300	303	308	312	314	317	321	324	328	332	335	/
3A_SB	20	a	277	283	289	294	298	303	307	311	316	320	322	325	329	332	335	339	342	346
3A_SB	20	d	278	284	291	296	300	305	309	313	318	321	323	326	330	333	336	340	343	/
3A_SB	21	a	305	311	318	323	327	330	333	336	339	342	345	347	351	354	358	362	365	368
3A_SB	21	d	306	313	320	324	328	331	334	337	340	343	346	348	352	355	360	363	366	/
3A_SB	22	a	328	334	340	344	347	351	354	357	361	365	367	369	373	377	381	384	387	390
3A_SB	22	d	329	336	341	345	348	352	355	359	362	366	368	370	374	378	382	385	388	/
3A_SB	23	a	350	356	361	364	368	372	374	377	381	385	387	389	392	396	400	403	407	410
3A_SB	23	d	351	357	362	365	369	373	375	378	382	386	388	390	393	397	401	404	408	/
3A_SB	24	a	372	378	385	389	392	396	400	404	409	414	416	418	422	425	429	432	436	440
3A_SB	24	d	373	380	386	390	394	398	402	406	411	415	417	419	423	426	430	433	437	/
3A_SB	25	a	385	391	398	402	406	411	415	419	423	427	429	431	434	437	441	445	448	452
3A_SB	25	d	386	393	400	404	408	413	417	421	425	428	430	432	435	438	442	446	449	/
3A_SB	26	a	400	405	411	415	419	423	426	430	434	439	441	443	446	449	453	456	459	463
3A_SB	26	d	401	406	413	417	421	425	428	432	436	440	442	444	447	450	454	457	461	/
3A_SB	27	a	420	426	432	435	438	442	444	447	451	456	458	461	465	468	472	476	480	483
3A_SB	27	d	421	427	433	436	439	443	446	449	453	457	459	462	466	469	473	477	481	/
3A_SB	28	a	425	431	437	441	444	448	450	453	456	461	463	466	470	473	478	482	486	489
3A_SB	28	d	426	432	438	442	445	449	451	454	458	462	465	467	471	475	480	484	487	/
3A_SB	29	a	443	448	453	457	460	463	466	468	471	474	476	478	482	485	489	493	497	500
3A_SB	29	d	444	449	455	458	461	464	467	469	472	475	477	479	483	486	491	495	498	/
3A_SB	30	a	452	458	463	466	470	474	478	480	483	486	489	491	495	499	502	506	510	515
3A_SB	30	d	453	459	464	467	472	476	479	481	484	487	490	492	496	500	504	508	512	/
3A_SB	31	a	460	466	473	476	480	483	485	489	493	497	500	503	508	512	515	519	523	527
3A_SB	31	d	461	467	474	477	481	484	487	491	495	499	502	505	510	513	517	521	525	/
3A_SB	32	a	478	483	491	495	500	505	508	512	516	519	521	523	526	530	533	538	542	547
3A_SB	32	d	479	485	493	497	502	507	510	514	517	520	522	524	527	531	535	540	544	/
3A_SB	33	a	485	490	498	501	505	510	514	517	521	524	527	530	534	538	541	544	547	552
3A_SB	33	d	486	492	499	502	507	512	515	519	522	526	529	531	535	539	542	545	549	/
3A_SB	34	a	492	497	505	508	512	517	520	524	528	533	535	537	541	544	548	551	554	557
3A_SB	34	d	493	499	506	510	514	518	522	526	530	534	536	538	542	545	549	552	555	/
3A_SB	35	a	499	504	511	516	520	525	528	532	536	541	543	546	550	553	557	560	563	566
3A_SB	35	d	500	505	513	518	522	527	530	534	538	542	544	547	551	554	558	561	564	/
3A_SB	36	a	508	513	521	526	529	533	535	538	541	546	548	551	555	559	563	566	569	573
3A_SB	36	d	509	515	523	527	530	534	536	539	543	547	549	552	556	560	564	567	571	/
3A_SB	37	a	513	518	526	530	534	539	541	544	547	551	554	556	560	564	568	571	575	578
3A_SB	37	d	514	520	528	532	536	540	542	545	548	553	555	557	561	565	569	572	576	/
3A_SB	38	a	526	531	538	541	544	547	549	552	555	559	561	563	567	571	575	578	582	585
3A_SB	38	d	527	533	539	542	545	548	550	553	556	560	562	564	568	572	576	579	583	/
3A_SB	39	a	531	536	543	546	549	553	557	561	564	569	571	573	577	580	584	587	590	593
3A_SB	39	d	532	538	544	547	551	555	559	562	566	570	572	574	578	581	585	588	591	/
3A_SB	40	a	542	548	555	559	563	567	570	573	577	580	582	585	590	595	599	603	607	610
3A_SB	40	d	543	550	557	560	564	568	571	574	578	581	584	587	592	596	600	604	608	/
3A_SB	41	a	547	553	561	565	569	573	576	580	584	588	591	593	597	602	606	611	615	618
3A_SB	41	d	548	555	563	566	570	574	578	581	585	590	592	594	599	603	608	612	616	/
3A_SB	42	a	552	558	566	570	574	578	582	585	589	594	596	598	602	606	611	616	620	623
3A_SB	42	d	553	560	568	572	575	580	583	586	591	595	597	599	604	608	613	618	621	/
3A_SB	43	a	565	570	576	581	585	589	592	594	598	602	605	608	612	616	621	626	630	634
3A_SB	43	d	566	572	578	583	587	591	593	595	599	604	607	610	614	618	623	628	631	/
3A_SB	44	a	571	576	582	587	591	595	598	600	604	609	612	615	619	623	628	632	636	640
3A_SB	44	d	572	578	584	589	593	597	599	602	606	611	614	617	621	625	630	633	637	/
3A_SB	45	a	577	582	588	592	596	600	604	607	611	616	618	621	625	629	633	637	641	645
3A_SB	45	d	578	584	590	594	598	602	605	609	613	617	619	623	627	630	635	638	642	/
3A_SB	46	a	582	587	593	597	601	606	609	612	616	620	623	626	630	634	639	643	647	651
3A_SB	46	d	583	589	595	599	603	607	610	614	618	622	624	628	632	636	641	645	649	/
3A_SB	47	a	608	613	620	624	628	632	635	638	641	644	646	649	653	657	660	664	667	670
3A_SB	47	d	609	615	621	625	629	633	636	639	642	645	647	650	654	658	661	665	668	/
3A_SB	48	a	613	618	625	629	632	636	640	643	646	651	654	658	663	666	670	674	677	680
3A_SB	48	d	614	620	626	630	634	638	641	644	648	653	656	660	664	667	671	675	678	/
3A_SB	49	a	642	648	655	658	663	666	668	671	676	680	682	684	689	692	697	700	703	706
3A_SB	49	d	643	650	656	660	664	667	670	673	677	681	683	686	690	694	698	701	704	/
3A_SB	50	a	672	679	685	688	693	696	698	702	705	708	711	714	719	723	727	730	733	736
3A_SB	50	d	673	680	686	690	694	697	700	703	706	710	713	716	720	724	728	731	734	/
3A_SB	51	a	702	708	714	718	723	726	729	732	735	738	741	744	748	752	757	760	763	766
3A_SB	51	d	703	709	716	720	724	727	730	733	736	740	743	746	750	754	758	761	764	/
3A_SB	52	a	732	737	744	749	752	756	758	760	764	769	771	774	779	783	786	789	793	796
3A_SB	52	d	733	739	746	750	753	757	759	762	766	770	773	776	780	784	787	791	794	/
3A_SB	53	a	762	767	774	779	782	785	788	791	794	799	801	804	808	813	816	820	823	826
3A_SB	53	d	763	769	776	780	783	787	789	792	796	800	803	806	810	814	817	821	824	/
3A_SB	54	a	790	795	804	808	812	816	818	820	824	829	832	834	838	841	844	848	853	857
3A_SB	54	d	791	797	806	810	813	817	819	822	826	830	833	835	839	842	846	850	854	/
3A_SB	55	a	803	808	816	820	823	827	829	832	835	839	841	843	846	849	852	855	858	861
3A_SB	55	d	804	810	817	821	825	828	830	833	836	840	842	844	847	850	853	856	859	/
3A_SB	56	a	808	813	821	825	829	832	834	837	840	843	846	848	851	854	857	860	863	866
3A_SB	56	d	809	815	822	826	830	833	835	838	841	845	847	849	852	855	858	861	864	/
3A_SB	57	a	813	819	826	829	834	837	839	841	845	848	851	853	856	860	863	866	869	873
3A_SB	57	d	814	820	827	831	835	838	840	843	846	850	852	854	857	861	864	867	871	/
3A_SB	58	a	818	824	830	834	839	842	844	846	850	853	856	858	862	866	869	873	876	879
3A_SB	58	d	819	825	832	836	840	843	845	848	851	855	857	859	863	867	870	874	877	/
3A_SB	59	a	824	830	836	839	843	847	849	851	855	859	861	863	867	871	874	878	881	884
3A_SB	59	d	825	831	837	841	845	848	850	853	856	860	862	864	868	872	875	879	882	/
3A_SB	60	a	829	835	841	844	848	852	854	856	861	865	867	869	873	876	879	883	886	889
3A_SB	60	d	830	836	842	846	850	853	855	858	862	866	868	870	874	877	880	884	887	/
3A_SB	61	a	834	840	846	849	853	858	861	863	867	871	873	875	879	882	885	889	892	895
3A_SB	61	d	835	841	847	851	855	859	862	864	868	872	874	876	880	883	886	890	893	/
3A_SB	62	a	839	845	851	854	858	863	866	868	872	875	878	880	884	887	891	895	898	901
3A_SB	62	d	840	846	852	856	860	864	867	869	873	877	879	881	885	888	892	896	899	/
3A_SB	63	a	844	850	856	860	863	868	871	873	876	880	883	885	889	892	896	900	903	907
3A_SB	63	d	845	851	857	861	865	869	872	874	878	882	884	886	890	893	897	901	904	/
3A_SB	64	a	849	855	862	866	869	873	875	878	881	885	888	890	894	897	901	904	908	912
3A_SB	64	d	850	856	863	867	870	874	877	879	883	887	889	891	895	898	902	906	909	/
3A_NB	1	a	13	17	20	23	26	30	34	38	42	45	48	52	55	58	61	64	68	73	78
3A_NB	1	d	14	18	21	24	27	31	35	39	43	46	49	53	56	59	62	65	69	74	/
3A_NB	2	a	19	22	25	28	31	35	39	43	47	51	54	58	61	64	67	70	74	80	86
3A_NB	2	d	20	23	26	29	32	36	40	44	48	52	55	59	62	65	68	71	75	81	/
3A_NB	3	a	27	30	34	38	42	47	51	55	60	65	68	73	77	81	85	88	93	99	106
3A_NB	3	d	28	32	36	40	44	49	53	57	62	67	70	75	79	83	87	90	95	101	/
3A_NB	4	a	55	59	64	67	71	75	79	84	88	93	96	100	104	108	112	115	120	126	132
3A_NB	4	d	56	61	66	69	73	76	81	86	90	95	97	101	105	109	113	116	121	127	/
3A_NB	5	a	82	85	89	92	95	100	104	109	114	119	122	127	130	134	137	140	145	151	157
3A_NB	5	d	83	87	91	94	97	102	106	111	116	121	124	128	131	135	138	141	146	152	/
3A_NB	6	a	97	100	103	107	110	114	118	123	127	132	135	141	145	149	154	158	163	169	176
3A_NB	6	d	98	101	105	108	111	116	120	125	129	134	137	142	147	151	156	160	165	171	/
3A_NB	7	a	102	105	108	112	116	121	124	129	132	137	140	146	151	156	161	165	169	175	181
3A_NB	7	d	103	106	110	114	118	122	126	130	134	139	142	148	153	158	163	166	171	176	/
3A_NB	8	a	108	111	114	118	122	125	129	134	137	142	145	151	156	161	166	170	174	180	185
3A_NB	8	d	109	112	116	120	123	127	131	135	139	144	147	153	158	163	168	171	176	181	/
3A_NB	9	a	114	117	121	124	128	131	135	140	144	149	153	159	163	167	172	176	181	187	193
3A_NB	9	d	115	119	123	126	129	133	137	142	146	151	155	160	164	169	174	178	183	189	/
3A_NB	10	a	131	134	138	142	145	149	152	156	160	164	167	171	175	179	182	185	189	194	201
3A_NB	10	d	132	136	140	143	146	150	153	157	161	165	168	172	176	180	183	186	190	196	/
3A_NB	11	a	136	139	143	147	150	153	157	161	166	170	173	177	181	184	188	191	195	200	206
3A_NB	11	d	137	141	145	148	151	155	158	163	167	171	174	178	182	186	189	192	196	201	/
3A_NB	12	a	144	147	151	154	158	162	166	171	175	179	183	188	192	196	200	203	207	212	219
3A_NB	12	d	145	149	153	156	160	164	168	172	176	181	185	189	194	198	202	204	208	214	/
3A_NB	13	a	170	173	178	180	184	189	194	198	203	208	212	218	222	225	229	232	237	242	248
3A_NB	13	d	171	175	179	182	186	191	196	200	205	210	214	219	223	226	230	234	238	243	/
3A_NB	14	a	193	196	200	204	208	212	216	221	226	231	235	241	245	249	253	255	260	265	271
3A_NB	14	d	194	198	202	206	210	213	218	223	228	233	237	242	246	250	254	256	261	266	/
3A_NB	15	a	223	226	229	233	236	240	245	250	255	259	262	268	272	276	279	281	286	291	297
3A_NB	15	d	224	227	231	235	238	242	247	252	257	261	264	269	273	277	280	283	287	292	/
3A_NB	16	a	230	233	237	240	243	247	252	257	260	264	267	273	277	281	285	288	293	298	304
3A_NB	16	d	231	235	238	241	245	249	254	258	262	266	269	274	278	283	286	290	294	300	/
3A_NB	17	a	238	241	245	248	252	256	261	265	268	273	277	283	287	290	293	297	301	307	312
3A_NB	17	d	239	243	247	250	254	258	262	266	270	275	279	284	288	291	295	298	303	308	/
3A_NB	18	a	259	262	266	269	272	277	281	286	291	296	299	303	306	309	312	315	319	325	330
3A_NB	18	d	260	264	268	271	274	279	283	288	293	298	300	304	307	310	313	316	320	326	/
3A_NB	19	a	271	275	279	281	283	287	292	297	301	305	307	311	314	318	323	326	331	337	342
3A_NB	19	d	272	277	280	282	284	289	294	298	303	306	308	312	316	320	325	328	333	338	/
3A_NB	20	a	299	302	306	309	312	315	320	324	329	333	337	341	344	347	350	353	357	362	368
3A_NB	20	d	300	303	307	310	313	317	321	326	331	335	338	342	345	348	351	354	358	363	/
3A_NB	21	a	313	316	319	323	326	331	335	340	345	350	354	360	364	367	370	373	378	383	389
3A_NB	21	d	314	317	321	325	328	333	337	342	347	352	356	361	365	368	371	374	379	384	/
3A_NB	22	a	335	338	342	345	349	352	355	360	364	369	373	378	382	386	389	392	397	404	409
3A_NB	22	d	336	339	344	347	350	353	357	361	366	371	375	379	383	387	391	394	399	405	/
3A_NB	23	a	340	343	347	350	354	358	362	367	372	377	381	386	391	395	399	402	407	414	419
3A_NB	23	d	341	344	349	352	356	360	364	369	374	379	383	388	393	397	401	404	409	415	/
3A_NB	24	a	359	363	367	370	374	377	381	384	388	392	394	400	405	409	412	415	419	425	431
3A_NB	24	d	360	365	369	372	375	379	382	386	390	393	396	401	406	410	413	416	421	426	/
3A_NB	25	a	382	385	388	391	394	397	400	404	408	412	414	419	423	426	429	432	437	442	448
3A_NB	25	d	383	386	389	392	395	398	401	405	409	413	415	420	424	427	430	433	438	443	/
3A_NB	26	a	390	393	396	399	402	405	409	413	417	421	424	429	433	438	442	445	450	455	461
3A_NB	26	d	391	394	398	400	403	406	411	414	418	423	425	430	435	439	443	446	451	456	/
3A_NB	27	a	415	418	423	426	429	433	436	440	444	448	452	457	461	464	468	470	474	480	485
3A_NB	27	d	416	420	425	427	430	434	438	442	445	450	453	458	462	465	469	471	475	481	/
3A_NB	28	a	434	437	442	444	447	452	457	462	467	472	475	481	486	491	496	498	502	508	514
3A_NB	28	d	435	439	443	445	449	454	459	464	469	474	477	483	488	493	497	499	504	510	/
3A_NB	29	a	449	453	456	459	462	466	470	475	479	484	488	494	497	502	506	508	512	519	524
3A_NB	29	d	450	454	457	460	464	468	472	477	481	486	490	495	499	504	507	509	514	520	/
3A_NB	30	a	456	460	464	467	470	474	478	483	487	492	496	501	504	508	513	516	522	529	534
3A_NB	30	d	457	462	466	469	472	476	480	485	489	494	498	502	505	510	514	518	524	530	/
3A_NB	31	a	464	468	472	474	476	479	484	488	492	497	501	506	510	514	519	523	528	535	540
3A_NB	31	d	465	469	473	475	477	481	485	490	494	499	503	508	512	516	521	524	530	536	/
3A_NB	32	a	472	476	481	485	489	493	497	500	504	508	511	516	520	523	527	530	535	541	547
3A_NB	32	d	473	478	483	487	490	495	498	501	505	509	512	517	521	525	528	531	536	542	/
3A_NB	33	a	498	501	505	509	511	515	519	524	528	533	536	542	546	550	553	556	560	566	572
3A_NB	33	d	499	502	507	510	512	517	521	526	530	535	538	543	547	551	554	557	561	567	/
3A_NB	34	a	504	507	512	515	517	522	525	529	533	538	542	546	551	555	559	561	565	571	577
3A_NB	34	d	505	509	513	516	519	523	527	531	535	540	543	548	552	556	560	562	566	572	/
3A_NB	35	a	511	514	519	522	524	528	532	535	538	543	547	551	556	559	564	566	570	576	583
3A_NB	35	d	512	516	520	523	525	529	533	536	540	545	548	553	557	561	565	567	571	578	/
3A_NB	36	a	520	523	528	530	533	538	543	547	550	554	556	561	566	570	574	578	583	589	595
3A_NB	36	d	521	525	529	532	535	540	544	548	551	555	558	563	568	572	576	580	585	590	/
3A_NB	37	a	535	538	543	545	548	553	558	562	565	568	570	574	578	581	584	587	592	598	605
3A_NB	37	d	536	540	544	547	550	555	559	563	566	569	571	575	579	582	585	588	594	600	/
3A_NB	38	a	554	557	560	562	564	568	573	577	580	584	587	591	595	599	602	605	610	615	622
3A_NB	38	d	555	558	561	563	566	570	574	578	581	585	588	592	596	600	603	606	611	616	/
3A_NB	39	a	559	562	565	567	569	573	578	582	585	589	592	596	600	603	607	610	615	621	628
3A_NB	39	d	560	563	566	568	571	575	579	583	586	590	593	597	601	605	608	611	616	622	/
3A_NB	40	a	564	567	570	572	575	578	583	588	592	596	599	603	607	610	613	617	622	628	635
3A_NB	40	d	565	568	571	573	576	580	585	589	593	597	600	604	608	611	615	618	623	629	/
3A_NB	41	a	569	572	575	577	580	583	588	593	597	601	604	608	612	615	619	622	627	633	638
3A_NB	41	d	570	573	576	578	581	585	590	594	598	602	605	609	613	616	620	623	628	634	/
3A_NB	42	a	574	577	580	583	587	590	594	598	603	606	609	613	617	620	625	629	636	643	649
3A_NB	42	d	575	578	582	585	588	591	595	600	604	607	610	614	618	622	627	631	638	645	/
3A_NB	43	a	586	590	593	595	598	601	604	607	612	615	617	623	628	631	635	638	645	650	655
3A_NB	43	d	587	591	594	596	599	602	605	609	613	616	619	625	629	632	636	640	646	651	/
3A_NB	44	a	615	619	623	625	627	630	634	638	642	645	648	654	658	661	664	668	673	679	685
3A_NB	44	d	616	620	624	626	628	631	635	639	643	646	649	655	659	662	666	670	675	680	/
3A_NB	45	a	629	633	637	640	643	647	651	655	659	663	665	670	673	676	680	683	687	692	697
3A_NB	45	d	630	634	639	642	645	648	652	656	660	664	666	671	674	677	681	684	688	693	/
3A_NB	46	a	639	643	647	650	654	658	663	667	671	675	677	682	685	689	692	695	699	704	709
3A_NB	46	d	640	645	648	652	656	660	664	668	672	676	678	683	687	690	693	696	700	705	/
3A_NB	47	a	651	654	658	661	664	667	671	675	680	685	688	693	696	699	703	707	712	717	722
3A_NB	47	d	652	656	660	662	665	668	672	677	682	687	690	694	697	701	705	708	713	718	/
3A_NB	48	a	670	673	677	680	682	685	689	694	699	703	706	711	715	718	721	724	728	733	739
3A_NB	48	d	671	675	679	681	683	687	691	696	701	705	707	712	716	719	722	725	729	735	/
3A_NB	49	a	699	703	708	710	712	716	720	724	727	730	732	737	740	744	748	752	756	761	767
3A_NB	49	d	700	705	709	711	713	717	721	725	728	731	733	738	742	746	750	753	757	762	/
3A_NB	50	a	720	723	727	730	734	738	743	748	752	756	759	763	767	770	773	776	781	786	791
3A_NB	50	d	721	725	729	732	736	740	745	750	753	757	760	764	768	771	774	777	782	787	/
3A_NB	51	a	725	728	732	735	739	743	748	753	757	761	764	768	772	775	778	782	786	791	796
3A_NB	51	d	726	730	734	737	741	745	750	755	758	762	765	769	773	776	780	783	787	792	/
3A_NB	52	a	730	733	737	740	744	748	753	758	762	766	768	773	777	780	783	787	791	796	801
3A_NB	52	d	731	735	739	742	746	750	755	760	763	767	770	774	778	781	785	788	792	797	/
3A_NB	53	a	735	739	743	745	749	753	758	763	767	771	773	778	783	787	790	793	797	802	807
3A_NB	53	d	736	741	744	747	751	755	760	765	768	772	775	780	784	788	791	794	798	803	/
3A_NB	54	a	740	744	748	750	754	758	763	768	772	776	778	784	788	792	795	797	802	807	812
3A_NB	54	d	741	746	749	752	756	760	765	770	773	777	780	785	789	793	796	799	803	808	/
3A_NB	55	a	768	771	775	778	782	785	788	791	796	800	803	808	813	816	819	823	828	834	839
3A_NB	55	d	769	773	777	780	783	786	789	793	797	802	805	810	814	817	821	825	829	835	/
3A_NB	56	a	797	801	805	807	809	813	817	822	825	829	831	836	840	845	849	853	858	864	870
3A_NB	56	d	798	802	806	808	811	815	819	823	827	830	832	837	842	847	851	855	859	865	/
3A_NB	57	a	827	830	834	837	839	843	847	852	856	859	861	866	870	874	878	881	885	890	895
3A_NB	57	d	828	832	836	838	841	845	849	853	857	860	862	867	871	875	879	882	886	891	/
3A_NB	58	a	857	861	865	867	870	874	878	882	885	888	891	895	900	903	906	908	914	920	925
3A_NB	58	d	858	862	866	868	871	875	879	883	886	889	892	897	901	904	907	910	915	921	/
3A_NB	59	a	887	890	895	897	900	903	907	910	913	918	920	926	930	933	936	939	943	949	954
3A_NB	59	d	888	892	896	898	901	904	908	911	915	919	922	927	931	934	937	940	945	950	/
3A_NB	60	a	917	921	924	926	929	932	936	940	943	947	950	955	959	962	965	968	972	977	983
3A_NB	60	d	918	922	925	927	930	933	937	941	945	949	952	956	960	963	966	969	973	978	/
3A_NB	61	a	947	950	953	955	958	962	966	970	974	978	981	985	988	991	995	998	1002	1007	1012
3A_NB	61	d	948	951	954	956	959	963	967	971	975	979	982	986	989	992	996	999	1003	1008	/
3A_NB	62	a	960	963	966	968	971	975	978	981	984	988	991	995	999	1003	1007	1010	1014	1020	1026
3A_NB	62	d	961	964	967	969	972	976	979	982	985	989	992	996	1000	1004	1008	1011	1015	1021	/
3A_NB	63	a	976	979	983	986	989	993	996	999	1002	1006	1008	1012	1015	1018	1022	1025	1030	1036	1041
3A_NB	63	d	977	980	984	987	990	994	997	1000	1003	1007	1009	1013	1016	1019	1023	1026	1031	1037	/
3A_NB	64	a	991	994	997	1000	1002	1006	1010	1014	1017	1021	1024	1028	1031	1034	1038	1040	1044	1050	1056
3A_NB	64	d	992	995	998	1001	1003	1007	1011	1015	1018	1022	1025	1029	1032	1035	1039	1041	1045	1051	/
