RouteID	RunID	Arrivals/Departures	TimePerStop
1A_SB	1	a	22	29	39	43	46	49	54	59	64	67	71	80	86	89
1A_SB	1	d	23	31	40	44	47	50	56	60	65	68	72	82	87	/
1A_SB	2	a	37	42	51	56	61	64	70	73	80	83	87	97	103	106
1A_SB	2	d	38	43	53	58	62	65	71	75	81	84	88	99	104	/
1A_SB	3	a	61	66	75	78	82	86	91	94	99	103	107	118	124	129
1A_SB	3	d	62	68	76	80	84	87	92	95	100	104	109	120	126	/
1A_SB	4	a	69	74	83	87	91	94	100	103	108	111	115	126	132	136
1A_SB	4	d	70	76	85	89	92	95	101	104	109	112	117	128	133	/
1A_SB	5	a	74	80	88	93	96	99	105	109	114	118	122	132	137	140
1A_SB	5	d	76	81	90	94	97	100	106	110	116	119	123	133	138	/
1A_SB	6	a	80	86	94	98	101	104	109	114	120	124	129	140	147	151
1A_SB	6	d	82	87	95	99	102	105	111	116	122	126	131	142	149	/
1A_SB	7	a	95	102	110	113	116	120	126	130	137	142	146	155	160	164
1A_SB	7	d	97	103	111	114	117	121	127	132	139	143	147	157	161	/
1A_SB	8	a	104	110	118	121	125	129	135	138	144	148	152	160	165	168
1A_SB	8	d	106	111	119	122	126	130	136	140	145	149	153	162	166	/
1A_SB	9	a	113	119	127	131	135	138	144	147	152	157	162	170	175	178
1A_SB	9	d	115	120	128	132	136	139	145	148	154	159	163	171	176	/
1A_SB	10	a	118	125	134	139	144	147	153	156	162	166	169	178	183	186
1A_SB	10	d	120	127	136	141	145	148	154	157	163	167	170	179	184	/
1A_SB	11	a	126	133	144	148	152	155	161	164	169	172	175	184	188	191
1A_SB	11	d	128	135	145	150	153	156	162	165	170	173	176	185	189	/
1A_SB	12	a	132	138	149	153	157	160	166	169	174	177	180	188	193	196
1A_SB	12	d	133	140	150	155	158	161	167	170	175	178	181	190	194	/
1A_SB	13	a	137	144	155	159	162	165	170	174	180	183	186	194	199	203
1A_SB	13	d	138	146	156	160	163	167	172	176	181	184	187	195	200	/
1A_SB	14	a	148	155	163	167	171	176	180	185	189	193	196	204	209	213
1A_SB	14	d	149	156	164	169	173	177	182	186	191	194	197	205	210	/
1A_SB	15	a	159	164	173	177	180	184	190	195	200	203	206	214	220	224
1A_SB	15	d	160	166	175	178	181	186	192	197	201	204	207	215	221	/
1A_SB	16	a	167	174	182	185	188	192	197	201	206	209	213	223	229	235
1A_SB	16	d	169	175	183	186	189	193	199	203	207	210	214	224	231	/
1A_NB	1	a	4	9	15	21	27	30	35	38	43	47	51	55	63	68
1A_NB	1	d	5	10	16	22	28	31	36	39	44	48	52	56	64	/
1A_NB	2	a	26	30	36	44	49	53	58	63	70	75	80	83	90	95
1A_NB	2	d	27	32	38	45	50	55	60	65	72	77	81	85	91	/
1A_NB	3	a	32	37	42	49	55	60	66	70	76	81	85	88	95	100
1A_NB	3	d	33	38	43	51	57	62	67	71	78	82	86	90	96	/
1A_NB	4	a	50	55	62	69	75	78	82	86	91	95	98	101	107	113
1A_NB	4	d	51	57	64	70	76	79	84	87	92	96	99	102	108	/
1A_NB	5	a	59	64	71	78	83	86	90	93	99	103	107	111	119	124
1A_NB	5	d	60	66	73	79	84	87	91	94	100	105	108	112	120	/
1A_NB	6	a	69	74	80	87	92	95	100	103	109	114	118	123	133	140
1A_NB	6	d	70	75	81	88	93	96	101	104	111	116	120	125	135	/
1A_NB	7	a	85	89	95	104	110	113	118	122	129	133	136	141	148	154
1A_NB	7	d	86	91	97	105	111	115	119	123	131	134	138	142	150	/
1A_NB	8	a	95	99	105	112	118	121	126	129	137	140	143	148	156	161
1A_NB	8	d	96	101	107	113	119	122	127	131	138	141	145	150	157	/
1A_NB	9	a	118	123	129	135	140	144	148	152	158	162	166	169	177	183
1A_NB	9	d	120	124	130	136	141	145	149	153	159	163	167	170	178	/
1A_NB	10	a	143	149	156	162	167	171	177	181	188	192	195	198	204	209
1A_NB	10	d	145	151	157	163	168	172	178	183	189	193	196	199	205	/
1A_NB	11	a	153	158	165	171	176	180	185	189	196	200	205	208	214	220
1A_NB	11	d	155	160	166	172	177	181	187	191	198	202	206	209	216	/
1A_NB	12	a	177	181	187	195	201	204	210	213	220	223	226	229	237	243
1A_NB	12	d	179	183	189	196	202	205	211	214	221	224	227	230	238	/
1A_NB	13	a	208	212	218	224	229	233	238	241	247	250	254	257	263	269
1A_NB	13	d	209	213	219	225	230	234	239	242	248	251	255	258	264	/
1A_NB	14	a	222	226	231	237	242	246	252	256	262	266	270	273	280	287
1A_NB	14	d	223	227	232	238	243	247	253	257	263	267	271	274	281	/
1A_NB	15	a	240	245	251	259	265	268	274	278	283	287	290	293	300	307
1A_NB	15	d	241	246	252	260	266	269	275	279	284	288	291	294	301	/
1A_NB	16	a	252	258	264	271	277	281	286	290	296	299	303	307	312	319
1A_NB	16	d	254	259	265	272	278	282	287	291	297	300	304	308	313	/
2A_NB	1	a	4	8	11	17	20	24	29	32	35	45	52	54	57	60	64	67	71	74	77	81	84	88	91	98
2A_NB	1	d	5	9	12	18	21	25	30	33	36	46	53	55	58	61	65	68	72	75	78	82	85	89	93	/
2A_NB	2	a	9	13	16	22	25	30	35	38	42	53	60	63	67	71	76	79	83	87	90	95	100	105	108	114
2A_NB	2	d	10	14	18	23	27	32	36	40	44	54	62	65	69	73	77	81	85	88	92	97	102	106	109	/
2A_NB	3	a	14	19	23	28	31	35	40	43	48	58	65	68	72	76	80	84	88	91	96	101	106	109	113	119
2A_NB	3	d	15	20	24	29	32	37	41	45	50	59	67	70	74	78	82	86	90	93	98	103	107	111	114	/
2A_NB	4	a	21	26	31	37	40	45	51	56	61	71	76	79	82	85	88	91	95	98	103	107	111	114	118	124
2A_NB	4	d	22	28	33	39	42	47	53	58	63	72	78	81	83	86	89	93	97	100	104	108	112	116	119	/
2A_NB	5	a	41	45	50	56	59	63	67	71	76	87	93	95	99	103	107	110	113	115	119	124	129	133	137	143
2A_NB	5	d	42	47	52	58	60	64	68	73	78	88	94	97	101	105	108	111	114	117	121	126	131	135	138	/
2A_NB	6	a	53	57	62	67	69	73	77	81	84	95	103	106	110	113	116	120	125	128	132	137	142	146	149	157
2A_NB	6	d	55	59	63	68	70	74	78	82	86	97	105	108	111	114	118	122	126	129	134	139	144	147	151	/
2A_NB	7	a	62	66	70	75	79	83	88	92	96	105	110	112	115	118	121	125	130	134	139	143	147	151	154	162
2A_NB	7	d	64	67	71	77	80	84	89	93	97	106	111	113	116	119	123	127	132	136	141	144	149	152	156	/
2A_NB	8	a	68	72	77	82	86	90	95	99	104	113	118	120	123	127	131	134	138	141	145	148	152	156	159	167
2A_NB	8	d	70	74	78	84	87	91	96	101	106	114	119	121	124	128	132	136	140	142	146	149	154	157	161	/
2A_NB	9	a	88	93	98	104	107	110	114	117	121	130	135	138	141	145	148	151	155	158	163	168	172	175	178	186
2A_NB	9	d	90	95	100	105	108	111	115	119	123	131	136	139	142	146	149	153	156	160	165	169	173	176	179	/
2A_NB	10	a	96	100	104	109	112	116	121	126	129	138	144	147	150	153	156	158	162	165	169	173	177	180	183	190
2A_NB	10	d	97	101	105	110	114	118	123	127	131	139	145	148	151	154	157	160	163	166	170	174	178	181	185	/
2A_NB	11	a	101	105	109	114	117	121	128	132	135	142	149	152	155	158	162	164	167	169	174	178	182	185	188	195
2A_NB	11	d	102	106	110	115	119	123	129	133	137	144	150	153	156	160	163	165	168	171	175	179	183	186	190	/
2A_NB	12	a	107	111	115	121	123	127	134	138	141	148	156	159	162	165	169	172	175	177	181	185	189	192	195	203
2A_NB	12	d	108	112	117	122	125	129	136	139	143	150	157	160	163	166	170	173	176	178	182	186	190	193	197	/
2A_NB	13	a	112	116	120	126	128	132	139	143	147	154	161	164	167	171	175	178	181	183	186	190	194	197	201	208
2A_NB	13	d	113	117	122	127	130	134	141	145	149	155	162	166	168	172	176	179	182	184	187	191	195	198	202	/
2A_NB	14	a	120	124	129	135	138	141	148	151	155	162	169	172	175	179	182	185	189	192	195	198	203	206	210	217
2A_NB	14	d	121	126	131	137	139	143	149	153	156	163	171	174	176	180	183	187	191	193	196	200	204	207	211	/
2A_NB	15	a	128	132	137	142	145	149	155	160	163	173	179	181	184	187	190	193	196	199	202	205	209	212	217	224
2A_NB	15	d	129	134	139	144	147	151	157	161	165	174	180	182	185	188	191	194	197	200	203	206	210	213	218	/
2A_NB	16	a	133	137	142	147	150	154	160	165	168	178	184	186	189	193	196	198	201	204	207	210	214	217	222	229
2A_NB	16	d	134	139	144	149	152	156	162	166	170	179	185	187	191	194	197	199	202	205	208	211	215	218	223	/
2A_SB	1	a	13	20	25	28	31	35	38	42	47	52	57	61	65	69	73	81	87	91	96	102	106	111	115	118	130
2A_SB	1	d	14	21	26	29	33	36	40	44	49	54	59	63	67	70	75	82	88	93	97	104	107	112	116	119	/
2A_SB	2	a	30	34	41	45	49	53	56	61	66	71	76	79	82	86	89	98	103	107	112	118	121	126	130	134	143
2A_SB	2	d	31	36	43	47	51	54	58	63	68	73	78	80	83	87	91	99	104	109	113	119	122	127	131	135	/
2A_SB	3	a	45	50	57	61	66	68	71	75	79	83	86	88	91	94	98	106	112	117	122	128	131	137	141	146	155
2A_SB	3	d	46	51	58	63	67	70	73	77	80	84	87	89	92	95	99	108	114	119	124	130	133	138	143	147	/
2A_SB	4	a	50	55	63	68	72	74	77	81	85	89	92	95	98	101	105	114	120	124	128	133	136	142	146	151	161
2A_SB	4	d	51	57	65	69	73	76	78	83	86	90	94	96	99	102	107	116	121	125	129	135	138	143	148	152	/
2A_SB	5	a	65	69	76	80	83	86	88	92	95	98	101	103	107	110	113	121	126	130	134	140	143	148	152	156	166
2A_SB	5	d	66	71	77	81	84	87	89	93	96	99	102	105	108	111	114	122	127	131	135	142	144	149	153	157	/
2A_SB	6	a	77	82	89	93	97	99	102	106	110	114	117	119	122	125	129	138	144	147	151	157	159	164	167	170	180
2A_SB	6	d	78	84	91	95	98	100	103	107	111	115	118	120	123	126	130	139	145	148	152	158	160	165	168	171	/
2A_SB	7	a	83	88	94	98	102	104	107	110	115	119	122	124	127	131	135	144	150	153	156	162	164	169	172	175	185
2A_SB	7	d	84	89	96	100	103	105	108	112	116	120	123	125	129	132	136	145	151	154	157	163	165	170	173	176	/
2A_SB	8	a	93	99	105	109	113	115	118	121	125	128	131	133	136	139	143	152	159	162	165	173	176	181	184	187	198
2A_SB	8	d	95	100	106	110	114	116	119	122	126	129	132	134	137	141	144	154	160	163	166	174	177	182	185	188	/
2A_SB	9	a	98	104	110	114	118	120	123	126	130	133	136	139	143	147	151	158	164	167	171	179	181	185	189	192	204
2A_SB	9	d	100	105	111	115	119	121	124	127	131	134	137	140	145	149	153	159	165	168	172	180	182	187	190	194	/
2A_SB	10	a	107	114	120	123	126	128	131	134	138	141	146	149	152	155	159	165	172	175	179	185	187	192	196	200	210
2A_SB	10	d	109	115	121	124	127	129	132	135	139	143	147	150	153	156	160	166	173	176	180	186	189	194	198	201	/
2A_SB	11	a	112	119	125	129	133	137	139	142	146	149	153	155	158	161	165	171	178	181	184	190	192	197	202	206	216
2A_SB	11	d	114	121	127	131	135	138	140	143	147	150	154	156	159	162	166	172	179	182	185	191	194	199	204	207	/
2A_SB	12	a	119	125	130	134	138	142	144	147	151	155	159	161	164	167	171	177	184	188	191	197	200	204	208	211	221
2A_SB	12	d	120	126	132	136	140	143	145	148	152	156	160	162	165	168	172	178	185	189	192	198	201	205	209	212	/
2A_SB	13	a	124	130	135	140	144	148	152	156	160	164	168	170	173	176	180	189	196	199	202	208	212	216	220	223	233
2A_SB	13	d	125	131	137	142	146	150	154	157	161	165	169	171	174	177	182	190	197	200	203	210	213	217	221	224	/
2A_SB	14	a	145	151	158	162	166	169	171	174	178	182	186	188	191	194	198	206	213	218	222	227	231	235	238	242	254
2A_SB	14	d	146	153	160	164	168	170	172	175	179	183	187	189	192	195	199	207	215	220	223	229	232	236	239	244	/
2A_SB	15	a	152	158	165	169	173	175	177	180	183	187	191	193	196	199	203	211	218	223	227	233	236	240	244	247	259
2A_SB	15	d	153	160	167	170	174	176	178	181	184	188	192	194	197	200	204	213	220	225	228	234	237	241	245	249	/
2A_SB	16	a	160	166	174	178	182	185	189	193	197	201	204	206	209	213	216	225	230	233	236	242	245	249	253	256	267
2A_SB	16	d	161	168	176	180	184	187	191	195	198	202	205	207	210	214	217	226	231	234	237	243	246	250	254	258	/
3A_SB	1	a	18	23	27	31	35	38	40	43	48	51	55	59	63	70	73
3A_SB	1	d	19	24	28	33	36	39	41	45	50	52	56	61	64	71	/
3A_SB	2	a	44	48	52	57	61	65	69	73	77	79	83	86	89	94	97
3A_SB	2	d	45	50	54	59	63	67	71	75	78	80	84	87	90	95	/
3A_SB	3	a	61	65	69	73	77	81	85	89	94	96	101	104	107	113	116
3A_SB	3	d	62	66	70	75	79	83	87	91	95	97	102	105	108	114	/
3A_SB	4	a	74	79	84	89	93	96	100	105	110	113	117	120	123	129	132
3A_SB	4	d	75	81	86	91	95	98	102	107	111	114	118	121	124	130	/
3A_SB	5	a	86	91	94	99	103	106	109	113	118	121	125	128	131	137	140
3A_SB	5	d	87	92	95	101	105	107	110	115	119	122	126	129	132	138	/
3A_SB	6	a	94	100	104	108	112	114	117	122	126	129	133	136	139	145	148
3A_SB	6	d	95	102	105	110	113	115	119	124	127	130	134	137	140	146	/
3A_SB	7	a	103	109	113	118	121	124	126	129	133	137	142	145	148	154	159
3A_SB	7	d	104	111	115	119	123	125	127	131	135	139	143	146	149	156	/
3A_SB	8	a	120	126	130	133	136	138	141	145	149	151	155	159	162	169	172
3A_SB	8	d	121	128	131	134	137	139	142	146	150	152	156	160	163	170	/
3A_SB	9	a	129	135	139	143	148	152	154	159	164	166	171	175	178	184	189
3A_SB	9	d	130	137	141	145	150	153	156	161	165	167	172	176	179	186	/
3A_SB	10	a	138	144	148	151	155	158	160	165	169	171	176	180	183	189	194
3A_SB	10	d	139	146	149	152	156	159	162	167	170	172	177	181	184	191	/
3A_SB	11	a	148	154	158	162	166	168	170	173	176	178	183	186	189	195	199
3A_SB	11	d	149	155	159	163	167	169	171	174	177	179	184	187	190	196	/
3A_SB	12	a	153	159	163	167	171	173	176	180	184	186	191	194	197	203	207
3A_SB	12	d	154	160	164	168	172	175	178	182	185	187	192	195	198	204	/
3A_SB	13	a	158	164	168	172	176	178	182	185	189	191	196	199	202	208	212
3A_SB	13	d	159	165	169	173	177	180	183	187	190	192	197	200	203	209	/
3A_SB	14	a	166	171	175	179	182	185	188	192	196	199	204	207	210	216	220
3A_SB	14	d	167	172	176	180	184	186	190	194	198	200	205	208	211	217	/
3A_SB	15	a	173	178	182	185	188	190	193	198	202	204	209	212	216	222	226
3A_SB	15	d	174	180	183	186	189	191	195	200	203	205	210	213	217	223	/
3A_SB	16	a	192	197	202	206	210	212	215	219	223	225	230	233	236	242	246
3A_SB	16	d	193	199	203	207	211	213	216	220	224	226	231	234	237	243	/
3A_NB	1	a	21	25	29	32	36	39	43	47	51	57	61	65	70	73	78	82	86
3A_NB	1	d	22	26	30	34	37	41	44	49	52	58	63	67	71	75	80	83	/
3A_NB	2	a	27	31	36	40	44	49	52	55	58	64	69	73	78	81	86	90	94
3A_NB	2	d	28	33	38	42	46	50	53	56	59	65	71	75	79	83	88	92	/
3A_NB	3	a	41	44	47	50	54	58	61	65	69	75	79	83	88	92	97	102	106
3A_NB	3	d	42	45	48	51	55	59	63	67	71	77	81	85	90	94	99	104	/
3A_NB	4	a	59	63	66	70	75	79	83	87	90	94	97	101	105	108	113	118	123
3A_NB	4	d	60	64	67	72	76	80	84	88	91	95	98	102	107	110	115	120	/
3A_NB	5	a	70	74	78	81	85	89	92	95	98	103	106	110	114	116	120	124	128
3A_NB	5	d	71	75	79	82	86	90	93	96	100	104	107	111	115	117	121	125	/
3A_NB	6	a	79	83	88	92	95	98	101	104	106	110	114	119	122	126	130	135	138
3A_NB	6	d	80	85	90	93	96	99	102	105	107	111	116	120	124	127	132	136	/
3A_NB	7	a	89	93	96	99	102	105	108	112	114	118	122	126	129	132	136	140	144
3A_NB	7	d	90	94	97	100	103	106	109	113	115	119	123	127	130	133	137	142	/
3A_NB	8	a	95	99	103	107	111	116	120	125	129	134	138	142	146	148	154	157	160
3A_NB	8	d	96	101	105	109	113	118	122	127	131	135	139	144	147	150	155	158	/
3A_NB	9	a	100	104	108	112	116	121	126	131	135	141	145	149	153	156	161	164	167
3A_NB	9	d	101	106	110	114	118	123	128	133	137	142	146	150	154	157	162	165	/
3A_NB	10	a	117	120	124	127	130	133	137	141	144	149	153	157	161	164	170	174	177
3A_NB	10	d	118	122	125	128	131	134	138	142	145	150	154	158	162	166	171	175	/
3A_NB	11	a	122	126	129	132	135	138	143	147	151	156	160	164	167	170	175	179	184
3A_NB	11	d	123	127	130	133	136	140	144	149	153	157	161	165	168	171	176	181	/
3A_NB	12	a	144	147	150	153	157	161	165	168	172	176	180	184	188	191	196	200	203
3A_NB	12	d	145	148	151	154	159	163	166	170	173	177	181	185	189	192	197	201	/
3A_NB	13	a	157	159	162	165	168	172	175	178	181	186	189	193	197	199	204	209	214
3A_NB	13	d	158	160	163	166	170	173	176	179	182	187	190	194	198	201	206	211	/
3A_NB	14	a	165	168	172	176	180	185	190	194	198	203	207	210	214	217	221	225	230
3A_NB	14	d	166	170	174	178	182	187	192	196	200	204	208	211	215	218	222	227	/
3A_NB	15	a	173	176	180	183	187	191	195	200	203	208	212	216	220	223	227	231	235
3A_NB	15	d	174	178	181	184	188	192	197	201	205	209	213	217	221	224	229	232	/
3A_NB	16	a	178	181	185	189	194	198	202	207	211	215	219	223	227	231	237	241	245
3A_NB	16	d	179	183	187	191	195	200	204	209	212	216	220	224	229	233	239	242	/
