RouteID	RunID	Arrivals/Departures	TimePerStop
1A_SB	1	a	28	34	40	44	48	52	58	63	69	73	77	88	93	98
1A_SB	1	d	29	35	42	46	50	54	60	65	70	74	78	89	95	/
1A_SB	2	a	39	45	54	58	61	65	71	75	82	85	90	99	103	107
1A_SB	2	d	40	47	56	59	63	67	72	77	83	87	91	100	104	/
1A_SB	3	a	67	73	83	87	91	95	101	105	111	115	120	128	133	137
1A_SB	3	d	68	75	85	89	92	97	102	107	113	117	121	129	134	/
1A_SB	4	a	73	79	89	93	97	101	106	110	116	120	125	134	140	143
1A_SB	4	d	75	81	90	94	98	102	108	112	118	122	127	135	141	/
1A_SB	5	a	95	103	113	116	120	124	128	132	139	143	148	155	161	164
1A_SB	5	d	97	105	114	117	121	125	130	134	141	145	149	156	162	/
1A_SB	6	a	105	111	120	123	126	130	134	138	145	149	152	161	168	172
1A_SB	6	d	107	112	121	124	127	131	135	140	147	150	154	163	169	/
1A_SB	7	a	113	119	129	132	135	138	142	147	154	158	161	169	175	179
1A_SB	7	d	115	120	130	133	136	139	144	149	155	159	162	170	176	/
1A_SB	8	a	118	125	135	139	143	146	150	154	159	163	166	176	183	188
1A_SB	8	d	120	126	136	141	144	147	151	155	160	164	167	178	185	/
1A_SB	9	a	131	138	147	151	155	158	165	169	176	179	183	193	200	203
1A_SB	9	d	133	139	148	152	156	160	166	170	177	180	185	194	201	/
1A_SB	10	a	136	142	152	156	161	165	172	176	183	188	192	201	207	210
1A_SB	10	d	138	144	154	158	163	167	173	177	185	189	193	202	208	/
1A_SB	11	a	143	149	157	161	166	170	177	182	188	193	197	206	212	216
1A_SB	11	d	145	150	159	163	168	172	179	183	190	194	198	207	214	/
1A_SB	12	a	167	175	184	187	190	194	200	204	210	213	216	225	229	232
1A_SB	12	d	169	176	185	188	191	195	201	205	211	214	218	226	230	/
1A_SB	13	a	179	186	197	201	204	209	215	220	226	229	234	242	248	251
1A_SB	13	d	181	188	199	202	206	210	217	222	227	231	235	244	249	/
1A_SB	14	a	192	199	208	211	215	220	227	230	236	240	244	254	259	263
1A_SB	14	d	194	201	209	213	217	222	228	231	238	242	246	255	260	/
1A_SB	15	a	215	222	232	236	240	243	248	252	258	262	266	275	280	284
1A_SB	15	d	217	223	233	237	241	244	249	253	259	264	267	276	281	/
1A_SB	16	a	224	231	239	242	245	248	253	257	263	267	271	280	285	289
1A_SB	16	d	226	232	240	243	246	249	254	259	264	269	273	281	286	/
1A_SB	17	a	233	240	248	251	254	258	263	266	272	277	280	289	295	300
1A_SB	17	d	235	241	249	252	255	259	264	268	274	278	282	291	297	/
1A_SB	18	a	241	247	255	259	263	267	272	275	282	286	289	298	303	307
1A_SB	18	d	242	248	257	261	264	268	273	276	283	287	290	299	304	/
1A_SB	19	a	251	257	268	272	275	279	284	287	294	297	301	310	315	319
1A_SB	19	d	252	259	270	273	276	280	285	288	295	299	303	311	316	/
1A_SB	20	a	256	263	273	277	280	284	290	294	302	306	309	318	325	330
1A_SB	20	d	257	264	275	278	281	285	292	296	303	307	311	320	327	/
1A_SB	21	a	261	268	278	282	286	290	297	300	307	311	315	324	330	334
1A_SB	21	d	262	269	280	284	288	292	298	302	308	313	317	325	332	/
1A_SB	22	a	268	275	283	288	292	295	302	306	312	316	320	329	335	339
1A_SB	22	d	269	277	285	290	293	297	304	307	313	318	322	330	337	/
1A_SB	23	a	287	294	302	305	308	311	317	320	325	328	331	341	347	350
1A_SB	23	d	289	295	303	306	309	312	318	321	326	329	332	342	348	/
1A_SB	24	a	292	299	307	310	313	316	323	326	332	336	340	351	358	362
1A_SB	24	d	294	301	308	311	314	317	324	328	334	338	342	352	360	/
1A_SB	25	a	297	304	312	315	319	322	329	332	338	341	345	355	363	367
1A_SB	25	d	299	306	313	316	320	323	330	334	339	343	347	357	365	/
1A_SB	26	a	303	310	317	321	325	328	335	338	343	346	351	361	368	372
1A_SB	26	d	305	311	318	322	326	329	336	339	344	348	353	363	370	/
1A_SB	27	a	312	318	327	331	335	338	345	350	355	359	362	371	378	382
1A_SB	27	d	313	320	328	332	336	340	347	351	356	360	364	373	379	/
1A_SB	28	a	317	323	332	336	340	343	350	355	360	363	367	376	383	387
1A_SB	28	d	318	325	333	337	341	345	352	356	361	365	369	378	384	/
1A_SB	29	a	322	328	339	343	347	351	357	361	367	370	373	381	388	392
1A_SB	29	d	323	330	340	344	348	352	358	362	368	371	374	383	389	/
1A_SB	30	a	327	333	344	348	352	356	362	366	372	375	378	387	393	396
1A_SB	30	d	328	335	345	349	353	357	363	367	373	376	379	388	394	/
1A_SB	31	a	333	338	349	353	358	362	368	372	378	382	385	394	398	401
1A_SB	31	d	334	340	350	355	360	363	369	373	379	383	386	395	399	/
1A_SB	32	a	346	351	359	363	366	369	375	379	384	388	391	399	403	406
1A_SB	32	d	347	352	360	364	367	370	376	380	385	389	392	400	404	/
1A_NB	1	a	17	21	26	34	40	43	48	52	59	63	67	70	77	81
1A_NB	1	d	18	22	27	35	41	44	49	53	60	64	68	71	78	/
1A_NB	2	a	23	27	33	41	47	51	57	62	68	73	77	81	87	92
1A_NB	2	d	24	29	34	42	49	52	59	63	70	74	79	82	89	/
1A_NB	3	a	43	47	54	62	69	72	78	82	88	92	97	101	109	115
1A_NB	3	d	44	49	56	64	70	73	79	83	89	94	99	103	111	/
1A_NB	4	a	51	55	62	69	75	78	83	87	94	99	104	107	115	121
1A_NB	4	d	52	57	63	70	76	79	84	89	96	101	105	109	117	/
1A_NB	5	a	62	66	71	79	85	88	93	97	103	107	111	115	123	129
1A_NB	5	d	63	67	73	80	86	89	94	98	104	109	113	117	125	/
1A_NB	6	a	67	71	76	85	92	97	103	108	115	120	123	127	134	139
1A_NB	6	d	68	72	78	87	94	99	105	110	117	121	125	128	135	/
1A_NB	7	a	71	76	81	90	97	102	108	113	120	125	129	133	140	145
1A_NB	7	d	73	77	83	92	99	104	110	115	122	127	131	134	141	/
1A_NB	8	a	88	93	99	107	114	118	123	126	132	137	141	144	152	157
1A_NB	8	d	90	94	100	109	115	119	124	128	134	138	142	145	154	/
1A_NB	9	a	118	123	128	136	143	147	153	157	163	166	170	173	181	187
1A_NB	9	d	120	124	129	138	145	149	154	158	164	167	171	174	182	/
1A_NB	10	a	127	132	138	145	152	156	163	168	174	178	183	186	194	200
1A_NB	10	d	129	134	140	147	154	158	165	169	176	180	184	187	195	/
1A_NB	11	a	143	148	155	163	169	172	178	182	190	193	198	202	210	217
1A_NB	11	d	145	150	156	165	170	174	179	184	191	195	200	204	212	/
1A_NB	12	a	151	155	162	170	175	178	184	188	195	198	203	207	215	222
1A_NB	12	d	152	157	163	171	176	180	185	189	196	200	205	209	217	/
1A_NB	13	a	159	163	169	175	180	184	189	194	200	204	208	213	222	228
1A_NB	13	d	160	165	170	176	181	185	191	195	202	205	210	214	223	/
1A_NB	14	a	166	171	177	183	189	193	198	202	208	211	215	219	228	235
1A_NB	14	d	167	173	178	184	190	194	199	203	209	213	216	220	229	/
1A_NB	15	a	172	177	182	188	194	198	204	208	214	218	221	225	233	240
1A_NB	15	d	173	178	183	189	196	199	205	209	215	219	222	226	234	/
1A_NB	16	a	177	182	187	193	199	203	210	214	220	224	227	230	238	245
1A_NB	16	d	178	183	188	194	201	205	211	215	221	225	228	231	239	/
1A_NB	17	a	184	189	194	202	207	210	215	220	226	230	234	237	245	250
1A_NB	17	d	185	190	196	203	208	211	217	221	227	232	235	238	246	/
1A_NB	18	a	189	194	200	208	213	216	221	225	232	236	240	243	250	255
1A_NB	18	d	190	195	202	209	214	217	222	226	233	238	241	244	251	/
1A_NB	19	a	218	222	228	235	241	245	250	254	261	265	268	271	277	283
1A_NB	19	d	219	224	230	236	242	246	251	255	262	266	269	272	278	/
1A_NB	20	a	240	245	251	258	264	269	276	280	287	291	295	298	305	311
1A_NB	20	d	242	247	253	260	266	271	278	282	289	292	296	299	306	/
1A_NB	21	a	263	268	274	282	287	290	295	299	306	309	312	316	322	328
1A_NB	21	d	265	269	275	283	288	291	296	300	307	310	313	317	324	/
1A_NB	22	a	288	294	300	307	313	317	324	328	334	337	341	344	353	358
1A_NB	22	d	290	296	301	309	315	319	326	330	335	338	342	345	354	/
1A_NB	23	a	294	300	306	314	321	325	332	337	343	347	350	353	362	368
1A_NB	23	d	296	302	308	316	323	327	334	339	345	348	351	354	363	/
1A_NB	24	a	302	307	313	321	327	331	338	343	350	354	358	362	371	377
1A_NB	24	d	304	309	315	322	329	333	340	345	352	356	360	363	372	/
1A_NB	25	a	308	312	318	326	332	336	343	348	355	359	363	367	376	381
1A_NB	25	d	309	314	320	327	334	338	345	350	357	361	365	368	377	/
1A_NB	26	a	313	317	324	332	338	342	349	353	360	364	368	372	381	387
1A_NB	26	d	314	319	326	333	340	344	350	355	362	366	370	373	383	/
1A_NB	27	a	339	344	350	358	363	367	372	376	384	388	392	395	402	407
1A_NB	27	d	340	345	351	359	364	368	373	378	386	390	393	396	403	/
1A_NB	28	a	363	367	373	381	386	391	396	401	408	411	414	418	428	432
1A_NB	28	d	364	369	375	382	388	392	398	402	409	412	415	420	429	/
1A_NB	29	a	393	398	404	411	416	420	427	431	437	440	444	447	454	461
1A_NB	29	d	394	399	405	412	418	422	428	432	438	441	445	448	456	/
1A_NB	30	a	423	428	433	441	447	450	455	459	465	469	473	477	485	490
1A_NB	30	d	424	429	435	442	448	452	457	460	466	470	474	478	486	/
1A_NB	31	a	453	457	462	471	476	480	486	489	495	498	501	504	510	516
1A_NB	31	d	454	458	464	472	477	481	487	490	496	499	502	505	511	/
1A_NB	32	a	483	487	493	500	505	509	513	517	522	525	528	531	538	543
1A_NB	32	d	484	488	494	501	506	510	514	518	523	526	529	532	539	/
2A_NB	1	a	4	7	12	18	20	24	30	33	36	46	52	55	58	61	65	68	71	74	78	82	86	89	93	99
2A_NB	1	d	5	8	13	19	21	25	31	34	37	47	53	56	59	62	66	69	72	75	79	83	87	90	94	/
2A_NB	2	a	18	21	26	32	36	40	46	50	54	65	70	73	75	79	82	85	88	90	94	97	101	104	107	114
2A_NB	2	d	19	23	28	34	38	42	48	51	55	66	71	74	76	80	83	86	89	91	95	98	102	105	108	/
2A_NB	3	a	23	26	31	38	41	45	52	55	59	70	75	78	81	85	88	91	94	96	100	103	107	111	114	121
2A_NB	3	d	24	28	33	39	43	47	53	56	60	71	76	79	82	86	89	92	95	97	101	104	108	112	115	/
2A_NB	4	a	28	31	36	43	46	50	57	60	63	75	80	83	86	90	93	96	99	101	105	109	113	117	120	127
2A_NB	4	d	29	33	38	44	48	52	58	61	65	76	81	84	87	91	94	97	100	102	106	110	114	118	121	/
2A_NB	5	a	38	43	47	52	54	58	65	70	73	84	89	92	95	98	101	104	108	110	114	118	122	126	129	136
2A_NB	5	d	40	44	48	53	56	60	67	71	74	85	90	93	96	99	102	105	109	111	115	119	123	127	130	/
2A_NB	6	a	68	72	75	81	83	86	91	94	97	106	111	113	115	119	122	125	128	130	134	138	142	145	148	156
2A_NB	6	d	70	73	76	82	84	87	92	95	98	107	112	114	116	120	123	126	129	131	135	139	143	146	149	/
2A_NB	7	a	73	78	82	88	90	93	98	101	104	113	118	120	122	125	128	131	134	136	140	144	148	151	154	163
2A_NB	7	d	75	79	83	89	91	94	99	102	105	114	119	121	123	126	129	132	135	137	141	145	149	152	155	/
2A_NB	8	a	79	83	88	93	95	98	103	106	109	118	123	126	128	131	134	137	140	142	146	150	154	159	163	171
2A_NB	8	d	80	85	90	94	96	99	104	107	110	119	124	127	129	132	135	138	141	143	147	151	156	161	165	/
2A_NB	9	a	95	98	102	106	109	113	119	122	126	134	140	142	144	147	152	154	158	161	165	168	173	178	181	189
2A_NB	9	d	96	99	103	108	111	115	120	124	128	135	141	143	145	149	153	155	159	162	166	170	175	179	182	/
2A_NB	10	a	101	104	108	113	115	119	125	128	132	140	147	149	151	154	158	161	166	169	172	176	181	185	190	198
2A_NB	10	d	102	105	109	114	117	121	126	130	134	142	148	150	152	156	160	163	167	170	174	178	183	187	191	/
2A_NB	11	a	125	129	133	138	141	145	151	155	158	166	174	176	179	182	186	190	194	196	200	203	208	212	216	223
2A_NB	11	d	126	130	134	140	143	147	153	156	159	167	175	177	180	184	188	191	195	197	201	205	210	213	217	/
2A_NB	12	a	150	153	158	165	168	173	179	184	188	196	202	205	207	211	215	217	220	223	227	231	235	238	242	251
2A_NB	12	d	151	155	160	167	170	174	181	186	189	197	203	206	208	212	216	218	222	225	229	233	236	239	244	/
2A_NB	13	a	180	183	188	195	198	202	208	213	216	225	231	233	235	238	243	246	249	251	255	259	263	266	269	276
2A_NB	13	d	181	185	190	197	200	204	210	214	217	226	232	234	236	240	244	247	250	252	256	260	264	267	270	/
2A_NB	14	a	189	192	196	202	204	207	213	218	221	230	236	238	240	244	248	251	254	257	260	264	269	273	276	283
2A_NB	14	d	190	193	197	203	205	209	215	219	222	231	237	239	241	245	249	252	256	258	261	266	270	274	277	/
2A_NB	15	a	194	197	201	207	209	214	219	223	226	235	242	245	248	252	256	259	263	265	268	272	276	280	283	290
2A_NB	15	d	195	198	202	208	211	215	220	224	227	237	244	246	249	253	257	260	264	266	269	273	277	281	284	/
2A_NB	16	a	199	202	206	212	215	219	224	228	232	241	248	250	253	257	261	264	268	270	273	276	281	285	289	296
2A_NB	16	d	200	203	207	213	216	220	225	229	233	242	249	251	254	258	262	265	269	271	274	278	282	286	290	/
2A_NB	17	a	204	207	211	217	220	224	230	234	238	246	253	255	258	262	266	269	272	275	278	281	286	289	294	301
2A_NB	17	d	205	208	212	218	221	225	231	235	240	247	254	256	260	263	267	270	274	276	279	283	287	291	295	/
2A_NB	18	a	209	213	216	222	225	229	235	239	243	251	258	261	264	267	271	274	277	280	283	286	291	294	299	306
2A_NB	18	d	210	214	217	223	226	230	236	241	245	252	259	262	265	268	272	275	279	281	284	288	292	296	300	/
2A_NB	19	a	214	218	221	227	229	234	240	244	248	256	262	266	269	272	276	279	282	285	289	293	297	300	303	311
2A_NB	19	d	215	219	222	228	231	235	241	246	250	257	264	267	270	273	277	280	284	286	290	294	298	301	305	/
2A_NB	20	a	219	223	226	232	234	239	245	249	253	263	269	272	275	278	282	285	289	291	295	299	302	306	309	316
2A_NB	20	d	220	224	228	233	236	240	246	251	255	264	270	273	276	279	283	286	290	292	296	300	303	307	310	/
2A_NB	21	a	225	228	232	237	240	244	250	254	259	268	274	277	280	283	287	290	294	296	300	304	307	311	314	323
2A_NB	21	d	226	229	233	239	241	245	251	256	260	269	275	278	281	284	288	291	295	297	301	305	308	312	315	/
2A_NB	22	a	235	238	243	248	251	256	262	266	270	281	289	292	294	298	301	303	306	308	312	316	319	322	326	335
2A_NB	22	d	236	240	244	250	253	257	263	267	271	282	290	293	295	299	302	304	307	309	313	317	320	323	327	/
2A_NB	23	a	265	268	272	278	281	286	291	295	299	310	316	318	320	324	328	330	333	336	340	343	347	350	353	361
2A_NB	23	d	266	270	274	280	283	287	292	296	301	311	317	319	321	325	329	331	334	337	341	344	348	351	354	/
2A_NB	24	a	295	299	303	308	312	315	320	324	329	337	344	347	349	353	357	359	362	364	368	372	375	379	382	388
2A_NB	24	d	296	300	304	310	313	316	322	326	331	339	345	348	351	354	358	360	363	365	369	373	376	380	383	/
2A_NB	25	a	309	313	317	324	327	330	335	339	344	353	361	363	365	369	373	375	378	381	385	388	392	395	398	405
2A_NB	25	d	310	314	319	325	328	331	337	341	346	355	362	364	366	370	374	376	380	382	386	390	393	396	400	/
2A_NB	26	a	339	343	347	353	356	359	365	369	374	384	390	393	395	399	402	405	409	411	415	419	422	425	429	436
2A_NB	26	d	340	344	349	355	357	361	367	371	375	385	391	394	396	400	403	406	410	412	416	420	423	426	430	/
2A_NB	27	a	369	373	376	384	386	389	396	400	403	413	420	423	425	428	431	434	437	440	443	446	450	453	456	463
2A_NB	27	d	370	374	378	385	387	390	397	401	405	414	421	424	426	429	432	435	438	441	444	447	451	454	457	/
2A_NB	28	a	399	402	407	412	414	418	424	429	432	440	446	449	451	454	457	461	464	467	471	474	478	481	484	491
2A_NB	28	d	400	404	408	413	416	419	426	430	433	441	447	450	452	455	459	462	466	468	472	475	479	482	485	/
2A_NB	29	a	429	433	437	442	445	448	455	458	461	468	476	479	481	484	488	491	495	497	500	503	507	510	514	520
2A_NB	29	d	430	434	438	443	446	449	456	459	462	470	477	480	482	485	489	492	496	498	501	504	508	511	515	/
2A_NB	30	a	459	462	466	471	473	477	482	486	489	499	505	507	510	514	518	521	525	527	530	533	536	539	542	549
2A_NB	30	d	460	463	467	472	474	478	483	487	490	500	506	508	511	515	519	522	526	528	531	534	537	540	543	/
2A_NB	31	a	475	479	483	489	491	495	501	505	508	517	523	526	529	533	537	539	543	546	550	554	557	561	565	572
2A_NB	31	d	476	480	484	490	492	496	502	506	509	518	524	527	530	534	538	540	544	547	551	555	558	562	566	/
2A_NB	32	a	492	496	499	505	508	512	518	522	526	535	542	544	546	549	552	555	559	561	564	567	570	573	576	584
2A_NB	32	d	493	497	500	506	509	513	519	523	527	536	543	545	547	550	553	556	560	562	565	568	571	574	577	/
2A_SB	1	a	12	18	23	27	32	36	40	43	48	52	57	60	65	69	72	80	85	89	92	98	100	104	108	113	122
2A_SB	1	d	13	19	25	29	34	38	41	45	49	54	59	62	67	70	73	81	86	90	93	99	101	105	110	115	/
2A_SB	2	a	32	37	42	45	49	52	56	60	65	70	76	79	83	87	91	98	104	108	112	119	121	126	129	133	143
2A_SB	2	d	33	38	43	47	51	54	58	62	67	72	78	80	84	88	92	99	105	109	114	120	122	127	130	134	/
2A_SB	3	a	43	48	55	60	64	68	71	75	79	83	87	89	92	96	100	108	115	120	124	131	133	138	142	145	156
2A_SB	3	d	44	50	57	62	66	70	73	76	80	84	88	90	93	97	102	110	117	122	125	132	134	139	143	146	/
2A_SB	4	a	48	54	61	65	69	73	77	81	85	89	93	95	98	102	106	116	123	126	129	136	140	144	148	151	160
2A_SB	4	d	49	56	63	67	71	75	78	82	86	90	94	96	99	103	108	118	124	127	130	138	141	145	149	153	/
2A_SB	5	a	64	69	76	79	83	86	89	93	97	100	104	106	110	114	119	129	136	140	144	149	151	155	159	164	173
2A_SB	5	d	65	71	77	80	84	87	90	94	98	101	105	108	112	116	121	131	138	142	145	150	152	156	161	165	/
2A_SB	6	a	77	83	89	93	97	100	104	109	113	118	122	124	128	131	135	143	150	153	156	161	163	167	170	173	182
2A_SB	6	d	79	85	91	95	99	102	106	110	115	120	123	125	129	132	136	144	151	154	157	162	164	168	171	174	/
2A_SB	7	a	93	100	105	109	114	117	121	124	127	131	134	136	140	144	148	156	163	166	170	175	179	182	185	189	198
2A_SB	7	d	95	101	107	111	116	119	122	125	128	132	135	137	141	145	149	157	164	167	171	177	180	183	186	190	/
2A_SB	8	a	107	113	119	123	127	130	133	136	139	143	146	149	152	157	162	172	180	184	188	194	197	201	204	208	221
2A_SB	8	d	109	114	120	124	128	131	134	137	140	144	148	150	154	159	164	173	181	185	189	195	198	202	205	210	/
2A_SB	9	a	117	123	130	134	137	140	142	146	150	154	157	160	163	167	170	180	187	191	195	202	205	209	212	216	228
2A_SB	9	d	119	124	131	135	138	141	143	148	151	155	158	161	164	168	172	182	188	192	196	203	206	210	213	217	/
2A_SB	10	a	123	129	137	141	145	149	152	156	160	164	167	169	173	177	181	189	195	199	203	210	213	217	220	224	234
2A_SB	10	d	125	131	139	143	147	151	154	157	161	165	168	171	175	179	182	190	196	200	204	211	214	218	221	225	/
2A_SB	11	a	144	151	157	161	166	169	172	175	178	181	184	186	189	192	196	203	209	212	217	222	226	231	235	238	248
2A_SB	11	d	146	153	159	163	168	170	173	176	179	182	185	187	190	193	198	205	210	214	218	224	228	232	236	239	/
2A_SB	12	a	153	160	165	170	173	175	178	181	185	189	192	194	197	200	204	211	218	222	227	232	234	238	242	246	256
2A_SB	12	d	155	161	167	171	174	176	179	182	186	190	193	195	198	201	206	213	220	224	228	233	235	239	244	248	/
2A_SB	13	a	161	167	174	179	183	187	191	195	198	202	205	207	211	214	218	225	231	235	239	245	247	252	257	260	269
2A_SB	13	d	162	169	176	181	185	189	193	196	199	203	206	209	212	215	219	226	232	236	240	246	248	254	258	261	/
2A_SB	14	a	175	180	185	189	192	195	198	201	205	210	214	217	222	226	230	237	243	247	250	256	258	262	266	269	279
2A_SB	14	d	176	181	186	190	193	196	199	203	207	211	216	219	224	227	231	238	244	248	251	257	259	263	267	270	/
2A_SB	15	a	184	190	195	199	203	206	209	212	215	218	222	224	228	231	235	242	248	252	255	261	263	268	273	278	289
2A_SB	15	d	185	191	196	200	204	207	210	213	216	219	223	225	229	232	236	243	249	253	256	262	265	270	275	280	/
2A_SB	16	a	198	202	208	213	218	220	222	225	228	232	236	239	242	246	249	255	262	267	270	276	278	282	286	290	299
2A_SB	16	d	199	204	210	215	219	221	223	226	229	233	237	240	243	247	250	257	264	268	271	277	279	283	287	291	/
2A_SB	17	a	204	209	214	218	223	225	227	230	233	238	242	244	247	252	255	262	268	272	275	281	283	287	291	295	304
2A_SB	17	d	206	210	215	220	224	226	228	231	235	239	243	245	249	253	256	263	269	273	276	282	284	288	292	296	/
2A_SB	18	a	215	221	227	231	235	237	240	243	246	250	254	256	259	263	266	273	279	282	285	289	291	295	300	303	314
2A_SB	18	d	217	223	229	233	236	239	241	244	247	251	255	257	260	264	267	274	280	283	286	290	292	297	301	304	/
2A_SB	19	a	227	234	240	243	246	248	251	254	257	261	265	267	270	274	278	286	293	297	301	306	308	312	316	320	329
2A_SB	19	d	229	235	241	244	247	249	252	255	258	262	266	268	271	275	279	287	294	298	302	307	309	313	318	321	/
2A_SB	20	a	233	239	244	248	251	253	256	259	262	266	270	272	275	279	283	291	298	302	306	311	313	319	323	326	335
2A_SB	20	d	234	240	246	249	252	254	257	260	263	267	271	273	276	280	284	292	299	303	307	312	315	320	324	327	/
2A_SB	21	a	242	248	253	257	262	264	267	270	273	276	280	282	285	288	291	300	306	310	314	320	323	329	332	335	343
2A_SB	21	d	243	249	255	259	263	265	268	271	274	277	281	283	286	289	292	301	308	311	315	321	325	330	333	336	/
2A_SB	22	a	248	254	259	263	267	270	273	276	279	282	286	288	292	295	298	306	312	315	319	326	330	335	338	341	349
2A_SB	22	d	249	255	261	264	269	272	274	277	280	283	287	289	293	296	300	307	313	316	321	328	332	336	339	342	/
2A_SB	23	a	262	268	275	278	282	284	286	289	292	296	300	302	306	310	313	320	327	330	334	340	343	347	351	354	363
2A_SB	23	d	263	270	276	280	283	285	287	290	293	297	301	303	307	311	314	322	328	331	335	341	344	348	352	355	/
2A_SB	24	a	267	273	280	283	288	291	293	296	299	303	307	309	313	317	320	326	332	336	340	346	349	353	357	360	369
2A_SB	24	d	268	275	281	285	289	292	294	297	300	304	308	310	314	318	321	327	333	337	341	347	350	354	358	361	/
2A_SB	25	a	273	278	285	289	293	296	298	301	305	309	313	315	319	322	325	332	337	342	346	352	355	359	362	367	376
2A_SB	25	d	274	280	287	290	294	297	299	302	306	310	314	316	320	323	327	333	339	343	347	353	356	360	364	368	/
2A_SB	26	a	278	283	291	294	298	301	303	306	310	314	318	321	325	328	332	339	344	348	351	357	360	364	368	372	381
2A_SB	26	d	279	285	292	295	299	302	304	307	311	315	319	322	326	330	333	340	345	349	352	358	361	366	369	373	/
2A_SB	27	a	283	288	296	299	303	306	308	311	315	319	323	326	330	334	337	344	351	355	358	364	367	371	374	378	386
2A_SB	27	d	284	290	297	300	304	307	309	312	316	320	324	327	332	335	338	345	352	356	359	365	368	372	375	379	/
2A_SB	28	a	288	293	301	305	309	312	314	318	321	325	329	332	336	339	342	349	357	362	366	372	375	379	383	387	395
2A_SB	28	d	289	295	302	306	310	313	315	319	322	326	330	333	337	340	343	351	359	363	367	373	376	380	384	388	/
2A_SB	29	a	299	305	312	316	319	322	324	328	331	334	338	342	346	349	353	361	366	371	375	381	383	387	391	396	406
2A_SB	29	d	300	306	313	317	320	323	325	329	332	336	340	343	347	350	354	362	368	372	376	382	384	388	393	397	/
2A_SB	30	a	304	310	317	321	324	328	330	333	336	339	343	346	350	354	358	365	371	376	381	387	389	393	397	401	411
2A_SB	30	d	305	311	319	322	326	329	331	334	337	341	345	348	352	355	360	367	373	378	382	388	390	394	398	402	/
2A_SB	31	a	323	328	334	338	343	346	349	353	358	362	367	370	374	379	383	390	395	398	402	409	412	417	421	425	433
2A_SB	31	d	324	329	335	340	345	347	351	355	359	364	369	372	376	380	384	391	396	399	403	410	413	418	422	426	/
2A_SB	32	a	353	358	363	367	371	374	378	383	387	392	396	400	404	408	412	419	425	428	431	437	440	445	449	454	463
2A_SB	32	d	354	359	365	369	373	376	380	385	389	394	398	402	406	410	413	420	426	429	432	438	441	446	451	455	/
3A_SB	1	a	29	35	38	42	45	47	50	55	60	63	69	73	77	83	87
3A_SB	1	d	30	36	39	43	46	49	52	57	62	65	71	75	78	84	/
3A_SB	2	a	40	46	51	56	60	64	68	72	77	79	84	88	91	97	101
3A_SB	2	d	41	48	53	58	62	66	70	74	78	80	85	89	92	98	/
3A_SB	3	a	63	69	73	78	82	85	87	91	96	99	104	108	111	116	120
3A_SB	3	d	64	71	75	79	83	86	88	93	97	100	105	109	112	117	/
3A_SB	4	a	74	79	84	89	93	97	101	106	111	113	117	121	124	130	134
3A_SB	4	d	75	81	86	91	95	99	103	108	112	114	118	122	125	131	/
3A_SB	5	a	97	102	105	108	111	114	117	120	123	125	130	133	136	142	145
3A_SB	5	d	98	103	106	109	112	115	118	121	124	126	131	134	137	143	/
3A_SB	6	a	102	107	111	114	117	120	122	126	129	132	138	142	146	152	157
3A_SB	6	d	103	108	112	115	118	121	123	127	131	134	140	144	147	154	/
3A_SB	7	a	123	129	133	137	141	143	146	149	153	155	160	163	167	172	176
3A_SB	7	d	124	130	134	138	142	144	147	150	154	156	161	164	168	174	/
3A_SB	8	a	128	134	138	142	146	148	151	155	159	161	167	171	175	181	185
3A_SB	8	d	129	136	139	143	147	149	152	156	160	163	169	172	177	183	/
3A_SB	9	a	137	143	146	150	154	156	159	163	167	169	173	176	180	187	190
3A_SB	9	d	138	144	147	151	155	157	160	164	168	170	174	177	182	188	/
3A_SB	10	a	145	151	154	158	162	164	167	171	175	177	181	184	187	193	196
3A_SB	10	d	146	152	155	159	163	165	169	172	176	178	182	185	188	194	/
3A_SB	11	a	151	157	161	166	170	173	177	181	185	187	192	195	198	204	208
3A_SB	11	d	152	159	163	168	172	175	179	183	186	188	193	196	199	205	/
3A_SB	12	a	168	173	176	180	185	188	191	196	201	203	208	211	214	219	223
3A_SB	12	d	169	174	178	182	187	190	193	198	202	204	209	212	215	221	/
3A_SB	13	a	195	200	205	209	212	214	217	220	224	226	230	233	236	241	244
3A_SB	13	d	196	202	206	210	213	215	218	221	225	227	231	234	237	242	/
3A_SB	14	a	201	206	210	214	218	221	225	230	234	236	240	243	246	252	256
3A_SB	14	d	202	207	211	216	220	223	227	232	235	237	241	244	247	254	/
3A_SB	15	a	208	213	218	223	227	230	232	236	239	242	246	249	252	258	263
3A_SB	15	d	209	215	220	225	228	231	233	237	240	243	247	250	253	260	/
3A_SB	16	a	222	227	232	237	241	245	249	253	257	260	264	267	270	276	279
3A_SB	16	d	223	229	233	239	243	247	251	255	258	261	265	268	271	277	/
3A_SB	17	a	228	234	238	243	246	250	254	259	263	266	270	273	278	285	288
3A_SB	17	d	229	235	240	244	248	252	256	261	264	267	271	275	280	286	/
3A_SB	18	a	242	248	253	257	260	262	264	268	271	273	278	282	287	295	299
3A_SB	18	d	243	250	254	258	261	263	265	269	272	274	280	284	289	297	/
3A_SB	19	a	248	254	258	262	266	269	273	278	283	285	291	294	297	305	309
3A_SB	19	d	249	255	260	264	268	271	275	280	284	286	292	295	299	306	/
3A_SB	20	a	259	264	268	271	274	277	280	285	289	292	298	301	304	311	315
3A_SB	20	d	260	265	269	272	275	278	282	286	290	293	299	302	305	312	/
3A_SB	21	a	267	272	277	281	284	287	289	292	296	299	304	307	310	317	321
3A_SB	21	d	268	274	278	282	285	288	290	293	297	300	305	308	311	318	/
3A_SB	22	a	274	279	284	287	291	294	296	299	303	305	310	313	316	322	326
3A_SB	22	d	275	281	285	288	292	295	297	300	304	306	311	314	317	323	/
3A_SB	23	a	279	284	289	292	296	300	302	305	309	312	317	321	324	330	333
3A_SB	23	d	280	286	290	293	298	301	303	306	311	313	318	322	325	331	/
3A_SB	24	a	286	291	295	298	302	306	309	313	317	319	324	328	331	337	341
3A_SB	24	d	287	292	296	299	304	308	311	315	318	321	325	329	332	339	/
3A_SB	25	a	293	298	302	306	310	314	316	320	324	326	330	333	336	342	346
3A_SB	25	d	294	300	303	308	312	315	317	322	325	327	331	334	337	344	/
3A_SB	26	a	299	305	308	312	316	318	321	325	329	332	337	340	343	349	353
3A_SB	26	d	300	306	309	314	317	320	322	327	330	333	338	341	345	351	/
3A_SB	27	a	311	317	322	326	329	332	334	338	342	345	350	353	356	361	365
3A_SB	27	d	312	319	323	327	330	333	335	339	343	346	351	354	357	363	/
3A_SB	28	a	316	322	327	331	334	337	339	343	348	350	355	358	361	367	370
3A_SB	28	d	317	324	328	332	335	338	340	345	349	351	356	359	362	368	/
3A_SB	29	a	323	329	333	336	339	343	345	348	353	355	360	363	367	373	376
3A_SB	29	d	324	330	334	337	341	344	346	350	354	356	361	364	368	374	/
3A_SB	30	a	331	337	342	345	350	353	356	359	363	366	370	373	377	382	386
3A_SB	30	d	332	339	343	347	351	354	357	360	364	367	371	374	378	384	/
3A_SB	31	a	336	342	347	351	355	358	361	365	369	372	376	379	382	388	392
3A_SB	31	d	337	344	348	352	356	359	363	366	370	373	377	380	384	390	/
3A_SB	32	a	358	363	368	372	375	377	379	383	387	389	394	397	400	406	411
3A_SB	32	d	359	365	369	373	376	378	380	384	388	390	395	398	401	408	/
3A_NB	1	a	28	32	36	41	45	49	54	58	62	67	71	75	79	82	88	92	95
3A_NB	1	d	29	34	38	43	47	51	56	60	63	68	72	76	80	84	89	93	/
3A_NB	2	a	57	61	65	70	74	79	83	87	91	96	100	104	107	110	114	118	121
3A_NB	2	d	58	62	67	72	76	81	85	89	93	97	101	105	108	111	115	119	/
3A_NB	3	a	67	70	74	78	82	87	91	96	100	105	109	113	116	119	123	126	130
3A_NB	3	d	68	71	76	80	84	89	93	98	102	106	110	114	117	120	124	127	/
3A_NB	4	a	72	75	79	83	87	92	97	102	106	113	117	121	124	127	131	134	138
3A_NB	4	d	73	76	81	85	89	94	99	104	108	114	118	122	125	128	132	135	/
3A_NB	5	a	84	87	92	97	101	105	110	115	119	124	128	132	135	138	142	146	150
3A_NB	5	d	85	89	94	99	103	107	112	117	121	125	129	133	136	139	143	147	/
3A_NB	6	a	92	95	99	104	108	113	118	123	126	130	134	138	142	145	150	155	158
3A_NB	6	d	93	97	101	106	110	115	120	124	127	131	135	139	143	147	152	156	/
3A_NB	7	a	106	110	114	119	122	126	129	133	136	140	144	148	152	154	158	162	165
3A_NB	7	d	107	112	116	120	123	127	130	134	137	141	145	149	153	155	159	163	/
3A_NB	8	a	115	119	123	127	131	136	139	144	148	153	156	160	163	165	170	173	177
3A_NB	8	d	116	121	125	129	133	137	141	146	150	154	157	161	164	166	171	174	/
3A_NB	9	a	141	144	148	153	157	160	165	168	171	176	179	182	185	187	192	196	200
3A_NB	9	d	142	146	150	154	158	162	166	169	172	177	180	183	186	188	193	197	/
3A_NB	10	a	148	151	155	160	165	170	175	178	181	186	189	192	195	197	202	206	210
3A_NB	10	d	149	153	157	162	167	172	176	179	183	187	190	193	196	198	203	207	/
3A_NB	11	a	154	157	161	166	170	175	180	185	187	191	194	198	202	204	209	213	217
3A_NB	11	d	155	159	163	168	172	177	182	186	188	192	195	199	203	205	210	214	/
3A_NB	12	a	164	168	171	175	179	183	188	193	197	202	205	209	212	214	219	223	227
3A_NB	12	d	165	169	173	177	181	185	190	195	198	203	206	210	213	215	220	224	/
3A_NB	13	a	173	177	181	185	190	194	199	202	205	210	214	218	221	224	229	233	236
3A_NB	13	d	174	179	183	187	192	195	200	203	206	211	215	219	223	226	230	234	/
3A_NB	14	a	186	189	194	198	202	205	211	215	218	223	227	230	234	237	241	245	248
3A_NB	14	d	187	191	195	200	203	207	213	217	220	224	228	231	235	238	242	246	/
3A_NB	15	a	199	202	206	211	214	218	223	227	230	236	240	243	246	249	254	257	260
3A_NB	15	d	200	204	208	213	216	220	225	229	232	237	241	244	247	250	255	258	/
3A_NB	16	a	206	209	213	218	221	225	229	233	236	242	245	248	251	254	259	262	265
3A_NB	16	d	207	211	215	220	223	227	231	235	238	243	246	249	252	255	260	263	/
3A_NB	17	a	221	225	228	231	235	240	243	247	250	254	258	262	266	269	273	277	281
3A_NB	17	d	222	226	229	233	237	241	244	249	251	255	259	263	267	270	274	278	/
3A_NB	18	a	227	230	233	236	240	244	248	253	256	260	264	269	272	274	278	282	286
3A_NB	18	d	228	231	234	238	242	246	250	255	257	261	266	270	273	275	279	283	/
3A_NB	19	a	239	242	245	250	253	257	260	264	267	271	274	278	281	283	287	290	294
3A_NB	19	d	240	243	247	251	255	258	261	266	268	272	275	279	282	284	288	291	/
3A_NB	20	a	261	264	268	273	277	280	283	288	291	296	300	304	307	309	313	316	320
3A_NB	20	d	262	266	270	274	278	281	285	289	293	297	301	305	308	310	314	317	/
3A_NB	21	a	266	269	273	278	282	285	289	294	298	303	307	311	314	317	321	324	328
3A_NB	21	d	267	271	275	279	283	287	291	296	300	304	308	312	315	318	322	325	/
3A_NB	22	a	273	276	279	283	287	291	295	300	303	308	312	317	321	324	328	331	335
3A_NB	22	d	274	277	280	284	289	293	297	301	305	309	314	318	322	325	329	332	/
3A_NB	23	a	283	286	291	295	300	304	307	311	314	319	322	326	330	333	337	340	344
3A_NB	23	d	284	288	293	297	301	305	308	312	315	320	323	327	331	334	338	341	/
3A_NB	24	a	292	296	300	303	307	312	316	321	325	331	334	338	342	345	349	352	356
3A_NB	24	d	293	297	301	305	309	314	318	323	327	332	335	339	343	346	350	353	/
3A_NB	25	a	297	301	304	308	312	317	321	326	330	335	339	343	348	352	357	361	365
3A_NB	25	d	298	302	306	310	314	319	323	328	332	337	340	345	350	354	359	362	/
3A_NB	26	a	302	306	310	314	319	323	327	332	335	340	344	349	354	358	363	368	372
3A_NB	26	d	303	308	312	316	321	325	329	334	337	342	346	351	356	360	365	369	/
3A_NB	27	a	311	315	320	323	328	333	336	340	342	346	350	355	360	363	368	373	377
3A_NB	27	d	312	317	321	325	330	334	338	341	343	348	352	357	362	365	370	375	/
3A_NB	28	a	319	323	327	331	335	340	343	347	350	355	359	363	366	369	374	378	382
3A_NB	28	d	320	324	329	333	337	341	345	349	352	357	360	364	368	371	375	380	/
3A_NB	29	a	324	328	332	337	340	345	348	352	355	360	364	368	371	374	379	384	387
3A_NB	29	d	325	329	334	338	342	346	350	354	357	362	365	369	373	376	381	385	/
3A_NB	30	a	331	335	339	343	346	351	354	357	360	366	369	373	376	379	384	389	393
3A_NB	30	d	332	336	340	344	348	352	355	359	362	367	370	374	378	381	386	390	/
3A_NB	31	a	336	340	344	347	352	356	359	362	365	371	374	379	383	385	390	394	398
3A_NB	31	d	337	341	345	349	353	357	360	364	367	372	376	380	384	387	391	395	/
3A_NB	32	a	341	345	349	352	357	361	364	367	370	376	379	384	388	390	395	399	403
3A_NB	32	d	342	346	350	354	358	362	365	369	372	377	381	385	389	392	396	400	/
