RouteID	RunID	Arrivals/Departures	TimePerStop
1A_SB	1	a	4	8	12	21	24	28	34	38	42	45	48	52	63	68	76
1A_SB	1	d	5	9	13	22	25	30	35	39	43	46	49	54	65	70	/
1A_SB	2	a	22	26	31	40	44	48	55	58	63	68	72	75	85	89	97
1A_SB	2	d	23	28	33	42	46	50	56	60	65	69	73	76	86	91	/
1A_SB	3	a	50	55	60	69	73	78	84	88	93	97	102	105	114	119	126
1A_SB	3	d	52	57	62	71	75	80	86	90	95	99	103	106	116	120	/
1A_SB	4	a	68	72	76	84	88	92	98	103	108	112	117	121	132	135	141
1A_SB	4	d	70	73	77	86	90	94	100	105	110	114	119	122	133	136	/
1A_SB	5	a	86	90	94	104	107	111	117	120	123	127	132	136	146	150	156
1A_SB	5	d	88	91	96	105	108	112	118	121	125	129	134	138	148	151	/
1A_SB	6	a	102	107	111	119	123	126	132	136	141	145	150	153	164	167	174
1A_SB	6	d	104	108	112	120	124	128	134	138	143	147	151	154	165	168	/
1A_SB	7	a	117	122	126	134	138	142	147	150	153	156	159	162	173	176	183
1A_SB	7	d	119	123	127	135	139	143	148	151	154	157	160	163	174	177	/
1A_SB	8	a	125	129	133	141	146	151	158	162	165	169	173	176	187	191	199
1A_SB	8	d	127	130	134	143	148	153	159	163	167	170	174	177	189	192	/
1A_SB	9	a	130	134	139	149	154	158	165	168	171	175	180	183	193	196	203
1A_SB	9	d	132	136	141	151	156	160	166	169	173	177	181	184	194	197	/
1A_SB	10	a	146	150	155	166	170	173	179	184	188	193	198	201	210	213	220
1A_SB	10	d	148	152	157	168	171	174	181	186	190	195	199	202	211	214	/
1A_SB	11	a	156	159	163	175	178	182	188	193	196	200	205	209	219	222	229
1A_SB	11	d	157	160	165	176	180	183	190	194	198	202	207	211	220	223	/
1A_SB	12	a	176	180	183	193	197	201	208	213	218	223	227	231	241	244	251
1A_SB	12	d	178	181	185	195	199	203	210	215	220	225	229	232	242	245	/
1A_SB	13	a	198	202	205	215	219	222	229	234	237	241	244	248	257	261	269
1A_SB	13	d	200	203	206	216	220	224	231	235	239	242	245	250	259	262	/
1A_SB	14	a	207	211	216	224	227	231	238	242	247	251	255	258	265	268	278
1A_SB	14	d	209	213	217	225	229	233	239	244	249	253	256	259	266	270	/
1A_SB	15	a	236	241	246	254	257	261	266	269	273	277	280	284	295	298	307
1A_SB	15	d	238	243	247	255	258	262	267	270	275	278	282	286	296	300	/
1A_SB	16	a	248	252	256	264	267	271	277	281	285	288	293	297	307	311	320
1A_SB	16	d	250	253	257	265	268	272	278	282	286	290	294	298	308	313	/
1A_SB	17	a	257	261	266	274	278	282	288	291	295	299	302	305	315	319	327
1A_SB	17	d	259	263	267	275	279	283	289	293	297	300	303	306	316	320	/
1A_SB	18	a	272	277	282	291	294	298	303	306	310	314	319	323	333	337	346
1A_SB	18	d	274	279	284	292	295	299	304	307	311	316	321	325	335	338	/
1A_SB	19	a	290	294	297	307	312	317	324	327	331	335	339	342	351	355	363
1A_SB	19	d	291	295	298	309	314	319	325	328	332	336	340	343	352	356	/
1A_SB	20	a	318	322	326	335	338	341	348	353	358	363	366	370	378	382	390
1A_SB	20	d	320	323	327	336	339	342	350	355	360	364	368	371	379	383	/
1A_SB	21	a	326	330	335	344	349	353	361	365	369	374	379	382	391	395	403
1A_SB	21	d	328	332	337	346	351	355	363	367	371	376	380	383	392	396	/
1A_SB	22	a	339	343	347	356	360	365	371	374	377	380	384	388	397	402	411
1A_SB	22	d	341	344	348	357	362	366	372	375	378	381	386	389	399	404	/
1A_SB	23	a	354	358	363	370	374	378	384	387	391	395	399	403	411	416	423
1A_SB	23	d	356	360	364	371	376	380	385	389	393	397	401	404	413	417	/
1A_SB	24	a	368	373	377	386	390	393	398	402	406	410	415	418	425	428	436
1A_SB	24	d	370	374	378	387	391	394	400	404	408	412	416	419	426	429	/
1A_SB	25	a	376	381	386	395	398	401	406	409	413	416	421	424	434	437	444
1A_SB	25	d	378	383	387	396	399	402	407	410	414	418	422	426	435	438	/
1A_SB	26	a	386	391	396	406	410	413	418	421	425	428	433	436	446	449	455
1A_SB	26	d	388	393	398	408	411	414	419	423	426	430	434	437	447	450	/
1A_SB	27	a	394	399	404	414	418	421	428	431	435	439	444	448	458	463	470
1A_SB	27	d	396	401	406	416	419	423	429	433	437	441	446	450	460	465	/
1A_SB	28	a	423	429	433	443	446	450	456	459	463	466	469	473	484	488	495
1A_SB	28	d	425	430	434	444	448	452	457	460	464	467	471	475	486	489	/
1A_SB	29	a	438	443	447	456	460	464	470	474	477	480	483	487	496	499	506
1A_SB	29	d	440	444	448	457	461	465	471	475	478	481	484	488	497	500	/
1A_SB	30	a	446	451	455	464	467	472	479	482	485	488	491	496	507	510	520
1A_SB	30	d	448	452	456	465	469	474	480	483	486	489	493	498	508	512	/
1A_SB	31	a	456	461	466	477	481	486	493	498	502	507	512	515	525	528	537
1A_SB	31	d	458	463	468	479	483	488	495	499	504	509	513	516	526	530	/
1A_SB	32	a	476	481	486	495	498	502	509	512	515	519	523	526	535	538	548
1A_SB	32	d	478	483	487	496	500	504	510	513	517	520	524	527	536	540	/
1A_SB	33	a	485	489	494	504	507	510	515	518	521	524	528	531	541	546	555
1A_SB	33	d	487	491	496	505	508	511	516	519	522	525	529	533	543	547	/
1A_SB	34	a	490	494	499	509	513	518	524	528	532	536	540	543	552	557	565
1A_SB	34	d	492	496	501	511	515	520	526	529	533	537	541	544	554	558	/
1A_SB	35	a	497	502	506	515	518	523	530	533	537	541	544	548	558	563	571
1A_SB	35	d	499	503	507	516	520	525	531	534	538	542	546	550	560	564	/
1A_SB	36	a	502	507	511	522	525	529	535	538	542	545	549	553	564	569	576
1A_SB	36	d	504	508	512	523	526	530	536	539	543	547	551	555	566	570	/
1A_SB	37	a	508	512	516	527	530	535	542	545	549	552	555	559	570	574	581
1A_SB	37	d	509	513	517	528	532	537	543	546	550	553	556	561	572	575	/
1A_SB	38	a	513	517	522	534	538	543	550	553	557	561	564	568	578	581	588
1A_SB	38	d	514	519	524	536	540	545	551	554	558	562	565	569	579	582	/
1A_SB	39	a	520	524	529	539	543	548	555	559	563	567	570	573	585	589	597
1A_SB	39	d	521	526	531	541	545	550	556	560	564	568	571	575	587	590	/
1A_SB	40	a	527	531	535	545	549	554	559	564	568	572	576	579	590	594	602
1A_SB	40	d	528	532	537	547	551	555	561	565	569	573	577	580	592	595	/
1A_SB	41	a	532	536	540	552	555	559	565	570	573	577	582	585	595	599	606
1A_SB	41	d	533	537	542	553	556	561	567	571	574	579	583	587	597	600	/
1A_SB	42	a	539	543	547	558	561	565	571	575	578	582	587	591	601	606	613
1A_SB	42	d	540	544	548	559	562	567	572	576	579	584	588	593	603	607	/
1A_SB	43	a	544	548	552	563	567	572	577	582	585	589	594	598	607	612	619
1A_SB	43	d	545	549	553	565	569	573	579	583	587	591	595	599	609	613	/
1A_SB	44	a	553	557	562	571	575	579	585	590	595	599	604	608	617	621	628
1A_SB	44	d	554	559	564	573	577	581	587	592	597	601	605	609	618	622	/
1A_SB	45	a	570	573	578	585	589	592	599	603	607	610	614	617	627	631	637
1A_SB	45	d	571	575	580	587	590	594	600	604	608	611	615	618	628	632	/
1A_SB	46	a	599	603	607	616	619	623	629	633	637	640	643	646	655	659	666
1A_SB	46	d	600	604	608	617	620	624	630	634	638	641	644	647	656	660	/
1A_SB	47	a	629	632	636	644	648	652	658	662	665	668	671	674	684	687	694
1A_SB	47	d	630	633	638	646	650	654	660	663	666	669	672	675	685	688	/
1A_SB	48	a	634	637	641	649	653	657	663	667	670	673	676	680	691	694	702
1A_SB	48	d	635	638	643	651	655	659	665	668	671	674	678	682	692	695	/
1A_SB	49	a	640	643	647	656	659	662	668	672	675	678	682	685	696	699	707
1A_SB	49	d	641	644	648	657	660	664	670	673	676	679	683	687	697	700	/
1A_SB	50	a	645	649	653	662	665	668	673	677	681	684	688	691	700	704	711
1A_SB	50	d	646	650	654	663	666	669	675	678	682	685	689	693	702	705	/
1A_SB	51	a	656	660	664	673	678	681	687	690	695	699	704	707	717	720	728
1A_SB	51	d	657	661	666	675	679	682	688	692	697	701	705	709	718	722	/
1A_SB	52	a	686	690	693	704	707	710	716	720	725	729	734	738	746	750	758
1A_SB	52	d	687	691	695	705	708	712	718	722	727	731	735	739	748	752	/
1A_SB	53	a	716	719	724	732	736	741	747	751	754	759	763	767	777	780	787
1A_SB	53	d	717	721	725	734	738	742	748	752	756	761	765	769	778	782	/
1A_SB	54	a	745	749	754	762	766	770	776	780	784	788	793	797	807	810	818
1A_SB	54	d	746	751	755	764	768	772	778	782	786	790	795	799	808	812	/
1A_SB	55	a	775	779	784	792	795	798	804	808	812	817	822	827	836	840	848
1A_SB	55	d	776	781	785	793	796	799	805	810	814	819	824	829	838	842	/
1A_SB	56	a	798	801	806	816	821	825	831	836	841	846	851	856	866	871	879
1A_SB	56	d	799	803	808	818	823	827	833	838	843	848	853	858	868	872	/
1A_SB	57	a	821	825	829	837	841	844	850	855	859	862	866	870	879	883	891
1A_SB	57	d	822	826	830	838	842	846	852	856	860	863	867	871	880	884	/
1A_SB	58	a	826	830	834	842	846	849	855	860	864	867	871	874	884	887	894
1A_SB	58	d	827	831	835	843	847	851	857	861	865	868	872	876	885	889	/
1A_SB	59	a	831	835	839	848	852	855	861	865	869	873	877	880	889	892	899
1A_SB	59	d	832	836	840	849	853	856	862	866	870	874	878	881	890	894	/
1A_SB	60	a	836	840	843	853	857	861	867	871	874	878	882	885	894	897	904
1A_SB	60	d	837	841	845	854	858	862	868	872	875	879	883	886	895	899	/
1A_SB	61	a	841	845	848	858	861	866	872	875	879	883	887	891	900	904	912
1A_SB	61	d	842	846	850	859	863	867	873	877	880	884	888	892	901	905	/
1A_SB	62	a	846	850	853	863	866	871	876	880	884	887	891	896	905	909	917
1A_SB	62	d	847	851	855	864	868	872	878	882	885	889	893	897	906	910	/
1A_SB	63	a	851	855	858	868	871	875	881	885	889	892	896	901	910	914	921
1A_SB	63	d	852	856	860	869	873	877	883	887	890	894	898	902	911	915	/
1A_SB	64	a	856	860	863	873	876	880	886	890	894	897	901	906	915	918	926
1A_SB	64	d	857	861	865	874	878	882	888	892	895	899	903	907	916	920	/
1A_NB	1	a	17	26	30	40	45	48	52	56	59	64	68	71	79	82	85
1A_NB	1	d	18	27	31	41	46	49	53	57	60	65	69	72	80	83	/
1A_NB	2	a	31	41	45	56	61	65	69	72	76	82	85	88	97	101	104
1A_NB	2	d	32	42	46	57	62	66	70	73	77	83	86	89	98	102	/
1A_NB	3	a	47	56	59	69	74	77	81	84	87	93	96	100	110	114	118
1A_NB	3	d	48	57	60	70	75	78	82	85	88	94	97	101	111	115	/
1A_NB	4	a	57	67	72	82	87	91	96	100	104	110	114	118	127	132	137
1A_NB	4	d	59	69	73	84	89	93	97	101	105	112	115	120	129	134	/
1A_NB	5	a	72	82	87	96	101	104	107	111	114	120	123	127	135	138	142
1A_NB	5	d	74	84	89	98	102	105	108	112	115	121	124	128	136	139	/
1A_NB	6	a	79	90	94	103	109	112	116	120	123	128	131	135	143	146	150
1A_NB	6	d	81	92	96	105	110	114	117	121	124	129	132	136	144	147	/
1A_NB	7	a	87	98	101	109	114	117	121	125	128	133	136	140	148	151	155
1A_NB	7	d	89	99	102	110	115	119	122	126	129	134	137	141	149	152	/
1A_NB	8	a	96	105	109	121	127	132	136	140	145	151	155	159	168	172	177
1A_NB	8	d	98	107	111	123	129	133	137	142	146	153	157	160	169	174	/
1A_NB	9	a	109	120	125	135	140	143	147	151	155	161	165	169	178	182	186
1A_NB	9	d	111	122	127	136	141	144	148	152	157	163	167	171	180	183	/
1A_NB	10	a	131	140	144	153	158	163	168	172	175	181	185	189	199	203	207
1A_NB	10	d	133	142	146	154	160	165	170	173	177	182	187	191	200	204	/
1A_NB	11	a	153	163	167	176	183	186	190	194	198	205	208	211	218	221	226
1A_NB	11	d	155	164	168	178	184	187	191	195	199	206	209	212	219	223	/
1A_NB	12	a	159	169	174	184	190	194	198	203	208	215	219	223	232	236	240
1A_NB	12	d	161	171	176	186	192	196	200	205	210	217	221	225	234	237	/
1A_NB	13	a	177	186	191	200	205	208	211	215	218	224	227	230	238	241	246
1A_NB	13	d	178	188	193	201	206	209	212	216	219	225	228	231	239	243	/
1A_NB	14	a	198	208	212	222	227	231	236	241	245	250	253	257	265	268	272
1A_NB	14	d	200	210	213	223	229	233	238	242	246	251	254	258	266	269	/
1A_NB	15	a	216	228	232	243	249	252	256	260	264	269	272	275	283	287	292
1A_NB	15	d	218	230	234	245	250	253	257	261	265	270	273	276	284	289	/
1A_NB	16	a	229	239	243	254	259	262	266	270	274	279	282	286	295	299	302
1A_NB	16	d	231	241	245	255	260	263	267	271	275	280	284	288	297	300	/
1A_NB	17	a	253	265	268	277	283	286	291	296	300	306	310	314	323	327	332
1A_NB	17	d	255	266	269	279	284	288	293	298	302	308	312	316	324	329	/
1A_NB	18	a	263	275	278	288	293	296	300	303	308	313	316	319	328	332	337
1A_NB	18	d	265	276	280	289	294	297	301	305	309	314	317	321	329	334	/
1A_NB	19	a	273	283	286	297	302	305	309	312	316	322	325	328	336	340	344
1A_NB	19	d	275	284	287	298	303	306	310	313	317	323	326	329	337	341	/
1A_NB	20	a	280	290	294	306	312	315	319	323	327	333	337	341	347	350	354
1A_NB	20	d	282	292	296	307	313	316	320	324	328	334	338	342	348	351	/
1A_NB	21	a	288	297	301	311	318	322	326	330	334	340	344	348	356	359	362
1A_NB	21	d	290	299	303	313	319	323	327	331	335	341	345	349	357	360	/
1A_NB	22	a	293	302	306	316	323	327	331	335	339	345	348	353	361	365	368
1A_NB	22	d	295	304	308	318	324	328	332	336	340	346	350	354	362	366	/
1A_NB	23	a	316	327	330	342	348	352	356	360	363	368	371	374	382	386	390
1A_NB	23	d	318	328	331	343	349	353	357	361	364	369	372	375	383	387	/
1A_NB	24	a	333	343	348	359	366	370	375	380	385	390	394	397	406	409	414
1A_NB	24	d	335	345	350	361	368	372	377	382	386	391	395	398	407	411	/
1A_NB	25	a	347	356	360	370	376	380	383	387	392	398	402	405	413	417	422
1A_NB	25	d	349	357	361	371	378	381	384	389	393	399	403	406	415	419	/
1A_NB	26	a	354	363	368	379	385	388	391	395	398	404	407	411	419	422	427
1A_NB	26	d	356	365	370	381	386	389	392	396	399	405	408	412	420	424	/
1A_NB	27	a	364	372	377	386	391	395	398	402	405	410	413	417	425	428	433
1A_NB	27	d	366	374	378	387	392	396	399	403	406	411	414	418	426	430	/
1A_NB	28	a	376	386	389	397	402	406	410	414	417	422	425	428	438	442	446
1A_NB	28	d	378	387	390	398	403	407	411	415	418	423	426	429	439	443	/
1A_NB	29	a	397	407	410	419	425	430	434	438	442	448	451	455	464	467	471
1A_NB	29	d	399	408	412	421	427	431	435	439	443	449	452	456	465	468	/
1A_NB	30	a	417	428	432	443	449	452	456	459	463	469	472	476	484	487	491
1A_NB	30	d	419	430	434	444	450	453	457	460	464	470	473	477	485	488	/
1A_NB	31	a	438	447	452	462	468	471	474	478	483	488	491	494	502	506	510
1A_NB	31	d	440	449	454	464	469	472	475	480	484	489	492	495	503	507	/
1A_NB	32	a	461	470	474	482	488	492	496	500	504	511	516	519	528	532	536
1A_NB	32	d	463	472	475	483	489	493	497	502	506	513	517	521	529	533	/
1A_NB	33	a	469	480	485	494	499	504	508	513	516	522	526	531	539	543	547
1A_NB	33	d	471	482	486	495	501	506	510	514	517	523	528	532	540	544	/
1A_NB	34	a	496	505	508	521	526	530	535	540	545	551	555	559	569	572	578
1A_NB	34	d	497	506	510	522	528	532	537	542	547	553	557	561	570	574	/
1A_NB	35	a	514	523	527	536	541	544	547	551	555	560	563	566	575	578	583
1A_NB	35	d	516	525	528	537	542	545	548	552	556	561	564	567	576	579	/
1A_NB	36	a	522	531	535	545	552	555	559	563	566	571	575	578	586	591	595
1A_NB	36	d	524	533	537	547	553	556	560	564	567	572	576	579	588	592	/
1A_NB	37	a	528	538	543	553	559	563	567	571	575	581	585	589	599	602	606
1A_NB	37	d	530	540	545	554	560	564	568	572	576	582	586	590	600	603	/
1A_NB	38	a	535	544	549	559	564	569	573	578	582	589	593	598	608	612	616
1A_NB	38	d	536	546	551	560	566	570	574	579	584	591	595	600	610	613	/
1A_NB	39	a	553	561	565	575	580	583	588	592	597	602	605	608	618	623	627
1A_NB	39	d	554	563	567	576	581	585	589	594	598	603	606	610	620	624	/
1A_NB	40	a	565	573	577	588	594	598	603	607	610	615	618	621	629	632	636
1A_NB	40	d	566	575	579	590	596	600	604	608	611	616	619	622	630	633	/
1A_NB	41	a	592	600	604	613	618	622	626	630	633	638	641	644	652	655	658
1A_NB	41	d	593	602	606	614	619	623	627	631	634	639	642	645	653	656	/
1A_NB	42	a	597	605	609	618	623	628	633	637	640	645	649	652	660	663	667
1A_NB	42	d	598	607	611	619	625	630	634	638	641	646	650	653	661	664	/
1A_NB	43	a	602	612	615	625	630	633	638	642	645	651	655	658	666	669	673
1A_NB	43	d	603	613	616	626	631	635	639	643	646	652	656	659	667	670	/
1A_NB	44	a	607	617	620	630	635	638	643	647	650	656	660	664	673	677	681
1A_NB	44	d	608	618	621	631	636	640	644	648	651	657	661	665	675	678	/
1A_NB	45	a	616	624	628	637	642	645	649	652	655	661	664	669	678	682	686
1A_NB	45	d	617	626	630	638	643	646	650	653	656	662	666	670	680	683	/
1A_NB	46	a	621	629	634	642	647	651	655	658	661	666	669	674	684	687	691
1A_NB	46	d	622	631	635	643	648	652	656	659	662	667	671	675	685	688	/
1A_NB	47	a	635	644	648	658	665	669	673	677	681	687	690	693	703	707	711
1A_NB	47	d	636	646	650	660	666	670	674	678	682	688	691	694	704	708	/
1A_NB	48	a	661	671	674	684	690	694	698	702	705	711	714	717	726	731	735
1A_NB	48	d	662	672	676	686	691	695	699	703	706	712	715	718	728	732	/
1A_NB	49	a	691	700	704	715	720	724	727	731	735	741	744	747	757	761	764
1A_NB	49	d	692	702	706	716	721	725	728	732	736	742	745	748	758	762	/
1A_NB	50	a	721	730	734	743	749	752	757	761	764	771	774	777	786	790	794
1A_NB	50	d	722	732	736	745	750	754	758	762	766	772	775	778	787	791	/
1A_NB	51	a	749	759	762	772	778	783	787	791	795	800	803	806	813	817	821
1A_NB	51	d	750	760	764	774	780	784	788	792	796	801	804	807	814	818	/
1A_NB	52	a	754	764	768	779	784	788	792	796	800	805	808	811	818	822	826
1A_NB	52	d	755	765	769	780	785	789	793	797	801	806	809	812	819	823	/
1A_NB	53	a	759	769	773	784	789	793	797	801	805	810	813	816	823	827	831
1A_NB	53	d	760	770	774	785	790	795	798	802	806	811	814	817	824	828	/
1A_NB	54	a	785	796	800	811	816	820	824	827	831	836	840	844	850	855	859
1A_NB	54	d	786	798	801	812	817	821	825	828	832	838	841	845	852	856	/
1A_NB	55	a	815	826	830	840	845	849	853	857	860	866	870	873	881	884	887
1A_NB	55	d	816	828	831	841	846	850	854	858	862	868	871	874	882	885	/
1A_NB	56	a	823	834	838	848	853	857	861	865	868	873	876	879	887	890	893
1A_NB	56	d	824	836	840	849	855	858	862	866	869	874	877	880	888	891	/
1A_NB	57	a	838	849	853	863	868	871	876	881	885	892	896	900	908	913	918
1A_NB	57	d	839	851	855	864	869	873	878	883	887	894	898	902	910	915	/
1A_NB	58	a	843	855	858	868	873	878	882	886	891	897	901	905	913	918	923
1A_NB	58	d	844	856	860	869	875	879	883	888	892	899	903	907	915	920	/
1A_NB	59	a	872	883	887	898	904	907	911	915	919	924	927	930	939	943	947
1A_NB	59	d	873	885	888	899	905	908	912	916	920	925	928	931	940	944	/
1A_NB	60	a	884	893	896	907	913	916	920	924	928	933	936	940	949	952	956
1A_NB	60	d	885	894	897	908	914	917	921	925	929	934	937	941	950	953	/
1A_NB	61	a	889	898	901	913	919	923	927	931	934	939	942	946	954	957	961
1A_NB	61	d	890	899	903	915	920	924	928	932	935	940	943	947	955	958	/
1A_NB	62	a	915	925	928	938	943	946	950	955	959	965	969	973	983	987	991
1A_NB	62	d	916	926	929	939	944	948	952	957	961	967	971	975	984	988	/
1A_NB	63	a	943	952	956	967	972	976	979	983	986	992	995	998	1005	1008	1012
1A_NB	63	d	944	954	958	968	973	977	980	984	987	993	996	999	1006	1010	/
1A_NB	64	a	972	980	984	994	999	1003	1007	1011	1014	1020	1023	1026	1035	1039	1043
1A_NB	64	d	973	981	985	995	1000	1004	1008	1012	1015	1021	1024	1027	1036	1040	/
2A_NB	1	a	14	17	23	27	31	38	42	45	53	57	62	65	68	72	78	80	84	88
2A_NB	1	d	15	18	24	28	32	39	43	46	54	58	63	66	69	73	79	81	85	/
2A_NB	2	a	29	32	38	42	45	50	53	57	65	68	73	76	79	82	87	89	92	96
2A_NB	2	d	30	33	39	43	46	51	54	58	66	69	74	77	80	83	88	90	93	/
2A_NB	3	a	34	37	43	47	51	56	59	63	70	73	78	81	84	87	92	95	98	102
2A_NB	3	d	35	38	44	48	52	57	60	64	71	74	80	82	85	88	93	96	99	/
2A_NB	4	a	39	42	48	52	56	61	64	68	75	79	85	87	90	94	100	103	108	112
2A_NB	4	d	40	43	49	53	57	62	65	69	76	80	86	88	91	95	101	105	109	/
2A_NB	5	a	44	47	53	57	61	67	70	74	83	87	93	95	98	102	108	110	114	118
2A_NB	5	d	45	48	54	58	62	68	71	75	84	88	94	96	99	103	109	111	115	/
2A_NB	6	a	49	52	58	63	67	73	76	79	88	92	98	100	103	107	113	115	119	123
2A_NB	6	d	50	53	60	64	68	74	77	80	90	93	99	101	104	108	114	116	120	/
2A_NB	7	a	54	57	63	68	72	78	81	84	93	97	103	105	108	112	118	120	124	128
2A_NB	7	d	55	58	65	69	73	79	82	85	95	98	104	106	109	113	119	121	125	/
2A_NB	8	a	59	62	69	73	77	82	86	89	98	102	108	110	113	118	126	128	133	137
2A_NB	8	d	60	64	70	74	78	84	87	91	100	103	109	111	115	120	127	130	135	/
2A_NB	9	a	64	67	74	77	81	87	91	95	103	108	113	115	119	123	131	133	138	142
2A_NB	9	d	65	69	75	79	83	89	92	96	105	109	114	117	121	125	132	135	140	/
2A_NB	10	a	69	72	79	83	87	93	98	103	112	116	122	125	129	133	141	143	147	150
2A_NB	10	d	70	74	81	85	89	95	100	105	113	118	124	127	131	135	142	144	148	/
2A_NB	11	a	93	96	103	107	112	118	123	127	134	138	143	147	150	154	161	163	166	170
2A_NB	11	d	94	98	105	109	114	120	124	128	135	139	145	148	151	155	162	164	167	/
2A_NB	12	a	122	126	133	138	142	148	152	155	164	168	174	176	178	182	188	190	193	196
2A_NB	12	d	123	128	135	139	143	150	153	156	165	169	175	177	179	183	189	191	194	/
2A_NB	13	a	152	155	161	164	167	172	177	180	189	193	198	201	204	208	214	216	219	222
2A_NB	13	d	153	156	162	165	168	174	178	181	190	194	199	202	205	209	215	217	220	/
2A_NB	14	a	182	185	190	193	196	203	206	209	217	221	226	229	232	236	241	243	248	251
2A_NB	14	d	183	186	191	194	198	204	207	210	218	222	227	230	233	237	242	245	249	/
2A_NB	15	a	212	215	220	223	227	232	236	239	247	251	256	259	262	266	271	274	277	281
2A_NB	15	d	213	216	221	224	228	233	237	240	248	252	257	260	263	267	272	275	278	/
2A_NB	16	a	242	245	250	253	256	262	266	269	277	281	286	288	290	293	299	302	305	309
2A_NB	16	d	243	246	251	254	257	263	267	270	278	282	287	289	291	294	300	303	306	/
2A_NB	17	a	257	261	267	270	274	280	284	287	296	299	304	306	309	313	318	320	324	328
2A_NB	17	d	258	262	268	271	275	281	285	288	297	300	305	307	310	314	319	321	325	/
2A_NB	18	a	270	273	278	281	285	290	294	297	306	310	315	318	321	325	330	332	336	340
2A_NB	18	d	271	274	279	282	286	291	295	298	307	311	316	319	322	326	331	333	337	/
2A_NB	19	a	283	286	291	295	299	305	309	312	321	324	329	332	335	339	345	348	351	355
2A_NB	19	d	284	287	292	296	300	306	310	313	322	325	330	333	336	340	346	349	352	/
2A_NB	20	a	298	302	308	311	314	320	324	328	338	342	347	349	351	354	361	363	367	371
2A_NB	20	d	299	303	309	312	315	321	325	329	339	343	348	350	352	355	362	364	368	/
2A_NB	21	a	313	316	322	326	329	335	339	342	352	356	362	364	366	370	375	377	380	384
2A_NB	21	d	314	317	323	327	330	336	340	343	353	357	363	365	367	371	376	378	381	/
2A_NB	22	a	327	330	335	339	343	349	353	357	366	369	374	376	379	382	388	390	394	398
2A_NB	22	d	328	331	336	340	344	350	354	358	367	370	375	377	380	383	389	391	395	/
2A_NB	23	a	342	346	352	355	359	364	368	371	378	382	387	389	391	395	400	402	406	409
2A_NB	23	d	343	347	353	356	360	365	369	372	379	383	388	390	392	396	401	403	407	/
2A_NB	24	a	355	358	364	368	371	376	379	382	389	392	398	401	403	407	413	416	420	424
2A_NB	24	d	356	359	365	369	372	377	380	383	390	393	399	402	404	408	414	417	421	/
2A_NB	25	a	370	373	378	381	385	391	395	398	405	408	413	415	417	421	427	429	432	436
2A_NB	25	d	371	374	379	382	386	392	396	399	406	409	414	416	418	422	428	430	433	/
2A_NB	26	a	383	387	392	395	399	406	410	413	421	424	429	432	434	438	443	445	449	453
2A_NB	26	d	384	388	393	396	400	407	411	414	422	425	430	433	435	439	444	446	450	/
2A_NB	27	a	399	403	409	412	415	420	423	426	433	436	442	445	448	452	457	460	464	468
2A_NB	27	d	400	404	410	413	416	421	424	427	434	437	443	446	449	453	458	461	465	/
2A_NB	28	a	417	421	426	429	432	439	443	447	455	459	464	466	469	474	480	483	487	491
2A_NB	28	d	418	422	427	430	434	441	444	449	456	460	465	467	471	475	482	485	488	/
2A_NB	29	a	431	434	439	442	446	453	456	459	466	470	476	478	481	485	490	492	495	499
2A_NB	29	d	432	435	440	443	447	454	457	460	467	471	477	479	482	486	491	493	496	/
2A_NB	30	a	444	448	453	458	462	467	470	474	482	486	492	496	499	504	510	513	517	521
2A_NB	30	d	445	449	455	459	463	468	471	475	484	487	494	498	501	506	511	514	518	/
2A_NB	31	a	462	465	470	474	477	483	487	490	498	502	508	511	514	518	523	526	530	534
2A_NB	31	d	463	466	471	475	478	484	488	491	499	503	509	512	515	519	524	527	531	/
2A_NB	32	a	480	483	488	491	495	500	504	507	516	520	526	529	531	535	540	542	545	549
2A_NB	32	d	481	484	489	492	496	501	505	508	517	521	527	530	532	536	541	543	546	/
2A_NB	33	a	485	488	493	496	499	505	509	512	521	525	530	534	536	540	545	547	550	554
2A_NB	33	d	486	489	494	497	501	506	510	513	522	526	532	535	537	541	546	548	551	/
2A_NB	34	a	490	493	498	501	504	510	514	517	526	529	535	539	542	546	551	553	556	560
2A_NB	34	d	491	494	499	502	506	511	515	518	527	531	537	540	543	547	552	554	557	/
2A_NB	35	a	495	498	503	506	509	516	520	523	532	535	540	543	547	551	556	559	562	566
2A_NB	35	d	496	499	504	507	511	517	521	524	533	536	542	545	548	552	557	560	563	/
2A_NB	36	a	500	503	508	511	515	521	525	529	536	540	545	548	552	556	561	564	567	571
2A_NB	36	d	501	504	509	512	516	522	526	530	538	542	547	550	553	557	562	565	568	/
2A_NB	37	a	505	508	513	517	521	527	531	535	543	548	552	555	557	561	566	570	574	577
2A_NB	37	d	506	509	514	518	522	528	532	537	545	549	554	556	558	562	568	571	575	/
2A_NB	38	a	532	535	541	545	549	556	560	564	574	578	583	585	587	591	596	600	604	607
2A_NB	38	d	533	537	543	547	551	557	562	566	575	579	584	586	588	592	598	601	605	/
2A_NB	39	a	562	566	571	575	579	586	590	594	602	607	612	614	617	620	627	630	634	638
2A_NB	39	d	563	567	573	577	581	587	592	596	604	608	613	615	618	622	628	631	635	/
2A_NB	40	a	592	596	601	605	609	615	620	624	633	636	641	643	646	650	656	659	663	667
2A_NB	40	d	593	597	603	607	611	617	622	625	634	637	642	644	647	652	658	661	665	/
2A_NB	41	a	622	626	631	636	639	646	650	654	661	664	669	672	675	680	686	688	693	698
2A_NB	41	d	623	627	633	637	640	647	652	655	662	665	671	674	677	681	687	690	695	/
2A_NB	42	a	640	644	650	654	658	663	667	670	677	681	686	689	691	695	701	704	707	711
2A_NB	42	d	641	645	651	655	659	664	668	671	678	682	687	690	692	696	702	705	708	/
2A_NB	43	a	653	657	663	666	670	676	679	682	690	693	699	701	703	707	713	715	718	722
2A_NB	43	d	654	658	664	667	671	677	680	683	691	694	700	702	704	708	714	716	719	/
2A_NB	44	a	668	672	677	680	684	691	694	697	704	707	712	714	717	721	728	730	733	737
2A_NB	44	d	669	673	678	681	685	692	695	698	705	708	713	715	718	722	729	731	734	/
2A_NB	45	a	683	686	691	694	697	703	706	710	719	722	727	729	731	734	739	741	745	749
2A_NB	45	d	684	687	692	695	698	704	707	711	720	723	728	730	732	735	740	742	746	/
2A_NB	46	a	701	705	711	714	718	724	727	731	739	743	748	751	754	758	764	767	771	775
2A_NB	46	d	702	706	712	715	719	725	728	732	740	744	749	752	755	759	765	768	772	/
2A_NB	47	a	717	720	726	729	732	737	741	745	753	757	763	765	768	772	779	781	784	787
2A_NB	47	d	718	721	727	730	733	738	742	746	754	758	764	766	769	773	780	782	785	/
2A_NB	48	a	732	735	741	744	748	754	758	762	771	775	780	782	785	789	795	797	801	804
2A_NB	48	d	733	736	742	745	749	755	759	763	772	776	781	783	786	790	796	798	802	/
2A_NB	49	a	749	752	758	762	766	772	776	780	789	793	798	801	805	810	815	818	821	826
2A_NB	49	d	750	754	760	763	768	774	778	781	790	794	800	803	807	811	817	819	823	/
2A_NB	50	a	763	766	771	774	778	783	787	790	799	803	810	813	816	820	825	827	830	834
2A_NB	50	d	764	767	772	775	779	784	788	791	800	804	811	814	817	821	826	828	831	/
2A_NB	51	a	780	784	790	793	797	803	806	809	818	821	826	829	831	835	840	842	846	850
2A_NB	51	d	781	785	791	794	798	804	807	810	819	822	827	830	832	836	841	843	847	/
2A_NB	52	a	798	802	807	811	815	821	824	827	835	838	844	847	850	853	859	862	866	870
2A_NB	52	d	799	803	808	812	816	822	825	828	836	839	845	848	851	854	860	863	867	/
2A_NB	53	a	816	820	826	829	832	837	841	844	852	856	861	864	866	869	875	878	882	886
2A_NB	53	d	817	821	827	830	833	838	842	845	853	857	862	865	867	870	876	879	883	/
2A_NB	54	a	829	832	837	840	844	850	853	856	865	869	874	876	879	883	889	892	896	900
2A_NB	54	d	830	833	838	841	845	851	854	857	866	870	875	877	880	884	890	893	897	/
2A_NB	55	a	845	848	853	856	860	865	868	871	880	884	890	893	895	899	905	907	910	914
2A_NB	55	d	846	849	854	857	861	866	869	872	881	885	891	894	896	900	906	908	911	/
2A_NB	56	a	862	866	872	875	878	885	888	891	901	905	912	914	917	921	927	930	934	938
2A_NB	56	d	863	867	873	876	879	886	889	892	902	906	913	915	918	922	928	931	935	/
2A_NB	57	a	879	882	888	891	895	901	905	909	917	920	926	929	932	935	940	943	947	951
2A_NB	57	d	880	883	889	892	896	902	906	910	918	921	927	930	933	936	941	944	948	/
2A_NB	58	a	894	898	904	907	910	915	919	923	932	936	942	944	947	950	955	957	960	964
2A_NB	58	d	895	899	905	908	911	916	920	924	933	937	943	945	948	951	956	958	961	/
2A_NB	59	a	911	915	921	924	927	933	937	941	951	954	960	962	964	968	973	976	980	984
2A_NB	59	d	912	916	922	925	928	934	938	942	952	955	961	963	965	969	974	977	981	/
2A_NB	60	a	926	929	935	938	942	948	952	956	963	967	972	974	977	981	986	988	992	996
2A_NB	60	d	927	930	936	939	943	949	953	957	964	968	973	975	978	982	987	989	993	/
2A_NB	61	a	942	945	950	954	958	964	967	971	978	982	987	990	992	996	1001	1004	1008	1011
2A_NB	61	d	943	946	951	955	959	965	968	972	979	983	988	991	993	997	1002	1005	1009	/
2A_NB	62	a	955	959	965	968	972	979	982	985	994	998	1003	1006	1008	1012	1017	1019	1022	1026
2A_NB	62	d	956	960	966	969	973	980	983	986	995	999	1004	1007	1009	1013	1018	1020	1023	/
2A_NB	63	a	973	977	983	986	989	995	999	1002	1011	1015	1020	1022	1024	1028	1033	1036	1040	1043
2A_NB	63	d	974	978	984	987	990	996	1000	1003	1012	1016	1021	1023	1025	1029	1034	1037	1041	/
2A_NB	64	a	987	990	995	998	1001	1007	1011	1015	1024	1027	1032	1034	1037	1041	1046	1049	1053	1057
2A_NB	64	d	988	991	996	999	1002	1008	1012	1016	1025	1028	1033	1035	1038	1042	1047	1050	1054	/
2A_SB	1	a	22	25	27	30	36	40	45	50	54	60	65	72	76	81	88	92	96	99
2A_SB	1	d	23	26	28	31	38	42	47	52	56	62	67	73	78	83	90	93	97	/
2A_SB	2	a	44	47	51	54	59	61	65	70	74	80	83	89	94	99	106	110	114	117
2A_SB	2	d	45	49	52	55	60	63	67	72	76	81	84	91	96	101	107	111	115	/
2A_SB	3	a	54	58	61	65	71	74	79	83	88	93	96	103	107	110	115	119	123	127
2A_SB	3	d	56	59	63	67	73	76	81	85	89	94	98	104	108	111	116	120	125	/
2A_SB	4	a	72	77	80	84	90	94	98	102	105	110	113	119	123	126	131	134	138	141
2A_SB	4	d	74	79	82	86	92	95	99	103	106	111	114	120	124	127	132	135	139	/
2A_SB	5	a	90	94	97	100	105	108	111	114	118	123	127	133	137	141	146	150	153	156
2A_SB	5	d	92	95	98	101	106	109	112	116	119	124	128	134	138	142	147	151	154	/
2A_SB	6	a	99	103	106	110	115	119	124	129	133	139	144	150	155	158	163	167	171	174
2A_SB	6	d	101	105	107	111	117	121	126	131	135	141	146	152	156	159	164	168	172	/
2A_SB	7	a	120	125	129	133	139	141	145	149	153	160	165	171	176	181	187	191	194	198
2A_SB	7	d	122	127	130	135	140	142	146	150	155	162	167	173	178	182	188	192	195	/
2A_SB	8	a	137	141	144	148	153	156	160	165	168	173	176	181	185	189	195	198	201	205
2A_SB	8	d	139	143	146	149	154	158	162	166	169	174	177	182	186	190	196	199	202	/
2A_SB	9	a	147	151	155	160	166	170	174	178	183	189	193	199	203	207	213	216	219	223
2A_SB	9	d	149	153	157	162	168	172	176	180	185	191	195	200	204	208	214	217	220	/
2A_SB	10	a	163	168	171	174	179	182	185	188	193	198	202	207	211	215	221	224	228	231
2A_SB	10	d	165	169	172	175	180	183	186	190	194	199	203	208	212	216	222	225	229	/
2A_SB	11	a	181	186	188	191	197	200	203	206	209	216	221	228	231	236	243	246	249	252
2A_SB	11	d	183	187	189	192	198	201	204	207	211	218	223	229	232	237	244	247	250	/
2A_SB	12	a	194	199	202	207	214	217	222	225	228	234	238	245	248	253	258	263	268	272
2A_SB	12	d	196	201	204	209	216	219	223	226	229	235	240	246	250	254	260	265	269	/
2A_SB	13	a	210	216	220	224	229	232	236	239	242	247	250	256	260	263	269	272	276	279
2A_SB	13	d	212	218	221	225	230	233	237	240	243	248	251	257	261	264	270	273	277	/
2A_SB	14	a	215	221	225	229	235	238	243	247	250	255	259	264	268	273	280	283	288	292
2A_SB	14	d	217	223	226	231	236	240	244	248	251	256	260	265	270	275	281	285	290	/
2A_SB	15	a	226	231	235	240	247	250	255	259	264	270	274	280	284	287	292	296	300	305
2A_SB	15	d	228	233	237	242	249	252	257	261	266	272	276	282	285	288	294	297	302	/
2A_SB	16	a	240	245	249	254	260	264	268	273	276	282	286	292	297	301	307	311	314	317
2A_SB	16	d	242	247	251	256	262	266	270	274	278	284	288	294	299	302	308	312	315	/
2A_SB	17	a	257	261	265	268	273	276	280	284	287	293	297	302	307	311	317	321	325	328
2A_SB	17	d	259	263	266	269	274	277	281	285	288	294	298	304	308	312	318	322	326	/
2A_SB	18	a	269	273	275	280	287	290	295	300	304	310	314	320	323	327	333	337	342	346
2A_SB	18	d	270	274	277	282	289	292	297	302	306	312	316	321	324	328	334	339	344	/
2A_SB	19	a	283	288	290	294	300	302	306	310	313	319	323	329	334	337	344	348	352	356
2A_SB	19	d	285	289	291	295	301	303	307	311	315	321	325	331	335	339	345	350	354	/
2A_SB	20	a	297	302	305	308	313	315	319	323	326	331	335	340	344	347	354	358	361	364
2A_SB	20	d	299	303	306	309	314	316	320	324	327	333	336	341	345	348	355	359	362	/
2A_SB	21	a	302	307	310	313	318	321	325	329	332	338	342	348	353	356	363	367	370	373
2A_SB	21	d	304	308	311	314	319	322	326	330	334	340	344	350	354	357	364	368	371	/
2A_SB	22	a	319	324	326	329	334	337	341	345	349	355	359	366	370	374	380	384	388	391
2A_SB	22	d	321	325	327	330	336	339	343	346	351	357	361	368	372	375	381	385	389	/
2A_SB	23	a	337	341	345	349	356	359	363	367	370	376	380	385	388	392	398	402	406	409
2A_SB	23	d	339	343	347	351	357	360	364	368	371	377	381	386	390	393	399	403	407	/
2A_SB	24	a	360	365	368	371	377	379	383	386	389	394	398	403	406	410	416	419	424	427
2A_SB	24	d	362	367	369	372	378	380	384	387	390	395	399	404	407	411	417	421	425	/
2A_SB	25	a	366	371	373	376	382	384	388	393	397	403	408	415	420	424	430	433	437	440
2A_SB	25	d	368	372	374	378	383	385	390	395	399	405	410	417	421	425	431	434	438	/
2A_SB	26	a	385	389	391	396	402	405	409	413	416	423	428	434	438	442	447	450	454	457
2A_SB	26	d	386	390	393	398	404	407	411	414	418	425	430	435	439	443	448	451	455	/
2A_SB	27	a	403	407	411	416	422	424	428	433	437	444	448	454	458	463	468	471	475	478
2A_SB	27	d	405	409	413	418	423	426	430	435	439	446	449	455	460	464	469	472	476	/
2A_SB	28	a	424	428	431	435	442	445	449	453	456	461	464	469	474	478	484	487	490	493
2A_SB	28	d	426	430	433	437	444	447	451	454	457	462	465	471	475	479	485	488	491	/
2A_SB	29	a	436	440	444	447	454	457	461	464	469	475	479	484	487	491	497	500	503	507
2A_SB	29	d	438	442	445	449	456	459	462	466	470	476	480	485	488	492	498	501	504	/
2A_SB	30	a	447	451	453	456	461	463	468	473	478	484	487	492	495	499	505	508	511	515
2A_SB	30	d	449	452	454	457	462	465	470	475	479	485	488	493	496	500	506	509	513	/
2A_SB	31	a	452	457	460	464	470	474	479	483	486	492	495	501	505	509	515	518	521	524
2A_SB	31	d	454	459	462	466	472	476	480	484	487	493	496	502	506	510	516	519	522	/
2A_SB	32	a	465	470	473	478	484	486	490	494	498	504	507	513	517	521	527	531	536	540
2A_SB	32	d	467	472	475	480	485	487	491	496	499	505	508	514	518	522	529	533	538	/
2A_SB	33	a	475	480	484	488	494	497	501	506	510	517	521	527	531	536	542	545	549	552
2A_SB	33	d	477	482	485	490	495	498	503	508	512	518	522	528	533	537	543	546	550	/
2A_SB	34	a	480	485	489	493	499	502	507	512	516	522	526	531	536	541	547	550	554	558
2A_SB	34	d	482	487	490	495	500	504	509	514	517	523	527	533	538	542	548	551	556	/
2A_SB	35	a	500	504	506	511	516	518	522	526	529	535	538	543	546	549	555	558	562	565
2A_SB	35	d	502	505	508	512	517	519	523	527	530	536	539	544	547	550	556	559	563	/
2A_SB	36	a	505	509	512	516	522	525	529	533	537	543	546	551	554	558	563	566	570	574
2A_SB	36	d	507	510	514	518	524	527	531	535	538	544	547	552	555	559	564	567	571	/
2A_SB	37	a	512	516	520	524	529	533	536	539	543	548	551	556	559	563	568	571	575	579
2A_SB	37	d	514	518	522	525	531	534	537	540	544	549	552	557	560	564	569	572	576	/
2A_SB	38	a	523	527	531	534	539	542	545	548	552	558	562	567	571	575	580	583	587	590
2A_SB	38	d	525	529	532	535	540	543	546	549	554	560	564	569	572	576	581	584	588	/
2A_SB	39	a	529	533	536	540	546	549	552	555	558	564	567	572	576	581	587	591	596	599
2A_SB	39	d	531	534	538	541	547	550	553	556	559	565	569	574	578	583	589	593	597	/
2A_SB	40	a	537	541	544	548	554	556	560	563	567	573	577	582	585	589	594	597	601	604
2A_SB	40	d	539	542	545	549	555	558	561	565	568	574	578	583	586	590	595	598	602	/
2A_SB	41	a	542	546	549	553	559	562	565	568	573	578	582	587	590	594	599	602	605	609
2A_SB	41	d	544	547	550	554	561	563	566	570	574	579	583	588	591	595	600	603	607	/
2A_SB	42	a	547	551	554	558	564	567	570	573	578	583	587	592	595	599	605	609	613	616
2A_SB	42	d	549	552	556	560	566	568	571	575	579	584	588	593	596	600	607	611	614	/
2A_SB	43	a	560	565	568	572	579	583	588	592	595	600	603	609	612	616	623	626	629	632
2A_SB	43	d	562	567	570	574	581	585	589	593	596	601	604	610	613	617	624	627	630	/
2A_SB	44	a	575	579	581	584	590	593	597	601	604	610	613	619	623	628	635	639	643	646
2A_SB	44	d	576	580	582	585	591	594	598	602	605	611	614	621	625	629	637	640	644	/
2A_SB	45	a	605	608	611	614	620	622	626	630	634	640	643	648	652	657	665	669	673	677
2A_SB	45	d	606	610	612	615	621	624	628	631	635	641	644	650	654	659	667	670	674	/
2A_SB	46	a	620	623	626	630	634	638	642	646	651	658	663	670	675	680	687	690	694	698
2A_SB	46	d	621	625	628	631	636	639	644	648	653	660	665	672	677	682	688	691	695	/
2A_SB	47	a	649	653	656	659	665	667	672	675	680	686	691	697	702	707	714	718	722	726
2A_SB	47	d	650	654	657	660	666	669	673	677	682	688	693	699	704	709	716	720	723	/
2A_SB	48	a	677	680	684	688	694	697	700	704	707	713	716	721	725	729	735	738	741	745
2A_SB	48	d	678	682	686	690	695	698	701	705	708	714	717	722	726	730	736	739	742	/
2A_SB	49	a	682	685	689	693	699	702	705	708	712	718	721	727	731	735	741	744	748	752
2A_SB	49	d	683	687	691	695	700	703	706	710	713	719	722	728	732	736	742	746	750	/
2A_SB	50	a	687	690	694	698	704	706	711	714	717	723	726	733	737	741	747	750	754	757
2A_SB	50	d	688	692	696	700	705	708	712	715	718	724	728	735	738	742	748	751	755	/
2A_SB	51	a	692	696	699	703	710	713	718	722	726	732	735	740	743	747	753	756	760	763
2A_SB	51	d	693	697	701	705	712	715	720	724	727	733	736	741	744	748	754	757	761	/
2A_SB	52	a	697	701	705	710	717	720	724	728	732	738	742	747	750	754	760	763	767	771
2A_SB	52	d	698	703	707	712	719	722	726	730	733	739	743	748	751	755	761	764	768	/
2A_SB	53	a	703	707	710	715	722	726	730	734	738	745	749	754	758	762	768	771	774	778
2A_SB	53	d	704	709	712	717	724	728	732	736	739	746	750	755	759	763	769	772	775	/
2A_SB	54	a	731	735	738	743	749	753	757	762	766	771	774	780	783	787	793	796	799	803
2A_SB	54	d	732	737	740	745	751	755	759	764	767	772	775	781	784	788	794	797	801	/
2A_SB	55	a	760	763	767	771	777	780	785	789	793	801	804	809	813	817	823	826	829	833
2A_SB	55	d	761	765	768	773	779	782	787	791	795	802	805	810	814	818	824	827	831	/
2A_SB	56	a	779	783	786	790	795	798	802	806	809	815	818	824	829	832	837	841	844	848
2A_SB	56	d	780	784	787	791	796	799	803	807	810	816	820	826	830	833	839	842	846	/
2A_SB	57	a	809	813	815	819	824	827	830	833	838	845	849	855	858	862	868	871	875	878
2A_SB	57	d	810	814	816	820	825	828	831	835	840	846	850	856	859	863	869	872	876	/
2A_SB	58	a	834	838	841	844	849	853	857	860	863	868	871	876	879	883	890	893	897	900
2A_SB	58	d	835	840	842	845	851	855	858	861	864	869	872	877	880	885	891	894	898	/
2A_SB	59	a	858	861	864	868	875	878	883	887	890	896	899	905	909	913	919	923	927	931
2A_SB	59	d	859	863	866	870	877	880	885	888	891	897	900	906	910	914	920	924	928	/
2A_SB	60	a	881	884	887	891	898	900	903	907	910	917	920	926	929	933	939	944	947	950
2A_SB	60	d	882	886	889	893	899	901	904	908	912	918	921	927	931	935	941	945	948	/
2A_SB	61	a	911	915	918	922	927	930	933	937	940	946	949	956	960	964	970	973	976	980
2A_SB	61	d	912	916	919	923	928	931	934	938	942	947	951	957	961	965	971	974	977	/
2A_SB	62	a	941	945	947	950	955	958	963	967	971	976	980	985	989	993	999	1002	1005	1009
2A_SB	62	d	942	946	948	951	957	960	964	968	972	977	981	986	990	994	1000	1003	1006	/
2A_SB	63	a	971	975	977	980	986	989	993	997	1000	1005	1008	1013	1017	1020	1025	1028	1032	1035
2A_SB	63	d	972	976	978	981	987	990	994	998	1001	1006	1009	1014	1018	1021	1026	1029	1033	/
2A_SB	64	a	984	987	989	992	997	1000	1004	1007	1010	1016	1019	1024	1028	1031	1036	1039	1043	1047
2A_SB	64	d	985	988	990	993	998	1001	1005	1008	1011	1017	1020	1025	1029	1032	1037	1040	1044	/
3A_SB	1	a	4	9	13	19	22	27	32	36	39	42	45	49	54	58	63	68	72
3A_SB	1	d	5	10	14	20	24	29	33	37	40	43	47	51	56	60	64	70	/
3A_SB	2	a	20	25	28	35	38	42	46	50	55	60	65	68	73	78	82	87	91
3A_SB	2	d	21	26	29	36	39	43	47	52	57	62	67	70	75	79	83	88	/
3A_SB	3	a	45	50	55	61	65	69	74	78	83	88	92	95	100	104	108	114	119
3A_SB	3	d	46	52	56	63	67	71	76	80	85	90	93	96	101	105	109	116	/
3A_SB	4	a	69	74	77	83	86	90	94	98	102	105	110	112	117	121	125	130	134
3A_SB	4	d	70	75	78	84	87	91	95	99	103	107	111	113	118	122	126	132	/
3A_SB	5	a	80	85	88	94	99	103	107	112	115	119	123	126	131	135	139	144	148
3A_SB	5	d	81	86	89	96	101	105	109	113	116	120	124	127	132	136	140	145	/
3A_SB	6	a	96	101	105	112	115	118	121	126	130	134	138	140	144	147	151	157	161
3A_SB	6	d	97	103	107	113	116	119	123	127	131	135	139	141	145	148	152	159	/
3A_SB	7	a	103	108	112	118	121	125	128	132	136	139	144	146	150	155	160	167	172
3A_SB	7	d	104	110	113	119	122	126	129	133	137	141	145	147	152	157	162	169	/
3A_SB	8	a	108	115	119	126	131	136	139	144	148	153	157	160	164	168	171	177	182
3A_SB	8	d	109	117	121	128	133	137	141	146	150	155	158	161	165	169	172	179	/
3A_SB	9	a	132	138	142	148	151	155	159	163	167	170	173	176	180	184	188	194	197
3A_SB	9	d	133	140	144	149	152	156	160	164	168	171	174	177	181	185	189	195	/
3A_SB	10	a	150	155	159	165	170	173	177	181	185	189	192	195	199	203	207	212	215
3A_SB	10	d	151	156	161	167	171	174	178	182	186	190	193	196	200	204	208	213	/
3A_SB	11	a	157	162	166	172	176	179	182	186	190	194	197	199	204	208	212	217	220
3A_SB	11	d	158	163	167	173	177	180	183	187	191	195	198	201	205	209	213	218	/
3A_SB	12	a	162	167	172	179	183	187	190	194	198	201	204	206	210	214	218	224	228
3A_SB	12	d	163	169	174	181	184	188	191	195	199	202	205	207	211	215	220	225	/
3A_SB	13	a	173	179	182	188	192	196	200	204	208	211	215	218	223	227	231	237	241
3A_SB	13	d	174	180	183	190	193	197	201	205	209	212	216	219	224	228	232	238	/
3A_SB	14	a	192	198	203	208	212	215	219	223	226	229	233	235	240	244	248	254	257
3A_SB	14	d	193	200	204	210	213	216	220	224	227	230	234	236	241	245	249	255	/
3A_SB	15	a	212	217	220	225	229	234	239	243	247	251	254	256	260	263	267	273	277
3A_SB	15	d	213	218	221	227	231	236	240	245	248	252	255	257	261	264	268	274	/
3A_SB	16	a	224	229	233	240	243	247	251	256	259	264	268	270	275	278	281	287	291
3A_SB	16	d	225	230	235	241	244	248	253	257	261	266	269	271	276	279	282	288	/
3A_SB	17	a	237	242	247	252	255	259	263	267	271	276	281	284	289	292	295	301	304
3A_SB	17	d	238	244	248	253	256	260	264	269	273	278	282	285	290	293	296	302	/
3A_SB	18	a	254	259	262	267	270	273	276	280	283	287	291	294	299	302	306	312	315
3A_SB	18	d	255	260	263	268	271	274	277	281	285	289	292	295	300	303	307	313	/
3A_SB	19	a	274	279	282	288	292	296	299	304	308	313	317	320	325	329	333	337	340
3A_SB	19	d	275	280	284	290	293	297	301	306	310	315	318	321	326	330	334	338	/
3A_SB	20	a	287	292	296	303	308	311	315	319	323	327	330	333	338	341	345	350	353
3A_SB	20	d	288	293	298	305	309	312	316	320	324	328	331	334	339	342	346	351	/
3A_SB	21	a	308	313	318	323	327	332	337	341	345	349	353	355	359	363	366	371	375
3A_SB	21	d	309	315	319	325	329	334	339	343	347	351	354	356	360	364	367	373	/
3A_SB	22	a	329	334	338	344	348	353	357	361	366	370	374	377	381	385	389	394	399
3A_SB	22	d	330	336	340	346	350	355	359	363	368	372	375	378	382	386	390	396	/
3A_SB	23	a	346	351	356	362	365	370	375	380	385	389	393	396	400	403	407	413	416
3A_SB	23	d	347	353	358	363	367	372	377	382	387	391	394	397	401	405	408	414	/
3A_SB	24	a	369	375	378	384	388	391	395	399	403	406	410	412	416	419	423	429	432
3A_SB	24	d	370	376	380	386	389	392	396	400	404	407	411	413	417	420	424	430	/
3A_SB	25	a	382	388	391	398	403	407	410	414	417	421	425	427	432	435	439	444	448
3A_SB	25	d	383	389	393	400	404	408	411	415	418	422	426	428	433	436	440	445	/
3A_SB	26	a	389	395	399	406	411	415	418	422	425	429	433	435	439	443	448	453	457
3A_SB	26	d	390	397	401	408	412	416	420	423	426	430	434	436	440	445	449	455	/
3A_SB	27	a	400	406	411	418	423	427	430	433	436	439	443	446	450	453	457	462	466
3A_SB	27	d	401	408	413	420	424	428	431	434	437	440	444	447	451	454	458	464	/
3A_SB	28	a	411	417	421	428	433	438	442	447	451	456	460	463	467	470	474	480	485
3A_SB	28	d	412	418	423	430	435	440	444	449	453	458	461	464	468	471	475	482	/
3A_SB	29	a	429	434	439	445	449	454	459	463	467	470	474	477	482	486	489	494	498
3A_SB	29	d	430	436	441	447	451	456	461	465	468	471	475	478	483	487	490	495	/
3A_SB	30	a	442	448	452	458	462	466	470	473	476	479	483	486	490	494	498	503	508
3A_SB	30	d	443	449	453	459	463	467	471	474	477	480	484	487	491	495	499	505	/
3A_SB	31	a	462	467	472	479	483	486	490	493	497	501	504	507	511	515	518	523	528
3A_SB	31	d	463	469	474	481	484	487	491	495	498	502	505	508	512	516	519	525	/
3A_SB	32	a	477	483	488	494	498	503	507	510	514	517	520	522	526	530	534	539	542
3A_SB	32	d	478	485	490	496	500	505	508	511	515	518	521	523	527	531	535	540	/
3A_SB	33	a	494	500	504	510	513	517	521	525	528	531	535	538	542	546	549	554	557
3A_SB	33	d	495	501	506	511	514	518	522	526	529	532	536	539	543	547	550	555	/
3A_SB	34	a	507	513	518	524	528	532	536	540	543	547	550	553	557	560	564	569	572
3A_SB	34	d	508	515	520	526	529	533	537	541	544	548	551	554	558	561	565	570	/
3A_SB	35	a	512	518	523	530	534	538	542	546	549	553	556	558	562	565	569	574	577
3A_SB	35	d	513	520	525	532	535	539	543	547	550	554	557	559	563	566	570	575	/
3A_SB	36	a	519	525	530	536	539	543	547	551	554	558	562	564	568	573	578	583	588
3A_SB	36	d	520	526	531	537	540	544	548	552	555	559	563	565	570	575	579	585	/
3A_SB	37	a	524	530	535	542	547	551	555	558	561	565	569	571	576	580	584	589	593
3A_SB	37	d	525	531	537	544	548	552	556	559	562	566	570	572	577	581	585	590	/
3A_SB	38	a	533	539	544	550	555	558	561	564	567	571	574	576	581	585	589	594	598
3A_SB	38	d	534	541	546	552	556	559	562	565	568	572	575	577	582	586	590	595	/
3A_SB	39	a	540	545	549	555	560	563	566	569	573	577	580	582	587	591	595	600	604
3A_SB	39	d	541	546	551	557	561	564	567	570	574	578	581	583	588	592	596	602	/
3A_SB	40	a	545	550	554	560	565	568	573	577	582	587	591	593	598	602	607	613	617
3A_SB	40	d	546	551	556	562	566	570	575	579	584	589	592	594	600	604	609	615	/
3A_SB	41	a	556	560	565	571	575	579	584	589	592	596	600	603	609	613	618	622	625
3A_SB	41	d	557	562	567	573	577	581	586	590	593	598	602	605	611	615	619	623	/
3A_SB	42	a	561	565	570	577	580	584	589	594	598	603	607	609	615	619	623	627	630
3A_SB	42	d	562	567	572	578	582	586	591	596	600	605	608	611	616	620	624	628	/
3A_SB	43	a	569	574	578	584	588	593	598	602	606	610	613	615	620	624	628	632	636
3A_SB	43	d	570	575	579	585	590	595	600	603	607	611	614	616	621	625	629	633	/
3A_SB	44	a	578	583	588	594	598	603	607	610	614	617	620	623	628	632	636	641	645
3A_SB	44	d	579	585	589	595	600	604	608	611	615	618	621	624	629	633	637	642	/
3A_SB	45	a	599	604	608	614	617	621	626	630	634	638	643	647	653	657	662	668	672
3A_SB	45	d	600	605	609	615	619	623	628	632	635	640	645	649	655	659	664	670	/
3A_SB	46	a	620	625	629	636	640	645	650	654	658	663	667	670	676	680	685	691	694
3A_SB	46	d	621	627	631	638	642	647	652	656	660	665	669	672	678	682	687	692	/
3A_SB	47	a	648	654	658	665	669	673	677	681	686	691	696	700	705	710	715	720	725
3A_SB	47	d	649	656	660	666	670	674	679	683	688	693	698	702	707	712	717	722	/
3A_SB	48	a	678	684	688	694	699	702	708	711	715	720	725	729	734	739	744	750	755
3A_SB	48	d	679	686	690	696	700	704	709	713	717	722	727	731	736	741	746	752	/
3A_SB	49	a	689	694	697	702	706	709	712	716	720	725	730	734	740	744	749	755	760
3A_SB	49	d	690	695	698	703	707	710	714	718	722	727	732	736	741	746	751	757	/
3A_SB	50	a	694	699	702	707	710	714	718	723	726	731	736	739	745	749	754	760	765
3A_SB	50	d	695	700	703	708	712	716	720	724	728	733	738	741	746	751	756	762	/
3A_SB	51	a	699	704	708	714	717	720	724	728	732	737	741	744	750	754	759	765	769
3A_SB	51	d	700	705	709	715	718	721	725	730	734	739	743	746	751	756	761	767	/
3A_SB	52	a	716	722	726	733	738	742	746	750	754	758	762	764	768	772	776	782	786
3A_SB	52	d	717	724	728	735	739	743	747	751	755	759	763	765	769	773	777	783	/
3A_SB	53	a	724	729	732	738	743	747	751	755	759	763	767	770	774	778	783	788	792
3A_SB	53	d	725	730	733	740	744	748	752	756	760	764	768	771	775	780	784	789	/
3A_SB	54	a	734	739	743	750	753	757	760	764	768	773	778	781	785	789	793	798	802
3A_SB	54	d	735	740	744	751	754	758	761	766	770	775	780	782	786	790	794	799	/
3A_SB	55	a	762	768	772	778	783	786	790	794	798	802	805	808	812	815	820	825	828
3A_SB	55	d	763	770	774	780	784	787	791	795	799	803	806	809	813	817	821	826	/
3A_SB	56	a	790	796	800	808	812	816	820	824	828	832	835	838	842	846	849	853	857
3A_SB	56	d	791	798	802	810	813	817	821	825	829	833	836	839	843	847	850	855	/
3A_SB	57	a	798	803	806	813	817	821	825	828	833	837	840	843	847	851	854	859	862
3A_SB	57	d	799	804	807	815	818	822	826	830	834	838	841	844	848	852	855	860	/
3A_SB	58	a	803	808	812	818	822	826	830	833	838	842	846	849	853	857	861	866	869
3A_SB	58	d	804	810	814	820	823	827	831	835	839	843	847	850	854	858	862	867	/
3A_SB	59	a	808	813	817	823	827	831	835	838	843	846	851	854	858	862	866	871	874
3A_SB	59	d	809	815	819	825	828	832	836	840	844	848	852	855	859	863	867	872	/
3A_SB	60	a	813	818	822	828	832	836	840	843	848	851	856	859	863	867	871	877	880
3A_SB	60	d	814	820	824	830	833	837	841	845	849	853	857	860	864	868	872	878	/
3A_SB	61	a	818	823	827	834	837	841	845	848	853	856	860	864	868	872	876	882	885
3A_SB	61	d	819	825	829	835	838	842	846	850	854	858	862	865	869	873	877	883	/
3A_SB	62	a	823	828	832	839	842	846	850	853	857	861	865	869	874	878	882	888	891
3A_SB	62	d	824	830	834	840	843	847	851	855	859	863	867	870	875	879	883	889	/
3A_SB	63	a	828	833	837	844	847	851	855	859	862	866	870	874	879	883	887	892	896
3A_SB	63	d	829	835	839	845	848	852	856	860	864	868	872	875	880	884	888	894	/
3A_SB	64	a	833	838	843	849	852	856	859	864	867	871	875	879	884	887	892	897	901
3A_SB	64	d	834	840	844	850	853	857	861	865	869	873	877	880	885	889	893	899	/
3A_NB	1	a	29	33	37	43	47	50	53	55	59	65	69	71	73	76	79	82	86	90
3A_NB	1	d	30	35	39	45	48	51	54	56	60	66	70	72	74	77	80	83	87	/
3A_NB	2	a	51	54	59	62	66	70	73	75	79	84	88	91	93	97	101	104	107	110
3A_NB	2	d	52	56	60	63	68	71	74	76	80	85	90	92	94	98	102	105	108	/
3A_NB	3	a	65	68	71	74	77	81	85	88	93	98	102	104	107	110	114	117	120	123
3A_NB	3	d	66	69	72	75	78	83	87	90	94	99	103	105	108	111	115	118	121	/
3A_NB	4	a	79	82	86	91	95	99	102	105	110	114	117	120	123	127	131	135	138	141
3A_NB	4	d	80	84	88	93	96	100	103	107	111	115	119	121	124	128	132	136	139	/
3A_NB	5	a	91	94	98	103	108	111	115	118	122	128	132	135	137	140	143	147	150	153
3A_NB	5	d	92	96	100	105	109	113	117	120	123	129	133	136	138	141	144	148	151	/
3A_NB	6	a	96	99	103	108	113	117	120	123	127	133	137	139	142	145	149	153	156	159
3A_NB	6	d	97	101	105	110	115	118	122	125	128	134	138	141	143	147	150	154	157	/
3A_NB	7	a	102	105	109	113	118	122	126	128	132	139	143	145	147	150	154	158	161	164
3A_NB	7	d	103	107	110	115	120	123	127	130	134	140	144	146	148	152	155	159	162	/
3A_NB	8	a	107	111	114	119	123	127	132	134	138	144	148	150	153	156	159	163	166	169
3A_NB	8	d	108	112	116	121	125	129	133	135	139	145	149	151	154	157	160	164	167	/
3A_NB	9	a	117	121	125	129	132	135	139	142	146	152	157	159	162	166	169	172	175	179
3A_NB	9	d	118	122	126	130	133	137	140	143	147	154	158	160	164	167	170	173	177	/
3A_NB	10	a	130	133	137	141	144	148	151	153	157	162	166	169	171	175	178	181	184	187
3A_NB	10	d	131	135	138	142	145	149	152	155	158	163	167	170	173	176	179	182	185	/
3A_NB	11	a	156	160	163	168	172	176	180	183	187	192	195	197	199	203	206	209	212	215
3A_NB	11	d	157	161	165	170	174	178	181	185	188	193	196	198	200	204	207	210	213	/
3A_NB	12	a	169	173	176	181	184	188	191	194	197	203	206	208	210	213	216	220	224	227
3A_NB	12	d	170	174	178	182	185	189	192	195	198	204	207	209	211	214	217	222	225	/
3A_NB	13	a	182	186	189	193	196	201	205	209	213	219	223	225	227	230	234	238	242	247
3A_NB	13	d	183	187	190	194	198	203	207	211	214	220	224	226	228	231	235	239	244	/
3A_NB	14	a	205	209	212	216	220	224	227	229	232	238	242	245	247	251	255	258	262	267
3A_NB	14	d	206	210	213	217	221	225	228	230	233	239	243	246	248	252	256	260	264	/
3A_NB	15	a	217	220	223	227	231	235	239	242	247	252	256	258	260	264	268	272	276	279
3A_NB	15	d	218	221	224	229	232	237	241	244	248	253	257	259	261	266	270	274	277	/
3A_NB	16	a	224	227	232	237	241	245	249	251	255	262	266	269	273	277	282	285	288	292
3A_NB	16	d	225	229	234	239	242	247	250	252	257	264	268	271	275	279	283	286	289	/
3A_NB	17	a	250	253	257	261	265	269	273	276	280	286	290	293	296	300	303	307	311	315
3A_NB	17	d	251	255	258	262	266	271	275	278	281	287	291	294	297	301	305	309	313	/
3A_NB	18	a	275	278	283	288	292	296	300	304	309	314	318	321	324	327	330	334	338	342
3A_NB	18	d	276	280	285	290	293	298	302	306	310	315	319	322	325	328	331	335	339	/
3A_NB	19	a	287	290	294	298	301	305	309	313	318	323	327	330	332	335	339	343	347	351
3A_NB	19	d	288	291	295	299	302	306	311	315	319	324	328	331	333	336	340	345	349	/
3A_NB	20	a	297	300	305	310	314	318	323	326	331	336	340	343	345	348	351	355	358	361
3A_NB	20	d	298	302	307	312	316	320	325	328	332	337	341	344	346	349	352	356	359	/
3A_NB	21	a	307	311	316	320	323	326	330	333	337	342	346	349	352	356	359	363	368	373
3A_NB	21	d	308	313	317	321	324	327	331	334	338	343	347	350	354	357	361	365	370	/
3A_NB	22	a	320	323	327	332	336	341	345	349	353	358	362	365	367	371	375	379	382	386
3A_NB	22	d	321	325	329	334	338	343	347	351	354	359	363	366	369	373	377	380	383	/
3A_NB	23	a	343	346	351	355	359	363	367	370	374	379	382	384	387	390	393	396	399	402
3A_NB	23	d	344	348	353	357	361	365	369	372	375	380	383	385	388	391	394	397	400	/
3A_NB	24	a	350	353	358	361	365	369	373	375	379	385	389	393	396	399	402	405	408	413
3A_NB	24	d	351	355	359	363	367	371	374	377	381	387	391	395	397	400	403	406	410	/
3A_NB	25	a	363	367	370	373	376	381	386	389	394	400	403	406	408	412	416	421	424	428
3A_NB	25	d	364	368	371	374	378	383	388	391	395	401	404	407	410	414	418	422	425	/
3A_NB	26	a	389	393	397	402	406	410	413	416	421	427	431	433	435	439	442	446	450	453
3A_NB	26	d	390	395	399	404	407	411	414	418	422	428	432	434	436	440	443	447	451	/
3A_NB	27	a	411	415	418	423	427	431	435	438	442	448	451	453	455	458	461	465	470	474
3A_NB	27	d	412	416	420	425	428	433	437	439	443	449	452	454	456	459	462	467	471	/
3A_NB	28	a	427	431	435	439	443	447	452	456	461	467	470	473	475	478	482	486	490	494
3A_NB	28	d	428	432	437	441	445	449	454	458	462	468	471	474	476	479	484	487	491	/
3A_NB	29	a	444	447	451	456	460	464	468	470	473	477	480	482	484	488	493	497	502	507
3A_NB	29	d	445	449	453	458	461	466	469	471	474	478	481	483	485	490	495	499	504	/
3A_NB	30	a	452	455	460	465	470	473	476	478	483	489	493	496	500	504	509	512	515	518
3A_NB	30	d	453	457	462	467	471	474	477	480	485	491	495	498	502	506	510	513	516	/
3A_NB	31	a	464	467	470	474	478	481	484	486	491	496	500	502	505	509	513	517	520	523
3A_NB	31	d	465	468	471	475	479	482	485	488	492	497	501	503	507	511	515	518	521	/
3A_NB	32	a	469	472	475	479	482	487	490	492	497	504	508	510	513	516	519	522	525	528
3A_NB	32	d	470	473	476	480	484	488	491	494	499	505	509	511	514	517	520	523	526	/
3A_NB	33	a	475	478	481	486	490	494	497	499	503	509	513	516	520	524	528	532	535	538
3A_NB	33	d	476	479	483	488	491	495	498	500	504	511	514	518	522	526	529	533	536	/
3A_NB	34	a	486	489	494	497	500	504	507	510	514	520	523	526	529	532	536	540	545	550
3A_NB	34	d	487	491	495	498	501	505	509	512	515	521	525	527	530	534	537	542	547	/
3A_NB	35	a	491	494	499	502	505	510	514	517	520	526	529	531	535	538	542	546	550	555
3A_NB	35	d	492	496	500	503	507	512	516	518	521	527	530	533	536	540	543	547	552	/
3A_NB	36	a	497	500	504	508	513	517	521	524	529	535	539	542	545	549	553	558	562	567
3A_NB	36	d	498	501	506	510	515	519	523	526	531	537	540	544	547	551	555	559	564	/
3A_NB	37	a	510	514	519	523	527	531	535	538	542	547	551	554	556	560	564	568	572	576
3A_NB	37	d	511	516	520	525	528	533	536	539	543	548	552	555	557	561	565	569	573	/
3A_NB	38	a	539	542	546	551	556	560	564	567	571	577	581	583	585	588	591	595	599	603
3A_NB	38	d	540	544	548	553	558	562	566	569	572	578	582	584	586	589	592	596	600	/
3A_NB	39	a	544	547	551	556	561	565	569	572	576	582	586	589	591	594	597	601	605	609
3A_NB	39	d	545	549	553	558	563	567	571	574	577	583	587	590	592	595	598	602	606	/
3A_NB	40	a	550	553	558	562	566	570	575	577	581	587	591	594	596	599	603	608	613	618
3A_NB	40	d	551	555	559	563	568	572	576	579	582	588	592	595	597	600	605	610	615	/
3A_NB	41	a	555	558	563	567	571	575	580	582	586	592	596	599	602	606	610	614	618	623
3A_NB	41	d	556	560	564	568	573	577	581	584	587	593	597	600	603	607	611	616	620	/
3A_NB	42	a	560	563	568	572	576	580	585	587	591	597	601	603	607	611	615	619	623	628
3A_NB	42	d	561	565	569	573	578	582	586	589	592	598	602	605	608	612	617	621	625	/
3A_NB	43	a	566	569	573	578	583	588	591	593	596	602	605	608	612	616	620	624	628	633
3A_NB	43	d	567	571	575	580	585	589	592	594	597	603	607	610	613	618	622	626	630	/
3A_NB	44	a	574	578	581	585	589	593	596	598	603	608	612	614	617	621	625	629	633	638
3A_NB	44	d	575	579	582	586	590	594	597	600	604	610	613	615	619	623	627	631	635	/
3A_NB	45	a	579	583	586	590	594	598	601	603	608	613	617	619	622	626	630	634	638	643
3A_NB	45	d	580	584	587	591	595	599	602	605	609	615	618	620	624	628	632	636	640	/
3A_NB	46	a	584	588	591	595	599	603	606	608	613	618	622	624	627	631	636	639	643	647
3A_NB	46	d	585	589	592	596	600	604	607	610	614	620	623	625	629	633	637	641	645	/
3A_NB	47	a	589	593	596	600	603	608	611	613	618	624	627	629	632	636	641	644	648	652
3A_NB	47	d	590	594	597	601	605	609	612	615	619	625	628	631	634	638	642	646	650	/
3A_NB	48	a	594	598	601	605	608	613	616	618	623	629	632	635	637	641	646	650	653	657
3A_NB	48	d	595	599	602	606	610	614	617	620	624	630	633	636	639	643	647	651	655	/
3A_NB	49	a	621	625	628	633	636	641	644	647	650	656	660	662	665	669	674	677	681	685
3A_NB	49	d	622	626	630	634	638	642	645	648	652	658	661	664	667	671	675	678	682	/
3A_NB	50	a	651	654	658	662	667	671	674	676	680	686	690	693	695	699	703	707	711	715
3A_NB	50	d	652	656	660	664	668	672	675	677	681	688	691	694	697	701	705	708	712	/
3A_NB	51	a	680	684	688	693	696	699	703	706	710	717	720	723	725	728	733	737	740	744
3A_NB	51	d	681	686	690	694	697	701	705	707	711	718	721	724	726	730	735	738	741	/
3A_NB	52	a	685	689	693	698	701	704	708	711	715	722	726	729	731	734	738	742	745	749
3A_NB	52	d	686	691	695	699	702	706	710	712	716	723	727	730	732	735	740	743	746	/
3A_NB	53	a	690	694	698	703	706	710	713	716	720	726	731	734	736	740	744	747	750	754
3A_NB	53	d	691	696	700	704	707	711	715	717	721	728	732	735	737	741	745	748	751	/
3A_NB	54	a	695	699	703	708	711	715	718	721	725	731	736	738	741	745	749	752	755	759
3A_NB	54	d	696	701	705	709	712	716	720	722	726	733	737	740	742	746	750	753	756	/
3A_NB	55	a	705	709	713	717	720	723	728	730	734	740	743	745	748	752	757	760	764	768
3A_NB	55	d	706	710	714	718	721	725	729	731	735	741	744	747	750	754	758	762	766	/
3A_NB	56	a	735	739	743	747	750	754	757	760	763	769	773	775	778	783	787	790	794	799
3A_NB	56	d	736	740	744	748	751	755	758	761	764	770	774	777	780	784	788	792	796	/
3A_NB	57	a	765	769	772	776	779	783	787	789	793	798	802	805	808	813	817	820	824	829
3A_NB	57	d	766	770	773	777	780	784	788	790	794	799	803	807	810	814	818	822	826	/
3A_NB	58	a	795	799	802	806	809	813	816	818	821	827	831	835	838	842	845	850	854	859
3A_NB	58	d	796	800	803	807	810	814	817	819	822	828	833	837	840	843	847	852	856	/
3A_NB	59	a	824	827	832	836	839	842	845	847	851	856	861	865	868	872	876	879	883	888
3A_NB	59	d	825	829	833	837	840	843	846	848	852	858	863	867	870	873	877	881	885	/
3A_NB	60	a	854	858	862	865	868	872	875	877	880	885	890	894	898	902	905	909	914	918
3A_NB	60	d	855	859	863	866	869	873	876	878	881	887	892	896	900	903	907	911	915	/
3A_NB	61	a	881	884	889	892	896	900	904	906	910	915	920	923	926	931	935	939	943	948
3A_NB	61	d	882	886	890	894	897	901	905	907	911	917	921	925	928	933	937	941	945	/
3A_NB	62	a	911	914	918	923	926	930	934	936	939	946	949	952	956	960	965	969	973	977
3A_NB	62	d	912	916	920	924	927	931	935	937	941	947	951	954	958	962	967	971	975	/
3A_NB	63	a	941	945	949	952	955	958	962	966	970	975	980	983	985	988	992	996	999	1002
3A_NB	63	d	942	946	950	953	956	960	964	967	971	977	981	984	986	990	993	997	1000	/
3A_NB	64	a	971	974	978	982	985	989	993	996	1000	1006	1009	1012	1014	1017	1021	1025	1028	1032
3A_NB	64	d	972	975	979	983	986	990	994	997	1001	1007	1010	1013	1015	1018	1022	1026	1029	/
