RouteID	RunID	Arrivals/Departures	TimePerStop
1A_SB	1	a	6	9	12	23	27	32	37	40	45	49	53	56	67	71	78
1A_SB	1	d	7	10	14	25	29	33	38	42	47	51	54	58	69	72	/
1A_SB	2	a	23	27	31	40	43	47	53	57	62	65	68	72	85	88	97
1A_SB	2	d	24	28	33	41	45	49	55	59	63	66	70	74	86	90	/
1A_SB	3	a	51	55	59	69	73	77	84	88	92	95	98	102	113	118	128
1A_SB	3	d	52	56	61	71	75	79	85	89	93	96	100	103	115	120	/
1A_SB	4	a	64	69	73	82	87	91	96	99	103	107	111	114	123	127	137
1A_SB	4	d	66	70	74	84	89	92	97	100	105	108	112	116	125	129	/
1A_SB	5	a	79	84	88	99	102	105	111	114	118	121	125	128	138	141	148
1A_SB	5	d	81	85	90	100	103	106	112	115	119	122	126	129	139	142	/
1A_SB	6	a	86	91	94	104	107	111	117	120	124	127	131	134	143	146	153
1A_SB	6	d	88	92	95	105	109	112	118	121	125	128	132	136	144	147	/
1A_SB	7	a	103	107	110	119	122	125	131	134	138	142	146	150	160	164	171
1A_SB	7	d	105	108	112	120	123	126	132	135	139	143	147	151	162	166	/
1A_SB	8	a	114	117	121	131	134	138	143	146	151	155	159	163	173	177	184
1A_SB	8	d	115	119	123	132	135	139	144	148	153	156	160	164	174	179	/
1A_SB	9	a	118	123	127	136	140	144	149	152	157	160	164	168	177	182	190
1A_SB	9	d	120	125	128	137	141	145	150	154	158	161	165	169	179	184	/
1A_SB	10	a	125	130	134	142	147	151	156	159	163	166	170	174	184	188	196
1A_SB	10	d	127	132	135	144	148	152	157	160	164	168	171	176	186	190	/
1A_SB	11	a	130	135	140	148	152	156	161	164	168	172	176	180	191	194	202
1A_SB	11	d	132	137	141	150	153	157	162	165	169	174	177	181	192	196	/
1A_SB	12	a	137	141	146	154	157	161	166	170	174	179	183	186	197	200	207
1A_SB	12	d	139	143	147	155	158	162	167	171	176	180	184	187	198	201	/
1A_SB	13	a	142	146	151	159	163	167	172	177	181	184	188	192	204	207	215
1A_SB	13	d	144	148	152	161	164	168	174	178	182	185	190	194	205	209	/
1A_SB	14	a	147	151	157	165	170	173	178	182	186	189	193	197	208	213	221
1A_SB	14	d	149	153	158	167	171	174	179	183	187	190	195	199	210	214	/
1A_SB	15	a	154	157	162	171	175	178	183	187	192	196	199	203	213	218	227
1A_SB	15	d	155	158	164	172	176	179	184	189	194	197	201	204	215	220	/
1A_SB	16	a	159	162	168	177	181	184	191	196	199	202	205	209	220	224	230
1A_SB	16	d	160	164	169	178	182	186	193	197	200	203	207	210	221	225	/
1A_NB	1	a	17	26	29	37	42	46	50	54	57	62	65	68	77	80	84
1A_NB	1	d	18	27	30	38	43	47	51	55	58	63	66	69	78	81	/
1A_NB	2	a	23	32	35	43	48	53	58	63	67	74	78	82	91	96	100
1A_NB	2	d	24	33	36	44	50	55	60	65	69	75	80	84	93	97	/
1A_NB	3	a	37	47	51	60	65	68	73	79	82	88	92	96	105	108	112
1A_NB	3	d	38	48	53	62	66	70	75	80	84	90	94	98	106	109	/
1A_NB	4	a	66	74	78	88	94	97	100	104	108	115	119	122	130	135	141
1A_NB	4	d	67	76	79	90	95	98	101	105	110	117	120	123	132	137	/
1A_NB	5	a	76	86	89	100	105	108	112	117	121	128	132	136	145	150	154
1A_NB	5	d	78	87	90	101	106	110	114	118	122	130	134	138	147	151	/
1A_NB	6	a	100	108	112	122	127	131	135	139	142	148	152	156	164	169	174
1A_NB	6	d	101	110	113	123	128	132	136	140	143	150	153	157	166	171	/
1A_NB	7	a	104	115	118	128	133	137	140	145	148	154	158	163	171	175	179
1A_NB	7	d	106	116	120	129	134	138	142	146	149	156	160	165	172	176	/
1A_NB	8	a	109	120	124	134	140	144	147	151	154	161	164	168	176	180	184
1A_NB	8	d	111	122	126	135	141	145	148	152	155	162	165	170	177	181	/
1A_NB	9	a	133	142	145	152	157	160	163	167	170	177	182	187	196	200	205
1A_NB	9	d	135	143	146	153	158	161	164	168	171	179	184	188	197	201	/
1A_NB	10	a	153	163	166	174	179	182	186	191	194	201	204	207	215	219	223
1A_NB	10	d	155	164	167	175	180	183	187	192	196	202	205	208	216	220	/
1A_NB	11	a	158	168	171	179	186	189	194	197	200	206	209	212	224	227	231
1A_NB	11	d	160	169	172	180	187	191	195	198	201	207	210	214	225	228	/
1A_NB	12	a	163	173	176	184	191	194	199	202	205	211	215	218	229	232	236
1A_NB	12	d	165	174	177	185	192	196	200	203	206	213	216	219	230	233	/
1A_NB	13	a	168	178	181	190	197	200	204	207	210	217	220	223	234	237	241
1A_NB	13	d	170	179	182	191	198	201	205	208	212	218	221	224	235	238	/
1A_NB	14	a	173	183	186	195	201	205	210	215	219	226	229	232	240	244	248
1A_NB	14	d	175	184	187	197	203	207	212	217	221	227	230	233	242	245	/
1A_NB	15	a	195	207	210	219	225	228	232	236	240	247	251	254	264	267	272
1A_NB	15	d	197	208	211	220	226	229	233	237	242	249	252	255	265	269	/
1A_NB	16	a	200	212	216	226	231	234	238	242	246	252	256	259	270	273	277
1A_NB	16	d	202	214	218	227	232	235	239	244	247	254	257	261	271	274	/
2A_NB	1	a	12	15	21	26	29	35	39	43	52	55	62	65	69	73	79	81	85	89
2A_NB	1	d	13	17	23	27	31	37	41	44	53	57	63	67	70	74	80	82	86	/
2A_NB	2	a	25	28	33	37	41	47	52	55	65	69	76	79	82	85	90	92	97	100
2A_NB	2	d	26	29	34	39	43	49	53	56	66	70	78	81	83	86	91	94	98	/
2A_NB	3	a	43	46	52	56	59	65	69	72	82	86	92	95	98	102	107	109	113	116
2A_NB	3	d	44	47	53	57	60	66	70	73	83	87	93	96	99	103	108	110	114	/
2A_NB	4	a	56	59	65	68	71	77	80	83	91	95	101	104	106	110	115	117	121	125
2A_NB	4	d	57	60	66	69	72	78	81	84	92	96	102	105	107	111	116	118	122	/
2A_NB	5	a	72	75	80	83	87	93	98	102	110	114	119	122	125	128	134	137	141	146
2A_NB	5	d	73	76	81	85	89	95	100	103	111	115	121	123	126	130	136	138	143	/
2A_NB	6	a	87	90	96	99	102	108	112	116	126	130	135	137	140	143	148	150	154	157
2A_NB	6	d	88	91	97	100	103	109	113	117	127	131	136	138	141	144	149	151	155	/
2A_NB	7	a	92	95	101	104	107	112	117	121	130	135	141	143	146	149	154	158	163	168
2A_NB	7	d	93	96	102	105	108	114	118	123	132	136	142	144	147	150	156	160	165	/
2A_NB	8	a	97	100	106	109	112	117	122	126	135	140	146	149	153	157	163	166	169	173
2A_NB	8	d	98	101	107	110	113	119	124	128	137	141	148	151	155	159	165	167	170	/
2A_NB	9	a	102	105	110	114	117	122	127	131	140	145	151	155	158	162	168	171	174	178
2A_NB	9	d	103	106	112	115	118	124	129	133	142	146	153	156	160	164	170	172	175	/
2A_NB	10	a	107	110	115	119	123	129	133	136	145	150	156	160	163	167	174	176	179	182
2A_NB	10	d	108	111	117	120	124	130	134	138	147	151	158	161	165	169	175	177	180	/
2A_NB	11	a	115	118	125	129	134	140	144	148	159	163	169	171	175	179	187	189	193	196
2A_NB	11	d	116	120	127	131	136	142	146	150	160	165	170	173	177	181	188	190	194	/
2A_NB	12	a	143	147	154	158	162	168	173	178	188	192	198	201	205	209	215	217	222	225
2A_NB	12	d	144	149	155	159	163	170	175	180	190	194	200	203	207	211	216	219	223	/
2A_NB	13	a	173	177	182	186	191	198	203	207	215	220	227	230	234	239	244	247	251	255
2A_NB	13	d	174	179	184	188	193	200	205	209	217	222	229	232	236	241	246	249	253	/
2A_NB	14	a	201	205	211	214	218	226	231	236	245	250	256	259	262	268	275	277	281	284
2A_NB	14	d	202	206	212	216	220	228	233	238	247	252	258	261	264	270	276	278	282	/
2A_NB	15	a	231	235	241	244	248	254	257	260	270	273	277	279	282	286	293	295	299	303
2A_NB	15	d	232	236	242	245	249	255	258	261	271	274	278	280	283	287	294	296	300	/
2A_NB	16	a	244	248	254	257	260	265	268	271	278	281	285	287	289	293	300	302	306	310
2A_NB	16	d	245	249	255	258	261	266	269	272	279	282	286	288	290	294	301	303	307	/
2A_SB	1	a	13	18	22	26	32	35	39	43	47	53	58	63	67	72	78	83	88	92
2A_SB	1	d	14	20	24	28	33	37	41	45	48	55	60	65	69	74	80	85	90	/
2A_SB	2	a	43	47	51	54	60	64	67	73	77	82	86	91	94	97	102	105	110	114
2A_SB	2	d	44	49	52	56	62	65	69	75	78	83	87	92	95	98	103	107	112	/
2A_SB	3	a	54	58	61	65	70	73	76	80	83	88	92	98	102	105	110	114	118	121
2A_SB	3	d	56	59	63	66	71	74	77	81	84	89	94	100	103	106	112	115	119	/
2A_SB	4	a	61	65	67	70	75	78	81	85	88	93	99	105	109	112	117	120	123	126
2A_SB	4	d	63	66	68	71	76	79	82	86	89	95	101	107	110	113	118	121	124	/
2A_SB	5	a	66	70	72	75	82	86	90	93	96	101	106	112	115	118	125	129	133	137
2A_SB	5	d	68	71	73	77	84	88	91	94	97	102	107	113	116	120	127	131	135	/
2A_SB	6	a	75	79	83	87	94	97	101	104	109	115	119	125	129	133	139	142	145	148
2A_SB	6	d	77	81	85	89	96	99	102	106	111	117	121	127	130	135	140	143	146	/
2A_SB	7	a	90	94	97	100	106	108	111	114	118	123	127	132	135	139	144	147	150	153
2A_SB	7	d	92	95	98	101	107	109	112	115	119	124	128	133	136	140	145	148	151	/
2A_SB	8	a	97	101	105	109	116	118	122	125	128	134	138	142	145	149	155	159	163	167
2A_SB	8	d	99	103	107	111	117	120	123	126	129	135	139	143	146	150	156	160	165	/
2A_SB	9	a	107	111	114	118	124	126	129	132	135	139	143	147	150	154	160	164	168	172
2A_SB	9	d	109	113	116	120	125	127	130	133	136	140	144	148	151	155	161	165	170	/
2A_SB	10	a	121	125	128	131	136	138	141	145	148	152	155	160	163	167	172	175	179	182
2A_SB	10	d	123	127	129	132	137	139	142	146	149	153	156	161	164	168	173	176	180	/
2A_SB	11	a	127	131	133	136	141	144	148	152	157	163	167	172	175	178	183	186	190	194
2A_SB	11	d	129	132	134	137	143	146	149	154	159	165	168	173	176	179	184	187	192	/
2A_SB	12	a	133	136	139	143	148	150	154	159	163	168	172	177	180	184	189	192	196	199
2A_SB	12	d	134	138	140	144	149	151	156	160	164	170	173	178	181	185	190	193	197	/
2A_SB	13	a	140	143	145	150	157	159	163	167	171	177	180	186	191	195	201	205	209	212
2A_SB	13	d	141	144	147	152	158	160	164	168	172	178	181	188	192	196	203	206	210	/
2A_SB	14	a	149	153	156	159	165	167	170	173	177	184	187	193	197	201	207	210	215	219
2A_SB	14	d	150	154	157	160	166	168	171	174	179	185	188	195	198	202	208	212	217	/
2A_SB	15	a	163	168	171	174	180	183	187	190	193	201	204	210	214	218	223	226	230	233
2A_SB	15	d	165	169	172	175	181	184	188	191	195	202	205	212	215	219	224	228	231	/
2A_SB	16	a	177	182	186	190	197	200	205	209	213	220	225	231	236	240	247	252	256	259
2A_SB	16	d	179	184	188	192	199	202	207	211	215	222	227	233	238	242	249	254	257	/
3A_SB	1	a	7	12	16	24	27	30	35	41	44	48	51	54	59	63	67	72	76
3A_SB	1	d	8	13	18	25	28	32	37	42	45	49	53	55	60	64	68	73	/
3A_SB	2	a	37	41	46	52	56	60	65	69	73	78	82	84	89	93	96	101	104
3A_SB	2	d	38	43	48	54	58	62	67	71	75	79	83	85	90	94	97	102	/
3A_SB	3	a	54	59	63	69	73	78	83	88	92	96	101	103	107	111	115	120	123
3A_SB	3	d	55	61	65	71	75	80	85	90	94	98	102	105	108	112	116	121	/
3A_SB	4	a	67	72	76	82	87	92	96	100	104	109	113	115	118	122	125	129	132
3A_SB	4	d	68	74	77	84	89	94	98	102	106	111	114	116	119	123	126	130	/
3A_SB	5	a	78	84	88	94	98	103	108	111	115	119	122	125	129	133	136	141	145
3A_SB	5	d	79	85	89	95	100	105	109	113	116	120	123	126	130	134	137	142	/
3A_SB	6	a	87	93	96	103	107	112	116	119	123	128	132	135	139	142	145	150	153
3A_SB	6	d	88	94	97	104	109	113	117	121	125	130	133	136	140	143	146	151	/
3A_SB	7	a	102	109	113	118	121	124	127	131	134	137	140	142	146	149	152	159	162
3A_SB	7	d	103	110	114	119	122	125	128	132	135	138	141	143	147	150	154	160	/
3A_SB	8	a	107	113	118	123	126	130	134	140	144	148	153	156	160	163	166	171	174
3A_SB	8	d	108	115	119	124	128	132	136	142	146	150	154	157	161	164	167	172	/
3A_SB	9	a	125	132	136	143	147	150	154	158	162	166	169	171	175	179	183	189	193
3A_SB	9	d	126	134	138	145	148	151	155	159	164	167	170	172	176	180	184	190	/
3A_SB	10	a	133	140	143	149	153	157	161	165	168	172	175	177	181	184	188	194	198
3A_SB	10	d	134	141	144	151	154	158	162	166	169	173	176	178	182	185	189	195	/
3A_SB	11	a	142	148	153	161	165	169	173	177	180	184	187	190	195	199	204	209	212
3A_SB	11	d	143	150	155	163	166	170	174	178	181	185	188	191	196	200	205	210	/
3A_SB	12	a	149	154	159	167	170	174	178	182	185	189	192	195	200	204	209	215	218
3A_SB	12	d	150	156	161	168	171	175	179	183	186	190	193	196	201	205	210	216	/
3A_SB	13	a	157	162	167	172	176	180	183	187	190	194	197	199	205	209	213	220	223
3A_SB	13	d	158	164	168	174	177	181	185	188	191	195	198	201	206	210	215	221	/
3A_SB	14	a	162	167	172	178	183	187	190	193	196	200	203	205	210	214	218	225	229
3A_SB	14	d	163	169	174	180	184	188	191	194	197	201	204	206	212	215	220	226	/
3A_SB	15	a	167	173	178	183	188	192	195	199	202	206	209	212	217	220	224	230	234
3A_SB	15	d	168	175	179	185	189	193	196	200	203	207	210	213	218	221	226	231	/
3A_SB	16	a	191	196	201	209	212	215	219	224	228	231	235	237	242	246	250	256	260
3A_SB	16	d	192	198	203	210	213	216	221	225	229	232	236	238	243	247	252	258	/
3A_NB	1	a	13	17	21	25	29	34	39	43	48	52	56	58	61	64	68	71	74	77
3A_NB	1	d	14	19	23	27	31	36	41	45	49	53	57	60	62	65	69	72	75	/
3A_NB	2	a	22	25	29	33	37	42	46	48	53	58	62	66	69	72	77	80	84	88
3A_NB	2	d	23	27	30	34	39	43	47	50	55	59	64	68	70	74	78	81	86	/
3A_NB	3	a	32	35	38	42	47	50	53	55	59	65	70	73	75	79	82	85	89	93
3A_NB	3	d	33	36	39	44	48	51	54	56	61	67	71	74	77	80	83	86	91	/
3A_NB	4	a	49	53	57	61	65	70	74	78	82	87	91	93	96	100	103	106	110	114
3A_NB	4	d	50	55	59	63	67	72	76	79	83	88	92	94	97	101	104	107	111	/
3A_NB	5	a	54	58	62	67	70	75	80	83	88	93	97	99	102	106	109	112	116	121
3A_NB	5	d	55	60	64	68	72	77	81	85	89	94	98	100	103	107	110	113	118	/
3A_NB	6	a	61	65	68	72	75	81	85	89	93	99	103	105	108	112	115	118	122	126
3A_NB	6	d	62	66	69	73	77	82	87	90	94	100	104	107	110	113	116	120	123	/
3A_NB	7	a	80	84	88	92	97	102	106	109	114	120	124	127	129	133	138	142	145	149
3A_NB	7	d	81	86	89	94	99	104	108	111	115	121	125	128	130	135	139	143	146	/
3A_NB	8	a	93	97	101	105	109	112	116	118	123	129	133	136	138	143	147	151	154	157
3A_NB	8	d	94	99	102	106	110	113	117	120	124	130	134	137	140	144	148	152	155	/
3A_NB	9	a	99	103	107	111	116	120	125	128	133	139	143	146	148	152	155	159	162	165
3A_NB	9	d	100	105	108	113	118	122	127	130	134	140	144	147	149	153	156	160	163	/
3A_NB	10	a	105	109	113	118	122	125	130	133	138	144	148	151	153	156	160	164	168	172
3A_NB	10	d	106	111	115	120	123	127	132	135	139	145	149	152	154	158	161	165	169	/
3A_NB	11	a	115	119	122	127	130	133	137	140	145	151	155	157	159	162	165	168	173	177
3A_NB	11	d	116	120	123	128	131	135	139	142	146	152	156	158	160	163	166	170	174	/
3A_NB	12	a	125	129	132	137	140	144	147	149	153	158	162	164	166	169	172	176	180	183
3A_NB	12	d	126	130	133	138	141	145	148	150	154	159	163	165	167	170	174	177	181	/
3A_NB	13	a	149	152	157	161	165	170	174	177	182	186	190	193	196	199	203	206	210	213
3A_NB	13	d	150	154	158	163	167	172	176	179	183	187	191	194	197	200	204	207	211	/
3A_NB	14	a	162	165	170	174	179	183	186	188	192	196	201	204	207	210	213	216	220	223
3A_NB	14	d	163	167	171	176	181	184	187	189	193	197	202	205	208	211	214	218	221	/
3A_NB	15	a	173	176	180	185	190	194	197	200	204	209	213	215	218	222	226	229	232	236
3A_NB	15	d	174	177	182	187	192	195	199	201	205	210	214	216	220	224	227	230	233	/
3A_NB	16	a	188	192	196	200	204	208	211	214	217	223	227	230	232	235	238	241	245	248
3A_NB	16	d	189	193	197	201	205	209	213	215	218	224	228	231	233	236	239	242	246	/
