RouteID	RunID	Arrivals/Departures	TimePerStop
1A_SB	1	a	4	8	13	22	26	31	37	41	46	49	52	56	66	71	79
1A_SB	1	d	5	10	15	24	28	33	38	43	47	50	53	57	68	73	/
1A_SB	2	a	29	33	36	44	47	50	57	60	65	69	73	76	86	90	97
1A_SB	2	d	30	34	37	45	48	52	58	62	66	70	74	77	87	91	/
1A_SB	3	a	54	59	63	71	75	79	85	89	94	98	103	106	115	119	126
1A_SB	3	d	56	60	64	73	76	81	87	91	96	100	104	107	116	120	/
1A_SB	4	a	69	73	78	86	89	92	97	101	105	109	113	117	127	131	139
1A_SB	4	d	71	75	79	87	90	93	98	102	107	110	115	119	129	133	/
1A_SB	5	a	79	83	88	98	102	106	112	115	119	123	128	132	144	148	155
1A_SB	5	d	81	85	90	99	104	107	113	116	121	125	130	134	146	150	/
1A_SB	6	a	88	93	98	108	112	117	124	128	132	136	141	145	154	158	164
1A_SB	6	d	90	95	100	110	114	119	126	130	134	138	142	146	155	159	/
1A_SB	7	a	99	104	109	118	123	126	132	136	141	145	150	153	164	167	175
1A_SB	7	d	101	106	111	120	124	128	134	138	143	147	151	154	165	169	/
1A_SB	8	a	116	121	126	134	138	143	149	154	158	162	166	170	182	186	194
1A_SB	8	d	118	123	127	135	140	145	151	156	160	164	168	172	184	187	/
1A_SB	9	a	128	132	136	145	149	152	159	163	166	169	173	177	189	193	201
1A_SB	9	d	130	133	137	146	150	154	160	164	167	170	175	179	191	194	/
1A_SB	10	a	138	142	146	155	160	163	169	173	177	180	183	187	198	202	210
1A_SB	10	d	140	143	147	157	161	164	171	175	178	181	185	189	200	204	/
1A_SB	11	a	146	150	155	166	170	174	181	185	188	193	198	201	211	214	221
1A_SB	11	d	148	152	157	168	172	176	182	186	190	195	199	203	212	215	/
1A_SB	12	a	170	173	177	189	193	197	204	207	210	214	218	221	231	235	242
1A_SB	12	d	171	174	179	191	195	199	205	208	211	216	219	223	233	236	/
1A_SB	13	a	198	202	205	215	219	222	229	234	238	242	246	250	258	261	269
1A_SB	13	d	200	203	206	216	220	224	231	236	240	244	247	251	259	262	/
1A_SB	14	a	206	210	214	222	227	230	237	242	247	251	255	259	267	271	280
1A_SB	14	d	208	211	215	224	228	232	239	244	249	253	257	261	269	272	/
1A_SB	15	a	225	230	234	242	245	249	255	259	264	269	273	276	285	288	296
1A_SB	15	d	227	231	235	243	247	251	257	261	266	271	274	277	286	290	/
1A_SB	16	a	243	247	251	259	262	266	271	275	279	282	285	289	300	305	313
1A_SB	16	d	245	248	252	260	263	267	272	276	280	283	286	291	302	306	/
1A_SB	17	a	250	254	259	268	271	275	281	286	290	294	299	302	312	316	324
1A_SB	17	d	252	256	261	269	272	276	283	288	292	296	300	303	313	317	/
1A_SB	18	a	266	270	275	284	287	291	296	300	305	310	313	316	325	329	339
1A_SB	18	d	268	272	277	285	288	292	298	302	307	311	314	317	326	331	/
1A_SB	19	a	272	277	282	291	294	298	303	307	312	317	322	326	336	340	350
1A_SB	19	d	274	279	284	292	295	299	305	309	314	319	324	328	338	342	/
1A_SB	20	a	297	301	304	315	318	322	329	332	335	339	343	347	356	360	367
1A_SB	20	d	298	302	305	316	319	324	330	333	336	340	345	348	357	361	/
1A_SB	21	a	326	330	334	342	345	348	355	359	362	366	369	372	380	384	393
1A_SB	21	d	328	331	335	343	346	349	356	360	363	367	370	373	381	386	/
1A_SB	22	a	335	339	344	354	359	364	371	375	379	383	388	391	399	403	411
1A_SB	22	d	337	341	346	356	361	366	373	377	381	385	389	392	400	404	/
1A_SB	23	a	357	361	366	373	377	380	385	388	392	395	398	402	410	414	421
1A_SB	23	d	359	363	367	374	378	381	386	390	393	396	400	403	411	415	/
1A_SB	24	a	368	373	377	386	390	393	398	401	404	407	411	414	422	426	434
1A_SB	24	d	370	374	378	387	391	394	399	402	405	408	412	416	424	427	/
1A_SB	25	a	376	381	386	395	399	402	407	411	416	420	425	428	437	440	447
1A_SB	25	d	378	383	387	397	400	403	409	413	418	422	426	429	438	441	/
1A_SB	26	a	384	389	394	404	408	412	418	422	425	428	433	436	446	449	455
1A_SB	26	d	386	391	396	406	410	414	420	423	426	430	434	437	447	450	/
1A_SB	27	a	392	397	402	412	415	418	425	428	431	435	440	443	453	457	463
1A_SB	27	d	394	399	404	413	416	420	426	429	433	437	441	444	454	458	/
1A_SB	28	a	409	414	419	430	435	439	445	449	454	458	463	467	477	481	488
1A_SB	28	d	411	416	421	432	437	441	447	451	456	460	464	468	478	482	/
1A_SB	29	a	422	428	432	443	446	450	456	459	463	466	469	472	482	485	493
1A_SB	29	d	424	429	434	444	448	452	457	460	464	467	470	473	483	487	/
1A_SB	30	a	438	443	447	456	460	464	470	474	477	480	483	487	496	499	507
1A_SB	30	d	440	444	448	457	461	465	471	475	478	481	484	488	497	501	/
1A_SB	31	a	446	451	455	464	467	472	479	482	485	488	491	496	506	509	518
1A_SB	31	d	448	452	456	465	469	474	480	483	486	489	493	497	507	510	/
1A_SB	32	a	456	460	465	476	479	484	491	494	498	502	506	510	520	524	533
1A_SB	32	d	457	462	467	477	481	486	492	495	499	503	508	511	522	526	/
1A_SB	33	a	474	479	483	492	496	500	506	510	513	516	520	523	533	537	545
1A_SB	33	d	476	480	484	494	498	501	507	511	514	517	521	525	535	538	/
1A_SB	34	a	483	487	491	500	503	506	512	515	518	521	525	528	538	543	553
1A_SB	34	d	485	488	492	501	504	507	513	516	519	522	526	530	540	545	/
1A_SB	35	a	488	492	496	506	509	513	519	522	525	529	533	537	547	552	562
1A_SB	35	d	490	493	498	507	510	515	520	523	526	530	535	539	549	554	/
1A_SB	36	a	497	502	506	515	518	522	527	530	535	540	544	548	558	563	572
1A_SB	36	d	499	503	507	516	519	523	528	532	537	542	546	550	560	565	/
1A_SB	37	a	502	507	511	522	525	529	535	539	543	546	550	554	565	570	578
1A_SB	37	d	504	508	512	523	526	530	537	540	544	548	552	556	567	572	/
1A_SB	38	a	507	512	516	527	530	534	541	545	550	554	558	563	574	577	584
1A_SB	38	d	509	513	517	528	531	536	543	547	552	556	560	565	575	578	/
1A_SB	39	a	514	519	523	533	536	540	547	550	555	560	564	569	580	583	592
1A_SB	39	d	516	520	525	534	537	542	548	552	557	562	566	570	581	585	/
1A_SB	40	a	527	531	536	546	550	555	561	566	571	576	581	585	594	597	605
1A_SB	40	d	528	533	538	548	552	557	563	568	573	578	583	586	595	598	/
1A_SB	41	a	551	555	560	569	573	577	583	588	593	597	602	607	616	621	629
1A_SB	41	d	552	557	562	571	575	579	585	590	595	599	604	608	618	623	/
1A_SB	42	a	557	560	565	574	578	582	588	593	598	602	607	612	621	626	634
1A_SB	42	d	558	562	567	576	580	584	590	595	600	604	609	613	623	628	/
1A_SB	43	a	564	567	572	579	583	587	594	599	604	608	613	617	627	632	638
1A_SB	43	d	565	569	574	581	585	589	596	601	606	610	615	618	629	633	/
1A_SB	44	a	569	572	577	584	588	592	599	604	609	613	618	622	633	637	643
1A_SB	44	d	570	574	579	586	590	594	601	606	611	615	620	624	634	638	/
1A_SB	45	a	580	583	588	596	600	605	610	615	620	623	627	630	639	644	652
1A_SB	45	d	581	585	590	598	602	606	612	617	621	624	628	631	641	645	/
1A_SB	46	a	588	592	597	605	609	614	621	626	631	635	638	641	650	654	662
1A_SB	46	d	589	594	599	607	611	616	623	628	633	636	639	642	651	655	/
1A_SB	47	a	617	621	625	634	637	640	648	653	657	660	663	666	676	679	686
1A_SB	47	d	618	622	626	635	638	642	650	655	658	661	664	667	677	680	/
1A_SB	48	a	644	648	652	662	666	670	676	680	684	687	691	695	703	707	714
1A_SB	48	d	645	649	654	664	668	672	678	681	685	688	692	696	705	708	/
1A_SB	49	a	650	654	658	667	671	675	682	685	689	692	696	700	708	712	719
1A_SB	49	d	651	655	660	669	673	677	683	686	690	693	697	701	710	713	/
1A_SB	50	a	656	660	665	673	678	681	687	690	694	697	701	706	715	718	726
1A_SB	50	d	657	662	666	675	679	682	688	691	695	698	703	707	716	720	/
1A_SB	51	a	662	666	671	679	683	686	692	695	699	702	706	710	720	723	731
1A_SB	51	d	663	668	672	680	684	687	693	696	700	703	708	712	721	725	/
1A_SB	52	a	667	671	676	684	688	691	697	700	704	707	711	715	725	728	736
1A_SB	52	d	668	673	677	685	689	692	698	701	705	708	713	717	726	730	/
1A_SB	53	a	672	676	681	689	692	697	703	706	710	713	717	720	730	733	741
1A_SB	53	d	673	678	682	690	694	698	704	707	711	714	718	722	731	735	/
1A_SB	54	a	677	681	686	694	697	702	708	711	715	718	722	725	735	738	746
1A_SB	54	d	678	683	687	695	699	703	709	712	716	719	723	727	736	740	/
1A_SB	55	a	704	707	712	724	727	731	737	741	745	748	751	754	764	768	775
1A_SB	55	d	705	709	714	725	728	732	738	742	746	749	752	756	766	769	/
1A_SB	56	a	734	738	742	751	755	759	765	768	773	776	780	784	794	798	805
1A_SB	56	d	735	739	744	753	756	760	766	770	774	777	782	786	796	799	/
1A_SB	57	a	764	768	772	782	785	789	795	799	803	806	809	814	825	828	834
1A_SB	57	d	765	769	773	783	786	790	796	800	804	807	811	816	826	829	/
1A_SB	58	a	794	797	802	811	815	818	823	826	831	835	839	844	853	858	865
1A_SB	58	d	795	799	803	812	816	819	824	828	833	837	841	846	855	859	/
1A_SB	59	a	824	828	832	840	845	848	853	857	861	864	869	873	883	887	893
1A_SB	59	d	825	829	833	842	846	849	854	858	862	866	871	875	885	888	/
1A_SB	60	a	854	858	861	871	874	877	883	886	890	894	898	903	913	917	924
1A_SB	60	d	855	859	863	872	875	879	884	888	892	896	900	905	915	918	/
1A_SB	61	a	884	888	891	900	904	908	913	916	920	924	929	932	943	947	955
1A_SB	61	d	885	889	893	902	905	909	914	918	922	926	930	934	945	948	/
1A_SB	62	a	914	918	921	931	934	937	943	947	951	954	959	962	971	974	982
1A_SB	62	d	915	919	923	932	935	939	944	948	952	956	960	963	972	976	/
1A_SB	63	a	944	948	952	961	964	967	973	977	980	985	989	992	1001	1005	1012
1A_SB	63	d	945	949	953	962	965	969	974	978	982	986	990	993	1002	1006	/
1A_SB	64	a	974	978	982	990	994	997	1003	1007	1011	1014	1018	1021	1029	1032	1039
1A_SB	64	d	975	979	983	991	995	998	1004	1008	1012	1015	1019	1022	1030	1033	/
1A_NB	1	a	16	25	29	39	44	47	51	55	58	63	67	70	78	81	84
1A_NB	1	d	17	26	30	40	45	48	52	56	59	64	68	71	79	82	/
1A_NB	2	a	31	41	45	56	61	65	69	72	76	82	85	88	97	101	104
1A_NB	2	d	32	42	46	57	62	66	70	73	77	83	86	89	98	102	/
1A_NB	3	a	36	46	49	61	66	70	74	78	81	87	90	94	104	109	114
1A_NB	3	d	37	47	51	62	67	71	76	79	82	88	91	95	106	111	/
1A_NB	4	a	48	58	63	73	78	81	85	88	91	98	102	106	114	119	123
1A_NB	4	d	50	60	64	75	79	82	86	89	93	100	103	107	116	120	/
1A_NB	5	a	58	68	72	83	88	91	95	99	103	109	112	116	124	128	132
1A_NB	5	d	60	69	74	85	89	92	96	100	104	110	113	117	125	129	/
1A_NB	6	a	76	87	91	99	103	107	110	115	118	124	127	131	139	142	146
1A_NB	6	d	78	88	92	100	105	108	112	116	119	125	128	132	140	143	/
1A_NB	7	a	96	105	109	121	126	131	136	140	145	151	154	157	166	170	174
1A_NB	7	d	98	107	111	122	128	133	137	142	146	152	155	158	167	171	/
1A_NB	8	a	107	118	123	132	137	140	144	148	152	157	160	163	172	176	180
1A_NB	8	d	109	120	124	133	138	141	145	149	153	158	161	164	173	177	/
1A_NB	9	a	128	136	139	147	153	158	163	167	171	176	180	183	192	195	200
1A_NB	9	d	129	137	140	149	155	160	164	169	172	177	181	184	193	197	/
1A_NB	10	a	153	163	167	177	184	187	191	195	199	206	209	212	220	223	227
1A_NB	10	d	155	164	169	179	185	188	192	196	200	207	210	214	221	224	/
1A_NB	11	a	159	169	174	184	189	193	197	201	205	212	215	218	225	228	233
1A_NB	11	d	161	171	176	185	191	195	198	202	206	213	216	219	226	230	/
1A_NB	12	a	171	181	185	193	198	201	204	208	212	218	221	224	232	235	239
1A_NB	12	d	173	182	186	194	199	202	205	210	213	219	222	225	233	236	/
1A_NB	13	a	181	189	193	201	206	209	213	217	220	226	229	232	240	243	247
1A_NB	13	d	183	190	194	202	207	210	214	218	221	227	230	233	241	244	/
1A_NB	14	a	196	206	210	220	225	229	234	238	241	246	249	253	261	264	268
1A_NB	14	d	198	207	211	221	227	231	235	239	242	247	250	254	262	265	/
1A_NB	15	a	205	215	218	228	235	239	244	249	254	260	264	268	277	281	285
1A_NB	15	d	207	216	219	230	237	241	246	251	256	262	266	270	278	282	/
1A_NB	16	a	220	232	235	245	250	253	257	261	266	271	274	277	286	290	295
1A_NB	16	d	222	233	236	246	251	254	258	263	267	272	275	279	288	292	/
1A_NB	17	a	227	237	240	250	255	258	262	266	271	276	279	282	291	295	300
1A_NB	17	d	229	238	241	251	256	259	263	268	272	277	280	284	293	297	/
1A_NB	18	a	253	265	268	277	282	285	289	293	296	302	306	310	320	324	328
1A_NB	18	d	255	266	269	278	283	286	290	294	297	304	308	311	321	325	/
1A_NB	19	a	279	289	293	305	311	314	318	322	326	332	336	340	346	349	353
1A_NB	19	d	281	291	295	306	312	315	319	323	327	333	337	341	347	350	/
1A_NB	20	a	297	306	310	320	327	332	336	341	346	353	357	362	370	374	378
1A_NB	20	d	299	308	312	322	329	334	338	343	348	355	359	364	371	375	/
1A_NB	21	a	318	329	334	347	353	358	363	367	370	375	379	383	391	395	398
1A_NB	21	d	320	331	336	349	355	360	364	368	371	377	380	384	393	396	/
1A_NB	22	a	330	340	345	356	362	366	370	374	378	384	387	391	400	403	406
1A_NB	22	d	332	342	347	358	364	367	371	375	380	385	388	392	401	404	/
1A_NB	23	a	338	348	353	364	371	374	377	381	386	391	395	398	407	410	414
1A_NB	23	d	340	350	355	366	372	375	378	383	387	392	396	399	408	411	/
1A_NB	24	a	349	358	362	372	379	383	387	392	396	403	407	412	420	423	428
1A_NB	24	d	351	359	363	374	381	385	389	394	398	404	409	413	421	425	/
1A_NB	25	a	372	380	384	393	398	402	405	409	412	417	421	425	436	441	446
1A_NB	25	d	374	382	385	394	399	403	406	410	413	419	423	427	438	443	/
1A_NB	26	a	393	403	406	414	420	424	428	432	435	441	444	448	458	461	466
1A_NB	26	d	395	404	407	415	421	425	429	433	436	442	446	450	459	463	/
1A_NB	27	a	403	414	418	426	432	436	440	444	448	454	458	462	471	474	478
1A_NB	27	d	405	416	419	428	433	437	441	445	449	456	459	463	472	475	/
1A_NB	28	a	408	419	423	433	438	442	447	452	457	464	468	472	480	484	489
1A_NB	28	d	410	421	424	434	440	444	449	454	459	466	469	473	482	486	/
1A_NB	29	a	421	430	434	444	450	453	457	460	464	470	474	479	489	493	498
1A_NB	29	d	423	432	436	445	451	454	458	461	466	472	476	481	491	495	/
1A_NB	30	a	436	445	449	458	463	466	470	475	479	485	489	493	502	506	510
1A_NB	30	d	438	446	450	459	464	468	472	477	481	487	491	495	503	507	/
1A_NB	31	a	462	471	474	482	488	492	496	500	504	510	514	517	525	529	534
1A_NB	31	d	464	472	475	483	489	493	497	502	505	511	515	518	526	531	/
1A_NB	32	a	468	479	484	494	499	504	508	513	516	523	527	531	539	543	547
1A_NB	32	d	470	481	486	495	501	506	510	514	518	524	528	532	540	544	/
1A_NB	33	a	497	507	511	524	529	533	538	543	547	552	555	559	568	572	578
1A_NB	33	d	499	509	513	525	531	535	540	544	548	553	557	560	569	574	/
1A_NB	34	a	517	526	529	538	545	548	551	555	559	565	569	573	581	584	588
1A_NB	34	d	519	527	530	540	546	549	552	557	561	567	571	574	582	585	/
1A_NB	35	a	524	534	537	546	553	556	560	564	568	575	579	583	594	599	604
1A_NB	35	d	526	535	538	548	554	557	561	566	570	576	581	585	596	601	/
1A_NB	36	a	547	555	558	567	572	575	579	584	588	593	596	600	609	612	616
1A_NB	36	d	548	556	559	568	573	576	580	585	589	594	597	601	610	613	/
1A_NB	37	a	563	571	574	584	589	592	596	600	603	608	611	614	622	626	630
1A_NB	37	d	564	572	575	585	590	593	597	601	604	609	612	615	623	627	/
1A_NB	38	a	577	586	589	600	605	609	613	617	621	627	630	633	642	645	648
1A_NB	38	d	578	587	590	601	606	610	614	618	622	628	631	634	643	646	/
1A_NB	39	a	593	601	604	612	617	621	625	629	632	637	640	643	652	655	658
1A_NB	39	d	594	602	605	613	618	622	626	630	633	638	641	644	653	656	/
1A_NB	40	a	608	618	622	633	638	641	645	648	651	657	662	667	676	679	683
1A_NB	40	d	609	620	624	634	639	642	646	649	652	659	664	668	677	680	/
1A_NB	41	a	626	634	639	647	653	658	662	666	671	676	680	683	693	697	702
1A_NB	41	d	627	636	640	648	655	659	663	668	672	678	681	684	694	699	/
1A_NB	42	a	639	648	651	660	666	670	674	677	681	687	690	693	703	707	711
1A_NB	42	d	640	649	652	661	667	671	675	678	682	688	691	694	704	708	/
1A_NB	43	a	654	663	666	674	679	683	686	689	692	698	701	704	713	717	721
1A_NB	43	d	655	664	667	675	680	684	687	690	693	699	702	705	714	718	/
1A_NB	44	a	670	680	683	692	698	702	706	710	714	720	723	726	735	739	743
1A_NB	44	d	671	681	684	693	699	703	707	711	715	721	724	727	736	740	/
1A_NB	45	a	675	686	689	699	705	708	712	716	720	726	729	732	741	745	749
1A_NB	45	d	676	687	690	700	706	709	713	717	721	727	730	733	742	746	/
1A_NB	46	a	680	691	694	704	709	713	717	721	725	732	735	738	748	752	755
1A_NB	46	d	681	692	695	705	711	714	718	722	727	733	736	739	749	753	/
1A_NB	47	a	685	696	699	709	714	718	722	726	730	737	740	743	753	757	760
1A_NB	47	d	686	697	700	710	716	719	723	727	732	738	741	744	754	758	/
1A_NB	48	a	691	700	704	714	719	724	728	733	737	743	746	749	758	762	765
1A_NB	48	d	692	702	705	715	721	726	730	735	738	744	747	750	759	763	/
1A_NB	49	a	696	705	709	720	726	730	733	738	742	748	751	754	763	767	771
1A_NB	49	d	697	707	711	721	727	731	735	740	743	749	752	755	764	768	/
1A_NB	50	a	725	734	739	748	754	758	763	768	771	777	780	784	792	796	800
1A_NB	50	d	726	736	741	750	756	760	765	769	772	778	781	785	793	797	/
1A_NB	51	a	754	764	768	779	784	788	792	796	800	805	808	811	818	823	828
1A_NB	51	d	755	765	769	780	785	789	793	797	801	806	809	812	820	825	/
1A_NB	52	a	783	794	797	808	813	817	821	825	829	834	837	840	846	850	854
1A_NB	52	d	784	795	798	809	814	818	822	826	830	835	838	841	847	851	/
1A_NB	53	a	813	824	827	837	842	846	850	854	857	862	865	868	876	879	883
1A_NB	53	d	814	825	828	838	843	847	851	855	858	863	866	869	877	880	/
1A_NB	54	a	829	840	843	852	857	860	864	868	871	877	880	883	891	894	897
1A_NB	54	d	830	841	844	853	858	861	865	869	872	878	881	884	892	895	/
1A_NB	55	a	843	855	859	869	876	880	884	889	894	901	905	909	917	922	926
1A_NB	55	d	844	857	861	871	877	881	886	891	896	903	907	911	919	923	/
1A_NB	56	a	859	870	874	884	890	894	898	902	906	911	914	917	926	930	934
1A_NB	56	d	860	871	875	885	891	895	899	903	907	912	915	918	927	931	/
1A_NB	57	a	878	889	893	905	911	915	919	923	927	932	935	939	948	952	956
1A_NB	57	d	879	891	895	906	913	916	920	924	928	933	936	940	950	953	/
1A_NB	58	a	893	902	905	916	921	925	929	933	936	941	944	947	955	958	962
1A_NB	58	d	894	903	906	917	922	926	930	934	937	942	945	948	956	959	/
1A_NB	59	a	906	916	919	929	934	937	941	945	948	954	957	960	968	972	975
1A_NB	59	d	907	917	920	930	935	938	942	946	949	955	958	961	969	973	/
1A_NB	60	a	921	931	934	945	951	954	957	961	964	969	972	975	984	988	992
1A_NB	60	d	922	932	935	946	952	955	958	962	965	970	973	976	985	989	/
1A_NB	61	a	938	947	950	960	965	969	973	977	980	986	989	992	999	1002	1006
1A_NB	61	d	939	948	951	961	966	970	974	978	981	987	990	993	1000	1003	/
1A_NB	62	a	951	961	964	972	977	981	984	988	991	997	1000	1003	1010	1013	1016
1A_NB	62	d	952	962	965	973	978	982	985	989	992	998	1001	1004	1011	1014	/
1A_NB	63	a	967	975	979	989	994	998	1002	1006	1009	1015	1018	1022	1031	1035	1039
1A_NB	63	d	968	976	980	990	995	999	1003	1007	1010	1016	1019	1023	1032	1036	/
1A_NB	64	a	984	994	998	1009	1015	1020	1025	1029	1034	1040	1044	1047	1055	1059	1063
1A_NB	64	d	985	996	999	1011	1017	1022	1026	1031	1035	1041	1045	1048	1057	1061	/
2A_NB	1	a	16	19	25	29	32	39	43	46	54	58	63	66	69	73	79	81	85	89
2A_NB	1	d	17	20	26	30	33	40	44	47	55	59	64	67	70	74	80	82	86	/
2A_NB	2	a	34	37	43	47	51	56	59	63	70	73	78	80	83	86	91	94	97	101
2A_NB	2	d	35	38	44	48	52	57	60	64	71	74	79	81	84	87	92	95	98	/
2A_NB	3	a	50	53	59	64	68	75	79	82	92	95	101	104	107	112	118	120	124	128
2A_NB	3	d	51	54	61	65	70	77	80	84	93	96	103	105	109	113	119	121	125	/
2A_NB	4	a	66	69	76	80	83	89	94	99	107	112	117	120	124	127	135	138	143	146
2A_NB	4	d	67	71	78	81	85	91	96	100	109	113	119	122	125	129	137	140	144	/
2A_NB	5	a	80	83	89	93	96	102	106	109	117	121	127	129	132	135	142	144	148	151
2A_NB	5	d	81	84	90	94	97	103	107	110	118	122	128	130	133	136	143	145	149	/
2A_NB	6	a	95	98	104	107	111	116	120	124	131	135	140	143	146	150	157	159	162	165
2A_NB	6	d	96	99	105	108	112	117	121	125	132	136	141	144	147	151	158	160	163	/
2A_NB	7	a	113	117	122	126	130	136	140	143	152	156	161	164	166	170	176	178	182	185
2A_NB	7	d	114	118	123	127	131	137	141	144	153	157	162	165	167	171	177	179	183	/
2A_NB	8	a	129	133	139	143	147	153	156	159	168	172	178	180	183	187	193	195	199	202
2A_NB	8	d	130	134	140	144	148	154	157	160	169	173	179	181	184	188	194	196	200	/
2A_NB	9	a	147	151	157	160	163	169	173	176	185	189	194	197	200	204	210	212	215	218
2A_NB	9	d	148	152	158	161	164	170	174	177	186	190	195	198	201	205	211	213	216	/
2A_NB	10	a	163	166	173	176	179	185	189	194	203	207	212	215	219	224	229	231	235	238
2A_NB	10	d	164	168	174	177	180	186	191	196	204	208	213	217	221	225	230	232	236	/
2A_NB	11	a	178	181	187	190	193	200	203	207	216	221	227	230	233	237	243	246	250	254
2A_NB	11	d	179	183	188	191	195	201	205	209	218	223	228	231	234	239	245	247	252	/
2A_NB	12	a	197	200	204	207	211	217	221	225	235	239	244	247	250	254	259	261	264	268
2A_NB	12	d	198	201	205	208	212	218	222	226	236	240	245	248	251	255	260	262	265	/
2A_NB	13	a	214	217	222	225	228	233	237	240	248	252	257	260	263	267	272	275	278	282
2A_NB	13	d	215	218	223	226	229	234	238	241	249	253	258	261	264	268	273	276	279	/
2A_NB	14	a	229	232	238	242	245	250	253	256	266	270	275	277	279	282	287	289	293	297
2A_NB	14	d	230	233	239	243	246	251	254	257	267	271	276	278	280	283	288	290	294	/
2A_NB	15	a	247	250	255	258	262	268	272	275	283	287	293	295	297	300	305	308	311	315
2A_NB	15	d	248	251	256	259	263	269	273	276	284	288	294	296	298	301	306	309	312	/
2A_NB	16	a	263	267	273	276	280	286	290	293	302	306	311	313	316	320	325	327	331	335
2A_NB	16	d	264	268	274	277	281	287	291	294	303	307	312	314	317	321	326	328	332	/
2A_NB	17	a	276	279	284	288	292	297	301	304	313	317	322	325	328	332	338	340	344	348
2A_NB	17	d	277	280	285	289	293	298	302	305	314	318	323	326	329	333	339	341	345	/
2A_NB	18	a	290	294	299	302	305	311	315	319	329	333	338	341	344	347	354	357	360	364
2A_NB	18	d	291	295	300	303	306	312	316	320	330	334	339	342	345	348	355	358	361	/
2A_NB	19	a	304	307	313	316	319	325	329	332	342	346	352	354	356	359	364	366	370	374
2A_NB	19	d	305	308	314	317	320	326	330	333	343	347	353	355	357	360	365	367	371	/
2A_NB	20	a	319	322	328	332	336	342	346	350	359	362	367	369	371	375	381	383	386	390
2A_NB	20	d	320	323	329	333	337	343	347	351	360	363	368	370	372	376	382	384	387	/
2A_NB	21	a	336	340	345	348	352	358	362	365	372	375	380	382	385	388	394	396	400	404
2A_NB	21	d	337	341	346	349	353	359	363	366	373	376	381	383	386	389	395	397	401	/
2A_NB	22	a	354	357	363	367	370	375	378	381	388	392	398	401	403	407	413	416	420	424
2A_NB	22	d	355	358	364	368	371	376	379	382	389	393	399	402	404	408	414	417	421	/
2A_NB	23	a	370	373	378	381	385	391	395	398	405	408	413	415	417	421	427	429	432	436
2A_NB	23	d	371	374	379	382	386	392	396	399	406	409	414	416	418	422	428	430	433	/
2A_NB	24	a	386	390	396	399	403	410	414	417	425	428	433	436	439	443	448	450	454	458
2A_NB	24	d	387	391	397	400	404	411	415	418	426	429	434	437	440	444	449	451	455	/
2A_NB	25	a	399	403	410	413	417	423	427	430	437	440	447	451	455	459	465	467	471	476
2A_NB	25	d	400	405	411	415	419	425	428	431	438	442	449	453	457	461	466	468	473	/
2A_NB	26	a	413	417	423	426	429	435	438	442	449	453	458	460	463	466	472	474	478	482
2A_NB	26	d	414	418	424	427	430	436	439	443	450	454	459	461	464	467	473	475	479	/
2A_NB	27	a	431	434	439	442	446	453	456	459	466	470	476	478	481	485	490	492	495	499
2A_NB	27	d	432	435	440	443	447	454	457	460	467	471	477	479	482	486	491	493	496	/
2A_NB	28	a	446	450	455	459	463	468	471	475	483	486	492	495	497	501	506	508	511	515
2A_NB	28	d	447	451	456	460	464	469	472	476	484	487	493	496	498	502	507	509	512	/
2A_NB	29	a	463	466	471	475	478	484	488	491	499	503	509	512	515	519	524	527	531	535
2A_NB	29	d	464	467	472	476	479	485	489	492	500	504	510	513	516	520	525	528	532	/
2A_NB	30	a	478	481	486	489	493	499	503	506	515	519	525	528	530	534	539	541	544	548
2A_NB	30	d	479	482	487	490	494	500	504	507	516	520	526	529	531	535	540	542	545	/
2A_NB	31	a	493	496	501	504	507	512	516	519	528	531	536	539	542	546	551	553	556	560
2A_NB	31	d	494	497	502	505	508	513	517	520	529	532	537	540	543	547	552	554	557	/
2A_NB	32	a	507	510	515	519	523	529	533	537	544	548	552	554	556	560	565	568	571	574
2A_NB	32	d	508	511	516	520	524	530	534	538	545	549	553	555	557	561	566	569	572	/
2A_NB	33	a	522	526	531	534	538	543	546	549	556	560	565	567	569	573	578	580	584	588
2A_NB	33	d	523	527	532	535	539	544	547	550	557	561	566	568	570	574	579	581	585	/
2A_NB	34	a	539	543	549	552	555	561	565	568	577	581	586	588	590	594	599	601	605	608
2A_NB	34	d	540	544	550	553	556	562	566	569	578	582	587	589	591	595	600	602	606	/
2A_NB	35	a	544	548	554	558	561	568	573	576	585	589	594	596	598	602	607	609	613	616
2A_NB	35	d	545	549	555	559	563	570	574	577	586	590	595	597	599	603	608	610	614	/
2A_NB	36	a	549	553	559	563	566	573	578	581	590	594	599	601	604	608	613	615	618	622
2A_NB	36	d	550	554	560	564	568	575	579	582	591	595	600	602	605	609	614	616	619	/
2A_NB	37	a	558	562	568	572	575	581	585	588	595	599	604	606	609	613	618	621	624	628
2A_NB	37	d	559	564	570	573	576	582	586	589	596	600	605	607	610	614	619	622	625	/
2A_NB	38	a	563	567	573	577	580	586	590	593	600	604	609	611	614	617	624	627	630	634
2A_NB	38	d	564	569	575	578	581	587	591	594	601	605	610	612	615	619	625	628	631	/
2A_NB	39	a	568	572	578	582	585	590	595	598	607	611	617	620	624	628	635	637	641	645
2A_NB	39	d	569	574	580	583	586	592	596	600	608	613	619	622	626	630	636	638	642	/
2A_NB	40	a	595	599	605	609	613	620	624	628	637	640	645	649	652	656	661	664	668	672
2A_NB	40	d	596	601	607	611	615	621	626	630	638	641	647	650	653	657	663	666	670	/
2A_NB	41	a	624	628	633	638	642	650	654	658	666	670	675	679	682	686	692	695	699	703
2A_NB	41	d	625	629	635	640	644	651	656	660	668	671	677	680	683	687	693	696	700	/
2A_NB	42	a	652	656	663	667	672	679	683	687	696	700	706	708	711	715	721	723	726	730
2A_NB	42	d	653	658	665	669	674	681	685	689	698	701	707	709	712	716	722	724	727	/
2A_NB	43	a	680	683	688	691	694	700	703	706	715	718	723	725	727	730	737	739	743	747
2A_NB	43	d	681	684	689	692	695	701	704	707	716	719	724	726	728	731	738	740	744	/
2A_NB	44	a	696	700	706	709	713	719	722	726	734	738	743	746	748	752	758	760	764	768
2A_NB	44	d	697	701	707	710	714	720	723	727	735	739	744	747	749	753	759	761	765	/
2A_NB	45	a	714	717	723	726	729	734	738	742	750	754	760	762	765	769	776	779	782	785
2A_NB	45	d	715	718	724	727	730	735	739	743	751	755	761	763	766	770	777	780	783	/
2A_NB	46	a	729	732	738	741	745	751	755	759	768	772	777	779	782	786	792	794	798	801
2A_NB	46	d	730	733	739	742	746	752	756	760	769	773	778	780	783	787	793	795	799	/
2A_NB	47	a	743	746	752	755	759	764	767	770	778	782	787	789	792	796	802	804	808	811
2A_NB	47	d	744	747	753	756	760	765	768	771	779	783	788	790	793	797	803	805	809	/
2A_NB	48	a	757	760	765	768	772	777	780	783	792	796	803	805	808	812	817	819	822	826
2A_NB	48	d	758	761	766	769	773	778	781	784	793	797	804	806	809	813	818	820	823	/
2A_NB	49	a	772	775	780	783	787	793	797	800	808	812	817	820	823	827	832	834	837	841
2A_NB	49	d	773	776	781	784	788	794	798	801	809	813	818	821	824	828	833	835	838	/
2A_NB	50	a	786	790	796	800	803	809	812	815	824	827	833	836	838	842	848	850	854	858
2A_NB	50	d	787	791	797	801	804	810	813	816	825	828	834	837	839	843	849	851	855	/
2A_NB	51	a	803	807	812	815	819	825	829	832	840	844	850	853	856	859	864	867	871	875
2A_NB	51	d	804	808	813	816	820	826	830	833	841	845	851	854	857	860	865	868	872	/
2A_NB	52	a	818	822	828	831	834	839	842	845	853	857	862	865	867	870	876	879	883	887
2A_NB	52	d	819	823	829	832	835	840	843	846	854	858	863	866	868	871	877	880	884	/
2A_NB	53	a	834	837	842	845	849	855	858	861	870	874	879	881	884	888	893	896	900	904
2A_NB	53	d	835	838	843	846	850	856	859	862	871	875	880	882	885	889	894	897	901	/
2A_NB	54	a	852	855	861	864	868	873	876	880	889	892	898	901	903	906	912	914	917	921
2A_NB	54	d	853	856	862	865	869	874	877	881	890	893	899	902	904	907	913	915	918	/
2A_NB	55	a	870	873	879	882	885	891	894	897	907	911	918	921	924	928	934	937	941	945
2A_NB	55	d	871	874	880	883	886	892	895	898	908	912	919	922	925	929	935	938	942	/
2A_NB	56	a	888	892	898	901	904	910	915	920	929	933	940	943	947	950	956	959	963	968
2A_NB	56	d	889	893	899	902	906	912	917	921	930	935	942	945	948	952	958	960	965	/
2A_NB	57	a	905	909	916	919	922	928	932	936	946	949	955	957	960	964	969	972	976	980
2A_NB	57	d	906	910	917	920	923	929	933	937	947	950	956	958	961	965	970	973	977	/
2A_NB	58	a	923	926	932	935	939	945	949	953	960	964	969	971	973	977	982	984	988	992
2A_NB	58	d	924	927	933	936	940	946	950	954	961	965	970	972	974	978	983	985	989	/
2A_NB	59	a	936	939	945	949	953	959	962	966	973	977	982	985	988	992	997	1000	1003	1007
2A_NB	59	d	937	940	946	950	954	960	963	967	974	978	983	986	989	993	998	1001	1004	/
2A_NB	60	a	954	958	963	966	970	977	980	983	992	996	1001	1004	1006	1010	1015	1017	1021	1025
2A_NB	60	d	955	959	964	967	971	978	981	984	993	997	1002	1005	1007	1011	1016	1018	1022	/
2A_NB	61	a	969	973	979	982	985	992	996	999	1008	1012	1017	1019	1021	1025	1030	1033	1036	1039
2A_NB	61	d	970	974	980	983	986	993	997	1000	1009	1013	1018	1020	1022	1026	1031	1034	1037	/
2A_NB	62	a	987	990	995	998	1001	1007	1011	1015	1024	1027	1032	1034	1037	1041	1046	1049	1053	1057
2A_NB	62	d	988	991	996	999	1002	1008	1012	1016	1025	1028	1033	1035	1038	1042	1047	1050	1054	/
2A_NB	63	a	1004	1007	1012	1016	1019	1024	1028	1031	1039	1043	1049	1051	1054	1058	1064	1067	1071	1075
2A_NB	63	d	1005	1008	1013	1017	1020	1025	1029	1032	1040	1044	1050	1052	1055	1059	1065	1068	1072	/
2A_NB	64	a	1020	1023	1028	1032	1035	1040	1044	1047	1055	1058	1063	1065	1067	1070	1076	1079	1083	1086
2A_NB	64	d	1021	1024	1029	1033	1036	1041	1045	1048	1056	1059	1064	1066	1068	1071	1077	1080	1084	/
2A_SB	1	a	12	15	18	22	29	33	38	42	46	51	54	59	63	67	73	76	80	83
2A_SB	1	d	13	17	20	24	31	35	39	44	47	52	55	60	64	68	74	77	81	/
2A_SB	2	a	40	44	48	52	58	61	65	70	74	79	82	88	93	97	103	106	110	113
2A_SB	2	d	41	46	50	54	60	63	67	72	75	80	83	90	94	98	104	107	111	/
2A_SB	3	a	61	66	69	72	77	80	84	87	91	95	98	104	107	110	115	119	123	126
2A_SB	3	d	63	67	70	73	78	81	85	88	92	96	99	105	108	111	116	120	124	/
2A_SB	4	a	66	71	74	78	83	87	91	96	100	104	108	115	118	121	126	129	133	136
2A_SB	4	d	68	72	76	79	85	88	93	98	101	106	110	116	119	122	127	130	134	/
2A_SB	5	a	77	81	83	87	93	97	102	107	111	117	121	128	133	136	141	145	149	152
2A_SB	5	d	79	82	85	89	95	99	104	109	113	119	123	130	134	137	142	146	150	/
2A_SB	6	a	92	96	100	104	110	114	118	121	124	130	135	141	145	149	154	158	161	164
2A_SB	6	d	94	98	102	106	112	116	119	122	126	132	137	143	146	150	155	159	162	/
2A_SB	7	a	98	101	105	110	116	120	124	129	133	139	144	150	155	158	163	167	171	174
2A_SB	7	d	99	103	107	112	118	121	126	131	135	141	146	152	156	159	164	168	172	/
2A_SB	8	a	109	113	116	120	127	130	135	140	144	150	155	161	166	170	176	181	185	189
2A_SB	8	d	110	115	117	122	129	132	137	142	146	152	157	163	167	171	178	183	186	/
2A_SB	9	a	121	125	129	134	139	141	145	150	155	162	167	173	178	182	188	192	195	199
2A_SB	9	d	122	127	131	135	140	142	147	152	157	164	169	175	179	183	189	193	196	/
2A_SB	10	a	139	143	145	148	154	157	160	165	168	173	176	181	185	189	195	198	201	205
2A_SB	10	d	141	144	146	150	155	158	162	166	169	174	177	182	186	190	196	199	202	/
2A_SB	11	a	150	154	157	161	166	170	174	178	183	189	193	199	203	207	213	216	219	223
2A_SB	11	d	151	155	158	162	168	172	176	180	185	191	195	200	204	208	214	217	220	/
2A_SB	12	a	163	168	171	174	179	182	185	188	192	198	203	208	213	218	225	229	233	236
2A_SB	12	d	165	169	172	175	180	183	186	189	194	200	204	210	215	220	227	230	234	/
2A_SB	13	a	171	176	179	182	189	193	196	199	202	209	213	219	223	227	234	237	241	244
2A_SB	13	d	173	177	180	184	191	194	197	200	203	210	214	220	224	228	235	238	242	/
2A_SB	14	a	181	186	188	191	197	200	203	206	209	215	219	225	229	234	241	244	247	250
2A_SB	14	d	183	187	189	192	198	201	204	207	210	216	220	227	230	235	242	245	248	/
2A_SB	15	a	196	201	204	208	214	217	222	225	228	235	239	246	250	255	261	265	269	273
2A_SB	15	d	198	203	205	209	216	219	223	226	230	236	241	248	252	256	262	266	271	/
2A_SB	16	a	210	216	219	224	230	234	239	243	246	251	254	259	263	266	272	275	279	282
2A_SB	16	d	212	217	221	226	232	236	240	244	247	252	255	260	264	267	273	276	280	/
2A_SB	17	a	226	230	234	238	245	247	251	255	260	265	269	274	277	281	287	290	294	297
2A_SB	17	d	227	232	235	240	246	248	252	257	261	266	270	275	278	282	288	291	295	/
2A_SB	18	a	241	245	249	253	259	262	265	268	272	277	280	286	290	293	298	303	306	310
2A_SB	18	d	242	247	250	254	260	263	266	270	273	278	282	287	291	294	300	304	307	/
2A_SB	19	a	256	260	264	268	273	276	280	284	287	293	297	302	306	310	316	320	324	327
2A_SB	19	d	258	262	266	269	274	277	281	285	288	294	298	303	307	311	317	321	325	/
2A_SB	20	a	283	288	290	294	300	302	306	310	313	318	321	326	329	332	338	342	346	349
2A_SB	20	d	285	289	291	295	301	303	307	311	314	319	322	327	330	333	339	343	347	/
2A_SB	21	a	301	306	309	312	317	320	324	328	331	336	339	344	348	351	358	362	365	368
2A_SB	21	d	303	307	310	313	318	321	325	329	332	337	340	345	349	352	359	363	366	/
2A_SB	22	a	313	318	321	325	330	333	336	339	342	347	350	355	359	362	368	372	375	378
2A_SB	22	d	315	320	323	326	332	334	337	340	343	348	351	356	360	363	369	373	376	/
2A_SB	23	a	325	330	334	337	342	344	349	352	356	361	364	370	373	376	382	386	390	393
2A_SB	23	d	327	332	335	338	343	346	350	353	357	362	365	371	374	377	383	387	391	/
2A_SB	24	a	337	341	345	349	356	359	363	367	370	377	382	388	392	395	402	406	410	413
2A_SB	24	d	339	343	347	351	357	360	364	368	372	379	384	390	393	397	403	407	411	/
2A_SB	25	a	360	365	368	371	377	379	384	388	392	398	403	410	415	419	425	428	432	436
2A_SB	25	d	362	367	369	372	378	381	386	390	394	400	405	412	416	420	426	429	434	/
2A_SB	26	a	377	381	384	389	394	396	400	405	408	414	419	425	429	433	439	442	446	449
2A_SB	26	d	378	383	386	390	395	398	402	406	409	416	421	427	430	434	440	443	447	/
2A_SB	27	a	386	391	393	398	403	405	409	413	416	423	428	434	438	442	447	450	454	457
2A_SB	27	d	388	392	395	399	404	407	411	414	418	425	430	435	439	443	448	451	455	/
2A_SB	28	a	403	407	411	415	420	422	425	429	432	437	440	446	450	455	460	463	468	471
2A_SB	28	d	405	409	412	416	421	423	426	430	433	438	441	447	452	456	461	465	469	/
2A_SB	29	a	421	425	427	430	435	437	440	443	446	453	457	463	468	472	478	481	484	487
2A_SB	29	d	423	426	428	431	436	438	441	444	448	455	459	465	469	473	479	482	485	/
2A_SB	30	a	426	430	432	435	441	444	448	452	456	461	464	469	473	477	483	486	489	492
2A_SB	30	d	428	431	433	436	443	446	450	454	457	462	465	470	474	478	484	487	490	/
2A_SB	31	a	437	441	445	448	454	457	461	465	469	475	479	484	487	491	497	500	503	507
2A_SB	31	d	439	443	446	449	456	459	463	466	470	476	480	485	488	492	498	501	504	/
2A_SB	32	a	446	450	453	456	461	464	468	473	477	483	486	491	495	499	505	508	511	515
2A_SB	32	d	448	452	454	457	463	465	470	474	478	484	487	493	496	500	506	509	513	/
2A_SB	33	a	451	456	458	461	466	470	475	480	484	490	493	498	503	508	515	518	521	524
2A_SB	33	d	453	457	459	462	468	472	477	482	485	491	494	500	505	510	516	519	522	/
2A_SB	34	a	459	463	466	470	475	478	483	487	490	496	499	506	511	515	521	524	528	532
2A_SB	34	d	460	465	467	471	476	480	484	488	491	497	501	508	512	516	522	525	530	/
2A_SB	35	a	470	474	476	480	485	487	492	496	500	506	509	515	519	523	529	532	536	539
2A_SB	35	d	471	475	477	481	486	489	493	498	501	507	510	516	520	524	530	533	537	/
2A_SB	36	a	477	481	485	489	494	497	502	506	509	515	519	525	529	533	539	542	547	550
2A_SB	36	d	478	483	486	490	495	499	503	507	510	516	520	526	530	534	540	544	548	/
2A_SB	37	a	483	487	490	494	499	502	507	512	516	523	527	533	538	542	548	551	555	558
2A_SB	37	d	484	488	491	495	500	504	509	514	518	524	529	535	540	543	549	552	556	/
2A_SB	38	a	501	504	506	511	517	520	525	529	533	539	542	547	550	553	559	563	567	570
2A_SB	38	d	502	505	508	513	519	522	527	531	534	540	543	548	551	554	561	564	568	/
2A_SB	39	a	506	509	513	517	523	527	530	534	538	544	547	552	555	559	564	568	572	576
2A_SB	39	d	507	511	515	519	525	528	532	536	539	545	548	553	556	560	566	569	573	/
2A_SB	40	a	512	515	518	522	528	532	535	539	544	549	552	558	562	566	571	574	578	582
2A_SB	40	d	513	516	520	524	530	533	537	541	545	550	554	560	563	567	572	575	579	/
2A_SB	41	a	520	524	528	531	536	539	542	545	549	555	559	564	567	571	576	579	583	587
2A_SB	41	d	522	526	529	532	537	540	543	546	551	557	561	565	568	572	577	580	584	/
2A_SB	42	a	525	529	533	536	541	545	549	553	557	563	566	570	573	577	582	585	589	593
2A_SB	42	d	527	531	534	537	543	547	551	555	558	564	567	571	574	578	583	586	591	/
2A_SB	43	a	537	541	544	548	554	556	559	562	566	573	578	584	588	592	598	602	605	609
2A_SB	43	d	539	542	545	549	555	557	560	564	568	575	580	586	589	594	600	603	607	/
2A_SB	44	a	565	569	572	576	582	585	589	593	596	602	606	613	617	622	629	632	636	639
2A_SB	44	d	566	571	574	577	583	586	590	594	598	604	608	615	619	623	630	633	637	/
2A_SB	45	a	595	599	602	606	611	614	618	622	627	632	636	642	647	652	659	662	666	670
2A_SB	45	d	596	601	604	607	613	616	620	624	628	634	638	644	649	653	660	663	667	/
2A_SB	46	a	625	628	632	636	640	644	648	652	657	663	667	673	677	682	688	692	696	700
2A_SB	46	d	626	630	634	637	642	646	650	654	658	664	668	674	679	683	690	693	697	/
2A_SB	47	a	630	634	637	641	645	649	653	657	662	668	672	678	682	687	693	697	701	705
2A_SB	47	d	631	635	639	642	647	651	655	659	663	669	673	680	684	688	695	698	702	/
2A_SB	48	a	635	639	642	646	651	654	658	662	666	673	677	683	687	692	698	702	706	710
2A_SB	48	d	636	640	644	647	652	656	660	664	668	674	678	685	689	693	700	703	707	/
2A_SB	49	a	640	644	647	651	656	659	664	667	671	678	682	688	693	697	703	707	711	715
2A_SB	49	d	641	645	649	652	657	661	665	669	673	679	683	690	694	698	705	708	712	/
2A_SB	50	a	645	649	652	656	661	664	669	672	676	682	687	693	698	702	708	712	716	720
2A_SB	50	d	646	650	654	657	663	666	670	674	678	684	688	695	699	703	710	713	717	/
2A_SB	51	a	663	666	669	673	680	682	686	690	694	699	703	709	713	718	724	727	730	735
2A_SB	51	d	664	668	671	675	681	683	687	691	695	701	705	711	715	719	725	728	732	/
2A_SB	52	a	693	697	700	703	710	712	716	719	723	730	733	739	743	748	754	757	761	764
2A_SB	52	d	694	698	701	705	711	713	717	721	725	731	735	741	745	749	755	758	762	/
2A_SB	53	a	723	727	730	733	739	742	746	749	753	760	764	770	774	778	783	786	790	794
2A_SB	53	d	724	728	731	735	740	743	747	751	755	761	765	771	775	779	784	787	791	/
2A_SB	54	a	753	756	760	763	769	771	776	779	783	789	793	798	802	806	813	816	820	823
2A_SB	54	d	754	758	761	765	770	773	777	781	785	791	794	799	803	807	814	817	821	/
2A_SB	55	a	782	786	790	794	799	802	806	810	814	820	823	828	832	835	840	844	848	851
2A_SB	55	d	783	788	791	795	800	803	807	811	815	821	824	829	833	836	841	846	849	/
2A_SB	56	a	787	791	795	799	804	807	811	815	819	825	828	833	837	840	846	850	853	856
2A_SB	56	d	788	793	796	800	805	808	812	816	820	826	829	834	838	841	847	851	854	/
2A_SB	57	a	792	796	800	804	809	812	816	820	824	830	833	838	842	846	852	856	859	862
2A_SB	57	d	793	798	801	805	810	813	817	821	825	831	834	839	843	847	853	857	860	/
2A_SB	58	a	797	801	805	809	814	817	821	825	829	835	838	843	847	851	857	860	864	867
2A_SB	58	d	798	803	806	810	815	818	822	826	830	836	839	844	848	852	858	862	865	/
2A_SB	59	a	802	806	810	814	819	822	826	829	834	840	844	850	854	858	864	867	870	873
2A_SB	59	d	803	808	811	815	820	823	827	831	835	841	845	851	855	859	865	868	871	/
2A_SB	60	a	807	811	814	819	824	827	830	834	839	845	849	855	858	863	869	872	876	879
2A_SB	60	d	808	813	816	820	825	828	832	836	840	846	850	856	860	864	870	873	877	/
2A_SB	61	a	812	816	819	824	830	833	836	839	844	850	854	859	863	868	874	877	881	884
2A_SB	61	d	813	818	821	825	831	834	837	841	845	851	855	861	865	869	875	878	882	/
2A_SB	62	a	822	826	829	832	839	842	846	849	854	859	862	867	871	876	882	885	890	893
2A_SB	62	d	823	827	830	834	840	843	847	851	855	860	863	869	873	877	883	887	891	/
2A_SB	63	a	852	856	858	862	868	871	876	880	883	888	892	897	902	906	912	916	920	924
2A_SB	63	d	853	857	860	864	870	873	877	881	884	890	893	899	903	907	913	917	921	/
2A_SB	64	a	882	885	888	892	899	902	905	909	912	918	921	927	931	935	941	946	949	953
2A_SB	64	d	883	887	890	894	900	903	906	910	913	919	922	929	933	937	943	947	951	/
3A_SB	1	a	8	13	17	25	29	33	37	41	44	49	52	55	59	63	67	72	75
3A_SB	1	d	9	14	19	27	30	34	38	42	46	50	53	56	60	64	68	73	/
3A_SB	2	a	37	42	46	53	58	62	66	69	72	76	80	83	88	93	97	102	105
3A_SB	2	d	38	44	48	55	60	63	67	70	74	77	81	84	90	94	98	103	/
3A_SB	3	a	51	56	60	66	69	73	78	81	86	91	95	98	103	107	111	117	121
3A_SB	3	d	52	57	61	67	71	75	79	83	88	93	96	99	104	108	112	118	/
3A_SB	4	a	59	64	69	75	78	83	87	91	96	100	104	106	111	115	119	124	128
3A_SB	4	d	60	66	70	76	80	84	89	93	98	102	105	107	112	116	120	126	/
3A_SB	5	a	74	79	83	89	93	96	100	105	108	112	116	118	123	127	131	136	141
3A_SB	5	d	75	81	84	90	94	97	102	106	109	113	117	119	124	128	132	138	/
3A_SB	6	a	96	101	104	111	115	119	122	126	130	134	138	140	144	147	151	157	161
3A_SB	6	d	97	102	106	113	117	120	123	127	131	135	139	141	145	148	152	159	/
3A_SB	7	a	108	115	118	125	129	133	136	140	143	146	150	153	157	161	165	171	175
3A_SB	7	d	109	116	120	126	130	134	137	141	144	147	151	154	158	162	166	172	/
3A_SB	8	a	113	120	124	130	134	139	142	147	151	155	159	162	166	170	173	179	182
3A_SB	8	d	114	121	125	131	136	140	144	149	152	157	160	163	167	171	174	180	/
3A_SB	9	a	133	139	143	149	153	157	161	165	169	172	175	178	182	186	190	196	199
3A_SB	9	d	134	141	145	151	154	158	162	166	170	173	176	179	183	187	191	197	/
3A_SB	10	a	153	158	163	170	174	177	181	185	189	193	196	198	202	206	210	215	219
3A_SB	10	d	154	160	165	171	175	178	182	186	190	194	197	199	203	207	211	217	/
3A_SB	11	a	164	170	174	181	185	189	192	196	200	203	206	208	212	216	220	225	230
3A_SB	11	d	165	171	176	183	186	190	193	197	201	204	207	209	213	217	221	227	/
3A_SB	12	a	189	195	199	204	209	212	217	221	224	228	233	235	240	244	248	254	257
3A_SB	12	d	190	196	200	206	210	214	218	222	226	230	234	236	241	245	249	255	/
3A_SB	13	a	210	215	218	223	226	230	234	237	241	246	250	253	258	261	265	271	275
3A_SB	13	d	211	216	219	224	227	231	235	239	243	248	251	254	259	262	266	272	/
3A_SB	14	a	220	225	230	237	241	245	249	253	256	260	264	266	270	273	276	282	286
3A_SB	14	d	221	227	232	239	242	246	250	254	257	262	265	267	271	274	277	283	/
3A_SB	15	a	233	238	243	248	251	255	259	264	267	272	277	280	285	288	291	297	302
3A_SB	15	d	234	240	244	249	252	256	261	265	269	274	278	281	286	289	292	299	/
3A_SB	16	a	257	262	265	271	275	278	281	285	288	291	294	297	302	305	309	315	318
3A_SB	16	d	258	263	267	273	276	279	282	286	289	292	295	298	303	306	310	316	/
3A_SB	17	a	269	274	277	282	285	289	292	296	299	303	307	310	314	318	322	327	330
3A_SB	17	d	270	275	278	283	286	290	293	297	300	304	308	311	315	319	323	328	/
3A_SB	18	a	279	284	289	296	300	303	307	311	314	318	321	324	329	332	336	340	344
3A_SB	18	d	280	286	291	298	301	304	308	312	315	319	322	325	330	333	337	342	/
3A_SB	19	a	287	292	297	303	308	311	315	319	323	327	330	333	338	341	345	350	353
3A_SB	19	d	288	294	298	305	309	312	316	320	324	328	331	334	339	342	346	351	/
3A_SB	20	a	292	297	302	308	313	316	320	324	328	332	335	338	343	346	350	355	359
3A_SB	20	d	293	299	304	310	314	317	321	325	329	333	336	339	344	347	351	357	/
3A_SB	21	a	304	309	313	319	323	328	332	336	339	342	346	348	352	356	360	365	369
3A_SB	21	d	305	311	315	321	325	329	334	337	340	344	347	349	353	357	361	367	/
3A_SB	22	a	323	328	332	337	340	344	347	350	354	357	360	362	366	370	373	378	382
3A_SB	22	d	324	330	333	338	341	345	348	351	355	358	361	363	367	371	374	380	/
3A_SB	23	a	334	339	343	349	352	356	359	362	366	370	374	377	381	385	389	394	398
3A_SB	23	d	335	341	345	350	353	357	360	363	368	372	375	378	382	386	390	395	/
3A_SB	24	a	356	361	366	372	375	378	382	386	390	393	396	399	403	406	409	415	418
3A_SB	24	d	357	363	367	373	376	379	383	387	391	394	397	400	404	407	410	416	/
3A_SB	25	a	369	375	379	385	389	393	397	401	405	409	413	415	419	422	426	432	435
3A_SB	25	d	370	377	381	387	390	394	398	402	406	410	414	416	420	423	427	433	/
3A_SB	26	a	384	390	393	399	403	407	410	414	417	421	425	427	432	435	439	444	448
3A_SB	26	d	385	391	394	400	404	408	411	415	418	422	426	428	433	436	440	445	/
3A_SB	27	a	393	399	402	408	412	416	420	424	427	432	437	440	444	448	452	457	460
3A_SB	27	d	394	400	403	409	413	418	422	425	429	434	438	441	445	449	453	458	/
3A_SB	28	a	401	407	412	419	423	427	430	433	436	439	443	446	450	453	457	462	465
3A_SB	28	d	402	409	414	420	424	428	431	434	437	440	444	447	451	454	458	463	/
3A_SB	29	a	407	413	418	425	430	434	437	441	444	447	451	454	458	461	465	471	474
3A_SB	29	d	408	415	420	427	431	435	438	442	445	448	452	455	459	462	466	472	/
3A_SB	30	a	429	434	438	444	448	453	457	461	465	469	474	477	482	486	489	494	498
3A_SB	30	d	430	435	440	446	450	454	459	463	467	471	475	478	483	487	490	495	/
3A_SB	31	a	438	444	448	453	458	463	468	471	474	477	482	485	489	493	496	501	506
3A_SB	31	d	439	445	449	455	460	465	469	472	475	479	483	486	490	494	497	503	/
3A_SB	32	a	451	456	461	468	471	475	479	482	486	490	495	498	502	505	509	514	518
3A_SB	32	d	452	458	463	469	472	476	480	483	487	492	496	499	503	506	510	516	/
3A_SB	33	a	464	470	474	480	483	486	490	493	497	501	504	507	511	515	518	524	528
3A_SB	33	d	465	471	475	481	484	487	491	495	498	502	505	508	512	516	520	525	/
3A_SB	34	a	475	481	485	490	493	496	500	503	506	510	513	515	519	523	526	531	536
3A_SB	34	d	476	482	486	491	494	498	501	504	507	511	514	516	520	524	527	533	/
3A_SB	35	a	496	502	506	512	516	520	524	528	531	534	538	541	545	549	552	557	560
3A_SB	35	d	497	503	508	514	517	521	525	529	532	535	539	542	546	550	553	558	/
3A_SB	36	a	502	508	513	519	523	527	531	535	538	541	544	547	551	555	559	564	567
3A_SB	36	d	503	510	515	521	524	528	532	536	539	542	545	548	552	556	560	565	/
3A_SB	37	a	510	516	521	527	531	535	539	543	546	550	553	556	560	563	567	572	576
3A_SB	37	d	511	518	523	529	532	536	540	544	547	551	554	557	561	564	568	574	/
3A_SB	38	a	517	523	529	536	539	543	547	551	554	558	562	564	568	571	575	580	584
3A_SB	38	d	518	525	531	537	540	544	548	552	555	559	563	565	569	572	576	582	/
3A_SB	39	a	524	530	536	542	546	550	554	557	560	564	568	570	575	579	583	588	593
3A_SB	39	d	525	532	537	543	547	551	555	558	561	565	569	571	576	580	584	590	/
3A_SB	40	a	533	539	543	548	552	557	560	563	566	570	573	575	580	585	590	596	601
3A_SB	40	d	534	540	544	549	554	558	561	564	567	571	574	576	582	587	592	598	/
3A_SB	41	a	554	558	562	567	571	574	579	583	587	591	594	596	601	604	608	613	616
3A_SB	41	d	555	559	563	568	572	576	581	585	588	592	595	597	602	605	609	614	/
3A_SB	42	a	559	563	567	572	575	579	584	589	592	596	599	601	606	609	613	618	621
3A_SB	42	d	560	564	568	573	577	581	586	590	593	597	600	602	607	610	615	619	/
3A_SB	43	a	564	568	572	578	581	584	589	594	597	601	604	606	611	614	618	623	626
3A_SB	43	d	565	569	573	579	582	586	591	595	598	602	605	607	612	615	620	624	/
3A_SB	44	a	576	581	586	593	598	603	607	611	616	620	624	628	633	637	641	646	650
3A_SB	44	d	577	583	588	595	600	604	609	613	618	622	626	630	634	638	642	647	/
3A_SB	45	a	581	586	591	598	603	608	613	617	621	625	629	633	638	642	646	651	655
3A_SB	45	d	582	588	593	600	605	610	615	619	623	627	631	635	639	643	647	652	/
3A_SB	46	a	586	592	596	603	608	613	618	622	626	630	635	638	643	647	651	656	660
3A_SB	46	d	587	593	598	605	610	615	620	624	628	632	636	640	644	648	652	657	/
3A_SB	47	a	591	597	602	609	614	618	623	627	631	636	640	643	649	652	656	661	664
3A_SB	47	d	592	599	604	611	616	620	625	629	633	637	641	645	650	653	657	662	/
3A_SB	48	a	612	617	621	627	631	636	640	645	648	653	656	660	665	668	672	678	681
3A_SB	48	d	613	619	623	629	633	638	642	646	650	654	658	661	666	670	674	679	/
3A_SB	49	a	641	646	650	658	662	666	670	675	679	683	687	689	694	698	703	708	712
3A_SB	49	d	642	648	652	659	663	667	672	676	680	684	688	691	696	700	704	709	/
3A_SB	50	a	671	677	680	687	692	695	701	705	708	713	716	720	724	729	733	737	741
3A_SB	50	d	672	678	682	689	693	697	702	706	710	714	718	721	726	730	734	739	/
3A_SB	51	a	701	706	711	717	721	726	730	734	738	742	746	749	755	759	763	768	771
3A_SB	51	d	702	708	712	719	723	727	731	736	740	744	748	751	756	760	764	769	/
3A_SB	52	a	731	736	741	748	752	756	759	764	767	772	776	779	784	789	793	798	802
3A_SB	52	d	732	738	742	749	753	757	761	765	769	773	777	781	786	790	794	799	/
3A_SB	53	a	761	767	770	776	780	784	789	794	798	802	805	809	814	818	823	828	831
3A_SB	53	d	762	768	772	778	782	786	791	795	799	803	807	810	816	820	824	829	/
3A_SB	54	a	791	797	800	807	811	815	819	824	828	832	835	839	843	848	852	857	861
3A_SB	54	d	792	798	801	808	812	816	821	825	829	833	837	840	845	850	854	859	/
3A_SB	55	a	821	826	830	836	839	844	849	853	857	861	865	869	874	878	882	888	891
3A_SB	55	d	822	828	831	837	841	846	851	855	859	863	867	870	875	879	883	889	/
3A_SB	56	a	826	831	835	841	844	849	854	859	862	866	870	874	879	883	887	892	896
3A_SB	56	d	827	833	836	842	846	851	856	860	864	868	872	875	880	884	888	894	/
3A_SB	57	a	831	836	840	846	850	855	859	864	867	871	875	879	884	887	892	897	901
3A_SB	57	d	832	838	841	848	852	857	861	865	869	873	877	880	885	889	893	899	/
3A_SB	58	a	836	841	846	852	855	860	864	869	873	877	880	884	889	893	898	905	908
3A_SB	58	d	837	843	847	853	857	862	866	870	874	878	882	885	891	895	900	906	/
3A_SB	59	a	846	851	856	863	868	873	877	881	885	888	891	893	898	901	906	913	916
3A_SB	59	d	847	853	858	865	870	874	878	882	886	889	892	894	899	903	908	914	/
3A_SB	60	a	869	876	879	885	890	895	899	905	909	913	918	921	927	931	936	942	946
3A_SB	60	d	870	877	881	887	892	897	901	906	910	915	920	923	928	933	938	944	/
3A_SB	61	a	897	903	908	915	919	924	929	934	938	943	947	951	956	961	966	972	976
3A_SB	61	d	898	905	909	917	921	926	931	936	940	945	949	953	958	963	968	974	/
3A_SB	62	a	927	934	938	944	948	951	954	959	962	966	970	973	978	981	985	990	993
3A_SB	62	d	928	935	939	945	949	952	956	960	964	968	972	975	979	982	986	991	/
3A_SB	63	a	957	963	967	973	977	981	985	989	992	996	1000	1002	1006	1010	1014	1019	1023
3A_SB	63	d	958	965	968	975	978	982	986	990	993	997	1001	1003	1007	1011	1015	1020	/
3A_SB	64	a	987	993	997	1002	1005	1009	1013	1017	1021	1025	1029	1032	1036	1039	1043	1047	1051
3A_SB	64	d	988	994	998	1003	1006	1010	1014	1018	1022	1026	1030	1033	1037	1040	1044	1048	/
3A_NB	1	a	15	19	22	26	29	32	35	38	42	47	50	52	54	57	60	64	68	72
3A_NB	1	d	16	20	23	27	30	33	36	39	43	48	51	53	55	58	61	65	69	/
3A_NB	2	a	21	25	28	32	37	40	43	46	50	55	59	62	64	68	71	75	79	83
3A_NB	2	d	22	26	29	34	38	41	44	47	51	57	61	63	66	69	72	76	80	/
3A_NB	3	a	43	47	52	57	61	64	67	69	73	79	83	86	88	91	95	98	101	105
3A_NB	3	d	44	49	54	59	62	65	68	70	74	80	84	87	89	92	96	99	102	/
3A_NB	4	a	53	56	60	63	67	70	73	75	79	84	89	91	93	97	101	104	107	110
3A_NB	4	d	54	57	61	64	68	71	74	76	80	86	90	92	94	98	102	105	108	/
3A_NB	5	a	65	68	71	75	79	84	88	92	96	101	105	108	111	114	118	121	125	128
3A_NB	5	d	66	69	73	77	81	86	90	93	97	102	107	109	112	115	119	122	126	/
3A_NB	6	a	70	73	76	81	85	90	94	98	102	108	111	113	117	121	125	129	134	137
3A_NB	6	d	71	74	78	83	87	92	96	99	104	109	112	115	119	122	126	131	135	/
3A_NB	7	a	87	90	94	98	102	107	110	112	116	120	124	127	130	135	139	143	146	150
3A_NB	7	d	88	92	95	100	104	108	111	113	117	121	125	128	132	137	140	144	148	/
3A_NB	8	a	99	102	105	109	114	118	123	125	128	134	138	140	142	146	149	153	156	159
3A_NB	8	d	100	103	106	111	116	120	124	126	129	135	139	141	144	147	150	154	157	/
3A_NB	9	a	108	112	115	119	122	125	130	133	138	145	150	152	156	160	163	167	170	173
3A_NB	9	d	109	113	116	120	123	127	132	135	140	147	151	154	158	161	164	168	171	/
3A_NB	10	a	130	133	137	141	144	149	152	155	159	164	168	171	173	176	179	182	185	188
3A_NB	10	d	131	135	138	142	146	150	154	157	160	165	169	172	174	177	180	183	186	/
3A_NB	11	a	155	159	163	168	172	176	180	183	187	192	195	197	199	203	206	209	212	215
3A_NB	11	d	156	161	165	170	174	178	181	185	188	193	196	198	200	204	207	210	213	/
3A_NB	12	a	173	177	181	186	190	195	199	202	206	212	216	218	220	223	226	230	234	237
3A_NB	12	d	174	179	183	188	192	197	200	204	207	213	217	219	221	224	227	231	235	/
3A_NB	13	a	186	190	193	197	200	204	207	210	213	219	223	225	227	230	234	239	243	247
3A_NB	13	d	187	191	194	198	201	205	208	211	214	220	224	226	228	231	236	240	244	/
3A_NB	14	a	203	207	210	214	218	222	226	228	232	238	242	245	247	251	255	258	261	265
3A_NB	14	d	204	208	211	215	219	223	227	230	233	239	243	246	248	252	256	259	262	/
3A_NB	15	a	220	223	228	232	235	239	243	246	251	256	259	261	263	267	270	273	276	279
3A_NB	15	d	221	225	229	233	236	241	245	248	252	257	260	262	264	268	271	274	277	/
3A_NB	16	a	231	234	238	243	246	250	253	255	259	266	269	273	277	281	286	289	292	296
3A_NB	16	d	232	235	240	244	247	251	254	257	261	267	271	275	279	283	287	290	293	/
3A_NB	17	a	243	246	251	255	260	265	269	272	276	282	285	288	291	296	300	303	307	311
3A_NB	17	d	244	248	252	257	262	267	271	274	277	283	286	289	293	298	301	305	309	/
3A_NB	18	a	256	259	263	268	272	277	281	284	289	295	299	302	304	308	311	314	318	322
3A_NB	18	d	257	261	265	270	274	279	283	286	290	296	300	303	305	309	312	316	319	/
3A_NB	19	a	283	286	291	296	300	304	309	313	318	323	327	330	332	335	339	343	347	350
3A_NB	19	d	284	288	293	298	301	306	311	315	319	324	328	331	333	336	340	345	348	/
3A_NB	20	a	306	310	314	318	321	324	328	332	336	341	345	348	351	354	357	361	366	370
3A_NB	20	d	307	311	315	319	322	325	330	333	337	342	346	349	352	355	358	363	367	/
3A_NB	21	a	328	331	335	340	344	348	352	356	360	365	369	372	374	377	380	383	386	390
3A_NB	21	d	329	333	337	342	346	350	354	358	361	366	370	373	375	378	381	384	387	/
3A_NB	22	a	345	348	352	356	360	364	368	371	374	379	382	384	387	390	393	396	399	402
3A_NB	22	d	346	349	354	358	362	366	370	372	375	380	383	385	388	391	394	397	400	/
3A_NB	23	a	350	353	358	362	365	369	373	376	380	386	389	392	394	398	402	405	408	412
3A_NB	23	d	351	355	360	363	367	371	375	378	382	387	390	393	396	400	403	406	409	/
3A_NB	24	a	366	370	373	378	382	386	390	393	397	403	406	408	410	414	418	422	426	431
3A_NB	24	d	367	371	375	379	383	387	391	394	398	404	407	409	412	416	419	424	428	/
3A_NB	25	a	388	391	395	400	403	408	412	416	421	427	431	433	435	439	442	446	450	453
3A_NB	25	d	389	393	397	401	405	410	414	418	422	428	432	434	436	440	443	447	451	/
3A_NB	26	a	405	409	413	418	422	426	429	432	437	443	446	448	450	453	456	460	464	469
3A_NB	26	d	406	411	415	420	423	427	431	434	438	444	447	449	451	454	457	461	466	/
3A_NB	27	a	419	423	428	433	437	440	444	447	451	457	461	463	465	468	472	477	482	487
3A_NB	27	d	420	425	430	435	438	441	446	448	452	458	462	464	466	469	474	479	484	/
3A_NB	28	a	443	446	449	454	458	463	467	470	474	478	481	484	487	491	495	499	503	507
3A_NB	28	d	444	447	451	456	460	465	469	472	475	479	483	486	488	492	497	500	504	/
3A_NB	29	a	449	452	457	462	466	470	474	477	481	486	489	491	493	497	501	504	508	512
3A_NB	29	d	450	454	459	464	468	472	476	479	482	487	490	492	494	498	502	505	509	/
3A_NB	30	a	457	460	465	469	474	478	482	484	489	494	498	500	503	506	510	513	516	519
3A_NB	30	d	458	462	466	471	476	480	483	486	490	495	499	501	504	507	511	514	517	/
3A_NB	31	a	463	466	470	474	479	484	488	490	495	501	505	507	510	513	516	519	522	525
3A_NB	31	d	464	468	471	476	481	486	489	492	496	502	506	508	511	514	517	520	523	/
3A_NB	32	a	469	472	475	480	484	489	493	496	501	507	511	514	517	520	523	526	529	532
3A_NB	32	d	470	473	477	482	486	491	495	498	502	508	512	515	518	521	524	527	530	/
3A_NB	33	a	480	483	488	493	497	502	506	509	513	519	522	525	528	531	534	538	541	545
3A_NB	33	d	481	485	490	495	499	504	508	511	514	520	523	526	529	532	535	539	542	/
3A_NB	34	a	494	497	501	504	507	511	515	517	520	526	529	531	534	538	542	546	550	554
3A_NB	34	d	495	498	502	505	508	513	516	518	521	527	530	532	536	540	543	547	551	/
3A_NB	35	a	499	502	507	510	514	518	521	523	526	531	534	536	539	543	547	551	555	559
3A_NB	35	d	500	504	508	511	516	519	522	524	527	532	535	537	541	545	548	552	556	/
3A_NB	36	a	509	513	518	523	527	532	535	539	543	548	552	555	557	561	565	569	573	577
3A_NB	36	d	510	515	520	525	529	533	537	540	544	549	553	556	558	562	566	570	574	/
3A_NB	37	a	532	536	541	546	550	553	557	559	562	568	572	574	576	579	583	586	590	594
3A_NB	37	d	533	538	543	547	551	555	558	560	563	569	573	575	577	580	584	587	591	/
3A_NB	38	a	543	546	550	555	559	562	565	567	570	576	580	582	584	587	590	594	598	602
3A_NB	38	d	544	548	552	556	560	563	566	568	571	577	581	583	585	588	591	595	599	/
3A_NB	39	a	570	574	578	583	588	592	595	597	600	605	608	611	614	617	620	623	627	632
3A_NB	39	d	571	576	580	585	589	593	596	598	601	606	610	612	615	618	621	625	629	/
3A_NB	40	a	599	603	606	610	613	617	620	622	626	632	635	638	640	643	647	651	654	657
3A_NB	40	d	600	604	607	611	614	618	621	623	627	633	636	639	641	644	648	652	655	/
3A_NB	41	a	604	608	611	615	618	622	625	627	631	637	640	643	645	648	652	656	659	662
3A_NB	41	d	605	609	612	616	619	623	626	628	632	638	641	644	646	649	653	657	660	/
3A_NB	42	a	629	632	635	639	642	646	649	652	655	660	664	666	668	671	675	678	682	686
3A_NB	42	d	630	633	636	640	643	647	650	653	656	661	665	667	669	672	676	679	683	/
3A_NB	43	a	634	637	640	644	648	651	654	657	660	665	669	671	673	676	680	683	687	691
3A_NB	43	d	635	638	641	645	649	652	655	658	661	666	670	672	674	677	681	684	688	/
3A_NB	44	a	639	642	645	649	653	656	659	661	666	671	675	677	679	683	687	690	693	697
3A_NB	44	d	640	643	646	650	654	657	660	663	667	672	676	678	680	684	688	691	694	/
3A_NB	45	a	644	647	650	654	658	661	664	666	671	676	679	682	684	688	692	695	698	702
3A_NB	45	d	645	648	651	655	659	662	665	668	672	677	681	683	685	689	693	696	699	/
3A_NB	46	a	649	652	655	659	663	667	670	673	678	684	687	689	691	694	697	700	703	707
3A_NB	46	d	650	653	656	660	664	668	672	675	679	685	688	690	692	695	698	701	704	/
3A_NB	47	a	654	657	660	663	668	672	675	678	683	690	694	698	701	705	709	713	718	723
3A_NB	47	d	655	658	661	665	669	673	677	680	685	692	696	700	703	707	711	715	720	/
3A_NB	48	a	661	665	669	673	678	682	685	687	691	697	700	703	707	711	715	719	724	729
3A_NB	48	d	662	667	671	675	679	683	686	688	692	698	701	705	709	713	717	721	726	/
3A_NB	49	a	668	672	675	679	683	687	690	693	697	703	706	710	714	718	723	726	730	734
3A_NB	49	d	669	673	676	680	684	688	691	694	698	704	708	712	716	720	724	727	731	/
3A_NB	50	a	674	678	682	686	691	694	697	700	704	712	715	718	721	724	728	731	735	739
3A_NB	50	d	675	680	683	688	692	695	698	701	706	713	716	719	722	725	729	732	736	/
3A_NB	51	a	703	707	712	716	719	722	727	729	733	739	743	746	749	753	757	760	764	768
3A_NB	51	d	704	709	713	717	720	724	728	730	734	741	745	748	751	754	758	762	766	/
3A_NB	52	a	733	737	741	746	749	753	756	759	762	768	772	774	776	780	784	787	790	794
3A_NB	52	d	734	738	743	747	750	754	757	760	763	769	773	775	777	781	785	788	791	/
3A_NB	53	a	738	742	746	751	755	759	762	765	769	774	778	780	782	786	790	793	796	800
3A_NB	53	d	739	743	748	752	756	760	763	766	770	775	779	781	783	787	791	794	797	/
3A_NB	54	a	743	747	751	755	760	764	767	769	774	779	783	786	788	792	796	799	802	806
3A_NB	54	d	744	748	753	757	761	765	768	771	775	780	784	787	789	793	797	800	803	/
3A_NB	55	a	749	752	756	760	765	769	772	774	779	784	789	792	794	798	802	805	809	812
3A_NB	55	d	750	754	758	762	766	770	773	776	780	786	790	793	795	799	803	807	810	/
3A_NB	56	a	779	782	787	791	794	798	802	804	809	815	819	821	824	828	832	836	839	843
3A_NB	56	d	780	784	788	792	796	800	803	806	810	816	820	822	825	829	833	837	840	/
3A_NB	57	a	809	813	817	821	824	829	832	834	838	844	848	850	852	856	860	863	866	870
3A_NB	57	d	810	814	818	822	826	830	833	836	840	845	849	851	854	857	861	864	867	/
3A_NB	58	a	839	843	847	851	854	859	862	864	869	874	878	880	883	886	889	893	896	900
3A_NB	58	d	840	844	848	852	856	860	863	866	870	875	879	881	884	887	890	894	897	/
3A_NB	59	a	869	872	877	881	885	889	892	895	899	904	908	910	912	915	919	922	925	930
3A_NB	59	d	870	874	878	882	886	890	893	896	900	905	909	911	913	916	920	923	927	/
3A_NB	60	a	899	902	907	911	914	918	921	924	927	932	935	938	940	944	948	952	956	960
3A_NB	60	d	900	904	908	912	915	919	922	925	928	933	936	939	941	945	949	953	957	/
3A_NB	61	a	929	933	937	941	944	947	950	952	956	962	965	967	970	973	977	980	984	987
3A_NB	61	d	930	934	938	942	945	948	951	953	957	963	966	968	971	974	978	981	985	/
3A_NB	62	a	948	952	956	959	963	967	971	975	979	984	988	991	993	996	999	1003	1006	1010
3A_NB	62	d	949	953	957	961	965	969	973	976	980	985	989	992	994	997	1000	1004	1007	/
3A_NB	63	a	978	982	986	990	994	998	1002	1005	1009	1013	1016	1019	1021	1024	1027	1031	1034	1038
3A_NB	63	d	979	983	987	991	995	999	1003	1006	1010	1014	1017	1020	1022	1025	1028	1032	1035	/
3A_NB	64	a	1008	1011	1015	1019	1023	1027	1030	1032	1035	1040	1043	1046	1048	1051	1054	1057	1061	1065
3A_NB	64	d	1009	1012	1016	1020	1024	1028	1031	1033	1036	1041	1044	1047	1049	1052	1055	1058	1062	/
