RouteID	RunID	Arrivals/Departures	TimePerStop
1A_SB	1	a	25	31	38	41	45	50	57	61	67	71	74	82	89	93
1A_SB	1	d	26	32	39	43	47	52	59	63	68	72	75	84	90	/
1A_SB	2	a	52	57	65	69	73	76	82	86	92	96	101	112	118	122
1A_SB	2	d	53	59	67	70	74	77	84	88	94	98	103	114	120	/
1A_SB	3	a	64	70	79	83	88	93	99	104	111	116	121	130	136	139
1A_SB	3	d	65	72	81	85	90	95	101	106	113	118	122	131	137	/
1A_SB	4	a	72	79	88	91	95	100	106	111	118	122	125	135	140	144
1A_SB	4	d	74	80	89	93	97	102	108	113	119	123	127	136	142	/
1A_SB	5	a	96	103	111	115	119	123	129	133	140	143	147	155	160	163
1A_SB	5	d	98	105	113	117	121	125	130	135	141	144	148	156	161	/
1A_SB	6	a	105	113	121	126	130	134	140	144	151	156	160	171	177	180
1A_SB	6	d	107	115	123	128	132	136	142	146	153	158	161	172	178	/
1A_SB	7	a	113	121	129	133	136	140	145	149	157	161	165	175	182	186
1A_SB	7	d	115	122	130	134	138	141	147	151	158	163	167	177	183	/
1A_SB	8	a	120	127	136	139	143	146	151	155	162	166	171	180	187	191
1A_SB	8	d	122	129	137	141	144	147	153	156	163	168	172	182	188	/
1A_SB	9	a	131	138	148	152	155	158	164	167	173	176	180	189	195	198
1A_SB	9	d	133	140	150	153	156	160	165	168	174	177	181	190	196	/
1A_SB	10	a	136	144	153	157	161	165	170	174	181	185	190	199	205	208
1A_SB	10	d	138	145	155	159	163	166	172	176	183	187	191	200	206	/
1A_SB	11	a	148	155	165	169	173	177	183	187	194	198	202	212	219	222
1A_SB	11	d	149	157	167	171	175	179	184	189	196	199	203	213	220	/
1A_SB	12	a	169	176	187	191	195	199	206	211	217	222	227	237	242	245
1A_SB	12	d	171	178	189	193	197	201	208	213	219	224	228	238	243	/
1A_SB	13	a	192	198	207	211	216	220	226	231	238	243	248	257	262	265
1A_SB	13	d	193	200	209	213	218	222	228	233	240	245	249	258	263	/
1A_SB	14	a	216	223	231	235	239	243	249	252	258	262	266	275	280	284
1A_SB	14	d	218	225	232	236	240	244	250	253	259	263	267	276	281	/
1A_SB	15	a	231	237	245	248	252	256	261	265	272	277	282	291	296	299
1A_SB	15	d	233	239	246	249	253	257	263	267	274	279	283	292	297	/
1A_SB	16	a	239	246	255	259	264	269	276	281	287	290	295	305	311	315
1A_SB	16	d	241	248	257	261	266	271	278	282	288	292	297	306	312	/
1A_SB	17	a	250	257	266	270	274	278	285	288	293	296	300	310	316	319
1A_SB	17	d	252	259	268	272	276	280	286	289	294	297	302	311	317	/
1A_SB	18	a	260	267	276	279	282	285	291	294	299	302	305	315	321	324
1A_SB	18	d	262	269	277	280	283	287	292	295	300	303	307	316	322	/
1A_SB	19	a	265	272	282	285	289	292	297	300	306	310	313	322	328	331
1A_SB	19	d	267	274	283	287	290	293	298	302	308	311	314	323	329	/
1A_SB	20	a	287	293	304	308	312	316	322	326	332	336	341	351	357	361
1A_SB	20	d	289	295	306	310	313	317	324	328	334	338	343	353	359	/
1A_SB	21	a	314	320	328	332	336	340	347	351	357	361	365	374	379	383
1A_SB	21	d	316	321	330	334	338	342	348	352	358	362	366	375	381	/
1A_SB	22	a	337	343	353	356	361	364	370	373	379	383	386	396	402	405
1A_SB	22	d	339	345	354	358	362	366	371	374	381	384	387	397	403	/
1A_SB	23	a	344	351	360	364	367	370	375	379	385	388	391	400	407	410
1A_SB	23	d	346	352	361	365	368	371	376	380	386	389	392	402	408	/
1A_SB	24	a	353	360	367	371	374	377	383	388	394	397	401	410	416	419
1A_SB	24	d	355	361	368	372	375	378	385	389	395	398	402	411	417	/
1A_SB	25	a	361	368	375	379	383	386	392	396	402	405	409	418	424	427
1A_SB	25	d	363	369	376	381	384	387	393	398	403	406	410	419	425	/
1A_SB	26	a	370	377	387	391	394	398	404	408	414	417	421	428	434	438
1A_SB	26	d	372	379	388	392	395	400	405	409	415	418	422	430	436	/
1A_SB	27	a	380	387	397	401	404	409	415	420	427	432	437	447	452	457
1A_SB	27	d	382	389	398	402	406	411	417	422	429	434	439	448	454	/
1A_SB	28	a	409	417	426	430	434	438	443	447	453	457	460	470	477	482
1A_SB	28	d	411	419	428	432	435	439	445	449	455	458	461	472	479	/
1A_SB	29	a	421	427	436	440	444	448	455	460	467	471	476	486	492	496
1A_SB	29	d	422	428	437	442	445	450	457	462	469	473	478	488	494	/
1A_SB	30	a	429	435	444	448	453	457	464	467	472	476	481	492	498	502
1A_SB	30	d	430	436	445	450	455	459	465	468	474	478	483	494	499	/
1A_SB	31	a	455	461	468	471	474	477	483	486	491	495	499	509	514	517
1A_SB	31	d	457	462	469	472	475	478	484	487	492	496	500	510	515	/
1A_SB	32	a	464	471	479	482	486	489	494	498	503	507	511	518	523	526
1A_SB	32	d	466	472	480	483	487	490	495	499	505	508	512	519	524	/
1A_SB	33	a	469	476	485	489	493	496	503	508	513	516	519	526	531	534
1A_SB	33	d	471	478	487	490	494	498	505	509	514	517	520	527	532	/
1A_SB	34	a	478	486	494	498	501	504	510	513	519	522	526	536	541	545
1A_SB	34	d	480	487	496	499	502	505	511	514	520	524	528	537	543	/
1A_SB	35	a	483	491	500	503	507	511	517	521	528	531	534	543	548	551
1A_SB	35	d	485	493	501	505	509	513	519	523	529	532	535	544	549	/
1A_SB	36	a	491	499	508	513	516	520	526	531	537	541	545	554	559	562
1A_SB	36	d	493	501	510	514	518	522	528	533	539	542	546	555	560	/
1A_SB	37	a	498	505	514	519	522	525	531	536	542	547	552	562	568	571
1A_SB	37	d	500	507	516	520	523	527	533	538	544	549	554	564	569	/
1A_SB	38	a	527	533	540	544	547	551	558	562	569	573	578	585	591	594
1A_SB	38	d	529	534	541	545	549	553	560	564	571	575	579	586	592	/
1A_SB	39	a	551	557	566	569	573	577	585	589	595	598	602	612	617	620
1A_SB	39	d	552	559	567	571	575	579	586	590	596	599	603	613	618	/
1A_SB	40	a	576	582	591	595	599	604	609	613	619	623	628	636	643	647
1A_SB	40	d	577	584	593	597	601	605	611	615	621	625	629	638	645	/
1A_SB	41	a	599	606	615	619	623	628	634	637	642	645	649	657	663	668
1A_SB	41	d	600	608	617	621	625	630	635	638	643	647	651	659	665	/
1A_SB	42	a	623	629	640	644	648	652	658	663	668	672	676	685	691	695
1A_SB	42	d	624	631	642	646	650	654	660	664	669	673	677	686	692	/
1A_SB	43	a	652	658	667	670	673	676	683	686	691	694	697	707	712	715
1A_SB	43	d	653	660	668	671	674	677	684	687	692	695	698	708	713	/
1A_SB	44	a	668	673	682	686	690	695	702	705	712	716	719	729	734	737
1A_SB	44	d	669	675	684	688	692	697	703	707	714	717	720	730	735	/
1A_SB	45	a	696	702	712	716	720	724	731	735	742	746	749	758	763	768
1A_SB	45	d	697	704	714	718	722	726	733	737	744	747	750	759	765	/
1A_SB	46	a	701	707	718	721	726	729	736	740	747	751	755	764	769	773
1A_SB	46	d	702	709	719	723	727	731	738	742	749	752	756	765	770	/
1A_SB	47	a	709	714	725	729	734	738	746	749	754	758	763	773	778	782
1A_SB	47	d	710	716	727	731	736	740	747	750	756	760	765	774	779	/
1A_SB	48	a	717	722	732	736	741	745	753	757	763	766	770	779	785	788
1A_SB	48	d	718	724	734	738	743	747	755	759	764	767	771	780	786	/
1A_SB	49	a	722	728	737	741	746	750	758	762	768	771	776	786	793	798
1A_SB	49	d	723	729	739	743	748	752	760	764	769	773	778	788	795	/
1A_SB	50	a	727	733	742	746	751	756	764	768	774	778	783	791	798	803
1A_SB	50	d	728	734	744	748	753	758	766	770	776	780	784	793	800	/
1A_SB	51	a	736	742	751	755	759	764	770	773	779	783	788	797	803	808
1A_SB	51	d	737	744	753	757	761	766	771	775	781	785	790	799	805	/
1A_SB	52	a	752	758	766	769	772	776	782	786	793	796	800	810	816	819
1A_SB	52	d	753	759	767	770	774	778	784	788	794	797	801	811	817	/
1A_SB	53	a	757	763	773	776	780	784	790	793	799	802	806	816	822	825
1A_SB	53	d	758	765	774	778	782	786	791	794	800	803	807	817	823	/
1A_SB	54	a	765	770	780	784	789	793	800	803	809	813	817	825	831	835
1A_SB	54	d	766	772	782	786	791	795	801	804	810	814	818	826	832	/
1A_SB	55	a	770	775	785	789	794	798	805	808	814	818	822	830	836	840
1A_SB	55	d	771	777	787	791	796	800	806	809	815	819	823	831	837	/
1A_SB	56	a	793	798	806	811	816	821	827	833	839	844	849	858	864	868
1A_SB	56	d	794	800	808	813	818	823	829	835	841	846	850	859	865	/
1A_SB	57	a	819	824	834	838	842	846	852	857	863	867	870	879	885	888
1A_SB	57	d	820	826	836	840	844	848	854	859	865	868	872	881	886	/
1A_SB	58	a	847	853	864	868	872	876	882	886	893	897	900	910	915	918
1A_SB	58	d	848	855	866	870	874	878	884	888	895	898	901	911	916	/
1A_SB	59	a	877	883	891	894	897	900	907	911	917	921	926	935	941	945
1A_SB	59	d	878	885	892	895	898	902	909	913	919	923	928	937	942	/
1A_SB	60	a	904	909	917	921	925	929	935	939	946	950	955	965	971	975
1A_SB	60	d	905	911	919	923	926	930	937	941	948	952	957	967	972	/
1A_SB	61	a	933	938	948	952	955	958	964	968	975	979	983	996	1001	1005
1A_SB	61	d	934	940	949	953	956	960	965	969	977	981	985	997	1002	/
1A_SB	62	a	963	969	977	982	985	988	994	997	1004	1008	1013	1024	1030	1033
1A_SB	62	d	964	970	979	983	986	990	995	999	1006	1010	1015	1026	1031	/
1A_SB	63	a	979	985	993	996	999	1003	1008	1012	1017	1020	1024	1032	1037	1041
1A_SB	63	d	980	986	994	997	1000	1004	1009	1013	1018	1021	1025	1033	1038	/
1A_SB	64	a	995	1001	1010	1013	1017	1021	1028	1032	1037	1042	1046	1056	1061	1065
1A_SB	64	d	996	1003	1011	1014	1019	1023	1030	1033	1039	1043	1048	1057	1062	/
1A_NB	1	a	4	9	15	23	29	32	37	41	46	50	53	56	62	69
1A_NB	1	d	5	10	17	24	30	33	38	42	47	51	54	57	64	/
1A_NB	2	a	28	32	36	42	49	52	59	64	71	76	79	82	89	94
1A_NB	2	d	29	33	37	43	50	54	61	66	73	77	80	83	90	/
1A_NB	3	a	39	43	49	56	61	64	70	75	81	85	89	94	103	109
1A_NB	3	d	40	45	50	57	62	66	72	76	83	87	91	96	105	/
1A_NB	4	a	57	62	67	73	78	81	86	91	97	102	106	109	117	122
1A_NB	4	d	58	63	68	74	79	82	88	92	99	103	107	110	118	/
1A_NB	5	a	73	77	83	91	97	101	107	111	118	122	125	128	136	142
1A_NB	5	d	74	79	85	92	98	102	108	112	120	123	126	129	137	/
1A_NB	6	a	100	104	110	117	123	126	133	136	144	148	152	156	163	170
1A_NB	6	d	101	105	111	118	124	127	134	138	145	149	154	157	165	/
1A_NB	7	a	120	126	131	137	143	146	152	155	161	164	167	170	178	185
1A_NB	7	d	122	127	132	138	144	147	153	156	162	165	168	172	180	/
1A_NB	8	a	125	131	136	144	150	153	157	160	166	170	173	176	183	190
1A_NB	8	d	127	132	137	145	151	154	158	161	168	171	174	177	185	/
1A_NB	9	a	148	153	159	166	171	175	180	183	189	192	197	201	209	214
1A_NB	9	d	150	154	160	167	172	176	181	184	190	194	198	203	210	/
1A_NB	10	a	168	173	179	188	195	199	204	208	214	218	221	225	232	237
1A_NB	10	d	170	175	181	190	197	200	206	209	215	219	222	226	233	/
1A_NB	11	a	182	188	194	201	208	212	218	222	229	233	238	242	249	254
1A_NB	11	d	184	190	196	203	210	213	220	224	231	235	240	243	250	/
1A_NB	12	a	189	194	200	206	213	217	223	228	234	238	243	247	255	260
1A_NB	12	d	190	195	201	208	215	218	225	229	236	240	245	249	256	/
1A_NB	13	a	200	204	210	217	223	227	233	237	243	246	250	253	260	265
1A_NB	13	d	201	205	211	219	225	228	234	238	244	247	251	254	261	/
1A_NB	14	a	214	218	224	232	240	243	248	252	259	263	266	269	277	283
1A_NB	14	d	215	219	226	234	241	244	249	254	261	264	267	270	278	/
1A_NB	15	a	227	232	238	246	253	256	260	264	269	272	275	279	287	292
1A_NB	15	d	229	234	240	248	254	257	261	265	270	273	277	280	288	/
1A_NB	16	a	233	238	245	252	259	262	266	270	276	279	282	285	292	297
1A_NB	16	d	235	240	246	254	260	263	267	271	277	280	283	286	293	/
1A_NB	17	a	240	246	253	260	266	270	276	281	288	292	297	300	307	312
1A_NB	17	d	242	248	255	262	268	272	278	283	290	294	298	302	309	/
1A_NB	18	a	265	270	276	284	291	295	301	306	313	317	322	326	333	339
1A_NB	18	d	267	272	278	286	293	297	303	308	315	319	324	328	335	/
1A_NB	19	a	290	295	301	308	314	318	322	326	334	338	343	347	354	361
1A_NB	19	d	292	297	302	309	315	319	324	328	335	340	344	348	355	/
1A_NB	20	a	307	313	319	328	333	337	342	346	353	358	361	364	372	379
1A_NB	20	d	309	315	321	329	335	338	343	348	355	359	362	366	374	/
1A_NB	21	a	321	325	331	338	342	345	350	355	362	366	371	374	383	388
1A_NB	21	d	322	327	332	339	343	346	352	357	364	368	372	376	384	/
1A_NB	22	a	332	336	342	349	355	359	366	371	376	380	384	388	396	401
1A_NB	22	d	333	338	343	350	357	361	368	372	378	382	386	390	397	/
1A_NB	23	a	359	364	369	379	385	389	395	399	406	410	414	418	426	432
1A_NB	23	d	361	365	371	380	387	390	397	401	408	412	416	420	427	/
1A_NB	24	a	385	390	397	405	413	417	423	427	435	439	444	448	455	460
1A_NB	24	d	387	392	399	407	415	419	424	429	437	441	446	450	456	/
1A_NB	25	a	408	413	419	427	434	438	444	449	455	459	462	466	474	481
1A_NB	25	d	410	415	421	429	436	440	446	451	457	460	464	468	476	/
1A_NB	26	a	429	433	439	448	453	457	462	466	472	475	478	481	488	494
1A_NB	26	d	430	435	441	449	455	458	463	467	473	476	479	482	489	/
1A_NB	27	a	442	446	451	457	463	466	473	476	482	485	489	493	500	506
1A_NB	27	d	443	447	452	458	464	468	474	477	483	486	491	494	502	/
1A_NB	28	a	447	451	457	463	469	472	478	481	488	491	495	498	507	512
1A_NB	28	d	448	452	458	465	470	473	479	483	489	492	496	499	508	/
1A_NB	29	a	469	473	479	488	494	497	503	507	513	518	523	528	536	543
1A_NB	29	d	470	474	481	489	495	498	504	509	515	520	525	529	538	/
1A_NB	30	a	475	479	485	493	499	502	508	512	519	524	528	533	542	549
1A_NB	30	d	476	480	486	494	500	503	509	514	521	525	530	535	544	/
1A_NB	31	a	480	485	491	499	505	508	514	518	524	528	533	538	548	554
1A_NB	31	d	482	486	492	500	506	509	515	519	526	530	535	540	549	/
1A_NB	32	a	489	494	500	509	514	517	523	527	533	536	540	544	553	559
1A_NB	32	d	491	495	502	510	515	518	524	528	534	537	542	545	554	/
1A_NB	33	a	495	500	506	514	519	522	528	532	538	542	546	549	558	563
1A_NB	33	d	497	501	507	515	520	523	529	533	540	543	547	550	559	/
1A_NB	34	a	503	508	515	523	528	532	537	542	548	551	555	558	566	571
1A_NB	34	d	505	510	517	524	530	533	539	543	549	552	556	560	567	/
1A_NB	35	a	533	538	544	552	558	562	567	571	578	581	584	587	594	600
1A_NB	35	d	535	539	546	553	559	563	568	572	579	582	585	588	595	/
1A_NB	36	a	557	561	567	574	579	582	587	591	598	602	606	609	617	622
1A_NB	36	d	558	562	568	575	580	583	588	593	600	603	607	611	618	/
1A_NB	37	a	566	570	577	584	589	593	598	602	609	612	616	620	627	633
1A_NB	37	d	567	572	578	585	590	594	600	604	610	613	618	621	629	/
1A_NB	38	a	580	584	590	598	603	606	612	615	620	624	628	631	639	645
1A_NB	38	d	581	585	591	599	604	608	613	616	621	626	629	632	641	/
1A_NB	39	a	585	590	596	604	609	612	617	621	626	630	634	637	646	651
1A_NB	39	d	586	591	597	605	610	613	618	622	627	631	635	639	647	/
1A_NB	40	a	590	595	601	608	614	617	622	626	631	635	639	642	651	656
1A_NB	40	d	591	596	603	610	615	618	623	627	632	636	640	644	652	/
1A_NB	41	a	595	600	606	613	619	622	627	631	637	641	645	649	656	661
1A_NB	41	d	596	602	608	615	620	623	628	632	638	642	646	650	657	/
1A_NB	42	a	601	605	611	618	624	627	632	636	642	646	650	654	661	666
1A_NB	42	d	602	607	613	620	625	628	633	637	643	647	651	655	662	/
1A_NB	43	a	606	610	616	624	629	633	639	643	649	653	657	661	668	673
1A_NB	43	d	607	612	618	625	630	634	640	644	650	654	658	662	669	/
1A_NB	44	a	611	615	621	629	634	638	644	648	655	659	663	666	673	678
1A_NB	44	d	612	617	623	630	635	639	645	649	656	660	664	667	674	/
1A_NB	45	a	640	644	651	658	664	667	674	678	684	687	691	694	701	708
1A_NB	45	d	641	646	653	660	665	669	675	679	685	688	692	695	702	/
1A_NB	46	a	669	674	681	688	694	697	703	707	713	716	721	724	731	737
1A_NB	46	d	670	676	683	690	695	699	705	708	714	718	722	725	732	/
1A_NB	47	a	697	702	709	718	724	728	734	737	743	747	750	753	761	767
1A_NB	47	d	698	703	711	720	725	729	735	738	744	748	751	754	762	/
1A_NB	48	a	703	708	714	723	729	733	740	743	749	753	757	760	768	774
1A_NB	48	d	704	710	716	725	730	735	741	744	750	754	758	761	769	/
1A_NB	49	a	708	713	719	728	734	738	745	748	754	758	762	765	773	779
1A_NB	49	d	709	715	721	730	736	740	746	750	755	759	763	766	774	/
1A_NB	50	a	714	719	726	734	739	743	750	755	761	765	768	772	781	787
1A_NB	50	d	715	721	727	735	741	745	752	757	762	766	770	774	782	/
1A_NB	51	a	732	736	743	750	756	760	767	772	778	783	786	789	795	799
1A_NB	51	d	733	737	744	751	758	762	769	774	780	784	787	790	796	/
1A_NB	52	a	762	766	772	780	785	789	795	800	806	810	814	817	824	830
1A_NB	52	d	763	767	773	781	787	791	797	801	807	811	815	818	825	/
1A_NB	53	a	792	796	802	809	814	818	824	829	836	839	843	846	853	858
1A_NB	53	d	793	797	803	810	815	820	826	830	837	840	844	847	854	/
1A_NB	54	a	813	817	823	830	835	838	843	848	854	857	860	863	870	875
1A_NB	54	d	814	818	825	831	836	839	845	849	855	858	861	864	871	/
1A_NB	55	a	819	823	829	836	841	844	849	853	860	863	866	869	876	881
1A_NB	55	d	820	825	831	837	842	845	850	855	861	864	867	870	877	/
1A_NB	56	a	824	829	834	841	845	849	854	858	865	868	871	875	883	890
1A_NB	56	d	825	830	836	842	847	850	855	860	866	869	873	877	885	/
1A_NB	57	a	829	834	839	846	850	854	859	863	870	874	878	881	888	895
1A_NB	57	d	830	835	841	847	852	855	860	865	871	875	879	882	890	/
1A_NB	58	a	834	839	844	851	855	860	865	869	875	879	883	886	893	900
1A_NB	58	d	835	840	846	852	857	861	866	870	876	880	884	888	895	/
1A_NB	59	a	857	862	867	875	882	886	892	896	902	907	910	914	922	927
1A_NB	59	d	858	863	869	877	884	887	893	897	904	908	912	916	923	/
1A_NB	60	a	887	892	897	905	913	916	921	926	932	937	940	944	952	957
1A_NB	60	d	888	893	899	907	914	917	923	927	934	938	942	945	953	/
1A_NB	61	a	892	897	902	911	918	921	926	931	937	942	945	949	957	962
1A_NB	61	d	893	898	904	912	919	922	928	932	939	943	947	950	958	/
1A_NB	62	a	897	902	907	916	922	926	931	935	942	947	951	954	962	968
1A_NB	62	d	898	903	909	918	924	927	933	937	944	948	952	955	963	/
1A_NB	63	a	902	906	912	921	927	931	937	940	947	952	956	959	966	973
1A_NB	63	d	903	908	914	923	929	932	938	942	949	953	957	960	968	/
1A_NB	64	a	908	912	918	926	932	937	943	946	952	957	961	965	972	978
1A_NB	64	d	909	914	920	928	934	938	944	947	954	958	962	966	973	/
2A_NB	1	a	18	22	26	32	35	38	44	49	53	61	67	70	72	75	78	82	86	89	94	97	101	104	107	114
2A_NB	1	d	19	23	27	33	36	40	46	51	54	62	69	71	73	76	80	83	87	91	95	98	102	105	108	/
2A_NB	2	a	33	37	41	48	51	55	61	64	68	78	85	88	91	95	99	101	105	108	113	118	122	125	128	135
2A_NB	2	d	34	38	43	49	53	56	62	66	70	80	87	90	93	97	100	103	107	110	115	119	123	126	129	/
2A_NB	3	a	49	53	57	62	65	68	74	78	82	91	98	101	103	106	109	112	115	117	121	124	128	131	134	142
2A_NB	3	d	50	54	58	63	66	69	75	79	83	92	99	102	104	107	110	113	116	118	122	125	129	132	135	/
2A_NB	4	a	62	67	71	77	80	84	91	95	99	108	114	117	119	122	125	128	131	133	137	142	147	150	155	163
2A_NB	4	d	64	68	72	78	82	86	93	96	100	109	115	118	120	123	126	129	132	134	139	144	148	152	157	/
2A_NB	5	a	70	75	80	86	90	94	101	105	109	117	124	127	130	133	136	139	142	146	149	152	156	159	163	170
2A_NB	5	d	72	77	82	88	92	96	103	107	111	119	126	128	131	134	137	140	144	147	150	153	157	160	164	/
2A_NB	6	a	82	87	92	96	99	103	109	113	116	123	130	132	135	139	143	146	149	151	155	158	162	166	170	179
2A_NB	6	d	84	89	93	98	101	105	110	114	117	125	131	133	136	140	144	147	150	152	156	159	164	168	172	/
2A_NB	7	a	90	93	97	102	104	109	114	118	121	129	135	138	141	145	149	152	156	158	162	165	169	173	176	184
2A_NB	7	d	91	95	99	103	106	110	115	119	122	130	136	140	142	146	150	153	157	159	163	166	170	174	177	/
2A_NB	8	a	95	98	102	107	109	114	119	123	126	134	141	144	146	151	154	157	161	163	167	170	174	178	181	189
2A_NB	8	d	96	100	104	108	111	115	121	124	127	135	142	145	148	152	155	158	162	164	168	171	175	179	182	/
2A_NB	9	a	103	106	110	115	117	121	126	130	133	141	148	151	153	156	159	162	166	168	172	175	180	184	187	195
2A_NB	9	d	104	108	111	116	118	122	128	131	134	142	149	152	154	157	160	163	167	169	173	177	181	185	188	/
2A_NB	10	a	112	116	120	126	130	134	140	145	149	157	163	166	170	174	178	182	185	187	191	195	200	204	209	217
2A_NB	10	d	113	118	122	128	132	136	142	146	150	158	165	168	172	175	180	183	186	188	192	197	202	206	210	/
2A_NB	11	a	142	146	151	157	159	163	170	174	178	186	193	197	200	204	207	210	214	217	220	224	228	231	234	242
2A_NB	11	d	143	148	152	158	161	165	171	175	179	188	195	198	201	205	208	211	215	218	221	225	229	232	235	/
2A_NB	12	a	148	152	156	163	166	171	177	182	185	195	202	206	210	215	220	223	227	229	233	237	241	245	248	257
2A_NB	12	d	149	154	158	165	168	172	179	183	186	196	204	208	212	217	221	225	228	230	234	238	243	246	250	/
2A_NB	13	a	159	163	166	172	175	180	186	191	195	205	212	215	218	223	228	232	236	238	242	247	252	256	260	267
2A_NB	13	d	160	164	168	174	177	182	188	193	197	206	213	217	220	225	230	234	237	239	244	249	254	258	261	/
2A_NB	14	a	181	185	189	195	197	201	207	210	213	222	228	230	232	235	239	242	245	247	250	254	257	262	265	272
2A_NB	14	d	182	186	190	196	198	202	208	211	214	223	229	231	233	236	240	243	246	248	251	255	259	263	266	/
2A_NB	15	a	188	193	198	205	208	212	217	221	224	233	240	243	246	250	254	257	260	263	268	273	278	282	287	295
2A_NB	15	d	190	195	200	207	210	213	219	222	225	235	241	245	248	252	255	258	262	265	270	275	280	284	289	/
2A_NB	16	a	218	223	228	233	235	238	245	249	253	262	268	271	274	278	281	284	288	290	294	298	301	305	309	318
2A_NB	16	d	220	225	229	234	236	239	246	250	254	264	270	273	276	279	282	285	289	291	295	299	303	307	311	/
2A_NB	17	a	248	253	258	263	265	268	272	276	280	291	297	300	302	307	311	313	317	320	324	328	332	335	338	345
2A_NB	17	d	250	255	259	264	266	269	273	277	281	292	298	301	304	309	312	315	318	321	325	329	333	336	339	/
2A_NB	18	a	269	273	278	284	288	292	298	303	306	315	321	324	326	330	333	336	339	342	346	349	353	356	359	367
2A_NB	18	d	270	275	280	286	290	294	300	304	307	316	322	325	327	331	334	337	340	343	347	350	354	357	361	/
2A_NB	19	a	274	278	283	290	293	297	303	308	311	320	326	329	331	334	338	342	345	347	351	354	358	361	366	373
2A_NB	19	d	275	280	285	291	295	299	305	309	312	321	327	330	332	336	340	343	346	348	352	355	359	363	367	/
2A_NB	20	a	281	285	289	296	299	303	309	313	316	325	331	334	336	340	343	347	350	353	357	361	366	369	374	381
2A_NB	20	d	282	287	291	297	300	304	310	314	318	326	332	335	338	341	345	348	352	354	359	363	367	371	375	/
2A_NB	21	a	298	303	308	314	317	321	328	333	336	345	351	354	357	361	364	367	371	373	376	380	384	388	392	400
2A_NB	21	d	300	305	310	316	319	323	330	334	337	346	353	356	359	362	365	369	372	374	378	382	385	389	394	/
2A_NB	22	a	310	315	320	327	330	334	340	345	350	360	366	369	372	375	379	381	385	388	393	397	400	403	407	414
2A_NB	22	d	312	317	322	329	332	336	342	347	352	361	367	370	373	376	380	382	386	390	394	398	401	404	408	/
2A_NB	23	a	323	327	332	339	342	346	353	358	362	372	379	381	383	387	392	394	397	399	403	407	411	414	417	424
2A_NB	23	d	325	329	334	340	344	348	355	359	364	374	380	382	385	389	393	395	398	400	404	408	412	415	418	/
2A_NB	24	a	344	347	351	358	361	364	370	373	377	387	393	396	398	401	404	407	410	412	416	420	424	428	431	440
2A_NB	24	d	345	349	353	360	362	365	371	374	378	388	394	397	399	402	405	408	411	413	417	421	425	429	432	/
2A_NB	25	a	373	376	380	386	390	393	399	402	405	413	420	423	426	430	433	435	438	441	445	448	452	456	459	467
2A_NB	25	d	374	377	382	388	391	394	400	403	406	414	421	424	427	431	434	436	439	442	446	449	453	457	460	/
2A_NB	26	a	399	402	406	411	413	417	423	427	431	440	445	448	451	455	459	462	465	467	470	473	477	481	484	492
2A_NB	26	d	400	403	407	412	414	418	424	428	432	441	446	449	452	456	460	463	466	468	471	474	478	482	485	/
2A_NB	27	a	404	407	411	416	418	423	428	432	437	446	452	455	459	464	469	473	477	480	484	488	492	496	500	507
2A_NB	27	d	405	408	412	417	420	424	429	434	438	448	453	457	461	466	471	475	479	481	486	489	494	498	501	/
2A_NB	28	a	409	412	416	421	424	428	433	437	442	452	458	461	465	469	474	478	482	485	489	493	498	502	505	512
2A_NB	28	d	410	413	417	422	425	429	434	439	444	454	459	463	467	471	476	480	484	486	491	495	499	503	506	/
2A_NB	29	a	422	427	431	436	439	442	448	453	457	466	472	475	478	482	486	488	491	494	499	503	508	512	515	523
2A_NB	29	d	424	428	432	438	440	443	450	454	458	467	473	477	480	483	487	489	493	496	501	505	509	513	517	/
2A_NB	30	a	428	433	437	443	445	448	454	458	462	471	477	480	483	487	491	493	496	499	504	508	512	516	520	528
2A_NB	30	d	430	434	438	444	446	449	455	459	463	472	478	482	485	488	492	494	498	501	506	510	514	518	522	/
2A_NB	31	a	434	438	442	448	450	454	459	463	467	476	483	486	489	493	497	500	503	505	510	515	518	521	525	533
2A_NB	31	d	436	439	443	449	451	455	460	464	468	478	484	488	491	495	498	501	504	507	512	516	519	523	527	/
2A_NB	32	a	441	444	448	454	457	461	467	470	474	483	490	494	497	500	504	508	511	515	519	524	528	533	537	544
2A_NB	32	d	442	445	449	456	458	463	468	472	475	485	492	496	498	502	506	509	513	516	521	525	530	534	538	/
2A_NB	33	a	451	454	458	463	466	471	477	481	485	495	501	505	508	513	516	519	523	526	530	535	540	543	546	553
2A_NB	33	d	452	455	459	465	468	473	479	483	487	496	503	507	510	514	517	520	524	528	532	537	541	544	547	/
2A_NB	34	a	470	474	478	485	488	492	499	504	508	518	526	529	532	537	541	544	548	550	553	557	560	563	566	572
2A_NB	34	d	471	475	480	487	490	494	501	505	509	520	528	531	534	538	542	545	549	551	554	558	561	564	567	/
2A_NB	35	a	500	504	508	513	516	519	525	530	534	544	550	553	555	558	562	565	568	570	575	579	583	587	591	598
2A_NB	35	d	501	505	509	515	517	521	527	531	535	546	551	554	556	560	563	566	569	572	576	580	584	588	593	/
2A_NB	36	a	530	534	538	544	546	550	556	559	563	574	580	582	584	587	590	592	596	599	604	608	612	616	619	628
2A_NB	36	d	531	535	539	545	547	551	557	560	564	575	581	583	585	588	591	594	598	601	606	609	613	617	620	/
2A_NB	37	a	560	563	568	573	576	579	584	588	592	601	608	611	613	616	620	622	625	627	631	635	638	642	645	651
2A_NB	37	d	561	564	569	574	577	580	585	589	593	602	609	612	614	617	621	623	626	628	632	636	639	643	646	/
2A_NB	38	a	572	576	581	587	591	595	602	607	611	620	626	629	632	635	639	641	644	646	650	654	657	660	663	671
2A_NB	38	d	573	578	583	589	593	597	604	609	613	621	627	630	633	636	640	642	645	647	651	655	658	661	664	/
2A_NB	39	a	577	581	586	593	597	601	607	612	616	624	631	634	637	640	644	647	651	653	657	661	665	668	671	679
2A_NB	39	d	578	583	588	595	599	603	609	614	618	626	632	635	638	641	645	648	652	654	658	662	666	669	672	/
2A_NB	40	a	582	586	592	599	603	607	613	618	621	629	636	639	642	645	648	652	656	658	662	666	670	673	676	683
2A_NB	40	d	583	588	594	601	605	609	615	619	623	631	637	640	643	646	650	653	657	659	663	667	671	674	677	/
2A_NB	41	a	587	591	597	604	608	612	618	623	626	634	641	644	647	650	653	657	661	663	667	671	675	678	682	689
2A_NB	41	d	588	593	599	606	610	614	620	624	628	636	642	645	648	651	655	658	662	664	668	672	676	679	683	/
2A_NB	42	a	592	596	602	609	613	617	624	628	631	641	647	649	652	655	658	662	666	668	672	676	679	683	687	694
2A_NB	42	d	593	598	604	611	615	619	625	629	633	642	648	650	653	656	660	663	667	669	673	677	681	684	688	/
2A_NB	43	a	598	602	608	615	618	622	629	633	636	646	652	654	657	660	663	667	671	673	677	681	684	688	692	700
2A_NB	43	d	599	604	610	617	620	624	630	634	638	647	653	655	658	661	665	668	672	674	678	682	686	689	693	/
2A_NB	44	a	608	612	617	623	625	628	634	638	641	651	657	659	661	665	668	672	676	679	683	687	690	693	697	705
2A_NB	44	d	609	613	618	624	626	630	635	639	643	652	658	660	663	666	670	673	677	680	684	688	691	694	698	/
2A_NB	45	a	613	617	621	628	630	634	639	643	647	658	664	667	669	672	675	677	681	684	688	692	696	699	703	711
2A_NB	45	d	614	618	623	629	631	635	640	645	649	660	665	668	670	673	676	678	682	685	690	693	697	700	704	/
2A_NB	46	a	643	646	650	655	659	662	668	671	675	684	690	693	696	700	703	706	710	713	717	721	725	728	731	739
2A_NB	46	d	644	647	651	657	660	664	669	673	677	685	691	694	697	701	704	707	711	714	718	722	726	729	732	/
2A_NB	47	a	673	676	680	686	689	693	698	701	705	713	720	722	725	728	732	735	739	741	744	748	752	756	759	767
2A_NB	47	d	674	677	681	687	690	694	699	703	707	714	721	723	726	729	733	736	740	742	745	749	753	757	760	/
2A_NB	48	a	703	706	710	715	717	722	728	732	736	743	749	751	754	757	760	763	766	769	773	777	780	783	787	794
2A_NB	48	d	704	707	711	716	719	723	729	733	737	744	750	752	755	758	761	764	767	770	774	778	781	784	788	/
2A_NB	49	a	732	736	739	745	748	751	757	761	765	773	778	780	782	786	789	792	796	798	802	805	809	812	815	823
2A_NB	49	d	733	737	740	746	749	752	758	762	766	774	779	781	783	787	790	793	797	799	803	806	810	813	816	/
2A_NB	50	a	762	765	769	775	777	780	785	788	792	800	806	808	811	814	818	821	824	826	829	833	837	840	843	850
2A_NB	50	d	763	766	770	776	778	781	786	789	793	801	807	809	812	815	819	822	825	827	830	834	838	841	844	/
2A_NB	51	a	780	783	787	793	795	798	803	807	811	821	827	830	833	837	841	844	848	851	854	858	861	864	867	874
2A_NB	51	d	781	784	788	794	796	799	804	808	812	822	828	831	834	838	842	845	849	852	855	859	862	865	868	/
2A_NB	52	a	795	798	802	808	811	815	821	824	828	838	844	846	848	852	856	859	863	866	869	873	876	880	884	890
2A_NB	52	d	796	799	803	809	812	816	822	825	829	839	845	847	849	853	857	860	864	867	870	874	877	881	885	/
2A_NB	53	a	811	814	818	824	827	831	836	840	843	852	857	859	862	866	869	872	876	878	882	886	890	894	897	903
2A_NB	53	d	812	815	819	825	828	832	837	841	844	853	858	860	863	867	870	873	877	879	883	887	891	895	898	/
2A_NB	54	a	823	826	830	836	839	842	847	851	855	864	871	874	877	880	884	887	891	894	898	903	907	911	914	921
2A_NB	54	d	824	827	831	837	840	843	849	853	857	866	873	875	878	882	885	888	893	896	900	904	909	912	915	/
2A_NB	55	a	841	845	849	855	857	861	867	871	875	884	890	892	894	898	901	904	907	909	913	917	920	923	926	933
2A_NB	55	d	842	846	850	856	858	862	868	872	876	885	891	893	895	899	902	905	908	910	914	918	921	924	927	/
2A_NB	56	a	846	850	854	859	862	866	872	876	880	889	895	897	899	903	907	910	913	915	919	923	926	929	933	943
2A_NB	56	d	847	851	855	861	863	867	873	877	881	890	896	898	900	904	908	911	914	916	920	924	927	931	935	/
2A_NB	57	a	851	855	859	864	867	871	878	882	886	897	904	907	910	915	919	923	927	930	934	938	942	945	948	957
2A_NB	57	d	852	856	860	866	868	872	879	883	888	899	906	909	912	917	921	924	929	931	935	939	943	946	949	/
2A_NB	58	a	856	860	864	869	872	876	883	887	891	902	909	912	915	920	924	928	933	935	939	943	947	950	953	962
2A_NB	58	d	857	861	865	871	873	877	884	889	893	904	911	914	917	922	926	930	934	936	940	945	948	951	954	/
2A_NB	59	a	864	868	873	880	883	887	893	898	902	912	918	921	924	928	931	934	938	940	944	948	952	955	958	967
2A_NB	59	d	865	870	875	882	885	889	895	900	903	913	919	922	925	929	932	935	939	941	945	950	953	956	959	/
2A_NB	60	a	870	873	878	885	888	892	898	903	907	918	924	927	930	933	936	939	944	946	950	954	957	961	966	973
2A_NB	60	d	871	875	880	887	890	894	900	905	909	919	925	928	931	934	937	941	945	947	951	955	959	963	967	/
2A_NB	61	a	900	904	908	914	918	921	927	932	936	947	954	957	959	962	965	969	972	975	978	983	987	991	994	1000
2A_NB	61	d	901	905	910	916	919	923	929	934	938	948	955	958	960	963	967	970	974	976	980	985	988	992	995	/
2A_NB	62	a	923	926	931	937	940	944	950	954	959	968	974	977	981	984	988	991	994	996	1000	1003	1006	1011	1016	1024
2A_NB	62	d	924	928	932	939	942	946	952	956	960	969	976	979	982	986	989	992	995	997	1001	1004	1008	1013	1017	/
2A_NB	63	a	953	957	961	967	970	974	980	984	988	998	1005	1008	1011	1015	1018	1020	1023	1026	1030	1033	1036	1040	1043	1051
2A_NB	63	d	954	958	962	969	972	976	981	986	990	999	1006	1009	1012	1016	1019	1021	1024	1027	1031	1034	1037	1041	1044	/
2A_NB	64	a	983	987	991	996	999	1003	1008	1012	1016	1027	1034	1037	1039	1042	1045	1047	1050	1053	1057	1061	1064	1067	1070	1078
2A_NB	64	d	984	988	992	997	1000	1004	1009	1013	1017	1028	1035	1038	1040	1043	1046	1048	1051	1054	1058	1062	1065	1068	1071	/
2A_SB	1	a	6	12	18	22	27	31	34	37	40	45	50	53	56	59	62	68	74	77	82	88	92	97	102	106	116
2A_SB	1	d	7	13	19	24	29	33	35	38	42	47	51	54	57	60	63	69	75	79	84	90	94	99	104	107	/
2A_SB	2	a	17	23	28	32	37	40	43	46	50	54	58	61	65	70	74	81	87	90	94	100	103	107	111	114	124
2A_SB	2	d	18	24	29	34	39	42	44	47	51	55	59	63	67	72	75	82	88	91	95	101	104	108	112	115	/
2A_SB	3	a	31	37	43	47	51	53	56	61	66	71	76	79	82	85	89	98	103	106	111	118	122	127	131	134	144
2A_SB	3	d	32	39	44	49	52	55	58	63	68	73	78	80	83	87	91	99	104	108	113	120	123	128	132	135	/
2A_SB	4	a	50	56	62	66	69	73	76	80	84	88	92	95	98	101	105	112	118	122	126	132	135	139	144	148	159
2A_SB	4	d	51	58	64	67	71	75	77	81	85	89	93	96	99	102	106	113	119	123	127	133	136	141	146	150	/
2A_SB	5	a	64	70	76	80	83	85	87	91	95	99	103	106	110	114	117	124	130	134	138	143	146	150	154	158	168
2A_SB	5	d	65	71	77	81	84	86	88	92	96	100	104	107	111	115	118	125	131	135	139	144	147	151	155	159	/
2A_SB	6	a	76	82	89	93	98	100	102	105	108	112	115	118	122	125	128	136	143	148	152	158	160	164	168	171	180
2A_SB	6	d	78	84	91	95	99	101	103	106	109	113	116	119	123	126	130	138	145	149	153	159	161	165	169	172	/
2A_SB	7	a	95	101	108	112	116	118	120	123	126	130	133	135	139	142	145	152	157	160	165	172	175	179	183	186	196
2A_SB	7	d	97	103	110	114	117	119	121	124	127	131	134	136	140	143	146	153	158	162	166	173	176	180	184	187	/
2A_SB	8	a	109	116	122	125	128	130	132	135	138	143	148	150	155	159	164	172	178	181	185	192	195	200	203	206	215
2A_SB	8	d	111	117	123	126	129	131	133	136	140	145	149	152	157	161	165	173	179	182	186	193	196	201	204	207	/
2A_SB	9	a	119	126	133	137	141	143	145	148	151	156	160	163	168	171	175	183	188	191	195	201	204	209	213	216	225
2A_SB	9	d	121	128	135	139	142	144	146	149	153	157	162	165	169	172	176	184	189	192	196	202	205	210	214	217	/
2A_SB	10	a	134	139	145	148	151	154	156	160	164	168	173	177	182	186	189	196	202	205	210	218	222	226	230	233	244
2A_SB	10	d	136	141	146	149	152	155	158	162	166	170	175	179	184	187	190	197	203	207	212	220	223	227	231	235	/
2A_SB	11	a	154	159	165	170	173	175	178	181	184	188	192	195	199	202	207	214	221	225	229	237	241	245	248	251	262
2A_SB	11	d	155	161	167	171	174	176	179	182	185	189	193	196	200	204	209	216	223	227	231	239	242	246	249	252	/
2A_SB	12	a	183	189	196	199	202	205	207	210	213	217	221	223	226	230	233	239	245	249	252	257	260	264	269	273	282
2A_SB	12	d	184	191	197	200	203	206	208	211	214	218	222	224	227	231	234	240	246	250	253	259	261	266	270	274	/
2A_SB	13	a	199	204	210	213	217	220	223	226	229	233	237	239	242	245	248	256	263	267	271	276	279	283	286	290	301
2A_SB	13	d	200	205	211	215	218	221	224	227	230	234	238	240	243	246	249	258	264	268	272	277	280	284	287	291	/
2A_SB	14	a	215	221	227	231	235	238	240	244	247	250	254	257	261	264	267	273	280	284	288	294	296	301	305	309	320
2A_SB	14	d	217	222	228	232	236	239	241	245	248	251	255	258	262	265	268	274	281	285	289	295	297	302	306	310	/
2A_SB	15	a	227	234	240	245	248	251	254	257	260	263	267	270	273	278	283	292	297	300	304	310	313	318	321	325	336
2A_SB	15	d	229	235	242	246	249	252	255	258	261	264	268	271	275	280	285	293	298	302	305	311	314	319	322	326	/
2A_SB	16	a	242	248	254	257	261	264	268	272	277	280	284	286	290	293	297	306	314	318	322	327	330	334	338	342	351
2A_SB	16	d	244	249	255	259	262	266	270	274	278	281	285	287	291	294	299	308	315	319	323	328	331	335	339	343	/
2A_SB	17	a	267	273	278	281	286	289	292	295	299	302	305	307	310	314	317	326	334	338	342	349	351	355	358	362	372
2A_SB	17	d	269	274	279	283	288	290	293	296	300	303	306	308	311	315	319	328	336	340	344	350	352	356	359	363	/
2A_SB	18	a	275	280	285	289	292	294	297	300	303	307	310	312	316	320	324	333	339	343	348	354	356	360	363	367	377
2A_SB	18	d	276	281	287	290	293	295	298	301	305	308	311	314	318	322	326	335	341	345	349	355	357	361	364	368	/
2A_SB	19	a	290	296	301	305	309	313	317	320	324	328	331	335	339	342	346	354	361	365	369	376	378	382	385	388	400
2A_SB	19	d	291	297	303	307	311	315	318	321	325	329	333	336	340	343	347	355	362	367	370	377	379	383	386	390	/
2A_SB	20	a	304	309	316	319	323	326	329	333	337	341	344	346	350	354	359	366	371	375	379	386	389	394	398	402	414
2A_SB	20	d	305	311	317	320	324	327	330	334	338	342	345	347	351	356	360	367	372	376	380	388	391	396	400	404	/
2A_SB	21	a	309	315	322	325	329	332	335	339	343	347	352	355	360	363	367	375	383	387	391	397	400	404	408	411	420
2A_SB	21	d	311	316	323	326	330	333	336	340	344	349	354	357	361	365	369	377	385	388	392	398	401	405	409	412	/
2A_SB	22	a	318	324	331	334	338	341	344	347	351	355	360	363	368	371	374	382	389	392	396	402	405	410	414	417	426
2A_SB	22	d	320	325	332	335	339	342	345	348	352	357	362	365	369	372	375	383	390	393	397	403	406	411	415	418	/
2A_SB	23	a	335	342	348	351	355	358	360	363	366	370	374	377	381	384	388	396	402	405	409	414	417	422	427	430	441
2A_SB	23	d	337	343	349	352	356	359	361	364	367	371	375	378	382	385	389	397	403	406	410	415	418	424	428	431	/
2A_SB	24	a	347	353	360	364	367	370	373	376	380	385	389	393	397	401	405	412	418	421	425	432	434	440	444	447	456
2A_SB	24	d	349	354	361	365	368	371	374	377	382	387	391	395	399	403	406	413	419	423	426	433	436	441	445	448	/
2A_SB	25	a	358	365	372	377	381	384	387	392	397	401	405	408	412	416	420	427	435	439	442	448	450	455	459	462	471
2A_SB	25	d	360	367	374	379	382	385	389	394	398	402	406	409	413	417	421	429	436	440	443	449	451	456	460	463	/
2A_SB	26	a	367	374	379	384	388	391	394	397	402	407	410	413	417	421	425	433	440	444	447	454	457	463	467	470	479
2A_SB	26	d	369	375	381	386	389	392	395	399	404	408	411	414	418	422	427	435	441	445	449	456	459	464	468	471	/
2A_SB	27	a	384	390	395	399	403	406	409	412	416	420	424	426	429	432	436	444	450	455	459	466	470	475	478	481	492
2A_SB	27	d	385	391	397	400	404	407	410	413	417	421	425	427	430	433	437	445	452	456	461	468	471	476	479	482	/
2A_SB	28	a	394	399	405	410	414	418	421	424	427	431	436	439	442	445	449	456	463	467	471	478	482	487	491	495	504
2A_SB	28	d	395	401	407	411	416	419	422	425	428	433	438	440	443	446	451	458	464	468	472	480	484	489	492	496	/
2A_SB	29	a	410	415	422	426	431	434	437	440	445	448	452	454	457	460	464	472	479	482	486	492	495	500	504	507	516
2A_SB	29	d	411	417	424	428	432	435	438	442	446	449	453	455	458	462	466	474	480	483	487	493	496	501	505	508	/
2A_SB	30	a	425	430	436	439	444	448	451	454	458	461	465	468	472	477	482	490	496	500	503	508	511	516	520	523	532
2A_SB	30	d	426	432	437	441	446	449	452	455	459	462	467	470	474	479	483	491	497	501	504	509	512	517	521	524	/
2A_SB	31	a	438	443	449	453	457	459	462	465	470	475	480	483	488	491	496	503	509	512	516	522	525	530	533	536	546
2A_SB	31	d	439	444	451	455	458	461	463	467	472	477	482	485	489	493	497	504	510	513	517	523	526	531	534	537	/
2A_SB	32	a	455	462	468	472	476	478	481	484	488	492	495	497	500	504	507	514	520	523	527	532	535	540	544	548	559
2A_SB	32	d	457	463	469	473	477	479	482	485	489	493	496	498	501	505	508	515	521	525	528	533	536	541	546	549	/
2A_SB	33	a	467	473	479	482	485	487	491	494	497	501	504	506	509	512	516	524	529	532	535	540	543	549	553	556	566
2A_SB	33	d	469	474	480	483	486	489	492	495	498	502	505	507	510	514	518	525	530	533	536	541	545	550	554	557	/
2A_SB	34	a	480	487	493	498	501	503	505	508	511	515	518	520	524	527	531	538	543	546	550	555	557	562	566	570	579
2A_SB	34	d	482	489	495	499	502	504	506	509	512	516	519	521	525	528	532	539	544	547	551	556	558	564	567	571	/
2A_SB	35	a	486	493	500	504	508	510	513	516	519	523	526	529	533	536	540	547	552	555	559	564	566	571	574	578	587
2A_SB	35	d	488	495	501	506	509	511	514	517	520	524	527	530	534	537	541	548	553	556	560	565	567	572	575	579	/
2A_SB	36	a	501	506	513	518	522	524	527	530	533	536	540	543	547	550	553	560	565	569	573	578	581	585	588	591	601
2A_SB	36	d	502	508	515	520	523	525	528	531	534	537	541	544	548	551	554	561	566	570	574	579	582	586	589	593	/
2A_SB	37	a	508	513	520	524	527	530	533	536	539	542	546	549	553	556	560	568	574	578	583	591	594	599	603	606	615
2A_SB	37	d	509	514	521	525	528	531	534	537	540	543	547	550	554	557	562	570	576	580	585	592	596	600	604	608	/
2A_SB	38	a	513	519	526	530	533	536	539	542	546	549	553	556	559	562	566	574	580	584	588	596	599	604	608	611	620
2A_SB	38	d	514	520	527	531	534	537	540	543	547	550	555	557	560	563	568	576	582	585	590	597	601	605	609	613	/
2A_SB	39	a	518	524	530	535	538	541	543	547	551	554	558	561	564	567	571	579	585	589	593	601	604	609	613	616	626
2A_SB	39	d	519	525	532	536	540	542	545	548	552	556	560	562	565	568	573	581	587	590	595	602	606	610	614	618	/
2A_SB	40	a	538	543	550	554	559	562	566	570	574	578	582	585	590	594	598	606	613	617	621	626	629	634	638	643	652
2A_SB	40	d	539	545	552	556	561	564	568	572	576	580	584	587	592	596	600	608	615	618	622	627	630	635	640	645	/
2A_SB	41	a	566	572	578	583	586	589	592	595	598	603	607	609	612	616	620	626	632	635	639	645	648	653	656	659	668
2A_SB	41	d	567	573	580	584	587	590	593	596	600	604	608	610	614	618	621	627	633	636	640	646	649	654	657	661	/
2A_SB	42	a	596	602	609	612	615	618	620	623	626	630	634	636	639	643	646	654	660	664	667	674	677	681	685	689	698
2A_SB	42	d	597	603	610	613	616	619	621	624	627	631	635	637	640	644	647	655	661	665	669	675	678	683	687	691	/
2A_SB	43	a	626	631	637	640	643	646	649	652	655	659	662	664	668	672	676	683	689	693	697	703	707	711	715	720	730
2A_SB	43	d	627	632	638	641	644	647	650	653	656	660	663	665	669	673	677	685	691	695	699	705	708	712	717	721	/
2A_SB	44	a	656	661	667	670	673	675	678	681	684	688	692	694	698	701	705	714	720	724	727	732	735	740	745	749	760
2A_SB	44	d	657	662	668	671	674	676	679	682	685	690	693	695	699	702	706	715	721	725	728	734	737	742	747	751	/
2A_SB	45	a	682	688	695	698	701	704	707	710	713	717	720	722	726	730	733	741	746	749	753	758	761	765	769	772	782
2A_SB	45	d	683	690	696	699	702	705	708	711	714	718	721	723	727	731	735	742	747	750	754	759	762	766	770	773	/
2A_SB	46	a	707	712	718	721	724	726	728	731	735	738	743	745	749	752	756	762	769	772	776	782	785	790	793	797	807
2A_SB	46	d	708	713	719	722	725	727	729	732	736	740	744	746	750	753	757	764	770	773	777	783	786	791	794	798	/
2A_SB	47	a	737	742	747	750	753	755	758	761	765	769	772	775	779	782	786	793	798	801	804	810	813	818	822	826	835
2A_SB	47	d	738	743	748	751	754	756	759	762	766	770	773	776	780	783	787	794	799	802	805	811	814	819	823	827	/
2A_SB	48	a	751	757	763	767	770	773	776	780	783	787	791	793	797	800	803	810	816	819	822	829	832	836	839	842	851
2A_SB	48	d	752	758	764	768	771	774	777	781	784	788	792	794	798	801	804	811	817	820	823	830	833	837	840	843	/
2A_SB	49	a	768	773	778	781	784	786	788	792	795	799	803	806	810	813	816	823	829	833	836	842	845	849	852	855	864
2A_SB	49	d	769	774	779	782	785	787	789	793	796	800	804	807	811	814	817	824	830	834	837	843	846	850	853	856	/
2A_SB	50	a	786	792	797	800	803	805	808	811	814	818	821	823	827	831	834	840	845	849	852	858	861	866	869	873	882
2A_SB	50	d	787	793	798	801	804	806	809	812	815	819	822	824	828	832	835	841	846	850	853	859	862	867	870	874	/
2A_SB	51	a	804	810	816	820	823	826	829	832	835	839	843	845	848	851	854	862	867	870	873	879	882	886	890	893	903
2A_SB	51	d	805	811	817	821	824	827	830	833	836	840	844	846	849	852	855	863	868	871	874	880	883	887	891	894	/
2A_SB	52	a	817	822	828	832	835	838	841	844	847	851	855	857	860	864	867	875	881	885	889	895	898	902	906	909	919
2A_SB	52	d	818	823	829	833	836	839	842	845	848	852	856	858	861	865	868	876	882	886	890	896	899	903	907	910	/
2A_SB	53	a	831	837	844	847	850	853	855	859	863	867	871	874	877	880	884	891	897	901	905	910	913	917	920	923	931
2A_SB	53	d	832	838	845	848	851	854	856	860	864	868	872	875	878	881	885	892	898	902	906	911	914	918	921	924	/
2A_SB	54	a	848	853	858	861	864	866	869	872	875	879	883	886	889	892	895	902	908	911	915	920	923	928	931	935	944
2A_SB	54	d	849	854	859	862	865	867	870	873	876	880	884	887	890	893	896	903	909	912	916	921	924	929	932	936	/
2A_SB	55	a	865	870	876	880	884	887	889	893	897	901	906	908	911	915	918	925	931	934	937	943	945	950	954	957	968
2A_SB	55	d	866	871	877	881	885	888	890	894	898	902	907	909	912	916	919	926	932	935	938	944	946	951	955	958	/
2A_SB	56	a	878	883	889	893	897	900	903	906	909	913	918	920	924	928	931	938	943	946	949	954	957	962	965	969	981
2A_SB	56	d	879	884	890	894	898	901	904	907	910	914	919	921	925	929	932	939	944	947	950	955	958	963	966	970	/
2A_SB	57	a	893	898	904	908	911	913	916	919	923	927	931	933	937	940	943	950	955	958	961	967	970	975	979	983	993
2A_SB	57	d	894	899	905	909	912	914	917	920	924	928	932	934	938	941	944	951	956	959	962	968	971	976	980	984	/
2A_SB	58	a	907	912	917	921	925	928	930	933	936	939	943	945	949	953	957	964	969	972	976	982	985	989	992	996	1005
2A_SB	58	d	908	913	918	922	926	929	931	934	937	940	944	946	950	954	958	965	970	973	977	983	986	990	993	997	/
2A_SB	59	a	925	931	937	941	944	947	950	953	957	960	964	967	971	975	978	985	990	994	998	1004	1006	1011	1015	1018	1030
2A_SB	59	d	926	932	938	942	945	948	951	954	958	961	965	968	972	976	979	986	991	995	999	1005	1007	1012	1016	1019	/
2A_SB	60	a	941	946	952	955	958	961	963	966	970	974	977	980	983	986	989	997	1003	1007	1011	1016	1018	1023	1027	1030	1041
2A_SB	60	d	942	947	953	956	959	962	964	967	971	975	978	981	984	987	990	998	1004	1008	1012	1017	1019	1024	1028	1031	/
2A_SB	61	a	957	961	967	970	973	977	981	985	990	995	998	1000	1005	1009	1013	1019	1025	1029	1032	1039	1042	1046	1050	1055	1064
2A_SB	61	d	958	963	968	971	975	979	983	987	992	996	999	1002	1007	1010	1014	1021	1027	1030	1034	1040	1043	1048	1052	1056	/
2A_SB	62	a	969	975	981	984	987	990	993	997	1000	1004	1007	1010	1014	1017	1021	1028	1033	1036	1040	1045	1048	1052	1056	1060	1069
2A_SB	62	d	970	976	982	985	988	991	994	998	1001	1005	1008	1011	1015	1018	1022	1029	1034	1037	1041	1046	1049	1053	1057	1061	/
2A_SB	63	a	984	990	995	998	1002	1005	1007	1010	1013	1017	1020	1022	1025	1029	1032	1039	1044	1048	1052	1057	1060	1065	1068	1071	1080
2A_SB	63	d	985	991	996	999	1003	1006	1008	1011	1014	1018	1021	1023	1026	1030	1033	1040	1045	1049	1053	1058	1061	1066	1069	1072	/
2A_SB	64	a	997	1004	1010	1013	1016	1019	1021	1024	1028	1032	1036	1038	1041	1045	1049	1056	1062	1065	1069	1076	1079	1084	1087	1091	1100
2A_SB	64	d	998	1005	1011	1014	1017	1020	1022	1025	1029	1033	1037	1039	1042	1046	1050	1057	1063	1066	1070	1077	1080	1085	1088	1092	/
3A_SB	1	a	23	28	31	35	40	43	46	50	55	58	64	67	71	78	82
3A_SB	1	d	24	29	32	37	42	44	48	52	57	60	65	68	72	79	/
3A_SB	2	a	48	54	58	62	66	69	71	75	79	81	86	89	92	98	102
3A_SB	2	d	49	55	59	64	68	70	72	76	80	82	87	90	93	100	/
3A_SB	3	a	63	68	72	77	81	83	85	90	94	96	101	104	107	113	117
3A_SB	3	d	64	70	74	79	82	84	87	91	95	97	102	105	108	115	/
3A_SB	4	a	77	83	88	92	95	98	102	106	109	111	116	119	122	127	132
3A_SB	4	d	78	85	89	93	97	100	104	107	110	112	117	120	123	129	/
3A_SB	5	a	92	98	102	106	110	112	114	118	121	124	129	132	135	140	144
3A_SB	5	d	93	99	103	107	111	113	115	119	122	125	130	133	136	142	/
3A_SB	6	a	100	106	110	114	119	121	124	128	133	136	142	146	149	156	160
3A_SB	6	d	101	108	111	116	120	123	125	130	134	138	144	147	151	157	/
3A_SB	7	a	124	129	133	137	140	142	144	147	150	152	157	160	163	169	174
3A_SB	7	d	125	131	135	138	141	143	145	148	151	153	158	161	164	171	/
3A_SB	8	a	140	145	149	153	157	159	162	165	169	171	176	180	184	190	194
3A_SB	8	d	141	147	150	154	158	160	163	166	170	172	177	181	186	191	/
3A_SB	9	a	146	151	155	159	164	167	171	175	180	182	186	189	193	198	201
3A_SB	9	d	147	153	156	161	166	169	173	177	181	183	187	190	194	199	/
3A_SB	10	a	165	170	175	178	181	183	186	190	194	196	201	204	207	213	216
3A_SB	10	d	166	172	176	179	182	184	187	191	195	197	202	205	208	214	/
3A_SB	11	a	177	182	187	191	195	199	202	207	211	213	218	222	226	231	235
3A_SB	11	d	178	184	189	193	197	201	204	209	212	214	219	223	227	233	/
3A_SB	12	a	200	206	211	215	219	222	224	227	230	233	238	241	244	250	255
3A_SB	12	d	201	208	212	216	220	223	225	228	232	234	239	242	245	252	/
3A_SB	13	a	206	212	215	220	224	227	230	233	237	239	244	247	250	256	259
3A_SB	13	d	207	213	217	221	225	228	231	235	238	240	245	248	251	257	/
3A_SB	14	a	222	227	231	235	239	243	246	249	252	254	259	262	266	272	276
3A_SB	14	d	223	228	232	236	241	245	247	250	253	255	260	263	267	274	/
3A_SB	15	a	243	249	253	257	261	264	267	271	275	277	282	285	288	293	296
3A_SB	15	d	244	251	254	258	262	265	268	272	276	278	283	286	289	294	/
3A_SB	16	a	256	261	266	270	274	277	280	284	287	289	293	297	300	306	310
3A_SB	16	d	257	263	267	271	276	278	281	285	288	290	294	298	301	308	/
3A_SB	17	a	272	277	280	284	287	290	292	297	301	303	308	312	315	320	323
3A_SB	17	d	273	278	281	285	288	291	294	299	302	304	309	313	316	321	/
3A_SB	18	a	290	294	297	302	306	309	313	317	322	324	329	333	337	343	347
3A_SB	18	d	291	295	299	304	308	311	315	319	323	325	330	334	338	344	/
3A_SB	19	a	318	322	327	332	336	339	342	346	351	353	357	360	363	369	372
3A_SB	19	d	319	324	329	334	338	341	344	348	352	354	358	361	364	370	/
3A_SB	20	a	334	339	344	348	351	354	357	360	364	366	371	374	377	383	387
3A_SB	20	d	335	341	345	349	352	355	358	361	365	367	372	375	378	384	/
3A_SB	21	a	342	347	352	356	360	362	364	367	371	374	379	384	387	394	398
3A_SB	21	d	343	349	353	358	361	363	365	368	373	375	381	385	389	395	/
3A_SB	22	a	365	370	374	378	381	384	386	390	394	396	401	404	408	413	416
3A_SB	22	d	366	372	375	379	382	385	387	391	395	397	402	406	409	414	/
3A_SB	23	a	370	375	380	384	387	390	392	395	399	401	406	409	413	418	421
3A_SB	23	d	371	377	381	385	388	391	393	396	400	402	407	411	414	419	/
3A_SB	24	a	378	384	388	392	395	398	401	405	410	412	417	420	423	430	434
3A_SB	24	d	379	385	389	393	397	400	403	407	411	413	418	421	425	431	/
3A_SB	25	a	387	393	396	400	403	405	407	411	415	417	422	426	430	437	440
3A_SB	25	d	388	394	397	401	404	406	408	412	416	418	424	428	432	438	/
3A_SB	26	a	398	403	406	410	413	415	417	421	425	427	432	435	439	445	448
3A_SB	26	d	399	404	407	411	414	416	418	422	426	428	433	436	440	446	/
3A_SB	27	a	411	416	420	424	427	430	433	436	440	443	447	450	453	461	465
3A_SB	27	d	412	417	421	425	428	431	434	438	441	444	448	451	454	463	/
3A_SB	28	a	418	423	427	432	436	440	444	449	454	456	460	463	466	473	476
3A_SB	28	d	419	425	429	434	438	442	446	451	455	457	461	464	467	474	/
3A_SB	29	a	438	444	448	452	455	457	461	464	468	470	474	477	480	486	490
3A_SB	29	d	439	445	449	453	456	459	462	466	469	471	475	478	481	487	/
3A_SB	30	a	459	464	469	473	476	478	480	483	486	488	493	496	499	505	508
3A_SB	30	d	460	466	470	474	477	479	481	484	487	489	494	497	500	506	/
3A_SB	31	a	477	483	487	490	493	496	498	502	505	507	512	516	519	525	529
3A_SB	31	d	478	485	488	491	494	497	499	503	506	508	513	517	521	526	/
3A_SB	32	a	482	488	492	495	499	502	504	508	511	513	518	523	527	534	539
3A_SB	32	d	483	490	493	496	500	503	505	509	512	514	520	525	529	536	/
3A_SB	33	a	488	494	499	503	507	510	513	517	521	523	528	532	535	542	545
3A_SB	33	d	489	496	500	504	508	511	514	518	522	524	529	533	537	543	/
3A_SB	34	a	504	510	515	519	523	525	527	531	536	538	543	546	549	554	557
3A_SB	34	d	505	512	516	521	524	526	529	533	537	539	544	547	550	555	/
3A_SB	35	a	512	517	522	526	531	534	537	540	545	547	553	556	560	566	569
3A_SB	35	d	513	519	523	528	532	536	538	542	546	548	554	557	561	567	/
3A_SB	36	a	526	531	536	541	545	547	551	554	559	562	567	571	574	579	582
3A_SB	36	d	527	533	538	543	546	549	552	556	560	563	568	572	575	580	/
3A_SB	37	a	537	542	547	550	553	555	557	561	565	568	573	577	580	585	590
3A_SB	37	d	538	544	548	551	554	556	558	562	566	569	574	578	581	587	/
3A_SB	38	a	544	549	553	556	560	563	565	569	573	576	583	587	590	596	600
3A_SB	38	d	545	550	554	558	562	564	566	570	575	578	585	588	591	597	/
3A_SB	39	a	554	559	562	566	569	571	573	577	582	585	590	594	598	604	608
3A_SB	39	d	555	560	563	567	570	572	574	579	584	587	592	596	599	605	/
3A_SB	40	a	562	567	571	575	580	583	585	590	594	597	601	604	607	613	617
3A_SB	40	d	563	569	572	577	582	584	587	591	596	598	602	605	609	614	/
3A_SB	41	a	568	573	578	583	587	590	592	596	600	602	607	610	613	618	622
3A_SB	41	d	569	575	580	585	588	591	593	597	601	603	608	611	614	620	/
3A_SB	42	a	578	583	588	592	595	598	600	603	607	609	614	618	621	626	629
3A_SB	42	d	579	585	589	593	596	599	601	604	608	610	615	619	622	627	/
3A_SB	43	a	583	588	593	597	601	605	609	613	618	620	624	628	631	637	641
3A_SB	43	d	584	590	594	599	603	607	611	615	619	621	625	629	632	638	/
3A_SB	44	a	593	598	603	607	610	613	616	619	623	625	629	632	636	642	646
3A_SB	44	d	594	600	604	608	611	614	617	620	624	626	630	634	637	643	/
3A_SB	45	a	598	603	608	612	615	617	621	624	628	630	635	638	641	647	650
3A_SB	45	d	599	605	609	613	616	619	622	625	629	631	636	639	642	648	/
3A_SB	46	a	603	608	613	618	621	623	626	629	633	636	641	644	648	653	656
3A_SB	46	d	604	610	615	619	622	624	627	630	634	637	642	645	649	654	/
3A_SB	47	a	609	614	618	623	626	628	631	634	638	641	646	649	653	658	661
3A_SB	47	d	610	616	620	624	627	629	632	635	639	642	647	650	654	659	/
3A_SB	48	a	635	640	644	649	652	655	659	663	666	670	675	678	681	688	691
3A_SB	48	d	636	642	646	650	654	657	660	664	668	671	676	679	682	689	/
3A_SB	49	a	665	670	675	679	682	685	689	693	697	699	704	707	710	716	719
3A_SB	49	d	666	672	676	680	684	687	690	694	698	700	705	708	711	717	/
3A_SB	50	a	695	701	704	709	712	715	718	722	726	729	733	736	739	745	748
3A_SB	50	d	696	702	706	710	713	717	720	723	727	730	734	737	740	746	/
3A_SB	51	a	725	730	734	738	742	744	746	751	755	757	762	765	769	775	778
3A_SB	51	d	726	732	736	740	743	745	748	752	756	758	763	766	770	776	/
3A_SB	52	a	754	760	764	768	772	774	776	781	785	787	791	795	798	804	808
3A_SB	52	d	755	761	765	770	773	775	778	782	786	788	792	796	799	805	/
3A_SB	53	a	784	790	794	798	802	804	807	810	814	816	821	824	827	833	837
3A_SB	53	d	785	791	795	800	803	805	808	811	815	817	822	825	829	835	/
3A_SB	54	a	803	808	813	817	821	824	827	832	837	840	845	849	853	860	864
3A_SB	54	d	804	810	814	819	823	826	829	834	839	842	847	851	855	862	/
3A_SB	55	a	833	838	843	846	851	854	857	861	865	868	874	877	880	887	890
3A_SB	55	d	834	840	844	848	853	856	859	863	867	870	875	878	881	888	/
3A_SB	56	a	863	868	873	877	881	884	887	890	894	896	901	904	907	913	916
3A_SB	56	d	864	870	874	878	882	885	888	891	895	897	902	905	908	914	/
3A_SB	57	a	868	873	878	883	887	889	892	895	899	901	906	909	912	918	922
3A_SB	57	d	869	875	880	885	888	890	893	896	900	902	907	910	913	919	/
3A_SB	58	a	878	883	887	891	894	896	899	902	906	908	913	916	919	925	929
3A_SB	58	d	879	885	888	892	895	897	900	903	907	909	914	917	920	926	/
3A_SB	59	a	883	888	892	896	899	901	904	907	911	913	920	924	927	933	937
3A_SB	59	d	884	890	893	897	900	902	905	908	912	915	921	925	928	934	/
3A_SB	60	a	899	904	909	913	917	920	922	926	930	933	939	943	947	953	956
3A_SB	60	d	900	906	911	915	918	921	923	927	932	935	941	945	948	954	/
3A_SB	61	a	908	913	917	921	924	927	929	932	936	938	944	948	952	958	961
3A_SB	61	d	909	915	918	922	925	928	930	933	937	940	946	950	953	959	/
3A_SB	62	a	913	918	922	926	929	932	935	938	942	944	949	953	957	963	967
3A_SB	62	d	914	920	923	927	930	933	936	939	943	946	951	955	958	964	/
3A_SB	63	a	919	924	928	933	936	939	942	945	949	952	956	959	962	968	972
3A_SB	63	d	920	926	930	934	937	940	943	946	950	953	957	960	963	969	/
3A_SB	64	a	924	929	934	938	941	944	946	950	954	957	961	964	967	973	977
3A_SB	64	d	925	931	935	939	942	945	948	951	955	958	962	965	968	974	/
3A_NB	1	a	26	30	35	39	44	49	54	59	62	67	72	77	81	85	91	96	99
3A_NB	1	d	27	32	37	41	46	51	56	61	64	69	74	79	83	87	93	97	/
3A_NB	2	a	42	46	51	55	58	62	67	71	74	80	83	87	91	94	99	104	108
3A_NB	2	d	43	48	53	56	60	64	69	73	76	81	84	89	93	96	101	105	/
3A_NB	3	a	54	58	62	66	71	75	80	85	89	94	97	101	104	107	112	115	119
3A_NB	3	d	55	59	64	68	73	77	82	87	91	95	98	102	105	108	113	116	/
3A_NB	4	a	77	80	84	89	93	96	100	103	105	110	114	117	121	123	128	132	135
3A_NB	4	d	78	82	86	91	94	97	101	104	107	111	115	118	122	124	129	133	/
3A_NB	5	a	84	87	91	96	100	103	108	113	117	122	126	130	133	135	140	143	147
3A_NB	5	d	85	89	93	98	101	105	110	115	119	123	127	131	134	136	141	144	/
3A_NB	6	a	89	92	96	101	105	109	114	119	122	127	131	136	141	145	151	155	159
3A_NB	6	d	90	94	98	103	107	111	116	121	124	128	133	138	143	147	153	156	/
3A_NB	7	a	97	100	104	108	112	115	120	125	128	133	137	142	147	151	156	160	164
3A_NB	7	d	98	102	106	110	113	117	122	127	130	134	139	144	149	153	158	161	/
3A_NB	8	a	118	121	126	130	133	137	141	144	146	150	154	158	161	163	167	172	177
3A_NB	8	d	119	123	128	131	135	138	142	145	147	151	155	159	162	164	169	174	/
3A_NB	9	a	146	149	154	157	160	164	168	172	175	180	183	186	190	193	198	201	204
3A_NB	9	d	147	151	155	158	162	165	169	174	177	181	184	187	191	194	199	202	/
3A_NB	10	a	153	157	161	164	168	171	176	181	184	189	192	196	200	202	208	213	216
3A_NB	10	d	154	158	162	166	169	173	178	182	185	190	194	197	201	204	210	214	/
3A_NB	11	a	165	168	172	175	178	181	184	187	190	195	198	201	205	207	213	218	221
3A_NB	11	d	166	169	173	176	179	182	185	188	191	196	199	202	206	209	215	219	/
3A_NB	12	a	175	178	182	186	191	195	200	204	207	212	216	220	223	225	229	232	236
3A_NB	12	d	176	179	184	188	193	197	201	206	209	213	217	221	224	226	230	233	/
3A_NB	13	a	201	205	208	212	216	221	225	230	233	238	241	245	248	251	255	258	262
3A_NB	13	d	202	206	210	214	218	223	227	232	235	239	242	246	249	252	256	259	/
3A_NB	14	a	221	224	229	233	237	241	244	247	250	255	259	264	268	272	276	280	284
3A_NB	14	d	222	226	231	235	238	242	245	248	251	257	261	266	270	273	278	281	/
3A_NB	15	a	240	244	247	250	253	256	260	264	267	272	276	280	284	287	291	294	297
3A_NB	15	d	241	245	248	251	254	257	261	266	269	273	277	281	285	288	292	295	/
3A_NB	16	a	263	267	271	275	279	283	288	293	297	302	306	309	313	316	320	324	328
3A_NB	16	d	264	269	273	277	281	285	290	295	299	303	307	310	314	317	321	325	/
3A_NB	17	a	268	272	276	280	284	289	293	298	302	308	312	315	318	321	326	331	335
3A_NB	17	d	269	274	278	282	286	290	295	300	304	309	313	316	319	323	328	332	/
3A_NB	18	a	288	292	296	300	304	308	312	316	318	322	326	329	332	335	339	343	347
3A_NB	18	d	289	294	298	302	305	309	313	317	319	323	327	330	333	336	340	344	/
3A_NB	19	a	294	298	301	306	310	315	319	323	325	329	333	336	339	343	349	353	356
3A_NB	19	d	295	299	303	308	312	317	321	324	326	330	334	337	341	345	350	354	/
3A_NB	20	a	318	322	326	330	334	338	342	345	347	351	354	358	361	363	368	372	375
3A_NB	20	d	319	324	328	332	336	340	343	346	348	352	355	359	362	364	369	373	/
3A_NB	21	a	328	332	336	340	344	349	353	357	360	365	369	373	376	379	383	387	390
3A_NB	21	d	329	334	338	342	346	351	355	359	362	366	370	374	377	380	384	388	/
3A_NB	22	a	334	338	342	346	350	354	358	362	366	370	374	379	383	387	392	397	401
3A_NB	22	d	335	340	344	348	351	356	360	364	367	371	376	380	385	389	394	398	/
3A_NB	23	a	341	345	349	353	357	362	366	370	374	379	382	386	390	393	398	402	407
3A_NB	23	d	342	347	351	355	359	364	368	372	376	380	383	387	391	395	399	404	/
3A_NB	24	a	358	361	365	368	372	375	379	384	388	394	397	401	405	407	411	414	418
3A_NB	24	d	359	363	366	370	373	377	381	386	390	395	398	402	406	408	412	416	/
3A_NB	25	a	384	387	391	394	398	402	407	411	414	419	422	426	429	433	437	442	445
3A_NB	25	d	385	389	392	395	400	404	408	412	415	420	423	427	431	434	439	443	/
3A_NB	26	a	389	393	396	399	403	407	411	416	420	426	429	433	436	438	443	447	450
3A_NB	26	d	390	394	397	400	405	409	413	418	422	427	430	434	437	439	444	448	/
3A_NB	27	a	394	398	401	405	409	413	417	422	426	431	434	438	442	445	450	454	458
3A_NB	27	d	395	399	403	407	411	415	419	424	427	432	435	439	444	446	451	456	/
3A_NB	28	a	405	409	412	415	418	423	428	432	436	442	446	450	454	456	460	464	468
3A_NB	28	d	406	410	413	416	420	425	429	434	438	443	447	451	455	457	461	465	/
3A_NB	29	a	417	421	425	429	433	437	440	445	449	454	457	460	464	466	471	476	480
3A_NB	29	d	418	423	427	430	434	438	442	447	451	455	458	461	465	467	473	477	/
3A_NB	30	a	431	435	440	444	448	453	456	461	464	469	472	475	479	481	485	489	494
3A_NB	30	d	432	437	442	445	450	454	458	463	466	470	473	476	480	482	486	491	/
3A_NB	31	a	437	441	446	450	454	459	462	467	471	476	479	483	487	489	493	497	501
3A_NB	31	d	438	443	448	452	456	460	464	469	473	477	480	484	488	490	494	498	/
3A_NB	32	a	448	452	457	461	465	470	474	478	482	487	491	495	498	501	506	510	513
3A_NB	32	d	449	454	458	463	467	472	476	480	484	488	492	496	499	502	507	511	/
3A_NB	33	a	459	463	467	470	474	479	482	485	488	492	496	500	503	506	511	514	518
3A_NB	33	d	460	464	468	472	476	480	483	486	489	493	497	501	504	507	512	516	/
3A_NB	34	a	469	473	476	479	484	487	490	493	496	501	505	509	512	515	521	525	530
3A_NB	34	d	470	474	477	481	485	488	491	494	498	502	506	510	514	517	523	527	/
3A_NB	35	a	478	482	486	490	494	497	500	504	508	512	516	520	523	525	529	533	537
3A_NB	35	d	479	484	487	491	495	498	501	506	509	513	517	521	524	526	530	534	/
3A_NB	36	a	490	493	497	501	506	510	514	519	523	528	532	536	539	542	546	550	553
3A_NB	36	d	491	495	499	503	508	512	516	521	525	529	533	537	540	543	547	551	/
3A_NB	37	a	501	504	508	513	516	519	522	527	531	536	540	543	546	549	553	557	561
3A_NB	37	d	502	506	510	514	517	520	524	529	533	537	541	544	547	550	554	558	/
3A_NB	38	a	509	513	517	522	526	530	533	537	541	545	549	552	555	557	562	566	570
3A_NB	38	d	510	515	519	524	527	531	534	539	542	546	550	553	556	558	563	567	/
3A_NB	39	a	521	525	529	534	538	542	546	550	553	558	561	565	569	572	577	580	585
3A_NB	39	d	522	526	531	536	539	544	548	552	555	559	562	566	570	573	578	582	/
3A_NB	40	a	529	533	538	543	547	550	553	557	561	566	569	573	577	580	585	590	595
3A_NB	40	d	530	535	540	545	548	551	555	559	563	567	570	574	578	581	587	592	/
3A_NB	41	a	537	541	546	551	554	557	561	564	567	571	574	578	583	586	591	596	601
3A_NB	41	d	538	543	548	552	555	559	562	565	568	572	575	580	584	588	593	598	/
3A_NB	42	a	557	561	564	568	571	575	578	581	583	587	591	596	601	604	610	615	619
3A_NB	42	d	558	562	566	569	572	576	579	582	584	589	593	598	603	606	612	616	/
3A_NB	43	a	562	566	570	573	576	580	583	586	589	594	597	602	606	609	615	620	624
3A_NB	43	d	563	568	571	574	577	581	584	587	590	595	599	604	608	611	617	621	/
3A_NB	44	a	567	571	576	580	584	589	594	598	602	606	609	613	616	619	624	628	632
3A_NB	44	d	568	573	578	582	586	591	596	600	603	607	610	614	617	620	625	629	/
3A_NB	45	a	594	598	603	607	610	613	616	619	623	628	632	636	640	643	648	652	655
3A_NB	45	d	595	600	604	608	611	614	617	621	625	630	633	638	642	645	649	653	/
3A_NB	46	a	612	615	620	624	628	633	636	639	641	645	650	655	660	663	668	673	678
3A_NB	46	d	613	617	622	626	630	634	637	640	642	647	652	657	662	665	670	675	/
3A_NB	47	a	628	631	635	639	644	648	651	654	658	664	667	671	676	679	684	689	693
3A_NB	47	d	629	633	637	641	645	649	652	656	660	665	669	673	677	681	686	690	/
3A_NB	48	a	658	661	666	669	673	677	680	685	688	692	696	701	705	709	714	719	723
3A_NB	48	d	659	663	667	671	675	678	682	686	689	693	698	703	707	711	716	720	/
3A_NB	49	a	688	692	695	699	703	707	710	714	718	722	725	730	735	738	744	749	753
3A_NB	49	d	689	693	697	701	705	708	712	716	719	723	727	732	736	740	746	750	/
3A_NB	50	a	718	722	725	729	734	737	740	745	747	751	756	760	764	768	774	778	782
3A_NB	50	d	719	723	727	731	735	738	742	746	748	753	757	762	766	770	776	780	/
3A_NB	51	a	748	751	755	759	763	767	771	774	777	781	785	789	793	795	800	804	808
3A_NB	51	d	749	753	757	761	765	768	772	775	778	782	786	790	794	796	801	805	/
3A_NB	52	a	753	756	760	764	769	772	776	779	782	787	791	795	799	802	808	812	817
3A_NB	52	d	754	758	762	766	770	773	777	780	783	788	792	797	801	804	810	813	/
3A_NB	53	a	758	761	765	770	774	777	781	784	787	793	798	801	804	807	813	817	823
3A_NB	53	d	759	763	767	771	775	778	782	785	789	795	799	802	806	809	815	819	/
3A_NB	54	a	763	766	770	775	779	782	786	789	793	798	803	806	809	812	818	822	828
3A_NB	54	d	764	768	772	776	780	783	787	791	795	800	804	807	811	814	820	824	/
3A_NB	55	a	790	793	798	802	805	808	812	815	818	823	828	832	836	838	842	846	850
3A_NB	55	d	791	795	799	803	806	809	813	816	820	825	829	833	837	839	843	847	/
3A_NB	56	a	819	823	828	831	835	838	842	845	848	852	855	859	863	865	869	872	876
3A_NB	56	d	820	825	829	832	836	839	843	846	849	853	856	860	864	866	870	873	/
3A_NB	57	a	841	845	849	853	857	860	864	867	869	873	877	881	885	888	893	898	903
3A_NB	57	d	842	847	851	855	858	861	865	868	870	874	878	882	887	890	895	900	/
3A_NB	58	a	848	852	856	860	864	868	872	876	878	883	887	891	895	898	903	906	910
3A_NB	58	d	849	854	858	862	866	870	873	877	880	885	888	892	897	900	904	907	/
3A_NB	59	a	864	867	871	874	878	882	885	888	890	895	898	903	907	909	913	916	921
3A_NB	59	d	865	868	872	875	879	883	886	889	892	896	900	904	908	910	914	918	/
3A_NB	60	a	894	897	900	904	907	910	914	918	921	925	928	933	937	939	943	946	951
3A_NB	60	d	895	898	902	905	908	912	916	919	922	926	930	934	938	940	944	948	/
3A_NB	61	a	924	927	931	934	937	941	945	948	951	955	959	962	966	969	973	977	980
3A_NB	61	d	925	928	932	935	938	942	946	949	952	956	960	963	967	970	974	978	/
3A_NB	62	a	954	957	960	963	967	971	974	977	980	984	988	991	995	997	1001	1005	1008
3A_NB	62	d	955	958	961	964	968	972	975	978	981	985	989	992	996	998	1002	1006	/
3A_NB	63	a	970	974	977	980	983	987	991	994	996	1001	1004	1008	1011	1013	1018	1021	1025
3A_NB	63	d	971	975	978	981	984	988	992	995	997	1002	1005	1009	1012	1014	1019	1022	/
3A_NB	64	a	986	989	993	996	1000	1003	1006	1009	1012	1017	1021	1025	1029	1031	1035	1038	1042
3A_NB	64	d	987	990	994	997	1001	1004	1007	1010	1013	1018	1022	1026	1030	1032	1036	1039	/
