RouteID	RunID	Arrivals/Departures	TimePerStop
1A_SB	1	a	9	15	23	27	31	36	43	47	53	56	60	70	75	78
1A_SB	1	d	10	16	24	29	33	38	45	48	54	58	61	71	76	/
1A_SB	2	a	37	43	52	56	60	64	70	74	81	84	88	99	104	108
1A_SB	2	d	38	45	54	58	62	66	71	76	82	85	89	101	106	/
1A_SB	3	a	59	65	74	78	82	86	91	95	101	105	109	119	125	129
1A_SB	3	d	60	66	76	80	84	87	92	96	103	106	111	121	126	/
1A_SB	4	a	70	77	87	90	95	100	106	110	116	119	123	131	136	140
1A_SB	4	d	72	79	88	92	97	102	108	112	117	120	124	132	138	/
1A_SB	5	a	95	103	113	116	120	124	128	132	139	143	148	155	161	164
1A_SB	5	d	97	104	114	117	121	125	130	134	141	145	149	156	162	/
1A_SB	6	a	104	110	119	122	125	130	134	138	145	149	153	161	167	172
1A_SB	6	d	106	111	120	123	127	131	135	140	147	151	154	162	169	/
1A_SB	7	a	113	119	129	132	135	138	142	147	154	159	162	171	178	183
1A_SB	7	d	115	120	130	133	136	139	144	149	156	160	164	173	180	/
1A_SB	8	a	118	125	135	139	143	146	150	154	160	164	168	178	184	189
1A_SB	8	d	120	126	136	141	144	147	151	156	161	165	169	179	186	/
1A_SB	9	a	131	137	147	151	155	158	165	169	176	179	183	193	200	203
1A_SB	9	d	132	139	148	152	156	160	166	170	177	180	185	195	201	/
1A_SB	10	a	141	147	156	160	165	168	175	180	187	192	196	205	211	214
1A_SB	10	d	143	148	158	162	166	170	177	182	189	193	197	206	212	/
1A_SB	11	a	167	175	184	187	190	194	200	204	210	213	216	224	228	231
1A_SB	11	d	169	176	185	188	191	195	201	205	211	214	217	225	229	/
1A_SB	12	a	176	184	195	199	203	207	214	219	225	229	234	242	247	251
1A_SB	12	d	178	186	197	201	204	209	216	221	227	231	235	243	249	/
1A_SB	13	a	185	192	203	207	211	215	221	225	231	234	239	248	253	256
1A_SB	13	d	187	194	205	209	212	216	222	226	232	236	240	249	254	/
1A_SB	14	a	192	199	208	212	216	220	227	231	238	241	245	255	261	265
1A_SB	14	d	194	201	210	214	217	222	229	233	239	243	247	257	262	/
1A_SB	15	a	215	222	232	236	240	243	248	252	258	262	266	275	281	285
1A_SB	15	d	217	223	233	237	241	244	249	253	259	264	267	277	282	/
1A_SB	16	a	226	233	242	245	248	251	256	260	266	271	275	283	288	292
1A_SB	16	d	228	235	243	246	249	252	258	262	268	273	276	284	289	/
1A_SB	17	a	233	240	248	251	254	258	263	266	272	277	280	288	293	297
1A_SB	17	d	235	241	249	252	255	259	264	268	274	278	281	289	294	/
1A_SB	18	a	239	246	255	259	263	267	272	275	282	287	291	301	306	310
1A_SB	18	d	241	248	257	261	264	268	273	276	284	289	293	302	307	/
1A_SB	19	a	246	253	264	267	270	274	279	283	291	295	299	307	313	317
1A_SB	19	d	248	255	265	268	271	275	281	285	293	297	300	309	314	/
1A_SB	20	a	252	258	269	272	275	279	284	288	296	300	304	313	320	324
1A_SB	20	d	253	260	270	273	276	280	286	290	298	302	306	315	321	/
1A_SB	21	a	257	264	274	277	280	284	290	294	302	306	310	319	326	330
1A_SB	21	d	258	265	275	278	281	285	292	296	303	308	312	321	327	/
1A_SB	22	a	266	273	281	285	289	293	299	303	309	313	317	326	333	337
1A_SB	22	d	267	275	283	287	291	294	301	304	310	315	319	328	335	/
1A_SB	23	a	288	294	302	305	308	311	317	320	325	328	331	341	347	351
1A_SB	23	d	289	295	303	306	309	312	318	321	326	329	332	342	349	/
1A_SB	24	a	292	299	307	310	313	316	323	326	331	334	337	348	356	359
1A_SB	24	d	294	301	308	311	314	317	324	327	332	335	339	350	357	/
1A_SB	25	a	297	304	312	316	321	325	333	336	342	346	350	359	365	368
1A_SB	25	d	299	306	314	318	323	327	334	338	344	347	351	360	366	/
1A_SB	26	a	310	317	326	331	336	340	347	351	357	362	365	373	379	383
1A_SB	26	d	312	319	328	333	338	342	348	353	359	363	366	374	380	/
1A_SB	27	a	341	346	355	360	364	368	375	379	385	390	394	402	406	411
1A_SB	27	d	342	348	357	362	366	370	376	381	387	392	395	403	408	/
1A_SB	28	a	369	374	385	389	393	397	404	407	413	416	419	430	437	441
1A_SB	28	d	370	376	386	390	395	399	405	408	414	417	421	432	438	/
1A_SB	29	a	397	403	412	416	420	423	430	434	442	445	449	457	463	467
1A_SB	29	d	398	405	414	418	421	425	432	436	443	446	450	458	464	/
1A_SB	30	a	427	433	443	447	450	453	460	464	470	473	478	486	491	494
1A_SB	30	d	428	435	444	448	451	455	462	466	471	475	479	487	492	/
1A_SB	31	a	457	463	471	475	480	484	489	493	499	503	507	516	521	524
1A_SB	31	d	458	464	473	477	481	485	491	495	500	504	508	517	522	/
1A_SB	32	a	486	493	502	506	509	513	518	521	526	529	532	542	548	551
1A_SB	32	d	487	494	503	507	510	514	519	522	527	530	533	543	549	/
1A_NB	1	a	4	9	14	22	28	31	36	39	45	48	52	55	62	67
1A_NB	1	d	5	10	15	23	29	32	37	40	46	49	53	56	63	/
1A_NB	2	a	9	14	19	27	33	36	41	44	51	54	58	61	68	73
1A_NB	2	d	10	15	20	28	34	37	42	45	52	55	59	62	69	/
1A_NB	3	a	14	18	24	32	38	41	46	50	57	60	64	67	74	78
1A_NB	3	d	15	20	25	33	39	42	47	51	58	61	65	68	75	/
1A_NB	4	a	22	26	31	39	45	49	55	59	65	69	73	76	82	87
1A_NB	4	d	23	27	32	40	47	50	56	60	66	70	74	77	84	/
1A_NB	5	a	48	52	58	65	72	76	82	87	93	97	101	104	111	116
1A_NB	5	d	49	53	59	67	74	78	84	88	94	98	102	105	112	/
1A_NB	6	a	71	76	81	90	97	102	108	112	118	122	126	130	137	142
1A_NB	6	d	73	77	83	92	99	104	109	113	119	124	128	131	138	/
1A_NB	7	a	100	105	111	118	124	127	132	136	141	146	151	154	164	169
1A_NB	7	d	102	107	112	120	125	128	134	137	143	148	152	155	165	/
1A_NB	8	a	118	123	128	136	142	145	150	154	160	163	168	171	179	185
1A_NB	8	d	120	124	129	137	143	146	151	155	161	165	169	172	180	/
1A_NB	9	a	132	137	144	150	157	161	168	173	179	182	186	189	197	203
1A_NB	9	d	134	139	145	151	159	163	170	174	180	183	187	190	198	/
1A_NB	10	a	143	148	154	163	169	172	177	181	188	191	195	198	205	212
1A_NB	10	d	145	149	156	165	170	173	178	182	189	192	196	199	207	/
1A_NB	11	a	163	169	174	180	187	192	197	201	207	210	213	217	226	234
1A_NB	11	d	165	170	175	182	189	193	198	202	208	211	214	218	228	/
1A_NB	12	a	170	175	180	186	192	197	203	207	213	217	220	224	232	240
1A_NB	12	d	171	176	181	187	194	198	204	208	214	218	221	225	234	/
1A_NB	13	a	175	180	185	191	197	201	208	213	219	223	226	229	237	245
1A_NB	13	d	176	181	186	192	199	203	210	214	220	224	227	230	239	/
1A_NB	14	a	184	189	194	202	207	210	215	219	225	230	233	236	244	250
1A_NB	14	d	185	190	196	203	208	211	216	220	227	231	234	237	246	/
1A_NB	15	a	189	194	200	207	212	215	220	224	231	235	238	241	249	255
1A_NB	15	d	190	195	201	208	213	216	221	225	232	236	239	243	251	/
1A_NB	16	a	195	199	205	213	219	222	227	231	238	242	245	248	255	260
1A_NB	16	d	196	200	207	214	220	223	228	232	239	243	246	249	256	/
1A_NB	17	a	200	204	210	218	224	228	232	236	243	247	250	253	260	265
1A_NB	17	d	201	205	212	219	226	229	233	237	244	248	251	254	261	/
1A_NB	18	a	207	211	216	223	229	233	237	241	248	252	255	258	264	270
1A_NB	18	d	208	212	217	224	231	234	238	242	249	253	256	259	266	/
1A_NB	19	a	213	217	222	229	235	238	242	246	253	257	260	263	269	276
1A_NB	19	d	214	218	223	230	236	239	243	247	254	258	261	264	271	/
1A_NB	20	a	218	222	227	234	240	244	249	253	260	264	267	271	277	284
1A_NB	20	d	219	223	229	235	241	245	250	254	261	265	269	272	279	/
1A_NB	21	a	240	245	250	256	261	265	270	273	279	284	288	291	298	304
1A_NB	21	d	242	246	251	257	262	266	271	274	281	285	289	292	299	/
1A_NB	22	a	263	268	275	284	290	293	298	302	309	312	315	318	324	329
1A_NB	22	d	265	270	277	285	291	294	299	303	310	313	316	319	325	/
1A_NB	23	a	270	276	282	290	296	299	304	307	314	317	321	324	331	337
1A_NB	23	d	272	277	283	291	297	300	305	308	315	318	322	326	333	/
1A_NB	24	a	286	292	298	306	311	314	320	324	330	334	339	343	353	358
1A_NB	24	d	288	294	300	307	312	315	322	326	332	336	341	345	354	/
1A_NB	25	a	298	303	309	317	323	326	332	337	342	345	348	352	362	368
1A_NB	25	d	300	305	311	318	324	327	334	338	343	346	350	354	363	/
1A_NB	26	a	329	334	339	347	352	355	362	366	372	375	379	383	390	395
1A_NB	26	d	330	335	341	348	353	357	363	367	373	376	380	384	391	/
1A_NB	27	a	359	363	369	377	382	386	391	395	402	405	408	412	420	424
1A_NB	27	d	360	365	371	378	383	387	392	396	403	406	409	413	421	/
1A_NB	28	a	387	391	397	404	409	412	419	424	431	434	438	441	449	456
1A_NB	28	d	388	392	398	405	410	414	421	426	432	435	439	443	451	/
1A_NB	29	a	395	400	406	414	420	424	431	435	440	443	447	450	458	464
1A_NB	29	d	396	401	408	416	422	426	432	436	441	444	448	452	459	/
1A_NB	30	a	425	430	435	443	449	454	459	463	469	473	477	481	487	492
1A_NB	30	d	426	431	437	444	451	456	461	465	470	474	478	482	488	/
1A_NB	31	a	455	459	465	472	478	482	489	493	499	502	505	508	515	521
1A_NB	31	d	456	461	467	474	480	484	491	495	500	503	506	510	516	/
1A_NB	32	a	480	484	491	498	503	508	513	518	523	526	530	533	541	548
1A_NB	32	d	481	486	492	499	505	510	515	519	524	528	531	535	542	/
2A_NB	1	a	9	12	18	23	25	29	34	37	40	50	57	61	63	66	70	73	76	78	82	86	90	93	97	103
2A_NB	1	d	10	14	19	24	26	30	35	38	41	52	59	62	64	67	71	74	77	79	83	87	91	94	98	/
2A_NB	2	a	39	43	47	52	54	57	63	67	70	81	86	89	92	95	98	101	104	106	110	114	118	122	125	132
2A_NB	2	d	40	44	48	53	55	58	64	68	71	82	87	90	93	96	99	102	105	107	111	115	119	123	126	/
2A_NB	3	a	69	72	75	81	83	86	91	94	97	106	111	113	115	119	122	125	128	130	134	138	142	145	148	156
2A_NB	3	d	70	73	76	82	84	87	92	95	98	107	112	114	116	120	123	126	129	131	135	139	143	146	149	/
2A_NB	4	a	73	78	82	88	90	93	98	101	104	113	118	120	122	125	128	131	134	136	140	144	148	151	154	163
2A_NB	4	d	75	79	83	89	91	94	99	102	105	114	119	121	123	126	129	132	135	137	141	145	149	152	155	/
2A_NB	5	a	78	83	87	93	95	98	103	106	109	118	123	126	128	131	134	137	140	142	146	150	154	158	161	170
2A_NB	5	d	80	84	88	94	96	99	104	107	110	119	124	127	129	132	135	138	141	143	147	151	155	159	162	/
2A_NB	6	a	89	92	96	100	102	105	110	114	117	126	132	135	137	140	144	147	150	153	157	161	165	169	172	179
2A_NB	6	d	90	93	97	101	103	106	111	115	118	127	133	136	138	141	145	148	151	154	158	162	166	170	173	/
2A_NB	7	a	94	97	101	105	107	110	115	119	122	130	137	139	142	145	149	151	156	159	163	167	171	175	178	185
2A_NB	7	d	95	98	102	106	108	111	116	120	124	132	138	141	143	146	150	153	157	160	164	168	172	176	179	/
2A_NB	8	a	100	103	108	114	117	121	127	131	135	143	150	153	156	160	163	167	170	173	176	179	183	186	190	198
2A_NB	8	d	101	105	110	116	119	123	129	133	137	145	152	155	158	161	165	168	171	174	177	180	184	187	191	/
2A_NB	9	a	127	131	135	143	145	149	155	158	162	171	179	182	186	190	193	196	200	202	206	209	212	215	219	226
2A_NB	9	d	128	132	137	144	147	150	156	160	164	172	180	184	188	191	194	198	201	203	207	210	213	216	220	/
2A_NB	10	a	155	158	162	169	171	176	182	186	189	197	203	206	209	213	218	220	223	225	229	232	235	238	242	250
2A_NB	10	d	156	159	164	170	173	177	183	187	190	198	204	208	211	215	219	221	224	227	230	233	236	239	243	/
2A_NB	11	a	160	163	167	174	177	181	186	191	195	205	211	214	216	219	223	225	229	231	234	238	241	246	250	259
2A_NB	11	d	161	164	169	176	178	182	188	193	197	206	212	215	217	220	224	226	230	232	236	239	243	248	252	/
2A_NB	12	a	165	168	172	179	182	186	192	197	202	211	218	221	223	226	231	234	238	240	244	248	252	256	259	267
2A_NB	12	d	166	169	174	181	184	188	194	199	203	212	219	222	224	228	232	235	239	241	245	249	253	257	260	/
2A_NB	13	a	179	182	187	194	197	201	207	213	216	225	231	233	235	238	242	245	248	250	254	258	262	265	268	276
2A_NB	13	d	180	184	189	196	199	203	209	214	217	226	232	234	236	239	243	246	249	251	255	259	263	266	269	/
2A_NB	14	a	186	189	193	200	202	206	212	217	221	230	236	238	240	245	250	253	256	258	261	265	269	273	277	285
2A_NB	14	d	187	190	195	201	204	208	214	219	222	231	237	239	242	247	251	254	257	259	262	266	270	275	279	/
2A_NB	15	a	190	194	199	205	207	211	217	222	226	235	242	244	247	251	255	258	263	265	268	272	276	280	283	290
2A_NB	15	d	192	196	200	206	209	213	219	224	227	237	243	245	248	252	256	260	264	266	269	273	277	281	284	/
2A_NB	16	a	196	199	204	210	213	217	222	227	232	241	248	250	253	257	261	264	268	270	273	276	281	285	289	296
2A_NB	16	d	197	201	205	211	214	218	224	229	233	242	249	251	254	258	262	265	269	271	274	278	282	286	290	/
2A_NB	17	a	224	227	231	236	238	243	249	253	258	267	273	276	279	282	286	289	293	295	299	303	306	310	313	320
2A_NB	17	d	225	228	232	237	240	244	250	255	259	268	274	277	280	283	287	290	294	296	300	304	307	311	314	/
2A_NB	18	a	254	257	261	266	269	273	278	283	286	296	303	305	308	312	315	317	320	323	327	331	335	339	342	349
2A_NB	18	d	255	258	262	267	270	274	280	284	288	297	304	306	309	313	316	318	321	324	328	332	336	340	343	/
2A_NB	19	a	282	286	290	295	298	302	309	313	317	325	331	334	337	340	343	346	349	351	355	359	362	365	368	376
2A_NB	19	d	283	287	291	297	300	304	310	314	318	326	332	335	338	341	344	347	350	352	356	360	363	366	369	/
2A_NB	20	a	312	316	320	326	329	333	338	341	345	353	360	362	364	368	372	374	377	379	383	386	389	392	395	402
2A_NB	20	d	313	317	321	327	330	334	339	342	346	354	361	363	365	369	373	375	378	380	384	387	390	393	397	/
2A_NB	21	a	342	346	350	355	357	360	365	368	372	382	388	390	392	396	399	402	405	407	411	415	419	422	426	433
2A_NB	21	d	343	347	351	356	358	361	366	369	373	383	389	391	393	397	400	403	406	408	412	416	420	423	427	/
2A_NB	22	a	360	364	367	373	376	379	385	388	391	402	408	410	412	415	418	421	425	427	430	434	438	441	444	451
2A_NB	22	d	361	365	368	374	377	380	386	389	392	403	409	411	413	416	419	422	426	428	431	435	439	442	445	/
2A_NB	23	a	365	369	372	378	381	384	390	394	397	408	415	417	419	422	425	428	432	434	437	440	444	447	450	457
2A_NB	23	d	366	370	373	380	382	385	391	395	398	409	416	418	420	423	426	429	433	435	438	441	445	448	451	/
2A_NB	24	a	370	374	378	385	387	390	397	401	404	413	420	423	425	428	431	434	437	440	443	446	450	453	456	463
2A_NB	24	d	371	375	379	386	388	391	398	402	405	414	421	424	426	429	432	435	438	441	444	447	451	454	457	/
2A_NB	25	a	375	379	383	390	392	395	402	406	410	419	424	428	430	433	436	438	442	445	448	451	454	458	461	468
2A_NB	25	d	376	380	384	391	393	396	403	407	411	420	426	429	431	434	437	440	443	446	449	452	456	459	462	/
2A_NB	26	a	380	384	388	395	397	400	407	411	415	424	429	433	435	438	442	444	447	450	454	457	460	463	466	474
2A_NB	26	d	381	385	389	396	398	401	408	412	416	425	431	434	436	439	443	445	448	451	455	458	461	464	467	/
2A_NB	27	a	385	389	393	399	402	405	411	416	420	428	434	438	440	443	447	449	452	454	459	462	465	468	471	479
2A_NB	27	d	386	390	395	401	403	406	413	417	421	430	436	439	441	444	448	450	453	456	460	463	466	469	472	/
2A_NB	28	a	412	415	420	425	428	431	438	441	445	453	461	464	466	470	474	477	481	483	487	490	494	497	500	507
2A_NB	28	d	413	417	421	427	429	433	439	442	446	455	462	465	467	471	475	478	482	484	488	491	495	498	502	/
2A_NB	29	a	442	446	450	455	458	462	468	471	475	484	491	493	495	499	503	506	509	512	516	519	524	527	531	538
2A_NB	29	d	443	447	451	457	459	463	469	472	476	485	492	494	496	500	504	507	510	513	517	521	525	528	532	/
2A_NB	30	a	472	476	480	486	488	492	497	501	504	513	519	522	525	529	533	535	539	542	546	550	553	557	561	568
2A_NB	30	d	473	477	481	487	489	493	498	502	505	514	520	523	526	530	534	536	540	543	547	551	554	558	562	/
2A_NB	31	a	502	506	509	513	516	520	526	530	533	542	548	550	552	555	559	561	565	567	570	573	576	579	582	590
2A_NB	31	d	503	507	510	514	517	521	527	531	534	543	549	551	553	556	560	562	566	568	571	574	577	580	583	/
2A_NB	32	a	515	519	522	526	528	531	537	541	545	554	559	562	564	568	572	575	578	580	583	586	590	594	597	605
2A_NB	32	d	516	520	523	527	529	532	538	542	546	555	560	563	565	569	573	576	579	581	584	587	591	595	598	/
2A_SB	1	a	13	19	24	27	31	35	39	43	48	53	58	61	66	70	74	82	87	91	94	100	102	106	110	114	122
2A_SB	1	d	14	20	25	28	33	37	41	45	50	55	60	63	68	72	75	83	88	92	95	101	103	107	111	115	/
2A_SB	2	a	32	37	42	46	50	53	56	60	65	70	76	79	83	87	91	98	105	109	114	120	122	127	130	134	145
2A_SB	2	d	33	38	44	48	52	54	58	62	67	72	78	80	84	88	92	100	106	111	115	121	123	128	131	135	/
2A_SB	3	a	50	56	62	66	69	73	77	81	85	89	93	95	98	103	107	117	123	126	129	136	139	144	148	151	159
2A_SB	3	d	51	57	64	67	71	75	78	82	86	90	94	96	100	104	109	118	124	127	130	137	141	145	149	152	/
2A_SB	4	a	63	69	76	79	83	86	89	93	97	100	104	106	109	112	116	126	133	137	141	147	150	154	158	162	170
2A_SB	4	d	65	71	77	80	84	87	90	94	98	101	105	107	110	113	118	128	135	139	143	148	151	155	159	163	/
2A_SB	5	a	77	83	89	93	97	99	102	106	110	114	119	122	127	131	135	143	150	153	157	162	164	168	171	174	183
2A_SB	5	d	79	85	91	95	98	100	103	107	111	116	121	124	129	132	136	144	151	155	158	163	165	169	172	175	/
2A_SB	6	a	95	102	107	110	115	117	121	124	127	131	134	136	140	144	148	156	163	166	170	175	178	182	185	189	199
2A_SB	6	d	97	103	108	112	116	119	122	125	128	132	135	137	141	145	149	157	164	167	171	176	180	183	186	191	/
2A_SB	7	a	107	113	119	123	127	130	133	136	139	143	146	148	152	157	162	171	180	184	188	194	197	201	204	208	217
2A_SB	7	d	109	114	120	124	128	131	134	137	140	144	147	150	154	159	163	173	181	185	189	195	198	202	205	209	/
2A_SB	8	a	114	120	128	133	137	140	142	146	150	154	157	160	163	167	170	179	185	189	193	199	202	206	209	213	226
2A_SB	8	d	116	122	130	135	138	141	143	148	151	155	158	161	164	168	171	180	186	190	194	200	203	207	210	215	/
2A_SB	9	a	123	129	137	141	145	149	152	156	160	164	167	169	172	175	178	187	194	198	202	209	212	216	219	223	235
2A_SB	9	d	125	131	139	143	147	151	154	157	161	165	168	170	173	176	179	189	195	199	203	210	213	217	220	224	/
2A_SB	10	a	144	150	155	158	163	165	168	171	174	177	180	183	186	190	195	201	206	210	214	219	222	226	230	233	243
2A_SB	10	d	145	151	156	160	164	166	169	172	175	178	182	184	188	192	196	202	207	211	215	220	223	227	231	234	/
2A_SB	11	a	154	160	165	170	173	175	178	181	185	189	192	194	197	200	204	210	216	219	223	228	230	234	238	241	250
2A_SB	11	d	155	161	167	171	174	176	179	182	186	190	193	195	198	201	205	211	217	220	224	229	231	235	239	242	/
2A_SB	12	a	163	169	176	181	185	189	192	195	198	202	205	208	211	214	218	225	231	235	239	245	247	252	256	259	268
2A_SB	12	d	164	171	178	183	187	190	193	196	199	203	207	209	212	215	219	226	232	236	240	246	248	253	257	260	/
2A_SB	13	a	184	190	195	199	203	206	209	212	215	218	222	224	228	231	235	242	248	252	255	261	263	267	271	275	285
2A_SB	13	d	185	191	196	200	204	207	210	213	216	219	223	225	229	232	236	243	249	253	256	262	264	268	272	276	/
2A_SB	14	a	198	202	208	213	218	220	222	225	228	232	236	239	242	246	249	255	262	267	270	276	278	282	286	290	299
2A_SB	14	d	199	204	210	215	219	221	223	226	229	233	237	240	243	247	250	257	264	268	271	277	279	283	287	291	/
2A_SB	15	a	214	219	224	227	230	232	234	237	240	244	248	250	253	257	260	267	273	276	279	285	287	291	295	299	310
2A_SB	15	d	215	220	225	228	231	233	235	238	241	245	249	251	254	258	261	268	274	277	280	286	288	292	296	300	/
2A_SB	16	a	218	224	230	233	236	238	240	243	246	250	254	256	259	263	266	273	279	282	285	289	292	296	300	303	315
2A_SB	16	d	220	225	231	234	237	239	241	244	247	251	255	257	260	264	267	274	280	283	286	291	293	297	301	305	/
2A_SB	17	a	227	234	240	243	246	248	251	254	257	261	265	267	270	274	278	287	295	299	304	309	311	315	319	322	331
2A_SB	17	d	229	235	241	244	247	249	252	255	258	262	266	268	271	275	280	289	296	301	305	310	312	316	320	323	/
2A_SB	18	a	236	242	247	250	253	255	258	261	264	268	272	274	277	281	285	294	301	304	309	314	317	323	328	331	339
2A_SB	18	d	237	243	248	251	254	256	259	262	265	269	273	275	278	282	286	295	302	306	310	315	319	325	329	332	/
2A_SB	19	a	243	249	254	257	262	264	267	270	273	276	280	282	285	288	291	301	307	310	314	320	323	329	332	336	344
2A_SB	19	d	244	250	255	259	263	265	268	271	274	277	281	283	286	289	293	302	308	311	315	321	325	330	334	337	/
2A_SB	20	a	250	256	261	264	268	270	273	276	279	282	286	288	292	295	298	306	313	316	320	326	329	334	337	341	349
2A_SB	20	d	251	257	262	265	269	272	274	277	280	283	287	289	293	296	300	308	314	317	321	327	331	335	339	342	/
2A_SB	21	a	262	268	275	278	282	284	286	289	292	296	300	302	306	310	313	320	326	329	333	339	342	347	351	354	363
2A_SB	21	d	263	270	276	280	283	285	287	290	293	297	301	303	307	311	314	321	327	330	334	340	344	348	352	355	/
2A_SB	22	a	270	275	281	284	288	291	293	296	299	304	308	310	314	317	320	327	334	338	343	349	353	358	362	367	376
2A_SB	22	d	271	276	282	285	289	292	294	297	301	305	309	311	315	318	322	329	335	340	344	351	355	360	364	368	/
2A_SB	23	a	275	280	286	289	293	296	298	301	305	309	313	315	319	322	325	332	338	343	347	354	358	363	367	372	382
2A_SB	23	d	276	281	287	290	294	297	299	302	306	310	314	316	320	323	327	334	340	345	349	356	360	365	369	374	/
2A_SB	24	a	284	289	296	299	303	306	309	313	317	322	327	330	335	339	343	352	359	363	367	373	376	381	385	389	399
2A_SB	24	d	285	290	297	300	304	308	311	315	319	324	328	332	337	341	345	353	360	364	368	375	378	382	386	390	/
2A_SB	25	a	313	319	325	328	333	336	339	343	348	352	357	359	363	367	371	378	384	388	392	399	401	405	410	415	427
2A_SB	25	d	314	320	326	330	334	337	341	345	349	354	358	361	365	369	373	379	385	389	393	400	402	407	412	417	/
2A_SB	26	a	343	348	354	359	362	364	368	371	375	380	384	386	391	395	398	406	413	417	421	427	431	436	440	444	455
2A_SB	26	d	344	350	356	360	363	366	369	373	377	381	385	388	392	396	400	408	415	418	422	429	432	437	442	445	/
2A_SB	27	a	371	377	385	388	391	395	397	401	406	409	414	417	421	424	429	437	443	447	450	458	461	465	469	472	483
2A_SB	27	d	372	379	386	389	393	396	399	403	407	411	415	418	422	426	430	438	445	448	452	459	462	466	470	473	/
2A_SB	28	a	401	408	414	417	420	424	427	431	435	439	444	446	451	454	458	467	473	477	480	488	490	494	499	502	510
2A_SB	28	d	402	409	415	418	422	425	429	433	437	441	445	448	452	456	460	468	475	478	482	489	492	496	500	503	/
2A_SB	29	a	431	437	443	447	450	453	456	460	465	469	473	477	481	485	489	496	503	507	511	517	520	525	529	532	541
2A_SB	29	d	432	439	444	448	452	455	458	462	466	471	475	478	482	486	490	498	505	508	512	518	522	526	530	533	/
2A_SB	30	a	461	468	473	477	480	483	487	490	494	499	504	506	511	514	518	525	534	537	541	547	550	555	558	561	571
2A_SB	30	d	462	469	474	478	481	485	488	491	496	501	505	508	512	516	519	527	535	538	542	548	552	556	559	563	/
2A_SB	31	a	477	482	487	491	495	497	499	503	507	511	515	518	521	524	528	535	543	546	550	556	559	564	567	570	581
2A_SB	31	d	478	483	488	492	496	498	500	504	508	512	516	519	522	525	529	536	544	547	551	557	560	565	568	571	/
2A_SB	32	a	490	496	503	506	510	512	514	519	522	527	530	533	537	541	545	550	556	560	565	572	575	581	584	587	596
2A_SB	32	d	491	498	504	508	511	513	516	520	524	528	532	534	539	543	546	551	558	561	567	573	577	582	585	588	/
3A_SB	1	a	5	9	14	18	22	25	28	32	36	38	43	46	49	55	58
3A_SB	1	d	6	11	15	20	23	26	29	33	37	40	44	47	51	56	/
3A_SB	2	a	18	23	27	32	36	40	44	49	54	58	64	68	72	80	84
3A_SB	2	d	19	25	29	34	38	42	46	51	56	60	66	70	74	81	/
3A_SB	3	a	44	50	54	58	63	66	70	74	79	81	86	90	93	99	103
3A_SB	3	d	45	51	55	60	64	68	72	76	80	82	87	91	94	100	/
3A_SB	4	a	59	65	69	74	79	83	86	91	96	99	104	108	111	116	120
3A_SB	4	d	60	67	71	76	81	85	88	93	97	100	105	109	112	117	/
3A_SB	5	a	82	87	91	95	98	101	104	107	112	114	119	122	125	131	135
3A_SB	5	d	83	88	92	96	99	102	105	109	113	116	120	123	126	132	/
3A_SB	6	a	87	92	96	101	104	108	112	116	121	123	128	131	134	140	143
3A_SB	6	d	88	94	98	102	106	110	114	118	122	124	129	132	135	141	/
3A_SB	7	a	101	106	111	114	117	120	122	126	129	131	136	140	143	150	154
3A_SB	7	d	102	108	112	115	118	121	123	127	130	132	138	141	145	151	/
3A_SB	8	a	122	128	133	137	141	143	146	149	153	155	160	164	168	173	176
3A_SB	8	d	123	130	134	138	142	144	147	150	154	156	162	165	169	174	/
3A_SB	9	a	129	135	138	142	146	148	151	155	159	161	167	170	175	180	183
3A_SB	9	d	130	136	139	143	147	149	152	156	160	163	168	172	176	181	/
3A_SB	10	a	136	142	146	150	154	156	159	163	167	169	173	176	180	187	191
3A_SB	10	d	137	144	147	151	155	157	160	164	168	170	174	177	182	189	/
3A_SB	11	a	144	150	154	158	162	165	168	171	175	177	181	184	187	193	196
3A_SB	11	d	145	152	155	159	164	166	169	172	176	178	182	185	188	194	/
3A_SB	12	a	150	156	159	163	167	170	174	178	182	184	189	192	195	201	205
3A_SB	12	d	151	157	160	165	169	172	176	180	183	185	190	193	196	202	/
3A_SB	13	a	171	176	179	183	187	189	191	196	200	202	207	210	213	218	221
3A_SB	13	d	172	177	180	184	188	190	193	197	201	203	208	211	214	219	/
3A_SB	14	a	176	181	185	190	194	197	200	204	209	211	216	220	223	228	231
3A_SB	14	d	177	182	187	191	196	199	202	206	210	212	217	221	224	229	/
3A_SB	15	a	196	201	205	209	212	214	217	220	224	226	230	233	236	241	244
3A_SB	15	d	197	202	206	210	213	215	218	221	225	227	231	234	237	242	/
3A_SB	16	a	205	210	215	220	224	228	231	236	239	242	246	249	252	258	262
3A_SB	16	d	206	212	217	222	226	230	233	237	240	243	247	250	253	259	/
3A_SB	17	a	217	222	226	231	235	238	240	243	246	249	253	256	259	265	270
3A_SB	17	d	218	223	227	233	236	239	241	244	247	250	254	257	260	267	/
3A_SB	18	a	223	228	232	238	242	245	248	251	254	258	263	267	271	278	281
3A_SB	18	d	224	229	234	240	243	246	249	252	256	260	265	269	273	279	/
3A_SB	19	a	233	239	243	247	251	255	257	261	264	267	271	275	280	286	290
3A_SB	19	d	234	240	244	249	253	256	258	262	265	268	273	277	281	288	/
3A_SB	20	a	242	248	253	257	260	262	264	268	271	273	278	281	285	292	295
3A_SB	20	d	243	250	254	258	261	263	265	269	272	274	279	282	286	293	/
3A_SB	21	a	251	257	261	264	267	270	273	278	283	285	291	294	297	305	309
3A_SB	21	d	252	258	262	265	269	271	275	280	284	286	292	295	299	306	/
3A_SB	22	a	258	263	268	271	274	277	280	285	289	292	298	301	304	311	316
3A_SB	22	d	259	265	269	272	275	278	282	286	290	293	299	302	305	313	/
3A_SB	23	a	267	272	277	281	284	287	289	292	296	299	304	307	310	317	321
3A_SB	23	d	268	274	278	282	285	288	290	293	297	300	305	308	311	318	/
3A_SB	24	a	273	278	282	286	291	294	296	299	303	305	310	313	316	322	327
3A_SB	24	d	274	279	283	288	292	295	297	300	304	306	311	314	317	324	/
3A_SB	25	a	285	290	295	299	303	307	309	313	317	319	323	327	330	336	340
3A_SB	25	d	286	292	297	301	305	308	311	315	318	320	324	328	331	338	/
3A_SB	26	a	296	301	305	309	312	315	317	321	324	326	330	333	336	342	346
3A_SB	26	d	297	303	306	310	313	316	318	322	325	327	331	334	337	344	/
3A_SB	27	a	311	317	322	326	329	332	334	338	342	345	350	353	356	361	364
3A_SB	27	d	312	319	323	327	330	333	335	339	343	346	351	354	357	362	/
3A_SB	28	a	317	323	327	331	334	337	339	343	347	349	355	358	361	367	370
3A_SB	28	d	318	324	328	332	335	338	340	344	348	351	356	359	362	368	/
3A_SB	29	a	322	328	332	335	339	342	344	348	352	354	360	363	367	373	376
3A_SB	29	d	323	329	333	337	340	343	346	349	353	356	361	364	368	374	/
3A_SB	30	a	327	333	337	340	344	347	350	353	358	360	364	368	372	378	381
3A_SB	30	d	328	334	338	342	345	348	351	355	359	361	366	369	373	379	/
3A_SB	31	a	332	338	342	345	350	353	356	359	363	366	370	373	377	382	386
3A_SB	31	d	333	339	343	347	351	354	357	360	364	367	371	374	378	384	/
3A_SB	32	a	337	343	347	351	355	358	361	365	370	374	379	383	387	393	397
3A_SB	32	d	338	344	348	352	356	359	363	367	372	375	381	385	389	395	/
3A_NB	1	a	23	27	32	36	40	44	49	53	57	62	67	72	77	81	87	92	95
3A_NB	1	d	24	29	33	38	41	46	51	55	59	64	69	74	79	83	89	93	/
3A_NB	2	a	42	46	50	54	58	62	66	70	74	79	83	86	91	94	99	104	107
3A_NB	2	d	43	47	51	56	60	64	68	72	76	80	84	88	93	96	101	105	/
3A_NB	3	a	57	61	65	70	74	79	83	87	91	96	100	104	107	110	114	118	121
3A_NB	3	d	58	62	67	72	76	81	85	89	93	97	101	105	108	111	115	119	/
3A_NB	4	a	64	67	72	77	81	86	90	94	98	102	107	112	115	118	122	125	130
3A_NB	4	d	65	69	74	79	83	88	91	96	99	104	109	113	116	119	123	127	/
3A_NB	5	a	73	76	81	85	89	93	98	103	107	114	118	122	125	128	132	135	139
3A_NB	5	d	74	78	83	87	91	95	100	105	109	115	119	123	126	129	133	136	/
3A_NB	6	a	87	90	93	97	100	103	108	113	116	123	127	131	134	137	141	145	149
3A_NB	6	d	88	91	94	98	101	105	110	114	118	124	128	132	135	138	142	146	/
3A_NB	7	a	100	103	106	110	113	117	121	125	128	132	136	140	144	147	151	155	158
3A_NB	7	d	101	104	107	111	114	118	122	126	129	133	137	141	145	148	152	156	/
3A_NB	8	a	105	109	113	118	122	126	129	133	136	140	144	148	152	155	159	164	168
3A_NB	8	d	106	111	115	120	123	127	130	134	137	141	145	150	154	156	161	165	/
3A_NB	9	a	116	120	123	127	131	135	139	144	148	153	156	160	163	165	170	173	178
3A_NB	9	d	117	121	125	129	132	137	141	146	150	154	157	161	164	166	171	175	/
3A_NB	10	a	142	145	149	153	157	161	165	168	171	176	179	182	185	187	192	196	200
3A_NB	10	d	143	147	150	154	159	162	166	169	172	177	180	183	186	188	193	197	/
3A_NB	11	a	147	150	154	159	163	166	171	175	178	183	186	189	192	194	199	203	207
3A_NB	11	d	148	152	156	160	164	168	173	176	180	184	187	190	193	195	200	204	/
3A_NB	12	a	157	160	163	167	171	175	179	183	185	189	192	195	200	203	208	212	217
3A_NB	12	d	158	161	165	169	172	176	180	184	186	190	193	197	202	204	209	214	/
3A_NB	13	a	163	166	170	173	177	182	187	192	195	201	204	208	212	214	219	223	227
3A_NB	13	d	164	168	171	175	179	184	189	194	197	202	205	209	213	215	220	225	/
3A_NB	14	a	173	177	181	185	190	193	197	201	204	210	214	218	221	223	228	232	235
3A_NB	14	d	174	179	183	187	191	194	199	202	206	211	215	219	222	224	229	233	/
3A_NB	15	a	194	197	200	204	207	210	214	217	219	223	227	230	234	237	241	245	248
3A_NB	15	d	195	198	201	205	208	211	215	218	220	224	228	231	235	238	242	246	/
3A_NB	16	a	209	213	216	220	223	226	230	233	235	241	244	247	250	253	258	261	265
3A_NB	16	d	210	214	217	222	224	228	231	234	237	242	245	248	251	254	259	263	/
3A_NB	17	a	222	226	230	234	237	241	244	248	250	254	258	262	266	269	273	277	281
3A_NB	17	d	223	228	232	235	238	242	245	249	251	255	259	263	267	270	274	278	/
3A_NB	18	a	232	235	238	241	245	248	252	257	260	265	269	273	276	278	282	286	290
3A_NB	18	d	233	236	239	243	246	250	254	259	262	266	270	274	277	279	283	287	/
3A_NB	19	a	239	242	246	250	253	256	259	263	266	271	274	278	282	284	287	290	295
3A_NB	19	d	240	244	247	251	254	257	260	265	268	272	275	280	283	285	288	292	/
3A_NB	20	a	263	266	269	273	277	280	283	288	292	296	300	304	307	309	313	316	320
3A_NB	20	d	264	267	270	274	278	281	285	290	293	297	301	305	308	310	314	317	/
3A_NB	21	a	269	272	276	280	284	287	290	295	299	303	307	311	314	317	321	324	328
3A_NB	21	d	270	274	277	281	285	288	292	297	300	304	308	312	315	318	322	325	/
3A_NB	22	a	274	277	281	285	289	293	297	302	306	310	314	318	322	325	329	332	336
3A_NB	22	d	275	279	282	286	291	295	299	304	307	311	315	319	323	326	330	333	/
3A_NB	23	a	281	284	289	293	298	303	306	310	313	319	322	326	330	333	337	340	345
3A_NB	23	d	282	286	291	295	300	304	307	311	315	320	323	327	331	334	338	342	/
3A_NB	24	a	287	291	295	299	303	308	311	316	320	325	328	332	336	340	344	348	352
3A_NB	24	d	288	292	297	301	305	309	313	318	321	326	329	333	338	341	346	349	/
3A_NB	25	a	292	296	300	304	308	313	316	321	325	331	334	338	342	345	349	353	357
3A_NB	25	d	293	297	302	306	310	314	318	323	327	332	335	339	343	346	351	354	/
3A_NB	26	a	297	301	305	309	313	317	321	326	330	335	339	343	347	350	354	358	362
3A_NB	26	d	298	303	307	311	315	319	323	328	332	337	340	344	348	351	356	359	/
3A_NB	27	a	302	306	310	314	319	323	327	332	335	340	344	348	352	355	360	364	368
3A_NB	27	d	303	308	312	316	321	325	329	334	337	342	345	349	353	357	361	365	/
3A_NB	28	a	309	313	316	320	325	329	333	337	340	345	349	353	357	360	365	369	373
3A_NB	28	d	310	314	318	322	327	331	335	339	342	347	350	354	358	362	366	370	/
3A_NB	29	a	325	329	333	337	340	344	347	350	352	356	359	363	366	369	373	377	380
3A_NB	29	d	326	330	334	338	341	345	348	351	353	357	360	364	368	370	374	378	/
3A_NB	30	a	355	358	362	365	368	373	376	379	382	386	389	393	397	399	403	407	410
3A_NB	30	d	356	360	363	366	370	374	377	380	383	387	390	394	398	400	404	408	/
3A_NB	31	a	360	364	367	370	373	377	381	384	387	391	395	399	403	405	409	413	416
3A_NB	31	d	361	365	368	371	375	379	382	385	388	392	396	400	404	406	410	414	/
3A_NB	32	a	365	369	372	375	379	382	386	389	392	396	400	404	408	410	414	418	421
3A_NB	32	d	366	370	373	376	380	384	387	390	393	397	401	405	409	411	415	419	/
