RouteID	RunID	Arrivals/Departures	TimePerStop
1A_SB	1	a	5	13	24	28	32	36	42	47	54	58	63	73	79	83
1A_SB	1	d	6	14	26	30	34	38	44	49	56	60	65	75	81	/
1A_SB	2	a	35	40	50	55	60	64	70	73	80	83	87	97	102	105
1A_SB	2	d	36	42	52	57	62	65	71	75	81	84	88	98	103	/
1A_SB	3	a	52	57	65	68	72	76	82	86	93	97	101	114	119	124
1A_SB	3	d	53	58	66	69	74	78	84	88	94	98	102	115	121	/
1A_SB	4	a	64	69	77	80	83	86	91	94	99	103	107	118	124	129
1A_SB	4	d	65	70	78	81	84	87	92	95	100	104	109	120	126	/
1A_SB	5	a	69	74	83	87	91	94	100	104	110	114	119	130	135	138
1A_SB	5	d	70	76	85	89	92	95	102	106	112	116	121	131	136	/
1A_SB	6	a	76	81	89	93	97	100	107	112	118	122	126	136	143	146
1A_SB	6	d	77	82	90	95	98	102	109	114	120	123	127	138	144	/
1A_SB	7	a	81	86	95	100	104	108	113	118	125	128	132	142	148	151
1A_SB	7	d	82	88	97	102	105	109	115	120	126	129	133	143	149	/
1A_SB	8	a	95	102	110	113	116	120	126	131	137	142	146	156	160	164
1A_SB	8	d	97	103	111	114	117	121	128	132	139	143	148	157	161	/
1A_SB	9	a	104	110	118	121	125	129	135	138	144	148	152	161	165	168
1A_SB	9	d	106	111	119	122	126	130	136	140	145	149	154	162	166	/
1A_SB	10	a	113	119	127	131	135	138	144	147	152	157	162	171	177	181
1A_SB	10	d	115	120	128	132	136	139	145	148	154	159	164	173	179	/
1A_SB	11	a	120	127	136	140	144	147	153	156	163	167	170	179	183	187
1A_SB	11	d	122	129	137	141	145	148	154	158	165	168	171	180	185	/
1A_SB	12	a	126	133	141	145	149	152	159	163	169	172	175	185	189	192
1A_SB	12	d	128	134	142	146	150	154	161	165	170	173	177	186	190	/
1A_SB	13	a	131	138	148	152	156	159	166	169	174	177	180	189	194	198
1A_SB	13	d	133	139	149	154	157	161	167	170	175	178	182	191	195	/
1A_SB	14	a	136	144	155	159	162	165	170	174	180	183	187	196	201	206
1A_SB	14	d	138	146	156	160	163	167	172	176	181	185	189	197	203	/
1A_SB	15	a	164	171	180	184	187	191	197	201	205	208	211	222	228	234
1A_SB	15	d	166	173	182	185	188	193	199	202	206	209	213	223	230	/
1A_SB	16	a	169	176	185	189	192	196	202	206	211	215	219	230	238	243
1A_SB	16	d	171	178	187	190	193	198	204	208	213	216	221	232	239	/
1A_NB	1	a	4	9	15	21	27	30	35	38	43	47	51	55	63	68
1A_NB	1	d	5	10	16	22	28	31	36	39	44	48	52	56	64	/
1A_NB	2	a	10	15	21	27	34	38	43	46	53	57	61	65	73	78
1A_NB	2	d	11	17	22	29	35	39	44	48	54	58	63	67	74	/
1A_NB	3	a	33	38	44	52	58	62	67	71	78	83	88	91	97	103
1A_NB	3	d	34	40	45	54	60	63	68	73	80	85	89	92	99	/
1A_NB	4	a	47	52	59	66	73	77	82	86	91	95	98	101	107	113
1A_NB	4	d	48	54	61	68	75	79	84	87	92	96	99	102	108	/
1A_NB	5	a	63	68	74	81	87	91	96	100	106	111	114	118	126	132
1A_NB	5	d	64	69	75	83	89	92	98	101	108	112	115	119	128	/
1A_NB	6	a	68	73	80	87	92	96	102	105	111	116	119	123	132	137
1A_NB	6	d	69	75	81	88	94	98	103	106	113	117	120	124	133	/
1A_NB	7	a	87	91	97	105	112	115	119	123	130	133	136	141	149	155
1A_NB	7	d	88	93	98	107	113	116	121	124	131	134	138	143	151	/
1A_NB	8	a	114	118	125	131	139	143	148	152	158	162	166	169	177	183
1A_NB	8	d	115	120	126	133	140	145	150	153	159	163	167	170	178	/
1A_NB	9	a	119	123	130	137	143	148	154	157	163	167	171	174	182	188
1A_NB	9	d	120	125	132	139	145	150	155	158	164	168	172	175	183	/
1A_NB	10	a	123	128	135	143	149	153	159	162	168	172	176	179	187	194
1A_NB	10	d	125	130	137	145	151	155	160	163	169	173	177	180	189	/
1A_NB	11	a	133	139	146	153	158	161	166	170	177	182	186	190	199	204
1A_NB	11	d	135	140	147	154	159	162	167	171	179	184	188	192	200	/
1A_NB	12	a	138	144	151	157	163	166	172	176	183	188	192	196	203	209
1A_NB	12	d	140	145	152	159	164	167	173	177	185	190	194	198	205	/
1A_NB	13	a	143	149	156	163	169	174	181	185	192	196	200	203	210	215
1A_NB	13	d	145	151	158	165	171	176	183	187	193	197	201	205	211	/
1A_NB	14	a	160	165	171	178	183	187	192	196	204	207	211	215	222	228
1A_NB	14	d	162	166	173	179	185	188	194	198	205	208	213	216	224	/
1A_NB	15	a	166	170	177	184	191	195	202	206	214	218	222	225	233	240
1A_NB	15	d	168	172	179	186	193	197	203	208	216	220	223	226	235	/
1A_NB	16	a	190	194	200	208	214	218	225	229	237	240	245	248	256	263
1A_NB	16	d	191	196	201	209	215	219	227	231	238	242	246	249	258	/
2A_NB	1	a	17	22	26	31	33	37	41	44	48	57	64	66	69	72	76	79	82	85	88	92	96	100	103	109
2A_NB	1	d	18	23	27	32	34	38	42	45	49	58	65	67	70	73	77	80	83	86	89	93	97	101	104	/
2A_NB	2	a	22	27	31	36	38	42	46	50	54	63	68	71	75	78	81	84	87	90	94	98	102	106	109	115
2A_NB	2	d	23	28	32	37	39	43	47	51	55	64	70	73	76	79	82	85	88	91	95	99	103	107	110	/
2A_NB	3	a	27	32	36	41	44	48	53	58	62	71	77	80	83	86	89	93	96	98	103	108	112	116	120	128
2A_NB	3	d	28	33	37	43	45	49	55	59	63	73	79	82	84	87	91	94	97	100	105	109	114	118	122	/
2A_NB	4	a	35	39	44	49	52	56	62	67	72	81	88	91	94	97	101	104	107	109	112	116	120	124	127	134
2A_NB	4	d	36	41	45	51	53	58	64	69	73	83	90	92	95	99	102	105	108	110	113	117	122	125	128	/
2A_NB	5	a	41	45	50	56	59	64	69	74	78	89	96	98	101	104	107	110	113	115	118	122	126	129	132	139
2A_NB	5	d	42	47	52	58	61	66	71	76	80	90	97	99	102	105	108	111	114	116	119	123	127	130	133	/
2A_NB	6	a	48	51	56	62	65	70	75	80	83	94	101	103	106	109	112	115	118	120	124	128	132	135	138	144
2A_NB	6	d	49	53	58	64	67	72	77	81	85	95	102	104	107	110	113	116	119	121	125	129	133	136	139	/
2A_NB	7	a	53	56	61	67	70	75	81	86	90	99	106	108	111	114	117	121	125	129	133	137	141	144	147	153
2A_NB	7	d	54	58	63	69	72	77	83	88	91	100	107	109	112	115	119	122	127	130	135	138	142	145	148	/
2A_NB	8	a	59	62	67	73	77	82	87	92	96	105	110	113	116	120	125	128	133	136	140	143	148	151	154	161
2A_NB	8	d	60	64	69	75	79	83	89	93	97	106	112	114	118	122	126	130	135	137	141	145	149	152	155	/
2A_NB	9	a	68	72	76	81	84	88	94	99	104	113	118	120	123	127	131	134	138	141	145	148	153	157	160	167
2A_NB	9	d	70	73	77	82	85	90	96	101	106	114	119	121	124	128	132	136	140	142	146	150	155	158	161	/
2A_NB	10	a	73	77	82	87	90	94	100	105	109	118	123	126	129	133	137	141	144	146	150	154	159	163	167	176
2A_NB	10	d	75	78	83	88	92	96	102	107	111	119	125	127	130	134	139	142	145	147	151	156	161	165	169	/
2A_NB	11	a	79	82	88	94	98	102	107	111	115	124	130	133	136	140	143	147	150	153	157	161	165	169	173	182
2A_NB	11	d	80	84	90	96	100	103	109	113	117	126	132	134	137	141	145	148	151	154	158	162	167	171	175	/
2A_NB	12	a	84	87	93	99	103	107	112	116	120	129	135	139	142	146	149	152	155	158	162	166	170	174	178	185
2A_NB	12	d	85	89	95	101	105	109	114	118	122	131	137	140	143	147	151	153	156	159	163	167	172	176	180	/
2A_NB	13	a	89	93	98	104	108	112	117	121	125	134	141	145	148	152	155	157	161	165	169	173	177	181	185	192
2A_NB	13	d	90	95	100	106	110	114	119	123	127	136	143	146	149	153	156	159	163	166	170	174	179	183	187	/
2A_NB	14	a	96	100	104	109	113	117	122	127	130	139	146	150	154	158	162	164	167	169	174	178	182	186	190	197
2A_NB	14	d	97	101	105	111	115	119	124	128	132	141	148	152	156	160	163	165	168	171	175	179	184	188	192	/
2A_NB	15	a	102	106	111	117	121	125	132	137	141	148	156	159	162	165	169	172	175	177	181	185	190	193	198	205
2A_NB	15	d	103	108	113	119	123	127	134	139	143	150	157	160	163	166	170	173	176	178	182	187	191	195	199	/
2A_NB	16	a	132	136	141	146	149	153	159	164	168	178	185	187	190	193	196	198	202	206	210	214	219	223	227	235
2A_NB	16	d	133	138	143	148	151	155	161	166	170	180	186	188	191	194	197	200	204	208	212	216	221	225	229	/
2A_SB	1	a	17	23	28	31	35	39	43	48	52	56	61	63	66	70	75	82	88	92	96	102	105	111	115	118	130
2A_SB	1	d	18	24	29	32	37	41	45	49	53	58	62	64	68	72	76	83	89	93	97	103	107	112	116	119	/
2A_SB	2	a	31	35	42	46	50	54	57	61	66	71	76	79	82	86	89	98	103	107	112	119	122	128	132	136	145
2A_SB	2	d	32	37	44	48	52	55	58	63	68	73	78	80	83	87	91	99	104	109	114	121	124	129	133	137	/
2A_SB	3	a	50	55	62	66	71	73	76	80	83	88	91	94	97	100	104	112	118	122	126	131	133	138	143	148	159
2A_SB	3	d	51	56	63	68	72	75	77	81	85	89	93	95	98	101	105	114	119	123	127	132	134	140	145	150	/
2A_SB	4	a	65	69	76	80	83	86	88	92	95	98	101	104	107	110	113	121	126	130	134	140	142	147	151	155	166
2A_SB	4	d	66	71	77	81	84	87	89	93	96	99	103	105	108	111	114	122	127	131	135	141	143	148	152	157	/
2A_SB	5	a	77	82	89	93	97	99	102	106	110	114	117	119	122	125	129	138	144	147	151	157	159	164	167	170	180
2A_SB	5	d	78	84	91	95	98	100	103	107	111	115	118	120	123	126	130	139	145	148	152	158	160	165	168	171	/
2A_SB	6	a	83	88	94	98	102	104	107	110	115	120	123	125	128	131	135	144	150	153	156	162	164	169	172	175	185
2A_SB	6	d	84	89	96	100	103	105	108	112	117	121	124	126	129	132	136	145	151	154	157	163	165	170	173	176	/
2A_SB	7	a	93	99	105	109	113	115	118	121	125	128	131	133	136	139	143	153	159	162	165	173	177	182	185	188	199
2A_SB	7	d	95	100	106	110	114	116	119	122	126	129	132	134	137	141	145	154	160	163	166	175	178	183	186	189	/
2A_SB	8	a	98	104	110	114	118	120	123	126	130	133	136	140	144	147	150	157	164	167	171	179	182	186	190	193	204
2A_SB	8	d	100	105	111	115	119	121	124	127	131	134	138	141	145	148	152	159	165	168	172	181	183	188	191	194	/
2A_SB	9	a	107	114	120	123	126	128	131	134	138	141	145	148	152	155	159	165	172	175	179	185	187	192	196	200	210
2A_SB	9	d	109	115	121	124	127	129	132	135	139	142	146	150	153	156	160	166	173	176	180	186	189	194	198	201	/
2A_SB	10	a	112	119	125	129	133	137	139	142	146	149	153	155	158	161	165	171	178	181	184	190	192	197	202	206	216
2A_SB	10	d	114	121	127	131	135	138	140	143	147	150	154	156	159	162	166	172	179	182	185	191	194	199	204	207	/
2A_SB	11	a	117	124	130	134	138	142	144	147	151	155	159	161	164	167	171	177	184	188	191	197	200	204	208	211	221
2A_SB	11	d	119	126	132	136	140	143	145	148	152	156	160	162	165	168	172	178	185	189	192	198	201	205	209	212	/
2A_SB	12	a	123	130	135	140	143	147	149	153	157	161	165	167	170	173	177	183	190	194	197	203	206	210	214	217	227
2A_SB	12	d	125	131	137	141	145	148	151	154	158	162	166	168	171	174	178	184	191	195	198	204	207	211	215	218	/
2A_SB	13	a	129	135	142	146	149	152	155	159	163	167	171	173	176	179	182	191	199	203	206	212	215	219	223	226	235
2A_SB	13	d	130	136	143	147	150	153	157	160	164	168	172	174	177	180	184	193	201	204	207	213	216	220	224	227	/
2A_SB	14	a	141	147	154	158	162	165	167	170	174	178	182	184	187	190	193	201	208	211	214	219	222	226	229	233	242
2A_SB	14	d	142	148	156	160	163	166	168	171	175	179	183	185	188	191	194	202	209	212	215	220	223	227	230	234	/
2A_SB	15	a	146	152	159	163	168	170	172	175	179	183	187	189	192	195	199	207	214	218	221	226	229	233	236	240	251
2A_SB	15	d	147	154	161	165	169	171	173	176	180	184	188	190	193	196	200	208	215	219	222	227	230	234	237	241	/
2A_SB	16	a	152	158	165	169	173	175	178	181	184	188	193	195	198	202	206	215	221	225	228	234	238	242	246	249	260
2A_SB	16	d	153	160	167	170	174	177	179	182	185	190	194	196	200	203	208	216	222	226	229	236	239	243	247	250	/
3A_SB	1	a	17	22	26	30	34	38	41	45	50	53	57	62	66	74	78
3A_SB	1	d	18	23	27	32	36	40	43	47	52	54	59	64	68	76	/
3A_SB	2	a	47	51	55	60	63	67	71	75	79	81	85	88	91	96	100
3A_SB	2	d	48	53	57	61	65	69	73	77	80	82	86	89	92	98	/
3A_SB	3	a	60	64	68	73	77	81	85	89	94	96	101	104	107	113	116
3A_SB	3	d	61	65	70	75	79	83	87	91	95	97	102	105	108	114	/
3A_SB	4	a	77	82	87	91	95	98	101	105	109	112	116	119	122	128	132
3A_SB	4	d	78	84	88	93	97	99	102	106	110	113	117	120	123	130	/
3A_SB	5	a	87	92	95	100	103	105	108	113	118	121	125	128	131	137	140
3A_SB	5	d	88	93	96	101	104	106	110	115	119	122	126	129	132	138	/
3A_SB	6	a	94	100	104	108	111	113	116	120	123	126	130	133	136	142	145
3A_SB	6	d	95	102	105	109	112	114	117	121	124	127	131	134	137	143	/
3A_SB	7	a	102	108	111	116	120	123	125	129	133	136	141	145	149	156	160
3A_SB	7	d	103	109	113	118	122	124	127	131	134	138	143	147	150	157	/
3A_SB	8	a	121	127	130	133	136	138	141	145	149	151	155	160	163	170	174
3A_SB	8	d	122	128	131	134	137	139	142	146	150	152	157	161	165	172	/
3A_SB	9	a	129	135	139	143	148	152	155	159	164	166	171	175	178	184	188
3A_SB	9	d	130	137	141	145	150	154	156	161	165	167	172	176	179	185	/
3A_SB	10	a	138	144	148	151	155	158	160	165	169	171	176	180	183	189	194
3A_SB	10	d	139	146	149	152	156	159	162	167	170	172	177	181	184	191	/
3A_SB	11	a	147	153	158	162	166	168	170	173	176	178	183	186	189	195	199
3A_SB	11	d	148	155	159	163	167	169	171	174	177	179	184	187	190	196	/
3A_SB	12	a	153	159	163	167	171	173	175	178	181	183	188	191	194	200	204
3A_SB	12	d	154	160	164	168	172	174	176	179	182	184	189	192	195	201	/
3A_SB	13	a	165	170	175	179	182	184	187	190	193	195	200	203	206	212	216
3A_SB	13	d	166	172	176	180	183	185	188	191	194	196	201	204	207	213	/
3A_SB	14	a	176	181	184	187	190	193	196	200	203	205	210	213	217	223	227
3A_SB	14	d	177	182	185	188	192	195	197	201	204	206	211	214	218	224	/
3A_SB	15	a	188	193	196	201	206	209	213	217	221	223	229	232	236	243	248
3A_SB	15	d	189	194	198	203	207	211	214	218	222	224	230	234	238	245	/
3A_SB	16	a	198	202	207	211	215	217	220	224	229	232	238	243	247	254	258
3A_SB	16	d	199	204	208	212	216	218	221	226	231	234	240	245	249	256	/
3A_NB	1	a	23	27	31	35	39	43	47	51	55	62	68	72	77	81	86	90	93
3A_NB	1	d	24	28	33	37	41	45	49	53	57	64	70	74	79	83	88	91	/
3A_NB	2	a	33	36	40	44	49	54	58	62	66	72	78	81	86	89	93	97	100
3A_NB	2	d	34	37	42	46	51	56	60	64	68	74	79	83	87	90	94	98	/
3A_NB	3	a	46	50	54	58	63	66	70	73	76	81	84	87	91	94	98	103	106
3A_NB	3	d	47	52	56	60	64	67	71	74	77	82	85	88	92	95	100	104	/
3A_NB	4	a	60	64	67	71	75	79	83	87	90	94	97	101	105	108	113	118	123
3A_NB	4	d	61	65	68	72	76	80	84	88	91	95	98	102	107	110	115	120	/
3A_NB	5	a	73	77	81	84	88	92	96	100	104	109	113	117	121	124	128	132	137
3A_NB	5	d	74	78	82	85	89	94	98	102	106	110	114	118	122	125	129	134	/
3A_NB	6	a	84	88	92	96	99	102	106	111	114	118	122	126	129	132	136	140	143
3A_NB	6	d	85	89	94	97	100	104	108	113	115	120	123	127	130	133	137	141	/
3A_NB	7	a	98	102	105	108	112	116	120	125	129	134	138	143	146	148	154	157	160
3A_NB	7	d	99	103	106	110	113	118	122	127	131	135	140	144	147	150	155	158	/
3A_NB	8	a	109	112	115	118	121	125	129	133	136	141	145	149	153	157	163	166	169
3A_NB	8	d	110	113	116	119	123	126	130	134	137	142	146	150	155	159	164	167	/
3A_NB	9	a	116	119	123	127	130	133	137	141	144	149	153	157	161	165	170	174	177
3A_NB	9	d	117	121	125	128	131	134	138	142	145	150	154	158	163	166	171	175	/
3A_NB	10	a	121	125	128	132	135	138	142	146	150	155	160	164	167	170	175	179	183
3A_NB	10	d	122	126	130	133	136	139	143	148	152	157	161	165	168	171	176	180	/
3A_NB	11	a	129	133	136	140	143	147	151	155	159	164	168	173	177	180	186	189	194
3A_NB	11	d	130	134	138	141	145	148	153	157	161	165	170	175	178	182	187	191	/
3A_NB	12	a	142	145	149	153	157	160	163	167	171	176	180	184	188	191	196	200	203
3A_NB	12	d	143	147	151	154	158	161	165	169	173	177	181	185	189	192	197	201	/
3A_NB	13	a	148	151	155	158	162	165	169	173	177	182	185	189	193	196	200	205	208
3A_NB	13	d	149	153	156	159	163	167	171	175	179	183	186	190	194	197	202	206	/
3A_NB	14	a	156	158	162	166	169	172	175	178	182	188	191	195	199	202	206	211	215
3A_NB	14	d	157	160	164	167	170	173	176	180	184	189	192	196	201	203	208	212	/
3A_NB	15	a	163	165	169	173	177	180	185	189	193	198	202	205	209	212	216	220	225
3A_NB	15	d	164	167	171	175	178	182	187	191	195	199	203	206	210	213	217	222	/
3A_NB	16	a	176	179	183	186	190	194	197	202	206	211	215	219	224	227	232	235	239
3A_NB	16	d	177	181	184	187	191	195	199	204	208	212	216	221	225	228	233	236	/
