RouteID	RunID	Arrivals/Departures	TimePerStop
1A_SB	1	a	26	32	39	43	47	52	58	61	67	71	74	82	89	93
1A_SB	1	d	27	33	41	45	49	53	59	63	68	72	75	84	90	/
1A_SB	2	a	31	36	44	48	52	57	63	67	72	76	81	89	95	99
1A_SB	2	d	32	38	46	50	54	58	64	68	73	78	82	90	96	/
1A_SB	3	a	59	65	73	77	82	86	92	96	102	105	109	117	122	125
1A_SB	3	d	60	66	75	79	84	87	93	97	103	106	111	118	123	/
1A_SB	4	a	75	81	91	95	98	102	107	111	117	121	124	133	139	142
1A_SB	4	d	76	83	92	96	99	103	108	112	118	122	125	135	140	/
1A_SB	5	a	104	112	119	123	126	129	134	137	143	146	150	161	166	169
1A_SB	5	d	106	113	120	124	127	130	135	138	144	147	151	162	167	/
1A_SB	6	a	109	117	124	128	132	136	141	145	151	155	158	169	175	178
1A_SB	6	d	111	118	125	130	134	137	143	146	152	156	159	170	176	/
1A_SB	7	a	117	125	134	138	141	144	150	153	160	164	168	177	183	188
1A_SB	7	d	119	127	136	139	142	146	151	154	161	165	169	178	185	/
1A_SB	8	a	123	130	139	143	147	151	157	161	169	173	177	186	192	196
1A_SB	8	d	125	132	141	145	149	153	159	163	171	174	178	187	193	/
1A_SB	9	a	133	141	151	155	159	163	169	172	178	181	185	194	200	204
1A_SB	9	d	135	143	153	157	161	165	170	173	179	182	186	195	202	/
1A_SB	10	a	142	150	160	164	168	172	177	180	187	191	195	205	211	214
1A_SB	10	d	144	152	162	166	170	173	178	182	189	192	196	206	212	/
1A_SB	11	a	168	175	185	188	191	195	201	205	211	215	219	229	234	238
1A_SB	11	d	170	176	186	189	192	196	202	206	212	216	220	230	235	/
1A_SB	12	a	181	187	195	198	202	206	212	215	221	225	229	239	246	250
1A_SB	12	d	182	188	196	199	204	207	213	217	222	226	230	240	248	/
1A_SB	13	a	194	201	209	212	217	220	226	231	238	243	247	256	261	265
1A_SB	13	d	196	202	210	214	218	222	228	233	240	244	248	257	263	/
1A_SB	14	a	224	230	237	241	245	249	255	259	266	271	275	284	289	292
1A_SB	14	d	226	231	238	242	246	250	257	261	268	272	276	285	290	/
1A_SB	15	a	233	239	248	252	257	262	268	273	280	284	288	297	302	306
1A_SB	15	d	235	241	250	254	259	264	270	275	281	285	289	298	303	/
1A_SB	16	a	242	249	257	261	266	271	278	282	288	291	295	305	312	317
1A_SB	16	d	244	250	259	263	268	273	279	283	289	292	297	307	314	/
1A_SB	17	a	257	263	272	276	280	284	290	294	300	303	307	316	323	327
1A_SB	17	d	258	265	274	278	282	286	292	296	301	305	308	318	325	/
1A_SB	18	a	277	284	294	297	300	304	309	313	319	323	327	335	340	343
1A_SB	18	d	279	285	295	298	301	305	310	315	320	324	328	337	341	/
1A_SB	19	a	287	293	303	306	309	313	318	322	328	332	337	347	353	357
1A_SB	19	d	289	294	304	307	310	314	320	324	330	334	339	349	355	/
1A_SB	20	a	314	320	328	332	336	340	347	351	358	362	367	376	381	384
1A_SB	20	d	316	321	329	334	338	342	348	353	359	364	368	377	382	/
1A_SB	21	a	335	341	349	352	356	359	364	367	373	377	380	390	396	399
1A_SB	21	d	337	343	350	353	357	360	365	368	374	378	381	391	397	/
1A_SB	22	a	346	353	363	367	370	373	378	382	388	392	397	406	412	415
1A_SB	22	d	348	355	364	368	371	374	379	383	390	394	398	407	413	/
1A_SB	23	a	359	366	374	379	383	386	392	397	403	407	412	422	428	432
1A_SB	23	d	361	368	376	381	384	387	394	399	405	409	414	424	430	/
1A_SB	24	a	372	379	389	394	398	403	409	414	421	426	430	437	442	445
1A_SB	24	d	374	381	391	396	400	405	411	416	423	427	431	438	443	/
1A_SB	25	a	380	387	397	402	406	411	417	422	429	433	437	447	452	456
1A_SB	25	d	382	389	399	404	408	413	419	424	430	434	439	448	453	/
1A_SB	26	a	407	415	423	426	429	432	438	441	447	451	455	466	473	477
1A_SB	26	d	409	416	424	427	430	433	439	443	449	453	457	468	474	/
1A_SB	27	a	418	425	434	439	443	448	453	458	464	467	471	480	485	489
1A_SB	27	d	419	426	436	441	445	449	455	459	465	468	472	481	487	/
1A_SB	28	a	428	435	444	449	454	457	463	467	472	475	479	490	495	499
1A_SB	28	d	430	436	446	451	455	458	464	468	473	476	481	491	496	/
1A_SB	29	a	437	443	452	455	459	462	469	473	479	483	487	497	503	507
1A_SB	29	d	439	444	453	456	460	464	471	475	480	484	488	499	504	/
1A_SB	30	a	456	462	470	473	476	479	484	487	492	496	500	511	516	520
1A_SB	30	d	458	464	471	474	477	480	485	488	493	497	502	512	518	/
1A_SB	31	a	464	471	479	482	486	489	494	498	503	507	511	518	523	527
1A_SB	31	d	466	472	480	483	487	490	495	499	505	508	512	519	525	/
1A_SB	32	a	473	480	488	491	495	498	504	509	515	519	523	533	538	541
1A_SB	32	d	475	481	489	492	496	499	506	510	517	521	525	534	539	/
1A_SB	33	a	478	486	495	499	503	506	512	516	523	527	530	539	544	547
1A_SB	33	d	480	488	497	501	504	507	514	518	525	528	531	540	545	/
1A_SB	34	a	490	497	506	510	514	518	524	528	533	536	539	548	553	556
1A_SB	34	d	491	499	508	512	516	520	525	529	534	537	540	549	554	/
1A_SB	35	a	497	503	512	517	521	525	531	535	540	544	549	559	565	569
1A_SB	35	d	498	505	514	519	523	527	532	536	541	546	551	561	567	/
1A_SB	36	a	516	521	528	531	534	538	543	547	553	557	562	570	575	578
1A_SB	36	d	517	522	529	532	535	539	545	549	554	559	563	571	576	/
1A_SB	37	a	521	526	534	538	542	546	553	557	564	568	573	580	586	589
1A_SB	37	d	522	528	536	540	544	548	555	559	566	570	574	582	587	/
1A_SB	38	a	526	531	539	544	548	552	559	563	570	574	578	586	592	595
1A_SB	38	d	527	533	541	546	550	554	561	565	572	575	580	587	593	/
1A_SB	39	a	530	536	544	549	553	558	564	568	575	579	584	593	599	604
1A_SB	39	d	532	538	546	551	555	560	566	570	577	581	586	594	601	/
1A_SB	40	a	559	564	573	576	580	584	591	596	603	608	611	622	628	633
1A_SB	40	d	560	566	574	578	582	586	593	598	605	609	613	623	630	/
1A_SB	41	a	588	593	602	606	611	615	621	624	630	634	638	646	651	654
1A_SB	41	d	589	595	603	608	612	616	622	626	632	635	639	647	652	/
1A_SB	42	a	606	613	621	625	629	633	639	643	649	654	658	666	673	677
1A_SB	42	d	607	614	623	627	631	635	641	645	651	656	660	668	675	/
1A_SB	43	a	633	639	649	652	655	658	663	667	672	677	680	690	696	700
1A_SB	43	d	634	640	650	653	656	659	664	668	674	678	682	691	697	/
1A_SB	44	a	648	654	664	668	672	676	684	687	692	695	698	708	713	716
1A_SB	44	d	649	656	666	670	674	678	685	688	693	696	699	709	714	/
1A_SB	45	a	654	660	669	673	677	682	690	693	700	704	708	718	723	726
1A_SB	45	d	655	662	671	675	679	684	691	695	702	706	709	719	724	/
1A_SB	46	a	660	665	674	678	682	687	695	698	705	709	713	723	728	731
1A_SB	46	d	661	667	676	680	684	689	696	700	707	711	714	724	729	/
1A_SB	47	a	665	670	679	683	687	692	699	703	710	714	718	728	733	736
1A_SB	47	d	666	672	681	685	689	694	701	705	712	716	719	729	734	/
1A_SB	48	a	684	690	699	703	707	711	717	721	728	731	735	745	751	755
1A_SB	48	d	685	691	701	705	709	712	719	723	729	733	737	747	752	/
1A_SB	49	a	714	719	729	733	738	741	748	751	757	761	766	775	781	784
1A_SB	49	d	715	721	731	735	739	742	749	753	759	763	767	777	782	/
1A_SB	50	a	743	749	758	762	766	770	776	780	787	791	796	806	811	814
1A_SB	50	d	744	751	760	764	768	772	778	782	789	793	797	807	812	/
1A_SB	51	a	773	778	789	792	796	800	807	810	818	822	826	833	839	843
1A_SB	51	d	774	780	790	793	798	802	808	812	819	823	827	834	840	/
1A_SB	52	a	803	809	817	821	826	830	836	841	846	850	854	863	869	872
1A_SB	52	d	804	810	819	823	827	831	837	842	847	851	855	864	870	/
1A_SB	53	a	833	838	848	852	855	859	865	869	876	879	883	892	898	903
1A_SB	53	d	834	840	849	853	857	861	867	871	877	881	885	893	900	/
1A_SB	54	a	840	846	856	860	864	868	874	877	883	886	889	898	904	908
1A_SB	54	d	841	848	858	862	866	870	875	878	884	887	891	900	905	/
1A_SB	55	a	847	853	864	867	870	873	879	882	888	891	894	903	909	913
1A_SB	55	d	848	855	865	868	871	875	880	883	889	892	896	905	910	/
1A_SB	56	a	854	860	870	873	876	879	884	888	894	897	900	910	915	918
1A_SB	56	d	855	861	871	874	877	880	885	889	895	898	901	911	916	/
1A_SB	57	a	864	870	880	884	888	892	898	902	908	912	915	923	928	931
1A_SB	57	d	865	872	882	886	890	894	900	904	910	913	916	924	929	/
1A_SB	58	a	869	875	885	889	893	897	903	907	913	917	921	929	934	938
1A_SB	58	d	870	877	887	891	895	899	905	909	915	918	922	930	935	/
1A_SB	59	a	874	880	890	894	898	903	909	912	918	922	926	934	939	943
1A_SB	59	d	875	882	892	896	900	904	910	914	920	923	927	935	940	/
1A_SB	60	a	897	903	911	915	919	924	931	935	942	947	951	960	965	969
1A_SB	60	d	898	905	913	917	921	926	933	937	944	948	952	961	966	/
1A_SB	61	a	927	932	942	946	949	952	958	961	968	971	974	986	992	996
1A_SB	61	d	928	934	943	947	950	953	959	962	969	972	975	987	993	/
1A_SB	62	a	957	962	971	975	978	981	987	990	997	1000	1003	1012	1017	1021
1A_SB	62	d	958	964	972	976	979	982	988	992	998	1001	1004	1013	1018	/
1A_SB	63	a	987	993	1001	1004	1008	1011	1017	1021	1026	1029	1033	1041	1047	1051
1A_SB	63	d	988	994	1002	1005	1009	1012	1018	1022	1027	1030	1034	1042	1048	/
1A_SB	64	a	1002	1008	1016	1019	1023	1026	1032	1035	1041	1045	1049	1059	1064	1067
1A_SB	64	d	1003	1009	1017	1020	1024	1027	1033	1036	1042	1046	1050	1060	1065	/
1A_NB	1	a	17	21	26	33	40	43	48	52	58	62	66	70	77	81
1A_NB	1	d	18	22	27	34	41	44	49	53	59	63	67	71	78	/
1A_NB	2	a	29	33	37	44	49	53	59	63	70	74	77	81	88	92
1A_NB	2	d	30	34	39	45	51	54	60	65	71	75	79	82	89	/
1A_NB	3	a	37	41	45	52	57	61	67	72	79	83	86	89	97	103
1A_NB	3	d	38	42	46	53	59	63	69	74	81	84	87	90	99	/
1A_NB	4	a	47	52	57	64	69	72	78	83	89	94	98	102	110	115
1A_NB	4	d	48	53	58	65	70	74	80	84	91	95	99	103	111	/
1A_NB	5	a	53	58	64	70	75	79	84	89	95	99	103	107	115	120
1A_NB	5	d	54	60	65	71	77	80	86	90	96	100	105	108	116	/
1A_NB	6	a	61	65	71	77	83	86	92	96	102	106	109	112	120	126
1A_NB	6	d	62	67	72	79	84	88	93	97	103	107	110	113	121	/
1A_NB	7	a	67	71	76	83	88	93	99	103	109	112	116	119	128	134
1A_NB	7	d	68	72	77	84	90	94	100	104	110	114	117	121	129	/
1A_NB	8	a	72	76	81	89	95	100	107	111	119	122	125	129	138	145
1A_NB	8	d	73	77	83	90	97	102	108	113	120	123	127	131	140	/
1A_NB	9	a	94	98	104	112	119	123	131	134	142	147	152	156	164	171
1A_NB	9	d	95	100	106	114	121	125	132	136	144	149	154	158	166	/
1A_NB	10	a	113	118	124	131	138	142	149	153	160	164	168	171	178	184
1A_NB	10	d	115	119	126	133	140	144	151	155	162	166	169	172	179	/
1A_NB	11	a	120	126	132	138	144	148	154	158	165	169	173	176	183	189
1A_NB	11	d	122	128	133	139	146	149	156	160	167	171	174	177	184	/
1A_NB	12	a	133	138	143	151	156	159	163	166	172	175	178	181	189	195
1A_NB	12	d	135	139	144	152	157	160	164	167	173	176	179	182	190	/
1A_NB	13	a	144	149	156	164	169	173	178	182	188	191	195	199	206	212
1A_NB	13	d	146	151	158	165	170	174	179	183	189	192	196	200	207	/
1A_NB	14	a	170	175	181	189	196	199	204	208	214	219	223	227	235	241
1A_NB	14	d	172	177	182	191	197	200	206	209	216	221	224	229	237	/
1A_NB	15	a	190	195	201	208	214	218	225	230	237	240	245	249	256	261
1A_NB	15	d	191	196	203	210	216	220	227	232	238	242	247	250	257	/
1A_NB	16	a	211	215	222	230	238	241	246	251	257	260	264	268	276	282
1A_NB	16	d	212	217	224	232	239	242	248	252	258	262	266	269	277	/
1A_NB	17	a	240	246	252	260	266	270	276	281	287	290	294	298	305	309
1A_NB	17	d	242	247	254	262	268	272	278	282	288	291	296	299	306	/
1A_NB	18	a	268	274	280	288	294	297	302	306	312	315	319	322	328	333
1A_NB	18	d	270	276	282	289	295	298	303	307	313	316	320	323	329	/
1A_NB	19	a	298	304	309	316	321	325	329	334	340	344	347	351	358	365
1A_NB	19	d	300	305	310	317	322	326	331	335	341	345	348	352	359	/
1A_NB	20	a	313	318	324	333	337	340	345	349	355	359	363	366	373	379
1A_NB	20	d	315	320	326	334	338	341	346	350	356	360	364	367	374	/
1A_NB	21	a	327	331	336	343	347	350	355	359	364	367	371	374	382	387
1A_NB	21	d	328	332	337	344	348	351	356	360	365	368	372	375	383	/
1A_NB	22	a	334	339	344	351	358	361	367	372	378	382	385	389	396	401
1A_NB	22	d	336	340	345	353	359	362	369	374	380	383	387	390	397	/
1A_NB	23	a	358	363	368	377	383	386	392	396	403	406	409	413	421	428
1A_NB	23	d	360	364	369	378	384	388	394	398	404	407	411	415	423	/
1A_NB	24	a	363	368	373	382	388	391	398	402	409	413	416	420	427	434
1A_NB	24	d	365	369	374	383	389	393	400	404	411	414	418	421	429	/
1A_NB	25	a	383	388	395	403	411	415	421	426	434	438	442	445	452	457
1A_NB	25	d	385	390	397	405	413	417	423	428	436	439	443	446	453	/
1A_NB	26	a	400	405	411	418	425	429	435	440	448	451	454	457	463	468
1A_NB	26	d	402	407	413	420	427	431	437	442	449	452	455	458	464	/
1A_NB	27	a	408	413	419	427	434	438	444	449	454	457	460	463	469	476
1A_NB	27	d	410	415	421	429	436	440	446	450	455	458	461	464	471	/
1A_NB	28	a	432	436	441	450	457	460	466	469	475	478	481	484	491	497
1A_NB	28	d	433	437	443	452	458	462	467	470	476	479	482	485	492	/
1A_NB	29	a	437	441	446	455	462	466	472	475	481	485	489	493	503	508
1A_NB	29	d	438	442	448	457	464	467	473	476	483	486	491	495	504	/
1A_NB	30	a	452	456	462	469	474	478	484	488	494	497	501	505	515	521
1A_NB	30	d	453	457	464	470	476	479	485	489	495	498	503	507	516	/
1A_NB	31	a	480	485	491	499	505	508	514	518	524	527	531	536	544	550
1A_NB	31	d	482	486	492	500	506	509	515	519	525	528	533	537	545	/
1A_NB	32	a	505	510	517	525	532	536	541	545	551	554	558	561	568	573
1A_NB	32	d	507	512	519	527	534	537	542	546	552	555	559	562	569	/
1A_NB	33	a	527	531	537	543	549	552	557	561	567	570	573	577	583	588
1A_NB	33	d	528	532	538	544	550	553	558	562	568	571	574	578	584	/
1A_NB	34	a	532	536	542	550	557	562	568	573	580	583	586	590	598	605
1A_NB	34	d	533	537	544	552	559	564	570	574	581	584	588	592	600	/
1A_NB	35	a	538	542	549	556	562	567	573	578	585	589	593	596	604	611
1A_NB	35	d	539	543	550	557	564	569	575	579	586	590	594	598	606	/
1A_NB	36	a	563	567	573	581	587	592	598	602	608	611	615	618	625	630
1A_NB	36	d	564	568	575	583	589	594	600	603	609	612	616	619	626	/
1A_NB	37	a	568	572	578	586	592	597	603	607	613	616	619	623	630	635
1A_NB	37	d	569	573	580	588	594	599	605	608	614	617	621	624	631	/
1A_NB	38	a	579	583	590	599	604	607	612	615	620	624	628	632	640	645
1A_NB	38	d	580	585	592	600	605	608	613	616	621	626	630	633	641	/
1A_NB	39	a	586	591	598	605	610	613	618	622	627	631	635	638	646	651
1A_NB	39	d	587	593	600	606	611	614	619	623	628	632	636	639	647	/
1A_NB	40	a	593	598	604	610	615	618	623	627	632	636	640	643	651	656
1A_NB	40	d	594	600	605	611	616	619	624	628	633	637	641	644	652	/
1A_NB	41	a	599	603	609	615	620	623	628	633	639	643	647	651	658	663
1A_NB	41	d	600	605	610	616	621	624	630	634	640	644	648	652	659	/
1A_NB	42	a	619	623	629	637	643	647	652	656	663	666	670	673	680	686
1A_NB	42	d	620	625	631	639	645	648	653	657	664	667	671	674	681	/
1A_NB	43	a	624	628	634	642	648	652	658	663	671	674	678	682	689	696
1A_NB	43	d	625	630	636	644	650	654	660	664	672	675	680	683	690	/
1A_NB	44	a	633	637	643	650	657	661	668	673	680	683	687	690	697	704
1A_NB	44	d	634	639	645	652	659	663	670	675	681	684	688	691	698	/
1A_NB	45	a	638	642	648	655	662	666	673	678	685	688	693	696	703	709
1A_NB	45	d	639	644	650	657	664	668	675	680	686	690	694	697	705	/
1A_NB	46	a	654	658	664	672	678	682	688	693	699	702	706	710	718	725
1A_NB	46	d	655	660	666	674	680	684	690	694	700	703	707	712	720	/
1A_NB	47	a	667	672	678	685	691	695	701	706	712	715	719	722	729	736
1A_NB	47	d	668	674	680	687	693	697	703	707	713	716	720	723	731	/
1A_NB	48	a	694	699	707	716	722	726	732	735	741	745	748	752	760	766
1A_NB	48	d	695	701	709	717	723	727	733	736	742	746	750	753	761	/
1A_NB	49	a	712	717	723	732	738	742	749	753	759	764	768	772	781	787
1A_NB	49	d	713	719	725	734	740	744	750	755	761	766	770	774	782	/
1A_NB	50	a	741	745	752	760	767	772	778	782	788	793	798	802	808	814
1A_NB	50	d	742	746	754	762	769	774	780	783	790	795	800	804	810	/
1A_NB	51	a	771	775	781	788	793	796	801	805	811	814	818	821	828	834
1A_NB	51	d	772	776	782	789	794	797	802	806	812	815	819	822	829	/
1A_NB	52	a	776	780	786	793	799	803	808	812	817	820	824	827	833	839
1A_NB	52	d	777	781	787	795	800	804	809	813	818	821	825	828	834	/
1A_NB	53	a	782	786	792	799	804	808	813	817	822	825	829	832	838	844
1A_NB	53	d	783	787	793	800	805	809	814	818	823	826	830	833	839	/
1A_NB	54	a	796	801	807	814	819	823	828	832	839	842	847	850	857	862
1A_NB	54	d	797	802	808	815	820	824	829	833	840	844	848	851	858	/
1A_NB	55	a	824	829	834	841	846	850	856	861	868	873	877	880	887	893
1A_NB	55	d	825	830	836	843	848	852	858	863	870	874	878	881	888	/
1A_NB	56	a	853	857	863	871	877	880	886	891	898	903	906	909	916	921
1A_NB	56	d	854	859	865	872	878	882	888	893	900	904	907	910	917	/
1A_NB	57	a	858	863	868	877	883	886	892	896	903	908	911	914	921	926
1A_NB	57	d	859	864	870	878	884	887	893	898	905	909	912	915	922	/
1A_NB	58	a	863	868	873	882	888	892	898	903	910	914	918	921	928	933
1A_NB	58	d	864	869	875	883	889	893	900	904	911	915	919	922	929	/
1A_NB	59	a	881	886	891	898	906	909	914	918	924	927	931	935	943	949
1A_NB	59	d	882	887	892	900	907	910	915	919	925	928	933	937	945	/
1A_NB	60	a	911	915	921	928	933	937	943	946	952	956	960	965	973	979
1A_NB	60	d	912	916	922	929	934	938	944	947	953	957	962	967	975	/
1A_NB	61	a	941	945	951	957	962	965	970	974	980	984	987	991	999	1004
1A_NB	61	d	942	946	952	958	963	966	971	975	981	985	989	992	1000	/
1A_NB	62	a	971	975	979	985	990	994	999	1003	1010	1014	1018	1021	1028	1033
1A_NB	62	d	972	976	980	986	991	995	1000	1004	1011	1015	1019	1022	1029	/
1A_NB	63	a	989	993	998	1005	1011	1015	1021	1025	1031	1034	1038	1041	1047	1052
1A_NB	63	d	990	994	999	1006	1012	1016	1022	1026	1032	1035	1039	1042	1048	/
1A_NB	64	a	1004	1007	1013	1020	1027	1030	1035	1039	1045	1048	1052	1055	1062	1069
1A_NB	64	d	1005	1008	1014	1021	1028	1031	1036	1040	1046	1049	1053	1056	1063	/
2A_NB	1	a	16	20	24	30	33	36	41	46	49	57	63	65	67	70	73	76	80	83	86	90	94	97	101	108
2A_NB	1	d	17	21	25	31	34	37	42	47	50	58	64	66	68	71	74	77	81	84	87	91	95	98	102	/
2A_NB	2	a	33	37	41	47	50	53	59	62	65	74	80	82	84	87	90	92	95	98	102	105	109	113	116	123
2A_NB	2	d	34	38	42	48	51	54	60	63	66	75	81	83	85	88	91	93	96	99	103	106	110	114	117	/
2A_NB	3	a	48	52	56	61	64	67	73	76	80	89	96	99	101	104	107	110	113	115	119	122	126	129	132	139
2A_NB	3	d	49	53	57	62	65	68	74	77	81	90	97	100	102	105	108	111	114	116	120	123	127	130	133	/
2A_NB	4	a	52	57	61	67	70	73	79	83	87	96	103	106	108	111	114	117	120	122	126	129	133	136	141	150
2A_NB	4	d	54	58	62	68	71	74	80	84	88	97	104	107	109	112	115	118	121	123	127	130	134	138	143	/
2A_NB	5	a	60	65	69	75	79	82	89	93	97	106	112	115	118	122	125	128	132	134	137	141	145	148	152	159
2A_NB	5	d	62	66	70	77	80	84	91	94	98	107	113	117	120	123	126	130	133	135	138	142	146	149	153	/
2A_NB	6	a	68	73	78	84	87	91	98	102	106	114	120	122	125	128	131	134	137	140	143	147	151	154	158	165
2A_NB	6	d	70	75	80	85	89	93	100	103	108	115	121	123	126	129	132	135	138	141	144	148	152	155	159	/
2A_NB	7	a	74	78	83	89	92	96	103	108	111	119	125	127	130	133	136	139	142	145	148	152	156	159	163	170
2A_NB	7	d	75	80	85	91	94	98	105	109	113	120	126	128	131	134	137	140	143	146	150	153	157	160	164	/
2A_NB	8	a	103	106	110	116	119	123	129	132	136	145	153	156	158	161	164	166	170	173	178	181	184	188	191	200
2A_NB	8	d	104	108	112	118	121	125	130	134	137	147	154	157	159	162	165	168	172	175	179	182	185	189	193	/
2A_NB	9	a	133	136	141	146	148	152	158	163	166	174	181	184	187	190	194	197	200	202	206	210	214	217	221	229
2A_NB	9	d	134	138	142	147	150	154	160	164	167	175	182	185	188	191	195	198	201	203	207	211	215	219	222	/
2A_NB	10	a	148	152	156	163	166	171	178	183	187	198	206	210	213	218	223	227	230	232	236	240	244	247	250	259
2A_NB	10	d	149	154	158	165	168	173	180	185	189	200	208	212	215	220	225	228	231	233	237	241	245	248	252	/
2A_NB	11	a	178	181	186	193	196	201	208	212	215	224	230	233	236	239	243	246	249	251	255	260	264	268	271	278
2A_NB	11	d	179	183	188	195	198	203	210	213	216	225	232	235	237	241	244	247	250	253	257	262	265	269	273	/
2A_NB	12	a	190	195	199	206	209	213	219	223	228	238	244	247	249	253	257	260	263	265	269	273	277	280	284	291
2A_NB	12	d	192	196	201	208	211	215	221	225	230	239	245	248	251	255	258	261	264	266	270	274	278	281	285	/
2A_NB	13	a	197	202	207	213	217	221	226	229	233	243	250	253	255	259	262	265	268	270	274	278	282	285	288	296
2A_NB	13	d	199	204	208	215	219	222	227	230	235	244	251	254	257	260	263	266	269	272	275	279	283	286	290	/
2A_NB	14	a	203	207	212	219	223	226	233	236	240	249	256	258	261	264	267	270	274	276	279	283	287	290	293	301
2A_NB	14	d	204	209	214	221	224	227	234	237	241	250	257	259	262	265	268	271	275	277	280	284	288	291	295	/
2A_NB	15	a	209	213	217	224	227	231	238	241	246	256	261	263	266	269	272	275	279	281	284	288	291	295	298	307
2A_NB	15	d	210	215	219	226	229	232	239	243	248	257	262	264	267	270	273	276	280	282	285	289	293	296	300	/
2A_NB	16	a	214	218	222	229	232	236	243	247	251	261	266	268	271	274	277	280	284	286	290	294	297	300	303	312
2A_NB	16	d	215	220	224	231	234	237	244	248	253	262	267	270	272	275	278	281	285	287	291	295	298	301	305	/
2A_NB	17	a	220	224	229	234	237	241	247	252	256	267	272	274	276	279	282	286	290	292	296	300	303	306	309	317
2A_NB	17	d	221	226	230	236	239	242	249	253	258	268	273	275	277	280	284	287	291	293	297	301	304	307	310	/
2A_NB	18	a	246	250	255	261	264	268	272	277	281	292	298	301	303	307	310	312	316	319	323	327	331	334	337	344
2A_NB	18	d	247	252	257	263	266	269	274	278	282	293	299	302	304	308	311	313	317	320	324	328	332	335	338	/
2A_NB	19	a	254	258	262	267	270	273	279	283	288	298	304	307	310	315	319	323	327	331	335	339	343	346	350	358
2A_NB	19	d	255	259	263	269	271	275	280	285	290	299	306	309	312	317	321	325	329	332	336	340	344	348	351	/
2A_NB	20	a	280	284	287	293	296	299	305	309	312	321	327	330	332	336	340	344	348	351	356	359	364	368	373	381
2A_NB	20	d	281	285	288	294	297	300	306	310	313	322	328	331	334	338	342	346	350	353	357	361	366	370	375	/
2A_NB	21	a	286	289	292	298	301	306	313	318	322	331	338	341	344	348	352	355	358	360	363	366	370	373	378	386
2A_NB	21	d	287	290	293	299	303	308	315	319	324	333	339	343	346	349	353	356	359	361	364	367	371	375	380	/
2A_NB	22	a	291	294	298	304	307	311	318	323	327	336	343	346	349	353	358	361	365	367	370	373	377	382	386	394
2A_NB	22	d	292	296	299	305	308	313	320	324	329	338	345	348	351	355	359	363	366	368	371	374	379	383	388	/
2A_NB	23	a	309	314	318	324	326	329	334	338	341	350	356	358	360	364	368	372	375	378	381	385	388	392	397	405
2A_NB	23	d	311	315	319	325	327	330	335	339	342	351	357	359	362	366	370	373	376	379	383	386	389	394	399	/
2A_NB	24	a	323	327	332	338	341	344	351	356	361	371	378	381	384	388	392	394	397	399	403	407	411	414	417	424
2A_NB	24	d	325	329	333	339	342	346	353	358	363	373	380	383	386	390	393	395	398	400	404	408	412	415	418	/
2A_NB	25	a	336	340	344	351	355	358	364	368	373	382	388	392	394	397	401	403	407	410	415	420	425	430	433	441
2A_NB	25	d	338	341	346	353	356	359	366	370	374	383	390	393	395	399	402	405	409	412	417	422	427	431	435	/
2A_NB	26	a	364	367	371	376	380	384	390	394	398	407	415	418	421	425	429	431	434	437	441	444	448	451	455	463
2A_NB	26	d	365	368	372	378	381	386	392	396	400	409	417	419	422	427	430	432	435	438	442	445	449	453	456	/
2A_NB	27	a	392	395	400	406	409	414	420	425	429	438	443	447	450	454	458	461	464	466	469	473	478	482	485	493
2A_NB	27	d	393	397	402	408	411	415	422	426	430	439	445	448	451	455	459	462	465	467	471	475	479	483	486	/
2A_NB	28	a	421	425	430	436	439	443	450	455	459	468	474	477	479	482	486	488	491	493	498	501	505	509	512	520
2A_NB	28	d	422	427	432	438	441	445	452	456	460	469	475	478	480	483	487	489	492	495	499	502	506	510	514	/
2A_NB	29	a	430	435	439	446	448	451	457	461	465	474	481	485	488	491	496	499	502	504	508	511	515	518	521	529
2A_NB	29	d	432	436	441	447	449	453	458	462	466	476	483	487	489	493	497	500	503	505	509	513	516	519	523	/
2A_NB	30	a	439	442	446	452	454	458	463	467	471	481	488	491	493	496	500	504	507	509	513	517	520	523	526	534
2A_NB	30	d	440	443	447	453	455	459	464	469	473	483	489	492	494	498	502	505	508	510	514	518	521	524	528	/
2A_NB	31	a	452	455	459	465	468	473	479	483	487	497	504	508	511	515	518	522	527	531	535	540	544	548	551	558
2A_NB	31	d	453	456	461	467	470	475	481	485	489	499	506	510	512	516	520	524	529	533	537	541	546	549	552	/
2A_NB	32	a	479	483	488	495	499	503	509	512	516	528	534	536	539	544	548	551	555	557	560	565	568	571	575	582
2A_NB	32	d	480	485	490	497	500	505	510	513	517	529	535	538	541	546	549	552	556	558	561	566	569	573	576	/
2A_NB	33	a	505	509	513	518	521	525	531	536	540	550	555	558	560	563	566	569	573	576	580	585	589	593	598	604
2A_NB	33	d	506	510	514	520	523	527	533	537	541	551	556	559	561	564	567	570	574	577	582	587	590	595	599	/
2A_NB	34	a	535	539	543	549	551	555	561	564	568	579	585	587	589	592	595	597	600	603	607	610	614	617	620	629
2A_NB	34	d	536	540	544	550	552	556	562	565	569	580	586	588	590	593	596	598	601	604	608	611	615	618	621	/
2A_NB	35	a	552	555	560	565	567	570	575	579	582	590	596	598	600	603	606	608	612	615	619	622	626	629	632	639
2A_NB	35	d	553	556	561	566	568	571	576	580	583	591	597	599	601	604	607	609	613	616	620	623	627	630	633	/
2A_NB	36	a	557	560	565	570	573	576	581	585	589	598	604	607	609	612	615	617	620	622	626	630	634	639	643	650
2A_NB	36	d	558	561	566	571	574	577	582	586	590	599	605	608	610	613	616	618	621	623	628	632	636	641	645	/
2A_NB	37	a	569	573	577	583	587	591	598	603	606	614	620	623	625	628	633	635	638	640	644	648	651	654	657	663
2A_NB	37	d	570	574	579	585	589	593	600	604	607	615	621	624	626	630	634	636	639	641	645	649	652	655	658	/
2A_NB	38	a	574	578	583	590	594	598	604	608	611	619	625	628	630	633	638	640	643	645	649	653	656	659	662	670
2A_NB	38	d	575	580	585	592	596	600	605	609	612	620	626	629	631	635	639	641	644	646	650	654	657	660	663	/
2A_NB	39	a	579	583	589	595	599	603	609	613	616	623	630	633	636	639	643	645	649	651	655	659	663	666	669	677
2A_NB	39	d	580	585	590	597	601	605	610	614	617	625	631	634	637	640	644	646	650	652	656	660	664	667	670	/
2A_NB	40	a	584	588	594	600	604	608	614	618	621	628	635	638	641	644	647	651	655	657	661	665	669	673	678	685
2A_NB	40	d	585	590	595	602	606	610	615	619	622	630	636	639	642	645	649	652	656	658	662	666	671	675	679	/
2A_NB	41	a	589	593	599	605	609	613	620	624	627	634	640	643	647	650	653	656	660	662	666	670	674	678	683	690
2A_NB	41	d	590	595	600	607	611	615	621	625	628	635	641	645	648	651	654	657	661	663	667	671	676	680	684	/
2A_NB	42	a	602	606	611	617	619	622	628	632	635	644	650	652	655	658	661	664	668	670	674	678	681	684	688	695
2A_NB	42	d	603	607	612	618	620	623	629	633	636	645	651	653	656	659	662	665	669	671	675	679	682	685	689	/
2A_NB	43	a	627	631	635	641	643	647	652	656	659	667	673	676	679	682	686	688	693	696	699	703	708	711	714	721
2A_NB	43	d	628	632	636	642	644	648	653	657	660	669	675	677	680	683	687	690	694	697	701	705	709	712	715	/
2A_NB	44	a	657	660	664	669	671	675	681	685	689	697	703	706	709	712	715	717	721	724	728	733	738	741	744	753
2A_NB	44	d	658	661	665	670	673	676	682	686	690	698	705	707	710	713	716	718	722	726	730	735	739	742	745	/
2A_NB	45	a	662	665	669	674	677	680	686	690	694	703	711	713	716	719	723	726	729	732	735	739	743	746	750	758
2A_NB	45	d	663	666	670	675	678	681	687	692	696	705	712	714	717	720	724	727	730	733	736	740	744	748	751	/
2A_NB	46	a	690	693	698	703	706	710	716	720	724	734	740	743	745	749	752	755	758	761	764	769	772	776	780	787
2A_NB	46	d	691	695	699	704	707	711	717	721	726	735	741	744	746	750	753	756	759	762	766	770	774	778	781	/
2A_NB	47	a	720	724	728	733	735	739	744	749	754	764	769	771	773	777	780	784	788	790	795	798	803	807	810	818
2A_NB	47	d	721	725	729	734	737	740	746	751	756	765	770	772	774	778	782	785	789	792	796	800	804	808	811	/
2A_NB	48	a	750	753	757	763	766	769	774	778	783	791	797	799	803	807	810	814	817	820	825	829	833	836	839	846
2A_NB	48	d	751	754	758	764	767	770	775	780	784	792	798	801	804	808	812	815	819	822	826	830	834	837	840	/
2A_NB	49	a	780	783	787	793	795	798	803	807	811	821	827	830	833	837	841	844	848	851	854	858	861	864	867	874
2A_NB	49	d	781	784	788	794	796	799	804	808	812	822	828	831	834	838	842	845	849	852	855	859	862	865	868	/
2A_NB	50	a	796	799	803	809	811	815	821	824	828	838	844	846	848	852	856	859	863	866	869	873	876	880	884	890
2A_NB	50	d	797	800	804	810	812	816	822	825	829	839	845	847	849	853	857	860	864	867	870	874	877	881	885	/
2A_NB	51	a	814	817	821	827	830	834	839	842	845	854	860	862	865	869	872	875	879	881	885	889	893	897	900	908
2A_NB	51	d	815	818	822	828	831	835	840	843	846	855	861	863	866	870	873	876	880	882	886	890	894	898	901	/
2A_NB	52	a	831	834	838	844	847	850	855	859	862	870	875	877	880	883	886	889	893	895	898	902	906	909	912	920
2A_NB	52	d	832	835	839	845	848	851	856	860	863	871	876	878	881	884	887	890	894	896	899	903	907	910	913	/
2A_NB	53	a	846	850	854	859	861	865	871	875	879	888	894	896	898	902	906	909	912	914	918	922	925	928	931	940
2A_NB	53	d	847	851	855	860	862	866	872	876	880	889	895	897	899	903	907	910	913	915	919	923	926	929	932	/
2A_NB	54	a	864	868	872	878	880	884	889	893	896	906	912	914	917	921	924	927	931	933	937	941	945	948	951	960
2A_NB	54	d	865	869	873	879	881	885	890	894	897	907	913	915	918	922	925	928	932	934	938	942	946	949	952	/
2A_NB	55	a	881	884	888	894	896	899	905	909	912	922	928	931	933	936	939	942	946	948	952	956	959	962	966	973
2A_NB	55	d	882	885	889	895	897	900	906	910	913	923	929	932	934	937	940	943	947	949	953	957	960	963	967	/
2A_NB	56	a	894	897	901	906	909	913	919	923	927	935	941	944	946	950	953	956	959	961	965	968	971	974	978	985
2A_NB	56	d	895	898	902	907	910	914	920	924	928	936	942	945	947	951	954	957	960	962	966	969	972	975	979	/
2A_NB	57	a	908	912	916	921	924	927	932	936	939	949	956	959	961	964	967	970	973	975	978	982	985	989	992	998
2A_NB	57	d	909	913	917	922	925	928	933	937	940	950	957	960	962	965	968	971	974	976	979	983	986	990	993	/
2A_NB	58	a	924	927	931	937	939	942	948	951	955	964	970	972	974	977	980	983	986	988	991	994	997	1001	1004	1012
2A_NB	58	d	925	928	932	938	940	943	949	952	956	965	971	973	975	978	981	984	987	989	992	995	998	1002	1005	/
2A_NB	59	a	941	944	948	954	957	960	965	968	971	980	986	988	991	995	998	1000	1003	1005	1009	1013	1016	1020	1023	1031
2A_NB	59	d	942	945	949	955	958	961	966	969	972	981	987	989	992	996	999	1001	1004	1006	1010	1014	1017	1021	1024	/
2A_NB	60	a	957	961	965	971	973	976	981	985	988	995	1002	1004	1007	1011	1014	1016	1019	1022	1026	1029	1032	1036	1039	1047
2A_NB	60	d	958	962	966	972	974	977	982	986	989	996	1003	1005	1008	1012	1015	1017	1020	1023	1027	1030	1033	1037	1040	/
2A_NB	61	a	972	976	980	985	988	992	997	1001	1005	1016	1022	1024	1027	1031	1035	1037	1040	1043	1047	1051	1054	1057	1060	1067
2A_NB	61	d	973	977	981	986	989	993	998	1002	1006	1017	1023	1025	1028	1032	1036	1038	1041	1044	1048	1052	1055	1058	1061	/
2A_NB	62	a	985	989	993	998	1001	1005	1010	1014	1018	1029	1036	1039	1041	1044	1047	1049	1053	1056	1060	1064	1067	1070	1073	1081
2A_NB	62	d	986	990	994	999	1002	1006	1011	1015	1019	1030	1037	1040	1042	1045	1048	1050	1054	1057	1061	1065	1068	1071	1074	/
2A_NB	63	a	999	1003	1007	1012	1015	1019	1024	1027	1031	1042	1048	1051	1053	1057	1060	1063	1067	1070	1074	1077	1080	1084	1087	1093
2A_NB	63	d	1000	1004	1008	1013	1016	1020	1025	1028	1032	1043	1049	1052	1054	1058	1061	1064	1068	1071	1075	1078	1081	1085	1088	/
2A_NB	64	a	1017	1021	1025	1030	1032	1036	1042	1046	1049	1059	1065	1067	1069	1072	1075	1078	1082	1084	1088	1091	1095	1098	1101	1109
2A_NB	64	d	1018	1022	1026	1031	1033	1037	1043	1047	1050	1060	1066	1068	1070	1073	1076	1079	1083	1085	1089	1092	1096	1099	1102	/
2A_SB	1	a	4	10	16	21	25	28	31	34	37	41	46	49	53	56	60	67	74	77	82	88	91	96	100	103	113
2A_SB	1	d	5	11	18	22	26	29	32	35	38	43	47	51	54	57	62	69	75	79	84	89	93	97	101	104	/
2A_SB	2	a	16	22	28	32	36	39	41	45	50	55	60	63	67	72	76	83	89	93	97	103	106	110	114	117	127
2A_SB	2	d	17	24	29	33	38	40	43	47	52	57	61	65	69	74	77	84	91	94	98	104	107	111	115	118	/
2A_SB	3	a	32	38	43	47	51	54	57	62	67	72	77	80	84	88	93	101	106	110	114	120	123	128	132	135	145
2A_SB	3	d	33	39	44	49	53	56	59	64	69	74	79	82	86	90	94	102	107	111	115	121	124	129	133	136	/
2A_SB	4	a	46	53	59	63	67	71	74	79	84	89	94	98	102	106	109	117	124	128	132	138	141	145	149	153	163
2A_SB	4	d	48	55	61	65	69	73	76	81	86	91	96	100	104	107	111	119	125	129	133	139	142	146	150	154	/
2A_SB	5	a	63	70	76	80	83	85	87	91	95	99	103	106	110	114	118	125	131	135	139	144	147	152	156	160	170
2A_SB	5	d	65	71	77	81	84	86	88	92	96	100	104	107	111	116	119	126	132	136	140	145	149	153	157	161	/
2A_SB	6	a	78	84	90	94	99	101	103	106	110	115	119	122	127	131	134	141	147	151	155	161	163	167	171	174	183
2A_SB	6	d	80	85	92	96	100	102	104	108	112	117	121	124	129	132	135	142	148	152	156	162	164	168	172	175	/
2A_SB	7	a	94	100	107	111	115	117	120	123	126	130	133	135	139	142	145	152	157	160	164	171	175	180	185	189	200
2A_SB	7	d	96	102	109	113	116	119	121	124	127	131	134	136	140	143	146	153	158	161	165	173	177	182	187	191	/
2A_SB	8	a	115	122	129	133	137	139	141	144	147	151	155	157	161	164	168	176	182	185	190	197	200	205	208	212	221
2A_SB	8	d	117	124	131	135	138	140	142	145	148	152	156	158	162	165	169	177	183	187	191	198	201	206	210	213	/
2A_SB	9	a	127	133	139	142	146	149	152	156	159	163	167	170	174	177	181	188	193	196	200	206	209	214	219	223	232
2A_SB	9	d	128	134	140	144	148	151	154	157	160	164	168	171	175	178	182	189	194	197	201	207	211	216	221	224	/
2A_SB	10	a	145	149	154	159	162	165	168	171	175	178	182	185	188	191	194	200	206	209	214	221	224	230	234	237	247
2A_SB	10	d	146	150	156	160	163	166	169	172	176	179	183	186	189	192	195	201	207	211	215	222	226	231	235	238	/
2A_SB	11	a	154	159	165	170	173	176	180	185	189	194	198	201	206	210	214	221	227	230	233	240	243	247	251	255	266
2A_SB	11	d	155	161	167	171	175	178	182	187	191	196	200	203	208	212	215	222	228	231	234	242	244	249	253	257	/
2A_SB	12	a	172	177	183	187	191	193	196	199	203	208	213	215	218	223	227	233	239	243	246	251	254	259	263	266	276
2A_SB	12	d	173	178	185	189	192	195	197	200	205	210	214	216	220	225	228	234	240	244	247	253	256	260	264	267	/
2A_SB	13	a	183	189	196	199	202	205	207	210	213	217	221	223	228	233	237	243	249	253	256	261	263	267	271	275	284
2A_SB	13	d	184	191	197	200	203	206	208	211	214	218	222	225	230	235	238	244	250	254	257	262	264	268	272	276	/
2A_SB	14	a	199	204	210	214	218	222	226	230	234	238	243	246	250	254	258	264	271	276	280	285	287	292	296	300	311
2A_SB	14	d	200	205	212	216	220	224	228	232	235	240	244	248	252	256	259	266	273	277	281	286	288	293	297	301	/
2A_SB	15	a	214	220	226	230	235	238	242	247	250	253	258	262	267	271	276	284	289	292	296	302	305	310	314	318	329
2A_SB	15	d	216	221	227	232	236	240	244	248	251	255	260	264	269	273	277	285	290	293	297	303	306	311	315	319	/
2A_SB	16	a	229	236	243	248	252	256	260	263	266	269	273	275	278	283	288	297	303	308	311	317	320	325	328	332	341
2A_SB	16	d	231	238	245	250	254	258	261	264	267	270	274	276	280	285	290	299	305	309	312	318	321	326	329	333	/
2A_SB	17	a	241	246	252	257	261	265	268	272	277	280	284	286	290	293	297	305	312	316	320	325	328	333	338	342	352
2A_SB	17	d	242	247	254	259	263	266	270	274	278	281	285	287	291	294	298	306	313	317	321	326	330	335	339	344	/
2A_SB	18	a	265	270	276	279	283	286	289	292	296	299	302	304	307	311	314	322	329	332	336	342	346	350	353	357	369
2A_SB	18	d	266	272	277	280	285	287	290	293	297	300	303	305	308	312	315	323	330	334	337	344	347	351	354	359	/
2A_SB	19	a	276	281	286	290	293	296	300	304	308	312	316	319	323	326	329	337	343	346	351	358	360	365	369	374	385
2A_SB	19	d	277	282	288	291	295	298	302	306	310	314	318	320	324	327	331	339	344	348	353	359	362	367	371	376	/
2A_SB	20	a	289	295	300	304	308	312	315	319	324	329	333	337	342	346	350	358	364	368	371	378	381	386	390	394	405
2A_SB	20	d	290	296	302	306	310	314	317	321	326	331	335	339	344	347	351	360	365	369	372	380	383	388	392	395	/
2A_SB	21	a	304	309	316	319	323	326	329	333	338	343	348	351	356	361	365	373	378	381	385	392	395	399	402	405	414
2A_SB	21	d	305	311	317	320	324	327	330	335	340	345	350	353	358	363	367	374	379	382	386	393	396	400	403	406	/
2A_SB	22	a	319	324	331	334	339	343	346	350	354	359	364	367	372	376	381	389	395	398	402	408	411	416	420	423	434
2A_SB	22	d	320	325	332	336	341	344	348	351	356	361	366	369	374	378	382	390	396	399	403	409	412	417	421	424	/
2A_SB	23	a	334	341	348	352	356	359	362	366	370	375	378	382	387	391	394	403	410	414	418	423	425	429	433	436	445
2A_SB	23	d	336	343	350	353	357	360	364	368	372	376	380	384	389	392	396	405	412	415	419	424	426	430	434	437	/
2A_SB	24	a	355	361	368	373	377	380	383	387	391	395	399	402	405	409	413	420	427	430	434	440	442	448	452	455	464
2A_SB	24	d	357	363	370	375	378	381	384	388	392	396	400	403	406	410	414	421	428	432	435	441	444	449	453	456	/
2A_SB	25	a	363	370	376	380	384	388	392	396	400	404	407	410	414	418	422	430	437	441	445	452	455	461	465	468	478
2A_SB	25	d	365	371	377	382	386	390	394	397	401	405	408	411	415	419	424	431	438	443	447	454	457	462	466	470	/
2A_SB	26	a	385	392	397	401	406	410	413	416	420	424	428	430	433	436	440	448	454	458	462	468	471	476	480	484	495
2A_SB	26	d	387	393	399	403	408	411	414	417	421	425	429	431	434	437	441	449	455	459	463	469	472	478	481	485	/
2A_SB	27	a	396	401	406	410	414	417	420	423	426	430	434	436	440	443	448	456	462	466	470	478	482	487	491	496	505
2A_SB	27	d	397	402	407	411	415	418	421	424	427	431	435	438	441	445	449	457	463	467	472	480	484	489	493	497	/
2A_SB	28	a	403	408	414	419	424	428	432	435	439	442	446	448	451	454	457	463	469	472	476	484	487	492	496	500	510
2A_SB	28	d	404	409	416	421	426	430	433	436	440	443	447	449	452	455	458	464	470	473	478	485	489	494	498	502	/
2A_SB	29	a	414	420	426	429	433	437	441	445	450	454	459	462	465	469	474	481	487	490	494	499	502	507	512	515	524
2A_SB	29	d	416	422	427	430	435	439	443	447	452	456	461	463	466	471	475	482	488	491	495	500	503	509	513	516	/
2A_SB	30	a	423	429	435	438	442	446	450	453	458	462	466	469	473	478	483	491	497	501	504	509	512	517	521	524	534
2A_SB	30	d	425	431	436	439	444	448	451	455	460	463	468	471	475	480	484	492	498	502	505	510	513	518	522	525	/
2A_SB	31	a	438	444	450	453	457	459	461	464	469	474	479	482	487	491	495	502	508	512	516	522	525	530	533	536	546
2A_SB	31	d	440	445	451	455	458	460	462	466	471	476	481	484	489	492	496	503	509	513	517	523	526	531	534	537	/
2A_SB	32	a	453	460	466	470	474	477	481	484	488	492	495	497	500	504	507	515	522	525	528	533	536	541	545	548	559
2A_SB	32	d	455	461	467	471	476	479	482	485	489	493	496	498	501	505	509	517	523	526	529	534	537	542	546	549	/
2A_SB	33	a	468	474	480	483	486	488	491	494	497	501	504	506	509	512	516	523	529	532	535	540	544	549	553	556	567
2A_SB	33	d	470	475	481	484	487	489	492	495	498	502	505	507	510	514	517	524	530	533	536	542	545	550	554	558	/
2A_SB	34	a	480	487	493	498	501	503	505	508	511	515	518	520	524	527	531	539	545	548	552	557	559	564	567	571	580
2A_SB	34	d	482	489	495	499	502	504	506	509	512	516	519	521	525	528	533	541	546	549	553	558	560	565	568	572	/
2A_SB	35	a	486	493	498	503	507	509	512	516	519	523	526	529	533	536	540	547	552	555	559	564	566	572	576	581	591
2A_SB	35	d	488	494	500	505	508	510	514	517	520	524	527	530	534	537	541	548	553	556	560	565	568	574	578	583	/
2A_SB	36	a	501	506	513	518	522	524	527	530	533	536	540	543	547	550	553	560	565	569	573	578	582	586	589	592	601
2A_SB	36	d	502	508	515	520	523	525	528	531	534	537	541	544	548	551	554	561	566	570	574	580	583	587	590	593	/
2A_SB	37	a	507	512	520	524	527	530	533	536	539	542	546	549	553	556	560	567	572	576	581	587	591	596	600	603	611
2A_SB	37	d	508	514	521	525	528	531	534	537	540	543	547	550	554	557	561	568	574	578	583	589	593	598	601	604	/
2A_SB	38	a	513	519	526	530	533	536	540	543	547	550	554	556	559	562	566	573	578	582	587	595	598	603	607	610	619
2A_SB	38	d	514	520	527	531	534	538	541	544	548	551	555	557	560	563	567	574	580	584	589	596	600	604	608	612	/
2A_SB	39	a	533	538	544	548	552	555	559	562	566	571	574	576	579	583	586	596	603	608	613	619	623	628	633	637	646
2A_SB	39	d	534	539	546	550	554	557	560	563	568	572	575	577	580	584	588	598	605	610	615	621	625	630	634	638	/
2A_SB	40	a	558	564	571	576	580	582	585	588	592	597	601	603	607	610	615	622	628	632	636	643	646	651	654	658	666
2A_SB	40	d	559	566	573	578	581	583	586	590	594	599	602	605	608	612	617	623	630	633	638	644	647	652	656	659	/
2A_SB	41	a	584	590	596	600	604	608	611	614	617	621	625	627	630	634	637	644	650	653	656	662	665	669	672	676	685
2A_SB	41	d	585	592	598	602	606	609	612	615	618	622	626	628	631	635	638	645	651	654	657	663	666	670	673	677	/
2A_SB	42	a	590	596	601	605	609	613	616	619	622	626	630	632	635	639	642	649	655	658	661	667	670	674	678	681	690
2A_SB	42	d	591	597	603	607	611	614	617	620	623	627	631	633	636	640	643	650	656	659	662	668	671	676	679	682	/
2A_SB	43	a	595	601	608	611	614	618	620	624	627	631	635	637	640	644	647	655	661	665	668	674	677	682	685	688	697
2A_SB	43	d	596	602	609	612	616	619	622	625	628	632	636	638	641	645	648	656	662	666	669	675	679	683	686	689	/
2A_SB	44	a	600	606	613	616	619	623	625	629	632	635	640	642	645	648	652	660	666	670	673	681	684	688	691	695	703
2A_SB	44	d	601	607	614	617	621	624	627	630	633	637	641	643	646	650	653	661	667	671	675	682	685	689	692	696	/
2A_SB	45	a	605	611	618	621	624	628	630	635	638	641	645	647	650	654	658	666	672	676	680	687	690	694	698	702	710
2A_SB	45	d	606	612	619	622	626	629	632	636	639	642	646	648	652	656	660	667	673	677	681	688	691	695	699	703	/
2A_SB	46	a	610	616	623	626	629	633	636	640	643	646	650	652	656	660	665	673	679	683	688	694	698	703	708	712	721
2A_SB	46	d	611	617	624	627	631	634	637	641	644	647	651	654	658	662	667	675	681	685	690	696	700	705	709	713	/
2A_SB	47	a	615	620	628	631	634	638	641	645	648	652	656	658	661	666	671	679	685	689	693	699	703	708	713	717	726
2A_SB	47	d	616	622	629	632	636	639	642	646	649	653	657	659	663	668	673	681	687	691	695	701	705	710	714	718	/
2A_SB	48	a	622	627	635	639	643	647	650	653	656	661	665	668	673	677	680	687	692	695	698	704	708	713	718	723	733
2A_SB	48	d	623	629	637	641	645	648	651	654	658	663	667	670	675	678	681	688	693	696	700	706	710	715	720	724	/
2A_SB	49	a	633	639	645	649	653	656	659	663	667	671	675	678	682	685	689	697	702	706	711	719	722	728	733	737	748
2A_SB	49	d	634	640	647	651	654	657	661	665	668	673	677	679	683	687	691	698	704	708	713	721	724	730	735	738	/
2A_SB	50	a	663	668	675	678	682	686	689	693	697	701	704	707	711	715	719	727	732	737	741	747	750	754	757	761	772
2A_SB	50	d	664	670	676	680	684	687	690	694	698	702	706	709	713	716	721	728	734	738	742	748	751	755	759	763	/
2A_SB	51	a	693	698	705	708	713	715	719	722	727	731	734	737	742	745	749	756	763	766	771	777	779	784	787	792	802
2A_SB	51	d	694	700	706	710	714	717	720	724	728	732	736	739	743	746	751	758	764	768	772	778	780	785	789	793	/
2A_SB	52	a	723	728	735	738	742	745	749	752	757	761	765	768	772	775	778	786	792	797	800	806	809	814	818	822	831
2A_SB	52	d	724	730	736	740	744	747	750	754	758	762	766	769	773	776	780	788	794	798	801	807	810	815	819	823	/
2A_SB	53	a	753	759	765	768	772	776	779	783	786	790	794	797	801	804	808	816	823	826	830	836	839	843	847	850	860
2A_SB	53	d	754	760	766	770	774	777	780	784	787	791	795	798	802	806	810	818	824	828	831	837	840	845	848	852	/
2A_SB	54	a	783	789	794	798	802	805	809	813	816	820	823	826	830	835	838	847	852	856	860	866	869	873	876	881	890
2A_SB	54	d	784	790	796	800	804	807	810	814	817	821	825	828	832	836	840	848	853	857	861	867	870	874	878	882	/
2A_SB	55	a	813	818	825	829	832	836	839	842	845	849	853	856	860	865	868	875	882	886	890	896	899	903	907	910	920
2A_SB	55	d	814	820	826	830	834	837	840	843	846	850	855	858	862	866	870	877	883	887	891	897	900	904	908	911	/
2A_SB	56	a	843	848	854	858	862	865	869	872	875	879	883	886	890	894	898	906	912	915	919	924	927	932	936	940	949
2A_SB	56	d	844	850	856	860	864	867	870	873	876	880	885	888	892	896	900	907	913	916	920	925	928	933	937	941	/
2A_SB	57	a	871	876	883	888	892	895	898	902	905	909	914	916	920	924	928	936	941	944	947	952	955	960	963	967	979
2A_SB	57	d	872	878	885	889	893	897	900	903	906	910	915	917	921	926	930	937	942	945	948	953	956	961	964	968	/
2A_SB	58	a	884	889	895	899	902	904	907	910	913	918	922	924	928	932	935	942	947	950	953	958	961	966	969	973	985
2A_SB	58	d	885	890	896	900	903	905	908	911	915	919	923	925	930	933	936	943	948	951	954	959	962	967	970	974	/
2A_SB	59	a	893	898	904	908	911	913	916	919	923	928	933	935	939	942	945	952	958	962	966	972	975	979	983	987	997
2A_SB	59	d	894	900	905	909	912	915	917	920	925	930	934	936	940	943	946	954	960	963	967	973	976	980	984	988	/
2A_SB	60	a	899	904	909	913	916	919	921	924	929	933	938	940	944	948	952	959	964	967	971	977	980	984	988	992	1001
2A_SB	60	d	900	905	910	914	917	920	922	926	931	935	939	941	945	949	953	960	965	968	972	978	981	985	989	993	/
2A_SB	61	a	921	927	934	939	943	947	950	953	957	960	964	967	971	975	978	985	990	994	998	1004	1006	1011	1015	1018	1030
2A_SB	61	d	922	929	936	941	945	948	951	954	958	961	965	968	972	976	979	986	991	995	999	1005	1007	1012	1016	1019	/
2A_SB	62	a	951	955	962	965	968	971	974	978	982	986	990	993	998	1002	1007	1013	1018	1021	1024	1030	1032	1036	1039	1042	1052
2A_SB	62	d	952	957	963	966	970	973	976	979	984	988	992	995	1000	1004	1008	1014	1019	1022	1025	1031	1033	1037	1040	1043	/
2A_SB	63	a	980	986	992	995	999	1002	1005	1008	1011	1015	1018	1021	1024	1028	1031	1038	1043	1047	1051	1056	1059	1064	1067	1070	1079
2A_SB	63	d	981	987	993	996	1000	1003	1006	1009	1012	1016	1019	1022	1025	1029	1032	1039	1044	1048	1052	1057	1060	1065	1068	1071	/
2A_SB	64	a	998	1005	1011	1014	1017	1020	1022	1025	1029	1033	1037	1039	1042	1046	1050	1057	1063	1066	1070	1077	1080	1085	1088	1092	1101
2A_SB	64	d	999	1006	1012	1015	1018	1021	1023	1026	1030	1034	1038	1040	1043	1047	1051	1058	1064	1067	1071	1078	1081	1086	1089	1093	/
3A_SB	1	a	14	19	22	25	28	31	34	38	42	45	49	52	55	62	65
3A_SB	1	d	15	20	23	26	29	32	35	39	43	46	50	53	56	63	/
3A_SB	2	a	28	33	37	42	47	51	54	58	63	66	71	74	78	85	89
3A_SB	2	d	29	34	39	44	49	53	56	60	65	67	72	75	79	86	/
3A_SB	3	a	51	57	62	66	69	71	73	77	81	83	88	91	94	100	103
3A_SB	3	d	52	59	63	67	70	72	74	78	82	84	89	92	95	101	/
3A_SB	4	a	69	74	78	82	85	87	90	94	98	100	105	108	111	117	121
3A_SB	4	d	70	75	79	83	86	89	92	95	99	101	106	109	112	119	/
3A_SB	5	a	92	98	103	107	111	113	115	119	123	126	131	134	137	142	145
3A_SB	5	d	93	100	104	108	112	114	116	120	124	127	132	135	138	143	/
3A_SB	6	a	102	108	111	115	119	121	123	127	131	134	139	142	145	150	154
3A_SB	6	d	103	109	112	116	120	122	124	128	132	135	140	143	146	151	/
3A_SB	7	a	123	128	132	136	139	141	143	146	149	151	156	159	162	168	173
3A_SB	7	d	124	130	133	137	140	142	144	147	150	152	157	160	163	170	/
3A_SB	8	a	129	134	138	141	144	146	148	151	155	157	162	165	168	174	178
3A_SB	8	d	130	136	139	142	145	147	149	152	156	158	163	166	169	175	/
3A_SB	9	a	145	150	154	158	162	164	167	170	174	176	181	184	188	193	197
3A_SB	9	d	146	152	155	159	163	165	168	171	175	177	182	185	189	195	/
3A_SB	10	a	153	158	161	166	170	173	177	181	186	188	192	195	198	204	207
3A_SB	10	d	154	159	163	168	172	175	179	183	187	189	193	196	199	205	/
3A_SB	11	a	165	170	174	178	182	185	189	194	198	200	205	208	211	217	221
3A_SB	11	d	166	171	176	180	184	187	191	196	199	201	206	209	212	219	/
3A_SB	12	a	190	196	200	204	207	210	212	215	219	221	226	229	233	238	243
3A_SB	12	d	191	197	201	205	208	211	213	216	220	222	227	230	234	240	/
3A_SB	13	a	195	201	206	210	214	217	219	222	226	228	233	236	240	246	251
3A_SB	13	d	196	203	207	211	215	218	220	223	227	229	234	237	241	248	/
3A_SB	14	a	201	207	211	215	219	222	224	228	231	234	239	242	245	251	256
3A_SB	14	d	202	208	212	216	220	223	226	229	233	235	240	243	246	253	/
3A_SB	15	a	211	216	220	225	229	232	235	238	241	243	248	251	254	260	263
3A_SB	15	d	212	218	222	226	230	233	236	239	242	244	249	252	255	261	/
3A_SB	16	a	222	227	231	235	240	243	246	250	254	256	261	264	268	275	279
3A_SB	16	d	223	228	232	237	241	245	248	252	255	257	262	265	270	277	/
3A_SB	17	a	250	256	260	264	268	271	274	278	282	284	288	292	295	300	303
3A_SB	17	d	251	257	261	265	269	272	275	279	283	285	289	293	296	301	/
3A_SB	18	a	263	268	272	276	280	282	285	289	292	294	298	302	305	311	314
3A_SB	18	d	264	270	273	277	281	283	286	290	293	295	299	303	306	312	/
3A_SB	19	a	273	278	282	286	289	292	294	298	301	303	308	312	315	320	323
3A_SB	19	d	274	280	283	287	290	293	295	299	302	304	309	313	316	321	/
3A_SB	20	a	286	290	294	299	303	306	310	315	319	321	326	329	333	339	343
3A_SB	20	d	287	292	296	301	305	308	312	316	320	322	327	330	334	340	/
3A_SB	21	a	304	309	313	317	320	322	325	329	334	336	340	344	347	352	356
3A_SB	21	d	305	310	314	318	321	324	327	331	335	337	341	345	348	353	/
3A_SB	22	a	314	318	323	327	330	332	334	337	342	345	350	353	356	362	366
3A_SB	22	d	315	320	324	328	331	333	335	339	344	347	351	354	358	364	/
3A_SB	23	a	342	347	352	356	359	361	363	366	370	372	377	381	384	390	394
3A_SB	23	d	343	349	353	357	360	362	364	367	371	373	378	382	385	391	/
3A_SB	24	a	359	364	368	372	375	378	380	384	388	390	395	398	401	407	410
3A_SB	24	d	360	366	369	373	376	379	381	385	389	391	396	399	402	408	/
3A_SB	25	a	373	378	383	387	390	392	394	397	401	403	408	411	414	419	423
3A_SB	25	d	374	380	384	388	391	393	395	398	402	404	409	412	415	420	/
3A_SB	26	a	386	392	396	400	403	405	408	413	418	420	425	428	431	437	440
3A_SB	26	d	387	394	397	401	404	407	410	415	419	421	426	429	432	438	/
3A_SB	27	a	397	402	405	409	413	416	419	422	427	429	434	437	441	447	450
3A_SB	27	d	398	403	406	411	415	418	420	424	428	430	435	438	442	448	/
3A_SB	28	a	408	413	418	423	427	431	435	440	444	447	451	454	457	465	468
3A_SB	28	d	409	415	420	425	429	433	437	442	445	448	452	455	458	466	/
3A_SB	29	a	433	438	443	447	450	452	455	458	462	464	468	471	474	481	485
3A_SB	29	d	434	440	444	448	451	453	456	459	463	465	469	472	475	482	/
3A_SB	30	a	446	452	456	460	463	466	469	474	478	480	485	488	491	497	500
3A_SB	30	d	447	454	457	461	465	468	471	476	479	481	486	489	492	498	/
3A_SB	31	a	459	464	468	472	475	478	480	484	487	489	494	498	501	507	510
3A_SB	31	d	460	465	469	473	477	479	482	485	488	490	495	499	502	508	/
3A_SB	32	a	464	470	474	478	482	486	489	492	496	499	504	508	512	517	521
3A_SB	32	d	465	471	475	480	484	488	490	494	498	500	505	510	513	518	/
3A_SB	33	a	479	485	488	492	496	500	503	508	511	513	518	523	527	534	538
3A_SB	33	d	480	486	490	494	498	502	505	509	512	514	520	525	529	535	/
3A_SB	34	a	488	494	499	503	507	510	513	517	521	523	528	532	535	541	545
3A_SB	34	d	489	496	500	504	508	511	514	518	522	524	529	533	536	543	/
3A_SB	35	a	499	505	509	513	516	518	521	525	529	531	537	541	544	549	552
3A_SB	35	d	500	506	510	514	517	519	522	526	530	533	538	542	545	550	/
3A_SB	36	a	507	513	517	521	524	527	529	532	536	538	543	546	549	554	557
3A_SB	36	d	508	514	518	522	525	528	530	533	537	539	544	547	550	555	/
3A_SB	37	a	513	518	523	527	531	534	536	540	545	547	553	556	560	566	569
3A_SB	37	d	514	520	524	528	532	535	538	542	546	548	554	557	561	567	/
3A_SB	38	a	527	532	536	540	543	546	549	553	558	561	566	570	573	578	581
3A_SB	38	d	528	533	537	541	545	547	551	555	559	562	567	571	574	579	/
3A_SB	39	a	538	543	547	550	553	555	557	561	565	568	573	577	580	585	589
3A_SB	39	d	539	544	548	551	554	556	558	562	566	569	574	578	581	586	/
3A_SB	40	a	559	564	568	572	576	578	580	584	588	590	594	597	600	605	609
3A_SB	40	d	560	566	569	573	577	579	581	585	589	591	595	598	601	606	/
3A_SB	41	a	581	586	590	594	598	602	606	609	613	615	619	623	626	631	635
3A_SB	41	d	582	587	591	596	600	604	607	610	614	616	620	624	627	632	/
3A_SB	42	a	593	598	602	606	609	612	615	619	623	626	630	633	636	642	646
3A_SB	42	d	594	599	603	607	610	613	617	620	625	627	631	634	637	643	/
3A_SB	43	a	608	613	617	621	624	626	629	632	636	639	644	647	652	658	663
3A_SB	43	d	609	615	618	622	625	627	630	633	637	640	645	649	654	660	/
3A_SB	44	a	613	618	622	626	629	632	634	637	641	644	649	652	657	663	668
3A_SB	44	d	614	620	623	627	630	633	635	638	642	645	650	654	659	665	/
3A_SB	45	a	619	625	628	632	636	640	642	645	649	652	657	660	663	669	673
3A_SB	45	d	620	626	630	634	638	641	643	646	650	653	658	661	664	670	/
3A_SB	46	a	649	655	659	663	667	669	671	675	679	682	686	690	693	699	702
3A_SB	46	d	650	656	660	664	668	670	672	676	680	683	688	691	694	700	/
3A_SB	47	a	679	684	688	692	695	698	701	705	709	712	717	720	723	728	732
3A_SB	47	d	680	685	690	693	696	699	702	706	710	713	718	721	724	730	/
3A_SB	48	a	685	690	693	697	700	703	706	710	714	717	722	725	728	733	737
3A_SB	48	d	686	691	695	698	701	704	707	711	715	718	723	726	729	735	/
3A_SB	49	a	713	718	722	726	729	732	735	739	743	745	750	753	757	763	766
3A_SB	49	d	714	720	723	727	730	733	736	740	744	746	751	754	758	764	/
3A_SB	50	a	718	723	727	731	734	736	739	744	748	750	755	758	762	768	771
3A_SB	50	d	719	725	728	732	735	738	741	745	749	751	756	759	763	769	/
3A_SB	51	a	725	730	734	738	742	745	748	753	757	759	764	768	772	778	782
3A_SB	51	d	726	732	736	740	744	747	750	754	758	760	765	769	773	780	/
3A_SB	52	a	730	735	739	743	747	750	753	758	762	764	769	773	778	786	789
3A_SB	52	d	731	737	741	745	749	752	755	759	763	765	770	775	780	787	/
3A_SB	53	a	739	744	748	753	757	760	762	766	770	772	777	781	784	791	794
3A_SB	53	d	740	746	750	754	758	761	763	767	771	773	778	782	785	792	/
3A_SB	54	a	768	774	778	783	787	789	791	795	799	801	806	810	813	819	822
3A_SB	54	d	769	775	780	784	788	790	792	796	800	802	807	811	814	820	/
3A_SB	55	a	773	779	783	788	792	794	797	800	804	806	811	814	818	824	827
3A_SB	55	d	774	780	785	789	793	795	798	801	805	807	812	816	819	825	/
3A_SB	56	a	778	784	788	793	797	799	802	805	809	811	816	819	823	829	832
3A_SB	56	d	779	785	790	795	798	800	803	806	810	812	817	821	824	830	/
3A_SB	57	a	798	803	808	813	817	820	823	828	832	834	839	842	845	851	854
3A_SB	57	d	799	805	810	815	819	822	825	829	833	835	840	843	846	852	/
3A_SB	58	a	803	808	813	818	822	825	828	833	837	839	843	847	850	856	859
3A_SB	58	d	804	810	815	820	824	827	830	834	838	840	845	848	851	857	/
3A_SB	59	a	828	833	838	842	846	848	850	853	857	860	866	871	875	883	887
3A_SB	59	d	829	835	840	843	847	849	851	855	859	862	868	873	877	885	/
3A_SB	60	a	848	853	858	862	866	868	870	873	877	879	884	888	891	897	900
3A_SB	60	d	849	855	859	863	867	869	871	874	878	880	885	889	892	898	/
3A_SB	61	a	873	878	883	888	891	893	896	899	904	906	911	914	917	923	928
3A_SB	61	d	874	880	885	889	892	894	897	901	905	907	912	915	918	925	/
3A_SB	62	a	903	908	912	915	919	923	925	930	934	936	941	944	947	953	957
3A_SB	62	d	904	909	913	917	921	924	927	931	935	937	942	945	948	955	/
3A_SB	63	a	933	938	942	946	950	952	955	959	964	966	971	974	977	984	988
3A_SB	63	d	934	939	943	947	951	954	957	961	965	967	972	975	978	985	/
3A_SB	64	a	963	968	972	976	980	983	986	990	993	995	1000	1003	1006	1011	1014
3A_SB	64	d	964	969	973	977	981	984	987	991	994	996	1001	1004	1007	1012	/
3A_NB	1	a	27	31	35	38	42	46	51	56	60	65	70	75	79	83	89	94	98
3A_NB	1	d	28	32	36	39	44	48	53	58	62	67	72	77	81	85	91	96	/
3A_NB	2	a	47	51	55	58	61	65	69	73	77	82	85	89	93	96	100	105	109
3A_NB	2	d	48	52	56	59	63	66	71	75	78	83	86	91	95	97	102	106	/
3A_NB	3	a	63	66	70	73	77	80	85	90	93	98	101	105	109	112	117	120	123
3A_NB	3	d	64	67	71	75	78	82	87	92	95	99	102	106	110	113	118	121	/
3A_NB	4	a	77	80	83	88	92	96	101	105	109	114	118	121	124	126	131	135	139
3A_NB	4	d	78	81	85	90	94	98	103	107	111	115	119	122	125	127	132	136	/
3A_NB	5	a	82	85	88	93	97	101	106	111	114	119	123	127	130	133	139	142	147
3A_NB	5	d	83	86	90	95	99	103	108	112	116	120	124	128	132	135	140	144	/
3A_NB	6	a	103	106	110	114	118	122	126	131	134	139	143	147	151	153	157	160	164
3A_NB	6	d	104	108	112	116	120	123	128	133	136	140	144	148	152	154	158	161	/
3A_NB	7	a	119	123	127	130	133	136	140	144	146	150	154	158	161	163	167	171	175
3A_NB	7	d	120	124	128	131	134	137	142	145	147	151	155	159	162	164	168	172	/
3A_NB	8	a	143	146	150	153	156	160	163	166	169	173	176	179	183	186	191	195	198
3A_NB	8	d	144	147	151	154	158	161	164	168	170	174	177	180	184	187	192	196	/
3A_NB	9	a	148	151	156	160	164	168	173	178	182	187	190	193	197	199	204	207	211
3A_NB	9	d	149	153	158	162	166	170	175	180	183	188	191	194	198	200	205	209	/
3A_NB	10	a	156	160	164	167	170	174	179	183	187	192	195	198	202	204	209	213	217
3A_NB	10	d	157	161	165	168	172	176	181	185	188	193	196	199	203	205	210	215	/
3A_NB	11	a	167	170	175	179	183	186	189	192	195	199	202	205	209	211	215	219	222
3A_NB	11	d	168	172	177	180	184	187	190	193	196	200	203	206	210	212	216	220	/
3A_NB	12	a	185	189	192	196	200	204	208	212	215	220	224	228	231	234	239	244	249
3A_NB	12	d	186	190	194	197	201	205	209	213	216	221	225	229	232	236	241	246	/
3A_NB	13	a	201	205	209	213	216	220	223	226	228	232	235	239	242	245	249	253	257
3A_NB	13	d	202	207	211	214	217	221	224	227	229	233	236	240	243	246	250	254	/
3A_NB	14	a	213	216	219	222	225	229	233	237	239	244	248	252	255	257	262	265	269
3A_NB	14	d	214	217	220	223	226	230	234	238	240	245	249	253	256	258	263	266	/
3A_NB	15	a	229	232	237	241	245	249	252	256	258	263	266	270	274	277	281	284	287
3A_NB	15	d	230	234	239	243	247	250	254	257	260	264	267	271	275	278	282	285	/
3A_NB	16	a	239	243	246	250	253	256	260	264	266	270	274	278	282	286	291	295	298
3A_NB	16	d	240	244	248	251	254	257	261	265	267	271	275	279	284	288	293	296	/
3A_NB	17	a	244	248	251	255	259	264	269	273	276	281	285	288	291	294	298	301	304
3A_NB	17	d	245	249	253	257	261	266	271	275	278	282	286	289	292	295	299	302	/
3A_NB	18	a	268	272	275	278	281	284	288	293	297	302	306	309	313	316	320	324	328
3A_NB	18	d	269	273	276	279	282	285	290	295	299	303	307	310	314	317	321	325	/
3A_NB	19	a	282	286	290	294	297	301	306	310	314	319	323	326	329	332	336	340	344
3A_NB	19	d	283	288	292	295	298	303	307	312	316	320	324	327	330	333	337	341	/
3A_NB	20	a	300	304	307	311	315	319	322	326	329	334	338	341	344	347	353	358	361
3A_NB	20	d	301	305	308	313	316	320	324	328	331	335	339	342	346	349	355	359	/
3A_NB	21	a	324	328	332	335	339	343	346	349	351	355	358	362	365	367	372	376	379
3A_NB	21	d	325	330	333	337	341	344	347	350	352	356	359	363	366	368	373	377	/
3A_NB	22	a	340	344	348	351	354	358	362	366	370	374	378	382	386	389	393	397	401
3A_NB	22	d	341	346	349	352	355	360	364	368	371	376	379	383	387	390	394	398	/
3A_NB	23	a	358	361	364	367	370	373	376	380	383	387	390	394	398	401	406	409	412
3A_NB	23	d	359	362	365	368	371	374	377	381	384	388	391	395	399	403	407	410	/
3A_NB	24	a	364	367	370	373	376	381	385	390	394	400	403	407	410	412	416	419	423
3A_NB	24	d	365	368	371	374	378	383	387	392	396	401	404	408	411	413	417	420	/
3A_NB	25	a	383	386	389	392	396	400	404	409	413	419	422	426	429	432	436	440	443
3A_NB	25	d	384	387	390	393	398	401	406	411	415	420	423	427	430	433	437	441	/
3A_NB	26	a	389	393	396	400	405	409	413	418	422	428	431	435	439	441	446	450	453
3A_NB	26	d	390	394	398	402	407	411	415	420	424	429	432	436	440	442	447	451	/
3A_NB	27	a	396	400	404	408	412	416	419	424	427	433	436	440	444	446	451	455	459
3A_NB	27	d	397	402	406	410	414	417	421	425	429	434	437	441	445	447	452	457	/
3A_NB	28	a	407	411	414	418	423	428	432	436	440	446	450	453	457	459	463	467	472
3A_NB	28	d	408	412	416	420	425	429	433	438	442	447	451	454	458	460	464	469	/
3A_NB	29	a	419	423	426	429	433	437	441	446	449	453	456	459	463	465	471	475	480
3A_NB	29	d	420	424	427	430	434	439	443	447	450	454	457	460	464	467	472	477	/
3A_NB	30	a	428	432	436	440	444	447	450	455	457	462	465	468	472	474	479	483	487
3A_NB	30	d	429	434	438	441	445	448	452	456	459	463	466	469	473	475	480	484	/
3A_NB	31	a	439	443	448	453	457	462	466	470	474	479	483	487	491	493	497	501	505
3A_NB	31	d	440	445	450	455	459	464	468	472	476	480	484	488	492	494	498	502	/
3A_NB	32	a	452	456	460	465	469	474	478	482	486	490	495	499	502	506	512	516	519
3A_NB	32	d	453	457	462	467	471	476	480	484	487	492	496	500	504	508	514	517	/
3A_NB	33	a	468	472	475	478	481	485	489	493	496	500	504	508	511	513	518	521	525
3A_NB	33	d	469	473	476	479	483	487	491	494	497	501	505	509	512	514	519	523	/
3A_NB	34	a	478	482	485	490	494	497	501	505	508	512	516	520	523	525	529	533	537
3A_NB	34	d	479	483	487	491	495	499	502	506	509	513	517	521	524	526	530	534	/
3A_NB	35	a	505	508	511	515	518	521	524	529	532	536	540	543	546	549	553	557	561
3A_NB	35	d	506	509	512	516	519	522	526	530	533	537	541	544	547	550	554	558	/
3A_NB	36	a	510	514	517	521	525	530	533	538	541	545	549	552	555	557	562	566	570
3A_NB	36	d	511	515	518	523	527	531	535	540	542	546	550	553	556	558	563	567	/
3A_NB	37	a	527	531	535	539	542	545	548	551	553	558	561	565	569	572	577	580	584
3A_NB	37	d	528	532	536	540	543	546	549	552	555	559	562	566	570	573	578	581	/
3A_NB	38	a	532	536	541	546	550	554	558	562	566	571	574	578	582	586	591	596	600
3A_NB	38	d	533	538	543	548	552	556	560	564	568	572	575	579	584	588	593	597	/
3A_NB	39	a	554	558	562	565	569	573	576	579	581	586	589	593	598	601	607	611	614
3A_NB	39	d	555	560	563	567	570	574	577	580	583	587	590	595	600	603	608	612	/
3A_NB	40	a	559	563	567	570	574	578	581	584	588	594	598	603	606	608	613	617	621
3A_NB	40	d	560	565	568	572	575	579	582	586	590	596	600	604	607	609	614	618	/
3A_NB	41	a	569	573	577	580	584	588	592	595	598	603	606	610	613	615	620	624	628
3A_NB	41	d	570	574	578	582	585	589	593	596	599	604	607	611	614	616	621	625	/
3A_NB	42	a	599	602	607	611	614	618	621	624	627	631	634	639	642	645	649	653	656
3A_NB	42	d	600	604	608	612	615	619	622	625	628	632	636	640	644	646	650	654	/
3A_NB	43	a	629	633	636	640	644	648	651	654	657	661	664	668	673	675	679	683	687
3A_NB	43	d	630	634	638	641	645	649	652	655	658	662	666	670	674	676	680	684	/
3A_NB	44	a	659	662	667	670	673	677	680	684	687	691	695	699	702	705	709	713	716
3A_NB	44	d	660	664	668	671	674	678	681	685	688	692	696	700	703	706	710	714	/
3A_NB	45	a	689	693	696	699	702	705	709	712	716	720	723	727	731	733	739	743	747
3A_NB	45	d	690	694	697	700	703	707	710	714	717	721	724	728	732	735	740	744	/
3A_NB	46	a	719	722	725	728	732	736	739	743	745	749	753	757	760	763	768	771	775
3A_NB	46	d	720	723	726	729	733	737	740	744	746	750	754	758	761	764	769	772	/
3A_NB	47	a	735	738	741	746	750	754	757	761	764	768	773	778	783	786	790	795	800
3A_NB	47	d	736	739	743	747	751	755	759	762	765	770	775	780	785	787	792	797	/
3A_NB	48	a	753	756	759	762	765	768	772	775	778	782	786	790	794	796	801	805	809
3A_NB	48	d	754	757	760	763	766	769	773	776	779	783	787	791	795	797	802	806	/
3A_NB	49	a	758	761	764	768	772	775	779	782	785	790	794	797	800	802	807	811	816
3A_NB	49	d	759	762	765	769	773	776	780	783	786	791	795	798	801	803	808	812	/
3A_NB	50	a	763	766	769	773	777	780	784	787	790	795	799	802	805	807	812	815	821
3A_NB	50	d	764	767	770	774	778	781	785	788	791	796	800	803	806	808	813	817	/
3A_NB	51	a	768	772	775	779	782	785	789	792	795	799	804	807	810	812	817	820	826
3A_NB	51	d	769	773	776	780	783	786	790	793	796	801	805	808	811	813	818	822	/
3A_NB	52	a	773	777	780	784	787	790	794	797	800	804	809	813	817	819	824	827	831
3A_NB	52	d	774	778	781	785	788	791	795	798	801	806	810	814	818	820	825	828	/
3A_NB	53	a	778	782	786	790	793	796	800	803	806	810	814	818	822	824	829	832	836
3A_NB	53	d	779	783	787	791	794	797	801	804	807	811	815	819	823	826	830	833	/
3A_NB	54	a	787	790	795	800	804	808	812	815	818	823	828	832	836	838	842	846	850
3A_NB	54	d	788	792	797	802	806	810	813	816	820	825	829	833	837	839	843	847	/
3A_NB	55	a	792	795	800	805	809	813	817	820	823	828	833	837	841	844	848	852	856
3A_NB	55	d	793	797	802	807	811	815	818	821	825	830	834	838	842	845	849	853	/
3A_NB	56	a	804	808	813	817	821	824	828	831	834	839	843	848	853	856	860	864	868
3A_NB	56	d	805	810	814	818	822	825	829	833	836	841	845	850	855	857	861	865	/
3A_NB	57	a	809	813	818	823	828	831	835	838	840	844	848	853	858	861	865	869	873
3A_NB	57	d	810	815	820	825	829	832	836	839	841	846	850	855	860	862	866	870	/
3A_NB	58	a	835	839	843	847	852	856	861	865	868	873	877	881	886	889	894	899	903
3A_NB	58	d	836	841	845	849	854	858	863	867	870	874	878	883	888	891	896	900	/
3A_NB	59	a	865	868	872	876	881	885	890	894	897	902	906	911	916	919	925	929	932
3A_NB	59	d	866	870	874	878	882	887	892	896	899	904	908	913	918	921	926	930	/
3A_NB	60	a	895	898	903	906	910	914	919	923	927	932	937	941	945	949	955	959	963
3A_NB	60	d	896	900	904	908	912	916	921	925	929	934	938	942	947	951	956	960	/
3A_NB	61	a	923	926	931	935	939	944	949	953	957	962	966	970	975	979	984	989	993
3A_NB	61	d	924	928	933	937	941	946	951	955	959	964	968	972	977	981	986	990	/
3A_NB	62	a	953	956	960	964	969	974	979	983	987	992	996	1000	1005	1008	1014	1018	1023
3A_NB	62	d	954	958	962	966	971	976	981	985	989	994	998	1002	1007	1010	1016	1020	/
3A_NB	63	a	982	985	988	991	995	998	1001	1004	1007	1012	1016	1020	1024	1026	1030	1034	1038
3A_NB	63	d	983	986	989	992	996	999	1002	1005	1008	1013	1017	1021	1025	1027	1031	1035	/
3A_NB	64	a	998	1002	1006	1009	1013	1016	1020	1023	1025	1030	1033	1037	1040	1042	1047	1050	1055
3A_NB	64	d	999	1003	1007	1010	1014	1017	1021	1024	1026	1031	1034	1038	1041	1043	1048	1051	/
