RouteID	RunID	Arrivals/Departures	TimePerStop
1A_SB	1	a	9	15	22	24	28	35	38	42	47	50	54	57	60	71	77	80
1A_SB	1	d	10	16	23	26	30	36	39	44	48	51	55	58	62	72	78	/
1A_SB	2	a	35	41	50	52	57	63	67	71	75	79	83	87	90	100	105	108
1A_SB	2	d	36	42	51	54	59	65	68	73	77	81	85	88	91	101	106	/
1A_SB	3	a	59	65	74	77	81	86	88	92	95	98	101	104	107	118	122	126
1A_SB	3	d	60	66	76	78	82	87	89	93	96	99	102	105	108	119	123	/
1A_SB	4	a	68	74	82	85	90	96	99	103	106	110	114	118	121	131	136	140
1A_SB	4	d	69	76	84	87	92	98	100	104	108	112	116	119	123	132	138	/
1A_SB	5	a	79	86	94	97	102	108	111	115	118	121	124	127	131	140	145	148
1A_SB	5	d	81	88	96	99	104	110	112	116	119	122	125	128	132	141	146	/
1A_SB	6	a	85	91	100	102	107	114	116	120	124	128	132	136	141	150	156	161
1A_SB	6	d	86	93	101	104	109	115	117	122	126	130	134	138	143	152	158	/
1A_SB	7	a	102	110	120	123	127	133	136	141	145	149	152	156	160	168	173	177
1A_SB	7	d	104	111	121	125	128	135	138	142	146	150	153	157	161	169	175	/
1A_SB	8	a	116	123	133	136	140	146	149	154	158	162	165	169	172	181	186	190
1A_SB	8	d	118	124	134	137	142	148	151	156	159	163	166	170	173	182	187	/
1A_SB	9	a	129	134	141	143	147	152	155	159	163	167	171	176	180	192	198	201
1A_SB	9	d	130	135	142	144	148	153	156	161	164	169	173	178	182	194	199	/
1A_SB	10	a	137	142	149	151	154	160	164	169	172	176	179	182	185	197	203	206
1A_SB	10	d	138	143	150	152	156	162	165	170	173	177	180	183	187	199	204	/
1A_SB	11	a	163	169	177	179	182	187	189	193	197	200	203	206	211	219	225	229
1A_SB	11	d	164	171	178	180	183	188	190	195	198	201	204	208	212	220	226	/
1A_SB	12	a	170	176	184	187	191	197	201	206	209	213	216	219	223	231	237	241
1A_SB	12	d	171	178	186	189	193	199	202	207	210	214	217	220	224	232	238	/
1A_SB	13	a	180	185	194	197	200	206	209	214	219	223	226	230	233	242	247	251
1A_SB	13	d	181	187	196	198	201	207	210	216	220	224	227	231	234	243	248	/
1A_SB	14	a	188	193	201	204	208	216	220	225	228	231	234	238	241	250	255	260
1A_SB	14	d	189	194	203	206	210	218	221	226	229	232	235	239	242	251	257	/
1A_SB	15	a	196	203	212	215	218	225	228	233	237	240	243	247	252	262	267	272
1A_SB	15	d	197	204	213	216	219	226	229	235	238	241	244	249	254	263	269	/
1A_SB	16	a	203	210	218	221	224	230	234	240	244	248	251	255	259	270	275	280
1A_SB	16	d	204	211	219	222	225	232	236	241	246	249	252	257	261	272	277	/
1A_SB	17	a	221	228	239	241	245	250	253	258	262	266	270	273	276	285	290	294
1A_SB	17	d	223	230	240	242	246	251	254	259	264	267	271	274	277	286	291	/
1A_SB	18	a	237	244	252	254	257	262	265	270	274	277	280	283	287	295	301	306
1A_SB	18	d	239	245	253	255	258	263	266	271	275	278	281	285	288	297	303	/
1A_SB	19	a	245	252	261	263	266	271	273	278	282	285	288	292	295	304	310	315
1A_SB	19	d	247	254	262	264	267	272	274	279	283	286	289	293	297	306	312	/
1A_SB	20	a	250	257	267	269	272	278	280	285	288	292	295	299	303	312	317	321
1A_SB	20	d	252	259	268	270	273	279	281	286	290	293	296	300	304	313	319	/
1A_SB	21	a	256	263	272	274	277	283	285	290	294	297	300	303	308	317	322	326
1A_SB	21	d	258	264	273	275	278	284	286	292	295	298	301	305	309	318	324	/
1A_SB	22	a	277	284	292	295	298	303	305	309	314	317	322	325	328	337	343	347
1A_SB	22	d	279	286	293	296	299	304	306	311	315	319	323	326	329	338	344	/
1A_SB	23	a	282	289	297	300	304	310	312	316	321	325	330	335	339	347	354	357
1A_SB	23	d	284	291	298	301	305	311	313	318	323	327	332	336	340	349	355	/
1A_SB	24	a	291	297	304	307	312	319	322	327	332	337	341	346	351	361	366	369
1A_SB	24	d	292	298	306	309	314	321	324	329	334	339	343	348	352	362	367	/
1A_SB	25	a	308	315	323	326	330	337	340	346	349	352	356	360	364	375	381	384
1A_SB	25	d	309	317	325	328	332	339	342	347	350	353	357	361	365	376	382	/
1A_SB	26	a	316	321	329	333	336	342	345	350	354	358	362	366	370	381	387	390
1A_SB	26	d	317	323	331	334	337	344	347	352	356	360	363	367	371	382	388	/
1A_SB	27	a	344	351	360	362	365	371	374	380	384	387	390	395	398	407	414	418
1A_SB	27	d	345	352	361	363	367	373	376	381	385	388	392	396	400	409	415	/
1A_SB	28	a	374	380	388	391	395	401	404	410	414	417	421	425	428	437	443	447
1A_SB	28	d	375	381	390	393	397	403	406	411	415	418	422	426	430	439	444	/
1A_SB	29	a	404	409	418	421	425	432	435	439	442	446	450	454	458	467	473	477
1A_SB	29	d	405	411	420	423	427	433	436	440	443	447	451	455	460	469	474	/
1A_SB	30	a	434	440	448	451	455	461	464	468	472	476	480	483	486	498	502	505
1A_SB	30	d	435	441	450	453	457	463	465	469	473	477	481	484	487	499	503	/
1A_SB	31	a	464	469	479	482	486	492	494	498	501	504	508	513	516	524	530	534
1A_SB	31	d	465	470	480	483	487	493	495	499	502	505	510	514	517	525	531	/
1A_SB	32	a	487	492	503	505	509	515	518	523	527	531	534	539	544	554	560	564
1A_SB	32	d	488	494	504	506	510	517	520	524	529	532	536	541	546	555	561	/
1A_NB	1	a	4	8	15	23	28	32	35	39	42	48	52	57	59	63	72	79
1A_NB	1	d	5	9	16	24	29	33	36	40	43	49	53	58	60	64	73	/
1A_NB	2	a	9	13	20	28	33	37	41	45	48	53	57	62	65	69	78	84
1A_NB	2	d	10	14	21	29	34	39	42	46	49	54	58	63	66	70	79	/
1A_NB	3	a	14	19	24	33	39	43	46	50	54	59	62	67	70	75	82	89
1A_NB	3	d	15	20	26	34	40	44	48	52	55	60	64	68	72	76	84	/
1A_NB	4	a	18	24	30	38	44	49	53	57	61	68	71	75	78	81	88	94
1A_NB	4	d	20	26	32	39	46	51	55	59	63	69	72	76	79	82	89	/
1A_NB	5	a	23	29	35	43	50	55	59	63	68	74	77	81	85	88	95	101
1A_NB	5	d	25	31	37	45	52	57	60	65	69	75	78	83	86	89	97	/
1A_NB	6	a	29	34	40	48	55	60	65	70	74	80	83	87	91	95	101	106
1A_NB	6	d	31	36	42	50	57	62	67	71	75	81	84	89	92	96	102	/
1A_NB	7	a	41	46	51	57	63	67	72	77	82	88	91	96	99	103	109	115
1A_NB	7	d	43	47	52	58	65	69	74	79	83	89	92	97	100	104	111	/
1A_NB	8	a	66	71	78	87	92	96	100	104	107	112	115	119	121	125	133	140
1A_NB	8	d	68	73	80	88	93	97	101	105	108	113	116	120	122	126	134	/
1A_NB	9	a	95	100	105	113	118	122	126	129	133	139	142	146	148	152	162	167
1A_NB	9	d	96	101	107	114	119	123	127	131	134	140	143	147	149	154	163	/
1A_NB	10	a	123	128	134	141	146	151	156	159	162	168	171	175	177	182	190	196
1A_NB	10	d	124	130	136	143	148	153	157	160	163	169	172	176	179	183	191	/
1A_NB	11	a	140	145	149	157	163	168	172	176	180	185	188	193	196	200	208	213
1A_NB	11	d	141	146	151	159	165	169	173	177	181	186	190	195	198	202	209	/
1A_NB	12	a	166	171	177	185	192	196	200	204	208	213	217	221	224	227	233	238
1A_NB	12	d	168	172	179	187	193	197	201	205	209	215	218	222	225	228	234	/
1A_NB	13	a	184	189	194	201	206	209	213	217	220	225	228	233	235	238	244	249
1A_NB	13	d	186	190	195	202	207	210	214	218	221	226	229	234	236	239	245	/
1A_NB	14	a	189	194	200	207	212	215	219	223	226	231	234	239	242	245	253	258
1A_NB	14	d	191	195	201	208	213	216	220	224	227	232	235	240	243	246	254	/
1A_NB	15	a	194	200	207	215	220	223	227	230	234	239	242	246	249	252	260	266
1A_NB	15	d	196	202	209	216	221	224	228	231	235	240	243	247	250	253	261	/
1A_NB	16	a	201	206	213	219	225	228	232	235	239	244	247	251	255	259	267	273
1A_NB	16	d	202	208	215	221	226	229	233	236	240	245	248	253	256	260	268	/
1A_NB	17	a	215	219	225	233	240	245	250	254	258	264	268	273	276	279	286	292
1A_NB	17	d	216	221	227	235	242	247	252	256	260	266	270	274	277	280	287	/
1A_NB	18	a	244	248	254	261	267	272	276	280	283	288	291	296	299	303	310	316
1A_NB	18	d	245	249	256	262	269	273	277	281	285	289	292	297	300	304	312	/
1A_NB	19	a	249	253	260	267	273	277	281	285	289	293	296	301	304	308	315	322
1A_NB	19	d	250	255	262	268	274	278	282	286	290	294	297	302	305	309	317	/
1A_NB	20	a	260	264	270	278	283	287	291	294	298	302	307	313	317	321	331	338
1A_NB	20	d	261	265	271	279	284	288	292	295	299	304	309	315	319	323	333	/
1A_NB	21	a	265	269	276	284	289	293	297	300	303	309	313	318	322	326	336	343
1A_NB	21	d	266	270	277	285	290	294	298	301	305	310	315	320	324	328	338	/
1A_NB	22	a	270	274	282	291	296	300	304	307	310	316	320	325	329	332	341	348
1A_NB	22	d	271	276	284	292	297	301	305	308	312	318	322	327	330	334	343	/
1A_NB	23	a	281	285	291	298	304	308	312	315	320	325	328	332	334	338	347	352
1A_NB	23	d	282	286	292	300	305	309	313	317	321	326	329	333	336	340	348	/
1A_NB	24	a	285	290	296	303	309	313	317	321	325	330	333	338	340	344	351	357
1A_NB	24	d	287	291	297	305	310	314	318	322	326	331	334	339	342	345	353	/
1A_NB	25	a	291	296	302	310	315	319	323	327	331	335	338	343	345	349	356	362
1A_NB	25	d	293	297	303	311	317	320	324	328	332	336	339	344	347	350	358	/
1A_NB	26	a	297	301	307	315	321	324	328	332	336	341	344	349	352	355	362	369
1A_NB	26	d	298	302	308	317	322	325	329	334	338	342	346	350	353	356	364	/
1A_NB	27	a	302	307	313	321	326	330	335	338	341	346	350	354	357	360	368	374
1A_NB	27	d	303	308	314	322	328	332	336	339	343	348	351	355	358	361	369	/
1A_NB	28	a	308	313	319	326	332	336	340	343	346	353	356	360	363	367	375	382
1A_NB	28	d	309	314	320	328	333	337	341	344	348	354	357	361	364	368	376	/
1A_NB	29	a	314	318	324	331	337	341	345	349	354	360	363	367	370	374	380	387
1A_NB	29	d	315	320	325	333	338	342	347	351	355	361	364	368	371	375	381	/
1A_NB	30	a	324	328	334	343	348	352	356	359	363	368	371	375	378	382	388	394
1A_NB	30	d	325	330	336	344	349	353	357	360	364	369	372	376	379	383	390	/
1A_NB	31	a	350	354	360	367	373	378	382	385	389	394	398	404	406	411	418	425
1A_NB	31	d	351	355	361	369	375	379	383	386	390	396	400	405	408	412	420	/
1A_NB	32	a	356	360	366	374	380	384	389	392	397	403	406	411	413	417	425	432
1A_NB	32	d	357	361	368	376	381	386	390	394	399	404	408	412	414	419	427	/
2A_NB	1	a	4	8	15	18	20	23	30	33	37	45	48	53	55	58	62	68	72	75	79	83	92	96
2A_NB	1	d	5	9	16	19	21	24	31	34	38	46	49	54	57	60	63	69	73	76	80	84	93	/
2A_NB	2	a	24	27	34	37	40	43	49	53	57	64	68	74	78	81	86	93	97	101	106	110	118	122
2A_NB	2	d	25	28	35	38	41	44	51	55	59	66	70	76	80	83	88	95	99	103	108	112	120	/
2A_NB	3	a	42	45	50	53	56	61	67	71	75	82	85	92	95	97	101	107	110	113	117	120	128	131
2A_NB	3	d	43	46	51	54	58	63	69	73	76	83	87	93	96	98	102	108	111	114	118	122	129	/
2A_NB	4	a	47	50	55	58	61	66	72	76	80	87	90	97	100	102	106	112	115	118	122	126	133	136
2A_NB	4	d	48	51	56	59	63	68	74	78	81	88	92	98	101	103	107	113	116	119	123	127	134	/
2A_NB	5	a	53	56	62	66	68	72	78	82	85	92	96	103	106	110	115	122	125	129	133	137	144	147
2A_NB	5	d	54	58	64	67	69	74	79	83	86	93	98	104	108	112	117	123	126	130	134	138	145	/
2A_NB	6	a	59	63	68	71	73	77	84	89	92	99	103	109	113	117	121	126	130	135	138	142	149	152
2A_NB	6	d	60	64	69	72	74	79	86	90	93	100	104	111	115	118	122	128	132	136	139	143	150	/
2A_NB	7	a	64	68	73	76	80	85	91	95	98	105	109	116	120	122	126	131	135	140	143	147	154	157
2A_NB	7	d	65	69	74	78	82	86	92	96	99	107	111	118	121	123	127	133	137	141	144	148	155	/
2A_NB	8	a	69	73	80	82	86	90	96	100	103	110	114	121	125	128	132	137	141	145	148	152	158	162
2A_NB	8	d	70	75	81	84	87	91	97	101	104	112	116	123	127	129	133	138	142	146	150	153	160	/
2A_NB	9	a	77	80	86	88	92	96	103	108	112	121	126	131	134	136	141	147	152	156	160	163	171	176
2A_NB	9	d	78	81	87	90	94	98	105	110	114	123	127	132	135	138	142	149	153	158	161	165	173	/
2A_NB	10	a	105	108	114	118	122	126	132	137	141	149	153	160	163	166	170	176	180	185	190	193	202	205
2A_NB	10	d	106	110	116	120	124	128	134	139	143	151	155	162	165	168	172	178	182	187	191	195	203	/
2A_NB	11	a	111	114	120	123	127	131	137	142	146	154	158	165	169	171	175	181	186	190	195	199	207	211
2A_NB	11	d	112	116	122	125	129	133	139	144	148	156	160	167	170	173	177	183	187	192	196	200	209	/
2A_NB	12	a	118	121	127	130	133	136	144	149	154	163	166	173	176	178	181	188	193	197	202	207	215	219
2A_NB	12	d	119	123	129	131	134	138	146	151	155	164	168	174	177	179	183	190	194	199	204	208	216	/
2A_NB	13	a	144	147	154	157	160	164	170	173	177	185	189	194	197	199	203	209	213	216	219	223	232	237
2A_NB	13	d	145	149	156	159	161	165	171	174	178	186	190	195	198	200	204	210	214	217	220	224	234	/
2A_NB	14	a	152	155	162	165	168	172	178	181	186	195	198	203	206	208	212	219	223	226	231	234	241	245
2A_NB	14	d	153	157	164	167	170	173	179	183	188	196	199	204	207	209	214	220	224	228	232	236	243	/
2A_NB	15	a	165	169	175	177	180	183	191	195	200	208	212	217	220	223	227	232	236	240	243	246	253	256
2A_NB	15	d	166	170	176	179	181	185	193	197	202	210	213	218	222	225	228	233	237	241	244	247	254	/
2A_NB	16	a	172	176	182	185	187	190	197	202	206	213	217	223	227	230	233	238	242	246	249	253	262	266
2A_NB	16	d	173	177	183	186	188	191	199	203	207	215	219	225	228	231	234	239	243	247	251	255	264	/
2A_NB	17	a	201	204	209	213	216	220	226	230	233	240	245	251	253	256	260	266	270	273	277	280	288	292
2A_NB	17	d	202	205	211	214	217	221	227	231	235	242	246	252	255	257	262	267	271	274	278	281	289	/
2A_NB	18	a	229	233	239	242	245	249	256	259	262	271	274	281	284	286	289	296	300	303	306	309	317	322
2A_NB	18	d	230	235	241	244	247	251	257	260	263	272	275	282	285	287	290	297	301	304	307	311	319	/
2A_NB	19	a	259	263	269	272	275	279	285	289	292	298	303	309	312	314	317	323	328	332	335	339	348	352
2A_NB	19	d	260	265	271	274	277	281	287	290	293	300	304	310	313	315	319	325	329	333	337	341	349	/
2A_NB	20	a	284	287	292	296	299	303	311	315	320	328	332	337	340	342	345	350	354	357	360	363	371	375
2A_NB	20	d	285	289	294	298	301	305	313	317	322	330	333	338	341	343	346	351	355	358	361	364	372	/
2A_NB	21	a	295	298	304	307	311	315	323	328	332	338	341	346	348	350	353	358	363	366	369	373	382	385
2A_NB	21	d	296	300	305	309	313	317	325	330	333	339	342	347	349	351	354	360	364	367	371	375	383	/
2A_NB	22	a	303	307	313	317	319	322	329	333	337	343	346	351	353	355	358	363	368	371	374	378	387	390
2A_NB	22	d	304	309	315	318	320	323	331	335	338	344	347	352	354	356	359	365	369	372	376	380	388	/
2A_NB	23	a	310	314	320	324	326	330	336	340	344	352	355	361	365	368	373	380	383	386	391	394	402	406
2A_NB	23	d	311	315	322	325	328	332	338	342	346	353	357	363	367	370	375	381	384	388	392	395	403	/
2A_NB	24	a	340	344	350	354	357	361	367	371	375	381	384	391	395	398	403	409	413	417	420	424	432	436
2A_NB	24	d	341	345	352	355	358	362	368	372	376	382	386	393	397	400	405	410	414	418	421	425	433	/
2A_NB	25	a	370	373	381	383	386	389	395	398	402	410	415	421	423	426	429	435	439	443	447	450	457	460
2A_NB	25	d	371	375	382	384	387	390	396	400	404	412	416	422	424	427	430	436	440	444	448	451	458	/
2A_NB	26	a	400	404	410	413	416	419	425	428	431	441	444	449	452	454	458	464	468	471	474	478	486	489
2A_NB	26	d	401	405	411	414	417	420	426	429	433	442	445	450	453	455	459	465	469	472	475	480	487	/
2A_NB	27	a	430	433	440	442	444	448	454	458	462	468	471	476	479	482	486	493	497	501	504	508	516	520
2A_NB	27	d	431	435	441	443	445	449	455	459	463	469	472	477	480	484	488	495	498	502	505	510	517	/
2A_NB	28	a	450	454	461	464	467	471	477	481	485	493	498	505	509	511	515	520	524	528	533	537	545	550
2A_NB	28	d	451	456	462	466	469	472	478	483	487	495	500	507	510	512	516	522	525	530	535	539	547	/
2A_NB	29	a	464	468	475	479	482	486	493	498	503	512	516	523	526	530	534	541	546	550	555	559	566	571
2A_NB	29	d	465	470	477	481	483	488	495	500	505	513	517	525	528	531	536	543	548	552	557	560	568	/
2A_NB	30	a	482	485	491	494	497	501	507	511	515	522	527	534	536	539	544	551	555	559	563	566	573	577
2A_NB	30	d	483	487	492	496	499	503	508	513	516	524	529	535	537	541	546	552	557	560	564	567	575	/
2A_NB	31	a	497	500	505	509	511	515	521	524	528	535	538	544	547	549	553	559	562	565	569	572	579	583
2A_NB	31	d	498	501	507	510	512	516	522	525	529	536	539	545	548	550	554	560	563	566	570	573	581	/
2A_NB	32	a	514	517	522	525	527	531	538	543	546	555	559	565	568	570	574	580	583	586	589	593	601	604
2A_NB	32	d	515	518	523	526	528	532	540	544	547	556	560	566	569	571	575	581	584	587	590	594	602	/
2A_SB	1	a	24	27	35	38	42	46	51	57	61	65	69	73	78	82	88	92	96	101	104	107	110	113	123	128
2A_SB	1	d	25	28	36	40	44	48	53	59	63	67	71	74	79	83	89	93	97	102	105	108	111	114	124	/
2A_SB	2	a	47	50	56	60	65	68	72	79	82	85	88	91	96	100	106	109	113	119	122	125	129	132	143	149
2A_SB	2	d	48	51	57	62	67	70	74	80	83	86	89	92	97	101	107	110	114	120	123	126	130	133	144	/
2A_SB	3	a	58	61	69	73	77	80	83	89	92	96	101	105	111	115	120	123	127	134	137	141	145	149	162	168
2A_SB	3	d	59	62	70	74	79	81	85	91	94	98	102	106	112	116	121	124	128	135	138	143	146	150	163	/
2A_SB	4	a	68	71	79	83	88	90	94	100	102	106	110	113	119	123	128	131	135	141	144	148	151	156	169	174
2A_SB	4	d	69	72	80	85	89	91	96	101	104	108	111	114	120	125	129	132	136	142	145	149	153	157	170	/
2A_SB	5	a	77	81	92	95	99	101	105	112	115	119	122	125	130	134	139	142	145	151	154	157	162	167	179	184
2A_SB	5	d	79	83	93	96	100	102	106	113	116	120	123	126	131	135	140	143	146	152	155	159	164	168	180	/
2A_SB	6	a	91	95	103	106	110	112	115	122	125	129	132	135	141	144	150	154	158	164	168	171	174	178	190	195
2A_SB	6	d	93	96	104	107	111	113	116	123	126	130	133	136	142	146	152	155	160	166	169	172	175	179	191	/
2A_SB	7	a	116	118	124	128	131	134	137	142	145	148	152	155	161	164	169	173	177	183	186	189	192	195	208	214
2A_SB	7	d	117	119	125	129	132	135	138	143	146	149	153	156	162	165	171	174	178	184	187	190	193	196	209	/
2A_SB	8	a	125	127	134	137	142	145	149	155	158	161	164	167	173	177	182	186	190	196	199	202	206	209	222	227
2A_SB	8	d	126	128	135	139	144	147	150	156	159	162	165	168	174	178	184	187	191	197	200	203	207	210	223	/
2A_SB	9	a	140	142	149	153	157	160	163	169	171	174	177	180	185	190	197	201	206	213	215	218	222	225	237	242
2A_SB	9	d	141	143	151	154	159	161	164	170	172	175	178	181	187	192	199	203	207	214	216	219	223	226	238	/
2A_SB	10	a	152	154	161	165	168	170	173	180	183	186	190	193	198	201	207	210	213	219	221	224	227	231	243	248
2A_SB	10	d	153	156	163	166	169	171	174	181	184	187	191	194	199	202	208	211	214	220	222	225	228	232	244	/
2A_SB	11	a	164	167	175	179	184	187	192	200	203	206	209	212	217	221	228	231	235	241	243	246	250	253	268	273
2A_SB	11	d	165	169	177	181	186	189	194	201	204	207	210	213	218	222	229	232	236	242	244	247	251	254	269	/
2A_SB	12	a	174	177	184	187	191	193	198	207	211	216	221	224	229	233	239	243	247	252	254	257	261	264	276	282
2A_SB	12	d	175	178	185	188	192	195	200	209	213	218	222	225	230	234	240	244	248	253	255	258	262	265	277	/
2A_SB	13	a	183	185	194	198	203	206	211	218	221	226	230	233	238	242	248	252	256	262	265	268	272	275	287	293
2A_SB	13	d	184	187	196	200	205	208	213	220	223	228	231	234	239	243	249	253	257	263	266	269	273	276	288	/
2A_SB	14	a	199	201	209	213	217	219	222	228	231	235	238	241	246	249	255	260	264	270	272	275	279	282	294	300
2A_SB	14	d	200	203	210	214	218	220	223	229	232	236	239	242	247	250	257	261	265	271	273	276	280	283	295	/
2A_SB	15	a	204	206	214	218	222	224	228	234	237	241	245	249	254	258	264	268	272	278	280	283	287	291	304	309
2A_SB	15	d	205	208	215	219	223	225	229	235	238	242	246	250	255	259	265	269	273	279	281	284	288	292	305	/
2A_SB	16	a	211	214	222	226	229	232	236	242	245	249	253	257	263	267	273	276	279	285	288	292	295	299	310	315
2A_SB	16	d	213	215	223	227	230	233	237	243	246	250	255	258	264	268	274	277	280	286	289	293	296	300	311	/
2A_SB	17	a	223	225	232	236	240	243	247	255	258	261	265	268	274	278	284	287	291	297	300	304	307	311	322	327
2A_SB	17	d	224	227	234	238	242	245	249	256	259	262	266	269	275	279	285	288	292	298	301	305	308	312	323	/
2A_SB	18	a	229	232	239	243	246	248	252	260	264	268	272	275	281	286	293	296	300	306	309	314	318	322	336	342
2A_SB	18	d	230	234	241	244	247	250	254	262	266	269	273	277	283	288	294	297	301	307	311	315	319	323	338	/
2A_SB	19	a	235	238	244	248	252	255	259	266	270	275	280	283	288	291	298	303	308	314	317	320	324	328	343	348
2A_SB	19	d	236	239	246	250	254	257	261	268	272	277	281	284	289	293	300	305	309	315	318	321	325	330	344	/
2A_SB	20	a	243	245	254	258	262	265	269	274	277	281	285	288	293	297	304	308	313	319	322	325	329	333	348	354
2A_SB	20	d	244	247	255	260	264	267	270	275	278	282	286	289	295	299	305	310	314	320	323	326	330	335	350	/
2A_SB	21	a	249	251	260	264	268	271	276	282	285	289	292	295	300	304	310	315	320	326	329	332	336	340	355	360
2A_SB	21	d	250	253	261	266	270	273	278	283	287	290	293	296	301	306	312	317	321	327	330	333	337	342	356	/
2A_SB	22	a	259	262	269	274	278	280	284	290	293	296	299	302	308	312	317	320	325	331	334	337	341	346	360	366
2A_SB	22	d	260	264	271	275	279	281	285	291	294	297	300	303	309	313	318	322	326	332	335	338	343	347	361	/
2A_SB	23	a	265	268	277	281	285	287	290	296	299	303	306	309	315	319	325	328	332	337	340	344	347	350	365	371
2A_SB	23	d	266	270	278	282	286	288	291	297	300	304	307	310	316	320	326	329	333	338	342	345	348	352	366	/
2A_SB	24	a	270	273	282	286	289	292	295	301	304	308	311	314	320	324	330	333	337	342	346	349	352	355	370	376
2A_SB	24	d	271	275	283	287	291	293	296	302	305	309	312	316	321	325	331	334	338	344	347	350	353	357	371	/
2A_SB	25	a	277	280	289	292	295	297	300	306	309	314	318	321	326	330	336	339	343	348	351	354	357	360	374	380
2A_SB	25	d	278	282	290	293	296	298	301	307	311	315	319	322	327	332	337	340	344	349	352	355	358	362	376	/
2A_SB	26	a	284	287	294	298	302	304	308	314	316	319	323	326	332	336	341	344	348	354	357	360	363	366	379	385
2A_SB	26	d	285	288	296	300	303	305	309	315	317	320	324	328	333	337	342	345	349	355	358	361	364	367	381	/
2A_SB	27	a	289	292	299	304	307	309	313	319	321	325	329	333	339	343	348	351	355	361	363	366	369	372	385	390
2A_SB	27	d	290	293	301	305	308	310	314	320	323	326	330	334	340	344	349	352	356	362	364	367	370	373	386	/
2A_SB	28	a	294	297	304	309	312	314	318	323	326	330	334	338	344	347	354	357	361	367	369	372	375	378	390	397
2A_SB	28	d	295	298	306	310	313	315	319	325	328	331	335	339	345	349	355	358	362	368	370	373	376	379	392	/
2A_SB	29	a	299	302	309	314	318	320	324	329	331	336	340	344	350	353	359	363	368	374	377	380	383	386	398	405
2A_SB	29	d	300	303	311	315	319	321	325	330	333	337	341	345	351	354	361	365	369	375	378	381	384	387	400	/
2A_SB	30	a	304	307	314	318	323	325	329	334	336	341	345	348	355	358	364	368	373	379	382	385	388	391	403	410
2A_SB	30	d	305	308	316	320	324	326	330	335	338	342	346	350	356	359	366	370	374	380	383	386	389	392	405	/
2A_SB	31	a	310	313	320	324	329	332	337	343	347	350	354	357	363	366	372	376	380	385	388	391	395	398	410	417
2A_SB	31	d	311	315	322	326	331	334	339	345	348	351	355	358	364	368	374	377	381	386	389	392	396	399	412	/
2A_SB	32	a	322	324	331	335	339	342	347	353	357	360	365	369	374	377	383	386	391	396	398	401	405	409	422	428
2A_SB	32	d	323	326	333	336	341	344	349	355	358	362	366	370	375	379	384	388	392	397	399	402	406	411	423	/
3A_SB	1	a	16	22	28	31	36	40	43	47	51	55	57	61	65	68	71	75	79	82
3A_SB	1	d	17	23	29	33	37	42	45	48	52	56	59	62	66	69	72	76	80	/
3A_SB	2	a	36	42	48	52	57	62	66	70	73	78	80	82	86	90	94	97	101	105
3A_SB	2	d	37	44	50	54	59	64	68	71	75	79	81	83	87	91	95	98	102	/
3A_SB	3	a	59	64	71	75	78	82	85	88	91	95	98	101	105	108	111	114	118	121
3A_SB	3	d	60	66	73	76	79	83	86	89	93	96	99	102	106	109	112	115	119	/
3A_SB	4	a	64	69	76	80	83	87	90	93	96	100	104	107	110	113	116	119	123	126
3A_SB	4	d	65	71	78	81	84	88	91	94	98	102	105	108	111	114	117	120	124	/
3A_SB	5	a	70	75	81	85	88	93	97	101	105	109	111	114	117	120	124	127	131	134
3A_SB	5	d	71	77	83	86	90	95	99	103	107	110	112	115	118	121	125	128	132	/
3A_SB	6	a	82	88	93	96	100	104	107	109	112	115	117	120	124	127	131	135	140	144
3A_SB	6	d	83	89	94	97	101	105	108	110	113	116	118	121	125	128	133	137	141	/
3A_SB	7	a	92	99	106	109	113	117	120	123	126	129	131	133	137	140	143	146	150	154
3A_SB	7	d	93	101	107	110	114	118	121	124	127	130	132	134	138	141	144	147	152	/
3A_SB	8	a	102	109	115	119	123	127	129	132	135	139	143	146	150	154	158	163	167	170
3A_SB	8	d	103	110	117	120	124	128	130	133	137	141	145	148	152	156	160	165	168	/
3A_SB	9	a	120	125	133	137	141	145	148	151	155	160	162	166	171	175	179	183	186	189
3A_SB	9	d	121	127	135	138	142	146	149	152	157	161	164	168	173	177	181	184	187	/
3A_SB	10	a	129	134	141	145	149	154	158	162	167	172	174	177	181	184	187	190	193	196
3A_SB	10	d	130	136	143	146	151	156	160	164	169	173	175	178	182	185	188	191	194	/
3A_SB	11	a	148	152	159	163	166	170	173	176	180	185	188	190	194	197	201	205	209	213
3A_SB	11	d	149	154	161	164	167	171	174	177	182	186	189	191	195	198	203	207	211	/
3A_SB	12	a	157	162	169	173	177	182	185	189	193	198	200	202	206	209	212	216	220	224
3A_SB	12	d	158	164	171	175	179	184	187	191	195	199	201	203	207	210	213	217	222	/
3A_SB	13	a	181	186	194	197	200	203	206	209	212	217	219	221	225	229	232	235	239	242
3A_SB	13	d	182	188	195	198	201	204	207	210	214	218	220	222	226	230	233	236	240	/
3A_SB	14	a	188	193	200	204	207	210	212	215	218	222	224	227	230	234	238	241	245	248
3A_SB	14	d	189	194	202	205	208	211	213	216	219	223	225	228	231	236	239	243	246	/
3A_SB	15	a	193	198	206	210	214	217	219	222	225	228	230	233	236	240	243	247	250	253
3A_SB	15	d	194	200	208	212	215	218	220	223	226	229	231	234	237	241	245	248	251	/
3A_SB	16	a	203	208	215	218	221	224	226	228	232	235	237	240	244	248	251	255	259	262
3A_SB	16	d	204	209	216	219	222	225	227	229	233	236	238	241	245	249	253	257	260	/
3A_SB	17	a	209	214	221	224	227	231	233	236	241	245	247	249	253	257	261	265	268	271
3A_SB	17	d	210	216	222	225	228	232	235	238	243	246	248	250	254	258	263	266	269	/
3A_SB	18	a	220	225	233	238	241	246	249	253	258	262	265	269	273	276	280	283	286	290
3A_SB	18	d	221	227	235	239	243	248	251	255	260	264	267	270	274	277	281	284	288	/
3A_SB	19	a	245	251	258	263	267	272	275	279	283	288	290	292	296	300	305	309	312	315
3A_SB	19	d	246	252	260	264	269	274	277	281	285	289	291	293	297	301	306	310	313	/
3A_SB	20	a	250	256	263	268	272	277	280	284	288	293	295	297	301	305	310	314	317	320
3A_SB	20	d	251	258	265	269	274	279	282	286	290	294	296	298	302	306	311	315	318	/
3A_SB	21	a	264	271	278	282	285	288	290	293	296	300	302	304	308	312	317	320	323	326
3A_SB	21	d	265	273	280	283	286	289	291	294	297	301	303	305	309	313	318	321	324	/
3A_SB	22	a	271	277	283	288	291	294	296	300	303	306	308	310	314	317	321	325	329	333
3A_SB	22	d	272	278	285	289	292	295	298	301	304	307	309	311	315	318	323	327	331	/
3A_SB	23	a	276	282	289	294	298	301	303	306	310	313	315	318	322	325	329	332	335	338
3A_SB	23	d	277	284	291	296	299	302	305	308	311	314	316	319	323	326	330	333	336	/
3A_SB	24	a	282	288	295	300	303	307	309	311	315	318	321	324	328	331	335	338	341	344
3A_SB	24	d	283	290	297	301	304	308	310	313	316	319	322	325	329	332	336	339	342	/
3A_SB	25	a	297	303	309	313	316	319	321	324	327	330	332	335	339	342	346	349	354	358
3A_SB	25	d	298	304	311	314	317	320	322	325	328	331	333	336	340	343	347	351	356	/
3A_SB	26	a	306	311	317	321	324	328	331	335	339	342	345	348	351	354	357	361	365	368
3A_SB	26	d	307	312	318	322	326	330	333	337	340	344	347	349	352	355	359	363	366	/
3A_SB	27	a	333	339	346	349	353	358	361	364	367	372	374	377	380	383	387	392	395	398
3A_SB	27	d	334	341	347	351	355	359	362	365	369	373	375	378	381	385	389	393	396	/
3A_SB	28	a	363	369	376	380	384	388	391	394	398	402	404	406	410	413	418	422	425	429
3A_SB	28	d	364	371	377	381	385	389	392	395	399	403	405	407	411	415	419	423	426	/
3A_SB	29	a	393	400	405	409	413	417	420	423	426	431	433	435	440	444	447	450	454	457
3A_SB	29	d	394	401	407	411	415	418	421	424	428	432	434	437	441	445	448	451	455	/
3A_SB	30	a	423	429	436	439	444	447	450	453	457	461	463	466	469	472	475	480	483	486
3A_SB	30	d	424	430	437	441	445	448	451	454	458	462	464	467	470	473	477	481	484	/
3A_SB	31	a	453	458	465	469	473	476	478	481	485	489	492	494	498	502	506	509	513	517
3A_SB	31	d	454	460	467	471	474	477	480	483	486	490	493	495	499	503	507	510	514	/
3A_SB	32	a	483	489	496	500	503	506	509	512	515	519	521	523	527	531	535	539	542	546
3A_SB	32	d	484	490	497	501	504	507	510	513	516	520	522	524	528	532	536	540	543	/
3A_NB	1	a	4	8	11	13	17	21	24	27	30	34	37	43	47	51	54	57	61	67	73
3A_NB	1	d	5	9	12	14	18	22	25	28	31	35	39	44	49	52	55	58	63	68	/
3A_NB	2	a	9	13	16	18	21	26	29	33	37	41	45	50	53	56	60	62	67	73	79
3A_NB	2	d	10	14	17	19	23	27	30	34	38	43	46	51	54	58	61	63	69	74	/
3A_NB	3	a	14	17	21	23	26	31	35	39	43	47	50	55	58	61	65	68	73	78	83
3A_NB	3	d	15	19	22	24	28	32	36	40	44	48	51	56	59	63	67	69	74	79	/
3A_NB	4	a	19	22	26	28	31	35	40	44	47	52	55	60	64	68	71	73	78	83	88
3A_NB	4	d	20	24	27	29	33	37	41	45	49	53	56	61	65	69	72	74	79	84	/
3A_NB	5	a	24	27	31	33	36	40	45	49	52	57	60	64	69	73	76	78	83	88	93
3A_NB	5	d	25	29	32	34	38	42	46	50	54	58	61	66	70	74	77	79	84	89	/
3A_NB	6	a	44	47	51	55	58	61	65	70	75	79	83	88	93	96	99	103	108	114	121
3A_NB	6	d	45	48	53	57	59	62	67	72	77	81	85	90	94	97	101	104	109	115	/
3A_NB	7	a	73	76	80	83	86	90	94	99	104	109	113	119	123	126	130	133	137	142	147
3A_NB	7	d	74	78	82	85	88	92	96	101	106	111	115	120	124	127	131	134	138	143	/
3A_NB	8	a	95	99	103	107	109	113	118	122	127	132	135	140	144	147	151	153	157	162	167
3A_NB	8	d	96	101	105	108	111	115	120	124	129	134	137	141	145	149	152	154	158	163	/
3A_NB	9	a	100	104	108	112	115	118	123	127	132	137	140	145	149	153	156	158	162	168	174
3A_NB	9	d	101	106	110	114	116	120	125	129	134	139	142	146	150	154	157	159	164	169	/
3A_NB	10	a	113	116	119	123	126	131	136	141	146	151	155	161	165	168	171	174	178	183	188
3A_NB	10	d	114	117	121	125	128	133	138	143	148	153	157	162	166	169	172	175	179	184	/
3A_NB	11	a	126	129	133	137	139	143	147	152	157	162	166	172	177	181	185	188	193	199	204
3A_NB	11	d	127	131	135	138	141	145	149	154	159	164	168	174	179	183	187	190	195	200	/
3A_NB	12	a	133	136	141	145	148	151	156	161	166	170	172	178	182	187	191	193	198	204	209
3A_NB	12	d	134	138	143	147	149	153	158	163	168	171	174	179	184	189	192	195	200	205	/
3A_NB	13	a	141	145	150	154	158	163	167	171	175	178	180	185	189	193	196	199	203	209	214
3A_NB	13	d	142	147	152	156	160	165	168	172	176	179	182	186	190	194	197	200	205	210	/
3A_NB	14	a	163	166	170	173	177	182	186	190	195	199	203	207	210	213	216	219	223	228	234
3A_NB	14	d	164	168	172	175	179	184	188	192	197	201	204	208	211	214	217	220	224	230	/
3A_NB	15	a	170	174	178	182	185	189	193	198	202	205	208	212	217	220	223	226	230	236	241
3A_NB	15	d	171	176	180	184	187	191	195	199	203	206	209	214	218	221	224	227	232	237	/
3A_NB	16	a	175	179	184	188	191	194	198	203	207	211	213	218	222	225	228	231	235	241	247
3A_NB	16	d	176	181	186	190	192	196	200	204	209	212	214	219	223	226	229	232	237	243	/
3A_NB	17	a	200	203	207	210	212	216	219	223	226	230	233	239	243	246	250	253	257	263	268
3A_NB	17	d	201	205	208	211	214	217	220	224	227	231	235	241	244	247	251	254	259	264	/
3A_NB	18	a	215	219	224	226	228	231	234	238	242	246	249	255	259	263	267	271	277	283	289
3A_NB	18	d	216	221	225	227	229	232	235	240	243	247	251	256	261	265	269	273	279	285	/
3A_NB	19	a	224	227	230	232	234	238	243	248	251	256	258	263	267	270	274	277	283	289	294
3A_NB	19	d	225	228	231	233	236	240	245	249	253	257	259	264	268	272	276	279	285	290	/
3A_NB	20	a	233	236	240	243	247	251	255	259	263	267	269	274	278	281	284	287	294	300	306
3A_NB	20	d	234	238	242	245	248	252	256	260	264	268	270	275	279	282	285	289	296	302	/
3A_NB	21	a	238	241	246	248	252	256	260	264	268	272	275	280	284	287	291	294	300	305	311
3A_NB	21	d	239	243	247	250	253	257	261	265	269	273	276	281	285	288	292	295	301	307	/
3A_NB	22	a	251	254	258	260	264	267	272	277	281	285	289	294	298	303	307	310	316	322	327
3A_NB	22	d	252	256	259	262	265	269	274	279	283	287	291	295	300	304	308	312	318	323	/
3A_NB	23	a	256	260	263	265	269	273	277	282	286	291	295	300	304	309	313	316	321	327	332
3A_NB	23	d	257	261	264	267	270	275	279	284	288	293	297	301	306	310	314	318	323	328	/
3A_NB	24	a	264	268	271	273	275	280	284	289	294	299	302	307	311	315	319	322	327	332	337
3A_NB	24	d	265	269	272	274	277	282	286	291	296	301	304	308	312	316	320	324	328	333	/
3A_NB	25	a	286	289	294	297	300	304	309	314	318	323	326	331	334	337	340	343	349	354	359
3A_NB	25	d	287	291	296	299	302	306	311	316	320	325	328	332	335	338	341	345	350	355	/
3A_NB	26	a	295	298	303	305	308	312	316	320	323	328	332	337	340	343	346	350	355	360	365
3A_NB	26	d	296	300	304	306	310	313	317	321	325	330	333	338	341	344	348	351	356	361	/
3A_NB	27	a	300	303	308	310	313	318	321	325	328	333	337	343	347	350	353	357	362	367	372
3A_NB	27	d	301	305	309	311	315	319	322	326	330	335	339	345	348	351	355	358	363	368	/
3A_NB	28	a	310	313	318	320	322	326	329	333	336	340	343	348	352	355	358	362	367	373	380
3A_NB	28	d	311	315	319	321	323	327	330	334	337	341	344	350	353	356	360	363	369	375	/
3A_NB	29	a	315	318	323	325	327	331	334	338	341	345	348	353	357	360	364	367	373	379	385
3A_NB	29	d	316	320	324	326	328	332	335	339	342	346	349	355	358	361	365	369	375	380	/
3A_NB	30	a	321	324	329	331	334	337	340	344	347	352	355	360	363	367	371	374	378	384	391
3A_NB	30	d	322	326	330	332	335	338	341	345	349	353	356	361	364	368	372	375	380	386	/
3A_NB	31	a	350	354	358	361	363	366	369	373	378	381	384	389	392	395	399	401	405	411	416
3A_NB	31	d	351	356	360	362	364	367	371	375	379	382	386	390	393	397	400	402	407	412	/
3A_NB	32	a	380	384	388	391	393	396	400	404	408	411	413	419	422	425	428	431	436	441	447
3A_NB	32	d	381	386	390	392	394	397	401	405	409	412	414	420	423	426	429	432	437	442	/
