RouteID	RunID	Arrivals/Departures	TimePerStop
1A_SB	1	a	19	25	34	36	40	46	48	53	57	62	67	71	76	85	93	96
1A_SB	1	d	20	26	35	38	41	47	50	54	59	64	69	73	77	87	94	/
1A_SB	2	a	38	43	52	54	58	64	67	73	77	81	84	88	92	100	105	109
1A_SB	2	d	39	45	53	56	59	66	69	75	79	82	86	90	93	101	106	/
1A_SB	3	a	53	58	66	69	72	77	81	85	88	93	98	102	105	113	118	123
1A_SB	3	d	54	59	68	70	73	79	82	86	90	95	99	103	107	115	120	/
1A_SB	4	a	67	72	81	84	89	96	99	104	107	111	116	119	122	130	135	140
1A_SB	4	d	68	74	83	86	91	98	100	105	108	113	117	120	124	131	137	/
1A_SB	5	a	78	84	95	98	102	108	111	115	118	122	125	128	131	138	142	146
1A_SB	5	d	79	86	97	100	103	110	112	116	120	123	126	129	132	139	143	/
1A_SB	6	a	87	93	102	104	108	114	117	121	125	129	133	137	141	150	155	159
1A_SB	6	d	88	95	103	105	109	116	118	122	127	131	135	139	143	152	156	/
1A_SB	7	a	106	110	118	121	125	131	133	137	140	144	147	151	155	164	169	173
1A_SB	7	d	107	112	120	122	126	132	134	138	141	145	149	153	156	166	170	/
1A_SB	8	a	119	124	132	135	138	145	149	154	159	162	165	170	173	180	186	191
1A_SB	8	d	120	126	134	136	140	147	151	156	160	163	167	171	174	182	188	/
1A_SB	9	a	127	132	140	142	146	152	154	159	164	167	172	176	179	188	193	198
1A_SB	9	d	128	134	141	144	147	153	156	161	165	169	173	177	180	189	195	/
1A_SB	10	a	133	138	147	150	155	161	163	167	170	173	177	181	185	194	200	204
1A_SB	10	d	134	139	149	152	157	162	164	168	171	174	178	182	186	196	201	/
1A_SB	11	a	160	166	175	178	182	187	189	194	197	200	205	208	214	225	230	234
1A_SB	11	d	161	167	176	180	183	188	190	195	198	202	206	210	216	226	231	/
1A_SB	12	a	166	171	180	183	187	192	195	199	203	206	210	214	220	231	236	241
1A_SB	12	d	167	172	182	185	188	194	196	201	204	207	212	216	222	232	238	/
1A_SB	13	a	188	193	203	206	209	215	218	223	226	229	233	236	241	249	253	258
1A_SB	13	d	189	194	204	207	210	216	220	224	227	230	234	238	243	250	255	/
1A_SB	14	a	202	208	216	219	223	229	232	238	243	246	251	255	259	268	272	277
1A_SB	14	d	203	209	218	221	225	230	234	240	244	248	253	257	260	269	274	/
1A_SB	15	a	220	227	235	237	241	248	251	257	261	265	268	272	276	286	293	297
1A_SB	15	d	221	228	236	239	243	249	253	258	263	266	270	274	277	288	294	/
1A_SB	16	a	237	243	253	257	261	267	271	277	281	285	289	293	297	308	314	317
1A_SB	16	d	238	244	255	259	263	269	273	278	283	286	291	294	298	310	315	/
1A_NB	1	a	23	27	35	44	51	54	58	62	65	70	74	80	84	89	96	104
1A_NB	1	d	24	29	37	46	52	55	59	63	66	72	76	82	86	90	98	/
1A_NB	2	a	40	45	52	59	66	70	76	80	84	90	93	97	101	106	112	119
1A_NB	2	d	41	47	53	60	67	72	78	82	86	91	94	99	103	107	113	/
1A_NB	3	a	47	52	59	66	74	79	83	87	90	96	100	105	108	112	119	126
1A_NB	3	d	48	54	61	68	76	80	85	88	91	98	102	107	109	114	121	/
1A_NB	4	a	65	70	75	83	88	93	97	100	104	110	114	119	123	128	135	142
1A_NB	4	d	66	71	76	84	90	95	98	102	106	111	116	121	125	129	136	/
1A_NB	5	a	83	87	93	100	104	108	112	115	120	126	130	136	139	143	150	157
1A_NB	5	d	84	89	95	101	105	109	113	117	121	128	132	137	140	144	152	/
1A_NB	6	a	97	101	106	113	118	122	126	129	132	138	142	146	149	153	161	167
1A_NB	6	d	98	102	107	114	119	123	127	130	133	140	143	147	150	155	162	/
1A_NB	7	a	108	112	119	125	130	134	138	142	146	153	157	162	164	168	177	182
1A_NB	7	d	109	114	120	126	131	135	140	143	148	155	159	163	165	170	178	/
1A_NB	8	a	122	126	134	142	147	151	155	158	161	167	171	176	179	184	193	199
1A_NB	8	d	123	128	136	144	149	153	156	159	162	169	172	178	181	185	194	/
1A_NB	9	a	145	150	155	162	168	173	177	180	184	190	195	200	202	206	216	222
1A_NB	9	d	146	151	157	164	170	174	178	181	186	192	196	201	203	207	218	/
1A_NB	10	a	166	170	177	185	190	193	198	203	207	213	217	223	226	230	239	245
1A_NB	10	d	167	172	179	186	191	195	200	204	209	214	219	225	227	231	241	/
1A_NB	11	a	176	180	185	192	197	202	206	211	215	221	226	231	234	238	247	253
1A_NB	11	d	177	181	186	193	199	203	208	212	216	223	228	233	235	240	249	/
1A_NB	12	a	188	193	200	209	216	221	225	229	232	239	243	247	249	253	261	266
1A_NB	12	d	189	195	202	211	218	222	227	230	233	240	244	248	250	254	262	/
1A_NB	13	a	205	209	216	224	229	235	239	242	246	252	256	261	264	269	275	281
1A_NB	13	d	206	210	218	225	231	236	240	243	248	253	258	263	266	270	277	/
1A_NB	14	a	231	236	242	250	258	263	267	272	275	280	284	289	292	296	303	309
1A_NB	14	d	232	238	243	252	260	264	269	273	277	282	285	291	293	297	304	/
1A_NB	15	a	247	252	259	267	272	275	280	285	290	295	299	305	308	312	320	326
1A_NB	15	d	248	254	261	268	273	277	282	287	291	297	301	307	309	313	321	/
1A_NB	16	a	275	279	284	293	299	302	306	311	315	320	324	329	332	335	343	349
1A_NB	16	d	276	280	286	294	300	304	308	313	317	322	326	331	333	337	345	/
2A_NB	1	a	22	25	31	35	38	42	48	52	55	63	67	74	76	78	81	87	92	97	101	105	114	118
2A_NB	1	d	23	26	33	36	39	44	50	53	56	64	69	75	77	79	82	89	94	98	103	106	115	/
2A_NB	2	a	49	52	59	62	65	68	75	79	83	91	95	101	104	107	110	116	121	124	128	132	142	145
2A_NB	2	d	50	54	60	63	66	70	76	81	85	93	96	102	105	108	111	118	122	125	129	133	143	/
2A_NB	3	a	69	72	77	81	84	87	94	99	102	111	115	123	125	128	132	139	143	146	149	152	159	163
2A_NB	3	d	70	73	79	82	85	88	96	100	104	112	117	124	127	130	134	141	144	147	150	153	161	/
2A_NB	4	a	94	97	104	107	110	114	121	125	128	138	142	148	152	154	157	162	166	171	174	179	187	192
2A_NB	4	d	95	99	105	108	112	116	123	126	130	140	143	150	153	155	158	163	168	172	176	180	189	/
2A_NB	5	a	107	110	116	120	123	127	133	137	140	148	151	158	161	164	169	176	180	184	187	191	199	203
2A_NB	5	d	108	111	118	122	125	128	135	138	142	149	152	159	163	166	170	177	181	185	189	192	201	/
2A_NB	6	a	121	124	130	133	135	138	144	148	151	159	164	169	172	176	180	185	190	194	197	201	209	213
2A_NB	6	d	122	126	131	134	136	140	146	149	153	161	165	171	174	177	181	187	191	195	198	202	210	/
2A_NB	7	a	131	134	139	143	146	149	156	160	164	170	174	180	183	185	188	194	198	202	206	210	219	223
2A_NB	7	d	132	135	141	145	147	151	157	162	165	171	176	182	184	186	190	196	199	204	207	211	220	/
2A_NB	8	a	136	139	145	149	152	155	162	167	170	176	181	186	189	191	194	201	205	210	214	217	226	231
2A_NB	8	d	137	141	147	151	153	157	164	168	171	178	182	188	190	192	196	203	207	212	215	218	228	/
2A_NB	9	a	151	155	162	164	166	170	177	181	184	192	197	202	206	209	213	219	222	226	230	235	243	246
2A_NB	9	d	152	157	163	165	168	172	178	182	186	194	198	204	207	211	214	220	224	227	232	237	244	/
2A_NB	10	a	173	176	181	184	186	190	195	200	203	212	216	222	225	227	231	237	241	245	249	253	261	265
2A_NB	10	d	174	177	182	185	188	191	197	201	205	213	217	223	226	228	232	239	243	246	250	255	263	/
2A_NB	11	a	190	193	198	202	205	209	215	219	223	230	233	240	243	246	250	255	260	263	267	271	279	284
2A_NB	11	d	191	194	200	204	206	210	217	220	224	231	235	242	244	247	251	257	261	265	268	272	281	/
2A_NB	12	a	196	199	205	209	212	217	224	227	231	238	241	249	251	255	259	266	271	275	279	282	290	294
2A_NB	12	d	197	200	207	210	214	219	225	228	233	239	243	250	253	256	261	268	272	276	280	283	291	/
2A_NB	13	a	205	208	214	217	221	226	233	237	241	249	253	261	265	268	272	277	281	286	290	294	301	307
2A_NB	13	d	206	209	215	219	223	228	235	238	242	251	255	263	267	269	273	279	283	288	291	296	303	/
2A_NB	14	a	220	223	229	231	234	239	247	250	254	263	267	275	278	282	286	292	297	301	304	308	317	320
2A_NB	14	d	221	225	230	233	236	241	248	251	256	265	269	277	280	284	287	294	299	302	305	310	318	/
2A_NB	15	a	241	245	251	254	258	262	270	275	279	286	291	296	298	300	305	312	317	321	325	329	338	342
2A_NB	15	d	242	247	253	256	259	264	272	276	280	288	292	297	299	302	307	314	318	323	326	330	339	/
2A_NB	16	a	249	253	259	263	266	270	278	282	286	293	297	303	307	310	315	320	324	329	332	335	345	349
2A_NB	16	d	250	255	261	264	267	272	279	283	287	294	299	305	308	312	316	321	326	330	333	337	346	/
2A_SB	1	a	12	14	22	27	30	32	36	43	47	51	56	61	67	72	79	83	87	93	96	100	103	106	117	124
2A_SB	1	d	13	16	24	28	31	33	37	45	49	53	58	62	69	74	81	85	88	94	97	101	104	108	119	/
2A_SB	2	a	27	29	35	40	44	47	50	58	61	65	70	73	78	82	89	93	96	103	106	110	115	119	128	135
2A_SB	2	d	28	30	37	42	45	48	52	60	63	67	71	75	79	83	90	94	97	104	107	112	116	120	130	/
2A_SB	3	a	50	53	60	64	67	69	73	80	83	86	90	95	100	104	112	115	119	125	128	133	138	143	154	159
2A_SB	3	d	51	55	62	65	68	71	75	82	84	87	92	96	102	106	113	116	120	126	130	135	140	144	155	/
2A_SB	4	a	58	61	69	73	76	80	83	89	93	96	100	104	109	113	120	123	126	132	136	140	144	149	158	164
2A_SB	4	d	59	63	71	74	78	81	84	91	94	98	101	105	110	114	121	124	127	134	137	141	146	150	160	/
2A_SB	5	a	67	70	77	81	84	88	91	99	102	106	110	113	118	122	129	132	135	140	143	147	151	156	166	171
2A_SB	5	d	68	71	78	82	86	89	93	100	104	108	111	114	119	123	130	133	136	141	144	148	153	158	167	/
2A_SB	6	a	79	81	88	92	95	97	101	109	112	116	119	122	128	131	138	142	146	151	154	157	162	166	177	182
2A_SB	6	d	80	83	89	93	96	98	103	110	114	117	120	123	129	132	139	143	147	152	155	159	163	167	178	/
2A_SB	7	a	92	95	101	105	108	111	114	121	124	127	131	134	141	145	151	154	158	164	166	171	176	179	193	198
2A_SB	7	d	93	96	102	106	109	112	115	122	125	129	132	136	142	147	152	155	159	165	168	173	177	181	194	/
2A_SB	8	a	113	115	122	126	130	133	136	141	144	147	150	153	160	164	170	174	177	182	184	187	190	194	208	213
2A_SB	8	d	114	116	123	127	132	134	137	142	145	148	151	155	162	165	172	175	178	183	185	188	191	195	209	/
2A_SB	9	a	125	127	135	139	143	145	149	155	157	160	163	166	171	174	181	185	190	196	199	203	207	210	220	226
2A_SB	9	d	126	129	136	140	144	147	150	156	158	161	164	167	172	176	183	187	191	197	200	204	208	211	222	/
2A_SB	10	a	133	135	141	145	149	152	156	163	165	169	173	177	182	185	191	195	199	204	207	212	216	220	230	236
2A_SB	10	d	134	136	142	146	150	153	158	164	167	170	175	178	183	186	193	197	200	205	209	214	218	221	231	/
2A_SB	11	a	138	140	147	151	155	159	164	171	174	177	181	184	191	195	200	204	207	212	215	218	222	225	239	245
2A_SB	11	d	139	142	148	152	157	161	165	172	175	178	182	186	193	196	202	205	208	214	216	220	223	227	240	/
2A_SB	12	a	151	154	161	166	169	171	175	182	185	189	192	195	201	205	210	213	218	225	227	230	234	239	251	258
2A_SB	12	d	152	155	163	167	170	172	176	183	186	190	193	197	203	206	211	215	220	226	228	232	236	240	253	/
2A_SB	13	a	158	161	169	174	178	180	184	190	193	197	200	203	209	213	218	222	226	233	236	240	244	248	260	266
2A_SB	13	d	159	163	171	176	179	181	185	191	194	198	201	205	210	214	220	223	228	235	238	241	245	249	262	/
2A_SB	14	a	167	169	176	180	184	186	190	196	199	203	206	209	215	219	225	230	235	241	244	247	251	255	268	273
2A_SB	14	d	168	170	177	181	185	187	191	197	200	204	207	210	216	221	227	232	236	242	245	248	252	256	269	/
2A_SB	15	a	186	188	194	198	202	204	208	213	217	222	225	230	236	240	246	251	255	262	265	268	272	276	288	295
2A_SB	15	d	187	189	195	199	203	206	209	215	219	223	227	231	238	241	248	252	257	263	266	269	273	278	289	/
2A_SB	16	a	201	204	210	214	219	223	226	234	237	241	245	250	255	260	267	270	274	280	284	287	291	295	307	312
2A_SB	16	d	202	205	212	216	221	224	228	235	239	242	247	251	257	262	268	271	275	282	285	288	293	297	308	/
3A_SB	1	a	26	31	37	41	45	50	53	56	59	63	66	69	73	77	81	85	89	92
3A_SB	1	d	27	32	39	42	47	52	54	57	60	64	68	71	75	79	83	87	90	/
3A_SB	2	a	36	42	49	53	57	62	65	69	73	78	81	83	86	89	93	97	100	103
3A_SB	2	d	37	44	51	55	59	64	67	71	75	79	82	84	87	90	94	98	101	/
3A_SB	3	a	63	68	73	78	82	86	88	90	95	100	102	105	109	113	117	121	124	127
3A_SB	3	d	64	69	75	80	84	87	89	92	97	101	103	106	110	114	118	122	125	/
3A_SB	4	a	73	78	85	90	94	98	100	102	106	110	112	114	118	122	125	129	132	135
3A_SB	4	d	74	80	87	91	95	99	101	103	107	111	113	115	119	123	127	130	133	/
3A_SB	5	a	93	98	105	108	112	115	117	120	123	127	129	132	135	138	142	147	150	154
3A_SB	5	d	94	99	106	109	113	116	118	121	124	128	130	133	136	139	144	148	152	/
3A_SB	6	a	104	109	116	119	123	127	131	133	136	141	143	146	150	154	159	162	166	170
3A_SB	6	d	105	111	117	120	124	129	132	134	138	142	144	147	151	156	160	164	168	/
3A_SB	7	a	119	125	132	136	140	143	147	150	154	158	160	162	166	170	174	177	181	185
3A_SB	7	d	120	126	134	137	141	145	148	151	155	159	161	163	168	171	175	179	183	/
3A_SB	8	a	124	130	138	141	145	149	153	155	159	163	165	168	173	177	182	185	189	192
3A_SB	8	d	125	132	139	142	147	151	154	156	160	164	166	170	175	179	183	186	190	/
3A_SB	9	a	131	137	144	147	152	156	160	162	167	171	173	176	180	183	187	190	194	198
3A_SB	9	d	132	139	145	149	154	158	161	164	168	172	174	177	181	184	188	191	195	/
3A_SB	10	a	148	153	159	163	167	170	173	175	179	184	186	188	191	194	197	200	204	208
3A_SB	10	d	149	154	161	165	168	171	174	176	180	185	187	189	192	195	198	202	205	/
3A_SB	11	a	161	165	172	177	181	184	187	191	195	200	202	204	208	212	215	218	221	224
3A_SB	11	d	162	167	174	179	182	185	189	192	197	201	203	205	209	213	216	219	222	/
3A_SB	12	a	170	176	183	188	191	195	198	200	204	208	210	212	215	219	222	226	230	233
3A_SB	12	d	171	178	185	189	193	196	199	202	205	209	211	213	216	220	224	228	231	/
3A_SB	13	a	184	189	195	199	202	207	211	215	218	222	225	228	232	237	240	243	247	251
3A_SB	13	d	185	190	196	200	204	209	213	216	220	224	227	229	234	238	241	244	249	/
3A_SB	14	a	210	216	222	226	229	233	236	239	243	246	249	253	258	261	266	269	272	277
3A_SB	14	d	211	218	223	227	230	235	238	240	244	248	251	255	259	263	267	270	274	/
3A_SB	15	a	223	229	235	240	243	246	249	252	256	261	263	267	271	276	280	284	289	293
3A_SB	15	d	224	231	237	241	244	248	251	253	258	262	265	268	273	277	282	286	291	/
3A_SB	16	a	247	251	256	260	263	266	269	272	275	280	282	285	290	294	299	303	307	311
3A_SB	16	d	248	252	258	261	264	268	270	273	277	281	283	287	291	296	300	304	309	/
3A_NB	1	a	16	20	23	27	30	34	38	42	46	49	52	57	61	64	68	72	78	84	91
3A_NB	1	d	17	21	25	29	31	36	39	43	47	50	53	59	62	65	70	74	80	85	/
3A_NB	2	a	29	33	37	41	44	48	52	57	62	65	68	72	76	79	83	87	93	99	104
3A_NB	2	d	30	35	39	43	46	50	54	59	63	66	69	73	77	80	85	89	95	100	/
3A_NB	3	a	43	47	51	53	57	60	63	67	71	74	76	81	85	88	92	96	103	108	114
3A_NB	3	d	44	48	52	55	58	61	64	69	72	75	78	82	86	90	94	98	104	110	/
3A_NB	4	a	69	72	76	78	81	84	87	91	95	100	103	108	112	116	119	123	128	134	141
3A_NB	4	d	70	73	77	79	82	85	89	92	97	101	105	109	114	117	121	125	130	136	/
3A_NB	5	a	78	81	85	87	90	94	97	101	105	109	113	118	122	126	130	134	140	146	153
3A_NB	5	d	79	82	86	88	92	95	98	102	107	111	115	119	123	128	132	136	141	148	/
3A_NB	6	a	86	89	92	95	98	102	105	110	114	117	121	125	130	134	138	141	146	152	158
3A_NB	6	d	87	90	94	96	100	103	107	111	115	119	122	127	131	135	139	142	147	154	/
3A_NB	7	a	97	100	103	106	109	113	117	122	126	131	134	139	143	146	151	154	161	167	173
3A_NB	7	d	98	101	105	107	111	115	119	123	128	133	136	140	144	148	153	156	163	168	/
3A_NB	8	a	116	120	123	125	129	132	137	142	146	150	153	159	162	166	169	172	177	182	187
3A_NB	8	d	117	121	124	127	130	134	139	144	147	151	155	160	163	167	170	174	178	183	/
3A_NB	9	a	141	145	149	151	154	159	163	167	170	174	177	183	186	190	194	196	200	204	210
3A_NB	9	d	142	147	150	153	156	160	164	168	172	176	179	184	187	192	195	197	201	205	/
3A_NB	10	a	149	152	156	158	161	166	169	174	178	181	184	190	193	197	201	203	207	211	218
3A_NB	10	d	150	154	157	160	163	167	171	176	179	182	186	191	194	199	202	204	208	212	/
3A_NB	11	a	157	160	164	167	171	175	179	183	187	191	194	201	204	208	211	214	219	224	230
3A_NB	11	d	158	162	166	169	173	177	180	185	188	192	196	202	205	209	213	215	220	226	/
3A_NB	12	a	173	176	180	183	186	190	195	200	203	207	209	215	218	221	224	227	232	237	242
3A_NB	12	d	174	177	182	185	188	192	197	201	205	208	211	216	219	222	225	228	233	238	/
3A_NB	13	a	187	190	196	199	201	204	209	214	218	222	224	229	233	236	241	244	248	254	260
3A_NB	13	d	188	192	198	200	202	206	211	216	219	223	225	231	234	238	243	245	249	255	/
3A_NB	14	a	195	199	204	207	209	213	218	223	227	231	233	238	242	245	248	250	254	259	265
3A_NB	14	d	196	201	206	208	211	215	220	225	228	232	234	240	243	246	249	251	255	260	/
3A_NB	15	a	213	217	222	226	229	233	236	240	244	247	251	256	259	264	268	272	277	282	287
3A_NB	15	d	214	219	224	227	231	234	237	242	245	249	252	257	261	266	270	273	278	283	/
3A_NB	16	a	234	238	241	243	247	250	254	257	261	266	269	274	279	282	285	288	292	298	304
3A_NB	16	d	235	239	242	245	248	252	255	259	263	268	271	276	280	283	286	289	293	300	/
