RouteID	RunID	Arrivals/Departures	TimePerStop
1A_SB	1	a	10	16	24	28	31	35	42	45	51	54	58	69	75	78
1A_SB	1	d	11	17	25	29	32	37	43	46	52	56	60	71	76	/
1A_SB	2	a	38	44	53	56	59	63	68	73	80	83	88	99	104	108
1A_SB	2	d	39	46	54	57	61	64	70	75	81	85	89	101	106	/
1A_SB	3	a	61	67	76	80	83	86	91	95	101	104	108	117	122	127
1A_SB	3	d	62	68	78	81	84	87	92	96	102	105	109	118	124	/
1A_SB	4	a	72	78	87	90	95	100	106	109	114	117	122	131	137	141
1A_SB	4	d	73	79	88	92	97	102	107	110	115	119	124	133	139	/
1A_SB	5	a	79	84	93	98	103	107	112	116	121	125	129	137	143	147
1A_SB	5	d	80	85	95	100	105	108	114	117	122	126	130	138	145	/
1A_SB	6	a	96	103	113	116	120	124	128	131	137	140	144	151	157	161
1A_SB	6	d	97	104	114	117	121	125	129	132	138	141	145	152	159	/
1A_SB	7	a	108	113	123	126	129	133	137	141	147	150	153	162	168	172
1A_SB	7	d	109	115	124	127	130	134	138	142	148	151	155	163	169	/
1A_SB	8	a	118	123	134	139	143	146	150	154	159	163	168	178	184	189
1A_SB	8	d	119	125	136	141	144	147	151	155	160	165	169	179	186	/
1A_SB	9	a	132	138	147	152	157	160	166	171	179	184	188	198	205	209
1A_SB	9	d	133	139	149	154	158	161	168	173	181	185	190	200	207	/
1A_SB	10	a	142	147	156	159	164	168	175	180	187	192	196	205	212	216
1A_SB	10	d	143	148	157	161	166	170	177	182	189	193	197	207	214	/
1A_SB	11	a	168	175	184	187	191	196	202	207	213	216	219	227	231	234
1A_SB	11	d	169	176	185	189	193	197	204	208	214	217	220	228	232	/
1A_SB	12	a	179	185	196	199	203	207	213	217	222	225	229	237	242	246
1A_SB	12	d	180	187	197	201	204	208	214	218	223	226	230	239	244	/
1A_SB	13	a	195	201	209	212	216	220	227	231	238	242	245	255	261	266
1A_SB	13	d	196	202	210	214	217	222	229	233	240	243	247	257	263	/
1A_SB	14	a	225	231	239	242	245	249	254	258	263	268	271	279	285	289
1A_SB	14	d	226	232	240	243	247	250	256	259	265	269	272	281	286	/
1A_SB	15	a	231	237	246	249	252	255	260	264	270	275	279	288	294	299
1A_SB	15	d	232	239	247	250	253	256	262	266	272	277	281	290	296	/
1A_SB	16	a	240	246	255	259	263	267	272	275	282	286	289	298	304	309
1A_SB	16	d	241	248	257	261	264	268	273	276	283	287	290	300	306	/
1A_SB	17	a	251	257	268	271	275	279	284	287	294	297	301	310	316	321
1A_SB	17	d	252	259	269	273	276	280	285	288	295	299	303	312	318	/
1A_SB	18	a	261	268	276	279	282	286	293	296	304	309	312	320	327	331
1A_SB	18	d	262	270	277	280	283	288	294	298	306	310	313	322	328	/
1A_SB	19	a	288	294	302	305	308	311	317	321	326	330	334	345	352	356
1A_SB	19	d	289	295	303	306	309	312	319	322	328	332	336	346	354	/
1A_SB	20	a	297	303	310	314	319	323	330	333	339	343	346	356	364	368
1A_SB	20	d	298	304	312	316	321	324	331	335	341	344	348	358	366	/
1A_SB	21	a	310	316	325	329	334	337	343	346	351	355	359	367	373	378
1A_SB	21	d	311	318	326	331	335	338	344	347	352	356	360	368	375	/
1A_SB	22	a	316	322	331	336	340	343	350	354	359	362	365	374	381	386
1A_SB	22	d	317	324	333	337	341	345	351	355	360	363	367	376	383	/
1A_SB	23	a	335	340	351	356	360	364	371	376	381	386	389	398	402	406
1A_SB	23	d	336	342	353	357	362	366	373	377	383	387	391	399	404	/
1A_SB	24	a	351	356	365	370	373	377	382	387	393	396	399	408	413	417
1A_SB	24	d	352	358	367	371	375	378	384	389	394	397	401	409	414	/
1A_SB	25	a	367	372	380	385	389	392	398	402	407	411	414	425	432	436
1A_SB	25	d	368	373	382	386	390	393	400	403	409	412	416	427	433	/
1A_SB	26	a	391	397	404	408	412	416	423	426	433	437	442	451	458	463
1A_SB	26	d	392	398	406	410	414	417	424	428	435	439	444	453	460	/
1A_SB	27	a	408	413	421	425	429	432	438	441	448	451	456	465	472	476
1A_SB	27	d	409	414	422	426	430	433	439	442	449	453	458	467	473	/
1A_SB	28	a	431	437	447	451	455	459	465	469	474	478	483	493	499	504
1A_SB	28	d	432	439	448	453	457	460	467	470	476	480	485	495	501	/
1A_SB	29	a	455	461	469	472	476	479	484	488	495	499	503	512	518	521
1A_SB	29	d	456	462	470	473	477	480	486	490	496	500	504	514	519	/
1A_SB	30	a	468	474	483	487	491	495	502	506	512	517	521	532	537	540
1A_SB	30	d	469	475	485	489	492	497	503	508	514	519	522	533	538	/
1A_SB	31	a	496	502	510	514	517	521	527	531	536	539	543	554	560	563
1A_SB	31	d	497	503	512	515	518	523	528	532	537	540	545	556	561	/
1A_SB	32	a	511	517	524	527	531	535	542	546	553	556	561	572	578	582
1A_SB	32	d	512	518	525	529	532	536	543	548	554	558	563	574	580	/
1A_NB	1	a	14	18	24	32	39	43	50	55	63	68	72	75	81	86
1A_NB	1	d	15	20	25	34	41	45	52	57	65	69	73	76	83	/
1A_NB	2	a	28	32	38	47	54	58	64	68	75	80	83	86	92	96
1A_NB	2	d	29	34	40	49	56	59	65	70	77	81	84	87	93	/
1A_NB	3	a	37	41	46	53	60	63	70	75	81	86	89	92	99	103
1A_NB	3	d	38	42	47	55	61	65	72	76	83	87	90	93	100	/
1A_NB	4	a	49	53	60	68	74	77	82	87	93	98	102	106	114	119
1A_NB	4	d	50	55	62	69	75	78	84	88	95	99	104	108	115	/
1A_NB	5	a	72	76	81	90	97	102	107	112	118	123	126	129	137	142
1A_NB	5	d	73	77	83	92	99	103	109	113	120	124	127	131	138	/
1A_NB	6	a	81	86	91	99	105	109	115	119	124	129	132	136	145	150
1A_NB	6	d	82	87	92	100	106	111	116	120	126	130	134	138	146	/
1A_NB	7	a	90	94	100	109	116	121	127	131	137	141	146	150	160	165
1A_NB	7	d	91	95	102	111	118	123	129	133	138	143	148	151	162	/
1A_NB	8	a	103	107	112	120	125	129	135	140	146	151	155	158	169	174
1A_NB	8	d	104	108	114	121	127	131	137	142	148	152	156	160	170	/
1A_NB	9	a	120	124	129	137	143	147	153	158	165	168	173	177	186	192
1A_NB	9	d	121	125	130	138	145	149	155	160	166	170	175	179	187	/
1A_NB	10	a	138	142	148	154	162	165	170	174	181	184	189	192	200	207
1A_NB	10	d	139	143	149	156	163	166	171	176	182	186	190	193	202	/
1A_NB	11	a	144	148	155	164	170	174	179	183	190	193	198	202	210	216
1A_NB	11	d	145	150	157	166	172	175	180	184	191	195	200	204	211	/
1A_NB	12	a	158	162	168	174	180	185	191	196	202	206	210	215	224	231
1A_NB	12	d	159	163	169	176	182	187	193	197	204	207	212	216	225	/
1A_NB	13	a	167	172	178	184	191	196	202	207	213	217	220	224	232	240
1A_NB	13	d	168	174	179	186	193	197	204	208	214	218	221	225	234	/
1A_NB	14	a	190	195	201	208	213	217	222	227	234	238	242	246	254	259
1A_NB	14	d	191	196	202	209	215	218	224	228	235	240	244	248	255	/
1A_NB	15	a	201	205	211	218	224	227	232	236	244	249	253	257	263	269
1A_NB	15	d	202	206	212	219	225	229	233	238	246	251	255	258	265	/
1A_NB	16	a	215	219	225	232	238	243	248	253	260	264	268	271	278	285
1A_NB	16	d	216	221	227	233	240	244	250	254	261	266	269	273	280	/
1A_NB	17	a	239	243	248	255	260	264	270	274	281	285	290	293	301	307
1A_NB	17	d	240	244	250	256	261	266	272	276	282	287	291	295	302	/
1A_NB	18	a	265	269	275	283	288	291	296	301	309	313	316	319	326	331
1A_NB	18	d	266	270	276	284	289	292	298	303	311	314	317	321	327	/
1A_NB	19	a	274	279	286	295	301	305	310	313	320	324	329	333	340	345
1A_NB	19	d	275	281	288	296	303	306	311	314	322	326	331	334	341	/
1A_NB	20	a	301	305	310	317	324	327	333	337	342	346	349	352	361	368
1A_NB	20	d	302	306	311	319	325	328	334	338	344	347	350	353	363	/
1A_NB	21	a	306	310	315	323	330	333	340	345	352	355	359	363	372	379
1A_NB	21	d	307	311	317	325	331	335	342	347	353	357	361	364	374	/
1A_NB	22	a	322	326	333	341	347	351	357	361	367	370	373	376	384	390
1A_NB	22	d	323	328	335	342	349	352	358	362	368	371	374	378	386	/
1A_NB	23	a	350	354	361	368	374	378	383	387	394	398	402	405	413	418
1A_NB	23	d	351	356	362	369	375	379	384	388	396	400	403	406	414	/
1A_NB	24	a	360	364	369	377	382	387	392	397	404	407	411	415	424	429
1A_NB	24	d	361	365	371	378	384	388	394	398	405	409	412	417	426	/
1A_NB	25	a	383	387	393	401	407	410	416	422	429	433	436	440	447	453
1A_NB	25	d	384	389	395	403	408	411	418	424	431	434	438	441	449	/
1A_NB	26	a	399	404	410	418	423	427	434	437	443	446	451	455	462	468
1A_NB	26	d	400	406	412	419	425	429	435	439	444	448	453	456	463	/
1A_NB	27	a	419	424	429	436	443	447	453	457	464	469	473	478	486	491
1A_NB	27	d	420	425	430	438	445	449	455	459	466	470	475	479	487	/
1A_NB	28	a	439	443	449	457	463	468	473	477	483	488	491	496	502	508
1A_NB	28	d	440	445	450	458	465	469	475	479	485	489	493	497	503	/
1A_NB	29	a	452	456	462	470	476	481	488	492	499	503	507	511	518	525
1A_NB	29	d	453	458	463	472	478	483	490	494	501	505	509	513	520	/
1A_NB	30	a	469	473	479	486	492	495	500	505	510	514	519	523	529	535
1A_NB	30	d	470	474	480	488	493	496	502	506	512	516	521	524	531	/
1A_NB	31	a	478	482	489	496	502	506	511	515	521	525	528	531	538	543
1A_NB	31	d	479	484	490	498	503	507	512	517	523	526	529	532	539	/
1A_NB	32	a	490	494	500	507	513	516	520	525	533	537	541	545	553	560
1A_NB	32	d	491	495	501	509	514	517	522	527	535	539	543	546	554	/
2A_NB	1	a	12	15	20	26	28	32	37	41	44	56	62	65	67	70	75	79	83	86	90	94	99	102	106	113
2A_NB	1	d	13	17	22	27	30	33	39	42	46	57	63	66	68	72	77	81	85	87	92	96	100	103	107	/
2A_NB	2	a	34	38	43	49	51	54	61	66	69	81	86	90	93	96	100	104	108	111	115	119	124	129	132	140
2A_NB	2	d	35	40	44	50	52	56	63	67	71	82	88	91	94	98	102	105	110	112	116	121	126	130	134	/
2A_NB	3	a	47	50	54	59	61	65	72	76	81	91	96	99	102	105	108	110	114	117	121	126	130	134	137	146
2A_NB	3	d	48	52	55	60	63	67	73	78	82	92	97	100	103	106	109	111	116	118	123	127	131	135	139	/
2A_NB	4	a	55	58	61	67	69	73	79	83	88	98	103	106	109	113	116	118	122	124	128	133	137	140	144	153
2A_NB	4	d	56	59	62	68	71	75	81	85	90	99	104	108	110	114	117	119	123	125	130	134	138	142	146	/
2A_NB	5	a	69	72	75	81	83	86	91	94	97	106	111	114	117	121	125	128	131	133	137	142	147	151	154	164
2A_NB	5	d	70	73	76	82	84	87	92	95	98	107	113	116	118	123	126	129	132	134	139	144	149	152	156	/
2A_NB	6	a	75	79	83	89	91	94	100	103	107	116	121	124	126	129	133	137	140	143	148	152	156	160	163	172
2A_NB	6	d	76	80	84	90	92	96	101	105	108	117	122	125	127	131	135	138	142	145	149	153	157	161	164	/
2A_NB	7	a	94	97	101	105	107	110	115	119	123	130	137	139	142	145	149	151	155	158	163	167	172	176	179	187
2A_NB	7	d	95	98	102	106	108	111	116	121	124	132	138	141	143	146	150	152	156	160	164	169	173	177	180	/
2A_NB	8	a	109	113	117	122	125	129	135	139	142	149	156	158	161	165	168	171	174	178	181	186	191	195	198	204
2A_NB	8	d	110	114	118	124	126	131	137	140	143	150	157	160	163	166	169	172	176	179	183	188	193	196	199	/
2A_NB	9	a	130	134	139	146	148	152	158	161	164	175	183	186	190	193	196	198	201	204	208	212	216	219	224	234
2A_NB	9	d	131	136	140	147	150	153	159	162	166	176	184	188	191	194	197	199	203	205	210	214	217	221	226	/
2A_NB	10	a	141	144	149	155	157	161	168	173	177	188	195	199	202	207	210	213	216	218	223	227	230	234	238	247
2A_NB	10	d	142	146	150	156	159	163	170	175	179	189	197	201	204	208	212	214	217	220	225	228	232	235	240	/
2A_NB	11	a	161	164	169	175	178	182	187	192	196	205	211	215	217	221	226	230	234	237	241	246	251	255	258	267
2A_NB	11	d	162	166	170	177	180	183	189	194	197	206	213	216	219	223	228	231	236	239	243	248	252	256	260	/
2A_NB	12	a	184	187	191	197	199	203	209	213	216	225	231	234	237	241	245	248	251	254	257	261	265	269	272	279
2A_NB	12	d	185	188	192	198	201	205	210	214	217	226	233	236	239	242	246	249	253	255	258	262	267	270	273	/
2A_NB	13	a	190	193	198	205	208	213	219	223	226	236	242	244	248	253	257	261	266	268	271	275	279	284	289	297
2A_NB	13	d	191	195	200	207	210	215	220	224	228	237	243	246	250	254	259	263	267	269	273	276	281	286	291	/
2A_NB	14	a	215	219	223	229	232	237	243	247	251	259	266	270	273	277	281	284	288	290	295	300	303	307	311	319
2A_NB	14	d	216	221	224	231	234	238	244	249	253	261	268	271	275	278	282	285	289	292	297	301	304	309	313	/
2A_NB	15	a	232	235	240	245	247	252	259	264	269	281	290	294	297	302	306	308	311	314	319	323	327	331	335	343
2A_NB	15	d	233	237	241	246	249	254	261	266	271	283	292	296	299	304	307	309	313	316	320	325	329	333	337	/
2A_NB	16	a	251	255	260	265	268	271	277	282	285	295	302	304	307	311	314	317	321	324	329	332	337	342	345	353
2A_NB	16	d	252	257	261	266	269	273	279	283	287	296	303	305	308	312	316	319	322	326	330	334	339	343	346	/
2A_NB	17	a	263	266	271	276	279	283	288	293	298	309	316	319	321	325	329	332	335	338	342	346	349	353	357	365
2A_NB	17	d	264	268	272	278	280	284	290	295	300	311	318	320	322	326	330	333	336	339	344	347	351	355	358	/
2A_NB	18	a	272	276	279	285	288	292	298	302	307	318	324	327	330	334	337	341	344	346	351	356	360	363	366	374
2A_NB	18	d	273	277	281	287	290	294	299	304	309	319	326	329	332	335	339	342	345	348	353	358	361	364	367	/
2A_NB	19	a	281	285	289	295	297	301	308	313	317	325	332	335	339	342	345	348	352	355	360	365	368	372	376	383
2A_NB	19	d	282	286	291	296	299	303	310	314	318	327	333	337	340	343	347	350	354	357	362	366	370	374	378	/
2A_NB	20	a	310	314	318	324	327	331	336	340	344	353	361	363	366	371	375	378	382	385	390	395	398	402	406	413
2A_NB	20	d	311	315	319	325	329	332	338	341	346	355	362	365	368	372	376	380	384	387	392	396	400	404	408	/
2A_NB	21	a	319	322	327	333	337	341	346	350	355	364	371	374	376	380	385	388	392	395	400	404	409	413	416	423
2A_NB	21	d	320	324	328	335	338	342	347	352	357	366	373	375	378	382	386	390	394	397	401	406	411	414	418	/
2A_NB	22	a	330	334	338	343	346	350	357	362	366	377	383	386	388	391	395	398	401	404	408	412	416	420	424	431
2A_NB	22	d	331	335	339	345	348	352	359	363	368	378	385	387	389	393	396	399	403	405	409	413	418	421	425	/
2A_NB	23	a	352	355	359	366	369	372	378	382	386	397	403	406	409	413	416	419	423	425	429	433	436	440	444	452
2A_NB	23	d	353	356	361	367	370	374	380	384	388	398	405	408	411	414	417	420	424	427	430	434	438	442	446	/
2A_NB	24	a	379	383	388	394	396	400	407	411	415	424	429	432	435	438	442	444	447	451	456	460	463	467	471	480
2A_NB	24	d	380	385	390	395	398	401	408	412	416	425	430	434	436	439	443	445	449	453	458	461	465	469	473	/
2A_NB	25	a	392	395	400	406	409	413	420	424	428	437	444	447	449	453	456	460	464	466	471	474	478	483	487	494
2A_NB	25	d	393	397	402	408	411	415	421	426	430	439	445	448	451	454	458	462	465	468	472	475	480	485	488	/
2A_NB	26	a	408	411	416	422	424	427	434	438	442	451	459	463	466	471	475	478	482	484	489	492	497	500	504	511
2A_NB	26	d	409	413	418	423	425	429	436	439	444	453	461	465	468	472	476	479	483	486	490	494	498	502	506	/
2A_NB	27	a	423	427	432	437	441	445	452	455	458	465	472	476	479	483	487	490	495	497	500	503	508	512	516	523
2A_NB	27	d	424	429	433	439	443	446	453	456	459	466	474	478	481	484	488	492	496	498	501	505	510	513	518	/
2A_NB	28	a	452	455	459	464	466	470	475	479	482	492	500	502	505	509	513	517	521	525	528	532	536	539	542	549
2A_NB	28	d	453	456	460	465	467	471	477	480	483	494	501	503	506	510	515	518	523	526	530	534	537	540	543	/
2A_NB	29	a	469	473	477	483	486	491	497	502	505	514	520	524	527	532	536	539	544	547	552	557	560	565	569	577
2A_NB	29	d	470	474	479	485	488	493	499	503	506	515	522	525	529	533	538	541	545	549	554	558	562	566	570	/
2A_NB	30	a	492	496	499	506	510	514	521	525	528	537	545	548	550	553	558	561	566	568	572	575	578	582	585	593
2A_NB	30	d	493	497	501	508	511	516	522	526	529	539	547	549	551	555	560	563	567	570	573	576	580	583	586	/
2A_NB	31	a	506	510	513	517	521	525	532	537	541	551	557	560	562	566	571	575	579	582	585	590	595	600	604	611
2A_NB	31	d	507	511	514	519	522	527	534	539	543	552	558	561	563	568	573	577	581	583	587	592	597	601	605	/
2A_NB	32	a	517	521	524	530	533	536	542	547	551	560	566	569	572	577	581	585	588	590	594	598	602	607	612	619
2A_NB	32	d	518	522	526	532	534	537	544	548	552	562	567	571	574	579	583	586	589	591	595	599	604	609	613	/
2A_SB	1	a	18	23	28	31	36	39	43	47	52	56	60	62	66	70	74	82	87	91	94	100	102	106	110	115	124
2A_SB	1	d	19	24	29	33	37	41	45	49	53	57	61	63	68	72	75	83	88	92	95	101	103	107	112	117	/
2A_SB	2	a	31	36	42	46	50	53	57	61	65	70	76	79	83	87	91	98	104	108	113	119	122	128	132	136	148
2A_SB	2	d	32	38	44	48	52	55	59	62	67	72	78	80	84	88	92	99	105	110	114	121	124	130	133	138	/
2A_SB	3	a	48	54	60	64	67	71	73	78	83	87	92	94	97	101	106	115	121	124	127	134	137	141	145	149	157
2A_SB	3	d	49	55	62	65	69	72	75	80	84	89	93	95	98	103	107	116	122	125	128	135	138	142	147	150	/
2A_SB	4	a	53	59	65	69	73	77	81	86	91	95	100	103	107	110	114	124	130	133	137	142	146	150	155	160	169
2A_SB	4	d	54	60	67	71	75	79	83	88	93	97	102	105	108	111	116	125	131	135	138	144	147	152	157	162	/
2A_SB	5	a	66	71	78	81	85	89	92	97	102	106	110	113	116	120	125	134	141	144	148	153	155	159	163	167	176
2A_SB	5	d	67	73	79	82	87	90	94	99	104	107	112	114	118	122	126	135	142	146	149	154	156	160	165	168	/
2A_SB	6	a	81	86	91	95	99	101	105	109	113	117	121	123	128	131	135	143	151	154	157	162	164	168	171	175	184
2A_SB	6	d	82	87	93	97	100	103	106	110	114	118	122	125	129	132	136	145	152	155	158	163	165	169	173	176	/
2A_SB	7	a	94	100	105	109	114	117	121	124	127	131	134	136	140	144	148	156	163	166	170	175	178	182	185	189	198
2A_SB	7	d	95	101	107	111	116	119	122	125	128	132	135	137	141	145	149	157	164	167	171	176	180	183	186	190	/
2A_SB	8	a	117	122	129	134	137	140	142	146	150	154	157	160	163	167	170	179	185	189	193	199	202	207	211	215	227
2A_SB	8	d	118	123	131	135	138	141	143	148	151	155	158	161	165	168	171	180	186	190	194	200	204	209	212	216	/
2A_SB	9	a	127	132	139	142	146	149	152	156	160	164	167	169	172	175	178	187	194	198	202	209	212	216	220	225	236
2A_SB	9	d	128	133	140	144	147	151	154	157	161	165	168	170	173	176	179	189	195	199	203	210	213	218	222	227	/
2A_SB	10	a	138	144	152	155	159	162	165	168	172	175	179	182	185	189	194	201	206	211	215	221	224	229	233	236	247
2A_SB	10	d	139	146	153	156	161	164	166	170	173	177	181	183	187	191	196	202	208	212	217	222	226	230	234	238	/
2A_SB	11	a	146	152	157	161	166	169	173	177	181	186	190	192	195	198	202	208	215	218	222	228	231	235	239	243	253
2A_SB	11	d	147	153	159	163	168	171	175	179	183	188	191	193	196	199	203	210	216	219	224	230	232	236	241	245	/
2A_SB	12	a	156	162	167	171	175	177	181	184	188	193	197	199	202	205	209	217	224	229	234	240	243	249	253	257	266
2A_SB	12	d	157	163	168	173	176	179	182	185	190	195	198	200	203	206	211	219	226	231	236	242	245	250	255	258	/
2A_SB	13	a	172	177	184	188	191	194	197	201	204	208	211	214	218	221	225	233	239	243	247	253	255	260	265	269	280
2A_SB	13	d	173	179	185	189	192	195	199	202	205	209	213	215	219	222	227	234	240	245	248	254	257	262	267	271	/
2A_SB	14	a	184	190	195	199	203	206	209	212	215	218	222	224	228	231	235	242	248	252	255	262	265	269	274	279	289
2A_SB	14	d	185	191	196	200	204	207	210	213	216	219	223	225	229	232	236	243	249	253	257	264	266	271	276	280	/
2A_SB	15	a	202	206	211	215	220	222	224	228	232	237	242	244	247	252	255	262	268	272	275	281	283	287	291	295	304
2A_SB	15	d	203	207	212	217	221	223	226	230	234	239	243	245	249	253	256	263	270	273	276	282	284	288	292	296	/
2A_SB	16	a	216	221	227	231	235	238	240	243	246	250	254	256	259	263	266	273	279	282	285	289	292	297	302	306	317
2A_SB	16	d	217	223	229	233	237	239	241	244	247	251	255	257	260	264	267	274	280	283	286	291	294	299	304	307	/
2A_SB	17	a	228	234	240	243	246	248	252	255	258	262	267	269	272	276	281	290	298	302	306	311	313	317	321	324	333
2A_SB	17	d	229	235	241	244	247	250	253	256	259	264	268	270	273	278	283	292	299	303	307	312	314	318	322	325	/
2A_SB	18	a	243	249	255	258	262	264	268	272	276	279	283	285	289	292	295	304	310	313	318	324	327	333	336	340	349
2A_SB	18	d	244	251	256	259	263	266	270	274	277	280	284	286	290	293	296	305	311	315	319	325	329	334	338	342	/
2A_SB	19	a	267	273	279	282	286	290	292	295	298	302	306	308	312	316	319	326	332	337	342	348	351	355	359	364	374
2A_SB	19	d	268	274	280	284	288	291	293	296	299	303	307	309	313	317	321	327	334	339	343	349	352	356	361	366	/
2A_SB	20	a	273	278	285	289	293	296	298	302	306	311	315	318	322	325	328	336	342	346	350	356	359	364	368	372	381
2A_SB	20	d	274	280	287	290	294	297	300	303	308	312	316	319	323	326	330	338	343	348	351	357	361	366	369	373	/
2A_SB	21	a	283	288	295	299	304	308	311	315	319	323	327	331	335	339	343	350	357	361	366	372	375	380	385	390	401
2A_SB	21	d	284	289	297	301	306	310	313	317	320	324	329	332	337	341	344	351	358	363	367	373	377	382	387	392	/
2A_SB	22	a	299	305	312	317	321	325	328	332	335	338	341	344	347	350	355	364	370	375	379	386	388	392	396	401	412
2A_SB	22	d	300	306	314	319	323	327	330	333	336	339	342	345	348	352	357	366	372	376	381	387	389	393	398	403	/
2A_SB	23	a	317	322	329	333	337	341	344	347	351	356	361	363	367	371	374	381	388	392	397	404	407	412	417	421	429
2A_SB	23	d	318	324	330	334	339	342	345	348	353	358	362	365	369	372	375	383	389	394	398	405	408	414	418	422	/
2A_SB	24	a	334	339	346	350	354	357	360	364	368	373	377	379	384	388	392	400	405	408	412	418	422	427	431	436	448
2A_SB	24	d	335	341	347	352	356	358	362	366	370	374	378	381	385	390	394	401	406	409	413	420	423	428	433	438	/
2A_SB	25	a	348	353	358	362	366	369	372	376	380	384	389	392	396	401	404	411	418	421	425	431	435	440	444	448	459
2A_SB	25	d	349	354	359	364	368	370	374	378	381	386	390	394	398	402	405	413	419	423	426	433	436	441	446	449	/
2A_SB	26	a	356	361	367	370	374	377	381	385	388	393	396	400	404	408	411	419	425	428	432	439	443	448	452	456	465
2A_SB	26	d	357	362	368	372	375	379	382	386	390	394	398	402	406	409	413	420	426	430	434	441	444	449	453	457	/
2A_SB	27	a	383	389	395	398	402	406	409	414	418	422	426	429	432	436	439	447	454	458	461	468	472	477	481	485	495
2A_SB	27	d	384	391	396	399	404	407	411	416	420	424	427	430	434	437	441	449	455	459	462	470	474	478	483	487	/
2A_SB	28	a	391	398	404	407	411	414	418	422	425	428	431	435	439	442	446	454	461	466	470	476	479	483	487	490	500
2A_SB	28	d	392	400	405	409	412	416	420	423	426	429	433	436	440	444	448	456	463	468	471	477	481	484	488	492	/
2A_SB	29	a	416	422	429	432	435	439	442	445	449	452	456	459	464	467	470	479	486	490	494	500	504	508	512	515	526
2A_SB	29	d	417	424	430	433	437	440	443	447	450	453	458	461	465	468	471	481	488	492	496	502	505	509	513	516	/
2A_SB	30	a	445	452	458	461	465	467	469	472	475	480	484	488	493	497	500	507	513	517	521	528	531	536	541	545	555
2A_SB	30	d	446	453	459	462	466	468	470	473	477	482	486	490	494	498	501	508	514	519	523	529	533	538	543	546	/
2A_SB	31	a	466	471	476	480	484	488	492	496	500	504	508	510	514	518	521	528	536	540	545	552	556	562	566	570	581
2A_SB	31	d	467	472	477	481	486	490	494	497	501	505	509	512	516	519	522	529	538	542	547	554	558	564	568	571	/
2A_SB	32	a	477	482	487	492	497	500	502	507	511	515	519	523	528	532	537	544	551	555	561	568	572	577	580	584	594
2A_SB	32	d	478	483	489	494	499	501	504	508	512	516	521	525	530	534	538	546	553	557	563	570	573	578	581	586	/
3A_SB	1	a	19	24	28	32	35	39	42	46	50	53	57	60	64	71	75
3A_SB	1	d	20	26	29	33	37	40	43	47	51	54	58	62	65	73	/
3A_SB	2	a	44	50	55	59	64	67	71	75	79	81	86	90	93	99	103
3A_SB	2	d	45	52	56	61	65	69	73	76	80	82	87	91	94	100	/
3A_SB	3	a	64	70	73	77	81	84	86	91	96	99	104	108	111	116	120
3A_SB	3	d	65	71	74	78	82	85	88	93	97	100	105	109	112	117	/
3A_SB	4	a	86	91	95	99	102	106	110	114	119	121	126	129	132	138	141
3A_SB	4	d	87	93	96	100	104	108	112	116	120	122	127	130	133	139	/
3A_SB	5	a	101	106	111	114	117	120	122	126	129	131	136	139	142	149	153
3A_SB	5	d	102	108	112	115	118	121	123	127	130	132	137	140	144	150	/
3A_SB	6	a	122	128	133	137	141	143	146	149	153	155	160	163	167	173	176
3A_SB	6	d	123	130	134	138	142	144	147	150	154	156	161	164	169	174	/
3A_SB	7	a	131	137	141	145	149	151	154	158	162	164	169	173	178	183	186
3A_SB	7	d	132	139	142	146	150	152	155	159	163	166	171	175	179	184	/
3A_SB	8	a	145	151	154	158	162	164	167	171	175	177	181	184	187	193	196
3A_SB	8	d	146	152	155	159	163	165	169	172	176	178	182	185	188	194	/
3A_SB	9	a	152	158	161	166	170	172	176	179	182	184	189	192	195	201	206
3A_SB	9	d	153	159	163	168	171	174	177	180	183	185	190	193	196	203	/
3A_SB	10	a	170	175	179	183	187	189	191	195	199	201	206	209	212	217	220
3A_SB	10	d	171	177	180	184	188	190	192	196	200	202	207	210	213	218	/
3A_SB	11	a	183	188	193	198	202	204	206	209	214	216	221	225	228	233	237
3A_SB	11	d	184	190	195	200	203	205	207	211	215	217	222	226	229	235	/
3A_SB	12	a	198	203	207	211	215	218	222	225	229	231	235	238	241	247	250
3A_SB	12	d	199	204	208	213	217	220	223	227	230	232	236	239	242	248	/
3A_SB	13	a	207	212	216	221	225	229	231	236	239	242	246	249	252	258	262
3A_SB	13	d	208	213	218	223	227	230	233	237	240	243	247	250	253	259	/
3A_SB	14	a	223	228	232	237	241	245	248	252	256	260	265	269	273	280	283
3A_SB	14	d	224	229	233	239	243	246	250	254	258	262	267	270	275	281	/
3A_SB	15	a	248	254	259	262	265	267	269	273	277	279	284	288	292	300	304
3A_SB	15	d	249	256	260	263	266	268	270	274	278	280	286	290	294	301	/
3A_SB	16	a	256	261	265	268	271	274	277	282	286	289	295	298	301	309	314
3A_SB	16	d	257	262	266	269	272	275	279	283	287	290	296	299	303	311	/
3A_SB	17	a	268	273	277	281	285	289	291	295	300	302	308	311	314	320	324
3A_SB	17	d	269	274	278	283	287	290	293	297	301	304	309	312	315	321	/
3A_SB	18	a	289	294	298	303	307	311	314	319	323	325	329	332	335	341	344
3A_SB	18	d	290	295	300	305	309	313	316	321	324	326	330	333	336	342	/
3A_SB	19	a	312	318	322	326	329	332	334	338	343	346	352	356	359	366	369
3A_SB	19	d	313	319	323	327	330	333	335	340	345	348	354	357	361	367	/
3A_SB	20	a	338	344	347	352	356	359	361	364	369	373	379	383	387	392	396
3A_SB	20	d	339	345	349	353	357	360	362	366	371	375	381	385	388	394	/
3A_SB	21	a	352	357	361	365	368	371	374	378	383	385	390	393	396	402	405
3A_SB	21	d	353	359	362	366	370	373	375	380	384	386	391	394	397	403	/
3A_SB	22	a	361	365	370	375	378	381	384	389	394	398	403	406	410	418	422
3A_SB	22	d	362	367	372	376	380	383	386	391	396	399	404	408	412	419	/
3A_SB	23	a	383	388	392	397	400	403	406	411	415	418	423	427	432	438	441
3A_SB	23	d	384	390	394	398	402	405	408	412	416	419	425	429	433	439	/
3A_SB	24	a	398	402	406	410	413	415	418	422	426	429	434	438	441	448	451
3A_SB	24	d	399	404	407	411	414	417	420	424	428	430	436	439	443	449	/
3A_SB	25	a	417	422	425	430	433	437	440	444	449	451	457	460	464	470	473
3A_SB	25	d	418	423	427	431	435	439	442	446	450	453	458	462	465	471	/
3A_SB	26	a	429	434	437	441	446	449	452	456	459	461	466	470	473	480	484
3A_SB	26	d	430	435	438	443	447	451	453	457	460	462	468	471	475	482	/
3A_SB	27	a	451	457	462	466	469	472	474	478	481	483	487	491	495	501	504
3A_SB	27	d	452	459	464	467	470	473	475	479	482	484	488	493	496	502	/
3A_SB	28	a	465	470	474	478	482	485	487	492	496	498	503	508	512	516	519
3A_SB	28	d	466	471	475	480	483	486	489	494	497	499	505	510	513	517	/
3A_SB	29	a	478	483	488	492	496	499	503	506	510	513	517	521	525	530	534
3A_SB	29	d	479	485	490	494	498	501	504	508	511	514	519	523	526	532	/
3A_SB	30	a	493	499	504	508	513	517	520	525	530	534	539	544	548	555	560
3A_SB	30	d	494	501	505	510	515	519	522	527	532	536	541	546	550	557	/
3A_SB	31	a	512	517	522	526	530	533	536	540	544	546	552	556	561	568	573
3A_SB	31	d	513	519	523	528	532	535	538	542	545	548	553	558	563	570	/
3A_SB	32	a	538	544	549	554	558	561	564	568	571	573	579	582	586	593	596
3A_SB	32	d	539	546	551	556	560	562	566	569	572	575	580	584	588	594	/
3A_NB	1	a	29	33	36	41	45	48	52	56	60	65	70	74	79	82	88	92	95
3A_NB	1	d	30	34	38	43	46	49	54	58	61	67	71	76	80	84	89	93	/
3A_NB	2	a	42	46	51	56	60	64	67	70	74	79	83	86	90	93	97	101	104
3A_NB	2	d	43	48	53	58	62	65	68	72	76	80	84	87	92	94	98	102	/
3A_NB	3	a	63	66	70	74	77	81	85	89	92	96	100	104	107	111	116	121	125
3A_NB	3	d	64	67	71	75	78	83	87	90	93	97	101	105	109	113	118	122	/
3A_NB	4	a	75	78	83	87	90	94	98	102	106	113	117	121	124	127	131	134	138
3A_NB	4	d	76	80	85	88	92	95	99	104	108	114	118	122	125	128	132	135	/
3A_NB	5	a	83	86	90	95	98	102	106	111	115	121	125	129	132	135	139	143	147
3A_NB	5	d	84	87	92	96	100	103	108	113	116	122	126	130	133	136	140	144	/
3A_NB	6	a	93	96	100	105	109	113	118	122	126	130	134	138	143	146	151	155	158
3A_NB	6	d	94	98	102	107	110	115	119	124	127	131	135	140	144	148	152	156	/
3A_NB	7	a	103	106	110	114	118	123	127	132	135	140	144	148	152	155	159	163	166
3A_NB	7	d	104	108	111	116	120	125	129	133	137	141	145	149	154	156	160	164	/
3A_NB	8	a	117	121	124	128	132	137	141	145	148	153	156	160	163	165	170	173	177
3A_NB	8	d	118	122	126	130	134	139	142	146	150	154	157	161	164	166	171	174	/
3A_NB	9	a	141	144	148	153	157	161	165	168	171	176	179	182	185	187	192	196	200
3A_NB	9	d	142	146	150	154	159	162	166	169	172	177	180	183	186	188	193	197	/
3A_NB	10	a	149	152	155	159	163	168	172	175	179	183	186	189	192	194	199	203	208
3A_NB	10	d	150	153	156	160	165	169	173	177	180	184	187	190	193	195	200	205	/
3A_NB	11	a	156	159	163	167	170	174	178	181	184	188	192	196	200	202	208	212	216
3A_NB	11	d	157	161	164	168	171	175	179	183	185	190	194	197	201	204	209	213	/
3A_NB	12	a	171	175	179	183	187	191	196	199	203	208	211	215	218	220	225	229	232
3A_NB	12	d	172	177	181	184	189	193	197	201	204	209	212	216	219	221	226	230	/
3A_NB	13	a	178	182	186	189	194	198	203	207	210	214	218	222	225	229	234	238	241
3A_NB	13	d	179	183	187	191	196	199	205	208	211	215	219	223	227	231	235	239	/
3A_NB	14	a	195	198	202	206	210	214	218	222	225	231	235	239	242	245	250	254	257
3A_NB	14	d	196	200	203	208	212	215	220	224	227	232	237	240	243	246	251	255	/
3A_NB	15	a	208	211	215	220	223	226	229	233	236	242	245	248	251	254	259	262	265
3A_NB	15	d	209	213	217	222	224	227	231	235	238	243	246	249	252	255	260	263	/
3A_NB	16	a	228	231	235	238	241	244	248	253	256	260	264	268	272	274	278	282	286
3A_NB	16	d	229	233	236	239	242	246	250	255	257	261	265	269	273	275	279	283	/
3A_NB	17	a	237	240	243	248	252	255	259	263	266	271	274	278	281	283	287	290	295
3A_NB	17	d	238	241	245	250	253	257	260	265	268	272	275	279	282	284	288	292	/
3A_NB	18	a	247	250	254	259	262	265	268	272	275	279	283	287	292	294	298	301	305
3A_NB	18	d	248	252	256	260	263	266	269	273	276	281	285	289	293	296	299	303	/
3A_NB	19	a	257	260	263	267	270	273	276	280	284	289	293	297	302	305	309	312	316
3A_NB	19	d	258	261	264	268	271	274	278	282	286	290	295	299	304	306	310	314	/
3A_NB	20	a	264	267	270	274	278	282	286	291	295	300	304	308	311	313	317	320	324
3A_NB	20	d	265	268	271	275	280	284	288	293	297	301	305	309	312	314	318	321	/
3A_NB	21	a	286	290	294	298	302	307	311	315	319	325	328	332	336	339	343	346	351
3A_NB	21	d	287	291	296	299	304	309	312	317	321	326	329	333	337	340	344	348	/
3A_NB	22	a	295	299	303	307	311	316	320	324	328	333	336	340	344	348	353	356	360
3A_NB	22	d	296	301	305	309	313	318	321	326	330	334	337	341	346	350	354	357	/
3A_NB	23	a	317	321	326	330	334	338	341	344	346	351	355	359	363	366	371	376	380
3A_NB	23	d	318	323	328	332	335	339	342	345	348	353	356	361	365	368	373	378	/
3A_NB	24	a	332	336	341	346	350	354	358	362	365	371	374	379	383	386	391	395	399
3A_NB	24	d	333	338	343	347	351	356	360	364	367	372	376	380	385	388	392	396	/
3A_NB	25	a	349	352	356	359	363	367	370	373	375	379	383	388	393	396	401	405	409
3A_NB	25	d	350	353	357	361	364	368	371	374	376	381	385	390	395	398	402	407	/
3A_NB	26	a	363	367	370	374	378	381	385	388	391	396	400	405	409	412	416	420	424
3A_NB	26	d	364	368	372	375	379	383	386	389	393	397	402	406	411	413	417	421	/
3A_NB	27	a	378	381	385	389	393	397	401	405	409	413	416	421	424	427	432	435	440
3A_NB	27	d	379	383	386	391	395	399	403	407	410	414	418	422	426	429	433	437	/
3A_NB	28	a	389	392	396	400	404	409	414	417	420	425	429	432	436	439	444	448	453
3A_NB	28	d	390	393	397	402	406	411	415	418	421	427	430	434	437	440	446	450	/
3A_NB	29	a	407	410	414	417	422	426	429	433	437	442	447	450	453	456	461	466	470
3A_NB	29	d	408	411	415	419	423	427	431	435	439	444	448	451	454	457	463	468	/
3A_NB	30	a	428	431	436	439	443	446	450	453	456	461	464	468	473	477	481	485	490
3A_NB	30	d	429	433	437	441	444	448	451	454	458	462	466	470	475	478	483	487	/
3A_NB	31	a	436	440	443	447	450	454	458	461	465	469	474	478	482	486	490	493	497
3A_NB	31	d	437	441	445	448	451	456	459	463	466	471	476	479	484	487	491	494	/
3A_NB	32	a	450	453	456	459	462	467	472	475	478	482	486	491	496	499	504	508	512
3A_NB	32	d	451	454	457	460	464	469	473	476	479	483	488	493	498	501	505	510	/
