RouteID	RunID	Arrivals/Departures	TimePerStop
1A_SB	1	a	15	21	29	33	36	40	46	50	56	60	64	75	81	84
1A_SB	1	d	16	22	31	34	37	41	48	51	58	61	66	77	82	/
1A_SB	2	a	37	43	52	56	60	64	69	74	81	84	89	99	103	107
1A_SB	2	d	38	45	54	58	62	65	71	76	82	86	91	100	104	/
1A_SB	3	a	61	67	77	80	83	87	92	96	102	105	109	119	125	130
1A_SB	3	d	62	69	78	81	85	88	93	97	103	106	111	121	127	/
1A_SB	4	a	72	78	87	90	95	100	106	110	115	119	123	132	137	140
1A_SB	4	d	73	79	88	92	97	102	108	111	117	120	125	133	138	/
1A_SB	5	a	96	103	113	116	120	124	128	131	138	142	147	154	161	165
1A_SB	5	d	97	104	114	117	121	125	129	133	140	144	148	156	163	/
1A_SB	6	a	105	110	119	122	125	129	133	138	145	148	152	161	167	171
1A_SB	6	d	106	111	120	123	126	130	135	140	146	149	154	162	168	/
1A_SB	7	a	118	123	134	139	143	146	150	154	159	163	168	179	187	191
1A_SB	7	d	119	125	136	141	144	147	151	155	160	165	170	181	188	/
1A_SB	8	a	127	133	143	148	151	154	160	165	172	175	179	188	195	199
1A_SB	8	d	128	134	145	149	152	155	162	166	173	176	180	189	197	/
1A_SB	9	a	136	141	151	155	160	164	171	176	184	189	193	202	209	212
1A_SB	9	d	137	143	153	157	162	166	173	178	186	190	194	204	210	/
1A_SB	10	a	151	157	165	169	172	175	181	186	193	197	202	212	218	221
1A_SB	10	d	152	158	166	170	173	176	183	188	195	199	204	213	219	/
1A_SB	11	a	168	175	185	188	192	196	202	206	212	215	218	227	232	236
1A_SB	11	d	169	177	186	190	193	197	203	207	213	216	220	229	234	/
1A_SB	12	a	195	201	209	212	215	220	227	230	236	239	242	252	258	262
1A_SB	12	d	196	202	210	213	217	222	228	231	237	240	244	254	259	/
1A_SB	13	a	225	231	239	242	245	248	253	257	263	268	271	280	286	291
1A_SB	13	d	226	232	240	243	246	249	255	259	265	269	273	282	288	/
1A_SB	14	a	234	240	248	251	254	259	264	268	273	278	282	290	295	300
1A_SB	14	d	235	241	249	252	256	260	266	269	275	280	283	291	297	/
1A_SB	15	a	241	247	255	259	263	267	273	277	284	288	292	301	307	311
1A_SB	15	d	242	248	257	261	264	269	275	278	286	290	293	303	308	/
1A_SB	16	a	253	259	270	274	278	283	290	294	302	306	309	317	324	328
1A_SB	16	d	254	261	272	276	280	285	292	296	303	307	310	319	325	/
1A_SB	17	a	275	281	289	293	296	299	306	309	315	318	321	330	336	339
1A_SB	17	d	276	283	290	294	297	301	307	310	316	319	323	331	337	/
1A_SB	18	a	288	294	302	305	308	311	317	320	326	330	334	344	351	355
1A_SB	18	d	289	295	303	306	309	312	318	322	328	332	335	345	353	/
1A_SB	19	a	295	301	309	313	318	322	330	334	340	343	346	355	363	367
1A_SB	19	d	296	303	311	315	320	324	332	336	341	344	347	357	365	/
1A_SB	20	a	316	322	330	335	339	343	349	354	359	362	365	373	380	384
1A_SB	20	d	317	323	332	336	341	344	351	355	360	363	366	375	381	/
1A_SB	21	a	339	344	352	356	361	365	371	375	380	384	387	397	401	405
1A_SB	21	d	340	345	353	358	363	366	372	376	381	385	389	398	403	/
1A_SB	22	a	359	364	373	377	381	384	390	394	399	402	406	416	421	426
1A_SB	22	d	360	366	374	378	382	386	392	395	400	404	407	417	423	/
1A_SB	23	a	365	370	379	384	388	392	399	403	408	412	415	426	432	437
1A_SB	23	d	366	372	381	385	390	394	401	404	410	413	417	427	434	/
1A_SB	24	a	371	376	386	391	396	399	405	408	414	418	421	431	437	442
1A_SB	24	d	372	377	388	393	397	400	406	409	416	419	422	432	439	/
1A_SB	25	a	389	395	402	406	409	412	420	424	430	434	439	448	453	458
1A_SB	25	d	390	396	404	407	410	414	422	425	431	436	441	449	455	/
1A_SB	26	a	414	419	430	435	438	442	447	450	456	460	464	473	479	482
1A_SB	26	d	415	421	432	436	440	443	448	452	458	461	466	474	480	/
1A_SB	27	a	430	436	446	450	454	457	464	468	474	478	482	492	498	503
1A_SB	27	d	431	438	447	452	455	459	466	470	476	479	484	494	500	/
1A_SB	28	a	443	450	459	464	469	472	479	483	489	493	497	506	512	516
1A_SB	28	d	444	452	461	466	470	474	481	484	491	494	498	508	514	/
1A_SB	29	a	458	464	473	476	480	485	491	494	500	505	510	521	527	531
1A_SB	29	d	459	465	474	477	482	487	492	496	502	507	511	523	529	/
1A_SB	30	a	474	480	490	494	498	502	508	512	518	522	526	536	542	545
1A_SB	30	d	475	482	492	496	499	503	509	514	519	524	527	538	543	/
1A_SB	31	a	486	493	502	507	510	514	519	522	527	531	535	545	552	556
1A_SB	31	d	487	494	504	508	511	515	520	523	529	533	536	547	554	/
1A_SB	32	a	499	505	513	516	519	524	532	536	541	545	550	561	566	569
1A_SB	32	d	500	506	514	517	521	526	533	537	543	547	552	562	567	/
1A_NB	1	a	10	15	21	29	36	39	45	50	57	60	64	68	75	80
1A_NB	1	d	11	17	22	31	37	41	47	51	58	61	66	69	77	/
1A_NB	2	a	24	28	33	42	49	53	59	63	70	75	79	82	88	93
1A_NB	2	d	25	29	35	44	51	54	60	65	72	77	80	83	90	/
1A_NB	3	a	41	45	51	59	66	70	76	81	87	91	96	99	107	113
1A_NB	3	d	42	46	53	61	68	71	78	82	88	93	97	101	109	/
1A_NB	4	a	48	52	59	66	72	76	82	87	94	98	102	106	113	118
1A_NB	4	d	49	54	60	67	74	78	84	89	95	99	104	107	114	/
1A_NB	5	a	61	65	70	78	85	89	95	99	105	110	114	117	124	129
1A_NB	5	d	62	66	72	80	87	91	96	100	107	112	115	118	125	/
1A_NB	6	a	70	74	79	88	94	98	103	107	114	119	122	125	132	137
1A_NB	6	d	71	75	81	89	95	99	104	109	116	120	123	126	133	/
1A_NB	7	a	95	99	106	113	119	122	128	131	137	142	147	151	161	166
1A_NB	7	d	96	101	107	114	120	124	129	133	139	144	149	152	163	/
1A_NB	8	a	111	116	122	130	136	139	145	149	155	158	162	166	174	180
1A_NB	8	d	112	118	123	132	137	141	146	150	156	159	164	167	176	/
1A_NB	9	a	120	124	129	138	144	148	153	157	163	167	171	174	183	190
1A_NB	9	d	121	125	131	139	146	149	154	158	165	168	172	176	185	/
1A_NB	10	a	133	137	143	150	157	161	167	171	177	181	186	189	198	205
1A_NB	10	d	134	138	145	151	159	162	168	172	179	183	187	191	200	/
1A_NB	11	a	145	149	156	165	171	175	180	185	192	196	201	205	213	219
1A_NB	11	d	146	151	158	167	173	176	182	186	194	198	203	207	214	/
1A_NB	12	a	165	170	176	182	188	192	198	202	209	214	217	221	230	238
1A_NB	12	d	166	172	177	183	189	194	199	204	211	215	218	222	232	/
1A_NB	13	a	173	178	183	190	196	199	206	211	217	222	225	229	238	245
1A_NB	13	d	174	179	185	191	197	201	208	212	219	223	227	231	239	/
1A_NB	14	a	189	194	201	208	215	219	224	228	236	241	244	247	254	260
1A_NB	14	d	190	196	202	210	217	220	225	230	238	242	245	248	256	/
1A_NB	15	a	205	209	215	223	230	233	238	243	251	256	260	264	270	277
1A_NB	15	d	206	211	217	225	231	235	240	245	253	258	262	265	272	/
1A_NB	16	a	229	233	239	246	252	257	262	266	273	277	281	286	294	301
1A_NB	16	d	230	234	241	248	254	258	264	267	274	279	283	288	296	/
1A_NB	17	a	240	244	250	257	262	267	273	277	284	288	293	296	304	310
1A_NB	17	d	241	246	252	258	264	269	275	279	286	290	294	298	305	/
1A_NB	18	a	249	253	260	267	273	276	283	286	292	296	300	304	313	319
1A_NB	18	d	250	255	261	269	274	278	284	287	294	297	301	306	314	/
1A_NB	19	a	256	260	267	274	280	284	290	294	300	304	307	312	320	325
1A_NB	19	d	257	262	268	276	282	286	291	295	302	305	309	313	321	/
1A_NB	20	a	264	268	274	283	290	293	299	302	310	314	318	321	328	333
1A_NB	20	d	265	269	276	285	291	295	300	304	312	315	319	323	329	/
1A_NB	21	a	269	274	281	290	296	299	305	308	316	320	325	329	337	343
1A_NB	21	d	270	276	283	291	297	301	306	310	318	322	327	331	339	/
1A_NB	22	a	291	296	301	308	314	318	325	328	334	338	343	347	356	362
1A_NB	22	d	292	297	302	310	316	320	326	330	336	340	345	348	358	/
1A_NB	23	a	318	322	328	335	342	346	352	356	363	366	369	373	381	386
1A_NB	23	d	319	323	329	337	344	347	353	358	364	367	371	375	382	/
1A_NB	24	a	334	339	345	354	360	364	369	374	382	385	389	392	400	405
1A_NB	24	d	335	341	347	356	361	365	371	376	383	386	390	394	401	/
1A_NB	25	a	350	354	360	367	374	379	384	389	396	400	404	408	417	423
1A_NB	25	d	351	355	361	369	376	380	386	390	398	402	405	410	419	/
1A_NB	26	a	362	366	371	378	383	387	392	396	404	407	411	415	423	428
1A_NB	26	d	363	367	372	379	384	388	393	398	405	409	412	416	425	/
1A_NB	27	a	373	377	382	390	395	398	403	407	415	419	423	426	436	441
1A_NB	27	d	374	378	384	391	396	399	404	409	417	421	424	428	437	/
1A_NB	28	a	395	400	406	414	420	423	430	434	440	443	447	451	458	464
1A_NB	28	d	396	401	408	416	421	425	431	436	441	444	449	452	459	/
1A_NB	29	a	411	415	421	428	433	436	441	445	450	454	458	462	469	475
1A_NB	29	d	412	417	422	429	434	437	443	446	452	455	460	463	470	/
1A_NB	30	a	432	437	443	451	458	462	467	470	476	480	483	488	494	501
1A_NB	30	d	433	439	445	453	459	464	468	472	477	481	485	489	496	/
1A_NB	31	a	453	457	462	470	475	479	485	489	495	499	502	505	512	519
1A_NB	31	d	454	458	463	471	476	480	487	490	497	500	503	507	514	/
1A_NB	32	a	467	471	478	484	490	494	499	504	510	514	518	522	528	533
1A_NB	32	d	468	473	479	486	492	495	501	506	512	515	520	523	529	/
2A_NB	1	a	15	18	22	27	30	34	40	43	48	59	64	67	69	72	76	79	82	85	90	93	98	101	105	112
2A_NB	1	d	16	19	23	29	32	36	41	45	49	60	65	68	70	73	77	80	84	87	91	95	99	102	106	/
2A_NB	2	a	27	30	35	41	45	48	54	58	62	74	80	83	87	91	95	99	103	106	111	115	119	124	128	135
2A_NB	2	d	28	32	36	43	46	49	56	60	64	76	81	85	88	93	97	101	105	108	112	116	121	126	129	/
2A_NB	3	a	43	47	51	56	59	62	69	73	76	86	92	95	98	102	105	108	112	114	119	124	128	132	135	143
2A_NB	3	d	44	49	52	58	60	64	70	74	77	88	93	96	100	103	107	109	113	116	121	125	129	133	136	/
2A_NB	4	a	54	57	60	67	70	73	79	82	86	96	102	106	109	113	117	119	122	125	129	134	139	142	146	154
2A_NB	4	d	55	58	62	69	71	75	80	83	87	98	104	108	110	115	118	120	124	126	131	136	140	144	147	/
2A_NB	5	a	64	67	71	77	79	83	89	92	95	104	109	112	115	120	123	127	131	133	137	141	145	148	151	160
2A_NB	5	d	65	69	72	78	81	85	90	93	96	105	111	114	117	121	125	129	132	134	138	142	146	149	152	/
2A_NB	6	a	71	74	79	86	89	93	99	103	107	117	123	127	130	133	136	140	143	145	150	155	160	165	168	175
2A_NB	6	d	72	76	81	88	91	95	101	105	109	119	125	129	131	134	138	141	144	147	152	157	162	166	169	/
2A_NB	7	a	86	90	95	99	101	104	110	115	118	126	133	136	138	142	147	151	155	159	163	167	171	175	179	188
2A_NB	7	d	87	92	96	100	102	106	112	116	120	128	135	137	140	144	149	152	157	160	165	168	172	177	181	/
2A_NB	8	a	108	112	116	121	123	127	132	136	139	146	153	156	159	163	166	170	173	176	180	185	190	193	197	204
2A_NB	8	d	109	113	117	122	124	128	134	137	140	148	155	158	161	164	168	171	174	178	182	187	191	195	199	/
2A_NB	9	a	117	121	126	132	135	139	144	148	151	160	168	171	175	178	182	185	190	194	198	202	206	209	214	222
2A_NB	9	d	118	123	128	134	137	140	146	149	153	162	170	173	176	180	183	187	192	195	200	203	207	211	216	/
2A_NB	10	a	128	132	137	145	148	152	158	161	164	174	182	185	189	192	196	199	203	206	210	213	216	220	224	234
2A_NB	10	d	129	134	139	147	150	153	159	162	165	175	183	187	190	194	198	201	205	207	211	214	218	221	226	/
2A_NB	11	a	154	157	162	169	172	176	183	188	192	200	207	210	213	216	221	223	228	231	235	238	241	246	249	258
2A_NB	11	d	155	159	164	171	173	178	185	190	193	202	208	212	214	218	222	225	230	233	236	239	243	247	251	/
2A_NB	12	a	184	187	191	198	200	203	209	213	216	225	231	233	236	240	245	248	251	253	257	261	266	269	272	279
2A_NB	12	d	185	188	193	199	201	205	210	214	217	226	232	235	238	242	246	249	252	254	258	263	267	270	273	/
2A_NB	13	a	190	193	198	205	208	211	217	222	226	236	243	245	249	254	258	261	266	268	272	275	280	285	290	298
2A_NB	13	d	191	195	200	207	209	213	219	224	228	238	244	247	251	255	259	263	267	270	273	277	282	287	292	/
2A_NB	14	a	212	216	220	227	229	233	239	244	248	255	261	265	268	271	276	279	283	286	291	295	299	303	307	314
2A_NB	14	d	213	218	222	228	230	234	241	246	249	256	263	266	269	273	277	281	285	288	292	296	300	305	308	/
2A_NB	15	a	222	226	230	236	238	242	249	253	256	265	272	276	279	282	287	290	294	297	301	306	309	313	318	327
2A_NB	15	d	223	227	232	237	239	244	250	254	257	267	274	277	280	284	288	291	296	298	303	307	310	315	319	/
2A_NB	16	a	241	245	249	254	257	261	268	272	276	288	295	298	300	304	307	309	313	317	321	326	330	335	339	347
2A_NB	16	d	242	246	250	255	259	263	269	274	278	289	296	299	301	305	308	311	315	318	323	328	332	337	341	/
2A_NB	17	a	270	274	278	284	286	289	294	298	302	313	320	322	325	330	334	337	340	344	349	354	358	362	366	375
2A_NB	17	d	271	276	280	285	287	290	295	299	304	315	321	324	327	332	335	338	342	346	351	356	360	364	368	/
2A_NB	18	a	282	286	290	295	298	302	309	314	319	327	334	337	340	343	346	349	352	355	359	363	367	371	375	382
2A_NB	18	d	283	287	291	297	300	304	311	316	320	329	335	338	341	344	348	350	354	356	360	365	369	373	377	/
2A_NB	19	a	292	296	300	305	309	313	319	322	327	336	343	347	349	352	356	358	362	364	369	373	376	380	383	390
2A_NB	19	d	293	297	301	307	311	315	320	324	329	338	345	348	350	353	357	360	363	366	370	374	377	381	385	/
2A_NB	20	a	301	305	309	315	318	321	327	330	334	342	349	352	355	359	364	367	370	373	377	381	384	388	391	398
2A_NB	20	d	302	306	311	316	319	323	328	331	336	344	350	354	357	361	366	368	372	374	379	382	385	389	393	/
2A_NB	21	a	321	324	329	334	338	342	347	351	356	364	371	374	377	380	385	388	391	394	398	402	405	408	412	418
2A_NB	21	d	322	326	330	336	339	343	348	353	357	366	373	376	378	382	386	389	393	395	399	403	406	410	413	/
2A_NB	22	a	333	337	342	348	350	354	360	364	368	378	384	386	389	394	397	400	403	406	410	415	420	423	427	435
2A_NB	22	d	334	339	344	349	352	355	362	365	369	379	385	388	391	395	398	401	405	407	412	417	421	424	429	/
2A_NB	23	a	355	358	362	368	372	375	382	386	389	400	406	409	411	414	418	422	426	428	432	436	441	445	448	455
2A_NB	23	d	356	359	363	370	373	377	384	387	390	401	408	410	412	416	420	423	427	430	433	438	443	446	449	/
2A_NB	24	a	373	377	382	390	392	395	402	406	410	420	425	428	431	434	439	441	444	448	453	456	460	464	467	475
2A_NB	24	d	374	379	384	391	393	396	403	407	412	421	426	430	432	436	440	442	446	450	454	458	462	465	468	/
2A_NB	25	a	403	406	411	417	420	423	429	433	436	444	450	453	455	459	462	465	470	473	477	481	486	491	495	501
2A_NB	25	d	404	408	413	419	421	424	430	434	437	445	451	454	457	460	463	467	472	474	479	483	488	493	496	/
2A_NB	26	a	420	424	428	434	437	441	448	451	455	463	471	474	477	481	485	488	492	494	498	501	506	510	514	521
2A_NB	26	d	421	425	430	435	439	442	449	453	457	465	472	476	478	482	486	489	493	496	499	503	508	511	516	/
2A_NB	27	a	444	448	453	458	461	465	471	475	479	490	498	500	503	508	513	517	522	525	528	531	535	538	542	549
2A_NB	27	d	445	450	454	460	462	467	473	476	481	492	499	501	505	510	515	519	523	526	529	533	536	540	543	/
2A_NB	28	a	455	458	463	469	472	476	482	487	490	501	508	510	513	517	522	526	530	533	537	541	544	548	552	560
2A_NB	28	d	456	460	465	471	473	478	484	488	492	503	509	511	514	519	524	527	532	535	539	542	545	550	554	/
2A_NB	29	a	461	464	469	475	478	483	489	494	497	507	514	517	521	526	531	533	538	540	545	549	552	556	560	567
2A_NB	29	d	462	466	471	477	480	485	491	495	499	509	515	519	523	528	532	535	539	542	546	550	553	557	561	/
2A_NB	30	a	483	487	492	499	502	507	513	518	522	532	539	542	545	549	552	556	561	564	567	570	573	576	579	588
2A_NB	30	d	484	489	494	500	504	508	515	519	523	533	541	544	547	550	554	558	563	565	568	571	574	577	581	/
2A_NB	31	a	502	506	509	513	517	521	528	533	536	546	553	557	559	563	568	572	576	579	582	586	591	596	600	608
2A_NB	31	d	503	507	510	515	518	523	530	534	538	548	555	558	560	565	570	574	578	580	584	588	593	598	602	/
2A_NB	32	a	520	524	528	534	536	540	546	551	555	567	573	576	579	584	588	591	595	597	601	606	610	614	618	626
2A_NB	32	d	521	526	530	535	538	541	548	552	557	569	574	578	581	586	590	593	596	598	603	607	611	615	620	/
2A_SB	1	a	14	19	25	29	33	36	40	44	49	53	58	61	66	70	74	82	87	91	94	101	103	107	112	117	126
2A_SB	1	d	15	21	27	30	34	38	42	46	50	55	60	63	68	72	75	83	88	92	96	102	104	109	114	119	/
2A_SB	2	a	34	39	44	49	52	54	58	61	65	70	76	79	83	87	91	98	105	109	114	120	123	129	133	137	148
2A_SB	2	d	35	40	46	50	53	56	59	62	67	72	78	80	84	88	92	100	106	111	115	122	125	131	135	138	/
2A_SB	3	a	50	56	63	66	70	74	77	81	85	89	93	95	98	102	106	115	122	125	128	135	139	143	148	153	162
2A_SB	3	d	51	58	64	68	72	75	78	82	86	90	94	96	99	103	107	117	123	126	129	137	140	145	150	155	/
2A_SB	4	a	65	70	76	79	83	86	89	93	97	100	104	106	109	112	117	127	133	136	139	145	149	153	157	162	170
2A_SB	4	d	66	71	77	80	84	87	90	94	98	101	105	107	110	114	119	128	134	137	141	147	150	154	159	163	/
2A_SB	5	a	80	85	91	95	99	101	104	108	112	116	120	123	128	131	135	143	150	153	156	161	163	167	170	173	182
2A_SB	5	d	81	87	93	97	100	102	105	109	113	117	122	125	129	132	136	144	151	154	157	162	164	168	171	174	/
2A_SB	6	a	95	101	106	109	114	117	121	124	127	131	135	137	141	145	149	159	167	170	174	179	182	185	189	193	202
2A_SB	6	d	96	102	107	111	116	119	122	125	128	133	136	138	142	146	151	161	168	171	175	180	183	187	190	194	/
2A_SB	7	a	122	127	134	138	142	146	148	152	157	161	164	166	169	172	175	184	190	194	198	205	208	213	217	222	235
2A_SB	7	d	123	128	136	140	144	147	150	154	158	162	165	167	170	173	176	185	191	195	199	206	210	215	219	224	/
2A_SB	8	a	147	153	159	162	167	169	172	175	178	181	184	186	189	192	196	202	207	211	216	221	224	229	233	236	247
2A_SB	8	d	148	155	160	164	168	170	173	176	179	182	185	187	190	193	197	203	208	213	217	222	226	230	234	238	/
2A_SB	9	a	154	160	166	170	173	175	179	183	188	192	196	199	202	205	209	217	224	229	234	240	243	249	253	257	267
2A_SB	9	d	155	162	167	171	174	177	181	185	189	194	198	200	203	206	211	219	226	231	236	242	245	250	255	259	/
2A_SB	10	a	172	177	183	187	191	194	197	200	203	208	211	214	218	221	225	232	239	243	246	253	255	259	263	266	275
2A_SB	10	d	173	178	184	189	192	195	198	201	205	209	213	215	219	222	226	234	240	244	248	254	256	260	264	267	/
2A_SB	11	a	183	189	195	199	203	206	209	212	215	218	222	224	228	231	236	243	249	253	257	263	265	270	274	278	289
2A_SB	11	d	184	191	196	200	204	207	210	213	216	219	223	225	229	233	237	244	250	255	258	264	267	271	275	280	/
2A_SB	12	a	201	205	210	214	219	221	224	228	232	236	241	244	247	252	255	263	269	272	275	281	283	287	291	295	304
2A_SB	12	d	202	206	211	216	220	223	226	230	233	238	243	245	249	253	257	264	270	273	276	282	284	288	292	296	/
2A_SB	13	a	217	222	227	231	235	238	240	243	246	250	254	256	259	263	266	274	280	283	286	290	293	297	302	306	317
2A_SB	13	d	218	223	229	233	237	239	241	244	247	251	255	257	260	264	268	275	281	284	287	292	294	299	304	307	/
2A_SB	14	a	237	243	249	253	258	260	263	267	270	273	277	279	282	286	289	299	306	310	314	320	323	328	332	336	344
2A_SB	14	d	238	245	251	255	259	261	265	268	271	274	278	280	283	287	291	301	308	311	315	321	324	329	334	337	/
2A_SB	15	a	246	252	258	261	266	269	272	276	279	282	286	288	292	295	298	307	313	316	321	327	331	336	339	342	351
2A_SB	15	d	247	254	259	263	268	271	274	277	280	283	287	289	293	296	299	308	314	318	322	329	333	337	340	344	/
2A_SB	16	a	267	273	279	282	286	290	292	295	298	302	306	308	312	316	319	326	333	338	342	348	351	356	360	364	374
2A_SB	16	d	268	274	280	284	288	291	293	296	299	303	307	309	313	317	321	328	335	339	343	349	353	357	361	366	/
2A_SB	17	a	275	280	286	289	293	296	298	302	306	310	315	318	322	325	328	334	340	345	349	355	359	363	366	370	380
2A_SB	17	d	276	281	287	290	294	297	300	303	307	312	316	319	323	326	329	336	342	347	350	357	360	364	367	372	/
2A_SB	18	a	295	300	307	312	316	319	322	326	330	333	336	339	343	346	351	359	364	368	373	380	382	386	390	394	405
2A_SB	18	d	296	301	309	313	317	321	323	328	331	334	337	340	344	348	352	360	365	370	375	381	383	387	391	396	/
2A_SB	19	a	317	322	329	334	338	341	344	348	353	357	361	364	368	372	376	384	390	393	397	404	407	412	417	421	429
2A_SB	19	d	318	324	331	335	339	342	346	350	354	358	363	366	370	374	378	385	391	394	398	405	408	414	418	422	/
2A_SB	20	a	344	349	355	359	362	365	368	371	374	379	383	386	390	395	398	405	412	416	421	427	430	435	439	443	454
2A_SB	20	d	345	351	356	360	364	366	369	372	376	380	385	387	392	396	399	407	414	418	422	428	431	436	441	444	/
2A_SB	21	a	353	358	365	368	372	374	377	382	385	389	392	395	399	403	406	413	419	423	426	433	437	442	447	450	460
2A_SB	21	d	354	360	366	370	373	375	379	383	386	390	393	397	400	404	407	414	421	424	428	435	438	444	448	452	/
2A_SB	22	a	368	374	381	384	388	391	393	396	400	404	409	412	416	420	425	434	441	444	447	453	457	461	465	468	479
2A_SB	22	d	369	375	382	386	389	392	394	397	401	406	410	413	418	422	427	436	442	445	449	455	458	462	466	469	/
2A_SB	23	a	387	393	399	402	406	409	413	417	420	424	428	431	435	438	441	449	456	460	464	470	474	478	483	487	497
2A_SB	23	d	388	395	400	403	407	411	414	418	422	426	429	433	436	439	443	451	457	462	465	472	475	480	485	489	/
2A_SB	24	a	415	421	428	431	434	437	440	444	447	451	455	458	462	465	469	479	485	489	493	500	503	507	511	515	527
2A_SB	24	d	416	423	429	432	435	438	442	445	449	452	457	459	463	467	471	480	487	491	494	501	504	508	513	517	/
2A_SB	25	a	421	427	433	436	440	444	447	451	455	458	462	464	468	472	475	485	491	495	500	505	508	513	517	521	533
2A_SB	25	d	422	428	434	438	442	445	449	452	456	459	463	465	470	473	477	486	493	497	501	506	510	514	519	523	/
2A_SB	26	a	430	436	442	446	449	452	454	457	461	465	468	471	476	480	484	491	498	501	506	511	514	518	523	527	536
2A_SB	26	d	431	438	443	447	451	453	455	458	463	466	469	473	478	481	485	493	499	503	507	512	515	520	525	528	/
2A_SB	27	a	440	447	452	456	461	463	466	469	472	477	481	484	489	494	497	505	512	516	519	526	530	535	540	544	554
2A_SB	27	d	441	448	454	458	462	465	467	470	474	479	482	486	491	495	499	507	513	517	521	528	532	537	542	545	/
2A_SB	28	a	459	466	472	477	481	485	488	491	496	500	505	507	512	516	520	528	536	540	545	552	555	561	564	568	577
2A_SB	28	d	460	468	474	479	483	486	489	493	497	502	506	509	514	518	522	529	538	542	547	553	557	562	566	569	/
2A_SB	29	a	485	491	496	499	503	505	508	513	517	521	525	527	531	535	539	545	551	555	561	568	572	577	580	584	594
2A_SB	29	d	486	492	497	501	504	507	510	515	518	522	526	528	533	536	541	546	553	557	563	570	573	578	581	586	/
2A_SB	30	a	507	513	520	523	526	529	533	537	541	545	548	551	554	557	561	567	574	578	582	588	591	595	598	603	611
2A_SB	30	d	508	514	521	524	527	531	534	538	542	546	550	552	555	559	562	569	576	580	583	589	592	596	600	604	/
2A_SB	31	a	518	524	530	533	538	541	544	548	552	556	560	562	566	569	572	579	585	588	593	601	604	609	614	619	629
2A_SB	31	d	519	525	531	535	539	542	546	549	553	557	561	564	567	570	573	580	586	590	595	603	606	611	616	621	/
2A_SB	32	a	542	547	553	558	562	565	569	572	575	580	585	588	591	595	598	607	614	619	622	628	630	636	639	642	653
2A_SB	32	d	543	549	555	559	563	567	570	573	577	582	586	589	593	596	599	609	616	620	623	629	632	637	640	643	/
3A_SB	1	a	4	8	12	17	21	24	28	32	36	39	43	46	50	56	60
3A_SB	1	d	5	9	14	19	22	26	29	33	38	40	44	48	52	58	/
3A_SB	2	a	29	35	38	43	47	49	51	55	60	62	67	71	74	81	86
3A_SB	2	d	30	36	40	45	48	50	52	57	61	63	69	72	76	83	/
3A_SB	3	a	45	51	55	59	63	67	71	75	79	81	86	90	93	99	104
3A_SB	3	d	46	52	56	60	65	69	73	76	80	82	87	91	94	101	/
3A_SB	4	a	62	68	72	77	81	85	87	91	96	99	104	108	111	116	120
3A_SB	4	d	63	70	74	78	83	86	88	93	97	100	105	109	112	117	/
3A_SB	5	a	77	82	86	91	94	98	101	106	111	113	117	121	124	130	135
3A_SB	5	d	78	83	88	92	96	99	103	108	112	114	118	122	125	132	/
3A_SB	6	a	93	98	101	105	108	111	115	118	122	124	129	132	135	141	145
3A_SB	6	d	94	99	102	106	109	113	116	119	123	125	130	133	136	143	/
3A_SB	7	a	101	106	111	114	117	120	122	126	129	132	137	140	144	150	155
3A_SB	7	d	102	108	112	115	118	121	123	127	131	133	138	142	145	152	/
3A_SB	8	a	127	133	137	141	145	147	150	154	158	160	165	169	173	178	181
3A_SB	8	d	128	135	138	142	146	148	151	155	159	161	167	170	174	179	/
3A_SB	9	a	144	150	154	159	164	167	171	175	180	182	187	190	193	199	203
3A_SB	9	d	145	152	156	161	166	169	173	177	181	183	188	191	194	200	/
3A_SB	10	a	153	159	162	166	170	173	177	181	185	187	193	197	200	207	212
3A_SB	10	d	154	160	163	168	172	175	179	183	186	189	195	198	202	209	/
3A_SB	11	a	168	173	176	180	185	188	191	196	201	203	208	211	214	219	223
3A_SB	11	d	169	174	178	182	187	190	193	198	202	204	209	212	215	221	/
3A_SB	12	a	184	189	193	197	200	203	205	209	214	216	221	225	228	233	237
3A_SB	12	d	185	190	194	198	202	204	207	211	215	217	222	226	229	235	/
3A_SB	13	a	198	203	207	211	215	218	222	225	229	231	235	238	241	247	250
3A_SB	13	d	199	204	208	213	217	220	223	227	230	232	236	239	242	248	/
3A_SB	14	a	208	213	217	222	226	230	232	237	240	243	247	250	253	259	264
3A_SB	14	d	209	214	219	224	228	231	234	238	241	244	248	251	254	261	/
3A_SB	15	a	222	227	232	237	241	244	247	251	255	259	264	268	271	277	280
3A_SB	15	d	223	229	233	239	242	245	249	253	257	261	266	269	272	278	/
3A_SB	16	a	240	246	250	254	258	260	262	266	270	272	277	281	285	292	295
3A_SB	16	d	241	247	251	256	259	261	263	268	271	273	279	282	286	293	/
3A_SB	17	a	247	253	258	261	264	266	268	272	276	278	283	286	290	297	301
3A_SB	17	d	248	255	259	262	265	267	269	273	277	279	284	288	291	299	/
3A_SB	18	a	260	265	269	273	277	281	285	289	294	297	303	306	309	316	320
3A_SB	18	d	261	266	270	275	279	283	287	291	295	298	304	307	310	317	/
3A_SB	19	a	269	274	278	283	288	291	294	298	303	305	310	313	316	322	327
3A_SB	19	d	270	275	280	285	289	293	296	300	304	306	311	314	317	324	/
3A_SB	20	a	286	291	295	298	302	305	308	311	315	318	322	327	330	336	339
3A_SB	20	d	287	292	296	300	303	307	309	312	317	319	324	328	331	337	/
3A_SB	21	a	294	299	303	307	310	314	316	320	323	325	329	332	335	341	345
3A_SB	21	d	295	301	304	308	312	315	317	321	324	326	330	333	336	343	/
3A_SB	22	a	303	309	312	317	320	322	325	330	335	338	343	346	349	355	359
3A_SB	22	d	304	310	314	318	321	324	327	332	336	339	344	347	351	357	/
3A_SB	23	a	311	317	322	326	329	332	334	338	342	346	351	354	357	363	367
3A_SB	23	d	312	319	323	327	330	333	335	339	344	347	352	355	359	365	/
3A_SB	24	a	320	326	331	335	338	341	343	347	352	355	361	365	370	377	380
3A_SB	24	d	321	328	333	336	339	342	345	349	354	357	363	367	372	378	/
3A_SB	25	a	334	340	345	350	354	358	361	365	370	373	379	383	387	393	396
3A_SB	25	d	335	342	347	351	356	359	363	367	371	375	381	385	389	394	/
3A_SB	26	a	362	366	371	375	379	381	383	387	391	395	400	403	407	415	420
3A_SB	26	d	363	368	372	377	380	382	384	388	393	396	401	405	409	417	/
3A_SB	27	a	371	375	379	384	387	389	392	396	401	405	410	413	417	425	428
3A_SB	27	d	372	376	381	385	388	391	394	398	403	406	411	415	419	426	/
3A_SB	28	a	398	402	405	409	413	416	419	423	426	429	435	438	441	447	450
3A_SB	28	d	399	403	406	411	415	418	421	424	428	431	436	439	442	448	/
3A_SB	29	a	419	424	427	432	435	439	441	444	449	451	457	460	463	470	473
3A_SB	29	d	420	425	429	433	437	440	442	446	450	453	458	461	465	471	/
3A_SB	30	a	437	443	447	451	454	457	459	463	467	469	474	477	481	487	491
3A_SB	30	d	438	445	448	452	456	458	460	465	468	470	475	479	483	489	/
3A_SB	31	a	449	455	460	463	467	471	473	477	481	484	488	493	497	503	506
3A_SB	31	d	450	457	461	465	469	472	474	479	483	485	490	495	498	504	/
3A_SB	32	a	474	479	483	486	489	492	494	498	502	504	509	513	516	520	524
3A_SB	32	d	475	480	484	487	490	493	496	500	503	505	511	514	517	522	/
3A_NB	1	a	23	27	31	35	38	42	45	49	53	57	61	65	69	72	78	83	87
3A_NB	1	d	24	28	32	36	39	43	47	51	54	58	62	66	70	74	80	85	/
3A_NB	2	a	28	32	35	40	44	48	53	56	60	66	70	74	79	83	88	92	96
3A_NB	2	d	29	33	37	42	46	50	54	58	62	67	71	76	81	84	89	94	/
3A_NB	3	a	34	38	42	47	51	54	59	63	67	72	77	81	85	89	93	97	101
3A_NB	3	d	35	40	44	49	52	56	61	65	68	74	79	82	87	90	94	99	/
3A_NB	4	a	43	47	52	56	60	64	68	71	75	79	83	86	91	94	99	104	108
3A_NB	4	d	44	49	53	58	62	66	69	73	76	80	84	88	93	96	101	106	/
3A_NB	5	a	63	66	70	74	77	82	85	89	92	96	100	104	107	111	116	121	125
3A_NB	5	d	64	67	71	75	79	83	87	90	93	97	101	105	109	113	118	122	/
3A_NB	6	a	78	81	85	88	91	94	99	104	107	113	117	121	124	127	131	134	138
3A_NB	6	d	79	82	86	89	92	96	101	105	108	114	118	122	125	128	132	135	/
3A_NB	7	a	86	89	92	97	101	104	109	114	118	123	127	131	134	137	141	145	149
3A_NB	7	d	87	90	94	99	102	106	111	116	120	124	128	132	135	138	142	146	/
3A_NB	8	a	105	109	113	118	121	125	128	132	136	140	144	148	152	154	158	162	165
3A_NB	8	d	106	111	115	119	122	126	129	134	137	141	145	150	153	155	159	163	/
3A_NB	9	a	117	121	124	128	132	137	141	146	150	154	157	161	164	167	172	175	180
3A_NB	9	d	118	122	126	130	134	139	143	148	151	155	158	162	165	168	173	177	/
3A_NB	10	a	133	136	139	142	147	150	155	159	162	167	171	175	179	181	186	190	195
3A_NB	10	d	134	137	140	144	148	152	157	160	164	169	172	177	180	182	187	192	/
3A_NB	11	a	142	145	149	154	158	162	167	171	175	181	184	187	190	192	197	201	205
3A_NB	11	d	143	147	151	155	160	164	169	173	177	182	185	188	191	193	198	202	/
3A_NB	12	a	167	171	174	177	181	184	189	193	197	202	205	209	212	214	219	223	227
3A_NB	12	d	168	172	175	179	182	186	190	195	198	203	206	210	213	215	220	225	/
3A_NB	13	a	176	180	185	189	194	197	202	206	210	214	218	222	225	228	232	236	239
3A_NB	13	d	177	182	187	191	195	198	204	208	211	215	219	223	226	229	233	237	/
3A_NB	14	a	198	201	204	208	211	215	220	224	226	231	235	238	242	245	250	254	257
3A_NB	14	d	199	202	205	210	213	217	222	225	227	232	236	240	243	246	251	255	/
3A_NB	15	a	208	211	215	220	223	226	229	233	236	242	245	248	251	254	259	262	266
3A_NB	15	d	209	213	217	222	224	227	231	235	238	243	246	249	252	255	260	264	/
3A_NB	16	a	226	229	232	236	240	244	248	252	255	260	264	268	272	274	278	282	286
3A_NB	16	d	227	230	234	238	242	246	249	254	257	261	265	269	273	275	279	283	/
3A_NB	17	a	237	240	244	249	253	256	259	264	267	271	274	278	281	283	287	290	295
3A_NB	17	d	238	242	246	251	254	257	261	266	268	272	275	279	282	284	288	292	/
3A_NB	18	a	261	264	268	273	277	280	283	286	290	294	298	301	304	306	310	313	316
3A_NB	18	d	262	266	270	274	278	281	284	288	291	295	299	302	305	307	311	314	/
3A_NB	19	a	271	274	277	281	285	288	291	296	299	303	307	311	314	317	322	325	329
3A_NB	19	d	272	275	278	282	286	289	293	297	300	304	308	312	315	319	323	326	/
3A_NB	20	a	290	294	298	301	304	309	313	317	320	325	328	332	336	339	343	346	350
3A_NB	20	d	291	295	299	302	306	311	314	318	321	326	329	333	337	340	344	347	/
3A_NB	21	a	298	302	306	310	314	317	320	325	329	333	336	340	344	348	352	355	359
3A_NB	21	d	299	304	308	312	315	318	322	327	330	334	337	341	346	349	353	356	/
3A_NB	22	a	311	315	320	323	328	333	337	341	343	347	351	355	359	362	366	370	374
3A_NB	22	d	312	317	321	325	330	335	339	342	344	349	352	356	361	363	367	371	/
3A_NB	23	a	329	333	337	341	344	348	352	356	358	364	367	372	376	378	382	386	390
3A_NB	23	d	330	334	338	342	345	350	354	357	360	365	369	374	377	379	383	388	/
3A_NB	24	a	342	346	351	355	359	364	368	371	374	378	382	387	391	394	399	403	407
3A_NB	24	d	343	348	353	356	361	366	369	373	375	380	384	388	393	396	400	405	/
3A_NB	25	a	364	368	372	375	379	382	385	389	392	397	402	407	412	415	420	424	428
3A_NB	25	d	365	370	373	376	380	383	387	390	394	399	404	409	414	417	422	425	/
3A_NB	26	a	387	390	395	399	403	406	411	414	418	424	427	430	433	435	441	445	449
3A_NB	26	d	388	392	396	401	404	408	412	416	420	425	428	431	434	437	443	446	/
3A_NB	27	a	394	397	401	406	410	415	419	423	426	432	435	439	444	447	453	458	462
3A_NB	27	d	395	398	403	407	412	416	421	424	428	433	437	441	445	449	455	459	/
3A_NB	28	a	412	415	419	423	427	432	435	438	442	446	450	454	457	460	465	470	473
3A_NB	28	d	413	416	421	425	429	433	436	440	443	447	451	455	458	461	467	471	/
3A_NB	29	a	423	426	430	433	437	440	444	447	451	455	458	462	466	470	475	480	484
3A_NB	29	d	424	427	431	435	438	442	445	449	452	456	459	464	468	472	477	481	/
3A_NB	30	a	449	452	456	459	462	466	470	474	478	483	488	492	496	499	504	509	512
3A_NB	30	d	450	454	457	460	463	467	472	476	480	485	489	493	498	501	506	510	/
3A_NB	31	a	475	479	482	486	489	493	498	502	505	509	512	516	520	523	528	532	536
3A_NB	31	d	476	480	483	487	491	495	500	503	506	510	513	517	521	524	529	533	/
3A_NB	32	a	491	495	499	502	506	510	514	517	519	524	528	532	536	540	546	549	554
3A_NB	32	d	492	497	500	504	508	512	515	518	521	525	529	534	538	542	547	551	/
