RouteID	RunID	Arrivals/Departures	TimePerStop
1A_SB	1	a	4	8	12	21	25	29	34	38	42	45	48	52	62	66	74
1A_SB	1	d	5	9	13	23	26	30	35	39	43	46	49	53	63	68	/
1A_SB	2	a	29	33	36	44	47	50	57	60	65	70	74	79	89	93	101
1A_SB	2	d	30	34	37	45	48	52	58	62	67	71	76	80	91	95	/
1A_SB	3	a	53	57	62	71	75	80	86	90	95	99	104	107	117	121	129
1A_SB	3	d	54	59	64	73	77	82	88	92	97	101	105	109	118	123	/
1A_SB	4	a	79	82	86	94	98	101	107	111	116	120	124	128	140	144	151
1A_SB	4	d	80	83	87	95	99	103	109	113	118	121	126	130	142	146	/
1A_SB	5	a	87	90	95	104	108	113	120	124	127	130	134	139	149	153	159
1A_SB	5	d	88	92	96	106	110	115	122	125	128	131	136	141	150	154	/
1A_SB	6	a	102	106	110	118	121	124	130	133	136	139	143	147	156	161	168
1A_SB	6	d	103	107	111	119	122	126	131	134	137	140	144	148	158	163	/
1A_SB	7	a	124	127	131	139	143	147	152	157	161	165	170	173	184	187	195
1A_SB	7	d	125	128	132	140	144	148	154	159	163	167	171	174	185	188	/
1A_SB	8	a	129	132	136	145	150	153	160	165	169	173	178	181	191	194	201
1A_SB	8	d	130	133	137	147	151	155	162	167	171	175	179	182	192	195	/
1A_SB	9	a	143	146	150	160	164	167	173	176	180	184	187	190	201	205	213
1A_SB	9	d	144	147	151	161	165	168	174	178	181	185	188	192	203	207	/
1A_SB	10	a	148	151	155	166	170	173	180	184	187	191	194	198	208	211	218
1A_SB	10	d	149	152	157	168	171	175	181	185	188	192	196	200	209	212	/
1A_SB	11	a	170	173	177	189	193	197	204	207	210	214	217	220	230	234	241
1A_SB	11	d	171	174	179	191	195	199	205	208	211	215	218	222	232	235	/
1A_SB	12	a	199	202	205	215	219	222	229	234	238	242	246	250	258	261	269
1A_SB	12	d	200	203	206	216	220	224	231	236	240	244	247	251	259	262	/
1A_SB	13	a	207	210	214	223	227	231	238	242	247	251	255	259	267	271	281
1A_SB	13	d	208	211	216	224	229	233	240	244	249	253	257	261	269	273	/
1A_SB	14	a	224	228	232	240	243	246	252	256	261	266	270	273	283	286	294
1A_SB	14	d	225	229	233	241	244	248	254	258	263	268	271	275	284	288	/
1A_SB	15	a	239	242	246	254	257	261	266	269	273	276	280	284	295	298	307
1A_SB	15	d	240	243	247	255	258	262	267	270	274	278	282	286	296	300	/
1A_SB	16	a	245	248	252	260	264	268	273	277	281	284	288	292	303	308	317
1A_SB	16	d	246	249	253	262	265	269	274	278	282	285	289	294	305	310	/
1A_SB	17	a	251	254	259	268	271	275	281	286	290	294	299	302	313	318	326
1A_SB	17	d	252	256	261	269	272	276	283	288	292	296	300	304	315	319	/
1A_SB	18	a	269	273	278	287	290	294	300	304	309	314	319	322	331	335	344
1A_SB	18	d	270	275	280	288	291	296	302	306	311	316	320	323	333	336	/
1A_SB	19	a	275	279	284	294	298	303	310	314	318	321	325	329	338	341	350
1A_SB	19	d	276	281	285	296	300	305	312	315	319	322	327	330	339	342	/
1A_SB	20	a	305	308	311	323	326	330	338	341	344	347	350	354	364	367	375
1A_SB	20	d	306	309	313	324	327	332	339	342	345	348	352	356	365	369	/
1A_SB	21	a	327	330	334	343	346	349	356	360	363	368	371	374	384	388	396
1A_SB	21	d	328	331	336	344	347	350	357	361	365	369	372	376	385	389	/
1A_SB	22	a	340	343	348	357	362	366	372	375	378	381	385	388	397	402	411
1A_SB	22	d	341	345	349	359	363	367	373	376	379	382	386	390	399	404	/
1A_SB	23	a	359	363	368	376	381	385	391	394	397	400	404	408	415	420	429
1A_SB	23	d	360	365	370	378	383	387	392	395	398	402	406	409	417	422	/
1A_SB	24	a	370	374	379	389	392	395	400	403	406	409	413	417	424	427	436
1A_SB	24	d	371	376	381	390	393	396	401	404	407	410	415	418	425	429	/
1A_SB	25	a	387	391	396	406	410	413	418	421	424	427	432	436	447	450	456
1A_SB	25	d	388	393	398	408	411	414	419	422	425	429	434	438	448	451	/
1A_SB	26	a	394	398	403	412	415	418	423	427	430	434	439	443	453	458	465
1A_SB	26	d	395	400	404	413	416	419	425	428	432	436	441	444	455	460	/
1A_SB	27	a	411	415	420	431	436	439	445	449	454	458	463	467	478	482	490
1A_SB	27	d	412	417	422	433	437	441	447	451	456	460	465	469	479	484	/
1A_SB	28	a	425	430	435	445	448	453	459	463	467	471	475	479	489	492	499
1A_SB	28	d	426	432	437	446	450	455	461	464	469	473	477	481	490	493	/
1A_SB	29	a	439	443	447	456	460	464	470	474	477	480	483	487	496	500	508
1A_SB	29	d	440	444	448	457	461	465	471	475	478	481	484	488	498	502	/
1A_SB	30	a	447	451	455	465	468	473	480	483	487	490	494	498	508	511	521
1A_SB	30	d	448	452	457	466	470	475	481	485	488	492	496	499	509	513	/
1A_SB	31	a	458	462	466	476	480	484	491	494	498	502	506	510	521	524	532
1A_SB	31	d	459	463	467	478	481	486	492	495	499	503	508	512	522	525	/
1A_SB	32	a	477	481	486	495	498	501	507	511	515	518	522	526	535	539	549
1A_SB	32	d	478	483	487	496	499	502	508	513	516	519	524	527	537	541	/
1A_SB	33	a	489	492	496	505	508	513	518	522	525	529	534	538	548	553	562
1A_SB	33	d	490	493	497	506	510	514	520	523	526	531	536	540	550	554	/
1A_SB	34	a	497	501	506	515	518	522	527	530	535	539	543	547	557	562	570
1A_SB	34	d	498	503	507	516	519	523	528	532	536	541	545	549	559	563	/
1A_SB	35	a	514	518	523	533	536	540	546	550	555	560	563	567	578	582	589
1A_SB	35	d	515	520	525	534	537	541	548	552	557	561	564	569	580	583	/
1A_SB	36	a	535	539	543	554	558	563	569	573	576	580	585	590	599	603	611
1A_SB	36	d	536	540	544	556	560	565	570	574	577	582	587	591	600	605	/
1A_SB	37	a	552	556	561	570	573	576	582	587	592	595	600	605	614	618	625
1A_SB	37	d	553	558	563	571	574	578	584	589	593	597	602	606	615	619	/
1A_SB	38	a	563	566	571	577	581	584	591	596	601	604	608	612	621	625	632
1A_SB	38	d	564	568	572	579	582	586	593	598	602	605	609	613	622	626	/
1A_SB	39	a	573	576	581	588	592	595	601	605	610	613	617	621	632	637	643
1A_SB	39	d	574	578	583	590	593	596	602	607	611	614	619	623	634	638	/
1A_SB	40	a	596	600	604	614	618	623	630	634	639	643	646	650	659	663	671
1A_SB	40	d	597	601	606	616	620	625	631	636	641	644	648	651	661	665	/
1A_SB	41	a	617	621	626	635	639	642	649	654	658	661	664	667	678	681	688
1A_SB	41	d	618	623	627	637	640	643	651	656	659	662	665	669	679	682	/
1A_SB	42	a	641	644	648	658	661	665	670	673	678	681	686	690	699	703	711
1A_SB	42	d	642	645	650	659	663	666	671	675	679	683	688	692	701	705	/
1A_SB	43	a	649	653	658	667	670	673	680	683	688	692	696	701	710	713	720
1A_SB	43	d	650	655	660	668	671	675	681	685	690	693	698	703	711	714	/
1A_SB	44	a	666	670	675	684	688	693	700	704	709	712	717	720	729	732	740
1A_SB	44	d	667	672	677	685	690	695	702	706	710	714	718	721	730	734	/
1A_SB	45	a	683	687	691	702	705	708	713	716	720	723	728	731	740	744	751
1A_SB	45	d	684	688	693	703	706	709	714	717	721	725	729	732	742	745	/
1A_SB	46	a	705	708	713	724	727	731	738	743	747	750	753	757	766	770	777
1A_SB	46	d	706	710	714	725	728	733	740	744	748	751	755	758	768	771	/
1A_SB	47	a	730	734	739	747	750	754	760	765	770	774	779	783	793	797	805
1A_SB	47	d	731	736	740	748	751	755	762	767	772	776	781	785	795	799	/
1A_SB	48	a	755	759	763	771	775	779	785	790	794	797	800	803	813	817	825
1A_SB	48	d	756	760	764	773	777	780	787	792	795	798	801	805	814	819	/
1A_SB	49	a	776	780	784	793	796	800	807	811	814	818	823	827	835	838	844
1A_SB	49	d	777	781	786	794	798	802	808	812	815	820	825	828	836	839	/
1A_SB	50	a	787	791	796	805	809	812	818	822	826	829	833	836	845	849	857
1A_SB	50	d	788	793	797	807	810	814	820	824	827	831	834	838	846	851	/
1A_SB	51	a	812	816	820	830	834	838	843	847	852	856	860	865	875	879	887
1A_SB	51	d	813	818	822	831	835	839	844	849	853	857	862	867	876	880	/
1A_SB	52	a	820	824	828	837	842	846	851	856	860	864	868	872	881	886	892
1A_SB	52	d	821	825	830	839	844	847	853	857	862	865	870	873	883	887	/
1A_SB	53	a	833	837	841	851	856	861	867	872	875	880	884	889	899	904	912
1A_SB	53	d	834	838	843	853	858	862	869	873	877	881	886	891	901	905	/
1A_SB	54	a	849	853	857	867	871	874	880	884	888	891	894	899	909	914	922
1A_SB	54	d	850	855	859	869	872	876	882	886	889	892	896	901	911	916	/
1A_SB	55	a	868	872	877	887	891	894	900	903	907	910	914	918	930	935	944
1A_SB	55	d	869	874	879	889	892	896	901	904	908	912	916	919	932	937	/
1A_SB	56	a	891	895	898	906	910	915	922	926	929	933	937	940	950	953	961
1A_SB	56	d	892	896	899	908	912	917	924	927	931	935	938	941	951	954	/
1A_SB	57	a	906	910	914	923	926	930	935	939	942	946	951	954	965	969	976
1A_SB	57	d	907	911	915	924	928	931	936	940	944	948	952	955	967	970	/
1A_SB	58	a	911	915	919	929	933	936	942	947	951	955	960	964	974	978	985
1A_SB	58	d	912	917	921	931	934	938	944	948	953	957	962	966	975	979	/
1A_SB	59	a	924	928	932	942	945	948	953	957	962	967	972	976	985	990	998
1A_SB	59	d	925	930	933	943	946	949	954	959	964	969	974	978	987	992	/
1A_SB	60	a	931	935	938	949	953	957	962	966	971	976	981	984	992	997	1005
1A_SB	60	d	932	936	940	950	955	958	963	968	973	978	982	985	994	999	/
1A_SB	61	a	944	948	953	963	966	970	976	980	983	988	993	996	1005	1008	1016
1A_SB	61	d	945	950	955	964	968	972	977	981	985	990	994	997	1006	1010	/
1A_SB	62	a	967	971	976	985	989	992	999	1003	1007	1011	1015	1019	1027	1031	1038
1A_SB	62	d	968	973	978	987	990	994	1000	1004	1009	1012	1017	1020	1029	1032	/
1A_SB	63	a	985	989	994	1004	1008	1011	1018	1021	1024	1028	1032	1036	1045	1049	1056
1A_SB	63	d	986	991	995	1005	1009	1013	1019	1022	1026	1030	1033	1037	1047	1051	/
1A_SB	64	a	1000	1004	1008	1016	1021	1025	1031	1034	1037	1040	1045	1050	1059	1064	1073
1A_SB	64	d	1001	1006	1009	1018	1022	1027	1032	1035	1038	1042	1047	1052	1061	1066	/
1A_NB	1	a	21	30	34	45	50	54	58	62	67	72	77	80	90	95	99
1A_NB	1	d	22	31	36	46	52	55	60	64	68	74	78	82	92	97	/
1A_NB	2	a	35	45	48	59	65	69	74	78	81	88	92	96	107	112	117
1A_NB	2	d	36	46	49	61	66	71	76	79	83	90	93	98	109	114	/
1A_NB	3	a	61	70	74	82	87	90	95	99	103	109	112	116	124	129	133
1A_NB	3	d	62	71	75	84	88	92	96	100	104	110	113	117	126	130	/
1A_NB	4	a	70	79	83	91	96	99	103	108	111	117	120	125	133	137	142
1A_NB	4	d	71	80	84	93	97	100	105	109	112	118	122	126	135	139	/
1A_NB	5	a	78	88	92	100	104	108	111	116	119	125	129	133	142	146	151
1A_NB	5	d	79	89	93	101	106	109	113	117	121	127	130	135	144	148	/
1A_NB	6	a	97	105	108	119	124	128	133	138	143	149	152	155	165	170	174
1A_NB	6	d	98	106	109	120	125	130	135	140	144	150	153	157	167	171	/
1A_NB	7	a	110	120	125	135	140	144	148	153	157	162	166	169	177	181	185
1A_NB	7	d	111	122	127	136	142	145	150	154	158	164	167	170	178	182	/
1A_NB	8	a	127	135	138	146	152	157	162	166	169	174	179	182	192	196	201
1A_NB	8	d	128	136	139	148	154	159	163	167	170	176	180	184	194	198	/
1A_NB	9	a	139	149	154	163	168	172	176	180	183	189	193	197	206	210	214
1A_NB	9	d	140	151	156	164	170	173	178	181	184	190	195	199	207	211	/
1A_NB	10	a	159	168	173	183	189	193	197	201	205	212	216	219	227	230	235
1A_NB	10	d	160	170	175	185	191	194	198	202	206	214	217	221	228	232	/
1A_NB	11	a	177	186	191	200	205	209	214	218	221	228	231	234	243	246	250
1A_NB	11	d	178	188	193	201	207	211	215	219	223	229	232	236	244	247	/
1A_NB	12	a	187	194	199	210	216	219	224	229	232	237	241	245	254	257	262
1A_NB	12	d	188	196	201	212	217	221	226	230	233	239	242	247	255	259	/
1A_NB	13	a	198	207	212	222	227	231	235	239	243	249	253	257	266	270	275
1A_NB	13	d	199	209	213	223	229	232	236	240	245	251	254	259	268	272	/
1A_NB	14	a	218	229	232	242	247	251	256	260	265	271	274	277	286	290	294
1A_NB	14	d	219	230	233	243	249	253	257	262	267	272	275	279	288	291	/
1A_NB	15	a	228	237	240	250	255	258	263	268	272	277	280	284	293	297	301
1A_NB	15	d	229	238	241	251	256	260	265	269	273	278	282	286	295	298	/
1A_NB	16	a	252	260	263	272	277	281	285	289	293	299	302	305	315	319	323
1A_NB	16	d	253	261	264	273	279	283	286	291	294	300	303	306	316	320	/
1A_NB	17	a	268	279	282	291	297	300	304	308	312	317	321	324	332	337	342
1A_NB	17	d	269	280	283	293	298	301	306	309	313	319	322	325	334	339	/
1A_NB	18	a	279	288	292	304	310	313	317	321	326	333	338	342	348	352	356
1A_NB	18	d	280	290	294	305	311	314	318	323	328	335	339	343	350	353	/
1A_NB	19	a	293	301	304	314	320	325	329	333	337	343	347	352	361	366	370
1A_NB	19	d	294	302	306	315	322	326	330	334	338	345	349	354	363	368	/
1A_NB	20	a	305	315	319	328	335	338	342	347	350	357	361	365	372	377	381
1A_NB	20	d	306	317	320	330	336	340	344	348	352	359	363	366	374	378	/
1A_NB	21	a	318	328	333	345	350	354	359	364	367	372	376	380	389	393	397
1A_NB	21	d	319	330	334	346	351	356	361	365	368	374	377	382	391	395	/
1A_NB	22	a	334	343	348	359	366	370	374	378	383	389	393	397	407	411	415
1A_NB	22	d	335	345	350	361	368	371	375	380	385	390	395	399	409	412	/
1A_NB	23	a	349	357	362	373	379	383	387	391	395	401	405	410	419	422	426
1A_NB	23	d	350	359	364	375	381	385	388	393	396	402	407	412	420	423	/
1A_NB	24	a	367	374	377	387	392	396	399	403	407	412	415	419	429	432	437
1A_NB	24	d	368	375	379	388	393	397	400	405	408	413	416	420	430	434	/
1A_NB	25	a	386	395	398	407	414	418	422	426	429	436	440	444	455	458	462
1A_NB	25	d	387	396	400	409	415	419	423	427	431	438	442	446	456	459	/
1A_NB	26	a	398	407	410	418	424	429	433	437	441	448	452	456	465	468	472
1A_NB	26	d	399	408	411	419	426	430	434	438	443	450	453	457	466	469	/
1A_NB	27	a	425	433	438	448	454	457	462	465	468	474	478	482	491	495	499
1A_NB	27	d	426	435	440	449	455	459	463	466	470	476	480	483	493	496	/
1A_NB	28	a	437	445	449	458	463	466	470	475	479	484	487	490	500	504	509
1A_NB	28	d	438	446	450	459	464	468	472	477	480	485	488	492	501	506	/
1A_NB	29	a	459	467	470	479	486	491	495	499	502	508	511	515	524	528	533
1A_NB	29	d	460	468	472	481	488	492	496	500	503	509	513	517	525	530	/
1A_NB	30	a	467	477	481	490	496	500	504	509	513	520	525	529	538	542	546
1A_NB	30	d	468	479	482	491	497	502	506	511	515	522	526	531	539	543	/
1A_NB	31	a	473	483	488	498	504	509	514	519	523	529	533	537	545	549	553
1A_NB	31	d	474	485	490	500	506	511	516	521	524	530	534	538	546	550	/
1A_NB	32	a	493	502	505	515	520	524	528	532	536	543	546	549	558	563	569
1A_NB	32	d	494	503	507	516	521	525	529	534	537	544	547	551	560	565	/
1A_NB	33	a	518	526	529	538	543	547	550	555	559	564	567	570	579	583	588
1A_NB	33	d	519	527	530	539	545	548	552	557	560	565	568	572	581	584	/
1A_NB	34	a	523	531	534	543	549	553	558	563	566	572	577	581	590	595	600
1A_NB	34	d	524	532	535	544	551	555	560	564	568	574	579	583	592	597	/
1A_NB	35	a	546	554	557	566	572	575	579	585	589	594	598	602	611	614	618
1A_NB	35	d	547	555	558	568	573	576	581	586	590	596	600	603	612	615	/
1A_NB	36	a	557	565	568	579	584	588	593	598	602	607	611	614	623	628	633
1A_NB	36	d	558	566	570	580	586	590	595	599	603	609	612	616	625	630	/
1A_NB	37	a	575	584	587	598	604	608	613	618	622	628	631	635	645	649	653
1A_NB	37	d	576	585	588	600	605	610	615	619	623	629	633	637	647	651	/
1A_NB	38	a	592	600	603	612	618	622	627	631	635	640	644	647	656	660	664
1A_NB	38	d	593	601	605	614	619	624	628	633	636	642	645	649	658	661	/
1A_NB	39	a	615	623	627	638	644	648	652	655	659	665	668	673	682	685	689
1A_NB	39	d	616	625	629	640	645	649	653	657	661	666	670	674	683	686	/
1A_NB	40	a	640	649	652	662	668	672	677	681	686	692	695	698	709	713	717
1A_NB	40	d	641	650	654	663	669	674	679	683	687	693	696	700	710	714	/
1A_NB	41	a	668	678	681	690	696	700	705	709	714	720	724	728	737	742	746
1A_NB	41	d	669	679	682	691	697	702	706	711	715	722	726	729	739	743	/
1A_NB	42	a	681	692	696	706	712	715	719	723	727	734	737	740	751	756	759
1A_NB	42	d	682	694	697	708	713	716	720	724	729	735	738	742	753	757	/
1A_NB	43	a	696	705	708	719	726	731	734	738	741	747	750	753	763	768	772
1A_NB	43	d	697	706	710	721	728	732	735	739	742	748	751	755	765	769	/
1A_NB	44	a	720	729	733	742	748	752	756	761	764	771	775	779	788	793	798
1A_NB	44	d	721	731	734	744	750	753	758	762	766	773	777	781	790	795	/
1A_NB	45	a	738	748	752	762	767	772	775	780	785	791	795	798	806	811	816
1A_NB	45	d	739	750	754	763	769	773	777	782	786	793	796	800	808	813	/
1A_NB	46	a	749	759	763	775	780	784	789	793	797	802	805	808	816	821	825
1A_NB	46	d	750	761	765	776	781	786	790	794	798	803	806	810	818	822	/
1A_NB	47	a	757	767	771	782	788	792	796	801	806	812	815	819	826	831	836
1A_NB	47	d	758	768	772	784	789	793	798	803	808	813	817	820	828	833	/
1A_NB	48	a	773	783	786	796	802	807	811	816	821	827	831	834	844	848	853
1A_NB	48	d	774	784	787	798	804	809	813	818	822	829	832	836	845	850	/
1A_NB	49	a	785	796	799	811	817	821	826	829	834	839	843	847	854	859	864
1A_NB	49	d	786	797	801	813	818	823	827	831	835	841	844	849	856	861	/
1A_NB	50	a	804	814	819	827	832	836	841	846	850	855	858	862	871	875	880
1A_NB	50	d	805	816	820	828	834	838	843	848	851	856	860	864	873	877	/
1A_NB	51	a	815	826	829	840	845	849	854	859	863	869	873	876	884	887	890
1A_NB	51	d	816	827	831	841	846	851	856	861	865	871	874	877	885	888	/
1A_NB	52	a	824	835	839	849	855	859	864	869	872	878	881	885	895	899	903
1A_NB	52	d	825	837	841	851	857	861	866	870	873	879	883	887	897	900	/
1A_NB	53	a	842	854	857	867	873	877	882	887	892	899	902	905	913	918	923
1A_NB	53	d	843	855	859	869	874	879	884	889	894	900	903	907	915	920	/
1A_NB	54	a	851	863	867	876	882	886	891	895	899	905	908	912	920	925	930
1A_NB	54	d	852	865	868	877	883	888	892	896	901	906	910	914	922	927	/
1A_NB	55	a	877	888	891	902	909	912	916	920	925	930	933	937	947	950	954
1A_NB	55	d	878	889	892	904	910	913	917	922	926	931	934	939	948	951	/
1A_NB	56	a	890	899	903	915	921	926	930	935	939	944	948	952	960	964	967
1A_NB	56	d	891	901	905	917	923	927	932	937	940	946	950	953	961	965	/
1A_NB	57	a	899	909	912	924	930	934	939	943	947	954	958	961	969	974	979
1A_NB	57	d	900	910	914	926	932	936	940	945	949	956	959	962	971	976	/
1A_NB	58	a	926	936	940	952	958	961	965	970	973	978	982	985	995	999	1003
1A_NB	58	d	927	938	942	953	959	962	967	971	974	980	983	987	997	1000	/
1A_NB	59	a	933	942	946	957	964	969	973	978	982	988	992	995	1003	1006	1010
1A_NB	59	d	934	944	948	959	966	970	975	980	983	990	993	997	1004	1008	/
1A_NB	60	a	945	955	959	967	972	977	980	985	989	995	999	1002	1010	1014	1018
1A_NB	60	d	946	957	960	968	974	978	982	987	990	997	1000	1004	1012	1016	/
1A_NB	61	a	969	977	981	991	996	1000	1004	1009	1013	1020	1024	1027	1037	1041	1045
1A_NB	61	d	970	978	982	992	997	1001	1006	1011	1015	1022	1025	1029	1038	1042	/
1A_NB	62	a	984	994	998	1010	1016	1020	1024	1028	1032	1039	1043	1047	1055	1059	1063
1A_NB	62	d	985	996	1000	1012	1017	1021	1025	1029	1034	1040	1045	1048	1057	1061	/
1A_NB	63	a	1011	1020	1023	1036	1042	1045	1050	1054	1058	1063	1068	1072	1081	1086	1090
1A_NB	63	d	1012	1021	1025	1037	1043	1047	1051	1056	1059	1065	1070	1074	1083	1087	/
1A_NB	64	a	1023	1032	1036	1046	1052	1055	1060	1065	1069	1074	1078	1082	1091	1095	1100
1A_NB	64	d	1024	1034	1037	1047	1053	1057	1062	1066	1070	1075	1080	1084	1092	1097	/
2A_NB	1	a	9	13	20	25	30	37	41	44	52	56	61	64	68	72	78	81	86	90
2A_NB	1	d	10	15	22	27	31	38	42	45	53	57	62	66	69	73	80	83	87	/
2A_NB	2	a	24	27	34	39	43	50	54	58	66	69	74	76	79	82	88	92	95	100
2A_NB	2	d	25	29	36	41	44	52	55	59	67	70	75	77	80	84	90	93	97	/
2A_NB	3	a	33	36	43	47	52	57	61	66	73	76	83	86	89	93	99	103	108	112
2A_NB	3	d	34	38	44	49	53	59	63	67	74	78	85	87	90	94	101	105	109	/
2A_NB	4	a	50	53	60	64	68	75	78	81	91	94	101	104	107	112	119	121	125	130
2A_NB	4	d	51	55	61	65	70	76	79	83	92	96	103	105	109	114	120	122	127	/
2A_NB	5	a	56	59	66	71	75	81	84	88	97	100	107	110	114	118	126	129	134	138
2A_NB	5	d	57	61	68	72	77	82	86	90	98	102	109	112	115	120	128	131	136	/
2A_NB	6	a	71	74	80	84	87	92	97	101	109	114	119	121	124	127	134	137	141	144
2A_NB	6	d	72	75	82	85	88	94	98	102	111	115	120	122	125	128	136	138	142	/
2A_NB	7	a	77	80	86	90	94	101	105	108	117	122	128	130	134	139	147	150	154	157
2A_NB	7	d	78	81	88	92	96	102	106	110	119	123	129	132	136	141	149	152	155	/
2A_NB	8	a	104	108	114	117	121	127	132	136	145	149	154	158	162	167	174	176	180	183
2A_NB	8	d	105	110	115	118	122	129	133	137	146	150	156	160	164	169	175	177	181	/
2A_NB	9	a	122	126	133	138	142	148	152	155	165	170	176	178	182	186	192	195	200	203
2A_NB	9	d	123	128	135	139	143	149	153	157	167	171	177	180	183	187	194	197	201	/
2A_NB	10	a	131	135	142	146	150	156	159	162	172	176	183	186	189	193	200	203	207	210
2A_NB	10	d	132	137	143	147	151	157	160	164	173	178	184	187	190	195	202	204	208	/
2A_NB	11	a	145	149	155	158	162	169	174	177	187	191	197	200	203	208	214	216	219	223
2A_NB	11	d	146	150	156	160	164	171	175	179	188	193	198	201	205	209	215	217	221	/
2A_NB	12	a	157	160	167	171	175	181	186	191	201	205	210	214	217	221	226	228	232	235
2A_NB	12	d	158	162	169	173	177	183	188	193	202	206	212	215	218	222	227	229	233	/
2A_NB	13	a	177	180	185	188	191	198	201	204	212	216	222	226	229	234	240	243	247	250
2A_NB	13	d	178	181	186	189	193	199	202	205	213	218	224	227	231	236	242	244	248	/
2A_NB	14	a	191	194	199	203	208	215	220	225	235	240	245	249	252	257	262	265	268	273
2A_NB	14	d	192	196	201	205	210	217	222	226	237	241	247	250	254	258	264	266	270	/
2A_NB	15	a	206	209	215	218	222	228	233	236	246	251	256	260	263	268	274	277	280	284
2A_NB	15	d	207	211	216	219	223	230	234	237	248	252	258	261	265	270	275	278	281	/
2A_NB	16	a	228	231	238	242	246	251	255	258	269	273	278	281	283	287	294	296	301	306
2A_NB	16	d	229	233	239	244	247	253	256	260	270	274	280	282	285	289	295	298	303	/
2A_NB	17	a	243	246	251	255	260	266	270	273	282	287	294	296	298	301	306	309	312	317
2A_NB	17	d	244	247	253	257	261	267	271	275	284	289	295	297	299	302	307	310	314	/
2A_NB	18	a	266	270	276	279	284	289	294	297	306	310	315	318	322	327	333	335	339	344
2A_NB	18	d	267	272	277	281	285	291	295	298	307	311	316	320	324	329	334	336	341	/
2A_NB	19	a	282	285	291	296	301	307	312	315	325	328	333	336	339	344	352	355	359	364
2A_NB	19	d	283	287	293	298	302	309	313	316	326	329	334	337	341	346	353	357	361	/
2A_NB	20	a	287	291	297	301	305	312	317	321	332	337	343	346	349	353	361	364	369	374
2A_NB	20	d	288	293	298	303	307	314	318	323	334	339	345	348	351	355	363	366	371	/
2A_NB	21	a	304	307	314	318	322	329	333	336	347	352	358	360	363	368	373	375	378	383
2A_NB	21	d	305	309	315	320	324	330	334	338	349	353	359	362	365	369	374	376	380	/
2A_NB	22	a	313	316	322	327	331	337	342	345	354	358	364	367	370	374	380	382	385	390
2A_NB	22	d	314	317	324	329	332	339	343	346	355	360	366	369	371	375	381	383	387	/
2A_NB	23	a	318	321	328	333	338	345	349	354	364	367	372	374	378	381	388	390	394	398
2A_NB	23	d	319	323	330	335	340	346	351	356	365	368	373	376	379	383	389	391	395	/
2A_NB	24	a	329	333	339	344	348	354	359	363	371	375	381	384	387	390	395	397	402	407
2A_NB	24	d	330	335	341	345	349	356	361	365	373	377	383	385	388	391	396	399	404	/
2A_NB	25	a	338	342	347	350	355	361	366	370	377	382	388	390	392	397	402	405	409	412
2A_NB	25	d	339	343	348	352	356	363	368	371	379	384	389	391	394	398	404	406	410	/
2A_NB	26	a	367	370	376	379	383	389	393	396	404	407	413	416	419	423	429	432	435	438
2A_NB	26	d	368	372	377	380	384	390	394	398	405	409	415	418	420	424	431	433	436	/
2A_NB	27	a	384	388	393	396	401	409	413	417	426	430	436	439	442	447	453	456	461	466
2A_NB	27	d	385	389	394	398	403	410	415	419	428	432	437	440	444	449	454	458	463	/
2A_NB	28	a	400	404	410	414	417	423	426	429	437	440	446	450	453	457	463	466	471	476
2A_NB	28	d	401	405	412	415	419	424	427	431	438	441	448	451	455	459	465	468	473	/
2A_NB	29	a	407	411	417	421	424	431	435	440	448	451	456	458	461	464	470	472	476	481
2A_NB	29	d	408	412	419	422	426	433	437	442	449	452	457	459	462	465	471	473	478	/
2A_NB	30	a	429	432	437	441	446	453	457	460	467	471	478	480	482	486	492	494	497	501
2A_NB	30	d	430	433	439	443	447	455	458	461	468	473	479	481	483	488	493	495	498	/
2A_NB	31	a	441	445	450	455	459	464	468	473	481	485	492	495	498	503	508	512	516	520
2A_NB	31	d	442	446	452	456	460	466	470	474	483	487	493	497	500	504	510	513	517	/
2A_NB	32	a	463	466	471	475	478	484	488	492	500	505	512	515	518	523	529	533	538	542
2A_NB	32	d	464	467	472	476	479	485	490	493	502	507	513	516	520	525	531	535	539	/
2A_NB	33	a	469	472	478	482	486	492	496	499	509	513	520	524	527	532	538	541	545	549
2A_NB	33	d	470	474	479	483	487	493	497	501	510	515	522	526	529	534	540	543	546	/
2A_NB	34	a	498	501	506	510	514	520	524	528	535	538	543	545	549	554	559	562	565	569
2A_NB	34	d	499	502	508	511	515	521	525	529	536	539	544	547	551	555	560	563	566	/
2A_NB	35	a	506	509	514	518	522	528	533	537	545	550	555	558	560	564	570	572	576	579
2A_NB	35	d	507	510	515	519	523	530	534	539	547	552	557	559	561	566	571	573	577	/
2A_NB	36	a	518	522	527	530	535	541	545	549	556	561	566	568	571	576	582	585	590	594
2A_NB	36	d	519	523	528	532	537	543	547	550	558	562	567	570	573	578	584	587	591	/
2A_NB	37	a	536	539	545	549	552	559	563	566	575	580	586	589	591	596	602	604	609	612
2A_NB	37	d	537	540	547	550	554	560	564	567	577	582	588	590	593	598	603	606	610	/
2A_NB	38	a	545	549	555	560	564	570	574	577	587	591	597	600	603	608	614	617	621	625
2A_NB	38	d	546	550	557	562	565	571	575	579	588	593	599	601	605	610	615	619	622	/
2A_NB	39	a	561	565	571	575	579	585	589	592	600	604	609	611	614	617	624	627	630	634
2A_NB	39	d	562	567	573	577	580	586	590	594	601	605	610	612	615	619	625	628	631	/
2A_NB	40	a	586	590	595	599	603	609	613	616	625	629	634	637	641	644	650	653	657	660
2A_NB	40	d	587	591	596	601	605	611	614	617	627	630	636	639	642	646	652	655	658	/
2A_NB	41	a	595	599	605	608	612	617	622	626	635	638	644	647	650	654	660	663	667	670
2A_NB	41	d	596	601	606	610	613	619	624	627	636	640	645	648	651	656	662	665	668	/
2A_NB	42	a	612	616	621	626	630	638	642	645	652	656	661	663	665	669	675	677	682	686
2A_NB	42	d	613	617	623	627	632	639	643	646	654	657	662	664	666	671	676	679	684	/
2A_NB	43	a	629	633	639	644	648	653	658	662	670	673	678	681	685	690	696	700	704	708
2A_NB	43	d	630	634	641	645	649	655	660	664	671	674	679	683	687	691	698	701	705	/
2A_NB	44	a	638	642	649	653	658	663	667	671	679	684	690	692	694	698	705	708	711	716
2A_NB	44	d	639	644	650	655	659	664	669	673	681	686	691	693	695	700	707	709	713	/
2A_NB	45	a	664	668	674	678	683	691	694	698	706	710	715	717	721	725	733	736	741	745
2A_NB	45	d	665	670	676	680	685	692	696	700	708	711	716	719	723	727	735	738	742	/
2A_NB	46	a	678	681	686	690	694	700	704	708	718	721	726	729	731	734	739	742	746	750
2A_NB	46	d	679	682	688	692	695	702	705	710	719	722	728	730	732	735	741	743	747	/
2A_NB	47	a	696	700	707	711	716	722	726	730	739	743	748	751	755	760	766	770	774	778
2A_NB	47	d	697	702	709	713	717	724	727	732	740	744	750	753	757	761	768	771	775	/
2A_NB	48	a	711	714	720	723	726	731	735	739	747	752	759	762	765	769	777	780	784	788
2A_NB	48	d	712	715	721	724	727	733	736	740	749	754	761	763	766	771	778	782	786	/
2A_NB	49	a	725	728	734	737	741	747	751	756	765	769	775	778	781	785	791	794	799	803
2A_NB	49	d	726	729	735	738	742	748	753	757	766	771	777	779	782	786	793	796	801	/
2A_NB	50	a	745	748	754	758	762	768	771	775	784	789	794	796	799	803	810	813	817	822
2A_NB	50	d	746	749	756	759	764	769	773	777	786	790	795	797	800	805	812	815	819	/
2A_NB	51	a	769	772	778	782	787	793	797	800	808	812	818	821	824	829	834	837	840	845
2A_NB	51	d	770	774	780	784	788	795	798	801	809	814	819	822	826	830	836	838	842	/
2A_NB	52	a	792	796	802	806	810	817	821	825	834	837	843	847	850	854	859	863	867	872
2A_NB	52	d	793	798	803	808	812	819	823	827	835	838	845	848	852	855	861	864	869	/
2A_NB	53	a	819	823	829	833	837	842	846	849	858	863	868	871	874	879	885	889	894	899
2A_NB	53	d	820	824	831	835	838	844	847	851	860	864	869	872	876	880	887	891	896	/
2A_NB	54	a	842	845	850	853	857	863	866	869	878	882	888	892	895	899	906	909	912	916
2A_NB	54	d	843	846	851	854	859	864	867	870	879	884	890	894	896	901	908	910	913	/
2A_NB	55	a	851	854	860	863	868	876	879	883	894	898	906	908	911	914	921	924	927	932
2A_NB	55	d	852	855	861	865	870	877	880	885	896	900	907	910	912	916	922	925	929	/
2A_NB	56	a	873	876	883	886	890	897	901	905	914	918	925	928	932	935	940	944	948	953
2A_NB	56	d	874	878	884	887	892	899	902	907	916	920	926	930	933	936	942	946	950	/
2A_NB	57	a	900	904	911	914	917	923	927	932	943	947	953	955	958	963	968	972	976	981
2A_NB	57	d	901	905	912	915	918	924	929	934	945	948	954	956	960	964	970	973	978	/
2A_NB	58	a	922	925	932	936	940	947	951	955	963	967	973	977	981	985	991	995	998	1003
2A_NB	58	d	923	927	934	937	942	948	952	957	964	969	975	979	982	987	993	996	1000	/
2A_NB	59	a	942	945	951	956	961	969	973	977	986	990	995	998	1001	1005	1011	1014	1019	1024
2A_NB	59	d	943	947	953	958	963	971	975	978	987	991	996	1000	1002	1007	1013	1016	1021	/
2A_NB	60	a	962	966	973	976	980	987	991	995	1005	1010	1015	1017	1019	1023	1029	1033	1038	1041
2A_NB	60	d	963	968	974	978	981	989	993	997	1007	1011	1016	1018	1020	1025	1031	1035	1039	/
2A_NB	61	a	988	991	996	999	1003	1009	1013	1017	1027	1030	1036	1039	1042	1046	1051	1055	1060	1065
2A_NB	61	d	989	992	997	1001	1005	1010	1014	1019	1028	1032	1037	1040	1043	1047	1053	1057	1062	/
2A_NB	62	a	1000	1004	1009	1013	1017	1023	1028	1031	1039	1043	1050	1052	1056	1061	1067	1071	1076	1080
2A_NB	62	d	1001	1005	1010	1015	1019	1025	1029	1032	1040	1045	1051	1054	1058	1062	1069	1073	1077	/
2A_NB	63	a	1025	1028	1034	1037	1042	1048	1052	1056	1066	1071	1076	1080	1083	1087	1093	1097	1101	1104
2A_NB	63	d	1026	1030	1035	1039	1044	1049	1054	1058	1068	1072	1078	1082	1084	1089	1095	1098	1102	/
2A_NB	64	a	1051	1054	1059	1062	1065	1070	1074	1078	1087	1090	1096	1099	1103	1107	1112	1114	1118	1122
2A_NB	64	d	1052	1055	1060	1063	1066	1071	1076	1079	1088	1092	1098	1101	1104	1108	1113	1115	1120	/
2A_SB	1	a	23	26	28	32	38	41	45	49	52	58	63	70	75	80	87	90	95	99
2A_SB	1	d	24	27	30	33	39	42	46	50	54	60	65	72	77	82	88	92	97	/
2A_SB	2	a	46	49	53	57	62	64	68	73	78	83	86	92	96	101	108	112	116	119
2A_SB	2	d	47	51	55	58	63	66	70	75	79	84	87	93	98	103	109	113	117	/
2A_SB	3	a	62	66	69	72	77	80	84	87	91	95	98	104	108	112	117	122	126	129
2A_SB	3	d	63	67	70	73	78	81	85	88	92	96	99	106	110	113	119	123	127	/
2A_SB	4	a	79	82	85	88	93	97	102	106	109	115	119	125	129	132	137	141	146	149
2A_SB	4	d	80	84	86	89	95	99	103	107	111	117	120	126	130	133	138	143	147	/
2A_SB	5	a	91	94	97	100	105	108	112	115	118	123	128	135	138	142	147	151	155	158
2A_SB	5	d	92	95	98	101	106	110	113	116	119	125	130	136	139	143	148	153	156	/
2A_SB	6	a	98	101	104	109	115	118	123	127	130	135	139	144	147	151	157	161	165	168
2A_SB	6	d	99	102	106	111	116	120	124	128	131	136	140	145	148	153	158	163	166	/
2A_SB	7	a	121	125	129	133	139	141	145	149	153	160	164	169	174	178	184	189	193	198
2A_SB	7	d	122	127	130	134	140	142	146	150	155	161	165	171	175	179	186	191	195	/
2A_SB	8	a	140	143	146	149	154	157	160	164	167	172	175	180	184	188	194	197	200	205
2A_SB	8	d	141	145	147	150	155	158	161	165	168	173	176	181	185	189	195	198	202	/
2A_SB	9	a	146	149	153	157	163	167	170	174	177	183	187	194	199	203	209	212	216	220
2A_SB	9	d	147	151	154	159	165	168	172	175	179	185	188	196	200	204	210	214	217	/
2A_SB	10	a	164	168	172	176	181	185	189	193	197	205	210	217	222	226	233	236	240	243
2A_SB	10	d	165	170	174	177	183	187	191	195	199	207	212	219	223	227	234	237	241	/
2A_SB	11	a	182	186	188	191	197	200	203	206	210	217	221	228	231	236	243	246	249	252
2A_SB	11	d	183	187	189	192	198	201	204	208	212	218	223	229	232	237	244	247	250	/
2A_SB	12	a	195	199	202	207	214	217	222	225	228	235	240	247	250	255	261	265	269	273
2A_SB	12	d	196	201	204	209	216	219	223	226	230	237	242	248	252	256	262	266	271	/
2A_SB	13	a	211	216	220	225	231	235	239	243	246	251	254	259	263	266	272	276	281	284
2A_SB	13	d	212	218	222	227	233	236	240	244	247	252	255	260	264	267	274	278	282	/
2A_SB	14	a	226	230	233	238	245	247	252	256	260	265	269	274	277	281	287	291	295	299
2A_SB	14	d	227	231	235	240	246	249	253	257	261	266	270	275	278	282	289	292	297	/
2A_SB	15	a	241	245	249	253	259	262	265	268	272	278	282	288	292	296	301	305	309	313
2A_SB	15	d	242	247	250	255	260	263	266	270	274	280	284	289	294	297	302	307	310	/
2A_SB	16	a	257	260	264	268	273	276	280	284	287	293	297	302	306	310	316	320	325	328
2A_SB	16	d	258	262	266	269	274	277	281	285	288	294	298	303	307	311	317	322	326	/
2A_SB	17	a	284	288	290	294	301	304	308	313	317	322	325	330	334	337	343	347	350	353
2A_SB	17	d	285	289	291	296	303	305	310	315	318	323	326	331	335	338	344	348	351	/
2A_SB	18	a	298	302	305	308	313	315	319	324	327	333	336	341	346	350	358	363	367	370
2A_SB	18	d	299	303	306	309	314	316	321	325	329	334	337	343	348	352	360	365	368	/
2A_SB	19	a	303	307	311	315	321	325	329	333	336	341	345	351	355	358	365	369	372	375
2A_SB	19	d	304	309	313	317	323	326	331	334	337	343	347	352	356	360	366	370	373	/
2A_SB	20	a	326	330	334	337	342	344	348	352	356	362	365	372	375	379	385	389	393	396
2A_SB	20	d	327	332	335	338	343	345	350	353	358	363	367	373	376	380	386	390	394	/
2A_SB	21	a	338	341	345	349	356	359	363	367	370	376	381	386	389	392	399	403	407	410
2A_SB	21	d	339	343	347	351	357	360	364	368	371	378	382	387	390	394	400	404	408	/
2A_SB	22	a	361	365	368	371	377	379	383	386	389	395	399	405	410	414	421	425	429	432
2A_SB	22	d	362	367	369	372	378	380	384	387	391	396	401	407	411	416	423	426	430	/
2A_SB	23	a	366	370	373	378	384	386	391	395	398	403	408	414	418	423	429	432	436	439
2A_SB	23	d	367	372	375	380	385	388	392	396	399	405	409	415	420	424	430	433	437	/
2A_SB	24	a	385	389	391	396	402	405	409	413	416	423	427	433	436	440	445	448	453	456
2A_SB	24	d	386	390	393	398	404	407	411	414	418	424	429	434	437	441	446	450	454	/
2A_SB	25	a	404	407	411	416	422	425	428	433	437	443	446	452	457	462	468	471	475	478
2A_SB	25	d	405	409	413	418	424	426	430	435	438	444	447	454	459	464	469	472	476	/
2A_SB	26	a	422	425	427	430	435	437	441	445	448	454	458	463	468	472	478	481	485	488
2A_SB	26	d	423	426	428	431	436	439	443	446	450	456	459	465	469	473	479	483	486	/
2A_SB	27	a	440	443	446	449	454	457	461	465	469	475	479	484	487	491	497	500	503	508
2A_SB	27	d	441	444	447	450	456	459	463	466	470	476	480	485	488	492	498	501	505	/
2A_SB	28	a	451	455	457	460	465	468	472	477	481	487	490	495	499	503	509	513	516	520
2A_SB	28	d	452	456	458	461	466	469	474	478	482	488	491	496	500	504	511	514	518	/
2A_SB	29	a	459	463	466	470	475	478	483	487	490	497	501	507	511	515	522	526	530	533
2A_SB	29	d	460	465	467	471	476	480	484	488	492	499	502	508	512	517	524	527	531	/
2A_SB	30	a	478	482	485	489	494	497	502	506	509	515	519	525	530	534	541	544	549	552
2A_SB	30	d	479	483	486	490	495	499	503	507	510	516	520	527	531	536	542	546	550	/
2A_SB	31	a	483	487	490	495	501	504	509	514	518	524	528	534	539	542	548	551	555	558
2A_SB	31	d	484	488	492	497	502	506	511	516	519	526	530	536	540	543	549	552	556	/
2A_SB	32	a	498	501	504	509	515	517	522	527	530	536	539	544	548	552	559	562	566	570
2A_SB	32	d	499	503	506	511	516	519	524	528	531	537	540	546	550	554	560	563	568	/
2A_SB	33	a	507	510	514	518	523	527	530	533	536	542	545	550	554	559	564	567	572	577
2A_SB	33	d	508	512	516	519	525	528	531	534	537	543	546	552	556	560	565	569	574	/
2A_SB	34	a	524	527	531	534	539	542	545	548	552	558	561	565	568	572	577	580	584	588
2A_SB	34	d	525	529	532	535	540	543	546	549	554	559	562	566	569	573	578	581	586	/
2A_SB	35	a	538	541	545	550	556	558	561	564	567	574	578	583	587	592	597	600	603	607
2A_SB	35	d	539	543	547	551	557	559	562	565	569	575	579	585	589	593	598	601	605	/
2A_SB	36	a	546	549	552	557	563	565	568	572	577	582	587	593	596	601	607	610	613	616
2A_SB	36	d	547	550	554	559	564	566	570	574	578	584	589	594	598	602	608	611	614	/
2A_SB	37	a	560	564	567	571	578	581	585	590	593	599	603	610	614	618	625	629	634	638
2A_SB	37	d	561	566	569	573	579	582	587	591	595	601	605	612	615	619	627	631	636	/
2A_SB	38	a	572	576	578	581	588	592	597	602	606	613	616	622	626	630	637	640	645	649
2A_SB	38	d	573	577	579	583	590	594	599	604	608	614	618	624	627	632	638	642	647	/
2A_SB	39	a	587	591	594	598	604	607	611	615	619	624	629	634	638	642	649	652	656	659
2A_SB	39	d	588	593	596	600	606	609	613	616	620	626	630	635	639	644	650	654	657	/
2A_SB	40	a	611	614	616	620	626	629	633	636	641	648	652	658	663	666	671	675	679	682
2A_SB	40	d	612	615	618	621	628	630	634	638	643	650	654	660	664	667	673	677	680	/
2A_SB	41	a	634	638	642	646	651	654	658	662	665	671	675	682	685	690	696	699	704	709
2A_SB	41	d	635	640	644	647	652	656	660	663	666	672	677	683	687	691	697	701	706	/
2A_SB	42	a	641	645	649	653	658	661	665	669	672	679	683	690	695	700	707	711	716	720
2A_SB	42	d	642	647	651	654	659	662	667	670	674	680	685	692	697	702	709	713	717	/
2A_SB	43	a	657	661	664	668	674	677	681	686	691	696	700	706	710	714	721	724	728	732
2A_SB	43	d	658	663	666	669	676	678	683	688	692	698	702	708	711	716	722	726	729	/
2A_SB	44	a	675	678	682	686	693	697	700	705	708	714	717	723	727	731	738	741	745	750
2A_SB	44	d	676	680	684	688	695	698	702	706	709	715	719	724	728	733	739	743	747	/
2A_SB	45	a	686	689	693	697	703	706	711	714	717	724	728	735	738	743	750	753	757	761
2A_SB	45	d	687	691	695	699	704	708	712	715	719	726	730	736	740	745	751	754	759	/
2A_SB	46	a	700	704	706	710	717	719	722	725	728	734	738	744	747	752	758	762	767	771
2A_SB	46	d	701	705	707	712	718	720	723	726	729	735	740	745	749	753	760	764	768	/
2A_SB	47	a	709	713	715	719	725	729	733	737	741	748	752	758	762	766	771	775	779	783
2A_SB	47	d	710	714	716	721	727	731	735	739	742	749	754	759	763	767	773	777	780	/
2A_SB	48	a	735	739	742	746	752	755	759	763	766	772	775	781	785	789	796	800	804	807
2A_SB	48	d	736	741	743	748	753	757	760	764	768	773	776	783	786	791	797	802	805	/
2A_SB	49	a	756	759	762	766	771	773	777	780	784	790	794	800	805	809	816	820	825	829
2A_SB	49	d	757	760	764	767	772	774	778	782	786	792	796	802	806	811	818	822	827	/
2A_SB	50	a	768	772	775	779	785	789	794	799	802	809	813	819	823	827	833	837	841	845
2A_SB	50	d	769	773	776	781	787	791	796	800	803	811	815	820	824	829	835	839	843	/
2A_SB	51	a	776	780	783	788	794	798	802	807	811	817	821	827	832	835	841	846	850	853
2A_SB	51	d	777	781	785	790	796	799	804	809	812	819	823	829	833	837	843	848	851	/
2A_SB	52	a	795	799	803	808	813	817	821	825	830	837	840	846	851	855	861	865	868	872
2A_SB	52	d	796	801	805	809	815	818	822	827	832	838	841	848	852	856	863	866	870	/
2A_SB	53	a	825	829	832	836	842	845	849	853	857	862	865	871	875	880	887	890	895	899
2A_SB	53	d	826	830	834	837	843	846	851	855	858	863	867	873	877	882	888	892	897	/
2A_SB	54	a	832	836	839	843	849	853	857	860	864	869	873	878	882	887	894	897	901	905
2A_SB	54	d	833	837	841	845	851	854	858	862	865	871	874	880	884	889	895	898	903	/
2A_SB	55	a	854	857	859	862	868	871	875	879	882	888	892	897	901	905	911	915	920	925
2A_SB	55	d	855	858	860	864	870	872	876	880	884	890	893	898	902	906	912	917	922	/
2A_SB	56	a	867	870	872	875	882	884	888	891	894	901	904	911	916	920	928	933	936	941
2A_SB	56	d	868	871	873	877	883	885	889	892	896	902	906	913	917	922	930	934	938	/
2A_SB	57	a	882	885	887	890	897	900	903	907	910	916	920	926	930	933	939	944	947	951
2A_SB	57	d	883	886	888	892	899	901	904	908	911	918	921	928	931	935	941	945	949	/
2A_SB	58	a	896	900	903	907	913	917	922	926	931	936	941	946	950	955	962	965	969	973
2A_SB	58	d	897	902	904	909	915	919	923	928	932	938	942	947	952	957	963	967	971	/
2A_SB	59	a	924	928	931	935	940	942	945	950	953	959	964	970	973	977	983	988	992	996
2A_SB	59	d	925	929	932	936	941	943	947	951	954	961	966	971	974	979	985	990	993	/
2A_SB	60	a	939	943	946	950	956	959	964	968	972	977	982	987	991	995	1002	1006	1009	1014
2A_SB	60	d	940	945	948	952	958	961	965	969	973	979	983	988	992	997	1004	1007	1011	/
2A_SB	61	a	950	953	956	959	965	969	974	979	982	987	991	995	1000	1004	1010	1014	1018	1022
2A_SB	61	d	951	955	957	960	967	971	976	980	983	988	992	997	1001	1005	1011	1016	1019	/
2A_SB	62	a	971	975	978	981	988	992	996	1001	1004	1011	1014	1019	1023	1027	1032	1035	1039	1043
2A_SB	62	d	972	977	979	983	990	993	998	1002	1006	1012	1015	1020	1025	1028	1033	1036	1040	/
2A_SB	63	a	978	981	983	987	994	997	1001	1006	1010	1017	1021	1027	1031	1035	1041	1044	1048	1052
2A_SB	63	d	979	982	985	989	995	998	1003	1008	1012	1019	1023	1028	1033	1037	1042	1045	1049	/
2A_SB	64	a	988	991	993	997	1003	1006	1011	1015	1019	1024	1028	1034	1038	1043	1049	1054	1058	1062
2A_SB	64	d	989	992	995	999	1005	1008	1013	1017	1020	1025	1030	1036	1040	1045	1051	1055	1059	/
3A_SB	1	a	4	9	13	19	23	27	32	36	40	44	48	51	55	58	61	67	70
3A_SB	1	d	5	10	14	21	24	29	33	38	42	46	49	52	56	59	63	68	/
3A_SB	2	a	16	21	25	32	36	40	45	49	54	58	61	63	67	71	75	81	86
3A_SB	2	d	17	23	26	34	37	42	46	51	55	59	62	64	68	72	77	83	/
3A_SB	3	a	39	44	48	54	58	62	67	71	75	80	84	87	92	96	100	105	109
3A_SB	3	d	40	45	49	55	60	64	69	73	77	81	85	88	93	97	101	106	/
3A_SB	4	a	69	74	77	84	87	91	95	100	104	109	114	116	121	125	129	134	139
3A_SB	4	d	70	75	79	85	88	92	97	101	106	111	115	117	122	126	130	136	/
3A_SB	5	a	79	84	87	94	99	102	106	110	114	118	123	126	131	135	139	144	149
3A_SB	5	d	80	85	89	96	100	103	107	112	115	120	124	127	132	136	140	146	/
3A_SB	6	a	92	97	100	105	108	112	116	121	126	130	135	137	141	144	148	153	156
3A_SB	6	d	93	98	101	106	110	114	118	123	127	132	136	138	142	145	149	154	/
3A_SB	7	a	109	116	119	126	130	135	139	144	148	153	157	160	164	168	171	177	181
3A_SB	7	d	110	117	121	127	132	137	141	146	150	155	158	161	165	169	172	178	/
3A_SB	8	a	127	133	137	142	145	149	153	158	163	167	171	174	178	182	186	192	195
3A_SB	8	d	128	134	138	143	146	150	155	160	164	169	172	175	179	183	187	193	/
3A_SB	9	a	138	143	146	152	156	160	164	168	172	175	178	181	185	190	194	199	202
3A_SB	9	d	139	144	148	154	157	161	165	169	173	176	179	182	187	191	195	200	/
3A_SB	10	a	156	161	166	173	178	181	184	188	192	197	201	203	207	211	215	220	224
3A_SB	10	d	157	163	168	175	179	182	185	189	194	199	202	204	208	212	216	222	/
3A_SB	11	a	165	171	175	181	184	188	191	195	199	202	206	208	212	216	220	225	230
3A_SB	11	d	166	172	176	182	185	189	192	196	200	204	207	209	213	217	221	227	/
3A_SB	12	a	188	194	199	205	209	212	217	221	225	229	233	235	240	244	248	254	257
3A_SB	12	d	189	196	201	206	210	214	218	223	227	230	234	236	241	245	249	255	/
3A_SB	13	a	211	216	219	224	228	232	236	239	242	246	250	254	258	261	265	271	276
3A_SB	13	d	212	217	220	226	229	233	237	240	243	248	252	255	259	262	266	273	/
3A_SB	14	a	223	228	232	238	242	246	250	254	257	261	264	266	270	273	276	282	287
3A_SB	14	d	224	229	233	240	243	247	251	255	258	262	265	267	271	274	277	284	/
3A_SB	15	a	230	235	240	245	249	254	259	264	268	273	277	280	285	288	291	297	301
3A_SB	15	d	231	237	241	247	251	256	261	266	270	274	278	281	286	289	292	298	/
3A_SB	16	a	252	257	261	266	270	273	276	280	284	287	291	294	299	302	306	312	315
3A_SB	16	d	253	259	262	268	271	274	277	282	285	289	292	295	300	303	307	313	/
3A_SB	17	a	259	264	268	273	276	280	283	287	291	294	298	301	305	309	313	319	323
3A_SB	17	d	260	266	269	274	278	281	284	289	292	296	299	302	307	310	314	321	/
3A_SB	18	a	268	273	276	281	285	289	292	296	299	303	307	310	314	318	323	329	332
3A_SB	18	d	269	274	277	283	286	290	293	297	300	304	308	311	315	320	325	330	/
3A_SB	19	a	277	282	286	292	296	301	305	309	312	317	321	324	329	332	336	340	344
3A_SB	19	d	278	284	287	294	298	302	306	310	314	319	322	325	330	333	337	342	/
3A_SB	20	a	286	291	295	301	305	308	312	316	320	324	327	330	335	338	342	346	350
3A_SB	20	d	287	292	296	302	306	309	313	317	321	325	328	331	336	339	343	348	/
3A_SB	21	a	296	301	305	310	315	320	324	329	333	336	340	344	348	352	356	361	365
3A_SB	21	d	297	303	306	312	317	321	326	331	334	338	342	345	349	353	357	363	/
3A_SB	22	a	318	323	327	332	335	340	345	349	354	357	360	362	366	370	373	378	381
3A_SB	22	d	319	324	328	333	337	342	347	351	355	358	361	363	367	371	374	379	/
3A_SB	23	a	334	339	343	349	353	357	360	363	367	371	374	377	381	385	389	394	399
3A_SB	23	d	335	341	345	351	354	358	361	364	369	372	375	378	382	386	390	396	/
3A_SB	24	a	346	351	356	362	365	370	375	380	385	389	393	396	400	404	407	413	417
3A_SB	24	d	347	353	358	363	367	372	377	382	387	391	394	397	402	405	408	415	/
3A_SB	25	a	375	381	385	391	396	400	404	408	412	417	421	423	428	431	435	440	444
3A_SB	25	d	376	383	387	393	397	401	405	410	414	418	422	424	429	432	436	441	/
3A_SB	26	a	384	390	394	400	405	409	412	416	419	423	427	429	434	438	442	448	452
3A_SB	26	d	385	392	395	402	406	410	413	417	420	424	428	430	435	439	444	449	/
3A_SB	27	a	401	407	412	419	423	427	430	433	436	439	443	446	450	453	457	462	466
3A_SB	27	d	402	409	414	420	424	428	431	434	437	440	444	447	451	454	458	464	/
3A_SB	28	a	406	412	417	424	428	432	435	439	442	445	449	452	456	459	463	468	472
3A_SB	28	d	407	414	419	425	429	433	436	440	443	446	450	453	457	460	464	470	/
3A_SB	29	a	431	436	440	446	449	454	458	462	465	469	474	477	482	486	489	494	498
3A_SB	29	d	432	437	442	447	451	455	460	463	467	471	475	478	483	487	490	495	/
3A_SB	30	a	449	454	458	464	468	473	478	482	487	491	495	498	502	505	509	514	517
3A_SB	30	d	450	455	459	466	470	475	480	484	488	492	496	499	503	506	510	515	/
3A_SB	31	a	467	473	477	483	487	491	496	500	504	509	513	515	519	523	526	531	536
3A_SB	31	d	468	474	478	485	489	493	498	502	506	511	514	516	520	524	527	533	/
3A_SB	32	a	493	498	502	508	511	515	519	523	527	530	535	538	542	546	549	554	557
3A_SB	32	d	494	499	504	509	512	516	520	525	528	532	536	539	543	547	550	555	/
3A_SB	33	a	511	517	522	528	531	535	540	545	548	552	556	558	562	565	569	574	577
3A_SB	33	d	512	519	524	529	532	537	542	546	549	554	557	559	563	566	570	575	/
3A_SB	34	a	529	535	540	546	551	555	558	561	564	569	572	574	579	583	587	593	598
3A_SB	34	d	530	536	542	548	552	556	559	562	566	570	573	575	580	584	589	595	/
3A_SB	35	a	539	544	549	554	559	562	565	569	573	578	581	584	589	594	598	603	607
3A_SB	35	d	540	546	550	556	560	563	567	570	575	579	583	585	591	595	599	605	/
3A_SB	36	a	555	559	563	569	573	576	581	584	588	593	597	599	604	607	611	617	620
3A_SB	36	d	556	560	565	571	574	578	582	586	590	595	598	600	605	608	613	618	/
3A_SB	37	a	568	572	576	583	586	590	594	599	603	607	610	612	617	622	626	631	636
3A_SB	37	d	569	573	578	584	587	591	596	600	604	608	611	613	619	623	628	633	/
3A_SB	38	a	585	591	595	602	606	611	616	619	622	625	629	632	637	641	645	651	655
3A_SB	38	d	586	592	597	603	608	613	617	620	623	627	630	634	638	642	647	652	/
3A_SB	39	a	613	618	621	627	631	635	639	643	647	651	655	658	663	666	670	675	678
3A_SB	39	d	614	619	623	629	632	637	640	645	648	653	656	659	664	668	671	676	/
3A_SB	40	a	629	634	639	646	651	655	659	663	667	671	675	678	682	686	690	696	700
3A_SB	40	d	630	636	641	648	652	656	660	665	668	673	677	679	684	687	692	698	/
3A_SB	41	a	639	644	647	654	659	664	669	673	678	683	688	690	695	699	703	708	712
3A_SB	41	d	640	645	648	656	661	666	670	675	680	685	689	692	697	700	704	709	/
3A_SB	42	a	656	662	665	671	675	678	683	686	691	695	699	702	706	710	714	719	723
3A_SB	42	d	657	663	666	672	676	680	684	688	692	696	700	703	707	711	716	720	/
3A_SB	43	a	671	677	680	686	691	694	699	703	707	712	715	719	724	728	732	737	741
3A_SB	43	d	672	678	681	688	692	695	700	705	709	713	717	721	725	729	734	739	/
3A_SB	44	a	692	697	700	706	709	713	716	719	722	727	732	736	742	746	750	756	761
3A_SB	44	d	693	698	702	707	711	714	717	720	724	729	734	738	743	747	752	758	/
3A_SB	45	a	705	711	715	721	725	730	734	739	743	746	750	752	757	761	766	773	777
3A_SB	45	d	706	712	716	722	727	731	736	741	744	748	751	753	758	763	768	775	/
3A_SB	46	a	727	732	735	742	746	751	754	758	762	767	771	774	778	783	788	794	798
3A_SB	46	d	728	733	736	743	748	752	755	759	764	768	772	775	780	785	790	795	/
3A_SB	47	a	741	746	750	755	758	763	768	773	776	781	785	787	792	796	800	804	809
3A_SB	47	d	742	747	751	756	760	765	770	774	778	783	786	789	793	797	801	806	/
3A_SB	48	a	761	767	771	776	780	783	787	791	795	800	803	806	811	815	820	825	829
3A_SB	48	d	762	769	772	778	781	784	788	792	797	801	804	808	813	817	821	827	/
3A_SB	49	a	770	775	778	783	788	792	796	800	805	810	814	816	821	825	829	835	838
3A_SB	49	d	771	776	779	785	790	793	797	802	807	812	815	817	823	826	831	836	/
3A_SB	50	a	786	792	797	804	808	811	815	820	823	828	832	836	840	844	848	853	856
3A_SB	50	d	787	794	798	805	809	812	817	821	825	830	834	837	841	846	850	854	/
3A_SB	51	a	807	812	816	821	825	829	833	836	840	844	849	852	857	862	866	872	876
3A_SB	51	d	808	814	817	823	826	830	834	837	842	846	850	854	859	863	868	874	/
3A_SB	52	a	832	837	841	847	850	855	858	862	866	869	872	876	882	886	891	897	900
3A_SB	52	d	833	839	842	848	852	856	859	864	867	870	874	878	883	888	893	898	/
3A_SB	53	a	842	847	852	858	863	867	871	875	880	885	889	891	896	900	905	911	914
3A_SB	53	d	843	849	853	860	864	869	872	877	882	887	890	892	898	902	906	912	/
3A_SB	54	a	867	873	876	882	885	889	893	898	903	907	910	913	919	924	928	934	937
3A_SB	54	d	868	874	878	883	886	891	895	900	904	908	912	915	921	925	929	935	/
3A_SB	55	a	880	887	891	898	902	907	910	916	921	926	930	932	936	941	946	952	955
3A_SB	55	d	881	889	893	899	904	908	912	918	923	927	931	933	938	943	948	953	/
3A_SB	56	a	908	915	920	927	931	936	940	944	948	952	956	959	965	970	974	979	984
3A_SB	56	d	909	917	922	929	933	938	941	945	950	954	957	961	967	971	975	981	/
3A_SB	57	a	918	925	930	937	941	945	948	952	957	961	964	967	972	976	980	985	989
3A_SB	57	d	919	927	932	939	942	946	949	954	959	962	966	968	973	977	981	986	/
3A_SB	58	a	935	940	944	950	955	958	963	968	971	974	978	980	985	989	993	998	1002
3A_SB	58	d	936	941	946	952	956	960	965	969	972	976	979	982	987	990	995	1000	/
3A_SB	59	a	946	952	955	961	965	969	974	979	983	988	993	996	1001	1005	1009	1015	1020
3A_SB	59	d	947	953	957	962	966	971	976	981	985	990	995	998	1002	1006	1011	1017	/
3A_SB	60	a	964	969	973	979	983	987	991	996	999	1003	1007	1010	1015	1020	1025	1031	1035
3A_SB	60	d	965	971	974	981	984	988	993	997	1000	1004	1008	1011	1017	1022	1026	1032	/
3A_SB	61	a	973	978	981	986	990	995	999	1004	1009	1013	1016	1019	1023	1028	1032	1038	1043
3A_SB	61	d	974	979	982	988	992	996	1001	1006	1010	1014	1017	1020	1025	1029	1033	1040	/
3A_SB	62	a	986	992	996	1001	1004	1008	1012	1017	1022	1027	1032	1036	1041	1045	1049	1055	1059
3A_SB	62	d	987	993	997	1002	1005	1009	1014	1019	1024	1029	1034	1037	1043	1046	1051	1056	/
3A_SB	63	a	1012	1017	1020	1025	1029	1033	1037	1040	1045	1049	1053	1056	1061	1066	1070	1076	1079
3A_SB	63	d	1013	1018	1021	1027	1031	1035	1038	1042	1046	1051	1054	1058	1063	1067	1072	1077	/
3A_SB	64	a	1017	1022	1026	1032	1035	1039	1043	1047	1051	1054	1058	1062	1067	1071	1076	1081	1085
3A_SB	64	d	1018	1023	1028	1033	1036	1041	1045	1048	1052	1056	1060	1064	1069	1073	1077	1083	/
3A_NB	1	a	11	14	18	22	26	31	35	38	43	49	52	54	57	61	65	69	73	77
3A_NB	1	d	12	16	19	24	28	33	36	40	45	50	53	56	59	63	66	70	74	/
3A_NB	2	a	31	35	38	44	48	52	56	59	63	70	75	78	80	84	87	90	94	99
3A_NB	2	d	32	36	40	46	50	54	58	60	65	72	76	79	82	85	88	92	96	/
3A_NB	3	a	55	58	62	65	70	73	76	79	83	88	92	94	96	100	104	107	111	114
3A_NB	3	d	56	60	63	67	71	74	78	80	84	89	93	95	97	101	105	109	112	/
3A_NB	4	a	65	68	71	75	79	84	88	92	96	101	105	108	111	114	119	123	127	130
3A_NB	4	d	66	69	73	77	81	86	90	93	97	102	107	109	112	116	120	124	128	/
3A_NB	5	a	83	86	90	95	98	103	106	109	114	118	121	124	127	131	136	141	144	147
3A_NB	5	d	84	88	92	96	100	104	108	111	115	119	122	125	128	133	138	142	145	/
3A_NB	6	a	92	95	99	104	108	112	116	118	122	128	132	136	139	143	147	152	155	158
3A_NB	6	d	93	97	101	105	110	114	117	120	123	129	134	138	141	145	149	153	156	/
3A_NB	7	a	104	108	112	116	120	123	127	130	134	140	144	146	148	151	154	158	161	164
3A_NB	7	d	105	110	113	117	121	124	129	132	135	141	145	147	149	152	155	159	162	/
3A_NB	8	a	109	113	117	122	125	128	133	137	141	148	152	154	158	161	164	167	170	174
3A_NB	8	d	110	115	119	123	126	130	135	138	143	149	153	156	159	162	165	168	172	/
3A_NB	9	a	130	133	137	141	144	148	152	154	157	162	166	169	171	174	178	182	185	188
3A_NB	9	d	131	134	138	142	145	150	153	155	158	163	167	170	172	176	180	183	186	/
3A_NB	10	a	138	142	146	151	154	158	162	164	168	174	179	181	184	188	192	195	198	203
3A_NB	10	d	139	144	148	152	156	160	163	165	169	176	180	183	185	189	193	196	200	/
3A_NB	11	a	154	158	161	165	168	172	176	178	182	187	190	192	194	198	201	204	207	211
3A_NB	11	d	155	159	163	166	170	174	177	179	183	188	191	193	195	199	202	205	208	/
3A_NB	12	a	172	176	179	184	187	191	194	198	201	207	210	212	214	217	220	224	229	232
3A_NB	12	d	173	177	181	185	188	192	196	199	202	208	211	213	215	218	221	226	230	/
3A_NB	13	a	185	189	192	196	199	204	208	211	214	220	224	227	229	232	236	240	245	250
3A_NB	13	d	186	190	193	197	201	206	209	212	215	221	225	228	230	233	237	242	247	/
3A_NB	14	a	202	206	209	214	218	222	226	229	232	238	242	245	247	252	256	260	264	268
3A_NB	14	d	203	207	211	215	219	223	228	230	233	239	243	246	249	253	258	262	265	/
3A_NB	15	a	221	224	229	233	236	240	243	246	251	256	259	261	263	267	270	273	276	279
3A_NB	15	d	222	226	230	234	237	241	245	248	252	257	260	262	264	268	271	274	277	/
3A_NB	16	a	234	237	242	246	249	253	256	259	262	268	272	275	278	282	286	289	292	296
3A_NB	16	d	235	239	243	247	250	254	257	260	263	270	273	276	280	283	287	290	293	/
3A_NB	17	a	245	248	252	256	261	266	270	273	276	282	285	288	291	296	299	302	305	309
3A_NB	17	d	246	249	253	258	263	268	272	274	277	283	286	289	293	297	300	303	307	/
3A_NB	18	a	272	275	279	283	287	292	296	300	305	310	314	318	321	324	328	331	336	340
3A_NB	18	d	273	276	281	285	289	294	298	302	306	311	316	319	322	326	329	333	337	/
3A_NB	19	a	290	293	298	303	306	310	314	317	322	327	331	334	336	339	343	347	350	353
3A_NB	19	d	291	295	300	304	307	311	316	319	323	328	332	335	337	340	344	348	351	/
3A_NB	20	a	303	307	311	315	318	322	326	328	332	337	341	344	347	350	353	358	361	365
3A_NB	20	d	304	308	312	316	320	323	327	329	333	338	342	345	348	351	355	359	362	/
3A_NB	21	a	312	316	319	324	327	330	333	337	341	346	350	353	356	360	364	367	372	377
3A_NB	21	d	313	317	321	325	328	331	335	338	342	347	351	354	358	362	365	369	374	/
3A_NB	22	a	331	334	337	341	345	349	353	356	360	366	371	375	379	383	387	390	393	397
3A_NB	22	d	332	335	338	343	347	351	354	358	362	368	373	377	381	385	388	391	395	/
3A_NB	23	a	345	348	353	357	361	365	369	371	374	379	382	384	387	390	393	396	399	402
3A_NB	23	d	346	350	355	359	363	367	370	372	375	380	383	385	388	391	394	397	400	/
3A_NB	24	a	364	368	371	374	378	382	387	390	394	400	403	406	408	411	414	418	421	426
3A_NB	24	d	365	369	372	375	379	384	389	391	395	401	404	407	409	412	415	419	423	/
3A_NB	25	a	373	377	381	386	390	394	398	401	406	411	416	418	420	423	427	431	435	439
3A_NB	25	d	374	379	383	387	392	396	399	403	407	413	417	419	421	425	428	433	437	/
3A_NB	26	a	389	393	397	401	405	409	413	416	421	427	431	433	435	439	442	446	450	453
3A_NB	26	d	390	395	398	403	406	411	414	418	422	428	432	434	436	440	443	447	451	/
3A_NB	27	a	411	415	418	423	427	432	435	438	442	448	451	453	455	458	461	465	470	475
3A_NB	27	d	412	416	420	425	429	433	437	439	443	449	452	454	456	459	462	467	472	/
3A_NB	28	a	422	426	431	436	439	442	446	449	453	459	463	465	467	470	474	478	482	487
3A_NB	28	d	423	428	433	437	440	443	448	450	454	460	464	466	468	471	475	479	484	/
3A_NB	29	a	434	437	440	444	447	451	455	458	463	468	472	475	477	480	485	489	493	498
3A_NB	29	d	435	438	442	445	449	453	456	460	465	470	473	476	478	482	487	490	495	/
3A_NB	30	a	444	447	450	455	458	463	466	469	473	477	480	482	484	488	493	497	501	505
3A_NB	30	d	445	448	452	456	460	464	468	471	474	478	481	483	485	490	495	498	502	/
3A_NB	31	a	454	457	461	466	471	475	479	481	486	491	494	496	499	502	507	510	513	517
3A_NB	31	d	455	458	463	468	473	477	480	483	487	492	495	497	500	504	508	511	515	/
3A_NB	32	a	465	468	472	477	481	485	488	491	495	502	507	510	514	518	522	525	528	531
3A_NB	32	d	466	470	474	478	482	486	490	492	497	504	509	512	516	520	523	526	529	/
3A_NB	33	a	487	490	494	497	500	504	507	509	513	519	522	525	528	531	534	538	541	545
3A_NB	33	d	488	491	495	498	501	505	508	511	514	520	523	526	529	532	535	539	542	/
3A_NB	34	a	494	497	501	504	508	512	516	519	522	528	531	533	537	540	544	548	553	558
3A_NB	34	d	495	498	502	506	510	514	518	520	523	529	532	535	538	542	545	550	555	/
3A_NB	35	a	500	503	508	511	516	519	523	527	532	537	541	544	546	549	553	557	562	567
3A_NB	35	d	501	505	509	513	517	521	525	529	533	539	542	545	547	551	554	559	564	/
3A_NB	36	a	508	511	516	520	525	530	534	537	541	546	550	553	555	559	563	567	571	575
3A_NB	36	d	509	513	517	522	527	532	535	538	542	547	551	554	556	560	564	568	572	/
3A_NB	37	a	528	532	536	541	545	549	552	554	558	565	569	571	574	578	583	588	593	597
3A_NB	37	d	529	533	538	542	547	550	553	556	560	566	570	573	576	580	585	590	594	/
3A_NB	38	a	539	542	546	551	556	560	564	567	571	577	581	583	585	588	591	595	599	603
3A_NB	38	d	540	544	548	553	558	562	566	569	572	578	582	584	586	589	592	596	600	/
3A_NB	39	a	566	569	572	576	580	583	587	589	593	600	604	607	610	615	618	622	626	630
3A_NB	39	d	567	570	573	577	581	584	588	591	595	602	606	608	612	616	620	624	627	/
3A_NB	40	a	574	578	581	586	591	596	599	601	605	610	614	616	620	623	626	629	632	637
3A_NB	40	d	575	579	583	588	593	597	600	602	606	612	615	618	621	624	627	630	634	/
3A_NB	41	a	593	597	601	606	610	615	618	621	625	631	635	639	641	644	649	654	658	662
3A_NB	41	d	594	599	603	608	612	616	620	622	626	633	637	640	642	646	651	656	660	/
3A_NB	42	a	621	625	628	632	636	641	644	647	650	656	659	661	664	667	672	677	681	686
3A_NB	42	d	622	626	629	634	638	642	645	648	652	657	660	663	665	669	674	678	683	/
3A_NB	43	a	644	647	651	655	660	664	667	669	673	678	682	684	686	691	694	698	701	705
3A_NB	43	d	645	649	652	657	661	665	668	670	674	680	683	685	688	692	696	699	702	/
3A_NB	44	a	657	660	664	668	672	677	681	683	688	694	698	702	705	709	713	716	720	725
3A_NB	44	d	658	662	666	669	674	679	682	685	689	696	700	704	707	711	714	717	722	/
3A_NB	45	a	679	683	687	692	696	699	703	706	711	719	723	727	730	733	738	741	744	748
3A_NB	45	d	680	685	689	694	697	701	705	708	713	720	725	729	731	735	739	742	745	/
3A_NB	46	a	707	711	716	721	724	728	733	735	738	745	748	750	753	757	761	764	767	770
3A_NB	46	d	708	713	718	722	726	730	734	736	740	746	749	752	755	758	762	765	768	/
3A_NB	47	a	734	738	743	747	750	755	759	762	765	770	775	778	780	784	788	792	796	800
3A_NB	47	d	735	740	744	748	752	757	760	763	766	772	777	779	781	785	790	794	797	/
3A_NB	48	a	744	748	752	755	760	764	767	770	775	780	785	789	791	795	800	803	807	811
3A_NB	48	d	745	749	753	757	761	765	769	772	776	782	787	790	792	797	801	805	808	/
3A_NB	49	a	758	761	764	768	771	775	778	781	786	791	796	799	801	805	810	813	817	821
3A_NB	49	d	759	762	765	769	772	776	780	783	787	793	797	800	802	807	811	815	819	/
3A_NB	50	a	784	787	791	796	800	804	807	810	814	820	824	827	829	833	837	841	844	849
3A_NB	50	d	785	788	793	798	802	805	809	812	815	821	825	828	830	834	838	842	846	/
3A_NB	51	a	806	810	815	820	824	828	832	835	839	844	848	850	852	855	860	864	868	873
3A_NB	51	d	807	812	817	822	825	830	834	837	840	845	849	851	853	857	862	866	870	/
3A_NB	52	a	814	818	822	827	830	835	838	841	845	851	856	859	861	864	869	872	876	881
3A_NB	52	d	815	819	824	828	832	836	840	842	847	853	857	860	862	866	870	874	878	/
3A_NB	53	a	842	846	851	856	860	865	868	870	873	879	883	887	890	894	898	902	906	911
3A_NB	53	d	843	848	853	858	862	866	869	871	875	880	885	888	891	896	899	903	908	/
3A_NB	54	a	857	861	866	870	874	878	882	885	890	896	900	902	904	907	910	914	917	922
3A_NB	54	d	858	863	868	871	875	880	884	887	891	897	901	903	905	908	912	915	919	/
3A_NB	55	a	866	870	875	880	885	889	893	897	901	906	910	913	916	921	925	928	931	936
3A_NB	55	d	867	872	877	882	886	891	895	898	902	907	912	915	918	922	926	929	933	/
3A_NB	56	a	891	894	898	903	906	911	915	918	921	927	932	936	939	944	949	953	957	961
3A_NB	56	d	892	895	900	904	908	912	916	919	923	929	934	938	941	946	950	954	958	/
3A_NB	57	a	906	909	913	918	922	926	929	932	935	941	944	947	951	955	959	962	966	971
3A_NB	57	d	907	910	915	920	923	927	931	933	936	942	946	949	953	956	960	964	968	/
3A_NB	58	a	914	918	921	926	930	934	939	942	945	951	955	957	961	964	969	972	975	979
3A_NB	58	d	915	919	923	928	931	936	941	943	946	953	956	959	962	966	970	973	977	/
3A_NB	59	a	930	934	939	944	947	951	954	956	961	966	970	972	976	980	984	987	991	995
3A_NB	59	d	931	936	941	945	949	952	955	958	962	968	971	974	978	981	985	988	993	/
3A_NB	60	a	939	943	948	951	955	958	962	966	971	977	981	985	987	990	993	998	1001	1004
3A_NB	60	d	940	945	949	953	956	960	964	968	973	978	983	986	988	991	995	999	1002	/
3A_NB	61	a	954	958	962	967	971	975	978	982	986	992	997	999	1002	1006	1010	1015	1018	1023
3A_NB	61	d	955	959	964	969	973	976	980	983	988	994	998	1001	1004	1007	1012	1016	1020	/
3A_NB	62	a	966	969	973	977	980	984	988	992	996	1002	1006	1009	1012	1016	1020	1025	1028	1032
3A_NB	62	d	967	971	974	978	981	986	990	993	997	1003	1007	1011	1014	1017	1022	1026	1029	/
3A_NB	63	a	988	992	997	1001	1005	1008	1012	1015	1020	1024	1029	1033	1036	1040	1043	1047	1051	1056
3A_NB	63	d	989	994	998	1002	1006	1010	1013	1017	1021	1026	1031	1035	1038	1041	1044	1048	1053	/
3A_NB	64	a	1004	1007	1012	1017	1021	1026	1030	1033	1038	1043	1046	1049	1052	1056	1059	1063	1067	1071
3A_NB	64	d	1005	1009	1014	1019	1023	1028	1032	1035	1039	1044	1047	1051	1054	1057	1061	1064	1069	/
