RouteID	RunID	Arrivals/Departures	TimePerStop
1A_SB	1	a	4	7	11	21	25	29	34	37	41	44	47	51	61	65	73
1A_SB	1	d	5	9	12	23	26	30	35	38	42	45	49	52	63	67	/
1A_SB	2	a	26	30	34	43	48	51	57	60	64	67	71	74	86	89	97
1A_SB	2	d	27	31	36	45	49	53	58	61	65	69	72	75	87	90	/
1A_SB	3	a	53	57	62	71	75	78	84	88	92	95	98	101	113	117	126
1A_SB	3	d	54	59	63	73	76	79	85	89	93	96	99	103	114	119	/
1A_SB	4	a	64	68	72	82	87	91	96	99	103	106	110	113	121	124	134
1A_SB	4	d	65	69	74	84	89	92	97	100	104	107	111	114	122	126	/
1A_SB	5	a	81	85	90	101	105	109	115	118	122	125	129	132	143	147	154
1A_SB	5	d	82	87	92	103	107	110	116	119	123	126	130	134	145	148	/
1A_SB	6	a	88	92	96	107	110	114	121	124	129	132	137	141	149	153	161
1A_SB	6	d	89	94	98	108	112	116	122	126	130	134	138	142	151	155	/
1A_SB	7	a	103	107	111	119	122	126	132	135	139	143	148	153	163	168	175
1A_SB	7	d	104	109	112	120	124	127	133	136	140	145	150	154	165	170	/
1A_SB	8	a	118	121	125	134	138	142	147	151	156	160	164	169	178	182	190
1A_SB	8	d	119	123	126	135	139	143	149	153	158	161	166	170	180	184	/
1A_SB	9	a	130	134	139	148	152	156	161	164	168	172	175	179	191	194	202
1A_SB	9	d	131	136	141	150	153	157	162	165	169	173	176	181	192	196	/
1A_SB	10	a	143	146	151	159	162	166	172	177	181	185	189	192	204	207	215
1A_SB	10	d	144	148	152	160	163	168	174	178	183	186	190	194	205	209	/
1A_SB	11	a	149	152	157	166	171	174	179	183	187	190	194	197	208	213	222
1A_SB	11	d	150	153	159	168	172	175	180	184	188	191	195	199	210	215	/
1A_SB	12	a	154	157	162	171	176	179	185	189	194	198	202	206	216	221	230
1A_SB	12	d	155	158	164	173	177	180	186	191	196	200	204	207	218	223	/
1A_SB	13	a	173	177	181	190	194	198	204	208	213	216	219	223	234	238	246
1A_SB	13	d	174	178	183	191	196	200	205	210	214	217	221	224	236	240	/
1A_SB	14	a	186	190	194	204	208	211	217	221	226	230	235	238	246	250	258
1A_SB	14	d	187	191	195	206	209	213	218	223	228	232	236	240	248	252	/
1A_SB	15	a	191	195	200	210	215	219	225	229	233	236	241	246	253	256	265
1A_SB	15	d	192	197	201	212	217	221	227	231	234	238	243	247	254	258	/
1A_SB	16	a	211	214	218	228	233	237	244	249	253	258	263	267	274	277	284
1A_SB	16	d	212	216	219	230	234	239	246	250	255	260	264	268	275	278	/
1A_NB	1	a	28	37	41	49	54	59	63	68	72	79	84	87	96	100	104
1A_NB	1	d	29	39	42	50	56	60	65	70	74	81	85	89	97	101	/
1A_NB	2	a	52	62	65	75	81	84	88	93	97	102	106	110	119	124	129
1A_NB	2	d	53	63	66	77	82	86	89	95	98	104	107	112	121	126	/
1A_NB	3	a	78	87	91	103	109	112	115	120	124	131	134	138	147	151	155
1A_NB	3	d	79	89	93	105	110	113	117	122	125	132	135	140	148	152	/
1A_NB	4	a	99	107	110	121	126	130	135	139	142	149	153	157	165	169	174
1A_NB	4	d	100	108	112	122	127	132	136	140	144	151	154	158	166	171	/
1A_NB	5	a	109	119	122	132	138	143	146	151	154	162	166	170	178	182	186
1A_NB	5	d	110	120	124	134	140	144	148	152	156	164	167	172	179	183	/
1A_NB	6	a	137	145	148	155	160	164	168	173	176	183	186	191	200	204	209
1A_NB	6	d	138	146	149	156	162	165	170	174	177	184	188	192	201	205	/
1A_NB	7	a	158	167	170	179	186	190	195	198	202	208	211	214	226	230	234
1A_NB	7	d	159	168	172	180	188	192	196	200	203	209	212	216	228	231	/
1A_NB	8	a	163	172	176	184	192	196	200	203	207	214	218	222	234	237	241
1A_NB	8	d	164	174	177	186	194	197	201	205	209	216	220	224	235	238	/
1A_NB	9	a	187	198	201	212	218	222	227	231	235	242	246	250	260	264	268
1A_NB	9	d	188	199	203	213	220	224	228	232	236	244	248	251	262	265	/
1A_NB	10	a	204	215	219	229	234	237	241	246	249	256	259	263	273	277	282
1A_NB	10	d	205	217	221	230	235	238	243	247	251	257	261	264	275	279	/
1A_NB	11	a	227	236	240	249	255	258	263	268	273	280	284	288	298	303	307
1A_NB	11	d	228	237	241	251	256	260	265	270	274	282	286	290	300	305	/
1A_NB	12	a	241	251	256	267	273	278	282	287	290	297	301	305	314	317	322
1A_NB	12	d	242	253	258	269	275	279	284	288	291	299	302	307	315	319	/
1A_NB	13	a	259	268	273	282	289	294	298	303	308	314	317	321	328	331	335
1A_NB	13	d	260	270	275	284	291	296	300	305	310	315	318	322	329	332	/
1A_NB	14	a	271	281	286	296	301	306	311	316	321	328	331	335	343	346	350
1A_NB	14	d	272	283	287	297	303	308	313	318	323	329	333	336	344	347	/
1A_NB	15	a	288	297	302	313	320	324	328	332	336	343	347	352	361	365	370
1A_NB	15	d	289	299	304	315	322	325	329	333	338	344	349	353	363	367	/
1A_NB	16	a	317	325	328	339	345	349	353	357	361	367	371	375	386	390	393
1A_NB	16	d	318	326	330	340	347	351	355	358	363	368	372	377	388	391	/
2A_NB	1	a	26	29	34	38	41	46	51	54	65	70	78	81	84	88	94	96	101	105
2A_NB	1	d	27	30	35	39	42	48	52	56	67	72	80	83	86	90	95	98	103	/
2A_NB	2	a	50	53	59	63	66	72	77	81	90	94	101	104	106	110	115	117	122	126
2A_NB	2	d	51	54	61	64	67	74	79	83	91	96	102	105	107	111	116	119	123	/
2A_NB	3	a	71	74	79	83	87	92	97	100	109	113	119	122	126	130	136	138	142	146
2A_NB	3	d	72	75	81	85	88	94	98	102	110	115	121	124	128	132	137	139	143	/
2A_NB	4	a	83	86	91	95	99	106	111	115	126	130	136	138	141	145	150	153	158	161
2A_NB	4	d	84	87	93	97	101	108	112	117	127	132	137	139	143	146	151	155	159	/
2A_NB	5	a	110	113	119	122	127	134	138	141	150	154	161	164	167	171	177	180	184	187
2A_NB	5	d	111	115	120	124	129	136	139	143	151	156	162	165	169	172	179	181	185	/
2A_NB	6	a	121	125	132	136	141	147	151	155	165	170	176	178	181	184	191	193	197	201
2A_NB	6	d	122	127	134	138	143	149	153	156	167	172	177	179	182	185	192	194	199	/
2A_NB	7	a	128	132	139	143	148	155	159	163	173	178	183	187	191	194	202	205	209	212
2A_NB	7	d	129	134	141	145	150	157	161	164	175	179	185	189	192	195	204	206	210	/
2A_NB	8	a	154	158	164	169	172	178	183	187	197	201	206	209	211	215	221	223	227	230
2A_NB	8	d	155	160	166	170	173	180	184	189	198	202	208	210	212	217	222	225	228	/
2A_NB	9	a	181	184	189	193	197	203	207	210	218	223	230	232	236	241	246	248	251	255
2A_NB	9	d	182	185	191	194	199	204	208	211	220	225	231	234	238	243	247	249	253	/
2A_NB	10	a	199	203	209	212	216	223	227	232	240	245	251	255	258	263	268	271	276	279
2A_NB	10	d	200	204	210	214	217	224	229	233	242	247	253	257	259	264	270	273	277	/
2A_NB	11	a	216	219	225	229	233	240	244	248	259	262	268	271	274	279	285	287	292	296
2A_NB	11	d	217	221	227	231	235	241	246	250	260	264	270	272	276	280	286	289	293	/
2A_NB	12	a	232	236	243	246	250	257	260	264	274	277	281	283	286	290	298	300	304	308
2A_NB	12	d	233	238	244	247	252	258	262	265	275	278	282	285	287	292	299	301	305	/
2A_NB	13	a	257	260	268	272	276	281	285	289	298	301	307	310	313	317	323	326	329	333
2A_NB	13	d	258	262	270	274	277	283	286	291	299	303	309	311	315	318	324	327	330	/
2A_NB	14	a	271	275	283	288	293	300	304	307	315	319	326	328	332	337	345	347	351	356
2A_NB	14	d	272	277	285	290	295	302	305	308	317	321	327	330	334	339	346	348	353	/
2A_NB	15	a	301	305	312	315	319	325	329	334	343	347	353	355	358	362	368	372	376	381
2A_NB	15	d	302	307	313	316	320	327	331	336	345	349	354	357	359	364	370	373	378	/
2A_NB	16	a	315	319	325	328	332	338	343	348	358	361	366	370	373	376	382	385	389	394
2A_NB	16	d	316	320	326	329	333	340	345	350	359	362	368	371	374	377	384	387	391	/
2A_SB	1	a	13	18	21	25	31	34	37	40	44	51	56	63	67	72	77	81	86	90
2A_SB	1	d	14	19	23	27	32	35	38	42	46	53	58	65	69	73	78	83	87	/
2A_SB	2	a	23	28	32	36	42	46	49	54	58	66	71	75	78	83	88	92	96	100
2A_SB	2	d	24	30	34	38	44	47	51	56	60	68	72	76	80	84	90	93	98	/
2A_SB	3	a	46	49	53	56	61	64	68	73	77	82	86	92	96	100	105	109	113	116
2A_SB	3	d	47	51	54	57	62	66	69	75	78	83	88	94	98	101	107	110	114	/
2A_SB	4	a	52	55	59	62	68	72	76	80	83	88	92	98	102	105	111	114	118	121
2A_SB	4	d	53	57	60	64	70	74	77	81	84	89	94	100	103	107	112	115	119	/
2A_SB	5	a	63	66	68	72	78	81	84	88	91	97	103	110	113	117	122	125	128	131
2A_SB	5	d	64	67	70	74	79	82	85	89	93	99	105	111	115	118	123	126	129	/
2A_SB	6	a	74	77	81	84	90	93	96	100	103	108	111	117	120	125	131	135	138	141
2A_SB	6	d	75	79	82	85	92	94	98	101	104	109	112	118	122	126	133	136	139	/
2A_SB	7	a	88	91	94	97	103	105	109	112	116	121	125	130	133	137	142	145	148	152
2A_SB	7	d	89	92	95	98	104	107	110	113	117	122	126	131	134	138	143	146	150	/
2A_SB	8	a	93	96	100	104	111	114	118	121	124	130	134	138	141	145	150	155	160	164
2A_SB	8	d	94	98	102	106	113	116	119	122	125	131	135	139	142	146	152	157	162	/
2A_SB	9	a	110	113	115	118	124	126	129	133	136	140	145	149	152	156	162	166	170	173
2A_SB	9	d	111	114	116	120	125	127	131	134	137	142	146	150	153	157	163	167	171	/
2A_SB	10	a	122	125	128	131	136	138	141	145	148	152	155	161	164	168	173	177	181	185
2A_SB	10	d	123	127	129	132	137	139	142	146	149	153	157	162	166	169	175	178	183	/
2A_SB	11	a	133	136	138	142	147	149	153	157	161	167	170	176	179	184	189	192	196	200
2A_SB	11	d	134	137	139	143	148	150	154	158	163	168	172	177	181	185	190	193	198	/
2A_SB	12	a	138	141	144	149	156	158	162	166	170	177	180	187	191	195	202	206	210	213
2A_SB	12	d	139	143	146	151	157	159	163	167	172	178	182	188	192	197	204	207	211	/
2A_SB	13	a	147	150	153	157	164	166	170	173	177	184	188	194	198	202	208	211	215	219
2A_SB	13	d	148	151	155	159	165	168	171	174	179	186	189	196	199	203	209	212	217	/
2A_SB	14	a	154	158	162	166	172	175	179	183	186	192	196	203	207	211	217	220	224	227
2A_SB	14	d	155	160	164	167	174	177	181	184	187	194	198	205	208	213	218	221	225	/
2A_SB	15	a	164	168	171	174	180	183	187	190	194	201	205	211	214	218	223	228	232	236
2A_SB	15	d	165	169	172	175	181	184	188	192	195	203	206	212	215	219	225	230	234	/
2A_SB	16	a	178	182	185	188	194	196	200	203	208	215	219	226	231	235	241	245	249	252
2A_SB	16	d	179	183	186	189	195	197	201	205	209	216	221	228	233	237	242	247	250	/
3A_SB	1	a	4	9	13	18	21	24	28	32	35	39	44	46	51	55	60	66	70
3A_SB	1	d	5	10	14	19	22	25	29	33	37	41	45	47	52	56	62	67	/
3A_SB	2	a	26	30	34	40	44	47	53	56	61	65	69	72	77	81	84	90	94
3A_SB	2	d	27	31	36	42	45	49	54	58	63	67	71	73	78	82	86	92	/
3A_SB	3	a	38	42	47	53	57	60	65	69	73	78	82	84	89	93	96	101	104
3A_SB	3	d	39	44	49	55	58	62	67	71	75	79	83	85	90	94	97	102	/
3A_SB	4	a	65	70	73	78	82	87	92	95	99	103	107	109	112	116	120	124	128
3A_SB	4	d	66	71	74	79	84	89	93	97	101	105	108	110	113	117	121	126	/
3A_SB	5	a	74	80	85	92	97	101	104	108	111	116	120	123	127	131	134	139	144
3A_SB	5	d	75	82	87	94	98	102	106	109	113	118	121	124	128	132	135	141	/
3A_SB	6	a	99	106	111	116	119	122	125	129	132	136	140	142	146	149	152	158	161
3A_SB	6	d	100	108	112	117	120	123	126	130	133	138	141	143	147	150	153	159	/
3A_SB	7	a	109	115	120	126	129	133	136	141	145	149	153	156	160	163	166	171	174
3A_SB	7	d	110	117	121	127	131	134	137	143	147	150	154	157	161	164	167	172	/
3A_SB	8	a	118	124	127	133	137	140	145	151	156	160	164	167	171	176	181	187	192
3A_SB	8	d	119	125	128	135	138	142	147	153	158	161	166	168	173	178	182	189	/
3A_SB	9	a	130	137	140	147	151	155	159	163	167	171	174	176	180	183	187	193	197
3A_SB	9	d	131	138	142	149	152	156	160	164	168	172	175	177	181	184	188	194	/
3A_SB	10	a	144	150	154	162	165	169	173	177	180	184	187	190	195	199	205	210	213
3A_SB	10	d	145	151	156	163	166	170	174	178	181	185	188	191	196	201	206	211	/
3A_SB	11	a	156	161	166	172	176	180	183	186	189	194	198	200	205	209	213	219	222
3A_SB	11	d	157	163	168	174	177	181	184	187	191	196	199	201	206	210	214	220	/
3A_SB	12	a	164	170	174	179	184	188	191	194	197	201	204	206	211	214	218	225	230
3A_SB	12	d	165	171	175	181	185	189	192	195	198	202	205	207	212	215	220	227	/
3A_SB	13	a	169	175	179	185	190	194	197	201	204	208	211	214	219	223	227	233	237
3A_SB	13	d	170	176	180	187	191	195	198	202	205	209	212	215	221	225	229	234	/
3A_SB	14	a	182	187	191	197	202	206	209	214	218	222	225	228	234	237	241	247	252
3A_SB	14	d	183	188	192	199	203	207	211	216	219	223	227	230	235	239	243	249	/
3A_SB	15	a	198	204	209	216	220	223	227	231	235	238	242	245	249	253	257	262	265
3A_SB	15	d	199	206	211	218	221	224	229	232	236	239	243	246	250	255	259	263	/
3A_SB	16	a	222	227	230	237	241	245	250	254	258	262	265	269	273	278	282	287	291
3A_SB	16	d	223	228	232	239	242	247	252	255	259	263	267	270	275	280	284	288	/
3A_NB	1	a	25	28	31	36	41	45	49	52	57	61	66	70	73	76	79	83	87	90
3A_NB	1	d	26	29	33	38	42	47	51	54	58	63	68	72	74	77	81	84	88	/
3A_NB	2	a	51	55	58	61	64	69	73	77	82	87	91	93	96	100	103	106	110	115
3A_NB	2	d	52	56	59	62	66	71	75	79	83	88	92	94	97	101	104	107	112	/
3A_NB	3	a	57	61	64	69	72	76	80	84	88	93	97	99	102	107	110	114	118	122
3A_NB	3	d	58	62	66	70	73	77	82	85	89	94	98	100	104	108	112	115	119	/
3A_NB	4	a	63	67	70	74	77	83	88	91	96	102	106	110	112	116	119	124	128	132
3A_NB	4	d	64	68	71	75	79	85	90	93	97	103	108	111	114	117	121	126	129	/
3A_NB	5	a	89	93	96	101	106	109	114	116	121	127	131	135	137	142	147	151	154	157
3A_NB	5	d	90	94	98	103	107	111	115	118	122	128	133	136	139	144	148	152	155	/
3A_NB	6	a	94	98	102	107	112	116	121	124	129	135	139	142	144	149	152	156	159	162
3A_NB	6	d	95	100	104	109	114	118	123	126	130	136	140	143	146	150	153	157	160	/
3A_NB	7	a	113	117	120	125	128	131	135	137	142	148	153	155	157	161	165	168	172	177
3A_NB	7	d	114	118	121	126	129	132	136	139	143	150	154	156	159	163	166	169	174	/
3A_NB	8	a	122	126	130	135	138	142	146	149	153	158	162	164	166	169	172	176	180	184
3A_NB	8	d	123	128	131	136	139	144	148	150	154	159	163	165	167	170	174	177	182	/
3A_NB	9	a	138	142	147	151	155	159	163	166	170	176	180	183	186	190	194	197	201	205
3A_NB	9	d	139	144	148	153	156	161	165	167	172	177	181	184	187	191	195	198	202	/
3A_NB	10	a	151	154	158	163	166	170	174	177	182	186	190	193	196	199	203	206	210	213
3A_NB	10	d	152	155	160	164	167	172	176	179	183	187	191	194	197	200	204	207	211	/
3A_NB	11	a	164	167	171	175	180	183	186	188	192	196	202	206	209	213	217	220	223	226
3A_NB	11	d	165	168	172	177	181	184	187	189	193	198	204	207	211	215	218	221	224	/
3A_NB	12	a	178	181	186	191	196	201	205	208	212	218	222	224	226	229	232	236	239	242
3A_NB	12	d	179	183	188	193	198	203	207	210	213	219	223	225	227	230	234	237	240	/
3A_NB	13	a	202	205	209	213	218	222	226	229	233	239	243	247	250	253	257	261	265	269
3A_NB	13	d	203	207	210	215	219	224	227	230	235	241	245	249	251	255	258	263	266	/
3A_NB	14	a	208	211	215	220	224	228	232	235	240	246	250	254	256	259	263	267	271	276
3A_NB	14	d	209	212	217	221	225	230	233	237	241	248	252	255	257	261	264	269	273	/
3A_NB	15	a	221	225	230	233	236	240	243	246	250	256	260	263	265	268	273	278	281	286
3A_NB	15	d	222	227	231	234	237	241	244	247	251	258	261	264	266	270	275	279	283	/
3A_NB	16	a	247	250	255	258	261	265	269	272	276	281	285	287	290	294	297	301	305	310
3A_NB	16	d	248	252	256	259	262	267	271	273	277	283	286	289	292	295	298	303	307	/
