RouteID	RunID	Arrivals/Departures	TimePerStop
1A_SB	1	a	17	23	30	33	36	42	46	50	54	57	61	64	67	77	82	86
1A_SB	1	d	18	24	31	34	37	44	47	52	55	58	62	65	68	78	84	/
1A_SB	2	a	35	41	50	53	58	64	67	71	75	78	82	86	90	100	105	109
1A_SB	2	d	36	42	52	55	60	65	68	73	76	80	84	88	91	101	107	/
1A_SB	3	a	60	66	75	77	81	86	88	92	96	99	102	105	108	119	125	130
1A_SB	3	d	61	67	76	78	82	87	89	94	97	100	103	106	109	121	127	/
1A_SB	4	a	76	82	90	92	97	103	106	111	114	117	120	123	127	136	141	145
1A_SB	4	d	77	84	91	94	99	105	108	112	115	118	121	124	128	137	143	/
1A_SB	5	a	87	93	101	103	108	114	117	122	126	130	134	138	143	151	157	161
1A_SB	5	d	88	94	102	105	109	116	119	124	128	132	136	140	144	153	158	/
1A_SB	6	a	103	110	120	124	128	135	137	141	145	149	153	158	163	171	176	180
1A_SB	6	d	104	111	122	126	130	136	138	142	146	151	155	160	164	172	178	/
1A_SB	7	a	118	124	134	136	140	146	149	154	158	162	166	170	173	182	188	192
1A_SB	7	d	119	125	135	137	142	148	151	156	159	164	167	171	174	184	189	/
1A_SB	8	a	134	139	147	150	154	160	164	169	172	177	180	183	186	197	203	206
1A_SB	8	d	135	141	149	152	156	162	165	170	174	178	181	184	187	199	204	/
1A_SB	9	a	163	169	177	179	182	187	189	193	197	200	203	207	212	221	227	231
1A_SB	9	d	164	171	178	180	183	188	190	195	198	201	205	209	214	222	228	/
1A_SB	10	a	181	186	194	197	200	206	209	214	219	223	227	232	236	245	251	256
1A_SB	10	d	182	187	196	198	201	207	210	216	220	225	229	234	237	247	253	/
1A_SB	11	a	196	203	212	215	218	225	228	233	236	239	242	247	251	261	266	271
1A_SB	11	d	197	204	213	216	219	226	229	234	237	240	244	248	253	262	268	/
1A_SB	12	a	201	208	217	220	224	230	233	239	244	248	252	256	260	271	276	280
1A_SB	12	d	202	209	218	222	225	231	235	241	246	250	253	258	262	273	277	/
1A_SB	13	a	221	227	238	241	245	250	253	258	263	266	271	274	277	287	293	297
1A_SB	13	d	222	229	240	242	246	251	254	260	264	268	272	275	279	289	294	/
1A_SB	14	a	238	244	253	255	259	265	269	275	279	282	285	289	293	301	307	312
1A_SB	14	d	239	246	254	257	261	267	271	276	280	283	286	291	294	303	309	/
1A_SB	15	a	251	257	267	270	274	281	284	290	294	298	303	307	312	321	327	331
1A_SB	15	d	252	259	269	272	276	283	286	292	296	300	305	309	313	323	329	/
1A_SB	16	a	271	277	287	291	294	300	303	308	312	316	321	324	327	337	344	348
1A_SB	16	d	272	279	289	292	296	302	305	309	314	318	322	325	329	339	346	/
1A_SB	17	a	283	289	297	300	304	310	312	316	320	323	328	331	336	344	351	355
1A_SB	17	d	284	291	298	301	305	311	313	317	321	325	329	333	337	346	353	/
1A_SB	18	a	291	297	305	307	312	318	321	325	330	335	339	344	349	359	364	368
1A_SB	18	d	292	299	306	309	313	320	322	327	332	337	341	346	350	360	366	/
1A_SB	19	a	302	309	317	319	323	328	330	336	340	344	349	354	358	370	376	379
1A_SB	19	d	303	311	318	321	324	329	332	338	341	346	351	355	360	372	377	/
1A_SB	20	a	320	325	333	336	340	346	349	353	357	360	363	367	372	384	391	396
1A_SB	20	d	321	327	334	338	341	347	350	355	358	361	364	369	374	386	393	/
1A_SB	21	a	330	336	346	349	353	359	362	367	372	376	380	383	388	396	403	408
1A_SB	21	d	331	338	348	351	355	361	363	369	374	378	381	385	389	398	405	/
1A_SB	22	a	356	363	373	376	380	386	390	395	400	404	408	413	418	426	431	435
1A_SB	22	d	357	365	375	378	382	388	391	396	401	405	410	415	419	427	432	/
1A_SB	23	a	379	385	394	396	400	406	410	416	420	424	430	434	438	447	453	457
1A_SB	23	d	380	387	395	398	402	408	412	417	422	426	431	436	439	449	454	/
1A_SB	24	a	392	398	406	410	413	419	423	428	432	436	440	445	449	458	463	467
1A_SB	24	d	393	399	408	411	414	421	424	430	434	437	442	447	451	459	464	/
1A_SB	25	a	414	419	428	430	433	439	442	447	451	454	458	463	467	478	484	489
1A_SB	25	d	415	420	429	431	435	440	444	449	452	456	460	464	469	480	486	/
1A_SB	26	a	438	444	453	456	459	465	467	471	475	479	482	485	488	501	505	509
1A_SB	26	d	439	446	455	457	461	466	468	472	476	480	483	486	490	502	507	/
1A_SB	27	a	458	463	474	476	480	487	489	494	498	502	507	512	515	523	530	535
1A_SB	27	d	459	465	475	478	482	488	491	496	500	504	509	513	516	525	532	/
1A_SB	28	a	464	469	479	483	487	493	495	500	504	508	513	518	522	531	538	542
1A_SB	28	d	465	470	481	484	488	494	497	502	506	510	515	520	524	533	539	/
1A_SB	29	a	474	479	490	493	498	503	506	510	514	518	522	526	529	539	545	548
1A_SB	29	d	475	481	491	495	499	505	507	511	516	519	523	527	530	540	546	/
1A_SB	30	a	503	509	518	520	523	529	532	537	541	544	548	551	555	564	571	575
1A_SB	30	d	504	510	519	521	524	530	533	538	542	545	549	552	556	566	573	/
1A_SB	31	a	511	516	526	529	533	539	541	546	550	553	557	561	564	573	580	583
1A_SB	31	d	512	518	527	531	534	540	542	547	551	554	558	562	565	575	581	/
1A_SB	32	a	541	546	554	557	560	564	567	572	577	581	586	589	593	603	609	613
1A_SB	32	d	542	548	556	558	561	566	568	574	579	583	587	590	595	604	611	/
1A_NB	1	a	29	33	38	46	53	58	61	65	69	76	80	84	88	91	98	103
1A_NB	1	d	30	34	40	48	55	59	62	66	71	78	81	86	89	93	99	/
1A_NB	2	a	43	47	53	60	67	71	76	80	85	91	95	100	104	109	115	121
1A_NB	2	d	44	49	55	62	69	73	78	82	86	93	96	102	106	110	117	/
1A_NB	3	a	57	62	68	74	80	85	90	94	97	102	105	110	114	119	127	134
1A_NB	3	d	58	63	69	76	82	87	91	95	98	103	107	112	116	120	128	/
1A_NB	4	a	66	70	77	86	92	97	101	106	109	114	118	123	126	131	139	147
1A_NB	4	d	67	72	79	88	94	98	103	107	110	116	120	125	128	132	141	/
1A_NB	5	a	94	99	105	113	118	122	126	129	132	138	142	147	150	155	164	169
1A_NB	5	d	95	101	107	114	119	123	127	130	133	140	144	149	152	156	165	/
1A_NB	6	a	117	122	127	135	139	144	147	151	154	160	164	168	170	175	184	191
1A_NB	6	d	118	123	129	136	141	145	148	152	155	161	165	169	172	177	186	/
1A_NB	7	a	126	131	137	144	148	152	156	159	162	169	173	177	179	183	192	199
1A_NB	7	d	127	133	139	145	150	153	157	160	164	171	174	178	180	185	194	/
1A_NB	8	a	144	149	154	161	166	170	174	178	183	189	193	198	201	205	212	218
1A_NB	8	d	145	150	155	162	167	171	175	180	185	191	195	200	203	206	214	/
1A_NB	9	a	150	154	160	167	172	176	181	186	191	196	200	205	207	210	218	224
1A_NB	9	d	151	156	161	168	173	178	183	188	192	197	202	206	208	212	220	/
1A_NB	10	a	166	170	177	185	191	195	200	205	209	214	217	222	225	229	236	241
1A_NB	10	d	167	172	179	186	192	197	202	206	210	215	219	223	227	231	237	/
1A_NB	11	a	185	189	194	201	206	209	213	218	222	227	230	236	238	242	251	256
1A_NB	11	d	186	190	195	202	207	210	215	220	223	228	232	237	240	244	252	/
1A_NB	12	a	210	214	220	225	231	235	240	244	249	255	258	263	266	270	278	284
1A_NB	12	d	211	216	221	226	233	237	242	246	251	256	260	265	267	272	279	/
1A_NB	13	a	217	221	227	234	240	245	250	254	258	264	267	272	276	279	287	294
1A_NB	13	d	218	223	228	235	242	247	252	256	260	265	269	274	277	281	289	/
1A_NB	14	a	244	248	254	260	266	271	276	280	283	288	291	296	299	304	312	317
1A_NB	14	d	245	249	255	261	268	273	277	281	284	289	292	297	301	306	313	/
1A_NB	15	a	257	261	268	277	283	287	292	296	301	307	312	317	321	325	334	340
1A_NB	15	d	258	263	270	279	284	289	294	298	303	309	313	319	323	326	335	/
1A_NB	16	a	278	282	289	296	301	305	309	313	316	322	326	331	333	336	344	349
1A_NB	16	d	279	283	290	297	302	306	311	314	318	324	328	332	334	337	345	/
1A_NB	17	a	291	295	302	311	316	320	325	330	334	339	342	347	350	353	360	367
1A_NB	17	d	292	297	304	312	318	322	327	332	336	340	343	348	351	354	362	/
1A_NB	18	a	315	319	324	331	336	340	345	348	353	359	362	366	370	374	380	388
1A_NB	18	d	316	320	325	332	337	342	346	350	354	360	363	368	371	375	382	/
1A_NB	19	a	326	330	336	345	351	356	360	363	367	373	376	381	384	389	397	403
1A_NB	19	d	327	332	338	346	353	357	361	364	369	374	378	382	386	390	399	/
1A_NB	20	a	353	357	364	372	377	381	386	389	394	400	403	408	410	415	422	429
1A_NB	20	d	354	359	366	373	378	383	387	391	396	401	405	409	412	416	424	/
1A_NB	21	a	380	384	389	400	406	411	415	418	421	425	429	433	436	440	449	455
1A_NB	21	d	381	385	391	402	408	412	416	419	422	427	431	434	437	442	450	/
1A_NB	22	a	393	397	403	413	418	423	427	431	436	441	445	449	453	458	467	472
1A_NB	22	d	394	398	404	414	420	424	428	433	437	442	446	451	455	460	468	/
1A_NB	23	a	399	403	409	417	423	428	433	438	443	448	452	457	460	464	471	477
1A_NB	23	d	400	404	411	419	425	430	435	440	444	449	453	458	461	465	473	/
1A_NB	24	a	421	425	432	440	447	452	457	461	464	469	473	477	481	486	492	498
1A_NB	24	d	422	427	434	442	449	454	458	462	465	470	474	479	483	487	494	/
1A_NB	25	a	436	441	447	455	461	464	468	472	476	482	486	491	495	500	508	514
1A_NB	25	d	437	443	448	456	462	465	470	474	478	483	487	493	497	502	510	/
1A_NB	26	a	448	453	458	465	472	477	481	484	488	495	499	504	507	511	520	525
1A_NB	26	d	449	454	459	467	474	478	482	485	490	497	500	505	508	513	521	/
1A_NB	27	a	464	468	474	482	488	491	496	501	506	512	516	521	524	528	537	543
1A_NB	27	d	465	469	475	483	489	493	498	503	508	514	517	522	525	530	539	/
1A_NB	28	a	474	478	484	491	497	501	505	510	514	520	524	530	534	539	546	551
1A_NB	28	d	475	480	486	492	498	502	507	511	516	522	526	532	536	540	547	/
1A_NB	29	a	494	499	507	515	521	526	530	534	538	543	547	551	554	558	567	573
1A_NB	29	d	495	501	509	517	523	527	531	535	540	544	548	553	555	560	568	/
1A_NB	30	a	510	515	522	531	537	541	546	550	553	557	560	564	568	573	579	586
1A_NB	30	d	511	516	524	532	538	543	548	551	554	558	561	566	570	574	581	/
1A_NB	31	a	516	521	529	536	543	546	551	555	560	565	569	574	578	583	592	598
1A_NB	31	d	517	523	530	538	544	548	553	557	561	567	570	576	580	585	594	/
1A_NB	32	a	532	536	541	549	557	562	566	570	574	579	584	590	592	597	606	611
1A_NB	32	d	533	537	542	551	559	563	567	571	575	581	586	591	594	599	607	/
2A_NB	1	a	12	16	24	28	32	35	42	45	49	55	58	63	66	69	72	78	81	85	90	94	102	107
2A_NB	1	d	13	18	26	30	33	37	43	47	50	56	59	64	68	70	73	79	83	87	91	95	104	/
2A_NB	2	a	29	32	38	42	45	49	56	59	62	69	73	80	83	86	90	97	101	104	109	113	120	124
2A_NB	2	d	30	34	40	43	46	51	57	60	64	71	75	81	85	87	92	99	102	106	111	114	122	/
2A_NB	3	a	51	54	59	63	65	70	75	80	84	92	97	103	106	110	114	120	124	128	133	137	145	149
2A_NB	3	d	52	55	61	64	67	71	77	82	86	94	98	104	108	111	115	122	125	130	134	139	147	/
2A_NB	4	a	76	79	85	87	90	93	99	103	107	115	119	124	127	130	135	141	146	151	154	158	165	170
2A_NB	4	d	77	80	86	88	91	94	100	105	108	117	120	125	129	132	136	143	148	152	156	160	167	/
2A_NB	5	a	84	87	93	96	100	103	109	114	118	126	130	136	139	142	146	153	158	163	167	170	177	182
2A_NB	5	d	85	88	94	98	101	105	111	116	120	127	132	137	141	143	148	155	160	165	168	171	179	/
2A_NB	6	a	112	115	121	123	127	130	136	141	145	152	156	162	165	168	172	178	183	188	192	196	205	209
2A_NB	6	d	113	117	122	125	128	132	138	143	146	154	157	164	167	170	174	180	185	189	194	198	207	/
2A_NB	7	a	124	127	132	134	136	139	147	151	156	166	170	176	179	181	185	191	195	199	203	208	216	220
2A_NB	7	d	125	128	133	135	137	141	148	153	158	167	171	177	180	182	186	192	197	200	205	209	217	/
2A_NB	8	a	144	147	154	157	160	165	171	175	179	188	192	198	202	205	210	217	221	225	230	234	240	243
2A_NB	8	d	145	149	156	159	162	166	173	176	181	189	194	200	204	207	212	218	223	227	232	235	241	/
2A_NB	9	a	171	175	181	185	187	190	197	201	205	213	217	222	226	230	233	238	242	247	250	254	262	266
2A_NB	9	d	172	176	183	186	188	191	198	202	207	215	218	224	228	231	234	239	244	248	252	255	264	/
2A_NB	10	a	188	191	197	201	203	206	212	217	222	232	235	242	244	248	253	259	263	267	272	276	285	289
2A_NB	10	d	189	192	199	202	204	207	214	219	224	233	237	243	246	250	254	260	265	269	274	278	286	/
2A_NB	11	a	210	214	220	223	226	230	238	243	246	253	257	263	267	269	274	281	286	289	293	297	304	308
2A_NB	11	d	211	216	221	224	228	232	240	244	247	254	258	265	268	271	276	282	287	291	294	299	305	/
2A_NB	12	a	233	237	242	245	248	251	257	260	263	272	276	284	286	288	292	299	303	306	310	314	323	328
2A_NB	12	d	234	238	244	247	249	252	258	261	264	274	278	285	287	290	293	301	304	308	312	316	325	/
2A_NB	13	a	256	260	265	269	272	276	281	285	289	296	300	307	310	313	317	323	328	332	335	338	347	351
2A_NB	13	d	257	261	267	271	274	277	283	287	291	297	302	308	312	314	319	325	329	333	336	340	348	/
2A_NB	14	a	278	281	287	290	292	296	302	306	309	317	320	328	332	335	339	344	349	352	356	360	369	373
2A_NB	14	d	279	282	288	291	294	297	304	307	311	318	322	330	334	337	340	346	350	354	357	362	370	/
2A_NB	15	a	299	303	308	311	314	317	324	328	332	339	342	348	350	353	357	362	367	370	374	378	386	390
2A_NB	15	d	300	304	309	312	315	318	325	329	334	340	344	349	352	355	358	364	368	372	376	379	388	/
2A_NB	16	a	313	317	323	327	329	333	339	343	346	353	357	363	366	368	372	378	381	385	389	392	400	405
2A_NB	16	d	314	318	325	328	330	335	341	344	347	355	359	364	367	369	373	379	383	386	390	393	402	/
2A_NB	17	a	324	328	334	337	341	345	352	357	362	368	373	378	381	383	387	394	397	402	407	412	418	423
2A_NB	17	d	325	330	336	339	342	347	354	359	363	370	374	380	382	384	389	395	399	404	409	413	420	/
2A_NB	18	a	349	352	358	362	365	369	375	380	383	390	395	400	404	407	411	416	420	425	428	433	442	446
2A_NB	18	d	350	353	360	364	367	370	377	381	385	392	396	402	405	409	412	417	422	426	430	435	443	/
2A_NB	19	a	374	377	384	386	390	394	400	403	408	417	422	427	429	432	435	441	446	450	454	457	464	468
2A_NB	19	d	375	378	385	388	392	395	401	405	409	419	423	428	430	433	437	443	447	452	455	458	466	/
2A_NB	20	a	400	404	411	414	418	423	430	433	436	444	447	453	457	459	463	469	473	476	479	483	490	493
2A_NB	20	d	401	406	412	416	420	425	431	434	438	445	449	455	458	460	464	470	474	477	480	484	491	/
2A_NB	21	a	423	426	432	434	437	441	447	451	455	462	465	471	475	479	482	489	493	497	500	505	512	516
2A_NB	21	d	424	428	433	436	438	442	449	452	457	463	467	473	477	480	484	490	494	498	502	507	513	/
2A_NB	22	a	433	436	442	445	447	451	457	461	466	474	478	484	487	490	493	500	503	508	512	517	525	529
2A_NB	22	d	434	437	444	446	448	452	458	463	468	476	480	485	488	491	495	501	505	510	514	519	526	/
2A_NB	23	a	454	458	464	468	470	473	480	483	487	494	498	505	509	512	517	523	528	533	538	542	551	556
2A_NB	23	d	455	459	466	469	471	475	481	485	488	495	500	507	511	514	519	525	530	535	540	544	553	/
2A_NB	24	a	482	485	491	494	496	500	505	510	514	521	525	532	535	539	543	549	553	556	561	565	573	576
2A_NB	24	d	483	487	492	495	498	501	507	512	515	522	527	534	537	540	544	550	554	558	563	567	574	/
2A_NB	25	a	491	494	499	502	504	507	513	517	520	528	532	538	542	544	549	556	560	564	568	572	579	583
2A_NB	25	d	492	495	500	503	505	509	515	518	522	530	533	540	543	546	551	558	562	565	570	573	581	/
2A_NB	26	a	509	512	517	521	524	528	535	538	542	552	556	562	565	567	572	579	582	586	589	593	602	605
2A_NB	26	d	510	513	519	523	525	529	536	539	544	554	557	563	566	569	574	580	584	587	590	595	603	/
2A_NB	27	a	529	532	538	541	544	547	554	558	562	569	573	581	584	587	591	598	603	606	609	612	619	623
2A_NB	27	d	530	534	539	542	545	549	555	560	563	570	575	583	586	588	593	600	604	607	610	613	621	/
2A_NB	28	a	546	550	556	559	563	568	575	578	582	590	594	601	604	606	609	616	621	626	629	633	643	647
2A_NB	28	d	547	551	557	561	565	570	576	579	584	591	595	603	605	607	611	618	623	627	631	635	644	/
2A_NB	29	a	553	557	564	568	571	574	580	584	588	596	600	608	611	614	619	625	630	635	639	642	652	657
2A_NB	29	d	554	559	566	569	572	575	582	586	590	597	601	610	613	616	621	627	632	637	640	644	654	/
2A_NB	30	a	577	580	586	589	592	596	603	607	610	617	620	627	631	634	639	645	648	653	658	663	672	677
2A_NB	30	d	578	582	587	590	594	598	605	608	611	618	621	629	633	636	641	646	650	655	660	665	674	/
2A_NB	31	a	602	606	611	613	616	619	626	631	636	645	649	656	659	663	667	672	675	678	683	686	694	698
2A_NB	31	d	603	607	612	614	617	621	628	633	638	647	650	658	661	664	668	673	676	680	684	688	696	/
2A_NB	32	a	622	626	631	633	635	638	644	649	652	661	665	671	673	676	681	686	691	694	698	701	709	712
2A_NB	32	d	623	627	632	634	636	639	646	650	653	663	666	672	674	678	682	688	692	696	699	703	710	/
2A_SB	1	a	27	30	39	43	47	51	56	61	63	66	69	72	77	81	87	91	95	100	103	106	109	112	122	127
2A_SB	1	d	28	32	41	45	49	53	57	62	64	67	70	73	78	82	88	92	96	101	104	107	110	113	123	/
2A_SB	2	a	49	52	58	62	67	70	73	79	82	85	88	91	96	100	106	109	113	119	122	126	130	134	145	151
2A_SB	2	d	50	53	59	64	69	71	75	80	83	86	89	92	97	101	107	110	114	120	124	127	132	135	146	/
2A_SB	3	a	61	64	73	77	81	83	86	91	94	98	103	107	113	117	123	127	132	139	142	146	149	153	166	171
2A_SB	3	d	62	66	74	78	82	84	87	93	96	100	105	108	114	119	125	129	133	140	143	147	150	154	167	/
2A_SB	4	a	78	81	92	95	99	101	105	113	116	121	124	127	132	136	141	144	147	153	156	159	163	168	180	185
2A_SB	4	d	79	83	93	96	100	102	107	114	118	122	125	128	133	137	142	145	148	154	157	160	165	169	181	/
2A_SB	5	a	92	95	103	106	110	112	115	123	127	131	134	138	145	148	153	157	161	167	170	173	176	181	194	201
2A_SB	5	d	93	96	104	107	111	113	117	125	128	132	135	140	146	149	155	158	163	168	171	174	178	183	196	/
2A_SB	6	a	100	103	111	116	120	123	127	134	137	140	144	148	154	157	164	167	171	177	181	184	188	192	205	211
2A_SB	6	d	101	104	113	117	121	125	129	135	138	141	145	149	155	159	165	168	172	179	182	186	190	194	206	/
2A_SB	7	a	113	115	121	126	130	134	137	142	145	149	152	155	162	165	171	174	178	184	187	191	195	198	211	216
2A_SB	7	d	114	116	123	128	132	135	138	143	147	150	153	157	163	167	172	175	179	185	189	193	196	199	212	/
2A_SB	8	a	124	126	134	137	142	145	149	155	158	161	164	167	173	177	183	187	191	197	200	203	207	211	225	231
2A_SB	8	d	125	128	135	139	144	147	150	156	159	162	165	168	174	179	185	188	192	198	201	204	209	213	227	/
2A_SB	9	a	140	142	149	153	158	160	163	169	171	174	177	180	186	191	198	201	206	213	215	218	222	225	238	243
2A_SB	9	d	141	143	151	155	159	161	164	170	172	175	178	182	188	193	199	203	207	214	216	219	223	227	239	/
2A_SB	10	a	152	154	161	165	168	170	173	180	183	186	190	193	198	201	207	211	215	221	223	226	229	233	245	251
2A_SB	10	d	153	156	163	166	169	171	174	181	184	187	191	194	199	202	209	213	216	222	224	227	230	234	247	/
2A_SB	11	a	165	168	176	179	184	187	192	200	203	206	209	212	217	221	228	232	236	242	245	249	253	256	269	276
2A_SB	11	d	166	170	177	181	186	189	194	201	204	207	210	213	218	222	230	233	237	244	247	250	254	258	271	/
2A_SB	12	a	186	188	197	201	206	208	212	219	221	226	230	233	239	242	248	252	256	262	265	268	272	275	287	294
2A_SB	12	d	187	190	199	203	207	210	214	220	223	228	231	235	240	243	249	253	257	263	266	269	273	276	289	/
2A_SB	13	a	200	202	209	213	217	219	222	228	231	235	238	241	247	250	257	261	265	271	273	276	280	284	298	304
2A_SB	13	d	201	203	210	214	218	220	223	229	232	236	239	243	248	252	258	262	266	272	274	277	282	286	299	/
2A_SB	14	a	212	214	222	226	229	232	236	242	245	249	253	257	264	269	276	280	283	290	293	297	301	305	316	322
2A_SB	14	d	213	215	223	227	230	233	237	243	246	250	254	259	266	271	278	281	285	291	294	299	302	306	318	/
2A_SB	15	a	233	236	243	247	251	253	256	262	265	268	272	275	280	284	290	293	298	304	307	311	315	320	335	340
2A_SB	15	d	234	238	245	249	252	254	257	263	266	269	273	276	281	285	291	295	299	305	308	313	317	322	336	/
2A_SB	16	a	249	251	260	265	269	272	277	282	285	289	292	295	300	304	309	313	317	323	326	329	333	337	351	356
2A_SB	16	d	250	253	262	267	271	274	278	283	287	290	293	296	301	305	310	314	318	324	327	330	334	338	352	/
2A_SB	17	a	269	272	281	286	289	291	294	300	303	307	310	313	319	324	331	335	339	344	347	351	354	358	372	379
2A_SB	17	d	270	274	283	287	290	292	295	301	304	308	311	315	321	326	333	336	340	345	349	352	356	359	374	/
2A_SB	18	a	284	287	294	298	302	304	308	314	316	319	323	326	331	336	342	345	350	356	359	363	366	370	384	390
2A_SB	18	d	285	288	296	300	303	305	309	315	317	320	324	327	333	338	343	347	351	357	361	364	368	372	386	/
2A_SB	19	a	302	305	312	316	321	323	328	333	335	340	344	348	355	359	364	368	372	379	382	386	390	393	406	413
2A_SB	19	d	303	306	313	318	322	325	329	334	337	341	346	350	357	360	366	369	374	380	384	388	391	395	408	/
2A_SB	20	a	319	321	328	332	336	338	343	348	352	355	359	363	368	371	377	380	384	390	392	396	401	405	417	423
2A_SB	20	d	320	323	330	333	337	340	344	350	353	356	360	364	369	373	378	381	386	391	394	398	403	406	418	/
2A_SB	21	a	345	348	354	358	361	364	367	372	375	379	382	386	393	396	401	405	408	414	418	423	428	432	443	449
2A_SB	21	d	346	349	356	359	363	365	368	373	377	380	384	388	394	397	403	406	409	416	420	425	429	433	444	/
2A_SB	22	a	363	365	372	375	380	383	387	393	396	399	404	407	414	418	423	428	431	438	441	445	449	453	466	473
2A_SB	22	d	364	367	373	377	382	385	388	394	397	401	405	409	415	419	425	429	432	439	443	446	451	455	468	/
2A_SB	23	a	383	385	392	396	400	403	408	416	418	423	428	432	438	442	447	452	457	463	467	470	475	480	492	498
2A_SB	23	d	384	387	393	398	402	405	410	417	420	425	430	434	439	443	449	454	458	465	468	472	477	481	494	/
2A_SB	24	a	409	411	419	424	428	431	434	441	444	448	452	456	463	466	472	475	480	487	490	494	497	502	515	520
2A_SB	24	d	410	413	421	426	430	432	436	443	445	450	453	458	464	467	473	477	482	488	491	495	499	504	516	/
2A_SB	25	a	429	431	438	441	444	446	450	457	459	463	467	472	479	483	489	494	499	506	510	514	518	521	535	540
2A_SB	25	d	430	433	439	442	445	448	452	458	460	465	469	474	480	485	491	496	501	508	512	516	519	522	536	/
2A_SB	26	a	446	449	457	460	465	467	471	479	482	485	489	492	500	504	511	514	518	525	528	532	537	542	555	561
2A_SB	26	d	447	450	458	462	466	468	473	480	483	487	490	494	502	506	512	515	520	527	529	534	539	544	557	/
2A_SB	27	a	462	464	470	475	479	481	485	493	496	501	505	510	515	519	525	529	534	540	543	547	551	555	567	573
2A_SB	27	d	463	465	472	476	480	483	487	494	498	502	507	511	517	521	527	531	535	541	545	548	553	556	569	/
2A_SB	28	a	472	474	480	484	489	491	495	503	506	510	514	518	524	529	537	540	544	550	553	556	560	564	576	583
2A_SB	28	d	473	475	482	486	490	493	497	504	507	512	515	520	526	531	538	541	545	551	554	558	562	565	578	/
2A_SB	29	a	492	494	500	505	509	511	516	523	526	529	534	537	543	547	554	558	562	568	570	574	579	583	597	602
2A_SB	29	d	493	495	502	507	510	513	518	524	527	531	535	539	544	549	555	560	563	569	571	576	580	585	598	/
2A_SB	30	a	521	524	530	534	538	541	545	552	556	559	562	566	571	575	581	585	589	596	598	603	606	610	619	625
2A_SB	30	d	522	525	531	536	540	543	547	554	557	560	563	567	572	576	583	586	590	597	600	604	607	611	621	/
2A_SB	31	a	527	529	536	540	544	547	551	557	560	564	567	572	578	582	589	594	599	606	609	613	618	621	632	638
2A_SB	31	d	528	531	537	541	546	549	552	559	562	565	569	573	579	584	591	596	601	607	610	615	619	623	634	/
2A_SB	32	a	545	547	554	559	562	564	569	576	579	583	586	590	596	599	606	609	613	619	622	627	631	635	647	653
2A_SB	32	d	546	548	556	560	563	566	571	578	581	584	588	591	597	601	607	611	615	620	624	628	632	636	649	/
3A_SB	1	a	11	17	24	28	32	36	38	41	46	51	53	56	61	65	68	73	76	79
3A_SB	1	d	12	19	26	29	33	37	39	43	48	52	54	58	63	66	70	74	77	/
3A_SB	2	a	37	43	48	51	56	61	65	69	73	77	79	81	85	89	93	96	100	104
3A_SB	2	d	38	44	49	53	58	63	67	71	74	78	80	82	86	90	94	97	101	/
3A_SB	3	a	59	64	71	75	78	82	85	88	91	95	98	101	105	108	111	114	118	121
3A_SB	3	d	60	66	73	76	79	83	86	89	93	96	99	102	106	109	112	115	119	/
3A_SB	4	a	64	69	76	80	84	88	91	94	98	101	104	107	110	113	117	121	126	129
3A_SB	4	d	65	71	78	82	85	89	92	96	99	102	105	108	111	115	119	123	127	/
3A_SB	5	a	81	87	92	96	100	104	107	109	112	115	117	120	124	127	131	134	139	143
3A_SB	5	d	82	88	94	97	101	105	108	110	113	116	118	121	125	128	132	136	140	/
3A_SB	6	a	90	97	104	108	113	117	121	124	127	131	133	135	138	141	144	148	152	156
3A_SB	6	d	91	99	106	110	114	119	122	125	129	132	134	136	139	142	146	149	154	/
3A_SB	7	a	99	106	112	115	119	124	127	131	134	137	140	142	146	150	154	159	162	166
3A_SB	7	d	100	107	113	116	121	126	129	132	135	138	141	144	148	152	156	160	164	/
3A_SB	8	a	105	112	118	121	126	130	133	136	141	145	149	152	156	160	164	167	170	174
3A_SB	8	d	106	113	119	123	127	132	134	138	143	147	150	153	158	162	165	168	172	/
3A_SB	9	a	121	126	133	136	140	144	148	152	156	160	162	166	170	174	178	182	185	189
3A_SB	9	d	122	127	134	137	141	146	150	153	157	161	164	167	172	176	180	183	187	/
3A_SB	10	a	129	134	141	145	149	154	158	162	167	172	174	177	181	184	187	190	193	196
3A_SB	10	d	130	136	143	146	151	156	160	164	169	173	175	178	182	185	188	191	194	/
3A_SB	11	a	146	150	157	161	164	169	173	177	181	185	188	190	194	197	201	204	207	211
3A_SB	11	d	147	152	159	162	166	171	175	178	182	186	189	191	195	198	202	205	209	/
3A_SB	12	a	158	163	171	174	178	183	185	189	193	198	200	202	206	209	212	216	220	223
3A_SB	12	d	159	165	172	176	180	184	187	191	195	199	201	203	207	210	213	217	221	/
3A_SB	13	a	172	177	184	187	190	195	199	203	206	211	213	215	219	223	226	229	234	237
3A_SB	13	d	173	178	185	188	192	197	201	204	208	212	214	216	220	224	227	231	235	/
3A_SB	14	a	180	185	193	197	200	203	206	209	212	217	219	221	225	229	232	235	239	242
3A_SB	14	d	181	187	195	198	201	204	207	210	214	218	220	222	226	230	233	236	240	/
3A_SB	15	a	186	191	198	202	205	209	211	214	217	222	224	227	230	234	238	242	246	250
3A_SB	15	d	187	192	200	203	207	210	212	215	219	223	225	228	231	236	240	244	248	/
3A_SB	16	a	203	208	215	218	222	225	227	230	234	237	239	241	245	249	252	256	260	264
3A_SB	16	d	204	210	216	220	223	226	229	231	235	238	240	242	246	250	254	258	262	/
3A_SB	17	a	209	214	221	224	228	233	235	238	242	245	247	249	253	257	261	265	268	271
3A_SB	17	d	210	216	222	226	230	234	237	239	243	246	248	250	254	258	263	266	269	/
3A_SB	18	a	222	227	234	238	241	246	249	253	256	260	262	265	270	273	277	281	284	287
3A_SB	18	d	223	228	235	239	243	248	251	254	258	261	263	267	271	274	279	282	285	/
3A_SB	19	a	245	251	258	263	267	271	273	276	279	282	284	286	291	295	300	305	309	313
3A_SB	19	d	246	252	260	264	268	272	274	277	280	283	285	288	292	297	302	307	311	/
3A_SB	20	a	262	269	275	279	283	287	289	292	295	300	302	304	308	312	317	320	323	326
3A_SB	20	d	263	270	277	281	284	288	290	293	297	301	303	305	309	313	318	321	324	/
3A_SB	21	a	278	284	291	295	299	304	306	309	313	317	320	323	327	330	334	337	341	345
3A_SB	21	d	279	286	292	297	301	305	308	311	315	318	321	324	328	331	335	339	343	/
3A_SB	22	a	294	300	307	311	314	318	321	324	327	330	332	335	339	342	346	349	354	358
3A_SB	22	d	295	302	309	312	316	320	322	325	328	331	333	336	340	343	347	351	356	/
3A_SB	23	a	304	309	316	321	324	327	330	333	336	340	342	346	350	353	356	359	363	366
3A_SB	23	d	305	311	318	322	325	329	331	334	338	341	344	348	351	354	357	361	364	/
3A_SB	24	a	322	328	334	338	342	346	350	354	358	362	365	368	371	376	380	385	389	392
3A_SB	24	d	323	329	335	339	344	348	352	356	359	364	367	369	373	378	382	387	390	/
3A_SB	25	a	332	338	345	349	352	357	361	364	367	371	374	378	382	385	388	392	396	399
3A_SB	25	d	333	340	347	350	354	359	362	365	368	373	376	380	383	386	389	394	397	/
3A_SB	26	a	352	357	363	367	370	374	377	381	385	388	391	395	400	403	408	413	417	422
3A_SB	26	d	353	358	365	368	371	375	379	383	386	390	393	397	401	405	410	414	419	/
3A_SB	27	a	363	369	375	379	384	388	392	396	401	405	407	409	414	417	422	426	430	434
3A_SB	27	d	364	370	376	381	385	390	394	398	402	406	408	411	415	419	423	428	431	/
3A_SB	28	a	374	379	387	392	396	400	404	408	412	417	419	422	427	430	434	437	442	446
3A_SB	28	d	375	381	389	393	397	402	406	410	414	418	421	424	428	431	435	439	444	/
3A_SB	29	a	387	392	397	402	406	410	413	417	420	424	426	429	433	438	442	445	449	453
3A_SB	29	d	388	393	399	403	408	411	415	418	421	425	428	430	435	440	443	446	451	/
3A_SB	30	a	408	414	421	424	427	431	433	436	440	445	447	450	453	457	462	466	470	475
3A_SB	30	d	409	415	422	425	429	432	434	437	442	446	448	451	455	459	463	468	472	/
3A_SB	31	a	429	435	442	445	449	454	457	461	466	471	474	477	480	485	489	494	497	500
3A_SB	31	d	430	437	443	446	451	456	459	463	468	473	475	478	482	487	491	495	498	/
3A_SB	32	a	454	459	465	469	472	475	478	481	484	489	493	496	501	505	510	514	519	523
3A_SB	32	d	455	460	467	470	473	477	480	482	486	491	495	498	502	507	511	516	520	/
3A_NB	1	a	20	23	27	30	34	37	41	46	49	54	58	63	68	72	76	78	83	89	94
3A_NB	1	d	21	25	29	32	35	38	43	47	51	56	60	65	69	74	77	79	85	90	/
3A_NB	2	a	33	36	40	42	46	50	53	57	60	64	67	71	76	81	85	88	94	100	105
3A_NB	2	d	34	38	41	44	48	51	54	58	62	66	68	73	78	83	87	90	95	101	/
3A_NB	3	a	44	47	51	55	58	62	67	71	76	79	83	88	92	95	98	102	107	114	121
3A_NB	3	d	45	48	53	57	60	64	68	73	77	81	85	89	93	96	100	103	109	115	/
3A_NB	4	a	64	67	70	73	76	79	83	87	92	96	98	104	109	114	118	120	124	130	138
3A_NB	4	d	65	68	71	75	77	81	84	89	94	97	100	106	111	115	119	121	125	132	/
3A_NB	5	a	84	88	91	93	97	100	103	107	112	117	121	125	130	134	137	140	144	149	154
3A_NB	5	d	85	89	92	95	98	101	105	109	114	119	122	127	132	135	139	141	145	150	/
3A_NB	6	a	90	94	98	100	104	108	113	117	121	126	128	132	136	140	143	145	149	155	161
3A_NB	6	d	91	96	99	102	106	110	115	118	123	127	129	133	138	141	144	146	151	157	/
3A_NB	7	a	99	103	106	110	113	117	122	126	130	135	138	143	147	150	154	157	162	168	174
3A_NB	7	d	100	104	108	112	115	119	124	127	132	137	140	144	148	152	156	159	164	169	/
3A_NB	8	a	111	114	117	120	122	127	132	135	140	145	148	154	158	162	165	168	173	179	184
3A_NB	8	d	112	115	118	121	124	129	133	137	142	147	150	155	159	163	166	170	175	180	/
3A_NB	9	a	133	136	141	145	147	151	155	160	164	168	170	175	179	183	186	189	193	199	204
3A_NB	9	d	134	138	143	146	149	152	157	161	166	169	171	176	180	184	188	190	195	200	/
3A_NB	10	a	139	143	147	151	155	160	164	169	173	177	180	185	189	193	197	201	206	212	217
3A_NB	10	d	140	144	149	153	157	161	166	170	175	179	182	186	190	195	199	203	208	213	/
3A_NB	11	a	151	154	157	160	164	169	172	177	182	185	188	193	197	201	205	209	213	219	225
3A_NB	11	d	152	155	158	162	166	170	174	179	183	186	190	195	199	203	207	210	215	221	/
3A_NB	12	a	174	178	183	187	189	193	196	201	206	210	212	218	222	225	228	231	235	240	245
3A_NB	12	d	175	180	185	188	191	194	198	203	208	211	214	219	223	226	229	232	236	241	/
3A_NB	13	a	198	201	205	209	211	214	217	222	226	230	233	239	242	245	250	253	259	265	271
3A_NB	13	d	199	203	207	210	212	215	219	224	227	231	235	240	243	247	251	255	261	267	/
3A_NB	14	a	226	229	232	234	237	240	244	248	252	256	258	263	267	270	274	277	283	289	294
3A_NB	14	d	227	230	233	236	238	241	245	250	253	257	259	264	268	272	276	279	285	290	/
3A_NB	15	a	239	242	246	248	251	255	260	264	269	272	275	281	285	288	293	297	304	309	314
3A_NB	15	d	240	243	247	249	252	257	261	266	270	273	277	282	286	290	295	299	305	310	/
3A_NB	16	a	258	262	265	267	270	274	278	282	286	291	295	300	304	308	312	315	319	324	329
3A_NB	16	d	259	263	266	268	271	276	279	284	288	293	297	301	305	309	313	316	320	325	/
3A_NB	17	a	278	281	285	288	291	295	299	303	307	310	313	318	322	326	331	335	341	347	352
3A_NB	17	d	279	282	287	290	292	296	300	305	308	312	315	319	323	328	333	337	343	348	/
3A_NB	18	a	289	292	297	299	303	307	311	316	319	323	326	331	334	337	340	343	349	354	360
3A_NB	18	d	290	294	298	301	305	308	313	317	320	325	328	332	335	338	341	345	350	356	/
3A_NB	19	a	295	298	303	306	310	313	317	321	325	330	334	339	343	346	349	353	359	365	370
3A_NB	19	d	296	300	305	308	311	314	318	323	327	332	335	341	344	347	351	355	361	366	/
3A_NB	20	a	310	313	318	321	323	327	331	335	339	343	346	352	356	359	364	368	374	379	385
3A_NB	20	d	311	315	320	322	324	329	332	337	340	344	348	354	357	361	366	370	375	380	/
3A_NB	21	a	336	339	342	344	346	350	355	359	363	368	371	375	380	383	387	390	394	399	404
3A_NB	21	d	337	340	343	345	348	352	356	360	365	370	372	377	381	385	388	391	395	400	/
3A_NB	22	a	353	357	360	362	365	369	373	377	382	386	390	395	399	402	406	409	414	419	424
3A_NB	22	d	354	358	361	364	367	371	375	379	384	388	391	397	400	404	407	411	415	420	/
3A_NB	23	a	375	379	383	385	387	391	396	400	405	408	410	417	420	423	426	430	435	440	446
3A_NB	23	d	376	381	384	386	389	393	397	402	406	409	412	418	421	424	428	431	436	441	/
3A_NB	24	a	400	403	406	408	411	414	417	420	423	428	432	436	441	445	448	452	457	462	467
3A_NB	24	d	401	404	407	409	412	415	418	421	425	430	433	438	443	446	450	454	459	463	/
3A_NB	25	a	424	428	432	434	437	440	445	450	453	458	462	466	470	473	478	480	485	491	498
3A_NB	25	d	425	429	433	436	438	442	447	451	455	460	463	467	471	475	479	482	486	493	/
3A_NB	26	a	450	453	457	460	464	467	471	475	480	484	486	490	495	498	503	506	512	518	524
3A_NB	26	d	451	455	459	462	465	469	473	477	482	485	487	492	496	500	504	508	514	519	/
3A_NB	27	a	464	468	471	474	476	480	485	488	492	496	499	503	507	510	514	517	521	527	533
3A_NB	27	d	465	469	473	475	478	482	486	490	494	498	500	505	508	511	515	519	523	529	/
3A_NB	28	a	473	477	480	482	485	489	493	496	500	505	508	512	515	520	525	529	534	539	546
3A_NB	28	d	474	478	481	483	486	490	494	498	502	507	509	513	517	522	527	531	535	541	/
3A_NB	29	a	495	499	502	506	508	512	516	521	526	529	533	539	543	546	550	554	560	564	571
3A_NB	29	d	496	500	504	507	510	514	517	523	527	531	535	540	544	547	552	556	561	566	/
3A_NB	30	a	516	520	525	528	532	537	540	544	548	553	555	560	565	569	573	576	580	586	593
3A_NB	30	d	517	522	526	530	534	538	541	545	550	554	557	562	567	571	575	577	582	588	/
3A_NB	31	a	532	535	538	541	545	550	554	559	562	567	571	577	582	585	589	593	597	603	608
3A_NB	31	d	533	536	540	543	547	551	556	560	564	569	573	579	583	587	591	594	599	604	/
3A_NB	32	a	552	556	561	564	568	572	576	580	584	589	592	598	603	607	612	614	619	626	633
3A_NB	32	d	553	558	563	566	569	573	578	581	586	590	594	600	605	609	613	616	621	628	/
