RouteID	RunID	Arrivals/Departures	TimePerStop
1A_SB	1	a	7	10	13	22	26	30	36	39	42	46	50	54	62	66	72
1A_SB	1	d	8	11	14	23	27	31	37	40	44	47	52	55	63	67	/
1A_SB	2	a	19	23	28	38	41	44	50	55	60	63	66	70	79	82	88
1A_SB	2	d	20	25	30	39	42	45	52	57	61	64	68	71	80	83	/
1A_SB	3	a	43	47	52	61	66	69	75	79	83	86	89	93	101	106	112
1A_SB	3	d	44	49	54	63	67	71	76	81	84	87	90	94	103	107	/
1A_SB	4	a	51	55	60	69	74	78	84	88	91	94	98	103	111	115	121
1A_SB	4	d	52	57	62	71	76	79	85	89	92	95	100	104	113	116	/
1A_SB	5	a	67	71	75	85	89	93	100	104	109	113	118	123	134	138	147
1A_SB	5	d	68	72	76	87	90	95	101	106	111	115	120	124	135	140	/
1A_SB	6	a	87	91	95	104	107	110	117	120	124	128	132	137	147	152	161
1A_SB	6	d	88	92	96	105	108	111	118	121	125	129	134	138	149	154	/
1A_SB	7	a	95	98	102	112	116	120	128	131	135	140	143	146	157	161	169
1A_SB	7	d	96	99	104	114	118	122	129	132	137	141	144	148	159	162	/
1A_SB	8	a	101	104	108	118	122	126	133	138	142	146	150	154	164	167	174
1A_SB	8	d	102	105	109	120	123	127	135	139	143	148	152	156	165	168	/
1A_SB	9	a	118	121	126	136	139	143	151	156	161	165	169	173	182	187	196
1A_SB	9	d	119	123	127	137	140	145	153	158	163	167	171	174	184	189	/
1A_SB	10	a	131	135	139	148	151	155	160	165	170	174	178	182	192	196	204
1A_SB	10	d	132	137	141	149	152	156	162	167	172	176	180	183	193	198	/
1A_SB	11	a	147	151	155	166	170	174	179	183	187	191	195	200	210	214	224
1A_SB	11	d	148	153	157	168	171	175	180	184	188	193	197	202	212	216	/
1A_SB	12	a	159	163	166	176	180	185	191	196	199	203	207	212	221	224	233
1A_SB	12	d	160	164	168	178	182	187	193	197	201	204	209	214	222	226	/
1A_SB	13	a	174	178	182	190	194	198	203	207	210	213	217	220	228	231	239
1A_SB	13	d	175	179	183	192	196	199	204	208	211	214	218	221	229	232	/
1A_SB	14	a	199	202	206	214	217	220	226	232	236	240	243	247	256	260	268
1A_SB	14	d	200	203	207	215	218	222	228	234	238	241	245	248	257	262	/
1A_SB	15	a	207	210	215	224	228	233	240	243	247	250	253	256	265	269	276
1A_SB	15	d	208	212	216	225	230	235	241	245	248	251	254	257	266	270	/
1A_SB	16	a	217	221	226	237	241	245	250	253	256	259	263	266	276	281	289
1A_SB	16	d	218	223	228	238	243	246	251	254	257	260	264	268	278	283	/
1A_SB	17	a	238	242	245	256	259	263	270	275	280	285	289	292	301	304	312
1A_SB	17	d	239	243	246	257	260	265	272	277	282	287	290	293	302	305	/
1A_SB	18	a	249	253	256	266	269	273	279	283	287	291	294	297	306	310	319
1A_SB	18	d	250	254	258	267	270	275	280	284	288	292	295	298	308	312	/
1A_SB	19	a	263	266	270	278	282	286	293	297	301	304	308	312	321	324	333
1A_SB	19	d	264	267	271	279	283	288	295	298	302	305	309	314	322	326	/
1A_SB	20	a	273	277	282	291	294	298	303	307	311	314	318	322	333	338	345
1A_SB	20	d	274	279	284	292	295	300	304	308	312	315	320	324	335	340	/
1A_SB	21	a	290	294	299	308	311	316	322	327	332	336	341	345	356	360	367
1A_SB	21	d	291	296	301	309	313	317	324	329	333	338	343	347	358	362	/
1A_SB	22	a	305	309	314	325	328	332	339	344	349	352	356	361	371	374	381
1A_SB	22	d	306	311	316	326	329	334	341	346	350	354	358	363	372	375	/
1A_SB	23	a	320	324	329	338	341	344	350	353	358	362	365	369	378	382	389
1A_SB	23	d	321	326	331	339	342	346	351	355	360	363	366	370	379	383	/
1A_SB	24	a	334	338	344	353	357	360	367	371	376	380	384	387	395	398	405
1A_SB	24	d	335	340	346	355	358	362	369	373	378	381	385	388	396	399	/
1A_SB	25	a	362	366	370	378	382	385	392	395	400	403	407	410	420	425	432
1A_SB	25	d	363	367	372	380	383	387	393	397	401	405	408	411	422	427	/
1A_SB	26	a	383	387	391	400	403	406	414	418	423	426	430	434	443	446	453
1A_SB	26	d	384	388	392	401	404	408	415	420	424	427	432	435	444	448	/
1A_SB	27	a	401	405	410	418	423	427	434	437	440	444	449	453	461	464	471
1A_SB	27	d	402	407	411	420	425	429	435	438	442	446	451	454	462	465	/
1A_SB	28	a	431	435	438	447	450	453	458	463	468	472	476	480	490	494	502
1A_SB	28	d	432	436	440	448	451	454	460	465	470	473	478	482	491	495	/
1A_SB	29	a	445	449	454	462	466	470	477	482	487	491	496	500	510	514	524
1A_SB	29	d	446	451	456	464	467	472	479	484	489	493	498	502	512	516	/
1A_SB	30	a	460	464	468	477	480	484	490	495	499	503	508	511	519	522	531
1A_SB	30	d	461	466	470	478	481	486	492	496	501	505	509	513	520	523	/
1A_SB	31	a	478	481	486	495	499	504	510	514	518	522	527	531	541	546	553
1A_SB	31	d	479	483	488	496	501	505	511	515	520	524	529	533	543	547	/
1A_SB	32	a	486	490	495	502	507	512	517	521	525	530	533	536	546	551	558
1A_SB	32	d	487	492	496	504	509	513	518	522	527	531	534	538	548	552	/
1A_NB	1	a	16	27	30	40	45	48	52	57	60	66	70	75	84	89	93
1A_NB	1	d	17	28	32	41	46	49	54	58	62	67	72	77	86	90	/
1A_NB	2	a	25	36	39	49	54	57	62	67	72	77	81	85	94	99	104
1A_NB	2	d	26	37	41	50	55	59	64	69	73	79	83	87	96	101	/
1A_NB	3	a	54	63	67	77	83	86	91	96	99	106	110	113	124	129	133
1A_NB	3	d	55	65	69	78	84	88	93	97	101	108	111	115	126	130	/
1A_NB	4	a	77	87	91	101	107	111	115	119	123	130	134	138	149	152	157
1A_NB	4	d	78	88	92	102	108	112	117	121	125	132	136	139	150	154	/
1A_NB	5	a	86	96	100	110	117	121	125	130	134	139	143	146	157	160	164
1A_NB	5	d	87	97	101	112	118	123	127	132	135	141	144	147	158	161	/
1A_NB	6	a	100	108	112	123	129	133	136	139	142	147	151	155	163	166	169
1A_NB	6	d	101	110	113	125	130	134	137	140	143	149	153	156	164	167	/
1A_NB	7	a	108	118	122	135	141	144	148	151	154	161	165	169	178	182	186
1A_NB	7	d	109	120	124	136	142	145	149	152	156	162	167	171	180	183	/
1A_NB	8	a	129	139	142	153	158	163	168	172	176	182	185	188	198	202	205
1A_NB	8	d	130	140	144	154	160	165	169	173	177	183	186	190	199	203	/
1A_NB	9	a	141	150	155	166	171	174	179	182	185	190	194	197	205	210	215
1A_NB	9	d	142	152	157	167	172	176	180	183	186	192	195	198	207	212	/
1A_NB	10	a	158	169	174	184	190	194	198	202	206	211	215	219	229	232	237
1A_NB	10	d	159	171	175	186	192	195	199	203	208	212	216	220	230	234	/
1A_NB	11	a	168	176	180	192	198	202	206	210	214	220	224	228	239	243	248
1A_NB	11	d	169	177	182	194	199	203	207	211	216	221	226	230	240	245	/
1A_NB	12	a	197	206	209	220	226	229	232	237	240	245	249	253	261	264	268
1A_NB	12	d	198	207	211	221	227	230	234	238	241	247	251	254	262	265	/
1A_NB	13	a	217	225	229	240	247	251	255	259	262	269	272	275	284	289	293
1A_NB	13	d	218	227	230	242	249	253	256	260	263	270	273	277	286	290	/
1A_NB	14	a	228	236	239	247	253	257	261	266	269	275	279	282	290	295	299
1A_NB	14	d	229	237	240	248	255	259	263	267	270	277	280	283	292	296	/
1A_NB	15	a	238	246	250	259	264	267	270	275	279	285	289	293	302	306	310
1A_NB	15	d	239	248	252	260	265	268	272	277	280	287	291	295	303	307	/
1A_NB	16	a	253	262	265	273	279	283	286	290	293	298	302	305	314	318	322
1A_NB	16	d	254	263	266	275	281	284	288	291	294	300	303	307	315	320	/
1A_NB	17	a	259	268	271	280	286	289	293	296	299	304	308	312	321	326	330
1A_NB	17	d	260	269	273	282	287	290	294	297	300	306	310	314	323	328	/
1A_NB	18	a	278	287	290	299	304	309	314	319	323	328	332	336	347	350	355
1A_NB	18	d	279	288	291	300	306	311	316	320	324	330	334	338	348	352	/
1A_NB	19	a	297	307	311	320	327	331	336	341	345	351	354	358	367	372	377
1A_NB	19	d	298	309	312	322	329	333	338	343	347	352	356	359	369	374	/
1A_NB	20	a	304	316	319	329	335	339	344	349	354	360	364	368	377	382	386
1A_NB	20	d	305	317	321	331	337	341	345	351	356	362	366	369	379	383	/
1A_NB	21	a	334	342	345	355	360	365	370	374	377	383	386	391	400	405	410
1A_NB	21	d	335	343	346	356	362	367	372	375	378	384	388	392	401	407	/
1A_NB	22	a	358	366	369	380	385	389	392	397	401	408	412	417	425	429	434
1A_NB	22	d	359	367	371	381	386	390	394	398	403	409	414	418	427	431	/
1A_NB	23	a	371	380	383	393	398	402	406	411	416	423	428	431	440	444	448
1A_NB	23	d	372	381	384	395	400	404	408	413	418	425	429	433	441	445	/
1A_NB	24	a	395	406	410	420	426	430	434	439	442	448	453	456	465	470	475
1A_NB	24	d	396	408	411	421	428	431	435	440	444	450	454	457	467	472	/
1A_NB	25	a	421	431	434	443	449	453	457	462	466	472	476	481	489	494	499
1A_NB	25	d	422	432	435	445	451	454	459	464	468	474	478	482	491	496	/
1A_NB	26	a	451	459	462	473	478	481	485	489	492	498	502	506	515	519	524
1A_NB	26	d	452	460	464	474	479	483	486	490	494	500	504	508	516	521	/
1A_NB	27	a	462	470	474	485	491	494	498	502	506	512	516	519	528	533	537
1A_NB	27	d	463	472	476	487	492	496	499	503	508	514	517	520	530	534	/
1A_NB	28	a	487	497	501	511	517	520	523	527	531	537	541	546	555	558	563
1A_NB	28	d	488	499	503	513	518	521	524	528	532	539	543	548	556	560	/
1A_NB	29	a	494	506	509	520	526	531	536	539	544	549	553	557	565	568	572
1A_NB	29	d	495	507	510	522	528	533	537	541	545	550	555	558	566	570	/
1A_NB	30	a	506	518	521	533	538	542	545	549	553	560	563	567	575	579	583
1A_NB	30	d	507	519	523	534	540	543	547	550	555	561	565	568	576	581	/
1A_NB	31	a	516	526	530	541	546	550	554	558	562	569	573	577	586	591	595
1A_NB	31	d	517	527	531	542	548	552	555	560	564	570	575	579	588	592	/
1A_NB	32	a	522	532	536	548	554	557	562	566	569	575	579	582	591	596	601
1A_NB	32	d	523	533	538	550	555	559	563	567	570	576	580	584	593	598	/
2A_NB	1	a	19	23	29	32	35	42	46	51	61	64	69	72	75	80	85	87	90	95
2A_NB	1	d	20	24	30	33	37	43	48	53	62	65	71	73	77	82	86	88	92	/
2A_NB	2	a	47	51	56	60	64	71	75	79	87	91	97	99	102	106	112	115	119	123
2A_NB	2	d	48	52	58	62	66	72	77	80	88	92	98	100	103	108	113	116	120	/
2A_NB	3	a	58	62	67	70	73	79	83	86	95	99	106	109	112	116	122	126	130	135
2A_NB	3	d	59	63	68	71	75	81	84	88	96	101	107	110	113	118	124	127	132	/
2A_NB	4	a	82	85	90	93	98	105	108	111	119	124	129	132	135	139	144	147	151	155
2A_NB	4	d	83	86	91	95	100	106	109	112	121	125	130	133	136	140	146	149	152	/
2A_NB	5	a	99	102	108	112	116	122	126	129	136	141	147	149	153	158	163	165	169	174
2A_NB	5	d	100	104	110	113	118	123	127	130	138	142	148	151	155	159	164	166	171	/
2A_NB	6	a	110	114	120	125	129	136	141	145	154	158	165	168	172	177	182	184	187	191
2A_NB	6	d	111	115	122	127	131	138	143	146	155	159	166	170	174	178	183	185	188	/
2A_NB	7	a	123	127	133	137	140	147	152	156	164	169	177	180	184	188	195	198	202	206
2A_NB	7	d	124	129	135	138	142	149	154	157	166	171	178	182	186	190	196	200	203	/
2A_NB	8	a	145	149	154	158	162	168	171	174	183	187	193	195	199	204	211	214	217	222
2A_NB	8	d	146	150	155	159	164	169	172	176	184	188	194	197	201	205	213	215	219	/
2A_NB	9	a	159	163	170	174	177	184	187	191	200	203	209	213	217	221	228	231	235	239
2A_NB	9	d	160	165	172	175	179	185	188	193	201	205	211	215	218	223	230	233	237	/
2A_NB	10	a	180	184	190	195	199	205	209	212	220	225	231	234	236	241	247	250	254	257
2A_NB	10	d	181	186	192	197	201	206	210	213	222	227	232	235	238	242	248	251	255	/
2A_NB	11	a	189	193	200	204	208	215	218	222	231	235	240	244	247	251	257	259	263	267
2A_NB	11	d	190	195	202	206	210	216	220	224	233	236	242	245	248	252	258	260	265	/
2A_NB	12	a	212	215	221	225	230	235	239	243	253	257	262	264	266	271	276	279	283	287
2A_NB	12	d	213	216	223	227	231	237	240	244	254	258	263	265	268	272	277	281	284	/
2A_NB	13	a	236	239	244	248	252	259	262	266	276	279	285	287	291	296	303	305	309	313
2A_NB	13	d	237	240	246	249	254	260	264	268	277	281	286	289	293	298	304	307	311	/
2A_NB	14	a	257	261	269	273	278	285	288	293	301	306	312	315	317	321	326	329	333	337
2A_NB	14	d	258	263	271	275	280	286	290	295	303	307	314	316	318	322	327	331	334	/
2A_NB	15	a	270	274	279	282	286	291	294	298	307	312	318	320	323	327	333	337	340	345
2A_NB	15	d	271	275	280	283	287	292	295	300	309	313	319	322	324	329	335	338	342	/
2A_NB	16	a	279	283	290	295	299	304	308	313	321	326	331	334	336	340	346	348	353	358
2A_NB	16	d	280	285	292	297	300	305	309	314	323	327	332	335	338	341	347	350	355	/
2A_NB	17	a	289	292	298	302	305	311	316	321	330	333	339	343	345	348	354	356	361	365
2A_NB	17	d	290	293	299	303	307	313	318	323	331	334	341	344	346	350	355	358	363	/
2A_NB	18	a	312	316	322	326	330	335	339	342	352	357	363	366	368	373	378	381	387	391
2A_NB	18	d	313	318	324	328	331	337	340	344	354	359	364	367	370	374	380	383	389	/
2A_NB	19	a	342	345	351	355	359	364	368	372	379	383	390	393	397	402	408	410	414	418
2A_NB	19	d	343	347	352	356	360	366	369	373	381	384	392	395	399	404	409	412	415	/
2A_NB	20	a	366	369	374	378	382	388	391	394	402	406	411	415	419	422	430	432	436	441
2A_NB	20	d	367	370	376	380	384	389	392	395	404	407	413	417	420	424	431	434	438	/
2A_NB	21	a	386	389	395	398	402	408	413	418	427	431	437	440	443	447	453	455	459	463
2A_NB	21	d	387	391	396	399	403	410	415	420	428	432	438	441	444	448	454	456	461	/
2A_NB	22	a	395	399	405	408	411	416	421	425	433	437	443	446	450	454	459	462	467	471
2A_NB	22	d	396	401	406	409	412	418	422	426	435	439	444	448	452	455	461	464	468	/
2A_NB	23	a	420	423	428	433	436	442	447	450	460	464	470	472	474	478	482	485	490	493
2A_NB	23	d	421	424	430	434	438	444	448	452	461	466	471	473	475	479	484	487	491	/
2A_NB	24	a	428	431	436	439	444	449	453	456	466	470	475	478	480	483	488	491	495	499
2A_NB	24	d	429	432	437	441	445	450	454	458	468	471	477	479	481	484	490	492	497	/
2A_NB	25	a	440	443	448	453	456	461	465	468	476	479	485	487	489	492	498	501	505	508
2A_NB	25	d	441	444	450	454	457	462	466	469	477	481	486	488	490	494	500	502	506	/
2A_NB	26	a	449	452	458	463	468	474	478	483	491	496	503	506	509	513	520	523	528	532
2A_NB	26	d	450	454	460	465	470	475	480	485	493	498	505	507	510	515	522	525	529	/
2A_NB	27	a	475	478	484	488	493	499	503	506	515	520	525	528	532	536	543	546	550	556
2A_NB	27	d	476	479	486	490	494	500	504	507	517	521	527	530	533	538	545	547	552	/
2A_NB	28	a	495	498	503	508	512	519	523	526	535	539	545	549	552	556	563	566	570	574
2A_NB	28	d	496	499	505	510	514	520	524	527	536	540	547	550	554	558	564	567	572	/
2A_NB	29	a	522	525	530	534	538	545	550	553	560	565	572	575	577	580	587	590	594	597
2A_NB	29	d	523	526	532	535	540	547	551	554	562	567	574	576	578	582	588	591	595	/
2A_NB	30	a	544	547	553	557	562	569	573	576	584	589	594	597	600	604	610	612	617	622
2A_NB	30	d	545	548	555	559	564	570	574	577	586	590	596	599	602	605	611	614	619	/
2A_NB	31	a	550	553	560	564	569	575	580	584	593	597	603	606	608	612	619	622	626	630
2A_NB	31	d	551	555	562	566	570	577	582	585	594	599	604	607	610	614	621	623	627	/
2A_NB	32	a	576	580	586	590	595	601	605	610	619	622	627	630	633	637	643	646	650	655
2A_NB	32	d	577	581	587	592	597	603	607	611	620	623	629	631	634	639	645	647	652	/
2A_SB	1	a	29	33	37	40	47	51	54	57	60	66	71	77	80	84	90	94	97	100
2A_SB	1	d	30	35	38	42	49	52	55	58	62	68	73	78	81	85	92	95	98	/
2A_SB	2	a	52	56	59	63	69	72	77	80	83	90	94	99	103	106	112	115	119	122
2A_SB	2	d	53	57	60	65	71	74	78	81	85	92	95	100	104	108	113	117	120	/
2A_SB	3	a	62	66	70	74	80	82	85	88	92	97	101	107	111	115	120	124	127	130
2A_SB	3	d	63	68	71	75	81	83	86	90	93	99	103	109	112	116	121	125	128	/
2A_SB	4	a	75	78	82	86	93	97	102	105	108	113	116	121	124	127	134	138	142	146
2A_SB	4	d	76	80	84	88	95	99	103	106	109	114	117	122	125	129	136	140	144	/
2A_SB	5	a	91	94	96	99	105	107	110	113	117	122	126	132	136	140	146	149	153	157
2A_SB	5	d	92	95	97	100	106	108	111	115	118	123	127	134	137	141	147	150	154	/
2A_SB	6	a	101	104	108	111	116	118	122	125	128	134	139	146	150	153	158	161	165	169
2A_SB	6	d	102	106	109	112	117	120	123	126	130	136	141	147	151	154	159	162	167	/
2A_SB	7	a	107	111	115	118	123	126	129	132	135	141	145	151	155	158	164	169	174	178
2A_SB	7	d	108	113	116	120	125	127	130	133	136	142	146	152	156	160	166	171	176	/
2A_SB	8	a	122	125	129	132	136	138	141	144	147	154	159	165	168	172	178	183	187	190
2A_SB	8	d	123	127	130	133	137	139	142	145	149	156	161	166	170	173	180	184	188	/
2A_SB	9	a	137	140	144	148	153	156	159	162	165	171	175	181	184	188	193	197	201	204
2A_SB	9	d	138	142	146	149	154	157	160	163	166	172	176	182	186	189	194	198	202	/
2A_SB	10	a	150	154	156	159	165	167	171	175	180	187	191	198	201	205	211	214	218	222
2A_SB	10	d	151	155	157	161	166	168	173	177	182	189	193	199	202	206	212	215	220	/
2A_SB	11	a	165	169	172	177	183	187	191	195	200	208	212	218	222	226	232	236	241	244
2A_SB	11	d	166	171	174	179	185	189	193	197	202	210	214	219	223	227	234	238	242	/
2A_SB	12	a	182	186	188	192	197	200	204	208	212	218	221	226	230	235	242	246	249	253
2A_SB	12	d	183	187	189	193	198	201	205	209	213	219	222	228	232	237	244	247	251	/
2A_SB	13	a	197	200	202	207	213	217	222	225	228	234	238	244	248	252	258	261	265	269
2A_SB	13	d	198	201	204	208	215	219	223	226	230	235	240	245	249	253	259	262	266	/
2A_SB	14	a	211	215	218	221	226	229	233	237	240	244	248	254	258	262	268	271	274	278
2A_SB	14	d	212	216	219	222	227	230	235	238	241	245	250	255	259	263	269	272	276	/
2A_SB	15	a	219	223	227	230	235	238	242	246	249	253	257	264	268	272	280	284	288	292
2A_SB	15	d	220	225	228	231	236	240	243	247	250	254	259	265	269	274	281	285	289	/
2A_SB	16	a	238	242	245	248	253	257	262	266	269	276	281	286	291	296	304	307	311	316
2A_SB	16	d	239	243	246	249	255	259	263	267	271	278	283	288	293	298	305	308	313	/
2A_SB	17	a	243	247	251	255	261	265	270	273	277	284	288	294	299	303	309	312	316	320
2A_SB	17	d	244	249	253	257	263	267	271	275	279	286	290	296	301	304	310	313	318	/
2A_SB	18	a	260	264	266	270	277	280	284	288	292	299	304	310	314	318	325	328	332	336
2A_SB	18	d	261	265	268	272	279	282	286	290	294	301	306	311	315	319	326	329	334	/
2A_SB	19	a	270	274	277	280	286	288	292	296	300	307	312	318	322	326	333	336	340	343
2A_SB	19	d	271	275	278	281	287	290	294	298	302	309	314	320	323	327	334	338	341	/
2A_SB	20	a	284	288	291	294	300	303	307	311	315	322	325	332	336	340	345	348	352	356
2A_SB	20	d	285	289	292	295	301	304	308	313	316	323	327	334	337	341	346	349	354	/
2A_SB	21	a	298	302	305	309	314	316	320	324	328	335	339	344	348	352	358	361	365	369
2A_SB	21	d	299	303	307	310	315	317	321	325	329	336	340	345	349	353	359	362	367	/
2A_SB	22	a	307	310	314	318	324	327	332	336	339	346	349	354	358	362	369	374	378	382
2A_SB	22	d	308	312	316	320	326	329	334	337	341	347	350	355	360	363	371	376	379	/
2A_SB	23	a	317	321	324	328	334	338	341	345	350	355	358	363	366	370	377	381	384	389
2A_SB	23	d	318	322	326	330	336	339	343	347	351	356	359	364	368	371	379	382	386	/
2A_SB	24	a	330	334	338	341	346	350	353	358	362	368	372	379	384	389	395	400	404	408
2A_SB	24	d	331	336	339	342	348	351	355	359	364	370	373	381	386	390	397	401	406	/
2A_SB	25	a	356	359	362	366	372	374	379	384	387	394	399	404	407	411	416	421	425	430
2A_SB	25	d	357	361	363	368	373	376	381	385	389	396	400	405	408	412	418	422	427	/
2A_SB	26	a	381	385	389	393	399	402	407	411	416	422	427	432	435	440	445	449	453	456
2A_SB	26	d	382	387	391	394	401	404	408	413	418	424	428	433	437	441	447	450	454	/
2A_SB	27	a	401	405	409	414	419	421	424	429	433	438	442	449	453	457	463	468	472	475
2A_SB	27	d	402	407	411	415	420	422	426	431	435	440	444	450	455	459	465	470	473	/
2A_SB	28	a	422	426	429	432	439	443	447	452	456	463	467	473	476	480	487	491	494	498
2A_SB	28	d	423	428	430	434	441	444	449	454	458	464	469	474	477	482	488	492	495	/
2A_SB	29	a	449	453	455	460	466	468	472	476	480	487	491	496	499	504	509	512	517	521
2A_SB	29	d	450	454	457	461	467	470	473	477	482	488	492	497	501	505	510	514	519	/
2A_SB	30	a	475	479	482	485	491	494	498	502	505	511	515	522	526	530	536	540	544	547
2A_SB	30	d	476	481	483	487	493	496	500	503	507	512	517	524	527	532	538	542	545	/
2A_SB	31	a	496	500	504	509	514	516	519	524	528	533	536	543	548	552	558	562	565	568
2A_SB	31	d	497	502	506	510	515	517	521	526	529	534	538	545	549	554	559	563	566	/
2A_SB	32	a	511	515	518	522	527	531	536	540	544	550	554	559	563	566	572	577	582	586
2A_SB	32	d	512	517	519	523	529	533	537	542	546	551	555	560	564	567	574	579	584	/
3A_SB	1	a	4	10	13	18	21	26	30	34	37	41	45	49	54	58	62	67	70
3A_SB	1	d	5	11	14	19	23	27	31	35	38	43	47	50	55	59	63	68	/
3A_SB	2	a	28	34	39	47	50	54	58	63	66	70	74	78	84	87	91	96	101
3A_SB	2	d	29	36	41	48	51	56	60	64	68	72	76	80	85	88	92	98	/
3A_SB	3	a	40	46	51	58	62	67	72	77	81	84	87	90	94	98	103	108	113
3A_SB	3	d	41	48	53	60	64	69	74	79	82	85	88	91	95	99	104	110	/
3A_SB	4	a	70	75	79	84	88	93	96	101	104	109	113	116	121	124	128	134	138
3A_SB	4	d	71	76	80	86	90	94	98	102	106	110	114	117	122	125	129	136	/
3A_SB	5	a	86	92	96	102	106	111	115	120	124	129	133	135	139	143	147	152	156
3A_SB	5	d	87	93	97	103	108	112	117	122	126	130	134	136	140	144	148	154	/
3A_SB	6	a	99	104	109	117	122	125	128	132	135	139	142	145	149	153	157	163	168
3A_SB	6	d	100	106	111	119	123	126	129	133	136	140	143	146	150	154	159	165	/
3A_SB	7	a	105	111	116	123	128	132	135	139	143	148	151	153	158	162	166	171	175
3A_SB	7	d	106	113	117	125	130	133	136	140	145	149	152	154	159	163	167	172	/
3A_SB	8	a	126	132	136	144	148	151	155	159	163	166	169	172	176	180	183	188	192
3A_SB	8	d	127	133	138	145	149	152	157	161	164	167	170	173	177	181	184	189	/
3A_SB	9	a	134	139	144	152	155	158	162	165	168	171	174	177	182	187	191	196	200
3A_SB	9	d	135	141	146	153	156	159	163	166	169	172	175	179	184	189	192	198	/
3A_SB	10	a	144	149	153	160	164	167	171	174	177	180	184	187	191	195	199	205	208
3A_SB	10	d	145	150	155	162	165	168	172	175	178	181	185	188	192	197	200	206	/
3A_SB	11	a	165	170	175	180	183	187	190	194	197	201	204	206	210	214	217	222	226
3A_SB	11	d	166	172	176	181	184	188	192	195	198	202	205	207	211	215	218	224	/
3A_SB	12	a	184	190	193	200	204	208	213	218	223	228	232	234	238	241	245	250	253
3A_SB	12	d	185	191	195	202	206	210	215	220	225	230	233	235	239	242	246	251	/
3A_SB	13	a	210	215	220	227	231	234	238	242	245	250	253	256	260	264	268	273	278
3A_SB	13	d	211	217	222	229	232	235	239	243	247	251	254	257	261	265	269	275	/
3A_SB	14	a	226	231	236	241	245	250	255	259	264	269	273	276	280	284	288	293	296
3A_SB	14	d	227	233	237	242	247	252	257	261	266	271	274	277	281	285	289	294	/
3A_SB	15	a	255	261	264	271	275	279	282	285	288	293	296	298	303	307	310	315	319
3A_SB	15	d	256	262	266	272	276	280	283	286	290	294	297	300	304	308	311	316	/
3A_SB	16	a	263	269	273	279	284	287	290	293	296	300	303	306	310	314	318	323	328
3A_SB	16	d	264	270	275	281	285	288	291	294	297	301	304	307	311	316	319	325	/
3A_SB	17	a	276	283	288	293	297	300	304	308	311	315	319	321	326	329	332	338	343
3A_SB	17	d	277	285	289	295	298	301	305	309	313	317	320	322	327	330	333	340	/
3A_SB	18	a	287	292	297	303	308	312	316	320	324	328	331	333	337	341	344	349	352
3A_SB	18	d	288	294	299	305	309	313	317	321	325	329	332	334	338	342	345	350	/
3A_SB	19	a	297	302	307	313	317	321	326	330	334	338	342	345	351	355	359	364	369
3A_SB	19	d	298	304	308	314	319	323	327	332	335	340	344	347	352	357	360	366	/
3A_SB	20	a	326	331	335	341	344	347	350	354	358	363	366	368	372	376	380	386	389
3A_SB	20	d	327	332	337	342	345	348	351	355	360	364	367	369	373	378	382	387	/
3A_SB	21	a	342	348	351	357	362	366	370	375	378	383	387	391	396	400	403	408	411
3A_SB	21	d	343	349	352	359	363	367	372	376	380	385	389	392	397	401	404	409	/
3A_SB	22	a	353	359	363	370	373	378	381	386	390	395	399	402	407	412	416	422	425
3A_SB	22	d	354	360	364	371	375	379	383	388	392	397	400	403	409	413	418	423	/
3A_SB	23	a	377	383	387	393	398	402	406	409	412	417	421	425	429	434	439	445	448
3A_SB	23	d	378	384	388	395	399	404	407	410	414	418	423	426	431	436	441	446	/
3A_SB	24	a	391	396	399	406	409	413	416	420	423	428	431	434	439	444	449	456	459
3A_SB	24	d	392	397	400	407	410	414	418	421	425	429	432	436	441	446	451	457	/
3A_SB	25	a	404	409	413	420	424	428	432	436	440	445	450	453	458	462	466	471	476
3A_SB	25	d	405	411	415	422	426	429	434	437	442	447	451	454	459	464	467	473	/
3A_SB	26	a	426	432	437	443	446	450	454	459	462	467	471	474	480	484	488	495	499
3A_SB	26	d	427	434	438	444	448	451	456	460	464	469	473	476	481	485	490	497	/
3A_SB	27	a	454	460	463	468	471	476	481	484	488	491	495	498	504	509	513	518	523
3A_SB	27	d	455	461	464	469	473	478	482	486	489	493	497	500	506	510	514	520	/
3A_SB	28	a	475	482	485	492	495	500	504	507	511	515	519	523	527	531	534	540	543
3A_SB	28	d	476	483	487	493	497	502	505	508	512	517	521	524	528	532	535	541	/
3A_SB	29	a	482	488	492	498	502	506	509	514	518	523	526	530	535	540	545	552	556
3A_SB	29	d	483	490	493	500	503	507	511	516	520	524	528	531	537	542	547	554	/
3A_SB	30	a	504	509	513	521	525	529	533	538	542	547	552	555	560	564	568	573	577
3A_SB	30	d	505	511	515	522	526	531	535	540	544	549	554	557	561	565	569	575	/
3A_SB	31	a	529	534	538	545	550	554	558	563	567	571	575	579	584	588	593	598	602
3A_SB	31	d	530	536	540	547	552	555	560	564	568	572	577	581	586	590	594	599	/
3A_SB	32	a	552	558	562	569	573	578	583	588	591	595	600	603	608	613	617	623	627
3A_SB	32	d	553	559	564	570	575	580	585	589	592	597	601	605	610	615	619	624	/
3A_NB	1	a	7	11	14	18	22	27	30	34	38	44	47	50	54	57	60	64	68	72
3A_NB	1	d	8	12	15	20	24	28	32	36	40	45	49	52	55	58	62	65	70	/
3A_NB	2	a	29	33	36	40	44	48	51	55	59	66	71	73	76	81	85	89	93	97
3A_NB	2	d	30	34	37	41	45	49	53	56	61	68	72	75	78	82	86	90	95	/
3A_NB	3	a	58	61	64	69	73	77	81	84	87	92	96	99	101	105	108	111	115	120
3A_NB	3	d	59	62	66	71	74	78	82	85	88	93	97	100	102	106	109	112	117	/
3A_NB	4	a	67	70	73	77	81	86	90	93	97	102	106	109	111	115	119	123	127	132
3A_NB	4	d	68	71	74	78	83	87	92	94	98	103	108	110	112	117	121	124	129	/
3A_NB	5	a	82	85	90	94	99	102	105	108	112	119	122	125	128	133	138	142	146	150
3A_NB	5	d	83	87	91	96	100	103	107	110	114	120	123	126	130	135	140	144	148	/
3A_NB	6	a	91	94	98	102	107	111	114	117	121	127	131	135	138	142	147	151	155	159
3A_NB	6	d	92	95	99	104	108	112	116	119	122	129	133	137	140	144	149	152	157	/
3A_NB	7	a	101	104	108	113	118	123	126	129	133	139	143	146	148	151	154	157	161	164
3A_NB	7	d	102	105	110	115	120	124	128	130	134	140	144	147	149	152	155	158	162	/
3A_NB	8	a	113	116	120	125	128	132	135	137	142	149	153	155	157	160	164	167	171	175
3A_NB	8	d	114	117	122	126	129	133	136	139	144	150	154	156	158	162	165	168	173	/
3A_NB	9	a	123	126	131	135	138	142	145	147	152	157	161	163	165	168	172	176	180	185
3A_NB	9	d	124	128	132	136	139	143	146	149	153	158	162	164	166	170	174	177	182	/
3A_NB	10	a	133	136	141	146	150	154	157	159	165	171	175	177	180	184	188	191	195	199
3A_NB	10	d	134	138	143	148	151	155	158	161	167	173	176	179	181	186	189	193	196	/
3A_NB	11	a	155	159	162	167	170	175	178	181	185	190	194	197	199	203	207	211	214	218
3A_NB	11	d	156	160	164	168	172	176	179	182	186	191	195	198	200	204	208	212	215	/
3A_NB	12	a	178	181	185	190	193	196	199	201	205	210	214	216	219	222	226	229	232	237
3A_NB	12	d	179	182	187	191	194	197	200	202	206	211	215	217	220	223	227	230	234	/
3A_NB	13	a	186	190	195	199	202	206	209	212	217	223	227	230	232	236	240	244	247	251
3A_NB	13	d	187	192	196	200	204	207	211	214	218	224	228	231	233	237	242	245	248	/
3A_NB	14	a	199	203	207	211	215	220	224	228	233	238	242	244	246	250	255	259	262	266
3A_NB	14	d	200	205	208	213	217	221	226	230	234	239	243	245	247	252	256	260	264	/
3A_NB	15	a	212	216	221	226	229	232	237	240	244	250	254	256	258	262	267	271	274	278
3A_NB	15	d	213	218	223	227	230	234	238	242	245	251	255	257	259	264	268	272	276	/
3A_NB	16	a	221	225	229	235	239	244	247	250	253	259	263	265	267	271	275	278	281	284
3A_NB	16	d	222	227	231	237	241	245	248	251	254	260	264	266	268	272	276	279	282	/
3A_NB	17	a	228	232	235	240	244	249	253	256	260	266	271	274	277	280	284	287	290	293
3A_NB	17	d	229	233	236	242	246	251	254	257	262	268	273	275	278	281	285	288	291	/
3A_NB	18	a	242	245	249	253	256	261	265	269	274	279	283	285	287	290	294	297	301	306
3A_NB	18	d	243	247	250	254	258	263	267	271	275	280	284	286	288	291	295	299	303	/
3A_NB	19	a	251	254	258	263	267	271	274	277	282	287	291	294	296	300	304	307	311	315
3A_NB	19	d	252	255	260	265	268	272	276	279	283	288	293	295	298	302	305	308	312	/
3A_NB	20	a	262	266	270	275	279	282	286	289	293	299	304	307	310	314	318	321	325	329
3A_NB	20	d	263	267	272	277	280	284	288	290	294	301	305	309	312	316	319	323	327	/
3A_NB	21	a	275	279	284	288	291	294	298	301	304	311	315	317	320	323	326	329	333	337
3A_NB	21	d	276	281	285	289	292	296	300	302	305	312	316	318	321	324	327	330	334	/
3A_NB	22	a	302	306	310	314	318	322	326	329	333	338	342	345	347	350	353	357	361	365
3A_NB	22	d	303	308	311	316	320	324	328	330	334	339	343	346	348	351	355	358	363	/
3A_NB	23	a	321	325	329	333	337	341	345	348	352	357	362	364	367	371	375	380	384	388
3A_NB	23	d	322	327	331	334	339	343	347	349	354	359	363	366	368	373	377	382	386	/
3A_NB	24	a	346	350	355	358	362	365	369	371	376	381	385	388	391	395	399	403	407	410
3A_NB	24	d	347	352	356	359	363	367	370	373	377	383	386	389	392	396	400	405	408	/
3A_NB	25	a	357	361	365	368	371	375	379	383	388	393	397	400	404	408	413	417	421	425
3A_NB	25	d	358	362	366	369	373	377	381	385	389	395	398	402	406	410	414	419	422	/
3A_NB	26	a	377	381	385	390	393	398	402	405	408	413	417	420	422	426	431	435	439	443
3A_NB	26	d	378	382	387	391	395	400	404	406	409	415	418	421	424	428	432	437	440	/
3A_NB	27	a	386	390	394	399	402	406	410	413	417	422	425	429	432	436	440	444	448	452
3A_NB	27	d	387	392	396	400	403	408	411	415	418	423	427	431	434	438	442	446	449	/
3A_NB	28	a	399	402	405	410	414	418	423	426	430	436	440	444	448	453	456	459	462	465
3A_NB	28	d	400	403	407	411	416	420	425	428	431	438	442	446	450	454	457	460	463	/
3A_NB	29	a	404	408	413	418	423	427	432	434	439	445	449	453	456	460	463	466	470	475
3A_NB	29	d	405	410	415	420	424	429	433	436	440	447	451	455	457	461	464	468	472	/
3A_NB	30	a	423	426	431	434	439	444	448	452	455	460	464	467	469	472	476	480	484	487
3A_NB	30	d	424	428	432	436	441	446	450	453	456	461	465	468	470	473	478	482	485	/
3A_NB	31	a	437	441	445	450	453	458	462	465	469	474	479	482	484	487	491	494	499	503
3A_NB	31	d	438	443	447	451	455	459	463	467	470	476	480	483	485	488	492	496	500	/
3A_NB	32	a	458	462	466	471	475	479	483	486	490	496	500	504	507	511	514	517	522	526
3A_NB	32	d	459	463	468	473	476	481	484	487	492	497	502	506	508	512	515	519	524	/
