RouteID	RunID	Arrivals/Departures	TimePerStop
1A_SB	1	a	19	26	37	41	45	48	54	59	65	68	73	84	89	93
1A_SB	1	d	20	27	38	43	46	50	56	61	66	70	75	85	91	/
1A_SB	2	a	39	44	52	56	61	65	71	74	81	85	90	104	109	113
1A_SB	2	d	40	45	53	58	63	66	72	76	83	87	92	105	110	/
1A_SB	3	a	51	56	64	67	71	74	79	83	89	93	97	111	116	120
1A_SB	3	d	52	57	65	68	72	75	81	84	90	94	99	112	117	/
1A_SB	4	a	62	67	75	79	82	86	91	94	99	103	107	118	123	128
1A_SB	4	d	63	68	77	80	84	87	92	95	100	104	109	119	125	/
1A_SB	5	a	74	79	88	93	96	100	107	112	118	121	126	136	143	147
1A_SB	5	d	75	81	90	94	98	102	109	114	119	123	127	138	145	/
1A_SB	6	a	96	102	110	113	116	120	126	131	138	143	147	156	160	165
1A_SB	6	d	97	103	111	114	117	121	128	133	140	144	148	157	162	/
1A_SB	7	a	108	113	122	126	130	134	140	143	148	153	157	165	171	174
1A_SB	7	d	109	115	123	127	131	135	141	144	150	154	158	167	172	/
1A_SB	8	a	119	125	134	139	144	147	153	156	163	167	171	180	185	189
1A_SB	8	d	120	127	136	141	145	148	154	158	164	169	172	182	187	/
1A_SB	9	a	132	138	148	153	156	159	165	168	173	176	179	188	193	198
1A_SB	9	d	133	139	150	154	157	160	166	169	174	177	181	190	195	/
1A_SB	10	a	138	145	155	159	162	165	170	174	180	184	188	196	201	206
1A_SB	10	d	139	146	156	160	163	167	172	176	182	186	189	197	203	/
1A_SB	11	a	168	174	183	186	189	193	198	201	206	209	214	224	231	237
1A_SB	11	d	169	176	184	187	190	194	199	203	207	211	215	225	233	/
1A_SB	12	a	186	192	202	206	210	213	220	224	230	233	237	247	252	257
1A_SB	12	d	187	194	204	208	211	215	221	226	231	235	239	248	254	/
1A_SB	13	a	199	206	213	216	219	223	230	234	240	244	248	256	261	265
1A_SB	13	d	200	207	214	217	221	225	232	236	241	245	250	257	263	/
1A_SB	14	a	217	223	231	234	239	243	250	253	259	263	266	273	280	283
1A_SB	14	d	218	225	232	236	240	244	251	254	260	264	267	275	281	/
1A_SB	15	a	232	239	248	253	256	259	264	268	275	279	283	292	299	303
1A_SB	15	d	233	240	250	254	257	260	265	269	276	280	284	294	301	/
1A_SB	16	a	253	258	266	269	273	276	283	288	295	300	304	314	321	325
1A_SB	16	d	254	259	267	271	274	278	285	289	297	302	305	316	323	/
1A_NB	1	a	13	18	24	30	36	40	45	50	56	60	65	69	77	84
1A_NB	1	d	14	20	25	32	37	41	47	51	57	62	67	71	79	/
1A_NB	2	a	28	32	38	45	51	56	60	64	70	74	79	82	88	94
1A_NB	2	d	29	34	39	47	53	57	61	65	71	76	80	83	89	/
1A_NB	3	a	51	56	62	68	74	78	82	86	92	97	100	103	109	116
1A_NB	3	d	52	57	63	69	76	79	84	88	94	98	101	104	111	/
1A_NB	4	a	67	72	79	87	93	97	102	106	112	116	120	125	135	142
1A_NB	4	d	68	74	81	89	95	98	104	107	113	118	122	127	137	/
1A_NB	5	a	94	98	104	110	116	120	125	129	136	140	143	148	156	161
1A_NB	5	d	95	100	105	111	118	121	127	130	138	141	145	150	157	/
1A_NB	6	a	111	115	120	126	133	138	143	147	153	158	163	167	175	181
1A_NB	6	d	112	116	121	127	135	140	144	149	155	160	165	168	176	/
1A_NB	7	a	120	124	130	136	142	146	151	155	161	166	170	174	182	189
1A_NB	7	d	121	125	131	138	143	148	153	156	163	167	172	175	184	/
1A_NB	8	a	135	140	147	154	160	164	170	174	181	185	189	193	200	205
1A_NB	8	d	136	141	148	156	162	165	171	175	182	187	191	195	201	/
1A_NB	9	a	145	150	157	164	169	173	180	184	190	195	199	203	209	215
1A_NB	9	d	146	152	159	165	170	175	182	185	192	196	201	204	211	/
1A_NB	10	a	171	174	180	187	193	197	204	208	216	219	222	225	233	240
1A_NB	10	d	172	175	181	188	195	199	205	210	217	220	223	226	235	/
1A_NB	11	a	181	185	190	197	203	206	213	216	224	228	232	236	245	251
1A_NB	11	d	182	186	191	198	204	208	214	218	226	229	234	238	247	/
1A_NB	12	a	186	190	196	205	212	216	223	226	234	238	242	245	253	260
1A_NB	12	d	187	192	198	207	213	217	224	228	236	239	243	246	255	/
1A_NB	13	a	215	219	226	232	237	241	247	252	259	264	269	272	280	288
1A_NB	13	d	216	221	227	233	238	242	249	254	261	266	270	274	282	/
1A_NB	14	a	222	226	231	237	243	248	254	258	265	270	275	278	286	293
1A_NB	14	d	223	227	232	239	245	249	256	260	267	272	276	280	288	/
1A_NB	15	a	233	237	242	250	257	261	268	273	279	283	287	290	298	306
1A_NB	15	d	234	238	243	252	259	263	270	275	280	285	288	292	300	/
1A_NB	16	a	249	254	261	268	274	279	284	289	296	299	304	309	314	321
1A_NB	16	d	250	256	262	269	276	280	286	291	297	301	306	310	316	/
2A_NB	1	a	10	14	19	24	27	31	36	40	44	54	62	64	68	71	75	78	81	85	88	93	98	103	106	113
2A_NB	1	d	11	16	20	25	28	33	38	42	46	56	63	66	69	72	76	79	83	86	90	95	100	104	108	/
2A_NB	2	a	38	42	46	51	54	58	63	67	72	81	87	89	93	96	99	103	107	110	113	117	122	125	129	137
2A_NB	2	d	39	43	47	53	55	60	64	69	73	82	88	91	94	97	101	105	109	111	114	119	123	127	131	/
2A_NB	3	a	55	58	62	67	70	74	79	83	86	96	104	106	109	112	115	118	121	124	128	133	137	141	144	150
2A_NB	3	d	56	59	63	69	71	75	80	84	87	98	105	107	110	113	116	119	122	125	130	134	139	142	145	/
2A_NB	4	a	62	65	69	74	77	81	87	92	96	105	110	113	116	119	123	126	131	134	139	143	148	152	156	164
2A_NB	4	d	63	66	70	75	78	83	89	93	97	106	112	114	117	120	124	128	132	136	141	145	150	154	158	/
2A_NB	5	a	69	72	77	82	85	90	96	101	105	113	119	121	125	130	135	138	141	143	148	151	156	159	162	170
2A_NB	5	d	70	74	78	83	87	92	98	102	106	115	120	123	127	132	136	139	142	145	149	153	157	160	164	/
2A_NB	6	a	96	100	105	110	114	117	122	126	129	138	145	148	152	155	158	160	163	166	170	175	179	182	186	193
2A_NB	6	d	97	102	106	112	115	119	123	127	131	140	146	150	153	156	159	161	164	167	172	176	180	184	188	/
2A_NB	7	a	120	124	129	134	136	140	147	151	154	161	168	171	173	177	182	186	189	192	196	200	204	207	212	220
2A_NB	7	d	121	126	130	135	138	142	149	152	155	162	170	172	174	179	184	187	191	194	198	201	205	209	214	/
2A_NB	8	a	139	143	147	152	156	160	166	169	172	181	188	190	193	196	201	204	207	211	215	218	222	226	230	238
2A_NB	8	d	140	144	149	154	158	162	167	170	173	183	189	191	194	198	203	205	209	213	216	219	224	228	232	/
2A_NB	9	a	155	158	162	168	170	173	178	183	187	195	201	203	205	209	212	215	219	222	226	231	235	238	241	248
2A_NB	9	d	156	159	164	169	171	174	180	184	188	196	202	204	207	210	213	216	221	224	228	232	236	239	243	/
2A_NB	10	a	170	173	178	185	188	191	198	203	207	216	223	226	229	232	237	240	245	247	252	257	262	265	269	276
2A_NB	10	d	171	175	180	187	189	193	200	204	208	217	224	227	230	234	238	242	246	249	254	259	263	266	270	/
2A_NB	11	a	189	193	197	203	205	210	216	220	225	236	242	244	248	252	256	259	263	267	272	276	279	282	287	296
2A_NB	11	d	190	194	199	204	207	212	218	222	227	237	243	246	249	253	257	261	265	269	273	277	280	284	289	/
2A_NB	12	a	203	206	211	217	219	222	227	231	235	246	252	255	259	263	266	270	275	278	281	286	290	294	297	305
2A_NB	12	d	204	208	212	218	220	223	229	232	237	247	254	257	260	264	268	272	276	279	283	287	291	295	298	/
2A_NB	13	a	214	217	221	227	230	233	240	245	250	259	266	270	272	276	280	282	286	289	294	298	303	306	309	316
2A_NB	13	d	215	218	222	229	231	235	242	247	251	260	268	271	274	277	281	283	288	291	295	300	304	307	310	/
2A_NB	14	a	236	240	243	249	251	254	260	265	270	279	286	290	292	297	301	303	306	309	314	317	321	325	329	340
2A_NB	14	d	237	241	245	250	252	255	262	267	272	281	288	291	294	298	302	304	308	310	315	318	323	327	331	/
2A_NB	15	a	249	252	255	262	266	271	278	282	287	296	302	304	307	310	315	317	321	323	327	330	336	341	346	356
2A_NB	15	d	250	253	257	264	268	273	280	284	289	297	303	306	308	312	316	318	322	324	328	332	338	343	348	/
2A_NB	16	a	265	269	273	279	281	285	290	293	296	305	311	313	317	321	326	329	332	335	340	344	348	352	357	367
2A_NB	16	d	266	271	275	280	282	286	291	294	298	307	312	315	318	323	328	330	334	337	342	345	350	354	359	/
2A_SB	1	a	18	24	29	32	37	40	43	46	51	56	60	63	66	70	75	82	88	92	97	103	106	112	116	120	130
2A_SB	1	d	19	25	30	34	38	41	44	48	53	57	62	64	68	72	76	83	89	94	98	104	108	113	118	122	/
2A_SB	2	a	29	33	40	43	47	50	54	58	63	67	71	73	76	80	83	90	95	100	104	110	114	120	124	128	138
2A_SB	2	d	30	35	41	45	48	52	55	60	64	68	72	74	77	81	84	91	97	101	105	112	116	121	125	130	/
2A_SB	3	a	36	40	47	52	56	59	61	64	68	73	77	79	82	86	89	97	103	107	112	118	121	126	130	135	145
2A_SB	3	d	37	42	49	54	57	60	62	65	70	75	78	80	83	87	90	99	104	109	113	120	122	127	132	137	/
2A_SB	4	a	46	51	59	63	68	70	72	75	78	82	85	88	91	94	98	106	112	117	121	127	130	135	139	144	153
2A_SB	4	d	47	53	60	65	69	71	73	76	79	83	87	89	92	95	99	108	114	118	123	129	131	136	141	145	/
2A_SB	5	a	65	69	76	80	83	86	88	92	95	98	101	104	107	110	113	121	126	130	134	140	143	149	153	158	169
2A_SB	5	d	66	71	77	81	84	87	89	93	96	99	103	105	108	111	114	122	127	131	135	142	145	150	155	160	/
2A_SB	6	a	80	85	91	94	97	100	103	107	111	115	118	120	123	126	130	139	145	148	152	158	160	165	168	171	181
2A_SB	6	d	81	86	92	95	99	101	104	108	112	116	119	121	124	127	131	140	146	149	153	159	161	166	169	172	/
2A_SB	7	a	86	91	97	100	103	105	109	112	117	121	125	128	132	136	140	149	155	158	161	167	170	175	178	182	194
2A_SB	7	d	87	92	98	101	104	107	110	114	118	123	127	130	134	138	141	150	156	159	162	168	171	176	180	184	/
2A_SB	8	a	94	99	105	110	115	118	121	124	128	131	134	137	142	145	148	155	161	164	169	178	181	185	189	193	204
2A_SB	8	d	95	100	107	112	117	119	122	125	129	132	135	139	143	146	150	156	162	166	171	179	182	187	191	194	/
2A_SB	9	a	101	106	113	117	121	123	126	129	133	136	140	143	147	150	154	161	167	170	174	183	186	190	194	198	208
2A_SB	9	d	102	108	114	118	122	124	127	130	134	137	141	144	148	151	156	162	168	171	176	185	187	192	196	199	/
2A_SB	10	a	108	114	120	124	127	129	132	135	139	142	146	149	152	156	161	168	176	180	183	189	191	196	201	204	214
2A_SB	10	d	109	115	122	125	128	130	133	136	140	143	147	150	154	158	163	170	178	181	184	190	193	198	202	205	/
2A_SB	11	a	122	128	133	138	141	144	146	149	153	157	161	163	166	169	173	179	186	190	193	199	202	207	211	215	225
2A_SB	11	d	123	129	135	139	142	145	147	150	154	158	162	164	167	170	174	180	187	191	194	200	204	208	213	216	/
2A_SB	12	a	127	133	138	143	146	149	152	156	160	164	168	170	173	176	180	189	196	199	202	209	212	217	222	226	236
2A_SB	12	d	128	134	140	144	147	150	154	157	161	165	169	171	174	177	182	190	197	200	204	210	214	219	224	228	/
2A_SB	13	a	141	147	154	158	162	165	167	170	174	178	182	184	187	190	193	201	209	214	218	223	227	231	234	239	250
2A_SB	13	d	142	148	156	160	163	166	168	171	175	179	183	185	188	191	194	203	211	216	219	225	228	232	236	240	/
2A_SB	14	a	152	158	165	169	173	175	177	180	183	187	191	193	197	200	204	212	219	224	227	234	237	241	245	248	260
2A_SB	14	d	153	160	167	170	174	176	178	181	184	188	192	195	198	201	205	214	221	225	229	235	238	242	246	250	/
2A_SB	15	a	164	171	179	184	187	190	193	196	199	203	206	209	213	218	222	231	237	240	243	249	253	257	261	264	275
2A_SB	15	d	165	173	181	185	189	191	194	197	200	204	208	210	215	220	223	233	238	241	244	251	254	259	262	266	/
2A_SB	16	a	194	199	205	210	214	217	220	224	228	231	235	238	243	247	250	259	265	268	271	277	281	285	288	293	302
2A_SB	16	d	195	200	207	212	216	218	221	226	229	232	237	240	244	248	252	261	266	269	273	279	282	286	290	295	/
3A_SB	1	a	21	26	30	34	38	41	43	47	52	54	59	63	66	74	77
3A_SB	1	d	22	27	31	36	39	42	45	49	53	56	60	64	68	75	/
3A_SB	2	a	47	51	55	60	64	67	71	75	79	81	85	88	91	96	99
3A_SB	2	d	48	53	57	62	65	69	73	77	80	82	86	89	92	97	/
3A_SB	3	a	63	67	72	76	79	83	86	89	94	96	101	104	107	113	117
3A_SB	3	d	64	69	73	77	81	84	87	91	95	97	102	105	108	115	/
3A_SB	4	a	82	87	92	97	101	104	108	113	118	121	125	128	131	137	140
3A_SB	4	d	83	89	93	99	103	106	110	115	119	122	126	129	132	138	/
3A_SB	5	a	102	108	111	115	118	120	123	126	130	133	138	142	145	152	157
3A_SB	5	d	103	109	112	116	119	122	124	128	131	135	140	143	147	154	/
3A_SB	6	a	121	127	130	133	136	138	141	145	149	151	155	160	164	171	175
3A_SB	6	d	122	128	131	134	137	139	142	146	150	152	157	162	166	173	/
3A_SB	7	a	135	141	144	147	152	155	158	162	166	168	173	177	180	187	191
3A_SB	7	d	136	142	145	149	153	157	159	163	167	169	174	178	182	188	/
3A_SB	8	a	147	153	158	162	166	168	170	174	177	179	184	187	190	196	200
3A_SB	8	d	148	155	159	163	167	169	172	175	178	180	185	188	191	197	/
3A_SB	9	a	153	159	163	168	173	175	177	180	184	186	191	194	197	203	208
3A_SB	9	d	154	160	165	170	174	176	178	182	185	187	192	195	198	205	/
3A_SB	10	a	166	171	175	180	183	186	189	193	197	200	206	210	214	220	225
3A_SB	10	d	167	172	177	181	185	187	191	195	199	202	208	211	215	222	/
3A_SB	11	a	179	184	188	191	195	198	201	205	208	210	216	219	223	229	232
3A_SB	11	d	180	186	189	193	196	200	202	206	209	211	217	220	224	230	/
3A_SB	12	a	187	192	195	200	205	208	210	214	218	221	227	231	235	241	246
3A_SB	12	d	188	193	197	202	206	209	211	215	220	222	229	233	236	243	/
3A_SB	13	a	195	199	203	207	211	213	216	220	224	227	233	237	241	247	251
3A_SB	13	d	196	200	204	208	212	214	217	221	226	229	235	239	242	248	/
3A_SB	14	a	217	222	226	231	234	236	239	244	247	251	256	259	263	271	275
3A_SB	14	d	218	223	228	232	235	237	241	245	249	253	257	261	265	273	/
3A_SB	15	a	231	238	243	248	251	253	256	260	264	266	270	275	279	284	287
3A_SB	15	d	232	240	245	249	252	254	257	261	265	267	272	277	280	285	/
3A_SB	16	a	243	248	252	256	259	261	263	267	272	274	279	283	287	292	296
3A_SB	16	d	244	249	253	257	260	262	264	269	273	275	280	285	288	294	/
3A_NB	1	a	28	32	36	39	42	46	50	54	57	64	70	74	79	82	87	90	94
3A_NB	1	d	29	33	37	40	44	48	52	55	59	66	72	76	80	84	88	92	/
3A_NB	2	a	44	48	52	56	61	64	68	72	75	81	84	87	91	94	99	103	107
3A_NB	2	d	45	50	54	58	62	65	70	73	77	82	85	88	92	96	100	105	/
3A_NB	3	a	51	55	59	64	68	71	75	79	83	89	92	96	100	103	108	113	117
3A_NB	3	d	52	57	61	65	69	72	76	81	85	90	93	97	101	105	110	115	/
3A_NB	4	a	65	69	73	77	82	87	91	95	99	103	106	110	114	116	120	124	128
3A_NB	4	d	66	71	75	79	84	88	93	97	100	104	107	111	115	117	121	125	/
3A_NB	5	a	83	87	92	96	99	103	106	110	113	118	122	126	129	132	136	140	143
3A_NB	5	d	84	89	94	97	101	104	107	112	115	120	123	127	130	133	137	141	/
3A_NB	6	a	100	104	108	111	115	119	123	127	131	135	139	143	146	149	154	157	160
3A_NB	6	d	101	106	109	113	116	120	124	129	132	136	140	144	148	150	155	158	/
3A_NB	7	a	118	121	125	128	132	136	141	145	148	153	157	161	165	168	173	177	181
3A_NB	7	d	119	123	126	130	134	138	142	146	150	154	158	162	166	169	174	179	/
3A_NB	8	a	145	148	151	154	158	161	165	169	173	178	182	186	190	193	198	202	205
3A_NB	8	d	146	149	152	155	159	163	167	171	175	180	183	187	191	195	199	203	/
3A_NB	9	a	151	153	157	161	166	170	174	177	180	186	189	193	197	200	205	210	215
3A_NB	9	d	152	155	159	163	168	172	175	178	182	187	190	194	199	202	207	212	/
3A_NB	10	a	164	167	170	173	177	181	186	190	194	198	202	205	209	212	216	220	224
3A_NB	10	d	165	168	171	175	179	183	188	192	195	199	203	206	210	213	217	221	/
3A_NB	11	a	174	177	180	184	189	193	197	202	205	209	213	217	221	224	230	233	238
3A_NB	11	d	175	178	182	186	190	194	199	203	206	210	214	218	222	226	231	235	/
3A_NB	12	a	185	188	192	196	199	203	207	212	215	219	223	228	232	236	242	246	251
3A_NB	12	d	186	190	194	197	200	205	209	213	216	220	225	230	234	238	243	248	/
3A_NB	13	a	196	199	204	207	211	217	220	225	227	232	237	241	245	247	253	257	261
3A_NB	13	d	197	201	205	209	213	218	222	226	228	234	238	243	246	248	255	259	/
3A_NB	14	a	211	214	218	222	226	231	236	241	243	249	253	258	262	265	270	274	278
3A_NB	14	d	212	215	219	224	228	233	238	242	245	250	255	260	263	267	271	275	/
3A_NB	15	a	222	225	229	233	238	243	246	251	254	259	263	268	271	275	280	284	288
3A_NB	15	d	223	227	231	235	240	244	248	253	256	261	265	269	273	276	281	285	/
3A_NB	16	a	239	243	248	251	256	260	264	268	271	275	278	282	287	290	295	299	302
3A_NB	16	d	240	245	249	253	257	261	266	270	272	276	280	284	288	291	296	300	/
