RouteID	RunID	Arrivals/Departures	TimePerStop
1A_SB	1	a	11	17	25	28	32	38	40	44	47	51	55	59	64	74	79	83
1A_SB	1	d	12	18	27	29	34	39	41	45	49	53	57	61	65	75	80	/
1A_SB	2	a	35	41	49	52	57	63	66	71	75	79	82	85	89	98	102	106
1A_SB	2	d	36	42	51	54	58	65	67	72	76	80	83	86	90	99	103	/
1A_SB	3	a	59	64	74	78	81	85	88	93	97	100	105	109	114	125	131	134
1A_SB	3	d	60	65	76	79	82	86	89	94	98	102	107	111	116	127	132	/
1A_SB	4	a	69	74	83	87	90	96	99	104	107	110	114	117	122	132	138	142
1A_SB	4	d	70	76	85	88	92	98	101	105	108	111	115	119	124	134	139	/
1A_SB	5	a	77	83	92	95	98	103	107	112	115	118	122	126	131	141	146	151
1A_SB	5	d	78	85	94	96	99	105	108	113	116	119	123	128	133	142	148	/
1A_SB	6	a	83	89	97	100	104	109	113	119	124	128	133	137	141	150	157	161
1A_SB	6	d	84	91	99	102	105	111	115	121	126	130	135	138	142	152	159	/
1A_SB	7	a	106	111	120	123	127	133	135	139	144	147	151	155	158	169	174	178
1A_SB	7	d	107	112	122	125	128	134	136	141	145	148	153	156	160	170	175	/
1A_SB	8	a	118	123	134	138	142	149	152	157	162	166	171	175	180	190	195	199
1A_SB	8	d	119	125	136	140	144	151	154	159	164	168	173	177	181	191	196	/
1A_SB	9	a	131	137	146	150	154	160	163	167	170	173	177	180	184	195	202	207
1A_SB	9	d	132	139	148	152	155	162	164	168	171	174	178	182	186	197	204	/
1A_SB	10	a	160	166	174	178	182	187	189	193	196	200	205	210	214	223	230	234
1A_SB	10	d	161	168	176	180	183	188	190	194	198	202	207	212	216	225	232	/
1A_SB	11	a	169	175	183	187	191	197	200	205	209	212	216	219	223	232	239	243
1A_SB	11	d	170	177	185	189	193	199	201	207	210	214	217	221	225	234	241	/
1A_SB	12	a	197	202	211	213	216	223	226	231	234	238	241	245	249	257	264	269
1A_SB	12	d	198	204	212	214	218	225	228	232	235	239	242	246	250	259	266	/
1A_SB	13	a	205	210	220	223	226	231	234	239	244	248	253	257	261	269	276	279
1A_SB	13	d	206	211	222	224	227	233	236	241	246	250	255	259	262	271	277	/
1A_SB	14	a	226	231	238	241	244	250	252	256	261	266	270	273	277	288	293	298
1A_SB	14	d	227	232	240	242	245	251	253	258	263	267	271	274	279	289	295	/
1A_SB	15	a	238	243	251	254	259	265	268	275	279	282	286	289	293	304	310	313
1A_SB	15	d	239	244	253	256	260	267	270	276	280	283	287	291	295	305	311	/
1A_SB	16	a	252	258	267	270	274	280	284	289	292	295	299	303	307	317	323	327
1A_SB	16	d	253	260	269	272	276	282	285	290	293	296	301	304	308	319	325	/
1A_SB	17	a	279	285	293	296	299	304	306	311	315	319	324	327	331	339	345	349
1A_SB	17	d	280	286	295	297	300	305	308	312	317	321	325	329	333	341	347	/
1A_SB	18	a	290	295	304	307	311	317	320	325	329	332	335	338	341	348	354	358
1A_SB	18	d	291	297	306	309	313	319	322	327	330	333	336	339	342	349	356	/
1A_SB	19	a	301	307	315	317	322	329	332	338	342	345	349	353	357	366	372	377
1A_SB	19	d	302	308	316	319	324	331	334	339	343	347	351	354	358	368	374	/
1A_SB	20	a	317	323	331	333	337	342	345	351	355	358	361	364	367	378	385	389
1A_SB	20	d	318	324	332	335	338	344	347	352	356	359	362	365	369	380	386	/
1A_SB	21	a	322	328	339	341	345	351	354	360	364	368	371	374	378	388	395	398
1A_SB	21	d	323	330	340	343	346	353	356	362	366	369	372	376	380	390	396	/
1A_SB	22	a	331	337	347	350	353	360	364	369	372	375	379	382	386	395	401	404
1A_SB	22	d	332	338	348	351	355	362	366	370	373	377	380	384	387	396	402	/
1A_SB	23	a	345	351	361	365	369	376	380	385	389	392	397	400	405	415	421	425
1A_SB	23	d	346	352	363	367	371	378	382	386	390	394	398	402	406	416	423	/
1A_SB	24	a	357	363	372	376	380	386	390	395	400	404	407	411	415	425	431	435
1A_SB	24	d	358	365	374	378	382	388	392	397	402	405	409	413	416	427	433	/
1A_SB	25	a	373	379	389	391	395	401	404	409	413	416	420	424	428	436	442	445
1A_SB	25	d	374	381	390	392	397	402	405	410	414	418	422	425	429	438	443	/
1A_SB	26	a	403	409	418	421	424	428	431	436	441	445	449	452	456	464	471	475
1A_SB	26	d	404	411	420	422	425	429	432	438	442	446	450	454	457	466	473	/
1A_SB	27	a	411	417	426	428	432	437	441	446	450	454	458	461	464	473	479	484
1A_SB	27	d	412	419	427	430	434	439	442	447	452	455	459	462	465	474	481	/
1A_SB	28	a	427	433	441	444	449	456	460	464	467	471	475	478	482	492	496	500
1A_SB	28	d	428	435	443	446	451	458	461	465	468	472	476	479	483	493	498	/
1A_SB	29	a	440	446	454	458	463	470	473	479	484	488	492	496	499	507	512	517
1A_SB	29	d	441	448	456	460	465	472	475	481	486	490	494	497	500	508	514	/
1A_SB	30	a	465	471	480	483	487	494	497	503	508	511	515	518	523	535	540	545
1A_SB	30	d	466	472	482	485	489	496	499	505	509	512	516	520	525	536	542	/
1A_SB	31	a	478	484	493	495	500	507	509	515	519	522	526	529	533	544	549	554
1A_SB	31	d	479	486	494	497	502	508	511	516	520	523	527	531	534	545	551	/
1A_SB	32	a	492	497	506	509	514	520	523	528	531	535	540	544	548	557	562	566
1A_SB	32	d	493	499	508	511	516	522	525	529	532	537	542	545	550	558	564	/
1A_SB	33	a	508	514	526	528	533	540	542	546	550	554	558	562	565	576	582	586
1A_SB	33	d	509	516	527	530	535	541	543	548	552	555	560	563	567	578	584	/
1A_SB	34	a	524	529	539	541	544	550	552	556	560	563	568	571	576	586	592	597
1A_SB	34	d	525	531	540	542	545	551	553	557	561	565	569	573	578	587	594	/
1A_SB	35	a	548	554	564	567	572	578	581	586	590	593	597	602	605	615	620	625
1A_SB	35	d	549	556	566	569	573	580	583	587	591	594	599	603	607	616	622	/
1A_SB	36	a	557	563	573	577	582	588	591	596	600	604	608	612	615	625	631	635
1A_SB	36	d	558	565	575	579	583	590	592	597	602	605	609	613	617	627	633	/
1A_SB	37	a	566	572	579	582	587	593	596	601	606	609	614	618	621	631	638	642
1A_SB	37	d	567	573	580	584	589	595	597	603	607	611	616	619	623	633	640	/
1A_SB	38	a	587	594	604	607	610	615	617	622	625	628	632	635	640	650	656	660
1A_SB	38	d	588	596	605	608	612	616	619	623	626	629	633	637	642	651	657	/
1A_SB	39	a	601	607	617	620	623	628	632	637	640	643	648	653	657	667	673	677
1A_SB	39	d	602	609	619	621	624	630	633	638	641	645	650	655	659	668	675	/
1A_SB	40	a	609	615	625	628	631	638	641	647	652	657	662	665	670	678	684	687
1A_SB	40	d	610	617	627	629	633	639	643	649	654	659	663	667	671	680	685	/
1A_SB	41	a	626	631	639	641	646	652	654	658	662	667	672	675	679	689	694	699
1A_SB	41	d	627	632	640	643	647	653	655	659	664	669	673	677	681	690	696	/
1A_SB	42	a	646	652	661	663	666	671	675	679	682	685	690	694	698	707	714	718
1A_SB	42	d	647	654	662	664	667	673	676	680	683	687	692	695	700	709	715	/
1A_SB	43	a	655	661	672	674	678	683	686	691	696	699	703	707	711	720	725	729
1A_SB	43	d	656	663	673	675	679	684	688	693	697	701	705	708	712	721	726	/
1A_SB	44	a	660	666	677	680	685	691	695	700	704	707	712	716	720	729	735	738
1A_SB	44	d	661	668	679	682	687	693	697	701	705	709	714	717	721	731	736	/
1A_SB	45	a	674	679	688	690	695	702	705	710	714	718	722	725	730	740	745	748
1A_SB	45	d	675	680	689	692	697	703	707	712	716	720	723	727	732	741	746	/
1A_SB	46	a	696	702	710	713	716	724	727	731	735	738	741	745	749	759	765	769
1A_SB	46	d	697	704	712	714	718	726	728	733	736	739	743	747	751	760	766	/
1A_SB	47	a	711	717	726	728	732	739	742	748	752	756	761	765	769	778	785	789
1A_SB	47	d	712	719	727	730	734	741	744	749	754	758	762	767	771	780	786	/
1A_SB	48	a	733	738	747	750	755	762	764	769	773	777	781	786	790	800	806	810
1A_SB	48	d	734	739	749	752	757	763	765	770	775	778	783	788	792	802	808	/
1A_SB	49	a	753	758	770	772	776	782	785	791	796	800	804	808	811	820	827	830
1A_SB	49	d	754	760	771	774	778	784	787	793	798	801	806	809	812	822	828	/
1A_SB	50	a	766	772	781	783	786	792	795	799	803	807	812	816	820	829	834	837
1A_SB	50	d	767	774	782	784	788	794	796	800	805	809	814	818	821	830	835	/
1A_SB	51	a	774	780	789	791	795	802	806	811	816	820	825	830	834	845	850	854
1A_SB	51	d	775	782	790	793	797	804	808	813	817	822	827	832	836	846	852	/
1A_SB	52	a	788	794	803	806	809	816	819	825	829	833	838	842	845	855	861	864
1A_SB	52	d	789	796	805	807	811	817	821	826	830	835	840	843	847	857	862	/
1A_SB	53	a	800	805	813	815	819	825	829	835	839	843	847	850	853	862	868	873
1A_SB	53	d	801	806	814	817	820	827	831	836	840	845	848	851	855	864	870	/
1A_SB	54	a	809	815	824	827	831	838	841	846	851	855	859	862	865	873	879	884
1A_SB	54	d	810	817	826	829	833	839	842	848	852	857	860	863	866	875	881	/
1A_SB	55	a	837	843	851	854	858	864	867	872	877	882	887	890	894	903	909	912
1A_SB	55	d	838	844	852	856	860	865	868	874	879	884	888	891	896	905	910	/
1A_SB	56	a	850	856	866	870	874	880	883	888	892	897	901	905	909	918	924	928
1A_SB	56	d	851	857	868	871	876	882	885	889	894	898	902	906	910	920	925	/
1A_SB	57	a	875	880	887	891	894	900	904	910	915	919	923	927	931	942	948	952
1A_SB	57	d	876	881	889	892	895	902	906	912	916	921	924	928	933	944	950	/
1A_SB	58	a	887	892	901	905	908	915	918	923	928	932	935	939	943	954	960	964
1A_SB	58	d	888	893	903	906	910	916	920	925	930	933	936	941	945	956	961	/
1A_SB	59	a	895	900	910	913	917	922	926	930	934	937	941	945	949	960	965	969
1A_SB	59	d	896	902	911	915	918	924	927	931	935	939	942	947	951	962	966	/
1A_SB	60	a	901	906	916	918	922	928	931	936	940	944	949	952	956	966	971	975
1A_SB	60	d	902	908	917	920	924	930	933	937	942	946	950	954	957	968	972	/
1A_SB	61	a	917	922	930	932	937	943	946	951	954	957	961	966	969	978	984	988
1A_SB	61	d	918	923	931	934	938	945	948	952	955	958	963	967	971	980	986	/
1A_SB	62	a	928	933	942	944	947	954	957	962	966	970	974	977	981	991	996	999
1A_SB	62	d	929	935	943	945	949	956	959	963	968	971	975	979	983	993	997	/
1A_SB	63	a	954	960	969	972	976	983	987	992	996	999	1003	1006	1009	1020	1026	1029
1A_SB	63	d	955	962	971	974	978	985	989	993	997	1000	1004	1007	1011	1022	1027	/
1A_SB	64	a	977	982	992	996	1001	1007	1010	1016	1020	1024	1027	1031	1035	1045	1051	1055
1A_SB	64	d	978	983	994	998	1003	1009	1012	1017	1021	1025	1029	1033	1037	1047	1052	/
1A_NB	1	a	25	30	37	45	50	55	60	64	68	73	78	83	85	89	97	104
1A_NB	1	d	26	32	38	46	52	57	62	65	69	75	79	84	86	91	99	/
1A_NB	2	a	47	52	59	66	71	74	78	82	86	92	95	101	103	108	116	122
1A_NB	2	d	48	54	61	67	72	75	80	83	88	93	97	102	105	110	117	/
1A_NB	3	a	65	70	75	81	87	91	95	99	103	108	112	118	122	127	135	142
1A_NB	3	d	66	71	76	82	88	92	97	100	104	110	114	120	124	128	137	/
1A_NB	4	a	77	81	87	94	100	103	107	111	116	123	127	132	136	141	150	156
1A_NB	4	d	78	83	89	96	101	104	109	113	117	124	128	134	138	142	151	/
1A_NB	5	a	86	90	96	104	111	115	119	124	129	135	139	144	147	151	160	166
1A_NB	5	d	87	92	97	106	112	117	121	126	130	136	141	145	148	153	161	/
1A_NB	6	a	97	101	107	115	122	126	130	135	139	145	149	154	157	161	169	175
1A_NB	6	d	98	103	109	117	124	127	132	136	140	146	150	155	159	162	171	/
1A_NB	7	a	106	110	116	124	131	135	139	144	149	154	157	163	166	170	179	186
1A_NB	7	d	107	112	118	126	133	136	141	146	151	155	159	164	167	172	181	/
1A_NB	8	a	115	119	125	132	139	143	148	152	155	160	164	170	173	177	185	191
1A_NB	8	d	116	121	126	134	141	145	150	153	157	162	166	171	174	178	186	/
1A_NB	9	a	124	128	134	143	148	151	156	159	162	167	170	175	178	182	190	196
1A_NB	9	d	125	130	136	144	149	153	157	160	164	168	171	176	179	184	191	/
1A_NB	10	a	133	137	144	153	158	161	166	170	175	181	185	189	191	195	201	208
1A_NB	10	d	134	139	146	155	159	163	168	172	177	182	186	190	192	196	203	/
1A_NB	11	a	143	147	154	163	167	171	176	180	184	191	196	201	204	207	213	218
1A_NB	11	d	144	149	155	164	168	173	178	181	186	193	197	202	205	208	214	/
1A_NB	12	a	165	169	176	184	190	194	199	203	206	212	216	222	226	230	239	245
1A_NB	12	d	166	171	178	185	191	196	200	204	208	214	218	224	227	232	240	/
1A_NB	13	a	190	194	201	208	213	217	223	227	231	237	240	246	249	253	263	269
1A_NB	13	d	191	196	203	209	214	219	225	228	233	238	242	248	250	255	265	/
1A_NB	14	a	200	204	210	216	223	227	231	235	240	244	249	254	257	262	271	278
1A_NB	14	d	201	205	211	218	224	228	233	237	241	246	250	255	259	263	273	/
1A_NB	15	a	210	214	219	226	232	236	241	244	248	252	256	261	264	268	276	283
1A_NB	15	d	211	215	221	228	233	238	242	245	249	253	258	262	265	270	278	/
1A_NB	16	a	216	220	225	234	239	244	248	252	256	262	266	271	275	279	286	292
1A_NB	16	d	217	221	227	235	241	245	250	253	258	264	268	273	276	280	287	/
1A_NB	17	a	226	230	236	244	249	253	258	261	265	270	274	279	282	286	295	302
1A_NB	17	d	227	231	237	245	250	255	259	262	266	271	275	280	283	288	297	/
1A_NB	18	a	244	248	254	263	268	272	276	279	282	288	291	297	300	305	311	316
1A_NB	18	d	245	250	256	264	270	273	277	280	284	289	293	298	302	306	312	/
1A_NB	19	a	274	279	284	290	296	300	304	307	311	317	320	325	328	332	339	345
1A_NB	19	d	275	280	285	291	297	301	305	308	312	318	322	327	329	333	340	/
1A_NB	20	a	288	293	299	307	314	317	321	326	330	336	340	345	348	352	361	366
1A_NB	20	d	289	295	301	309	315	318	323	327	332	338	341	347	349	354	362	/
1A_NB	21	a	305	309	314	322	329	332	337	342	347	354	357	361	363	368	377	383
1A_NB	21	d	306	310	315	324	330	334	339	344	349	355	358	362	365	370	379	/
1A_NB	22	a	326	331	336	343	349	353	357	362	367	373	376	382	385	390	397	402
1A_NB	22	d	327	332	337	345	350	355	359	364	368	374	378	384	387	391	398	/
1A_NB	23	a	336	340	345	352	357	361	365	369	373	379	383	389	392	396	403	410
1A_NB	23	d	337	341	347	353	358	362	367	370	374	381	385	390	393	397	405	/
1A_NB	24	a	354	358	364	372	379	382	387	391	396	402	405	411	414	419	429	436
1A_NB	24	d	355	359	366	374	380	383	389	393	397	403	407	412	416	421	431	/
1A_NB	25	a	362	366	373	381	388	391	395	399	403	410	415	420	422	427	436	443
1A_NB	25	d	363	368	375	383	389	393	396	400	405	412	416	421	424	428	438	/
1A_NB	26	a	391	395	401	409	416	421	425	428	433	438	442	447	449	453	461	467
1A_NB	26	d	392	397	402	411	418	422	426	430	434	439	444	448	450	455	462	/
1A_NB	27	a	410	415	421	428	433	438	443	447	450	456	461	466	469	474	483	490
1A_NB	27	d	411	417	423	429	435	440	444	448	451	458	463	468	471	476	485	/
1A_NB	28	a	426	430	437	446	453	458	463	467	470	476	479	484	487	491	500	505
1A_NB	28	d	427	432	439	448	455	460	465	468	471	477	480	485	488	493	501	/
1A_NB	29	a	450	454	461	469	475	480	483	486	491	497	501	506	510	514	521	527
1A_NB	29	d	451	456	462	470	477	481	484	488	492	499	503	508	511	515	522	/
1A_NB	30	a	457	461	468	477	484	489	493	498	503	508	512	517	519	523	530	535
1A_NB	30	d	458	463	470	479	486	491	495	500	504	510	514	518	520	524	531	/
1A_NB	31	a	474	478	484	492	496	500	504	508	512	519	522	527	530	533	540	547
1A_NB	31	d	475	480	485	493	498	501	505	509	514	520	524	528	531	534	542	/
1A_NB	32	a	484	488	493	501	507	511	515	518	522	528	531	535	539	543	551	558
1A_NB	32	d	485	489	494	503	509	513	516	519	523	529	532	537	540	544	553	/
1A_NB	33	a	508	512	518	525	532	537	542	547	551	556	559	564	567	571	579	584
1A_NB	33	d	509	513	519	527	534	539	544	548	553	557	560	565	568	572	580	/
1A_NB	34	a	526	531	537	547	554	557	561	565	569	575	579	585	587	592	601	606
1A_NB	34	d	527	532	539	549	555	558	563	566	571	576	581	586	589	593	602	/
1A_NB	35	a	538	543	549	556	563	566	571	575	579	584	588	592	594	599	607	612
1A_NB	35	d	539	544	550	558	564	568	572	577	580	586	589	593	596	600	608	/
1A_NB	36	a	547	551	557	564	571	575	579	584	588	592	596	601	605	609	617	623
1A_NB	36	d	548	552	558	566	572	577	581	586	589	594	598	603	606	610	619	/
1A_NB	37	a	565	569	574	583	590	594	598	603	607	613	617	623	626	630	638	643
1A_NB	37	d	566	570	576	585	591	595	600	604	609	615	619	625	627	632	639	/
1A_NB	38	a	583	587	594	603	608	613	617	621	626	632	635	639	641	646	654	661
1A_NB	38	d	584	589	596	604	610	614	619	623	628	633	636	640	643	648	656	/
1A_NB	39	a	591	595	602	610	615	620	625	629	632	638	641	645	648	653	660	665
1A_NB	39	d	592	597	603	611	617	622	627	630	634	639	642	647	650	654	661	/
1A_NB	40	a	605	609	615	625	631	636	640	644	648	654	658	664	666	671	678	684
1A_NB	40	d	606	610	617	626	633	637	642	646	650	655	660	665	668	672	680	/
1A_NB	41	a	622	626	633	641	646	650	654	657	661	666	670	676	678	681	690	697
1A_NB	41	d	623	628	635	642	647	652	655	659	662	668	672	677	679	683	692	/
1A_NB	42	a	645	650	657	663	667	672	677	680	685	690	694	699	703	707	715	721
1A_NB	42	d	646	652	658	664	669	674	678	682	686	691	696	701	704	708	716	/
1A_NB	43	a	652	657	664	672	677	682	686	689	693	699	703	707	709	714	723	730
1A_NB	43	d	653	659	666	674	679	683	687	691	695	700	704	708	711	716	724	/
1A_NB	44	a	670	675	679	686	692	696	699	703	706	710	714	719	723	726	734	740
1A_NB	44	d	671	676	681	688	693	697	701	704	707	712	716	721	724	727	736	/
1A_NB	45	a	686	691	696	703	710	714	719	724	728	733	736	740	743	747	758	763
1A_NB	45	d	687	692	698	705	711	716	721	726	729	734	737	742	744	749	759	/
1A_NB	46	a	709	713	720	727	734	737	741	746	751	758	762	768	771	775	784	790
1A_NB	46	d	710	715	721	729	735	738	743	748	753	760	764	769	772	776	785	/
1A_NB	47	a	716	720	726	734	741	744	748	753	757	764	769	774	778	782	791	798
1A_NB	47	d	717	721	728	736	742	745	750	755	759	766	771	776	779	784	793	/
1A_NB	48	a	740	745	751	759	765	769	774	778	783	788	792	797	800	803	811	818
1A_NB	48	d	741	746	752	760	766	771	776	780	784	789	794	798	801	805	813	/
1A_NB	49	a	752	757	764	772	777	782	787	791	796	802	807	812	815	820	829	835
1A_NB	49	d	753	758	765	773	779	784	789	793	797	804	809	814	817	822	831	/
1A_NB	50	a	770	774	779	788	793	797	801	805	809	813	817	822	824	829	838	843
1A_NB	50	d	771	775	781	789	795	798	802	807	810	814	818	823	826	831	839	/
1A_NB	51	a	794	798	803	810	816	820	825	830	834	840	845	850	853	858	867	873
1A_NB	51	d	795	799	804	812	817	822	827	832	836	842	847	851	855	859	868	/
1A_NB	52	a	801	805	811	819	825	829	833	838	841	846	851	856	858	863	873	879
1A_NB	52	d	802	807	812	821	826	831	835	839	842	848	853	857	860	865	874	/
1A_NB	53	a	826	830	837	845	850	855	858	861	865	871	875	881	883	888	895	901
1A_NB	53	d	827	832	839	846	852	856	859	862	866	872	877	882	885	889	897	/
1A_NB	54	a	836	840	847	856	861	866	869	872	875	880	884	889	893	898	906	912
1A_NB	54	d	837	841	849	857	863	867	870	873	876	881	885	891	895	900	908	/
1A_NB	55	a	841	845	853	863	868	872	877	881	885	891	895	900	904	908	915	921
1A_NB	55	d	842	847	855	864	870	874	879	883	887	893	896	902	906	909	917	/
1A_NB	56	a	869	873	879	887	894	899	902	905	910	915	919	924	926	931	939	945
1A_NB	56	d	870	874	881	889	896	900	903	907	911	917	921	925	928	932	941	/
1A_NB	57	a	879	883	890	897	903	908	912	915	919	925	928	932	935	940	948	953
1A_NB	57	d	880	885	891	898	905	910	913	917	920	926	929	934	937	941	949	/
1A_NB	58	a	898	903	909	917	922	927	931	934	938	944	949	954	957	962	969	976
1A_NB	58	d	899	904	911	918	924	929	932	935	939	946	951	955	959	963	971	/
1A_NB	59	a	921	926	932	940	946	950	955	958	962	967	970	975	978	981	987	993
1A_NB	59	d	922	928	933	941	948	952	956	959	963	968	971	976	979	982	988	/
1A_NB	60	a	938	942	949	955	960	965	969	973	978	983	987	991	994	997	1005	1012
1A_NB	60	d	939	944	950	956	962	966	970	975	979	984	988	993	995	999	1007	/
1A_NB	61	a	943	947	953	960	966	970	975	979	984	990	994	999	1002	1005	1013	1019
1A_NB	61	d	944	949	955	962	967	972	977	981	986	992	995	1001	1003	1007	1014	/
1A_NB	62	a	959	963	968	975	981	986	991	996	1001	1007	1011	1016	1019	1023	1031	1037
1A_NB	62	d	960	964	969	976	983	988	993	998	1003	1008	1013	1018	1020	1025	1033	/
1A_NB	63	a	972	976	983	990	996	1000	1005	1010	1014	1020	1023	1027	1029	1034	1042	1047
1A_NB	63	d	973	977	984	991	998	1002	1007	1011	1016	1021	1024	1028	1031	1036	1043	/
1A_NB	64	a	978	982	989	997	1003	1008	1013	1018	1022	1028	1031	1036	1038	1043	1050	1055
1A_NB	64	d	979	983	991	998	1005	1010	1015	1019	1024	1029	1033	1037	1039	1044	1051	/
2A_NB	1	a	22	26	31	35	38	42	47	50	53	62	67	74	76	79	83	89	92	96	100	103	110	115
2A_NB	1	d	23	27	33	36	40	43	48	51	55	64	68	75	78	80	84	90	94	98	101	104	112	/
2A_NB	2	a	37	40	45	48	50	54	61	66	71	79	84	90	93	95	100	106	110	114	117	122	130	134
2A_NB	2	d	38	41	46	49	51	56	63	68	72	81	85	92	94	97	101	107	112	115	119	123	132	/
2A_NB	3	a	49	53	60	63	66	70	77	82	86	93	98	104	106	108	112	119	123	128	132	135	142	147
2A_NB	3	d	50	55	62	64	68	71	79	83	87	95	99	105	107	109	114	120	125	130	133	136	144	/
2A_NB	4	a	70	73	79	82	85	88	95	99	102	109	112	119	122	125	130	136	139	143	147	151	160	165
2A_NB	4	d	71	74	80	83	86	90	96	100	103	110	114	120	124	127	132	137	140	145	148	153	162	/
2A_NB	5	a	77	81	87	90	92	95	102	107	110	118	121	127	130	133	137	143	147	152	155	160	169	173
2A_NB	5	d	78	83	88	91	93	97	104	108	111	119	122	128	132	134	139	145	149	153	157	162	170	/
2A_NB	6	a	97	100	106	110	113	116	121	125	128	135	140	146	148	150	153	159	164	168	172	176	185	188
2A_NB	6	d	98	101	108	112	114	117	122	126	130	137	141	147	149	151	155	161	166	169	174	178	186	/
2A_NB	7	a	106	109	116	120	123	128	135	140	143	152	156	162	165	168	173	179	183	187	192	196	204	207
2A_NB	7	d	107	111	118	121	125	130	137	141	145	154	158	163	167	170	174	181	185	189	194	198	205	/
2A_NB	8	a	129	132	137	140	143	146	154	158	162	171	176	183	187	190	194	201	206	211	215	219	225	230
2A_NB	8	d	130	133	138	141	144	148	155	160	164	173	178	185	189	192	196	203	208	212	217	220	227	/
2A_NB	9	a	138	141	148	152	155	159	166	170	173	180	184	191	195	198	201	207	212	217	221	225	233	237
2A_NB	9	d	139	143	150	153	156	161	168	171	175	182	186	193	197	199	202	209	214	218	223	227	234	/
2A_NB	10	a	152	156	161	165	168	172	179	183	187	195	198	206	209	212	216	223	227	231	235	239	247	251
2A_NB	10	d	153	157	163	166	170	173	180	185	189	196	200	207	211	213	218	224	229	233	237	241	249	/
2A_NB	11	a	180	183	189	192	195	198	204	208	213	220	225	233	235	238	243	250	254	258	261	265	273	276
2A_NB	11	d	181	185	190	193	196	199	205	210	214	222	227	234	237	240	245	251	256	259	262	267	274	/
2A_NB	12	a	198	202	207	209	212	215	221	227	230	238	242	248	251	254	258	265	268	271	276	280	289	294
2A_NB	12	d	199	203	208	211	213	216	223	228	232	240	243	249	252	255	260	266	269	273	277	281	291	/
2A_NB	13	a	214	218	225	228	230	234	240	244	248	257	261	267	270	272	277	284	288	291	295	300	308	311
2A_NB	13	d	215	220	227	229	232	235	241	246	250	259	262	268	271	274	278	285	289	293	297	302	309	/
2A_NB	14	a	228	232	239	243	247	250	257	261	265	273	277	285	289	292	295	302	307	311	315	318	327	331
2A_NB	14	d	229	234	241	245	248	252	259	263	267	275	279	287	291	293	297	304	308	312	316	320	328	/
2A_NB	15	a	250	254	260	262	265	268	274	278	281	288	292	299	301	304	307	313	317	321	325	328	337	341
2A_NB	15	d	251	255	261	263	266	269	275	279	283	289	294	300	302	305	309	314	318	322	326	330	338	/
2A_NB	16	a	259	262	269	273	276	279	287	292	295	303	307	315	317	319	322	328	333	337	342	345	353	358
2A_NB	16	d	260	264	271	274	277	281	289	293	296	304	309	316	318	320	323	330	334	339	343	347	355	/
2A_NB	17	a	282	285	292	296	298	301	308	313	318	324	328	333	336	339	343	349	353	358	362	365	372	375
2A_NB	17	d	283	287	294	297	299	302	310	315	319	326	329	334	337	340	345	351	355	360	363	366	373	/
2A_NB	18	a	299	302	308	311	315	319	326	331	335	342	346	353	356	358	363	369	374	378	381	385	392	396
2A_NB	18	d	300	304	310	313	317	321	328	332	336	344	348	354	357	360	364	371	376	379	383	386	394	/
2A_NB	19	a	309	312	317	320	323	327	334	338	342	350	353	359	361	364	368	375	380	383	386	390	397	401
2A_NB	19	d	310	313	318	322	325	329	336	339	344	351	354	360	363	365	370	377	381	384	388	392	399	/
2A_NB	20	a	322	326	333	337	340	344	351	355	358	366	370	375	379	382	385	390	393	397	401	404	413	417
2A_NB	20	d	323	328	335	339	342	346	352	356	360	367	371	377	381	383	387	391	395	398	402	406	414	/
2A_NB	21	a	334	337	344	347	350	353	360	364	369	376	379	386	390	393	397	402	405	409	413	417	426	429
2A_NB	21	d	335	338	345	348	351	355	361	366	370	377	381	388	391	394	398	403	407	411	415	419	427	/
2A_NB	22	a	351	354	360	363	366	370	377	380	384	390	395	400	404	407	412	418	422	425	430	434	442	447
2A_NB	22	d	352	355	361	364	367	372	378	382	385	392	396	402	406	409	413	419	423	427	431	435	444	/
2A_NB	23	a	370	373	378	381	385	389	396	400	404	411	415	421	425	428	431	437	442	447	451	454	461	466
2A_NB	23	d	371	374	380	383	387	391	397	402	405	413	416	423	426	429	433	439	444	448	452	455	463	/
2A_NB	24	a	385	388	394	397	400	405	412	416	420	427	430	436	438	440	445	450	454	457	461	465	474	477
2A_NB	24	d	386	390	395	398	402	407	414	417	421	428	431	437	439	442	446	451	455	459	463	467	475	/
2A_NB	25	a	395	399	404	406	408	412	419	422	426	433	436	443	445	447	451	457	461	464	468	471	480	483
2A_NB	25	d	396	400	405	407	410	414	420	424	427	434	437	444	446	448	453	458	462	465	469	473	481	/
2A_NB	26	a	407	411	417	420	422	426	434	439	444	452	456	463	465	467	471	478	481	485	488	492	499	503
2A_NB	26	d	408	412	419	421	423	427	436	441	446	454	458	464	466	468	473	479	483	486	490	493	501	/
2A_NB	27	a	420	424	430	434	436	439	446	451	455	463	468	475	477	480	485	492	495	498	501	505	512	516
2A_NB	27	d	421	425	432	435	437	440	448	452	456	465	470	476	479	482	486	493	496	499	502	506	514	/
2A_NB	28	a	436	440	447	450	452	455	461	465	469	479	484	490	493	495	498	505	509	513	516	520	528	533
2A_NB	28	d	437	442	449	451	453	456	463	466	471	481	486	492	494	496	500	506	510	514	518	521	530	/
2A_NB	29	a	457	460	466	469	471	474	481	486	489	497	502	507	510	513	516	522	525	529	532	536	544	548
2A_NB	29	d	458	461	467	470	472	476	483	487	490	499	503	508	511	514	517	523	527	530	534	538	545	/
2A_NB	30	a	467	470	476	479	483	488	495	499	503	511	515	521	523	526	531	537	542	545	548	552	559	563
2A_NB	30	d	468	472	477	481	485	489	496	501	504	512	517	522	524	528	533	539	543	546	549	553	561	/
2A_NB	31	a	494	498	503	506	509	512	518	523	528	536	539	545	548	550	553	561	564	567	572	576	584	588
2A_NB	31	d	495	499	505	507	510	514	520	525	530	537	540	547	549	551	555	562	565	569	574	578	585	/
2A_NB	32	a	508	512	519	522	525	530	536	540	545	554	558	565	568	570	575	581	586	590	594	598	607	611
2A_NB	32	d	509	514	520	523	527	532	538	542	547	556	560	566	569	572	577	583	587	591	595	599	608	/
2A_NB	33	a	520	524	530	533	537	541	548	551	555	561	565	571	574	577	582	587	592	596	601	605	612	616
2A_NB	33	d	521	526	532	535	538	543	549	552	556	563	566	572	576	579	583	589	593	598	603	606	613	/
2A_NB	34	a	542	545	551	554	557	561	568	571	575	582	586	593	597	599	604	611	615	620	624	627	634	637
2A_NB	34	d	543	547	552	555	559	563	569	572	576	584	588	595	598	601	606	612	617	622	625	628	635	/
2A_NB	35	a	560	563	569	572	576	579	585	588	592	601	605	610	613	616	620	626	630	635	639	642	650	655
2A_NB	35	d	561	565	570	574	577	580	586	590	593	603	606	611	615	617	621	627	632	636	640	644	652	/
2A_NB	36	a	569	573	578	582	586	589	596	599	603	611	615	621	623	626	631	637	641	646	649	654	662	667
2A_NB	36	d	570	574	580	584	587	590	597	601	604	613	616	622	625	628	632	639	643	647	651	655	664	/
2A_NB	37	a	587	590	595	598	601	606	612	616	621	629	633	639	642	644	647	653	658	662	666	670	678	682
2A_NB	37	d	588	591	596	599	603	607	613	618	623	631	634	640	643	645	648	655	659	663	668	672	680	/
2A_NB	38	a	609	613	619	622	625	630	636	640	643	652	656	663	666	670	675	683	686	689	692	695	702	706
2A_NB	38	d	610	615	620	623	627	631	637	641	645	653	658	665	668	672	677	684	687	690	693	696	704	/
2A_NB	39	a	615	618	624	628	631	636	642	647	652	660	665	672	675	677	681	689	692	695	698	701	708	711
2A_NB	39	d	616	620	626	629	633	637	644	649	653	662	667	674	676	678	683	690	693	696	699	702	709	/
2A_NB	40	a	629	632	637	641	643	647	653	658	662	669	674	680	683	685	689	695	699	703	706	711	719	724
2A_NB	40	d	630	633	639	642	644	648	655	659	663	671	675	682	684	686	690	697	701	704	708	713	721	/
2A_NB	41	a	652	655	659	662	666	670	677	680	683	690	694	701	704	708	712	718	723	727	730	734	743	748
2A_NB	41	d	653	656	661	664	668	672	678	681	684	692	696	703	706	709	713	720	724	728	731	736	745	/
2A_NB	42	a	676	679	684	687	689	693	699	704	707	714	718	725	728	732	736	742	746	750	754	758	765	769
2A_NB	42	d	677	680	686	688	690	694	701	705	709	716	720	727	730	733	738	743	748	752	756	759	766	/
2A_NB	43	a	691	695	701	704	707	711	717	721	725	733	737	744	748	751	754	761	766	770	775	780	787	791
2A_NB	43	d	692	697	702	705	708	712	718	723	727	735	739	746	750	752	756	763	767	772	777	782	788	/
2A_NB	44	a	705	708	714	716	719	723	730	734	739	747	751	758	761	764	767	774	779	783	786	789	795	800
2A_NB	44	d	706	709	715	717	721	725	731	736	741	749	752	759	763	765	768	776	780	784	787	790	797	/
2A_NB	45	a	730	733	739	742	744	748	754	758	763	770	775	782	785	788	792	801	805	809	813	817	826	830
2A_NB	45	d	731	734	740	743	745	749	756	760	764	772	777	783	787	789	794	802	806	811	814	819	827	/
2A_NB	46	a	743	746	753	757	761	765	772	776	779	787	791	797	800	802	806	812	816	820	824	827	835	840
2A_NB	46	d	744	748	755	759	762	766	774	777	781	789	792	799	801	803	807	813	817	822	825	829	837	/
2A_NB	47	a	765	768	774	778	782	786	792	796	801	809	812	819	822	825	828	833	837	841	845	848	856	860
2A_NB	47	d	766	770	776	780	784	787	794	798	803	810	814	820	824	826	829	834	838	842	846	849	857	/
2A_NB	48	a	781	784	790	794	798	802	808	812	817	825	828	836	839	841	845	853	858	862	867	871	880	883
2A_NB	48	d	782	785	792	796	800	803	809	814	819	826	829	838	840	842	847	855	860	864	868	873	881	/
2A_NB	49	a	793	796	803	807	810	813	819	824	828	838	843	850	853	857	862	868	872	876	879	883	891	894
2A_NB	49	d	794	798	805	808	811	814	821	826	830	840	844	851	855	859	863	869	873	877	881	884	892	/
2A_NB	50	a	813	816	823	826	829	834	840	845	849	857	860	866	869	872	875	881	885	890	895	898	907	910
2A_NB	50	d	814	818	824	828	831	836	842	847	850	858	861	867	871	873	876	883	887	892	896	900	908	/
2A_NB	51	a	842	846	852	855	857	862	869	872	875	882	887	893	897	900	903	909	914	917	921	926	934	939
2A_NB	51	d	843	847	853	856	859	864	870	873	876	884	889	895	898	901	904	911	915	919	923	928	936	/
2A_NB	52	a	860	864	871	874	877	880	887	891	895	903	906	912	916	920	925	931	935	938	942	945	954	958
2A_NB	52	d	861	866	872	876	878	882	889	893	896	904	907	914	918	922	926	932	936	940	943	947	955	/
2A_NB	53	a	867	871	878	882	884	887	893	897	901	908	912	918	921	925	930	936	941	945	949	953	961	966
2A_NB	53	d	868	873	880	883	885	888	895	899	902	910	913	920	923	927	931	938	943	946	951	954	963	/
2A_NB	54	a	894	897	904	907	909	912	919	923	927	937	940	946	948	951	956	962	967	971	975	978	987	992
2A_NB	54	d	895	899	906	908	910	914	921	924	929	938	942	947	950	953	958	964	969	973	976	980	989	/
2A_NB	55	a	912	915	921	924	928	933	940	943	946	953	957	963	966	968	972	978	983	988	992	996	1004	1008
2A_NB	55	d	913	916	922	926	930	934	941	944	947	954	958	964	967	969	973	980	985	990	994	997	1005	/
2A_NB	56	a	923	926	932	935	938	942	950	953	958	965	969	977	981	985	988	994	998	1001	1004	1008	1017	1022
2A_NB	56	d	924	927	933	937	939	944	951	955	959	966	971	979	983	986	990	996	999	1002	1006	1009	1019	/
2A_NB	57	a	947	950	955	958	962	965	972	976	979	989	993	1000	1004	1006	1011	1017	1021	1024	1028	1033	1041	1045
2A_NB	57	d	948	951	956	960	963	966	974	977	981	990	995	1002	1005	1008	1012	1018	1022	1026	1030	1034	1043	/
2A_NB	58	a	958	961	967	970	973	978	985	989	992	1000	1004	1010	1013	1015	1019	1026	1030	1033	1036	1039	1047	1050
2A_NB	58	d	959	963	968	971	975	980	987	990	993	1001	1005	1012	1014	1016	1021	1027	1031	1034	1037	1041	1048	/
2A_NB	59	a	968	971	976	979	982	986	993	996	1000	1008	1013	1020	1022	1025	1029	1036	1041	1044	1047	1051	1060	1064
2A_NB	59	d	969	972	977	980	983	988	994	998	1001	1010	1015	1021	1023	1026	1031	1038	1042	1045	1049	1052	1061	/
2A_NB	60	a	977	980	985	989	993	997	1002	1006	1011	1019	1024	1032	1035	1038	1043	1048	1053	1057	1061	1065	1074	1078
2A_NB	60	d	978	981	987	991	995	998	1004	1008	1013	1021	1026	1034	1036	1040	1044	1050	1055	1059	1062	1067	1075	/
2A_NB	61	a	990	994	999	1002	1005	1009	1015	1018	1022	1032	1037	1042	1045	1048	1053	1059	1064	1069	1073	1078	1087	1090
2A_NB	61	d	991	995	1000	1003	1007	1010	1016	1019	1024	1034	1038	1044	1046	1050	1055	1061	1066	1071	1075	1080	1088	/
2A_NB	62	a	1001	1005	1010	1013	1016	1019	1025	1029	1033	1042	1046	1052	1055	1058	1063	1069	1073	1077	1080	1084	1092	1096
2A_NB	62	d	1002	1006	1012	1015	1017	1020	1027	1031	1034	1044	1048	1053	1056	1060	1065	1070	1074	1078	1081	1085	1094	/
2A_NB	63	a	1019	1023	1028	1031	1034	1037	1043	1046	1050	1056	1059	1065	1067	1069	1072	1078	1082	1086	1090	1095	1101	1105
2A_NB	63	d	1020	1024	1030	1033	1035	1038	1044	1048	1051	1057	1061	1066	1068	1070	1074	1080	1083	1088	1092	1096	1103	/
2A_NB	64	a	1026	1030	1035	1037	1040	1043	1050	1055	1060	1067	1070	1077	1079	1083	1088	1093	1098	1101	1106	1111	1120	1123
2A_NB	64	d	1027	1031	1036	1039	1041	1045	1052	1057	1062	1068	1071	1078	1081	1085	1089	1095	1099	1103	1108	1113	1121	/
2A_SB	1	a	13	15	24	28	32	36	41	46	50	53	58	62	68	72	78	82	85	92	94	98	102	105	116	122
2A_SB	1	d	14	17	26	29	34	38	42	48	51	55	60	64	69	74	80	83	86	93	95	99	103	107	118	/
2A_SB	2	a	19	21	30	34	37	41	46	52	56	59	64	67	73	78	85	89	93	99	101	105	108	112	122	127
2A_SB	2	d	20	23	32	35	39	43	47	54	57	60	65	69	75	80	87	90	94	100	102	106	109	113	123	/
2A_SB	3	a	27	29	37	41	44	47	52	58	61	65	71	74	81	85	92	96	100	106	109	112	116	121	133	138
2A_SB	3	d	28	31	39	42	46	49	53	59	63	67	72	76	82	87	94	97	101	107	110	114	118	122	134	/
2A_SB	4	a	53	56	64	67	71	74	77	83	86	90	94	98	105	110	117	122	126	132	136	140	144	147	157	163
2A_SB	4	d	54	58	65	69	72	75	78	85	88	92	96	100	107	112	119	124	127	134	138	141	145	148	158	/
2A_SB	5	a	67	69	75	78	82	84	88	95	99	103	107	111	116	120	126	130	133	139	142	145	149	152	164	171
2A_SB	5	d	68	70	76	80	83	86	90	97	100	105	109	112	117	122	128	131	134	140	143	146	150	154	166	/
2A_SB	6	a	80	82	90	94	97	99	103	109	111	114	117	120	127	131	137	141	146	152	155	158	162	166	179	185
2A_SB	6	d	81	84	91	95	98	100	104	110	112	115	118	122	128	133	139	143	147	153	156	159	164	168	180	/
2A_SB	7	a	93	96	104	107	110	113	116	123	126	129	132	136	142	145	151	154	159	166	169	172	177	180	192	198
2A_SB	7	d	94	97	105	108	111	114	117	124	127	130	134	137	143	146	152	156	161	168	170	174	178	181	193	/
2A_SB	8	a	116	119	126	130	134	137	142	148	151	155	160	163	168	173	180	185	188	193	195	198	201	205	217	224
2A_SB	8	d	117	120	127	131	136	139	144	149	153	157	161	164	170	174	182	186	189	194	196	199	202	206	219	/
2A_SB	9	a	129	131	138	142	147	150	154	161	165	169	172	176	182	185	191	195	200	206	209	213	217	221	234	241
2A_SB	9	d	130	132	140	144	149	152	156	163	167	170	173	178	183	187	192	197	201	208	210	215	219	222	236	/
2A_SB	10	a	151	153	161	166	170	174	178	184	187	190	193	197	203	206	211	214	218	224	227	231	234	238	251	257
2A_SB	10	d	152	155	163	167	172	175	179	185	188	191	195	198	204	207	212	215	219	225	228	232	236	240	252	/
2A_SB	11	a	167	169	175	179	184	187	192	199	202	205	208	211	218	222	228	231	234	241	245	250	253	256	266	272
2A_SB	11	d	168	170	177	181	186	189	194	200	203	206	209	213	219	223	229	232	236	243	247	251	254	257	268	/
2A_SB	12	a	178	180	189	192	197	200	203	211	214	218	223	228	234	238	245	250	253	259	262	266	269	273	283	288
2A_SB	12	d	179	182	190	194	199	201	205	213	215	220	225	230	235	240	247	251	254	260	263	267	271	274	284	/
2A_SB	13	a	200	203	209	212	215	217	221	227	230	233	237	241	248	252	258	261	266	272	275	279	282	286	299	305
2A_SB	13	d	201	205	210	213	216	218	222	229	231	234	238	243	250	253	259	263	267	273	276	280	284	288	301	/
2A_SB	14	a	212	214	220	223	226	230	233	239	242	245	250	255	261	266	271	274	279	285	289	293	298	302	314	321
2A_SB	14	d	213	215	221	224	228	231	234	241	243	247	252	256	263	267	272	276	280	287	291	295	300	303	316	/
2A_SB	15	a	222	224	232	236	240	243	247	255	258	262	266	271	277	282	289	294	298	304	307	311	316	319	329	336
2A_SB	15	d	223	226	234	237	241	245	249	256	260	263	268	273	279	284	291	295	299	305	309	313	317	321	331	/
2A_SB	16	a	242	245	253	256	261	265	269	274	276	280	285	289	294	298	304	308	312	317	319	323	327	331	342	348
2A_SB	16	d	243	247	254	258	263	267	270	275	277	282	286	290	295	299	306	309	313	318	320	324	329	332	343	/
2A_SB	17	a	257	260	269	273	276	280	283	288	291	294	297	302	308	313	319	323	326	332	335	339	343	346	358	363
2A_SB	17	d	258	262	271	274	278	281	284	289	292	295	299	304	310	314	320	324	327	333	336	340	344	348	359	/
2A_SB	18	a	271	273	281	285	288	291	295	300	303	307	310	313	318	321	327	332	336	342	345	349	353	356	368	373
2A_SB	18	d	272	275	283	286	289	292	296	301	304	308	311	314	319	322	329	333	337	343	346	350	354	358	369	/
2A_SB	19	a	285	288	295	299	303	307	312	319	321	325	329	332	338	341	348	351	356	362	366	369	373	378	392	398
2A_SB	19	d	286	289	296	301	305	309	314	320	323	327	330	334	339	342	349	353	357	364	367	370	375	380	394	/
2A_SB	20	a	304	306	312	317	320	323	327	333	335	339	343	348	354	358	364	368	372	377	380	383	387	391	402	408
2A_SB	20	d	305	307	314	318	321	324	328	334	336	341	345	350	356	360	366	369	373	378	381	384	388	392	404	/
2A_SB	21	a	319	321	329	332	335	337	341	347	350	353	357	361	366	370	375	379	383	388	391	395	399	403	418	424
2A_SB	21	d	320	323	330	333	336	338	342	349	351	355	358	362	368	371	376	380	384	389	392	396	401	405	420	/
2A_SB	22	a	332	334	340	343	346	349	353	360	363	367	372	377	383	387	393	398	402	410	413	418	423	428	443	450
2A_SB	22	d	333	335	341	344	348	350	354	361	365	369	374	379	385	389	395	400	404	411	415	420	425	430	445	/
2A_SB	23	a	353	356	363	368	371	373	376	382	384	388	393	397	402	405	412	416	420	426	429	433	438	442	454	459
2A_SB	23	d	354	358	365	369	372	374	377	383	385	390	395	398	403	407	413	417	421	427	431	435	439	443	455	/
2A_SB	24	a	364	367	374	378	382	385	390	396	398	401	406	410	415	419	425	429	432	438	441	445	449	453	465	471
2A_SB	24	d	365	369	375	380	384	387	391	397	399	403	407	411	416	420	426	430	433	439	442	446	451	455	467	/
2A_SB	25	a	378	381	390	394	397	399	403	410	414	417	422	427	433	437	443	447	451	456	458	462	466	469	481	486
2A_SB	25	d	379	383	392	395	398	401	405	412	415	419	424	428	434	438	444	448	452	457	459	463	467	471	482	/
2A_SB	26	a	390	393	402	405	408	411	414	420	422	426	430	435	441	446	452	456	460	465	468	472	476	479	491	496
2A_SB	26	d	391	394	403	406	409	412	415	421	423	427	432	436	443	447	454	457	461	466	469	473	477	480	492	/
2A_SB	27	a	408	410	416	419	424	428	432	438	440	444	448	451	457	461	467	472	477	484	487	491	494	497	509	515
2A_SB	27	d	409	411	417	421	426	430	434	439	442	445	449	453	459	462	469	474	479	485	489	492	495	499	511	/
2A_SB	28	a	417	419	427	432	437	439	443	449	453	456	461	464	470	474	479	482	487	492	495	499	503	507	518	523
2A_SB	28	d	418	421	429	434	438	441	445	451	454	458	462	465	471	475	480	484	488	493	497	501	505	508	519	/
2A_SB	29	a	440	442	449	453	457	459	462	467	471	474	478	482	487	491	497	500	504	510	513	516	519	523	534	540
2A_SB	29	d	441	443	451	454	458	460	463	469	472	475	480	483	489	492	498	501	505	511	514	517	520	524	536	/
2A_SB	30	a	452	454	461	464	468	471	474	480	483	487	491	495	501	506	512	516	521	526	529	532	536	540	553	559
2A_SB	30	d	453	455	462	465	469	472	475	481	484	489	493	496	503	507	514	518	522	528	530	534	537	542	554	/
2A_SB	31	a	462	464	471	476	481	484	488	495	498	503	508	512	519	524	529	534	538	543	545	549	553	558	574	580
2A_SB	31	d	463	465	473	478	483	486	490	496	500	505	510	514	521	525	531	535	539	544	547	550	555	560	575	/
2A_SB	32	a	483	486	494	499	503	505	509	514	517	521	525	528	535	539	545	548	553	559	561	564	568	572	584	590
2A_SB	32	d	484	488	496	500	504	507	510	515	518	522	526	530	537	540	546	550	554	560	562	565	569	573	586	/
2A_SB	33	a	490	493	500	505	509	511	515	521	525	528	532	535	541	545	551	554	559	565	568	571	575	579	591	596
2A_SB	33	d	491	494	502	506	510	512	517	523	526	529	533	536	543	546	552	556	560	567	569	572	576	580	592	/
2A_SB	34	a	504	507	515	519	522	524	527	533	536	539	543	547	554	557	564	568	573	579	582	585	589	594	606	613
2A_SB	34	d	505	509	517	520	523	525	528	534	537	540	545	549	555	559	565	570	574	581	583	586	591	596	608	/
2A_SB	35	a	524	527	533	538	543	545	549	554	557	561	565	568	575	578	583	588	592	598	601	604	608	611	622	628
2A_SB	35	d	525	528	535	540	544	546	550	555	558	562	566	570	576	579	585	590	593	599	602	606	609	613	624	/
2A_SB	36	a	537	540	548	553	557	559	563	569	572	576	581	586	592	596	601	606	611	617	620	623	627	630	642	647
2A_SB	36	d	538	542	550	555	558	561	565	570	574	578	583	588	593	597	603	608	613	618	621	625	628	631	643	/
2A_SB	37	a	562	564	572	575	578	581	586	592	595	598	602	606	612	616	622	625	630	638	642	645	651	655	668	674
2A_SB	37	d	563	566	573	576	580	583	587	593	596	600	603	607	613	617	623	627	632	640	643	647	653	657	670	/
2A_SB	38	a	582	584	591	595	598	601	605	611	614	617	620	624	630	634	640	645	649	657	660	665	670	673	684	689
2A_SB	38	d	583	585	592	596	600	602	606	612	615	618	622	625	632	636	642	646	651	658	662	667	671	674	685	/
2A_SB	39	a	588	590	598	602	606	608	612	619	622	626	629	633	639	643	650	655	660	666	669	674	677	680	691	698
2A_SB	39	d	589	592	600	603	607	609	614	620	624	627	631	634	641	645	652	657	662	668	671	675	678	682	693	/
2A_SB	40	a	607	610	618	622	627	630	634	640	643	647	650	654	659	664	671	674	679	686	690	694	698	703	715	722
2A_SB	40	d	608	611	620	624	629	631	635	642	645	648	652	655	661	666	672	676	680	688	692	696	700	705	717	/
2A_SB	41	a	622	624	631	635	639	641	646	653	657	661	664	668	672	676	681	685	690	697	700	704	709	714	725	731
2A_SB	41	d	623	625	633	637	640	643	647	655	659	662	666	669	673	677	682	687	692	698	702	706	711	715	726	/
2A_SB	42	a	641	644	651	655	658	661	665	671	674	677	681	685	692	697	704	707	712	717	719	723	727	731	743	748
2A_SB	42	d	642	645	653	656	660	663	666	672	675	679	682	687	694	699	705	709	713	718	721	724	728	732	744	/
2A_SB	43	a	656	658	666	670	674	677	681	688	692	695	699	704	710	713	720	724	728	733	736	739	743	746	758	765
2A_SB	43	d	657	660	667	671	676	678	683	690	693	697	701	706	711	714	721	726	729	734	737	740	744	747	760	/
2A_SB	44	a	672	674	681	684	687	689	693	701	704	708	712	717	722	727	733	737	742	748	752	756	761	765	778	783
2A_SB	44	d	673	675	682	685	688	690	695	702	706	709	714	718	724	728	735	739	743	750	753	758	763	767	779	/
2A_SB	45	a	687	689	696	701	706	710	714	720	723	726	730	734	740	744	749	753	758	766	770	774	778	782	793	799
2A_SB	45	d	688	690	698	703	708	711	715	721	724	727	732	735	742	745	751	755	760	768	772	775	780	784	795	/
2A_SB	46	a	701	703	710	714	719	721	726	734	738	741	746	750	756	760	767	770	773	779	782	786	790	794	805	810
2A_SB	46	d	702	704	712	716	720	723	728	736	739	743	748	752	757	762	768	771	774	780	784	787	792	796	806	/
2A_SB	47	a	727	729	739	744	748	750	755	763	766	769	774	777	783	787	793	796	800	807	810	814	819	822	835	841
2A_SB	47	d	728	731	741	746	749	752	757	764	767	771	775	778	784	789	794	797	802	808	812	816	820	824	836	/
2A_SB	48	a	736	738	746	750	755	757	761	768	771	775	779	783	790	794	799	802	806	813	816	820	824	828	841	847
2A_SB	48	d	737	739	747	752	756	758	762	769	773	776	780	785	791	795	800	803	808	815	818	821	826	829	843	/
2A_SB	49	a	748	750	759	762	767	770	774	780	784	788	791	796	802	806	811	814	817	825	828	832	837	841	855	862
2A_SB	49	d	749	752	760	764	769	771	775	782	786	789	793	798	804	807	812	815	819	827	830	834	839	843	857	/
2A_SB	50	a	771	773	779	783	787	791	796	802	805	808	812	817	824	827	832	835	840	845	847	850	854	858	870	876
2A_SB	50	d	772	774	780	785	789	793	798	803	806	810	814	819	825	828	833	837	841	846	848	851	855	860	871	/
2A_SB	51	a	790	792	799	802	805	807	811	818	822	825	829	833	841	845	851	854	858	864	867	871	876	879	892	899
2A_SB	51	d	791	793	800	803	806	809	813	820	823	827	831	835	842	847	852	855	860	866	869	873	877	880	894	/
2A_SB	52	a	795	798	807	811	816	818	821	828	831	834	837	841	847	852	858	861	866	872	875	878	882	885	900	905
2A_SB	52	d	796	800	809	813	817	819	823	830	832	835	839	842	849	854	859	863	868	874	876	879	883	887	901	/
2A_SB	53	a	818	821	830	834	838	840	845	851	854	858	862	865	870	875	881	885	890	896	900	904	909	913	926	932
2A_SB	53	d	819	823	831	835	839	842	846	852	856	859	863	866	872	876	883	887	891	898	902	906	911	914	927	/
2A_SB	54	a	833	835	842	846	850	852	856	862	866	869	872	876	882	887	894	899	903	909	913	918	922	925	938	944
2A_SB	54	d	834	836	843	847	851	853	858	864	867	870	874	878	884	889	896	900	904	911	915	919	923	927	939	/
2A_SB	55	a	849	852	859	863	867	871	875	881	884	887	892	896	903	907	913	917	921	928	932	936	941	944	956	963
2A_SB	55	d	850	853	860	864	869	872	876	883	885	889	894	898	905	908	914	918	922	930	933	938	942	945	958	/
2A_SB	56	a	859	861	868	872	877	879	883	889	891	894	899	903	910	914	920	923	927	935	938	943	948	952	964	969
2A_SB	56	d	860	862	869	874	878	880	884	890	892	896	901	905	912	915	921	924	929	936	940	945	949	953	965	/
2A_SB	57	a	885	887	894	898	901	904	908	914	917	920	924	927	933	938	944	948	953	959	963	966	970	974	987	993
2A_SB	57	d	886	889	896	899	903	905	910	915	918	922	925	928	935	939	946	950	954	961	964	968	971	976	989	/
2A_SB	58	a	901	903	911	914	917	919	923	929	932	936	939	943	949	953	960	963	967	972	975	978	981	986	999	1005
2A_SB	58	d	902	904	912	915	918	920	924	931	934	937	941	945	950	955	961	964	968	973	976	979	983	988	1000	/
2A_SB	59	a	911	913	923	926	929	932	936	942	945	949	954	958	964	969	974	979	984	989	992	996	1000	1004	1017	1023
2A_SB	59	d	912	915	924	927	931	934	937	944	947	951	956	960	966	970	976	981	985	990	994	997	1002	1006	1019	/
2A_SB	60	a	931	934	942	947	951	953	957	964	967	971	975	980	986	989	996	1001	1005	1011	1014	1018	1023	1027	1040	1045
2A_SB	60	d	932	936	944	949	952	954	958	965	969	973	977	981	987	991	998	1002	1006	1013	1015	1020	1025	1028	1041	/
2A_SB	61	a	954	956	962	966	970	973	977	982	986	990	994	998	1005	1010	1016	1020	1024	1032	1036	1041	1045	1049	1059	1065
2A_SB	61	d	955	957	964	967	972	975	978	984	988	992	996	1000	1007	1012	1017	1022	1026	1034	1038	1043	1046	1050	1061	/
2A_SB	62	a	977	979	986	990	994	997	1001	1007	1011	1015	1019	1022	1029	1032	1038	1041	1045	1051	1055	1059	1064	1067	1080	1086
2A_SB	62	d	978	980	987	991	995	999	1002	1009	1013	1016	1020	1024	1030	1034	1039	1043	1046	1053	1056	1061	1065	1068	1081	/
2A_SB	63	a	984	986	994	998	1003	1006	1010	1016	1020	1024	1028	1032	1039	1042	1049	1054	1058	1065	1069	1072	1076	1080	1093	1099
2A_SB	63	d	985	988	995	1000	1004	1008	1011	1018	1021	1025	1030	1034	1040	1044	1051	1056	1060	1067	1070	1073	1078	1082	1095	/
2A_SB	64	a	1000	1003	1010	1013	1017	1020	1023	1029	1032	1036	1041	1045	1052	1056	1062	1066	1071	1078	1082	1085	1089	1093	1105	1110
2A_SB	64	d	1001	1004	1011	1014	1019	1021	1024	1030	1033	1038	1043	1047	1053	1057	1063	1068	1072	1080	1083	1087	1090	1094	1106	/
3A_SB	1	a	15	21	27	32	35	40	43	46	50	54	57	60	64	68	71	74	77	81
3A_SB	1	d	16	22	29	33	37	42	44	48	51	56	59	61	66	69	72	75	79	/
3A_SB	2	a	33	39	46	49	54	59	61	64	68	72	74	77	80	83	87	92	96	99
3A_SB	2	d	34	41	47	51	56	60	62	66	69	73	75	78	81	84	89	94	97	/
3A_SB	3	a	40	46	52	55	60	65	68	71	75	78	81	84	87	90	94	98	101	104
3A_SB	3	d	41	47	53	57	62	67	69	73	76	79	82	85	88	91	95	99	102	/
3A_SB	4	a	59	65	72	75	78	81	83	86	89	93	95	99	103	106	110	114	117	121
3A_SB	4	d	60	67	73	76	79	82	84	87	90	94	97	100	104	108	112	115	119	/
3A_SB	5	a	67	73	79	83	86	90	93	95	99	103	105	108	112	115	118	121	124	127
3A_SB	5	d	68	74	81	84	88	91	94	96	100	104	106	109	113	116	119	122	125	/
3A_SB	6	a	80	86	93	98	101	105	107	109	112	116	118	121	125	128	131	134	139	144
3A_SB	6	d	81	87	95	99	102	106	108	110	113	117	119	122	126	129	132	136	141	/
3A_SB	7	a	92	98	103	107	110	113	115	118	121	124	126	129	133	136	140	145	149	153
3A_SB	7	d	93	99	104	108	111	114	117	119	122	125	127	130	134	137	142	146	151	/
3A_SB	8	a	99	105	112	117	120	123	127	131	135	138	140	144	148	151	155	159	163	166
3A_SB	8	d	100	107	114	118	121	125	129	133	136	139	142	146	149	153	156	161	164	/
3A_SB	9	a	127	132	139	143	146	151	154	158	163	168	170	172	175	179	183	186	190	194
3A_SB	9	d	128	134	141	144	148	153	156	160	165	169	171	173	177	180	184	187	191	/
3A_SB	10	a	140	146	152	155	159	163	167	171	176	181	183	186	190	194	198	201	204	209
3A_SB	10	d	141	147	153	156	160	165	169	173	178	182	184	187	191	195	199	202	206	/
3A_SB	11	a	159	164	172	176	180	185	188	192	197	201	204	206	210	214	218	222	225	229
3A_SB	11	d	160	166	174	178	182	187	190	194	199	202	205	207	211	215	219	223	227	/
3A_SB	12	a	182	188	194	197	200	203	206	209	212	216	218	220	224	228	232	237	240	243
3A_SB	12	d	183	189	195	198	201	204	207	210	213	217	219	221	225	229	234	238	241	/
3A_SB	13	a	195	201	206	209	212	216	219	223	228	233	235	237	241	245	249	253	256	259
3A_SB	13	d	196	202	207	210	214	217	221	225	230	234	236	238	242	246	250	254	257	/
3A_SB	14	a	208	214	220	224	228	232	234	237	241	246	248	251	255	258	261	265	269	272
3A_SB	14	d	209	215	222	225	229	233	235	238	243	247	249	252	256	259	263	267	270	/
3A_SB	15	a	220	225	231	235	239	242	244	246	250	254	256	258	261	265	269	273	276	279
3A_SB	15	d	221	226	233	236	240	243	245	247	251	255	257	259	263	267	271	274	277	/
3A_SB	16	a	244	251	257	260	263	267	269	272	275	280	282	286	290	293	298	301	306	309
3A_SB	16	d	245	252	258	261	265	268	270	273	277	281	284	287	291	295	299	303	307	/
3A_SB	17	a	257	262	268	271	276	280	283	286	290	294	296	298	302	305	310	313	317	320
3A_SB	17	d	258	264	269	273	278	282	284	288	291	295	297	299	303	306	311	314	318	/
3A_SB	18	a	269	275	282	286	289	294	297	299	303	307	309	312	316	319	323	328	331	335
3A_SB	18	d	270	277	283	287	291	296	298	300	304	308	310	313	317	320	325	329	332	/
3A_SB	19	a	276	282	289	294	297	302	305	308	313	317	319	322	326	329	332	336	339	343
3A_SB	19	d	277	284	291	295	299	303	306	310	315	318	320	323	327	330	333	337	340	/
3A_SB	20	a	299	305	311	316	321	324	326	329	332	336	339	341	344	347	351	355	358	362
3A_SB	20	d	300	306	313	318	322	325	327	330	334	337	340	342	345	348	352	356	359	/
3A_SB	21	a	313	319	326	330	334	338	341	344	348	353	356	358	362	366	370	374	378	382
3A_SB	21	d	314	321	327	332	335	339	342	346	350	354	357	359	363	367	372	376	380	/
3A_SB	22	a	329	334	339	343	346	351	354	357	361	366	368	370	374	377	381	385	388	391
3A_SB	22	d	330	335	340	344	348	352	355	359	363	367	369	371	375	378	383	386	389	/
3A_SB	23	a	348	354	360	364	368	372	375	378	382	387	390	392	395	400	404	407	411	414
3A_SB	23	d	349	356	362	365	369	374	376	379	384	389	391	393	397	401	405	409	412	/
3A_SB	24	a	360	366	373	378	381	386	390	393	397	402	404	406	410	414	418	421	426	429
3A_SB	24	d	361	368	375	379	383	388	391	395	399	403	405	407	412	415	419	423	427	/
3A_SB	25	a	373	379	385	390	393	397	401	405	410	415	417	419	422	425	429	432	436	441
3A_SB	25	d	374	380	387	391	395	399	403	407	412	416	418	420	423	426	430	433	438	/
3A_SB	26	a	398	403	409	413	416	420	422	425	428	431	433	435	438	441	445	450	453	456
3A_SB	26	d	399	404	411	414	417	421	423	426	429	432	434	436	439	442	447	451	454	/
3A_SB	27	a	403	408	415	418	423	426	429	433	436	440	442	444	447	450	454	457	460	464
3A_SB	27	d	404	410	416	420	424	428	431	434	437	441	443	445	448	451	455	458	462	/
3A_SB	28	a	416	421	428	432	436	441	444	447	451	456	458	461	465	468	472	476	480	483
3A_SB	28	d	417	423	430	433	438	443	446	449	453	457	459	462	466	469	473	477	481	/
3A_SB	29	a	423	429	436	441	444	448	450	453	456	461	464	466	470	473	477	481	484	488
3A_SB	29	d	424	431	438	442	445	449	451	454	458	463	465	467	471	474	478	482	486	/
3A_SB	30	a	435	440	446	451	454	457	460	463	466	469	471	473	477	480	484	488	491	494
3A_SB	30	d	436	442	448	452	455	458	461	464	467	470	472	474	478	481	486	489	492	/
3A_SB	31	a	453	459	465	468	472	475	478	480	483	486	489	491	495	499	502	505	508	513
3A_SB	31	d	454	461	466	469	473	476	479	481	484	487	490	492	496	500	503	506	510	/
3A_SB	32	a	466	471	479	483	486	490	493	497	500	504	506	509	512	516	520	523	526	529
3A_SB	32	d	467	473	481	484	488	492	495	498	502	505	508	510	514	518	521	524	527	/
3A_SB	33	a	490	495	503	507	512	516	520	524	528	533	535	537	541	544	548	551	554	557
3A_SB	33	d	491	497	505	509	513	518	522	526	530	534	536	538	542	545	549	552	555	/
3A_SB	34	a	515	520	528	532	535	539	541	544	547	552	554	556	560	564	568	572	577	580
3A_SB	34	d	516	522	530	533	536	540	542	545	549	553	555	557	561	565	570	574	578	/
3A_SB	35	a	535	540	547	551	555	559	562	566	569	572	574	576	580	583	587	590	594	597
3A_SB	35	d	536	542	549	553	556	560	564	567	570	573	575	577	581	584	588	592	595	/
3A_SB	36	a	544	550	556	560	564	569	572	575	579	583	586	589	594	598	603	607	611	614
3A_SB	36	d	545	551	558	561	566	570	573	576	581	585	588	591	595	600	604	608	612	/
3A_SB	37	a	554	559	567	571	574	579	583	586	590	595	597	599	603	606	610	614	617	620
3A_SB	37	d	555	561	569	572	576	581	584	587	592	596	598	601	604	607	611	615	618	/
3A_SB	38	a	578	583	588	592	596	599	602	605	609	613	616	619	622	626	630	634	638	643
3A_SB	38	d	579	584	590	594	597	600	603	607	610	615	617	620	624	627	632	635	640	/
3A_SB	39	a	586	592	598	602	607	612	616	620	624	627	630	633	638	641	645	648	652	655
3A_SB	39	d	587	594	600	604	609	614	618	622	625	629	631	635	639	642	646	650	653	/
3A_SB	40	a	595	601	607	611	616	620	623	627	630	633	635	639	644	649	653	656	660	663
3A_SB	40	d	596	602	609	613	617	622	625	628	631	634	637	641	646	651	654	658	661	/
3A_SB	41	a	615	621	627	632	635	638	641	644	648	653	655	659	664	668	672	677	680	683
3A_SB	41	d	616	622	629	633	636	639	642	645	650	654	657	661	666	669	674	678	681	/
3A_SB	42	a	636	642	648	651	655	660	663	665	669	673	676	678	683	687	691	695	698	702
3A_SB	42	d	637	643	649	652	657	662	664	666	670	674	677	680	684	689	693	696	700	/
3A_SB	43	a	650	656	663	667	672	676	678	682	685	690	693	695	699	703	708	712	717	722
3A_SB	43	d	651	658	664	669	674	677	680	683	687	691	694	696	701	705	710	714	719	/
3A_SB	44	a	657	663	669	674	679	684	687	690	693	698	701	703	708	712	717	721	724	727
3A_SB	44	d	658	664	671	676	681	686	688	691	695	699	702	705	710	714	719	722	725	/
3A_SB	45	a	686	692	699	703	707	712	715	719	723	727	729	732	735	739	743	746	750	754
3A_SB	45	d	687	694	701	704	709	713	717	721	724	728	730	733	737	741	744	748	752	/
3A_SB	46	a	693	699	706	710	714	718	722	726	729	733	736	738	742	746	750	753	757	761
3A_SB	46	d	694	701	708	712	715	720	724	727	730	735	737	740	744	748	751	755	759	/
3A_SB	47	a	713	719	727	730	735	740	742	745	749	754	756	759	763	767	772	777	781	784
3A_SB	47	d	714	721	728	732	737	741	744	747	751	755	757	761	765	769	774	779	782	/
3A_SB	48	a	735	740	747	751	755	760	763	767	770	775	778	781	785	790	793	796	800	804
3A_SB	48	d	736	742	748	753	757	762	765	768	772	777	780	782	787	791	794	798	802	/
3A_SB	49	a	756	761	769	773	778	782	785	789	793	797	800	802	806	811	815	819	823	826
3A_SB	49	d	757	763	770	775	780	784	787	791	794	799	801	804	808	813	816	821	824	/
3A_SB	50	a	767	773	779	784	788	791	793	797	802	806	808	810	815	819	822	827	832	835
3A_SB	50	d	768	774	781	786	789	792	795	799	803	807	809	812	816	820	824	829	833	/
3A_SB	51	a	789	794	802	806	811	815	818	821	825	830	834	837	842	845	849	852	857	860
3A_SB	51	d	790	795	804	808	812	817	820	823	827	832	836	839	843	847	850	854	858	/
3A_SB	52	a	805	810	818	823	828	832	834	837	841	844	847	849	852	855	859	862	866	869
3A_SB	52	d	806	812	820	825	830	833	835	839	842	846	848	850	853	857	860	864	867	/
3A_SB	53	a	828	834	841	845	849	852	855	858	862	867	869	871	875	878	881	886	889	893
3A_SB	53	d	829	836	843	847	850	854	857	859	864	868	870	872	876	879	883	887	891	/
3A_SB	54	a	844	850	856	860	864	869	871	874	877	880	883	885	890	894	899	903	907	912
3A_SB	54	d	845	851	857	862	866	870	873	875	878	882	884	887	892	896	901	905	909	/
3A_SB	55	a	854	859	867	871	875	880	883	887	892	897	900	904	908	912	916	920	923	927
3A_SB	55	d	855	861	868	872	877	882	885	889	894	899	902	906	909	913	918	921	925	/
3A_SB	56	a	866	871	876	880	884	887	890	894	898	903	905	909	913	918	922	925	928	932
3A_SB	56	d	867	872	878	881	885	888	892	895	900	904	907	911	915	920	923	926	930	/
3A_SB	57	a	889	895	901	905	909	913	915	919	922	926	929	932	936	940	944	947	952	955
3A_SB	57	d	890	897	903	907	910	914	917	920	923	928	931	934	938	942	945	949	953	/
3A_SB	58	a	900	905	911	914	917	920	922	926	930	935	938	940	944	947	950	954	959	964
3A_SB	58	d	901	907	912	915	918	921	924	928	932	937	939	942	945	948	952	956	961	/
3A_SB	59	a	911	916	921	924	928	931	934	937	940	944	946	948	953	957	961	965	969	973
3A_SB	59	d	912	917	922	926	929	933	935	938	941	945	947	950	955	959	962	966	970	/
3A_SB	60	a	919	925	931	935	940	943	945	949	952	955	957	959	962	965	968	972	977	980
3A_SB	60	d	920	927	933	937	941	944	947	950	953	956	958	960	963	966	969	974	978	/
3A_SB	61	a	932	938	944	948	952	955	957	960	964	969	972	974	979	984	989	994	999	1003
3A_SB	61	d	933	939	946	950	953	956	958	961	966	971	973	976	981	986	991	996	1000	/
3A_SB	62	a	955	961	967	971	976	981	985	987	991	994	996	999	1002	1006	1010	1014	1019	1023
3A_SB	62	d	956	962	969	973	978	983	986	989	992	995	998	1000	1003	1008	1011	1016	1020	/
3A_SB	63	a	981	987	993	997	1000	1005	1008	1011	1015	1019	1022	1026	1031	1035	1040	1043	1047	1051
3A_SB	63	d	982	988	995	998	1002	1006	1009	1013	1017	1021	1024	1028	1033	1037	1041	1045	1049	/
3A_SB	64	a	996	1002	1010	1015	1018	1022	1025	1028	1031	1035	1038	1041	1046	1050	1053	1057	1060	1064
3A_SB	64	d	997	1004	1012	1016	1019	1024	1026	1029	1032	1037	1040	1043	1047	1051	1055	1058	1062	/
3A_NB	1	a	7	11	14	18	22	27	31	36	40	44	48	52	55	58	62	65	69	75	82
3A_NB	1	d	8	12	16	20	24	29	33	37	42	46	49	53	56	60	63	66	71	77	/
3A_NB	2	a	29	33	37	41	45	49	53	57	61	65	68	72	76	80	83	85	89	94	101
3A_NB	2	d	30	35	39	43	47	51	55	58	62	67	69	74	78	81	84	86	90	96	/
3A_NB	3	a	48	52	56	59	62	66	69	72	77	82	85	90	94	99	102	105	110	117	122
3A_NB	3	d	49	54	57	60	64	67	70	74	79	83	87	91	96	100	103	106	112	118	/
3A_NB	4	a	54	58	63	65	69	73	76	81	85	89	91	96	101	106	111	115	121	128	135
3A_NB	4	d	55	60	64	67	71	74	78	83	86	90	93	98	103	108	113	117	123	130	/
3A_NB	5	a	61	64	69	72	76	80	85	90	93	98	101	105	110	115	119	123	128	134	141
3A_NB	5	d	62	66	71	74	78	82	87	91	95	100	102	107	112	116	121	124	129	136	/
3A_NB	6	a	82	85	89	92	94	99	103	107	112	117	120	125	128	133	137	140	146	153	159
3A_NB	6	d	83	87	91	93	96	101	104	109	114	119	122	126	130	134	138	142	148	154	/
3A_NB	7	a	101	104	108	111	114	119	122	126	130	134	136	142	146	149	154	158	162	169	176
3A_NB	7	d	102	106	109	112	116	120	123	128	131	135	138	143	147	151	156	159	164	171	/
3A_NB	8	a	110	113	117	121	124	127	131	136	139	143	145	150	154	159	164	168	173	179	185
3A_NB	8	d	111	115	119	122	125	129	133	137	140	144	146	151	156	161	166	170	175	181	/
3A_NB	9	a	124	127	131	134	137	141	145	150	154	159	163	168	172	176	180	184	189	194	201
3A_NB	9	d	125	128	133	135	138	143	147	151	156	161	165	169	173	177	182	186	190	196	/
3A_NB	10	a	139	142	146	150	153	156	160	164	168	172	176	181	185	189	193	196	200	205	212
3A_NB	10	d	140	144	148	151	154	158	161	165	169	174	178	182	187	191	194	197	201	207	/
3A_NB	11	a	146	149	153	155	159	163	166	171	176	180	184	188	192	195	199	202	206	211	217
3A_NB	11	d	147	150	154	157	161	164	168	173	177	182	185	189	193	197	201	203	207	212	/
3A_NB	12	a	159	162	166	169	172	175	179	183	188	193	197	202	205	209	213	217	222	228	233
3A_NB	12	d	160	163	168	170	173	177	180	185	190	195	199	203	207	211	215	219	224	229	/
3A_NB	13	a	172	175	180	183	186	190	195	199	204	208	211	217	221	224	228	231	235	240	247
3A_NB	13	d	173	177	182	184	187	192	197	201	205	209	213	218	222	225	229	232	236	242	/
3A_NB	14	a	192	195	199	202	205	209	214	218	223	228	232	237	240	245	249	252	258	263	269
3A_NB	14	d	193	197	200	203	206	211	215	220	225	230	233	238	242	246	251	254	259	264	/
3A_NB	15	a	204	208	211	213	217	220	225	230	234	239	242	248	252	257	261	264	270	275	281
3A_NB	15	d	205	209	212	215	218	222	227	231	236	240	243	249	254	258	262	266	271	276	/
3A_NB	16	a	217	220	225	229	231	235	239	243	248	252	255	261	266	270	274	277	282	288	294
3A_NB	16	d	218	222	227	230	233	236	240	245	249	253	257	263	268	272	276	279	284	289	/
3A_NB	17	a	237	240	243	245	248	252	256	261	264	268	272	277	281	285	289	292	297	303	309
3A_NB	17	d	238	241	244	246	250	253	258	262	266	270	273	278	282	287	290	294	299	305	/
3A_NB	18	a	258	261	264	267	270	275	279	283	288	292	294	299	302	305	309	313	317	323	328
3A_NB	18	d	259	262	266	268	272	277	280	285	289	293	296	300	303	307	311	314	318	324	/
3A_NB	19	a	268	271	274	276	278	282	286	290	295	300	303	307	310	314	319	321	326	332	337
3A_NB	19	d	269	272	275	277	279	284	287	292	297	302	304	308	312	316	320	323	327	333	/
3A_NB	20	a	273	277	281	284	287	290	294	299	304	307	309	313	318	321	326	329	334	340	345
3A_NB	20	d	274	279	283	286	288	291	296	301	305	308	310	315	319	323	328	331	336	341	/
3A_NB	21	a	292	296	300	304	307	311	316	320	324	328	332	337	340	343	347	350	354	360	367
3A_NB	21	d	293	298	302	305	309	313	317	321	326	330	334	338	341	345	348	351	356	362	/
3A_NB	22	a	322	325	329	331	335	339	343	348	352	357	361	366	370	373	376	379	383	389	396
3A_NB	22	d	323	327	330	333	336	341	345	349	354	359	363	367	371	374	378	380	385	390	/
3A_NB	23	a	339	342	346	349	352	356	359	364	369	374	377	382	386	391	395	398	403	410	416
3A_NB	23	d	340	343	348	350	354	357	361	366	371	375	379	383	388	393	397	400	405	412	/
3A_NB	24	a	365	369	373	377	380	383	386	390	393	396	398	403	408	412	415	419	424	429	435
3A_NB	24	d	366	371	375	378	381	384	388	391	394	397	399	404	409	413	417	420	425	430	/
3A_NB	25	a	372	376	380	384	388	392	396	400	403	406	408	413	418	422	426	430	436	442	448
3A_NB	25	d	373	378	382	386	390	394	397	401	404	407	409	415	420	424	428	432	438	443	/
3A_NB	26	a	386	389	392	394	398	402	406	409	413	417	420	425	429	433	436	440	445	451	457
3A_NB	26	d	387	390	393	396	400	404	407	410	414	419	421	426	431	434	438	441	447	452	/
3A_NB	27	a	393	396	399	401	405	409	413	417	421	425	428	433	437	441	445	449	453	459	465
3A_NB	27	d	394	397	400	403	406	410	415	418	422	427	429	434	438	442	447	450	455	460	/
3A_NB	28	a	417	420	424	426	429	434	437	441	444	449	452	457	461	464	468	470	475	482	488
3A_NB	28	d	418	421	425	427	431	435	439	442	446	450	453	458	462	465	469	472	477	484	/
3A_NB	29	a	433	436	441	443	447	452	457	461	466	471	473	478	483	487	491	493	497	502	509
3A_NB	29	d	434	438	442	445	449	454	458	463	468	472	474	480	484	488	492	494	498	504	/
3A_NB	30	a	443	446	450	454	458	462	466	471	474	479	483	488	493	497	500	502	507	512	517
3A_NB	30	d	444	447	452	456	460	463	468	472	476	481	484	490	494	498	501	504	508	513	/
3A_NB	31	a	460	464	469	471	473	476	480	485	488	492	496	500	503	508	513	516	522	529	535
3A_NB	31	d	461	466	470	472	474	478	482	486	489	494	497	501	505	510	514	518	524	531	/
3A_NB	32	a	473	477	481	485	488	492	497	501	506	510	512	518	522	525	529	532	537	543	549
3A_NB	32	d	474	478	483	486	489	494	499	503	507	511	514	519	523	527	530	533	538	544	/
3A_NB	33	a	500	503	508	512	514	519	522	526	530	534	536	541	545	549	552	555	559	565	571
3A_NB	33	d	501	505	510	513	516	520	523	528	531	535	537	542	546	550	553	556	560	566	/
3A_NB	34	a	507	510	515	519	521	526	531	535	539	544	547	552	556	560	564	567	571	577	583
3A_NB	34	d	508	512	517	520	523	528	533	537	541	545	549	553	558	561	566	568	572	578	/
3A_NB	35	a	531	534	539	542	545	550	555	559	562	565	568	573	577	580	583	586	592	597	604
3A_NB	35	d	532	536	541	544	547	552	556	560	563	567	570	574	578	581	584	588	593	599	/
3A_NB	36	a	552	556	559	561	564	568	572	577	580	585	588	592	597	602	605	608	613	620	628
3A_NB	36	d	553	557	560	563	566	569	574	578	582	586	589	594	599	603	606	609	615	622	/
3A_NB	37	a	572	575	579	582	586	590	594	598	603	606	610	614	619	622	626	629	636	642	647
3A_NB	37	d	573	577	581	584	588	591	595	600	604	608	611	616	620	623	627	631	637	643	/
3A_NB	38	a	583	586	590	592	595	599	602	605	610	614	617	622	627	630	634	637	644	649	655
3A_NB	38	d	584	588	591	593	597	600	603	607	612	616	618	624	628	631	635	639	645	651	/
3A_NB	39	a	604	607	611	613	616	620	625	629	633	637	641	646	651	654	659	663	667	674	680
3A_NB	39	d	605	608	612	614	618	622	626	630	635	639	642	648	652	656	661	664	669	675	/
3A_NB	40	a	615	619	624	627	629	634	639	644	648	651	655	662	666	670	674	678	682	687	693
3A_NB	40	d	616	621	626	628	631	636	641	645	649	653	657	664	668	672	676	679	683	688	/
3A_NB	41	a	641	645	648	652	656	660	665	670	675	679	681	686	690	694	698	701	706	712	717
3A_NB	41	d	642	646	650	654	658	662	667	672	676	680	682	688	692	696	699	703	708	713	/
3A_NB	42	a	657	660	665	668	671	674	678	682	686	690	693	697	700	704	708	711	716	721	727
3A_NB	42	d	658	662	667	669	672	676	679	683	687	691	694	698	702	706	709	712	717	723	/
3A_NB	43	a	668	671	675	678	680	683	687	692	696	699	703	709	714	717	721	724	728	733	739
3A_NB	43	d	669	672	677	679	681	685	689	693	697	701	705	711	715	719	722	725	729	735	/
3A_NB	44	a	681	684	688	692	695	699	703	708	713	717	719	724	728	733	737	740	746	750	757
3A_NB	44	d	682	686	690	693	697	701	705	710	715	718	720	725	730	735	738	742	747	752	/
3A_NB	45	a	707	711	715	717	720	725	728	732	735	740	743	750	754	757	761	764	770	776	781
3A_NB	45	d	708	712	716	719	722	726	729	733	737	741	745	751	755	759	762	766	772	778	/
3A_NB	46	a	718	722	726	728	731	735	740	745	750	755	758	762	766	770	773	776	782	788	794
3A_NB	46	d	719	724	727	729	732	737	742	747	752	756	759	763	768	771	774	778	784	790	/
3A_NB	47	a	733	736	740	743	746	750	754	759	762	767	769	774	778	781	784	787	791	797	803
3A_NB	47	d	734	738	742	744	748	751	756	760	764	768	771	775	779	782	785	788	793	799	/
3A_NB	48	a	744	748	753	755	758	761	765	770	773	777	780	786	791	796	800	803	807	813	818
3A_NB	48	d	745	750	754	756	759	762	767	771	774	779	782	788	793	798	802	804	809	814	/
3A_NB	49	a	770	773	777	780	783	786	789	793	797	801	804	808	812	816	819	822	827	834	840
3A_NB	49	d	771	775	779	781	784	787	791	794	798	803	805	809	814	817	820	823	829	836	/
3A_NB	50	a	776	779	784	788	791	795	799	803	806	810	812	817	821	825	829	832	837	844	850
3A_NB	50	d	777	781	786	789	793	797	801	804	807	811	814	818	823	827	830	834	839	846	/
3A_NB	51	a	787	791	795	797	799	803	807	810	814	818	820	825	829	834	837	840	845	850	856
3A_NB	51	d	788	792	796	798	801	805	808	812	815	819	822	826	831	835	838	841	846	852	/
3A_NB	52	a	811	815	818	820	822	825	829	834	837	841	843	848	852	856	861	865	869	875	881
3A_NB	52	d	812	816	819	821	823	827	831	835	839	842	844	849	853	858	863	866	870	876	/
3A_NB	53	a	819	823	826	829	832	835	839	844	849	853	855	861	865	869	874	878	882	888	894
3A_NB	53	d	820	824	828	831	833	837	841	846	850	854	857	862	867	871	876	879	883	890	/
3A_NB	54	a	837	840	844	846	850	854	858	863	866	870	873	879	884	889	892	896	900	905	912
3A_NB	54	d	838	841	845	848	852	855	860	864	868	872	875	881	886	890	894	897	901	907	/
3A_NB	55	a	848	852	856	859	863	866	870	875	879	884	887	891	896	900	904	906	911	917	922
3A_NB	55	d	849	853	858	861	864	867	872	877	881	885	888	893	897	902	905	907	913	918	/
3A_NB	56	a	865	869	873	876	880	885	888	893	897	900	903	908	913	917	922	926	931	938	944
3A_NB	56	d	866	871	875	878	882	886	890	894	898	902	905	910	915	919	924	927	933	939	/
3A_NB	57	a	885	888	893	896	899	902	906	909	913	918	921	927	931	934	937	940	944	949	954
3A_NB	57	d	886	890	895	897	900	903	907	911	915	920	923	928	932	935	938	941	945	950	/
3A_NB	58	a	895	898	902	904	907	910	915	919	923	927	930	936	941	945	949	951	956	962	969
3A_NB	58	d	896	900	903	906	908	912	917	921	924	929	932	938	943	947	950	953	958	964	/
3A_NB	59	a	910	913	916	919	922	926	930	935	938	943	946	950	954	958	961	965	970	975	981
3A_NB	59	d	911	914	918	920	924	928	932	936	940	945	947	951	955	959	963	967	971	976	/
3A_NB	60	a	922	926	929	931	934	937	942	946	949	952	955	960	965	968	972	975	979	984	991
3A_NB	60	d	923	927	930	933	935	939	943	947	950	954	957	962	966	970	973	976	980	986	/
3A_NB	61	a	937	941	945	947	950	954	957	960	965	969	972	977	980	983	986	989	993	999	1004
3A_NB	61	d	938	943	946	948	951	955	958	962	966	971	973	978	981	984	988	990	995	1000	/
3A_NB	62	a	953	956	960	963	966	971	975	979	982	987	991	996	1000	1004	1008	1012	1016	1022	1029
3A_NB	62	d	954	958	962	964	968	972	977	980	984	989	993	997	1001	1005	1010	1013	1017	1024	/
3A_NB	63	a	963	966	970	973	976	981	984	988	992	996	999	1003	1007	1011	1016	1020	1025	1031	1037
3A_NB	63	d	964	968	972	974	978	982	986	990	993	998	1000	1004	1009	1013	1018	1021	1026	1032	/
3A_NB	64	a	987	990	993	997	1000	1005	1009	1014	1018	1022	1026	1030	1034	1037	1042	1044	1048	1055	1061
3A_NB	64	d	988	991	995	999	1002	1006	1011	1016	1019	1024	1027	1032	1035	1039	1043	1045	1050	1056	/
