RouteID	RunID	Arrivals/Departures	TimePerStop
1A_SB	1	a	19	26	38	43	46	50	55	60	65	68	72	81	87	91
1A_SB	1	d	20	28	40	44	48	51	57	61	66	69	73	83	89	/
1A_SB	2	a	34	39	49	54	59	62	69	73	80	83	88	98	104	109
1A_SB	2	d	35	41	51	56	60	64	71	75	81	85	89	100	106	/
1A_SB	3	a	44	49	57	62	66	69	76	80	86	89	93	107	112	117
1A_SB	3	d	45	50	59	63	67	71	78	81	87	90	95	108	114	/
1A_SB	4	a	63	68	76	80	83	86	91	94	99	103	107	117	122	127
1A_SB	4	d	64	69	78	81	84	87	92	95	100	104	108	118	124	/
1A_SB	5	a	72	77	86	89	93	97	104	108	113	116	120	131	136	139
1A_SB	5	d	73	79	87	91	95	99	105	109	114	117	122	132	137	/
1A_SB	6	a	78	83	91	95	98	102	109	113	119	122	127	137	144	148
1A_SB	6	d	79	84	92	96	100	104	110	115	120	124	128	139	146	/
1A_SB	7	a	96	102	111	114	117	122	128	132	139	144	148	157	162	166
1A_SB	7	d	97	104	112	115	119	123	129	134	141	145	150	159	163	/
1A_SB	8	a	105	110	118	121	125	129	135	139	145	149	153	162	167	170
1A_SB	8	d	106	111	119	122	126	130	137	141	146	150	155	164	168	/
1A_SB	9	a	119	125	134	139	144	147	153	157	163	167	170	180	184	187
1A_SB	9	d	120	127	136	141	145	148	155	158	164	168	172	181	185	/
1A_SB	10	a	134	141	152	157	161	165	170	174	180	184	188	197	203	208
1A_SB	10	d	135	143	154	159	163	167	172	176	182	186	190	199	205	/
1A_SB	11	a	162	167	175	178	181	185	190	194	198	201	204	213	219	223
1A_SB	11	d	163	168	176	179	182	186	191	195	199	202	206	214	220	/
1A_SB	12	a	168	174	182	185	188	192	197	200	205	208	213	223	231	236
1A_SB	12	d	169	175	183	186	189	193	198	202	206	210	214	225	232	/
1A_SB	13	a	190	196	204	207	210	213	219	223	229	233	237	246	251	256
1A_SB	13	d	191	198	205	208	211	214	220	225	231	235	238	247	253	/
1A_SB	14	a	208	215	224	228	232	236	243	246	252	256	259	266	271	275
1A_SB	14	d	209	217	226	229	234	238	244	247	253	257	260	267	273	/
1A_SB	15	a	219	225	233	236	240	244	251	254	262	267	271	280	286	290
1A_SB	15	d	220	227	234	237	241	245	252	256	264	269	272	281	288	/
1A_SB	16	a	241	246	256	259	262	265	271	275	281	285	288	297	303	306
1A_SB	16	d	242	248	257	260	263	267	272	277	282	286	290	298	304	/
1A_NB	1	a	25	29	35	43	49	53	57	61	68	73	78	82	88	94
1A_NB	1	d	26	31	37	45	50	54	58	63	70	75	80	83	90	/
1A_NB	2	a	39	44	51	59	65	69	75	79	85	89	93	97	103	108
1A_NB	2	d	40	46	52	60	67	71	77	81	86	91	95	98	104	/
1A_NB	3	a	49	54	60	67	74	78	82	86	92	96	100	103	109	115
1A_NB	3	d	50	55	62	69	76	79	84	88	93	98	101	104	110	/
1A_NB	4	a	68	73	79	87	93	96	102	105	112	117	120	124	133	140
1A_NB	4	d	69	74	81	89	94	98	103	107	114	118	121	125	135	/
1A_NB	5	a	83	87	94	102	108	112	116	121	128	131	135	140	147	153
1A_NB	5	d	84	89	95	104	110	113	118	122	129	133	137	141	148	/
1A_NB	6	a	97	101	107	114	121	124	129	132	139	142	146	150	157	162
1A_NB	6	d	98	103	109	116	122	125	130	133	140	144	147	151	158	/
1A_NB	7	a	120	124	130	136	142	147	151	154	161	166	170	174	183	190
1A_NB	7	d	121	125	131	138	144	148	152	156	163	167	172	176	185	/
1A_NB	8	a	127	131	138	146	151	154	159	162	169	174	179	182	190	197
1A_NB	8	d	128	133	140	147	152	155	160	164	171	176	180	183	192	/
1A_NB	9	a	144	149	155	161	166	171	178	182	189	193	198	201	208	213
1A_NB	9	d	145	150	156	162	168	173	179	184	190	195	199	203	209	/
1A_NB	10	a	156	160	166	172	178	182	188	191	198	202	207	211	219	225
1A_NB	10	d	157	161	167	174	179	184	189	193	200	204	209	213	221	/
1A_NB	11	a	167	170	177	183	190	194	201	206	214	218	222	226	235	242
1A_NB	11	d	168	172	178	185	192	196	203	208	216	220	224	228	237	/
1A_NB	12	a	188	192	197	205	212	217	225	228	236	240	245	248	256	262
1A_NB	12	d	189	193	198	207	214	219	226	230	238	242	246	249	257	/
1A_NB	13	a	198	202	208	215	221	225	231	235	242	245	250	254	260	267
1A_NB	13	d	199	204	210	216	222	227	233	236	243	247	252	255	262	/
1A_NB	14	a	211	215	221	228	233	237	242	247	253	256	260	264	271	279
1A_NB	14	d	212	216	223	229	234	238	244	248	254	257	262	266	273	/
1A_NB	15	a	236	240	247	256	263	266	273	277	282	286	289	292	300	307
1A_NB	15	d	237	242	249	258	264	268	274	278	283	287	290	294	301	/
1A_NB	16	a	255	259	265	272	278	283	288	292	299	303	307	311	317	323
1A_NB	16	d	256	260	266	273	280	284	289	294	300	304	308	313	318	/
2A_NB	1	a	21	26	31	36	38	43	47	51	55	64	70	73	76	79	82	85	89	92	97	101	106	110	113	120
2A_NB	1	d	22	28	32	37	40	44	48	52	56	66	72	74	77	80	83	87	91	94	98	103	108	111	115	/
2A_NB	2	a	44	47	51	57	59	63	67	71	76	87	94	97	100	104	108	112	115	117	120	124	128	132	136	142
2A_NB	2	d	45	48	53	58	60	64	68	73	78	89	96	98	102	106	110	113	116	118	121	125	130	134	137	/
2A_NB	3	a	62	65	69	74	78	82	88	92	96	105	110	113	117	120	124	128	133	136	141	144	148	152	155	163
2A_NB	3	d	63	66	70	76	79	84	89	93	97	106	112	115	118	121	126	130	134	138	142	145	150	153	157	/
2A_NB	4	a	69	72	77	82	86	90	96	100	105	113	119	121	124	128	132	135	139	141	146	150	154	157	161	168
2A_NB	4	d	70	74	78	84	87	92	97	102	106	115	120	122	125	129	133	137	140	143	148	151	155	159	162	/
2A_NB	5	a	87	90	95	100	104	108	112	116	119	128	134	138	141	145	148	151	155	159	163	167	172	176	179	185
2A_NB	5	d	88	92	96	102	106	109	114	117	121	130	136	139	142	146	149	153	157	160	164	169	174	177	180	/
2A_NB	6	a	95	99	103	108	112	116	121	125	129	137	144	148	152	156	160	163	166	169	173	178	182	185	189	196
2A_NB	6	d	96	100	104	110	114	118	122	127	130	139	146	150	154	158	162	164	168	170	175	179	183	187	191	/
2A_NB	7	a	122	126	130	135	137	141	148	151	154	162	169	172	174	178	182	185	189	192	196	200	205	208	214	222
2A_NB	7	d	123	127	131	136	139	143	149	152	156	163	171	173	175	179	183	187	191	194	198	202	206	210	216	/
2A_NB	8	a	144	148	152	157	161	164	169	173	177	186	192	194	197	201	205	208	211	214	218	221	226	229	233	241
2A_NB	8	d	145	149	153	159	162	165	171	175	178	187	193	196	199	202	207	209	213	216	219	223	227	231	235	/
2A_NB	9	a	163	166	171	176	178	182	188	192	197	206	212	216	220	223	228	232	236	238	241	246	251	255	260	267
2A_NB	9	d	164	168	172	177	180	183	189	194	198	207	214	218	221	225	230	233	237	239	243	248	252	257	262	/
2A_NB	10	a	173	176	180	187	190	193	199	204	208	217	224	226	229	233	238	242	246	248	252	256	260	263	267	273
2A_NB	10	d	174	177	182	189	191	194	201	205	209	218	225	227	231	235	240	243	247	249	253	257	261	264	268	/
2A_NB	11	a	181	185	190	196	198	202	209	212	216	226	232	234	237	240	244	247	251	254	259	262	266	270	275	282
2A_NB	11	d	182	187	191	197	199	204	210	213	218	227	233	235	238	241	245	248	253	256	260	263	268	272	276	/
2A_NB	12	a	198	201	205	210	213	216	221	225	230	240	247	249	253	258	262	266	269	272	276	280	283	288	292	301
2A_NB	12	d	199	202	206	212	214	217	223	227	231	242	248	251	255	260	264	267	270	274	277	281	285	290	294	/
2A_NB	13	a	208	211	216	223	226	230	236	240	244	253	259	262	266	270	274	276	280	284	289	294	298	302	306	313
2A_NB	13	d	209	213	218	225	228	231	238	241	245	254	260	264	267	271	275	277	282	286	291	295	300	304	307	/
2A_NB	14	a	230	234	239	244	247	251	257	262	267	276	282	285	287	291	295	297	301	303	308	312	317	320	323	331
2A_NB	14	d	231	236	240	246	249	253	259	264	269	277	283	286	288	292	296	298	302	304	309	314	318	321	324	/
2A_NB	15	a	251	254	258	264	267	271	278	281	285	294	300	302	305	308	312	315	319	321	326	329	335	339	344	353
2A_NB	15	d	252	255	259	265	268	273	279	282	287	295	301	304	306	309	314	316	320	323	327	331	336	341	345	/
2A_NB	16	a	269	273	277	283	285	290	296	299	303	313	318	322	326	331	334	337	340	343	348	351	355	358	362	370
2A_NB	16	d	270	275	279	284	287	292	297	300	305	314	320	324	328	332	335	338	342	345	349	352	356	360	364	/
2A_SB	1	a	17	23	28	31	35	38	42	46	51	56	61	63	66	70	75	82	88	92	96	103	107	112	117	120	130
2A_SB	1	d	18	24	29	32	36	40	44	48	53	58	62	64	68	72	76	83	89	93	98	105	108	114	118	122	/
2A_SB	2	a	26	32	38	41	46	49	53	57	62	67	71	73	76	80	83	90	96	101	106	113	116	121	125	129	138
2A_SB	2	d	27	33	39	43	47	51	54	59	64	68	72	74	77	81	84	92	98	103	108	114	117	122	126	130	/
2A_SB	3	a	36	40	47	51	54	57	61	64	69	74	77	79	82	86	89	98	104	108	112	119	121	127	131	135	144
2A_SB	3	d	37	42	48	52	55	59	62	66	71	75	78	80	83	87	91	100	105	109	114	120	123	128	132	136	/
2A_SB	4	a	48	53	61	66	71	74	76	81	84	88	91	94	97	100	104	113	119	123	127	132	134	140	144	149	160
2A_SB	4	d	49	55	63	68	73	75	78	82	85	89	93	95	98	101	106	115	120	124	128	133	136	141	146	151	/
2A_SB	5	a	66	70	76	80	83	86	88	92	95	98	101	103	107	110	113	122	128	133	137	143	145	151	155	159	170
2A_SB	5	d	67	71	77	81	84	87	89	93	96	99	102	105	108	111	115	124	130	134	138	144	147	152	156	161	/
2A_SB	6	a	79	84	91	94	98	101	104	108	112	117	121	124	128	131	135	144	150	153	157	163	165	170	173	176	186
2A_SB	6	d	80	86	92	96	100	102	106	109	114	119	123	126	129	132	136	145	151	155	158	164	166	171	174	177	/
2A_SB	7	a	94	99	106	110	115	118	121	124	128	131	134	137	141	144	147	156	162	166	171	179	181	186	190	194	204
2A_SB	7	d	95	101	107	112	117	119	122	125	129	132	135	138	142	145	148	157	164	168	172	180	183	188	192	195	/
2A_SB	8	a	108	114	120	123	126	128	131	134	138	141	146	149	152	155	159	165	172	175	179	185	188	192	195	199	210
2A_SB	8	d	109	115	121	124	127	129	132	135	139	143	147	150	153	156	160	166	173	176	180	187	189	193	197	201	/
2A_SB	9	a	119	125	131	134	137	140	143	147	151	155	159	161	165	168	172	178	185	189	192	198	201	206	210	214	224
2A_SB	9	d	120	127	132	135	138	142	145	148	152	156	160	163	166	169	173	179	186	190	193	199	203	207	212	215	/
2A_SB	10	a	124	130	136	140	144	148	152	156	160	164	168	170	173	176	180	189	196	200	203	209	212	217	221	225	234
2A_SB	10	d	125	132	137	142	146	150	154	157	161	165	169	171	174	177	182	190	198	201	204	210	214	218	223	226	/
2A_SB	11	a	147	153	159	162	166	169	171	174	178	182	186	188	191	194	198	206	214	218	222	228	231	236	240	244	256
2A_SB	11	d	148	154	160	164	168	170	172	175	179	183	187	189	192	195	199	208	215	220	224	229	233	238	242	246	/
2A_SB	12	a	154	160	166	170	174	176	178	181	184	188	192	195	198	201	205	214	221	226	230	236	240	244	249	253	264
2A_SB	12	d	155	161	168	171	175	177	179	182	185	189	194	196	199	202	207	216	223	228	231	238	241	246	251	255	/
2A_SB	13	a	167	174	182	186	189	191	195	200	203	208	211	213	218	222	226	234	239	242	246	252	256	262	265	268	279
2A_SB	13	d	168	176	183	187	190	193	197	201	205	209	212	215	219	224	227	235	240	244	247	254	258	263	266	270	/
2A_SB	14	a	179	186	193	198	203	205	207	211	215	219	223	226	231	235	239	247	252	255	258	265	267	272	275	280	291
2A_SB	14	d	180	188	195	200	204	206	208	213	216	220	225	228	233	237	240	249	253	256	259	266	268	273	277	282	/
2A_SB	15	a	209	215	221	224	228	231	235	238	241	244	248	250	255	258	261	268	273	276	280	285	288	293	296	300	308
2A_SB	15	d	210	216	222	226	229	233	236	239	242	245	249	252	256	259	262	269	274	278	281	287	289	294	297	302	/
2A_SB	16	a	216	222	228	232	236	239	242	245	248	251	256	258	262	265	269	277	283	286	290	296	299	303	307	311	318
2A_SB	16	d	217	223	230	234	237	241	243	246	249	253	257	259	263	267	271	279	284	287	292	298	300	304	309	312	/
3A_SB	1	a	29	34	38	42	46	48	51	54	58	60	66	70	74	79	82
3A_SB	1	d	30	36	39	44	47	50	52	55	59	62	67	72	75	80	/
3A_SB	2	a	50	54	57	61	65	68	71	75	79	81	85	88	91	96	100
3A_SB	2	d	51	55	58	63	66	69	73	77	80	82	86	89	92	98	/
3A_SB	3	a	61	65	69	74	78	82	85	89	94	96	101	104	107	113	116
3A_SB	3	d	62	66	71	76	80	83	87	91	95	97	102	105	108	114	/
3A_SB	4	a	78	83	87	92	95	97	100	104	109	112	116	119	122	128	132
3A_SB	4	d	79	84	89	93	96	98	101	106	110	113	117	120	123	130	/
3A_SB	5	a	84	89	93	98	102	105	109	113	118	121	125	128	131	137	141
3A_SB	5	d	85	91	94	100	104	107	110	115	119	122	126	129	132	139	/
3A_SB	6	a	99	105	108	112	115	117	121	125	128	132	137	140	143	150	155
3A_SB	6	d	100	106	109	113	116	119	123	126	130	134	138	141	145	152	/
3A_SB	7	a	105	110	113	118	121	123	126	130	133	137	142	145	149	157	161
3A_SB	7	d	106	111	115	119	122	125	128	131	135	139	143	147	151	158	/
3A_SB	8	a	113	118	121	125	128	130	132	136	140	143	147	151	155	163	167
3A_SB	8	d	114	119	123	126	129	131	134	137	141	144	149	153	157	164	/
3A_SB	9	a	122	128	132	135	139	141	144	148	152	154	158	163	166	173	176
3A_SB	9	d	123	130	133	136	140	142	145	149	153	155	160	164	168	174	/
3A_SB	10	a	130	136	139	143	148	152	154	159	164	166	171	175	178	184	189
3A_SB	10	d	131	137	141	145	150	153	156	161	165	167	172	176	179	186	/
3A_SB	11	a	148	154	158	162	166	168	170	173	176	178	183	186	189	195	199
3A_SB	11	d	149	155	159	163	167	169	171	174	177	179	184	187	190	196	/
3A_SB	12	a	153	159	164	168	173	175	177	181	184	186	191	194	197	203	208
3A_SB	12	d	154	161	165	170	174	176	179	182	185	187	192	195	198	205	/
3A_SB	13	a	168	173	177	182	186	189	193	198	202	204	209	212	216	222	227
3A_SB	13	d	169	174	179	184	188	191	195	200	203	205	210	213	217	224	/
3A_SB	14	a	184	189	193	196	201	205	207	211	216	218	224	228	231	238	243
3A_SB	14	d	185	191	194	198	203	206	208	213	217	219	226	229	233	240	/
3A_SB	15	a	194	198	202	206	210	212	215	219	224	226	231	235	238	245	250
3A_SB	15	d	195	199	203	207	211	213	216	221	225	227	233	236	240	247	/
3A_SB	16	a	219	224	228	232	236	239	242	247	250	254	259	262	265	272	276
3A_SB	16	d	220	225	229	234	238	240	244	248	252	256	260	263	266	274	/
3A_NB	1	a	29	32	37	41	45	49	53	57	61	66	71	74	79	82	86	90	94
3A_NB	1	d	30	34	39	43	46	51	55	59	62	67	72	76	80	83	88	92	/
3A_NB	2	a	46	50	54	57	61	64	69	72	76	81	84	87	92	95	99	104	108
3A_NB	2	d	47	52	55	58	62	66	70	74	77	82	85	89	93	96	101	106	/
3A_NB	3	a	52	56	59	64	68	72	76	81	84	89	92	96	100	103	107	111	115
3A_NB	3	d	53	57	61	65	70	73	78	82	85	90	93	97	101	104	108	113	/
3A_NB	4	a	72	76	80	84	89	93	96	100	104	109	113	117	121	124	128	132	136
3A_NB	4	d	73	77	82	86	91	94	98	102	106	110	114	118	122	125	129	133	/
3A_NB	5	a	85	89	92	96	99	102	106	111	113	118	122	126	129	132	136	140	143
3A_NB	5	d	86	90	94	97	100	104	108	112	115	120	123	127	130	133	137	141	/
3A_NB	6	a	103	107	111	114	117	122	126	131	135	141	145	149	153	156	161	164	167
3A_NB	6	d	104	109	112	115	119	123	128	133	137	142	146	150	154	157	162	165	/
3A_NB	7	a	118	121	124	128	132	135	139	144	147	153	157	161	165	168	173	177	181
3A_NB	7	d	119	122	126	130	133	136	141	145	149	154	158	162	166	169	174	179	/
3A_NB	8	a	127	131	134	137	141	144	149	153	156	160	165	169	172	175	180	183	188
3A_NB	8	d	128	132	135	139	142	146	151	154	157	162	166	170	173	176	181	185	/
3A_NB	9	a	143	146	149	153	157	161	165	169	173	177	181	185	189	192	197	201	204
3A_NB	9	d	144	147	151	154	159	163	167	171	174	178	182	186	190	193	198	202	/
3A_NB	10	a	154	156	160	164	167	170	174	178	181	186	189	193	197	199	204	209	214
3A_NB	10	d	155	158	162	165	168	172	176	179	182	187	190	194	198	201	206	211	/
3A_NB	11	a	167	170	174	178	181	186	190	194	198	203	207	210	214	217	221	225	230
3A_NB	11	d	168	172	176	179	183	187	192	196	200	204	208	211	215	218	222	227	/
3A_NB	12	a	174	177	181	185	190	194	198	203	206	210	214	218	223	226	232	236	241
3A_NB	12	d	175	179	183	187	191	196	200	204	207	211	215	220	224	228	234	238	/
3A_NB	13	a	191	194	199	202	206	210	214	219	222	226	231	236	239	241	248	252	257
3A_NB	13	d	192	196	200	204	207	212	216	220	223	228	233	237	240	243	249	254	/
3A_NB	14	a	205	208	212	217	220	225	229	233	235	240	245	250	254	257	261	265	269
3A_NB	14	d	206	209	214	218	221	226	230	234	236	242	247	252	255	258	263	267	/
3A_NB	15	a	227	231	234	238	243	247	251	255	258	263	266	270	275	278	283	287	291
3A_NB	15	d	228	232	236	240	244	249	252	257	260	264	267	272	276	279	284	288	/
3A_NB	16	a	238	242	246	250	255	259	264	267	270	275	278	281	285	289	295	300	303
3A_NB	16	d	239	243	248	252	256	261	265	269	272	276	279	282	287	291	297	301	/
