RouteID	RunID	Arrivals/Departures	TimePerStop
1A_SB	1	a	5	9	14	23	26	31	36	40	44	47	50	54	65	70	77
1A_SB	1	d	6	11	16	24	28	32	37	41	45	48	51	56	67	71	/
1A_SB	2	a	28	32	36	45	49	52	59	63	67	71	76	80	91	94	101
1A_SB	2	d	29	34	38	47	50	54	61	64	68	73	77	82	92	95	/
1A_SB	3	a	56	60	64	73	76	80	86	90	95	99	104	108	117	122	129
1A_SB	3	d	57	61	66	74	77	82	88	92	97	101	106	109	119	123	/
1A_SB	4	a	78	82	86	94	98	101	107	111	116	120	124	128	139	143	150
1A_SB	4	d	80	83	87	95	99	103	109	113	118	121	126	129	141	145	/
1A_SB	5	a	86	90	94	103	107	111	117	120	123	127	132	135	145	149	155
1A_SB	5	d	88	91	95	104	108	112	118	121	125	129	133	137	147	150	/
1A_SB	6	a	97	102	107	116	120	124	130	133	136	139	143	148	160	165	172
1A_SB	6	d	99	104	109	118	122	126	131	134	137	140	145	150	162	166	/
1A_SB	7	a	117	122	126	134	138	142	147	151	155	159	162	165	176	180	188
1A_SB	7	d	119	123	127	135	139	143	149	153	157	160	163	166	178	181	/
1A_SB	8	a	125	129	133	141	145	149	155	159	163	167	172	176	187	191	199
1A_SB	8	d	127	130	134	142	146	150	156	161	165	169	174	177	189	192	/
1A_SB	9	a	130	134	139	149	153	156	162	167	171	174	179	182	193	196	203
1A_SB	9	d	132	136	141	150	154	157	164	169	172	176	180	184	194	197	/
1A_SB	10	a	146	150	155	166	170	173	179	183	186	190	194	198	208	212	219
1A_SB	10	d	148	152	157	168	171	174	180	184	187	192	196	200	210	213	/
1A_SB	11	a	154	158	163	175	179	183	190	194	197	201	205	209	219	223	231
1A_SB	11	d	156	160	165	177	181	185	191	195	199	202	207	211	221	225	/
1A_SB	12	a	184	189	192	202	206	210	217	221	225	228	231	234	244	247	254
1A_SB	12	d	186	190	194	204	208	212	218	222	226	229	232	235	245	248	/
1A_SB	13	a	206	210	214	222	226	229	235	239	243	247	250	255	263	267	276
1A_SB	13	d	208	211	215	223	227	230	236	240	245	248	252	257	265	269	/
1A_SB	14	a	222	227	231	239	242	245	250	254	259	264	267	271	281	285	293
1A_SB	14	d	224	228	232	240	243	246	252	256	261	265	269	273	283	287	/
1A_SB	15	a	248	252	256	265	269	273	279	284	288	292	297	301	311	316	324
1A_SB	15	d	250	253	258	267	270	274	281	286	290	294	298	302	313	317	/
1A_SB	16	a	266	270	275	283	287	291	296	299	304	308	311	314	323	328	336
1A_SB	16	d	268	272	276	284	288	292	297	301	305	309	312	315	325	329	/
1A_SB	17	a	275	279	283	291	295	300	307	311	316	320	325	329	338	342	351
1A_SB	17	d	276	280	284	293	297	302	309	313	318	322	327	330	340	343	/
1A_SB	18	a	301	305	309	321	325	330	338	341	344	347	350	354	363	366	373
1A_SB	18	d	303	307	311	323	327	332	339	342	345	348	352	355	364	367	/
1A_SB	19	a	326	330	334	343	346	350	358	362	365	370	374	377	386	390	398
1A_SB	19	d	328	331	336	344	348	352	359	363	367	372	375	378	387	391	/
1A_SB	20	a	335	339	344	354	359	364	371	374	378	382	387	390	398	402	410
1A_SB	20	d	337	341	346	356	361	366	372	376	380	384	388	391	399	403	/
1A_SB	21	a	355	359	363	371	375	378	383	386	389	392	396	399	407	412	420
1A_SB	21	d	357	360	365	372	376	379	384	387	390	394	397	400	409	414	/
1A_SB	22	a	363	368	372	379	384	387	392	395	398	401	404	407	415	420	428
1A_SB	22	d	365	369	373	381	385	388	393	396	399	402	405	409	417	421	/
1A_SB	23	a	368	373	377	386	390	393	398	402	406	410	415	418	425	429	437
1A_SB	23	d	370	374	378	387	391	394	400	404	408	412	416	419	427	430	/
1A_SB	24	a	376	381	386	395	398	401	406	410	415	419	424	428	438	442	449
1A_SB	24	d	378	383	387	396	399	402	408	412	417	421	426	430	440	443	/
1A_SB	25	a	386	391	396	406	410	413	418	421	424	427	432	435	445	448	455
1A_SB	25	d	388	393	398	408	411	414	419	422	425	429	433	436	446	449	/
1A_SB	26	a	395	400	404	414	418	422	429	432	435	438	443	447	458	462	468
1A_SB	26	d	397	401	406	416	420	424	430	433	436	440	445	449	459	463	/
1A_SB	27	a	410	415	419	429	434	438	443	447	451	454	458	462	471	475	481
1A_SB	27	d	412	416	420	431	436	439	445	448	452	455	459	463	472	476	/
1A_SB	28	a	425	431	435	444	447	450	456	459	463	466	470	474	484	487	494
1A_SB	28	d	427	432	436	445	448	452	457	460	464	468	472	475	485	488	/
1A_SB	29	a	446	451	455	464	467	471	477	481	484	488	492	497	508	512	521
1A_SB	29	d	448	452	456	465	468	472	478	482	486	490	494	499	510	513	/
1A_SB	30	a	456	461	466	477	481	486	493	496	500	504	509	512	522	525	533
1A_SB	30	d	458	463	468	479	483	488	494	497	501	506	510	513	523	526	/
1A_SB	31	a	476	481	486	495	498	502	509	512	515	518	522	525	534	537	545
1A_SB	31	d	478	483	487	496	500	504	510	513	516	519	523	526	535	538	/
1A_SB	32	a	485	489	493	503	506	509	514	518	522	526	530	534	543	548	558
1A_SB	32	d	487	490	495	504	507	510	516	520	524	527	532	535	545	550	/
1A_SB	33	a	490	494	499	509	512	516	522	525	529	533	537	541	551	555	563
1A_SB	33	d	492	496	501	510	513	518	523	526	530	534	539	543	552	556	/
1A_SB	34	a	497	502	506	515	518	523	530	533	537	542	545	548	557	561	569
1A_SB	34	d	499	503	507	516	520	525	531	534	539	543	546	549	558	562	/
1A_SB	35	a	502	507	511	522	525	529	535	538	542	546	550	554	565	569	576
1A_SB	35	d	504	508	512	523	526	530	536	539	544	548	552	556	566	570	/
1A_SB	36	a	508	512	516	527	530	534	540	543	548	552	556	560	570	573	581
1A_SB	36	d	509	513	517	528	531	535	541	545	550	554	557	561	571	575	/
1A_SB	37	a	513	517	522	534	537	541	548	551	555	559	562	566	577	580	587
1A_SB	37	d	514	519	524	535	538	543	549	552	556	560	563	568	578	581	/
1A_SB	38	a	519	523	528	538	542	546	553	556	561	565	568	572	583	586	594
1A_SB	38	d	520	525	530	540	543	548	554	558	562	566	570	573	584	587	/
1A_SB	39	a	524	528	533	543	547	551	558	562	566	570	574	577	588	591	599
1A_SB	39	d	525	530	535	545	548	553	559	563	567	571	575	578	589	592	/
1A_SB	40	a	529	533	538	550	553	557	562	567	571	575	579	582	593	596	604
1A_SB	40	d	530	535	540	551	554	558	564	568	572	576	580	583	594	597	/
1A_SB	41	a	534	538	543	555	558	562	567	572	575	580	584	588	598	601	608
1A_SB	41	d	535	540	545	556	559	563	569	573	577	581	585	590	599	602	/
1A_SB	42	a	539	543	548	560	563	567	572	577	580	585	589	593	603	607	615
1A_SB	42	d	540	545	550	561	564	568	574	578	582	586	590	595	604	609	/
1A_SB	43	a	546	550	555	564	568	572	577	582	585	589	594	598	608	612	620
1A_SB	43	d	547	552	557	566	569	573	579	583	587	591	595	600	609	614	/
1A_SB	44	a	552	556	561	569	573	576	582	587	591	594	599	603	613	617	625
1A_SB	44	d	553	558	562	571	574	578	584	588	592	596	600	605	614	619	/
1A_SB	45	a	559	562	566	574	578	581	587	592	596	599	604	608	618	622	630
1A_SB	45	d	560	563	567	576	579	583	589	593	597	601	605	610	619	624	/
1A_SB	46	a	568	571	576	582	585	588	595	599	604	608	612	616	627	631	638
1A_SB	46	d	569	573	577	583	586	590	596	601	606	609	613	618	628	633	/
1A_SB	47	a	576	579	583	589	593	597	603	608	613	617	622	626	637	641	648
1A_SB	47	d	577	580	584	591	595	598	605	610	615	619	624	628	638	643	/
1A_SB	48	a	581	584	588	595	599	603	608	613	618	622	627	631	641	646	655
1A_SB	48	d	582	585	589	597	600	604	610	615	620	624	629	633	643	648	/
1A_SB	49	a	587	591	595	602	606	611	617	622	627	630	634	638	648	652	661
1A_SB	49	d	588	592	596	604	608	613	619	624	628	632	636	640	649	654	/
1A_SB	50	a	613	617	622	631	634	637	645	650	653	657	660	663	674	677	685
1A_SB	50	d	614	619	623	632	635	639	647	651	655	658	661	665	675	679	/
1A_SB	51	a	638	641	645	654	658	662	667	671	674	677	682	686	697	700	708
1A_SB	51	d	639	642	646	656	660	663	669	672	675	679	684	688	698	701	/
1A_SB	52	a	653	657	661	670	674	678	685	688	693	696	700	705	714	717	724
1A_SB	52	d	654	658	663	672	676	680	686	690	694	697	702	706	715	718	/
1A_SB	53	a	679	683	687	696	700	705	711	715	720	723	728	732	741	744	752
1A_SB	53	d	680	684	689	698	702	707	713	717	721	725	730	733	742	746	/
1A_SB	54	a	703	706	711	723	726	731	738	743	748	753	757	761	770	773	780
1A_SB	54	d	704	708	713	724	728	733	740	745	750	755	759	762	771	774	/
1A_SB	55	a	732	736	741	750	754	759	766	770	775	779	784	788	797	800	807
1A_SB	55	d	733	738	743	752	756	761	768	772	777	781	786	789	798	801	/
1A_SB	56	a	762	766	771	781	784	788	794	799	804	807	811	816	826	829	835
1A_SB	56	d	763	768	772	782	785	789	796	801	805	809	813	817	827	830	/
1A_SB	57	a	792	796	801	810	814	817	823	828	833	837	841	846	854	859	866
1A_SB	57	d	793	798	802	811	815	819	825	830	835	839	843	847	856	860	/
1A_SB	58	a	819	823	826	834	838	842	848	852	857	861	866	870	880	884	891
1A_SB	58	d	820	824	827	835	839	844	849	854	859	863	867	872	881	886	/
1A_SB	59	a	844	848	852	862	866	871	877	881	885	889	893	898	908	913	921
1A_SB	59	d	845	850	854	864	868	873	879	883	887	891	895	900	910	914	/
1A_SB	60	a	874	877	882	892	896	900	906	909	914	917	922	926	939	943	951
1A_SB	60	d	875	879	884	894	898	902	907	911	915	919	924	928	940	944	/
1A_SB	61	a	903	907	912	922	925	929	935	939	943	947	952	956	968	971	978
1A_SB	61	d	904	909	913	923	927	931	936	941	945	949	954	958	969	972	/
1A_SB	62	a	933	937	941	952	956	959	965	969	973	977	982	986	995	1000	1007
1A_SB	62	d	934	939	943	953	957	961	966	970	974	979	984	988	997	1001	/
1A_SB	63	a	960	964	969	979	983	987	992	997	1001	1006	1011	1015	1025	1029	1036
1A_SB	63	d	961	966	971	981	985	988	994	998	1003	1008	1013	1016	1027	1030	/
1A_SB	64	a	984	988	993	1004	1008	1012	1018	1021	1025	1029	1032	1037	1047	1051	1058
1A_SB	64	d	985	990	995	1005	1010	1013	1019	1023	1027	1030	1034	1039	1049	1053	/
1A_NB	1	a	20	29	34	45	50	54	59	62	67	73	77	81	90	94	97
1A_NB	1	d	21	31	36	46	52	56	60	64	69	74	79	82	91	95	/
1A_NB	2	a	41	51	55	67	73	77	82	85	89	95	99	104	113	118	122
1A_NB	2	d	42	53	57	69	75	79	83	87	90	97	101	106	115	119	/
1A_NB	3	a	66	76	81	89	93	97	101	105	109	115	119	123	131	135	139
1A_NB	3	d	68	78	82	90	95	98	102	107	110	117	120	124	132	136	/
1A_NB	4	a	76	87	92	100	104	107	110	115	118	124	128	133	141	144	148
1A_NB	4	d	78	89	93	101	105	108	112	116	120	126	130	134	142	145	/
1A_NB	5	a	98	106	110	121	127	132	136	140	144	150	154	158	168	173	177
1A_NB	5	d	99	108	111	123	129	133	137	141	145	152	156	160	170	174	/
1A_NB	6	a	109	120	125	135	140	143	147	152	156	161	164	167	175	179	184
1A_NB	6	d	111	122	127	136	141	144	149	153	157	162	165	168	176	181	/
1A_NB	7	a	124	132	137	145	151	155	160	164	167	173	177	180	190	194	199
1A_NB	7	d	125	134	138	147	152	157	161	165	169	174	178	182	192	196	/
1A_NB	8	a	133	144	147	155	161	165	170	173	176	182	186	190	200	204	209
1A_NB	8	d	135	145	148	157	162	167	171	174	178	183	188	192	201	206	/
1A_NB	9	a	143	154	158	166	172	175	180	185	188	194	198	202	211	215	220
1A_NB	9	d	145	155	159	167	173	177	182	186	189	196	200	204	213	217	/
1A_NB	10	a	153	163	167	176	183	186	190	194	198	205	208	211	218	221	225
1A_NB	10	d	155	164	168	178	184	187	191	195	199	206	209	212	219	222	/
1A_NB	11	a	159	169	173	183	188	191	195	199	203	210	213	216	223	227	232
1A_NB	11	d	161	170	175	184	189	192	196	200	204	211	214	217	225	229	/
1A_NB	12	a	167	177	181	189	194	197	200	204	209	216	219	222	229	232	237
1A_NB	12	d	169	178	182	190	195	198	201	206	211	217	220	223	230	234	/
1A_NB	13	a	172	182	187	195	200	203	206	211	215	221	224	227	235	238	242
1A_NB	13	d	174	184	188	196	201	204	208	213	216	222	225	228	236	239	/
1A_NB	14	a	177	187	192	200	205	208	211	216	220	226	229	232	240	243	247
1A_NB	14	d	179	189	193	201	206	209	213	218	221	227	230	233	241	244	/
1A_NB	15	a	197	207	212	223	230	233	237	241	245	250	253	257	266	270	274
1A_NB	15	d	199	209	214	225	231	234	238	242	246	251	254	259	268	271	/
1A_NB	16	a	217	229	232	243	248	251	255	260	265	271	274	278	286	289	294
1A_NB	16	d	219	230	234	244	249	252	257	262	267	272	276	279	287	291	/
1A_NB	17	a	229	239	243	253	259	263	268	273	278	283	286	290	298	303	306
1A_NB	17	d	231	241	244	255	261	265	270	275	279	284	288	291	300	304	/
1A_NB	18	a	249	258	261	271	276	280	284	288	291	298	301	304	315	320	325
1A_NB	18	d	251	259	263	272	278	282	285	289	293	299	302	306	317	322	/
1A_NB	19	a	277	287	290	301	307	310	314	318	322	328	331	335	341	345	349
1A_NB	19	d	279	288	291	302	308	311	315	319	323	329	332	336	342	346	/
1A_NB	20	a	295	304	308	318	324	329	332	337	342	349	352	356	364	368	371
1A_NB	20	d	297	306	310	319	326	330	334	339	344	350	353	357	365	369	/
1A_NB	21	a	317	328	331	344	350	355	359	363	366	371	374	379	387	392	396
1A_NB	21	d	319	329	333	346	352	356	360	364	367	372	376	380	389	394	/
1A_NB	22	a	334	344	348	359	366	370	375	379	383	389	393	397	407	410	414
1A_NB	22	d	336	345	350	361	368	372	376	380	385	390	395	399	408	411	/
1A_NB	23	a	349	358	363	374	379	382	385	389	392	398	402	405	413	417	421
1A_NB	23	d	351	360	365	375	380	383	386	390	393	399	403	406	415	418	/
1A_NB	24	a	367	375	378	387	393	398	402	406	410	416	420	424	435	439	443
1A_NB	24	d	369	376	379	389	395	400	403	408	412	418	422	426	436	440	/
1A_NB	25	a	380	390	393	402	408	412	417	422	425	432	436	440	450	454	459
1A_NB	25	d	382	391	395	404	409	414	419	423	427	434	438	441	452	456	/
1A_NB	26	a	389	399	402	410	417	422	426	431	435	441	445	449	458	461	465
1A_NB	26	d	391	400	403	412	419	423	428	433	436	443	447	450	459	462	/
1A_NB	27	a	399	409	413	422	428	432	436	440	444	450	453	457	466	469	474
1A_NB	27	d	401	411	415	424	429	433	437	441	445	451	454	458	467	471	/
1A_NB	28	a	407	418	421	432	438	442	446	450	454	461	465	469	478	481	486
1A_NB	28	d	409	419	423	434	440	443	447	451	456	463	466	471	479	483	/
1A_NB	29	a	436	445	449	458	463	466	470	475	479	485	488	491	500	504	508
1A_NB	29	d	438	446	450	459	464	468	472	477	481	486	489	492	501	505	/
1A_NB	30	a	442	451	455	465	472	476	480	484	489	495	499	503	511	515	519
1A_NB	30	d	444	453	457	467	474	478	481	486	491	497	501	504	513	516	/
1A_NB	31	a	457	466	469	477	484	489	494	499	502	508	513	516	524	529	534
1A_NB	31	d	459	467	470	479	486	491	496	500	503	510	514	517	526	531	/
1A_NB	32	a	469	480	485	495	500	505	508	512	515	521	525	529	537	541	546
1A_NB	32	d	471	482	487	496	502	506	509	513	516	522	526	530	538	543	/
1A_NB	33	a	475	486	490	500	505	510	514	519	523	529	534	538	546	551	555
1A_NB	33	d	477	487	492	501	507	511	516	521	524	531	535	539	548	552	/
1A_NB	34	a	482	492	497	506	512	517	521	525	528	536	541	545	553	557	562
1A_NB	34	d	484	494	498	508	514	518	522	526	530	538	543	546	554	558	/
1A_NB	35	a	491	500	503	513	518	523	528	532	535	543	546	550	558	562	568
1A_NB	35	d	492	501	505	514	520	525	529	533	537	544	548	551	559	564	/
1A_NB	36	a	501	511	514	526	531	534	539	543	548	553	556	559	568	572	578
1A_NB	36	d	503	512	515	527	532	536	540	545	549	554	557	560	569	574	/
1A_NB	37	a	506	516	519	531	536	540	543	548	553	559	562	565	575	578	583
1A_NB	37	d	508	517	520	532	538	541	545	550	555	560	563	567	576	579	/
1A_NB	38	a	513	522	525	535	541	545	549	554	558	564	568	572	580	583	588
1A_NB	38	d	515	523	527	537	543	547	551	556	560	566	570	573	581	584	/
1A_NB	39	a	519	528	532	541	548	551	555	559	563	569	574	578	587	591	595
1A_NB	39	d	521	530	533	543	549	553	556	561	565	571	576	580	588	592	/
1A_NB	40	a	538	547	552	561	567	571	575	581	586	591	594	598	608	612	617
1A_NB	40	d	540	549	553	563	568	572	577	583	587	592	595	600	610	614	/
1A_NB	41	a	561	569	573	583	588	592	597	601	605	611	615	619	627	632	637
1A_NB	41	d	562	571	574	584	590	594	598	603	607	613	617	620	629	634	/
1A_NB	42	a	589	597	601	610	615	620	624	629	632	637	641	645	654	658	663
1A_NB	42	d	590	599	603	611	617	621	626	630	633	639	643	647	656	660	/
1A_NB	43	a	618	626	629	637	642	645	649	652	656	663	666	670	679	683	687
1A_NB	43	d	619	627	630	638	643	646	650	654	658	664	667	671	681	684	/
1A_NB	44	a	624	632	637	646	653	657	662	667	671	676	680	684	695	699	704
1A_NB	44	d	625	634	639	648	654	659	664	668	672	678	682	686	696	701	/
1A_NB	45	a	632	641	646	655	662	667	672	676	680	686	690	693	703	708	712
1A_NB	45	d	633	643	647	657	664	669	673	677	681	688	691	694	705	709	/
1A_NB	46	a	645	654	658	667	673	677	680	683	687	693	696	699	709	713	717
1A_NB	46	d	646	656	660	668	674	678	681	684	688	694	697	700	710	714	/
1A_NB	47	a	650	659	663	672	678	682	685	688	692	698	701	704	713	718	722
1A_NB	47	d	651	661	665	673	679	683	686	689	693	699	702	705	715	719	/
1A_NB	48	a	655	664	668	677	682	687	690	694	697	703	706	709	718	723	727
1A_NB	48	d	656	666	670	678	684	688	691	695	698	704	707	710	720	724	/
1A_NB	49	a	660	670	673	683	688	692	696	700	703	709	712	715	724	728	732
1A_NB	49	d	661	671	675	684	689	693	697	701	704	710	713	716	725	729	/
1A_NB	50	a	665	675	678	688	693	697	701	705	709	715	718	721	730	734	738
1A_NB	50	d	666	676	680	689	694	698	702	706	710	716	719	722	731	735	/
1A_NB	51	a	670	680	683	693	699	703	707	711	715	721	724	727	736	740	744
1A_NB	51	d	671	681	685	694	700	704	708	712	716	722	725	728	737	741	/
1A_NB	52	a	675	686	689	699	705	708	712	716	720	726	729	732	741	745	749
1A_NB	52	d	676	687	690	700	706	709	713	717	721	727	730	733	742	746	/
1A_NB	53	a	697	706	709	720	727	732	736	741	745	751	756	760	770	774	778
1A_NB	53	d	698	707	711	722	729	734	738	743	746	753	758	762	771	775	/
1A_NB	54	a	724	733	738	747	753	756	761	765	769	776	779	784	792	796	800
1A_NB	54	d	725	735	740	749	754	758	762	767	771	777	781	785	793	797	/
1A_NB	55	a	752	762	766	778	783	787	791	795	799	805	809	813	821	825	830
1A_NB	55	d	753	764	768	779	784	788	792	796	801	807	811	815	822	827	/
1A_NB	56	a	780	791	794	806	812	816	820	825	829	835	839	844	850	855	860
1A_NB	56	d	781	792	796	808	813	817	822	826	831	837	841	845	852	857	/
1A_NB	57	a	809	820	825	835	840	845	850	854	857	862	865	869	878	881	885
1A_NB	57	d	810	822	826	836	842	847	851	855	858	863	867	871	879	882	/
1A_NB	58	a	832	843	846	855	861	865	870	875	879	885	888	892	901	906	910
1A_NB	58	d	833	844	847	857	863	867	872	877	880	886	890	893	903	907	/
1A_NB	59	a	853	865	869	880	886	891	896	900	905	911	914	917	927	932	937
1A_NB	59	d	854	867	871	881	888	893	897	902	907	912	915	919	929	934	/
1A_NB	60	a	880	891	895	907	914	919	924	929	932	938	942	946	955	959	963
1A_NB	60	d	881	893	897	909	916	921	926	930	934	940	943	948	957	961	/
1A_NB	61	a	904	914	918	929	935	939	943	948	952	958	962	965	974	978	983
1A_NB	61	d	905	916	920	931	937	940	945	950	953	960	963	967	975	980	/
1A_NB	62	a	931	940	943	954	961	966	970	975	979	985	988	991	999	1003	1007
1A_NB	62	d	932	941	944	956	963	967	972	977	980	986	989	993	1001	1005	/
1A_NB	63	a	961	969	972	980	986	990	994	999	1003	1010	1014	1019	1028	1032	1035
1A_NB	63	d	962	970	973	982	987	991	996	1001	1005	1012	1016	1020	1029	1033	/
1A_NB	64	a	974	984	988	1000	1005	1009	1013	1017	1021	1027	1031	1034	1043	1048	1052
1A_NB	64	d	975	985	990	1001	1006	1010	1014	1019	1022	1029	1032	1036	1045	1050	/
2A_NB	1	a	4	8	14	18	22	28	32	35	44	48	53	55	57	61	67	69	73	77
2A_NB	1	d	5	9	15	19	23	29	33	36	45	49	54	56	58	62	68	70	74	/
2A_NB	2	a	9	13	19	23	27	33	37	40	49	53	58	60	63	67	73	75	79	83
2A_NB	2	d	10	14	20	24	28	34	38	41	50	54	59	61	64	68	74	76	80	/
2A_NB	3	a	14	17	24	28	32	39	43	46	54	58	63	66	69	73	79	81	85	89
2A_NB	3	d	15	19	25	30	33	40	44	47	55	59	64	67	70	74	80	82	86	/
2A_NB	4	a	20	23	30	34	37	44	47	52	60	64	69	73	76	80	86	88	92	97
2A_NB	4	d	21	25	31	35	38	45	49	53	62	65	71	74	78	82	87	89	94	/
2A_NB	5	a	28	31	37	41	44	50	54	58	66	69	75	77	81	85	91	95	98	102
2A_NB	5	d	29	32	38	42	46	52	55	59	67	71	76	79	83	87	93	96	99	/
2A_NB	6	a	33	36	42	46	51	57	60	64	72	76	83	85	89	93	100	104	108	112
2A_NB	6	d	34	37	43	48	53	58	61	66	74	78	84	87	90	95	102	105	109	/
2A_NB	7	a	57	60	67	71	76	81	84	87	97	100	106	109	113	117	123	125	129	133
2A_NB	7	d	58	62	68	73	77	82	85	89	98	101	108	111	114	118	124	126	130	/
2A_NB	8	a	64	67	74	77	80	86	90	94	102	106	112	115	118	122	129	132	136	140
2A_NB	8	d	65	69	75	78	82	88	91	95	104	108	114	116	120	123	131	133	138	/
2A_NB	9	a	73	76	82	86	89	96	100	104	112	116	121	124	128	131	138	140	145	149
2A_NB	9	d	74	77	84	87	91	97	101	105	113	117	123	126	129	132	139	142	147	/
2A_NB	10	a	79	82	88	93	96	102	106	110	119	123	129	132	136	140	147	150	153	156
2A_NB	10	d	80	83	90	94	97	103	108	112	120	124	131	134	137	141	149	151	154	/
2A_NB	11	a	84	87	93	98	101	108	113	117	125	129	136	139	142	146	153	155	158	162
2A_NB	11	d	85	88	95	99	103	110	115	118	126	131	137	140	143	147	154	156	160	/
2A_NB	12	a	91	94	100	104	108	114	118	123	131	136	141	145	148	152	159	162	166	171
2A_NB	12	d	92	95	101	105	110	115	120	125	133	137	143	146	149	153	161	164	168	/
2A_NB	13	a	97	100	107	110	114	120	125	130	138	142	147	151	154	159	166	169	173	178
2A_NB	13	d	98	102	108	111	116	122	127	132	139	143	149	152	156	160	168	170	175	/
2A_NB	14	a	105	109	114	118	123	129	134	138	148	152	157	161	165	170	176	178	182	185
2A_NB	14	d	106	110	116	120	124	131	136	140	149	153	159	163	167	171	177	180	183	/
2A_NB	15	a	132	136	143	148	152	158	162	166	176	180	186	190	194	198	205	207	211	214
2A_NB	15	d	133	138	145	150	153	160	164	168	177	182	188	192	195	200	206	208	212	/
2A_NB	16	a	161	164	171	175	178	183	188	193	202	207	213	216	219	224	229	232	237	241
2A_NB	16	d	162	166	173	176	179	185	190	195	204	209	214	217	221	225	231	234	239	/
2A_NB	17	a	191	194	199	203	208	214	218	222	230	234	240	244	247	251	257	259	263	268
2A_NB	17	d	192	196	201	205	209	215	219	223	231	236	242	245	248	252	258	261	265	/
2A_NB	18	a	218	221	227	232	236	242	245	249	258	263	269	271	274	277	283	286	291	296
2A_NB	18	d	219	223	229	234	238	243	247	251	260	264	270	273	275	279	284	288	293	/
2A_NB	19	a	242	245	250	254	259	266	270	273	282	287	294	296	298	303	308	312	315	320
2A_NB	19	d	243	246	252	256	261	267	271	275	284	289	295	297	300	304	310	313	317	/
2A_NB	20	a	250	253	260	263	267	274	278	281	290	294	300	303	306	311	317	319	324	329
2A_NB	20	d	251	255	261	264	269	275	279	283	292	295	302	304	308	313	318	321	326	/
2A_NB	21	a	258	262	268	271	276	283	287	291	300	304	309	311	315	320	326	329	334	338
2A_NB	21	d	259	263	269	273	278	284	289	292	301	305	310	313	317	322	328	331	335	/
2A_NB	22	a	263	267	273	276	281	288	292	296	305	309	314	317	320	325	331	334	339	343
2A_NB	22	d	264	268	274	278	283	289	294	297	306	310	315	318	322	327	333	336	340	/
2A_NB	23	a	268	272	277	281	286	292	297	301	310	314	319	322	325	330	337	339	344	348
2A_NB	23	d	269	273	279	283	288	294	299	302	311	315	320	323	327	332	338	341	345	/
2A_NB	24	a	273	276	282	286	291	297	302	306	315	318	324	327	330	335	342	344	348	353
2A_NB	24	d	274	278	284	288	293	299	304	307	316	320	325	328	332	337	343	346	350	/
2A_NB	25	a	278	281	287	292	296	302	307	311	320	323	329	332	335	340	347	350	353	358
2A_NB	25	d	279	283	289	293	298	304	309	312	321	325	330	333	337	342	348	351	355	/
2A_NB	26	a	285	289	295	300	303	310	315	319	330	335	340	344	347	351	358	361	365	370
2A_NB	26	d	286	291	297	301	305	312	316	321	332	336	342	346	349	352	360	362	367	/
2A_NB	27	a	313	316	322	326	330	337	341	345	354	358	364	367	370	374	381	384	387	391
2A_NB	27	d	314	317	323	328	332	338	343	346	355	360	366	369	371	376	383	385	388	/
2A_NB	28	a	341	345	351	354	358	364	368	372	379	383	389	392	395	400	406	409	414	417
2A_NB	28	d	342	346	352	355	359	365	370	373	380	385	390	394	397	402	407	411	415	/
2A_NB	29	a	348	351	358	363	367	373	377	380	387	392	399	403	406	411	418	421	425	429
2A_NB	29	d	349	353	360	365	369	374	378	381	389	394	401	405	408	413	419	423	426	/
2A_NB	30	a	378	382	387	391	395	402	406	409	417	420	426	430	432	437	442	445	449	453
2A_NB	30	d	379	383	389	392	396	403	407	410	418	422	428	431	434	438	444	446	450	/
2A_NB	31	a	408	412	418	421	424	431	434	439	446	450	456	459	463	466	473	475	479	483
2A_NB	31	d	409	413	419	422	426	432	436	440	448	452	458	461	464	468	474	476	480	/
2A_NB	32	a	438	442	447	450	455	460	464	469	477	481	487	490	492	497	502	504	508	513
2A_NB	32	d	439	443	448	452	456	462	466	470	478	482	488	491	494	498	503	506	510	/
2A_NB	33	a	468	471	477	481	485	491	495	498	507	511	517	520	523	527	532	535	539	543
2A_NB	33	d	469	473	478	482	486	492	496	499	508	512	518	521	524	528	533	536	540	/
2A_NB	34	a	497	500	505	509	513	519	523	528	535	539	544	546	550	555	561	564	567	571
2A_NB	34	d	498	501	507	510	514	520	525	529	537	541	545	548	552	557	562	565	568	/
2A_NB	35	a	526	529	535	539	542	548	551	555	565	569	574	576	578	582	587	591	596	601
2A_NB	35	d	527	531	537	540	543	549	553	557	566	570	575	577	579	583	589	593	598	/
2A_NB	36	a	534	537	542	545	549	555	560	564	573	577	582	584	587	592	597	600	605	608
2A_NB	36	d	535	538	543	547	550	557	562	565	574	578	583	586	589	593	598	602	606	/
2A_NB	37	a	542	546	552	555	558	565	569	572	581	585	590	593	595	600	606	609	614	618
2A_NB	37	d	543	547	553	556	560	566	570	573	582	586	592	594	597	602	608	611	615	/
2A_NB	38	a	547	551	557	561	564	570	574	577	586	590	595	598	600	605	611	614	618	623
2A_NB	38	d	548	552	558	562	565	571	575	578	587	591	597	599	602	607	613	616	620	/
2A_NB	39	a	552	556	561	566	569	575	579	582	591	595	600	603	606	610	616	620	623	628
2A_NB	39	d	553	557	563	567	570	576	580	583	592	596	602	604	607	612	618	621	625	/
2A_NB	40	a	560	564	570	573	576	582	586	589	597	601	607	609	612	616	622	626	629	633
2A_NB	40	d	561	566	571	574	577	583	587	591	598	603	608	610	613	617	624	627	630	/
2A_NB	41	a	567	571	576	579	583	589	593	596	603	607	613	616	620	623	630	632	636	641
2A_NB	41	d	568	572	577	581	585	590	594	597	604	609	615	618	621	625	631	633	638	/
2A_NB	42	a	572	576	581	584	589	594	598	601	609	613	618	621	625	628	635	637	641	646
2A_NB	42	d	573	577	582	586	590	595	599	602	610	614	620	623	626	630	636	638	643	/
2A_NB	43	a	577	581	586	590	594	599	602	606	614	617	624	626	630	633	640	642	646	650
2A_NB	43	d	578	582	587	591	595	600	604	607	615	619	625	628	631	635	641	643	648	/
2A_NB	44	a	582	586	591	595	599	604	607	611	619	622	629	631	635	638	645	647	651	655
2A_NB	44	d	583	587	592	596	600	605	609	612	620	624	630	633	636	640	646	649	653	/
2A_NB	45	a	588	592	598	602	606	612	616	620	629	632	638	641	645	649	654	657	660	663
2A_NB	45	d	589	594	600	604	608	614	618	621	630	634	640	643	646	650	656	658	661	/
2A_NB	46	a	593	597	603	607	611	617	622	625	635	639	644	647	651	655	661	664	667	670
2A_NB	46	d	594	599	605	609	613	619	623	627	637	640	645	649	652	657	663	665	668	/
2A_NB	47	a	620	624	629	634	637	644	648	652	660	664	670	673	677	681	688	690	695	699
2A_NB	47	d	621	625	631	635	638	645	650	654	662	666	672	675	678	683	689	692	696	/
2A_NB	48	a	650	654	660	663	667	673	677	681	690	694	701	703	707	711	718	720	724	729
2A_NB	48	d	651	655	661	664	668	674	679	683	692	696	702	705	708	713	719	722	726	/
2A_NB	49	a	680	683	689	693	696	703	706	710	720	724	730	733	736	741	747	750	755	759
2A_NB	49	d	681	685	691	694	698	704	707	712	722	726	732	735	738	743	749	752	756	/
2A_NB	50	a	710	713	720	723	726	732	736	740	749	754	761	763	766	770	777	780	783	786
2A_NB	50	d	711	715	721	724	728	734	737	742	751	756	762	764	767	771	778	781	784	/
2A_NB	51	a	722	725	732	736	740	746	750	754	763	767	773	776	779	783	790	792	796	800
2A_NB	51	d	723	727	734	737	741	747	751	755	764	769	775	777	780	785	791	794	798	/
2A_NB	52	a	728	731	738	741	746	753	758	762	772	776	782	784	788	792	798	800	805	808
2A_NB	52	d	729	733	739	743	748	755	759	764	773	778	783	786	789	793	799	802	806	/
2A_NB	53	a	736	739	745	749	754	760	764	768	777	782	788	791	795	799	806	808	812	817
2A_NB	53	d	737	740	747	751	756	761	766	770	779	784	790	793	796	801	807	810	814	/
2A_NB	54	a	747	750	756	760	765	771	775	778	788	792	798	801	805	810	816	818	822	827
2A_NB	54	d	748	752	758	762	767	773	776	780	789	794	800	803	807	812	817	820	824	/
2A_NB	55	a	776	779	786	789	794	801	804	808	818	821	827	831	833	838	843	846	851	855
2A_NB	55	d	777	781	787	791	796	802	806	810	819	823	829	832	835	839	845	848	852	/
2A_NB	56	a	806	810	816	819	824	830	835	838	847	852	858	861	863	867	873	877	881	885
2A_NB	56	d	807	811	817	821	826	832	836	840	849	853	859	862	865	869	875	878	882	/
2A_NB	57	a	836	839	845	849	854	860	864	868	878	882	887	891	893	898	903	906	910	915
2A_NB	57	d	837	841	847	851	856	862	866	870	879	883	889	892	895	899	905	908	912	/
2A_NB	58	a	865	869	875	879	883	890	894	898	907	911	918	921	924	928	934	937	941	945
2A_NB	58	d	866	870	877	881	885	892	896	900	908	912	919	922	925	929	935	938	942	/
2A_NB	59	a	895	899	906	909	913	920	924	928	937	941	947	950	954	957	962	965	969	973
2A_NB	59	d	896	900	907	911	915	921	925	929	938	942	949	952	955	958	963	966	970	/
2A_NB	60	a	925	928	935	939	943	949	954	958	965	969	974	977	980	984	989	992	995	999
2A_NB	60	d	926	930	937	940	944	951	955	959	966	970	975	978	981	985	990	993	996	/
2A_NB	61	a	955	959	965	968	973	980	983	986	995	999	1004	1006	1008	1012	1017	1020	1024	1029
2A_NB	61	d	956	960	966	970	974	981	984	987	996	1000	1005	1007	1009	1013	1019	1022	1026	/
2A_NB	62	a	985	988	994	998	1002	1008	1012	1016	1025	1028	1033	1035	1038	1042	1047	1050	1054	1059
2A_NB	62	d	986	990	996	1000	1003	1009	1013	1017	1026	1029	1034	1036	1039	1043	1048	1051	1056	/
2A_NB	63	a	1015	1018	1023	1027	1031	1037	1041	1045	1053	1056	1062	1064	1067	1070	1077	1080	1084	1088
2A_NB	63	d	1016	1019	1024	1029	1033	1038	1043	1046	1054	1058	1063	1066	1068	1072	1078	1081	1086	/
2A_NB	64	a	1030	1033	1038	1041	1045	1051	1055	1058	1068	1073	1078	1081	1084	1089	1094	1097	1102	1106
2A_NB	64	d	1031	1034	1039	1042	1047	1052	1056	1060	1070	1074	1079	1083	1086	1090	1095	1099	1104	/
2A_SB	1	a	19	22	25	29	36	40	44	49	52	58	61	67	72	77	84	87	91	94
2A_SB	1	d	20	24	27	31	38	41	46	50	54	59	62	69	74	79	85	88	92	/
2A_SB	2	a	46	49	53	57	63	66	70	75	80	86	90	97	101	106	111	115	119	122
2A_SB	2	d	47	51	55	59	65	68	72	77	82	88	92	98	103	107	112	116	120	/
2A_SB	3	a	61	66	69	72	77	80	84	88	92	96	99	105	108	111	116	120	124	127
2A_SB	3	d	63	67	70	73	78	81	86	89	93	97	100	106	109	112	117	121	125	/
2A_SB	4	a	77	80	83	87	93	97	102	106	110	115	118	124	129	132	137	141	145	148
2A_SB	4	d	78	82	85	89	95	99	103	108	111	116	119	126	130	133	138	142	146	/
2A_SB	5	a	90	94	97	100	105	108	111	114	118	123	127	133	137	141	146	150	153	156
2A_SB	5	d	92	95	98	101	106	109	112	116	119	124	128	134	138	142	147	151	154	/
2A_SB	6	a	96	100	104	109	115	118	123	127	130	135	139	144	147	151	156	161	164	168
2A_SB	6	d	98	102	106	111	116	120	124	128	131	136	140	145	148	152	158	162	166	/
2A_SB	7	a	106	111	113	118	125	127	131	135	138	143	147	152	156	159	164	168	173	177
2A_SB	7	d	108	112	115	120	126	128	132	136	139	144	148	153	157	160	165	170	175	/
2A_SB	8	a	120	125	129	134	139	141	145	149	154	160	165	171	176	181	187	191	194	199
2A_SB	8	d	122	127	131	135	140	142	146	151	155	162	167	173	178	182	188	192	196	/
2A_SB	9	a	137	141	144	148	153	157	160	164	167	172	175	180	184	188	194	197	200	204
2A_SB	9	d	139	143	146	149	155	158	161	165	168	173	176	181	185	189	195	198	201	/
2A_SB	10	a	148	153	156	161	166	169	172	176	180	186	190	198	202	206	212	215	218	223
2A_SB	10	d	150	154	158	162	167	170	174	178	182	188	192	199	203	207	213	216	220	/
2A_SB	11	a	163	168	172	176	182	186	189	193	197	204	208	213	217	221	228	232	237	240
2A_SB	11	d	165	170	174	178	184	187	191	195	198	205	209	214	218	223	230	234	238	/
2A_SB	12	a	182	187	190	194	201	205	209	213	216	223	227	232	235	240	245	248	251	254
2A_SB	12	d	184	189	192	196	203	207	211	214	218	224	228	233	236	241	246	249	252	/
2A_SB	13	a	201	206	209	213	220	223	228	232	235	241	244	250	254	257	263	267	271	274
2A_SB	13	d	203	208	210	214	222	225	230	233	236	242	245	252	255	258	264	268	272	/
2A_SB	14	a	210	216	219	223	230	234	239	243	246	252	255	260	265	269	275	278	282	285
2A_SB	14	d	212	217	220	224	232	236	240	244	248	253	256	262	267	270	276	279	283	/
2A_SB	15	a	217	223	227	231	237	240	245	250	254	259	263	268	272	276	282	285	290	293
2A_SB	15	d	219	225	228	233	238	242	247	252	255	260	264	269	273	277	283	287	291	/
2A_SB	16	a	240	245	249	253	259	262	265	269	272	277	280	285	289	293	298	301	305	310
2A_SB	16	d	242	247	250	255	260	263	267	270	273	278	281	286	291	294	299	303	307	/
2A_SB	17	a	251	256	260	263	268	271	276	280	283	288	292	298	302	306	312	316	320	323
2A_SB	17	d	253	258	261	264	269	273	277	281	284	289	294	299	303	307	313	317	321	/
2A_SB	18	a	261	265	268	273	280	284	289	294	297	304	308	315	318	322	328	333	337	341
2A_SB	18	d	263	266	270	275	282	286	291	295	299	306	310	316	319	323	330	334	339	/
2A_SB	19	a	283	288	291	295	302	304	308	313	317	322	325	330	334	337	343	347	350	353
2A_SB	19	d	285	290	292	297	303	305	310	315	318	323	326	331	335	338	344	348	351	/
2A_SB	20	a	295	300	303	306	311	313	318	322	325	330	333	339	343	346	354	359	363	366
2A_SB	20	d	297	301	304	307	312	315	319	323	326	331	335	340	344	348	356	361	364	/
2A_SB	21	a	301	306	310	314	320	324	329	333	336	341	344	350	355	358	365	369	372	375
2A_SB	21	d	303	308	312	316	322	326	331	334	337	342	346	352	356	359	366	370	373	/
2A_SB	22	a	330	334	337	340	345	348	352	355	359	365	368	374	378	382	388	392	396	399
2A_SB	22	d	332	335	338	341	346	349	353	356	360	366	369	376	379	383	389	393	397	/
2A_SB	23	a	340	344	347	350	356	359	363	367	370	377	382	387	391	394	400	404	408	412
2A_SB	23	d	342	345	348	351	357	360	364	368	372	379	383	389	392	395	401	405	410	/
2A_SB	24	a	360	365	368	371	377	379	383	386	389	394	398	403	408	412	418	422	426	429
2A_SB	24	d	362	367	369	372	378	380	384	387	390	395	399	405	409	413	420	423	427	/
2A_SB	25	a	376	381	384	389	394	396	399	403	406	412	416	422	425	429	435	438	442	446
2A_SB	25	d	378	383	386	390	395	397	400	404	407	413	417	423	426	430	436	439	444	/
2A_SB	26	a	384	389	391	396	402	405	409	413	416	423	427	433	436	440	445	448	452	455
2A_SB	26	d	386	390	393	398	404	407	411	414	418	424	429	434	437	441	446	449	453	/
2A_SB	27	a	403	407	411	416	422	425	429	433	437	443	446	452	456	460	465	469	473	476
2A_SB	27	d	405	409	413	418	424	427	430	435	438	444	447	453	457	461	467	470	474	/
2A_SB	28	a	417	421	423	426	431	433	436	440	444	450	453	458	463	467	473	476	480	483
2A_SB	28	d	419	422	424	427	432	434	438	442	445	451	454	460	464	468	474	477	481	/
2A_SB	29	a	422	426	428	431	437	439	443	447	451	456	459	464	468	472	478	481	485	488
2A_SB	29	d	424	427	429	433	438	441	445	449	452	457	460	465	469	473	479	483	486	/
2A_SB	30	a	428	432	434	438	444	446	449	453	456	462	465	470	475	479	485	488	491	494
2A_SB	30	d	430	433	436	439	445	447	451	454	458	463	466	472	476	480	486	489	492	/
2A_SB	31	a	446	450	453	456	461	463	468	473	477	483	486	492	496	500	506	509	512	515
2A_SB	31	d	448	452	454	457	462	465	470	474	478	484	488	494	497	501	507	510	513	/
2A_SB	32	a	451	456	458	461	466	469	473	478	482	488	491	497	502	506	512	515	518	521
2A_SB	32	d	453	457	459	462	467	470	475	479	483	489	493	499	503	507	513	516	519	/
2A_SB	33	a	457	461	463	466	472	475	479	483	486	493	497	503	507	512	518	521	524	527
2A_SB	33	d	458	462	464	468	473	476	480	484	488	495	498	504	509	513	519	522	525	/
2A_SB	34	a	462	466	468	472	477	480	484	488	491	498	502	509	514	518	525	529	533	536
2A_SB	34	d	463	467	469	473	478	481	485	489	493	500	504	511	515	520	527	530	534	/
2A_SB	35	a	469	473	475	480	486	489	494	499	503	509	513	519	524	529	535	538	542	545
2A_SB	35	d	470	474	477	482	488	491	496	501	504	510	514	521	526	530	536	539	543	/
2A_SB	36	a	477	481	485	489	494	497	502	506	509	515	520	526	531	535	541	544	548	551
2A_SB	36	d	478	483	486	490	495	499	503	507	510	517	521	528	532	536	542	545	549	/
2A_SB	37	a	483	487	490	495	501	504	509	514	518	524	527	532	536	540	546	549	553	557
2A_SB	37	d	484	488	492	497	502	506	511	516	519	525	528	533	537	541	547	550	555	/
2A_SB	38	a	492	496	498	502	507	510	515	520	523	529	532	538	542	545	551	554	558	562
2A_SB	38	d	493	497	499	503	508	512	517	521	524	530	534	539	543	546	552	555	560	/
2A_SB	39	a	499	502	505	510	516	518	523	527	531	537	540	545	548	551	557	560	564	568
2A_SB	39	d	500	504	507	512	517	520	524	529	532	538	541	546	549	552	558	561	566	/
2A_SB	40	a	509	512	515	518	523	525	529	533	536	543	547	552	555	559	564	567	571	576
2A_SB	40	d	510	513	516	519	524	527	531	534	538	545	548	553	556	560	565	568	573	/
2A_SB	41	a	514	518	522	525	530	533	536	540	544	549	552	557	560	564	569	572	576	581
2A_SB	41	d	516	520	523	526	531	534	538	541	545	550	553	558	561	565	570	573	578	/
2A_SB	42	a	523	527	531	534	539	542	545	548	552	557	560	564	568	573	578	581	585	589
2A_SB	42	d	525	529	532	535	540	543	546	549	553	558	561	566	570	574	579	582	587	/
2A_SB	43	a	537	541	544	548	554	556	559	562	565	571	576	581	584	588	593	596	600	603
2A_SB	43	d	539	542	545	549	555	557	560	563	566	573	577	582	585	589	594	597	601	/
2A_SB	44	a	553	556	559	562	567	569	573	576	580	585	589	594	597	601	607	610	613	616
2A_SB	44	d	554	558	560	563	568	570	574	577	581	586	590	595	598	602	608	611	614	/
2A_SB	45	a	568	572	575	578	584	587	591	595	598	603	607	614	617	621	628	631	635	638
2A_SB	45	d	569	574	576	579	585	588	592	596	599	605	609	615	618	622	629	632	636	/
2A_SB	46	a	574	578	581	584	591	594	598	602	606	613	618	624	628	633	639	642	646	649
2A_SB	46	d	575	580	582	586	592	595	599	604	608	615	620	626	630	634	640	643	647	/
2A_SB	47	a	580	584	587	591	598	601	605	609	613	619	624	630	634	638	644	647	650	654
2A_SB	47	d	581	586	589	593	600	603	607	611	614	621	626	631	635	639	645	648	652	/
2A_SB	48	a	603	606	609	613	620	623	626	629	633	639	642	647	650	654	661	664	668	672
2A_SB	48	d	604	608	611	615	622	624	627	630	634	640	643	648	651	655	662	665	669	/
2A_SB	49	a	615	618	621	625	632	635	639	643	648	654	658	665	669	672	677	680	683	687
2A_SB	49	d	616	620	623	627	633	636	641	645	649	656	660	666	670	673	678	681	685	/
2A_SB	50	a	644	648	651	655	661	664	669	673	678	683	687	693	697	701	707	710	714	718
2A_SB	50	d	645	649	653	657	663	666	671	675	679	684	688	694	698	702	708	711	715	/
2A_SB	51	a	672	675	679	683	690	694	697	701	706	712	715	720	724	728	734	737	740	744
2A_SB	51	d	673	677	681	685	692	695	698	703	707	713	716	721	725	729	735	738	741	/
2A_SB	52	a	701	705	708	713	719	722	725	728	731	737	741	746	749	754	760	763	767	771
2A_SB	52	d	702	707	710	714	720	723	726	729	732	738	742	747	751	755	761	764	768	/
2A_SB	53	a	706	710	713	718	724	727	730	733	736	743	747	752	756	760	766	769	772	776
2A_SB	53	d	707	712	715	719	725	728	731	734	737	744	748	753	757	761	767	770	773	/
2A_SB	54	a	711	715	718	722	728	732	735	738	741	748	752	757	761	765	770	774	777	781
2A_SB	54	d	712	717	720	724	730	733	736	739	742	749	753	758	762	766	772	775	778	/
2A_SB	55	a	716	720	724	727	733	737	741	744	747	754	758	763	767	771	776	780	785	789
2A_SB	55	d	717	722	725	729	735	738	742	745	748	755	759	764	768	772	778	782	786	/
2A_SB	56	a	721	725	729	732	738	742	746	749	752	758	763	768	772	776	781	785	790	794
2A_SB	56	d	722	727	730	734	740	743	747	750	753	760	764	769	773	777	783	787	791	/
2A_SB	57	a	726	730	734	738	743	747	751	755	758	764	767	774	778	782	788	791	795	798
2A_SB	57	d	727	732	735	739	745	748	752	756	759	765	769	775	779	783	789	792	796	/
2A_SB	58	a	731	735	738	743	749	752	755	760	763	769	773	779	782	787	793	796	799	803
2A_SB	58	d	732	737	740	745	750	753	757	761	765	771	774	780	784	788	794	797	801	/
2A_SB	59	a	737	741	744	749	755	759	763	767	770	775	778	784	787	792	798	802	805	808
2A_SB	59	d	738	743	746	751	757	761	765	768	771	776	780	785	789	793	799	803	806	/
2A_SB	60	a	743	747	750	754	760	764	769	772	775	780	783	789	793	797	804	808	811	814
2A_SB	60	d	744	749	752	756	762	766	770	773	776	781	785	791	794	798	805	809	812	/
2A_SB	61	a	748	752	756	760	766	769	774	777	780	786	790	795	799	803	810	813	817	820
2A_SB	61	d	749	754	758	762	768	771	775	778	782	788	791	796	800	804	811	814	818	/
2A_SB	62	a	755	758	762	766	772	775	780	784	787	792	795	800	804	808	815	818	822	825
2A_SB	62	d	756	760	764	768	774	777	782	785	788	793	796	801	805	809	816	819	823	/
2A_SB	63	a	763	766	769	773	778	780	785	789	792	797	800	805	810	815	822	826	829	832
2A_SB	63	d	764	767	770	774	779	782	787	790	793	798	801	807	812	817	824	827	830	/
2A_SB	64	a	785	789	792	796	801	804	808	812	816	822	826	831	836	840	847	851	854	858
2A_SB	64	d	786	790	793	797	802	805	809	813	817	824	827	833	838	842	848	852	856	/
3A_SB	1	a	4	9	13	19	23	28	33	38	42	46	49	53	58	61	66	71	74
3A_SB	1	d	5	10	14	21	25	30	35	40	44	47	51	55	59	63	67	72	/
3A_SB	2	a	15	20	24	31	34	38	43	47	51	55	59	61	65	69	74	79	83
3A_SB	2	d	16	22	25	32	35	40	44	48	52	57	60	62	66	71	75	80	/
3A_SB	3	a	44	49	53	60	63	66	70	73	76	80	85	88	93	97	101	106	110
3A_SB	3	d	45	50	55	61	64	67	71	74	77	82	86	89	94	98	102	107	/
3A_SB	4	a	74	79	82	88	91	94	98	102	106	110	115	117	122	126	130	135	139
3A_SB	4	d	75	80	83	89	92	95	99	103	107	112	116	118	123	127	131	136	/
3A_SB	5	a	84	89	93	98	102	105	108	112	115	119	123	126	131	135	139	144	149
3A_SB	5	d	85	91	94	99	103	106	109	113	116	120	124	127	132	136	140	146	/
3A_SB	6	a	95	100	103	108	111	114	117	122	126	131	135	137	141	144	148	153	157
3A_SB	6	d	96	101	104	109	112	115	119	123	128	132	136	138	142	145	149	155	/
3A_SB	7	a	101	106	110	117	121	125	128	132	136	139	143	145	149	153	157	164	168
3A_SB	7	d	102	108	112	119	122	126	129	133	137	140	144	146	150	154	159	165	/
3A_SB	8	a	111	118	121	128	133	137	141	146	149	154	158	161	165	169	172	178	182
3A_SB	8	d	112	119	123	130	134	139	143	147	151	156	159	162	166	170	173	179	/
3A_SB	9	a	132	138	142	148	151	155	159	163	167	170	173	176	180	184	188	194	197
3A_SB	9	d	133	140	144	149	152	156	160	164	168	171	174	177	181	185	189	195	/
3A_SB	10	a	147	152	156	162	166	169	173	177	181	185	188	191	195	199	203	208	211
3A_SB	10	d	148	153	158	164	167	170	174	178	182	186	189	192	196	200	204	209	/
3A_SB	11	a	153	158	163	168	173	177	182	187	192	197	201	203	207	211	215	220	223
3A_SB	11	d	154	160	164	170	175	179	184	189	194	199	202	204	208	212	216	221	/
3A_SB	12	a	162	167	172	179	183	187	190	194	198	202	206	208	212	216	220	226	231
3A_SB	12	d	163	169	174	181	184	188	191	195	200	204	207	209	213	217	222	228	/
3A_SB	13	a	173	179	183	190	194	198	202	206	211	216	221	224	229	233	237	243	246
3A_SB	13	d	174	181	185	192	195	199	203	208	213	218	222	225	230	234	238	244	/
3A_SB	14	a	192	198	203	209	213	217	222	227	231	235	240	243	248	252	256	262	265
3A_SB	14	d	193	200	205	211	215	219	224	229	233	237	241	244	249	253	257	263	/
3A_SB	15	a	220	225	229	235	239	243	247	251	254	258	261	263	267	270	273	279	283
3A_SB	15	d	221	226	230	237	240	244	248	252	255	259	262	264	268	271	274	280	/
3A_SB	16	a	236	241	245	250	253	257	261	265	268	272	277	280	285	288	291	297	301
3A_SB	16	d	237	242	246	251	254	258	262	266	269	274	278	281	286	289	292	298	/
3A_SB	17	a	266	271	274	280	283	286	289	293	296	299	303	306	310	313	317	322	325
3A_SB	17	d	267	272	276	281	284	287	290	294	297	300	304	307	311	314	318	323	/
3A_SB	18	a	279	284	289	296	300	303	307	311	314	318	321	324	329	332	336	340	343
3A_SB	18	d	280	286	291	298	301	304	308	312	315	319	322	325	330	333	337	341	/
3A_SB	19	a	293	298	302	308	313	318	322	327	332	336	340	343	348	352	356	361	364
3A_SB	19	d	294	299	304	310	315	319	324	329	334	338	341	345	349	353	357	362	/
3A_SB	20	a	318	323	328	334	337	342	347	350	355	359	363	365	369	373	376	382	386
3A_SB	20	d	319	325	330	335	339	344	348	352	357	361	364	366	370	374	377	384	/
3A_SB	21	a	332	337	340	346	350	354	357	361	366	370	374	377	381	385	389	394	398
3A_SB	21	d	333	338	342	348	351	355	359	363	368	372	375	378	382	386	390	395	/
3A_SB	22	a	348	353	357	362	365	370	375	380	385	389	393	396	400	404	407	413	416
3A_SB	22	d	349	354	358	363	367	372	377	382	387	391	394	397	402	405	408	414	/
3A_SB	23	a	367	373	377	383	387	390	394	398	403	406	411	413	417	420	424	430	433
3A_SB	23	d	368	375	379	385	388	391	395	400	404	408	412	414	418	421	425	431	/
3A_SB	24	a	378	384	388	393	397	401	405	409	412	416	420	422	428	432	437	443	448
3A_SB	24	d	379	386	389	394	398	402	406	410	413	417	421	424	430	434	439	445	/
3A_SB	25	a	392	398	401	407	411	415	418	422	425	429	433	435	439	443	448	454	458
3A_SB	25	d	393	399	402	408	412	416	420	423	426	430	434	436	440	445	450	456	/
3A_SB	26	a	403	409	413	419	423	427	430	433	436	439	443	446	450	453	457	462	466
3A_SB	26	d	404	410	414	420	424	428	431	434	437	440	444	447	451	454	458	464	/
3A_SB	27	a	412	418	422	429	434	438	442	447	451	456	460	463	467	470	474	480	485
3A_SB	27	d	413	420	424	431	435	440	444	449	453	458	461	464	468	471	475	482	/
3A_SB	28	a	440	446	451	457	461	465	469	472	475	478	482	485	489	493	496	501	506
3A_SB	28	d	441	448	452	458	462	466	470	473	476	479	483	486	490	494	497	503	/
3A_SB	29	a	452	457	461	467	471	475	480	483	487	491	496	499	503	506	510	515	519
3A_SB	29	d	453	458	462	469	472	477	481	484	488	493	497	500	504	507	511	517	/
3A_SB	30	a	461	466	470	477	481	485	490	494	498	503	507	510	514	518	521	526	530
3A_SB	30	d	462	467	472	479	483	487	492	496	500	505	508	511	515	519	522	527	/
3A_SB	31	a	469	475	479	484	487	491	496	500	504	509	513	515	519	523	526	531	536
3A_SB	31	d	470	476	480	485	489	493	498	502	506	511	514	516	520	524	527	533	/
3A_SB	32	a	494	500	504	510	514	518	523	527	530	533	537	540	544	548	552	558	562
3A_SB	32	d	495	501	506	512	515	520	524	528	531	534	538	541	545	550	554	560	/
3A_SB	33	a	506	512	516	522	526	530	534	538	541	545	548	551	555	558	562	567	570
3A_SB	33	d	507	513	518	524	527	531	535	539	542	546	549	552	556	559	563	568	/
3A_SB	34	a	512	518	523	530	534	538	542	546	549	553	556	558	562	565	569	574	577
3A_SB	34	d	513	520	525	532	535	539	543	547	550	554	557	559	563	566	570	575	/
3A_SB	35	a	517	523	529	536	539	543	547	551	554	558	563	565	569	574	578	583	586
3A_SB	35	d	518	525	531	537	540	544	548	552	555	560	564	566	571	575	579	584	/
3A_SB	36	a	523	529	535	541	545	549	553	557	560	564	568	570	575	579	583	589	593
3A_SB	36	d	524	531	536	542	546	550	554	558	561	565	569	571	576	580	585	590	/
3A_SB	37	a	530	536	542	548	553	557	560	563	566	570	573	575	580	585	590	595	600
3A_SB	37	d	531	538	544	550	555	558	561	564	567	571	574	576	582	587	591	597	/
3A_SB	38	a	537	543	547	553	558	562	565	568	571	575	578	580	586	590	595	600	604
3A_SB	38	d	538	544	549	555	560	563	566	569	572	576	579	582	587	592	596	602	/
3A_SB	39	a	543	548	552	558	563	567	570	573	577	581	584	586	591	595	600	605	609
3A_SB	39	d	544	549	554	560	565	568	571	574	578	582	585	587	592	597	601	607	/
3A_SB	40	a	548	553	557	563	568	572	576	579	583	587	590	592	597	601	605	610	614
3A_SB	40	d	549	554	559	565	570	573	577	580	584	588	591	593	598	602	606	612	/
3A_SB	41	a	553	558	563	569	573	577	581	584	588	592	595	597	602	605	610	615	619
3A_SB	41	d	554	560	565	571	575	578	582	586	589	593	596	598	603	607	611	617	/
3A_SB	42	a	559	563	568	575	578	582	586	590	593	597	600	602	607	610	615	620	624
3A_SB	42	d	560	565	570	576	580	583	587	591	594	598	601	603	608	612	617	622	/
3A_SB	43	a	564	568	573	580	583	588	592	596	599	603	606	608	613	616	620	625	629
3A_SB	43	d	565	570	575	581	585	589	593	597	600	604	607	609	614	617	622	627	/
3A_SB	44	a	569	574	578	585	589	593	597	601	605	609	612	614	619	623	627	632	637
3A_SB	44	d	570	575	580	586	590	594	598	602	606	610	613	615	620	624	629	634	/
3A_SB	45	a	574	579	584	590	594	598	602	606	610	614	617	620	625	629	633	638	642
3A_SB	45	d	575	581	585	591	595	599	604	607	611	615	618	621	626	630	634	639	/
3A_SB	46	a	584	590	594	600	604	608	612	616	619	622	625	628	633	637	641	646	650
3A_SB	46	d	585	591	595	601	605	609	614	617	620	623	626	629	634	638	642	647	/
3A_SB	47	a	589	595	599	605	609	613	617	621	624	627	630	633	637	642	646	651	655
3A_SB	47	d	590	596	600	606	610	614	619	622	625	628	631	634	639	643	647	652	/
3A_SB	48	a	594	600	604	610	614	617	622	626	629	633	637	640	644	647	651	656	660
3A_SB	48	d	595	601	605	611	615	619	624	627	630	634	638	641	645	648	652	657	/
3A_SB	49	a	599	604	609	615	618	622	627	631	634	638	642	645	650	653	657	662	665
3A_SB	49	d	600	606	610	616	620	624	629	632	635	639	643	646	651	654	658	663	/
3A_SB	50	a	607	612	616	622	625	628	632	637	641	645	648	652	657	660	663	668	671
3A_SB	50	d	608	613	618	623	626	629	634	639	642	646	650	653	658	661	664	669	/
3A_SB	51	a	629	634	638	644	649	653	657	660	663	667	670	673	678	682	686	691	694
3A_SB	51	d	630	635	639	646	650	654	658	661	664	668	672	675	680	683	687	692	/
3A_SB	52	a	638	643	647	654	658	663	667	671	674	678	682	684	688	692	697	703	708
3A_SB	52	d	639	645	648	655	660	664	668	672	675	679	683	685	690	694	699	705	/
3A_SB	53	a	643	648	652	659	663	668	673	677	681	685	689	692	696	699	703	708	713
3A_SB	53	d	644	650	653	660	665	670	675	678	682	686	690	693	697	700	704	710	/
3A_SB	54	a	659	665	668	674	678	681	685	688	692	696	700	703	707	711	715	719	723
3A_SB	54	d	660	666	669	675	679	682	686	689	693	697	701	704	708	712	716	720	/
3A_SB	55	a	674	680	683	690	695	699	705	709	713	718	723	727	732	737	742	748	753
3A_SB	55	d	675	681	685	692	697	701	707	711	715	720	725	729	734	739	744	750	/
3A_SB	56	a	704	710	714	720	725	729	733	737	740	743	747	750	756	760	764	770	773
3A_SB	56	d	705	711	715	722	726	730	734	738	741	745	749	752	757	761	765	771	/
3A_SB	57	a	734	739	744	751	754	758	761	766	769	774	778	781	785	789	793	798	802
3A_SB	57	d	735	741	745	752	755	759	763	767	771	775	779	782	786	790	794	799	/
3A_SB	58	a	764	769	773	779	784	787	792	796	800	804	807	810	815	818	823	828	831
3A_SB	58	d	765	771	775	781	785	789	793	797	801	805	808	811	816	820	824	829	/
3A_SB	59	a	794	799	803	810	813	818	822	826	830	834	837	840	844	848	852	857	861
3A_SB	59	d	795	801	804	811	815	819	823	827	831	835	838	841	845	850	854	859	/
3A_SB	60	a	824	829	833	839	843	848	852	855	859	863	866	869	874	878	882	888	891
3A_SB	60	d	825	831	834	841	845	849	853	857	861	864	867	870	875	879	883	889	/
3A_SB	61	a	852	857	860	867	872	876	880	884	889	892	895	898	903	907	911	917	920
3A_SB	61	d	853	858	862	869	873	877	881	886	890	893	897	900	905	908	912	918	/
3A_SB	62	a	861	867	870	875	879	884	888	893	898	903	906	909	914	918	922	929	932
3A_SB	62	d	862	868	871	877	881	886	890	895	900	904	908	911	915	919	924	930	/
3A_SB	63	a	876	883	886	893	898	903	907	912	917	921	925	928	933	938	942	948	951
3A_SB	63	d	877	884	888	895	900	905	908	914	918	922	927	929	935	939	944	949	/
3A_SB	64	a	888	894	897	904	908	913	916	921	926	931	934	937	941	945	950	956	959
3A_SB	64	d	889	895	899	906	910	914	918	923	928	932	936	938	942	947	952	957	/
3A_NB	1	a	27	31	35	41	45	48	51	54	58	63	68	71	74	77	81	85	89	93
3A_NB	1	d	28	33	37	42	46	49	53	55	59	65	70	73	75	79	83	86	90	/
3A_NB	2	a	54	57	61	65	70	74	77	80	85	90	94	96	98	102	106	109	113	117
3A_NB	2	d	55	58	63	67	72	75	79	82	86	91	95	97	99	103	107	111	115	/
3A_NB	3	a	66	69	72	76	80	85	89	93	97	102	106	108	111	114	118	121	125	129
3A_NB	3	d	67	70	74	78	82	87	91	94	98	103	107	109	112	115	119	122	127	/
3A_NB	4	a	83	86	89	94	98	103	107	110	115	119	123	126	129	133	137	141	145	148
3A_NB	4	d	84	87	91	96	100	105	109	112	116	120	124	127	130	135	138	143	146	/
3A_NB	5	a	91	94	98	103	108	111	115	118	122	129	134	137	140	144	148	152	155	158
3A_NB	5	d	92	96	100	105	109	113	117	120	124	131	136	139	142	146	149	153	156	/
3A_NB	6	a	101	104	108	113	118	122	127	130	134	140	144	146	148	151	154	158	161	164
3A_NB	6	d	102	106	110	115	120	124	129	132	135	141	145	147	149	152	155	159	162	/
3A_NB	7	a	112	116	120	124	128	132	136	139	144	150	154	156	159	163	166	169	172	176
3A_NB	7	d	113	118	121	126	130	133	137	141	145	151	155	157	161	164	167	170	174	/
3A_NB	8	a	130	133	137	141	144	148	151	154	158	163	167	170	172	175	178	182	185	188
3A_NB	8	d	131	134	138	142	145	149	153	156	159	164	168	171	173	176	180	183	186	/
3A_NB	9	a	154	158	162	166	169	173	177	180	184	189	192	194	196	200	203	206	209	212
3A_NB	9	d	155	160	164	167	171	175	179	182	185	190	193	195	197	201	204	207	210	/
3A_NB	10	a	171	175	179	183	187	191	194	198	201	207	210	212	214	217	220	224	228	231
3A_NB	10	d	172	177	180	185	188	192	196	199	202	208	211	213	215	218	221	225	229	/
3A_NB	11	a	193	197	200	204	207	211	215	217	220	226	230	233	235	238	242	246	250	255
3A_NB	11	d	194	198	201	205	208	212	216	218	221	227	231	234	236	239	243	247	252	/
3A_NB	12	a	206	210	214	219	224	229	232	235	239	244	248	251	253	258	261	265	268	272
3A_NB	12	d	207	212	216	221	226	230	234	237	240	245	249	252	255	259	263	266	270	/
3A_NB	13	a	219	222	225	230	234	239	243	246	251	256	259	261	263	267	270	273	276	279
3A_NB	13	d	220	223	227	232	236	241	245	248	252	257	260	262	264	268	271	274	277	/
3A_NB	14	a	224	227	231	236	240	245	249	252	257	264	268	272	276	280	284	287	290	295
3A_NB	14	d	225	228	233	238	242	247	251	254	259	266	270	274	278	281	285	288	292	/
3A_NB	15	a	249	252	256	260	264	268	271	273	276	282	285	288	291	296	299	302	305	308
3A_NB	15	d	250	253	257	261	265	269	272	274	277	283	286	289	293	297	300	303	306	/
3A_NB	16	a	275	278	282	285	288	292	295	298	302	307	311	314	317	320	323	326	329	333
3A_NB	16	d	276	279	283	286	289	293	296	299	303	308	312	315	318	321	324	327	330	/
3A_NB	17	a	289	292	297	302	305	310	314	317	322	327	331	334	336	339	343	347	350	354
3A_NB	17	d	290	294	299	303	307	311	316	319	323	328	332	335	337	340	344	348	352	/
3A_NB	18	a	298	301	306	311	315	319	323	325	330	335	339	343	347	350	354	358	363	367
3A_NB	18	d	299	303	308	313	317	320	324	327	331	336	341	345	348	352	355	360	364	/
3A_NB	19	a	315	318	321	325	328	331	334	337	341	346	350	353	356	359	362	365	369	373
3A_NB	19	d	316	319	322	326	329	332	335	338	342	347	351	354	357	360	363	366	370	/
3A_NB	20	a	336	339	343	347	350	354	358	361	364	369	373	376	379	383	387	391	394	397
3A_NB	20	d	337	341	344	348	352	356	359	362	365	370	375	377	381	385	389	392	395	/
3A_NB	21	a	348	351	355	358	361	364	368	371	375	380	383	385	388	391	394	397	400	403
3A_NB	21	d	349	352	356	359	362	366	370	373	376	381	384	386	389	392	395	398	401	/
3A_NB	22	a	355	358	362	366	370	373	376	378	381	387	390	393	396	399	402	405	408	412
3A_NB	22	d	356	359	364	368	371	374	377	379	383	388	391	395	397	400	403	406	409	/
3A_NB	23	a	364	368	372	375	379	383	388	390	394	400	403	406	408	412	415	420	423	427
3A_NB	23	d	365	370	373	376	380	385	389	391	395	401	405	407	410	413	417	421	424	/
3A_NB	24	a	378	381	384	388	392	396	399	402	407	412	417	420	422	425	429	433	436	440
3A_NB	24	d	379	382	385	389	394	397	400	404	408	414	419	421	423	427	430	434	438	/
3A_NB	25	a	389	393	396	400	403	408	412	416	421	427	431	433	435	439	442	446	450	453
3A_NB	25	d	390	394	397	401	405	410	414	418	422	428	432	434	436	440	443	447	451	/
3A_NB	26	a	414	418	421	426	429	433	436	438	442	448	451	453	455	458	461	465	470	475
3A_NB	26	d	415	419	423	427	430	434	437	439	443	449	452	454	456	459	462	467	472	/
3A_NB	27	a	419	423	427	431	434	437	442	444	449	455	459	461	463	466	470	474	478	483
3A_NB	27	d	420	424	428	432	435	439	443	446	450	456	460	462	464	467	471	475	480	/
3A_NB	28	a	424	428	433	437	441	444	448	452	456	462	466	469	471	474	478	482	487	492
3A_NB	28	d	425	430	435	439	442	445	450	453	457	463	467	470	472	475	479	484	489	/
3A_NB	29	a	449	452	457	462	466	470	474	477	481	486	489	491	493	497	501	504	508	512
3A_NB	29	d	450	454	459	464	468	472	476	479	482	487	490	492	494	498	502	505	509	/
3A_NB	30	a	455	458	463	467	472	476	480	482	487	492	495	497	500	503	507	510	513	516
3A_NB	30	d	456	460	464	469	474	478	481	484	488	493	496	498	501	504	508	511	514	/
3A_NB	31	a	461	464	468	473	478	483	486	488	492	497	501	503	506	509	512	515	518	521
3A_NB	31	d	462	466	470	475	480	484	487	489	493	498	502	504	507	510	513	516	519	/
3A_NB	32	a	467	470	474	479	483	488	491	493	497	503	507	509	513	516	519	523	527	530
3A_NB	32	d	468	472	476	481	485	489	492	494	498	504	508	511	514	517	521	525	528	/
3A_NB	33	a	472	475	479	484	488	493	496	498	502	508	512	515	518	522	526	530	533	536
3A_NB	33	d	473	477	481	486	490	494	497	499	503	510	513	516	520	524	527	531	534	/
3A_NB	34	a	479	482	487	491	494	498	501	503	507	513	517	520	523	527	531	535	538	543
3A_NB	34	d	480	484	488	492	495	499	502	504	508	515	518	521	525	529	532	536	540	/
3A_NB	35	a	486	489	494	498	501	505	508	510	513	519	522	525	528	532	536	541	545	549
3A_NB	35	d	487	491	496	499	502	506	509	511	514	520	523	526	530	534	538	542	546	/
3A_NB	36	a	491	494	499	503	507	512	516	518	522	528	531	533	536	539	542	546	551	556
3A_NB	36	d	492	496	501	505	509	514	517	520	523	529	532	534	537	540	543	548	553	/
3A_NB	37	a	497	500	505	509	514	517	521	523	528	533	536	538	541	544	547	551	556	561
3A_NB	37	d	498	502	507	511	515	519	522	525	529	534	537	539	542	545	548	553	558	/
3A_NB	38	a	503	506	511	516	520	523	526	529	533	538	541	544	547	550	553	557	561	566
3A_NB	38	d	504	508	513	517	521	524	527	530	534	539	542	546	548	551	554	558	563	/
3A_NB	39	a	510	514	518	523	527	531	534	537	541	546	550	553	555	559	563	567	571	575
3A_NB	39	d	511	515	520	525	528	532	535	538	542	547	551	554	556	560	564	568	572	/
3A_NB	40	a	529	533	538	543	548	551	554	557	561	568	573	575	577	581	585	589	593	597
3A_NB	40	d	530	535	540	545	549	552	556	559	563	570	574	576	579	582	586	590	594	/
3A_NB	41	a	537	541	545	550	555	559	562	565	569	575	579	581	583	586	589	594	598	602
3A_NB	41	d	538	543	547	552	557	560	564	567	570	576	580	582	584	587	591	595	599	/
3A_NB	42	a	544	547	551	556	560	564	567	570	574	580	585	588	590	593	596	601	605	609
3A_NB	42	d	545	549	553	557	562	565	569	572	575	582	586	589	591	594	598	602	606	/
3A_NB	43	a	550	553	558	562	566	569	574	576	580	587	591	594	596	599	604	608	612	617
3A_NB	43	d	551	555	559	563	567	571	575	578	582	588	592	595	597	601	605	609	614	/
3A_NB	44	a	569	573	577	581	586	590	594	596	599	604	608	611	614	618	622	625	628	632
3A_NB	44	d	570	575	578	583	587	592	595	597	600	606	610	612	616	620	623	626	629	/
3A_NB	45	a	595	599	603	607	610	615	618	621	626	633	636	639	641	644	649	653	657	660
3A_NB	45	d	596	601	604	608	612	616	620	623	628	634	637	640	642	646	650	655	658	/
3A_NB	46	a	624	628	632	636	640	645	648	652	655	660	665	667	670	674	678	681	686	690
3A_NB	46	d	625	630	633	638	642	646	650	653	656	662	666	669	672	675	679	683	687	/
3A_NB	47	a	654	657	661	665	670	674	677	680	684	690	694	698	700	703	706	710	714	718
3A_NB	47	d	655	659	663	667	671	675	679	681	685	692	696	699	701	704	708	711	715	/
3A_NB	48	a	683	687	691	695	698	701	705	707	711	718	723	726	728	731	736	739	743	747
3A_NB	48	d	684	689	692	696	699	703	706	708	712	720	724	727	729	733	737	741	744	/
3A_NB	49	a	711	715	719	723	726	729	734	736	740	747	751	755	758	761	765	769	773	776
3A_NB	49	d	712	716	720	724	727	731	735	738	742	749	753	757	759	762	767	771	774	/
3A_NB	50	a	723	727	731	736	739	743	747	750	753	759	762	765	767	771	775	778	781	786
3A_NB	50	d	724	728	733	737	741	745	749	751	754	760	763	766	768	773	776	779	783	/
3A_NB	51	a	749	752	756	760	765	770	773	776	780	785	790	793	795	800	804	808	811	815
3A_NB	51	d	750	754	758	762	767	771	775	777	781	787	791	794	797	801	806	809	813	/
3A_NB	52	a	762	765	769	774	777	781	785	788	792	798	803	806	808	813	817	820	823	828
3A_NB	52	d	763	767	771	775	778	782	787	789	794	800	804	807	810	814	818	821	825	/
3A_NB	53	a	783	786	790	794	798	801	804	807	811	818	823	827	830	834	838	842	846	851
3A_NB	53	d	784	787	791	796	799	802	806	808	813	820	825	829	831	835	839	844	848	/
3A_NB	54	a	794	798	802	806	810	814	817	819	823	830	835	839	841	845	848	853	856	860
3A_NB	54	d	795	800	803	808	811	815	818	821	825	832	837	840	843	846	850	854	857	/
3A_NB	55	a	801	805	808	813	816	820	823	826	830	837	842	844	846	850	853	857	861	865
3A_NB	55	d	802	806	810	814	817	821	825	828	832	839	843	845	848	851	855	859	862	/
3A_NB	56	a	821	825	830	835	838	842	845	848	852	858	862	866	869	872	876	879	882	886
3A_NB	56	d	822	827	832	836	839	843	847	849	854	859	864	868	870	873	877	880	883	/
3A_NB	57	a	830	833	838	843	846	850	853	855	860	867	871	874	878	882	887	892	895	899
3A_NB	57	d	831	835	840	844	848	851	854	857	862	868	873	876	880	884	889	893	896	/
3A_NB	58	a	846	850	855	859	863	867	870	873	877	882	887	890	894	898	901	905	909	914
3A_NB	58	d	847	852	857	861	864	868	872	875	878	884	888	892	895	899	903	906	911	/
3A_NB	59	a	852	856	861	864	868	872	876	879	883	888	892	896	900	904	908	912	916	921
3A_NB	59	d	853	858	862	866	869	874	878	881	884	889	894	898	902	906	910	913	918	/
3A_NB	60	a	877	880	885	889	893	898	903	905	910	916	921	925	928	933	936	939	943	948
3A_NB	60	d	878	882	887	891	895	900	904	907	912	918	923	927	930	934	937	941	945	/
3A_NB	61	a	907	910	915	919	923	928	933	935	939	946	950	953	957	960	965	969	973	977
3A_NB	61	d	908	912	916	921	925	930	934	937	941	948	952	955	958	962	967	971	975	/
3A_NB	62	a	937	941	945	948	952	956	960	964	969	975	980	983	986	990	994	999	1003	1008
3A_NB	62	d	938	942	946	950	954	958	962	966	971	977	981	985	988	992	996	1001	1005	/
3A_NB	63	a	967	970	973	977	980	984	987	990	995	1002	1007	1010	1012	1015	1020	1024	1027	1032
3A_NB	63	d	968	971	974	978	981	985	988	992	997	1004	1008	1011	1013	1017	1021	1025	1029	/
3A_NB	64	a	990	994	999	1004	1008	1012	1016	1019	1023	1027	1032	1035	1037	1040	1044	1048	1052	1056
3A_NB	64	d	991	996	1001	1006	1010	1014	1017	1021	1024	1029	1033	1036	1038	1042	1045	1049	1053	/
