RouteID	RunID	Arrivals/Departures	TimePerStop
1A_SB	1	a	15	22	31	34	37	42	45	49	52	55	58	61	66	77	82	87
1A_SB	1	d	16	24	32	35	38	44	46	50	53	56	59	63	68	78	84	/
1A_SB	2	a	37	43	52	54	58	65	68	74	78	83	87	91	94	103	107	112
1A_SB	2	d	38	45	53	55	60	67	70	76	80	85	89	92	95	104	109	/
1A_SB	3	a	58	63	74	78	81	85	88	93	98	102	107	110	114	124	129	132
1A_SB	3	d	59	65	76	79	82	86	89	95	100	104	108	111	115	125	130	/
1A_SB	4	a	70	75	84	88	92	98	101	106	110	114	119	124	129	138	143	147
1A_SB	4	d	71	77	86	90	94	100	103	108	112	116	121	126	130	139	144	/
1A_SB	5	a	76	83	91	93	97	103	107	113	116	120	125	129	134	143	148	152
1A_SB	5	d	78	84	92	95	99	105	109	114	118	122	126	131	135	144	149	/
1A_SB	6	a	82	89	97	100	104	110	114	120	125	129	134	138	143	152	158	162
1A_SB	6	d	84	91	99	102	106	112	116	122	127	131	136	140	144	153	160	/
1A_SB	7	a	103	109	118	121	124	130	133	138	142	145	149	152	155	165	170	175
1A_SB	7	d	105	110	120	122	125	132	134	139	143	146	150	153	156	166	172	/
1A_SB	8	a	117	123	133	137	140	147	151	156	161	165	170	174	178	186	192	196
1A_SB	8	d	119	124	135	138	142	149	153	158	163	167	172	175	179	188	194	/
1A_SB	9	a	129	136	145	149	153	160	163	167	170	174	179	183	187	197	204	209
1A_SB	9	d	131	138	147	151	155	162	164	168	172	176	181	185	188	199	206	/
1A_SB	10	a	139	146	154	157	160	166	169	174	177	180	184	188	192	203	210	214
1A_SB	10	d	141	147	155	158	161	167	171	175	178	182	186	190	194	205	212	/
1A_SB	11	a	163	169	177	180	183	188	190	194	197	200	204	208	212	220	225	228
1A_SB	11	d	164	171	178	181	184	189	191	195	198	201	205	209	213	221	226	/
1A_SB	12	a	183	188	194	198	201	207	209	213	216	219	222	225	228	236	242	245
1A_SB	12	d	184	189	196	199	202	208	210	214	217	220	223	226	229	237	243	/
1A_SB	13	a	197	202	211	213	216	222	225	230	233	237	241	246	250	258	264	268
1A_SB	13	d	198	204	212	214	217	224	227	231	234	239	243	247	251	259	265	/
1A_SB	14	a	205	211	221	223	226	231	234	239	244	248	253	257	261	269	275	278
1A_SB	14	d	207	212	222	224	227	233	236	241	246	250	255	259	262	270	276	/
1A_SB	15	a	227	232	240	243	246	252	254	259	263	267	271	274	278	288	293	297
1A_SB	15	d	228	234	242	244	247	253	255	260	264	268	272	275	279	289	294	/
1A_SB	16	a	245	252	261	263	267	273	276	282	286	289	293	297	301	311	317	320
1A_SB	16	d	247	254	262	264	268	274	277	283	287	290	295	299	302	312	318	/
1A_SB	17	a	251	258	267	270	274	280	284	289	292	295	300	304	308	318	323	326
1A_SB	17	d	253	260	269	272	276	282	285	290	293	297	302	305	309	319	324	/
1A_SB	18	a	279	286	295	298	302	307	309	314	317	320	324	327	330	337	342	346
1A_SB	18	d	281	288	297	300	303	308	311	315	318	321	325	328	331	338	343	/
1A_SB	19	a	289	295	304	307	311	317	320	324	327	330	333	336	339	346	352	355
1A_SB	19	d	291	297	306	309	313	319	321	325	328	331	334	337	340	347	353	/
1A_SB	20	a	300	307	316	319	323	329	331	336	340	343	346	349	353	363	368	373
1A_SB	20	d	302	309	318	320	324	330	332	337	341	344	347	350	355	364	370	/
1A_SB	21	a	316	322	331	334	337	343	346	352	356	359	363	366	369	379	385	389
1A_SB	21	d	317	324	333	335	339	345	348	353	357	361	364	367	370	380	386	/
1A_SB	22	a	324	330	340	342	345	351	354	360	364	368	371	374	378	387	394	398
1A_SB	22	d	325	331	341	343	346	353	356	362	366	369	372	376	379	389	396	/
1A_SB	23	a	342	349	360	364	368	375	379	384	388	391	395	398	402	410	417	421
1A_SB	23	d	344	351	362	366	370	377	381	385	389	392	396	399	403	412	418	/
1A_SB	24	a	365	372	381	383	387	392	395	399	403	406	409	413	417	427	432	435
1A_SB	24	d	367	374	382	385	388	393	396	400	404	407	411	415	418	428	433	/
1A_SB	25	a	373	380	390	392	396	401	404	409	413	417	421	425	429	437	442	445
1A_SB	25	d	375	382	391	393	397	402	405	410	415	419	423	426	430	438	443	/
1A_SB	26	a	398	405	414	418	422	426	429	434	438	443	448	451	455	463	468	472
1A_SB	26	d	400	407	416	420	423	427	430	435	440	445	449	453	456	464	470	/
1A_SB	27	a	419	426	434	437	441	446	449	453	458	462	467	471	476	486	490	494
1A_SB	27	d	421	428	436	438	442	447	450	455	460	464	469	473	478	487	491	/
1A_SB	28	a	436	442	450	453	457	463	466	472	475	479	482	486	490	500	505	508
1A_SB	28	d	437	444	451	454	458	464	468	473	476	480	484	487	491	501	506	/
1A_SB	29	a	441	447	455	458	463	470	473	479	484	488	491	494	497	506	511	516
1A_SB	29	d	442	449	456	460	465	472	475	481	486	489	492	495	499	507	513	/
1A_SB	30	a	463	469	479	481	484	490	493	497	501	504	509	513	518	528	533	536
1A_SB	30	d	464	471	480	482	485	491	494	498	502	506	511	515	519	529	534	/
1A_SB	31	a	477	483	491	493	496	502	504	510	514	517	522	526	529	540	545	550
1A_SB	31	d	478	484	492	494	497	503	506	511	515	519	524	527	530	541	547	/
1A_SB	32	a	482	488	496	498	502	508	510	515	520	523	527	531	535	546	551	555
1A_SB	32	d	484	489	497	499	503	509	511	517	521	524	529	533	536	547	552	/
1A_SB	33	a	487	493	501	503	507	514	516	521	526	530	534	537	541	550	556	559
1A_SB	33	d	489	494	502	504	509	515	517	523	527	531	535	539	543	552	557	/
1A_SB	34	a	492	498	507	509	514	520	523	528	531	536	540	543	547	555	561	564
1A_SB	34	d	494	500	508	511	516	522	524	529	533	537	541	544	548	557	562	/
1A_SB	35	a	502	509	520	523	528	535	537	542	545	549	554	558	562	573	578	581
1A_SB	35	d	504	510	521	525	530	536	539	543	547	551	556	560	564	574	579	/
1A_SB	36	a	522	529	539	541	544	550	553	557	561	564	569	574	579	588	595	599
1A_SB	36	d	523	531	540	542	545	552	554	558	562	566	571	576	580	590	596	/
1A_SB	37	a	532	537	546	549	552	558	561	566	570	574	579	584	587	595	602	607
1A_SB	37	d	533	538	548	550	553	560	562	567	571	576	581	585	588	597	604	/
1A_SB	38	a	541	547	555	558	563	570	573	578	583	587	592	597	601	610	615	620
1A_SB	38	d	542	549	557	560	565	572	575	580	585	589	594	599	602	611	617	/
1A_SB	39	a	557	563	572	576	580	586	588	593	598	602	607	611	615	624	630	634
1A_SB	39	d	558	564	574	577	581	587	589	595	600	604	608	613	616	626	632	/
1A_SB	40	a	565	571	579	583	588	594	596	602	606	609	613	617	620	630	636	639
1A_SB	40	d	566	573	581	585	590	595	598	603	607	610	615	618	622	631	637	/
1A_SB	41	a	575	581	588	591	595	600	603	607	611	615	619	623	626	635	641	644
1A_SB	41	d	576	582	589	592	596	602	604	608	613	616	621	624	627	636	642	/
1A_SB	42	a	580	586	596	599	602	606	609	614	618	622	626	630	635	644	650	655
1A_SB	42	d	581	588	597	600	603	608	611	616	620	623	628	632	636	645	652	/
1A_SB	43	a	585	592	601	604	607	612	615	620	623	627	631	635	640	649	655	660
1A_SB	43	d	586	593	602	605	609	614	617	621	625	628	633	637	641	650	657	/
1A_SB	44	a	590	597	606	609	612	617	620	625	628	632	636	640	645	654	660	664
1A_SB	44	d	591	598	607	610	614	619	622	626	630	633	638	642	646	655	662	/
1A_SB	45	a	595	602	611	614	617	623	625	630	633	637	641	645	649	659	665	669
1A_SB	45	d	596	603	612	615	619	624	627	631	635	638	643	647	651	660	667	/
1A_SB	46	a	602	608	617	619	622	628	630	636	640	644	649	653	656	665	672	676
1A_SB	46	d	603	609	618	620	624	629	632	638	642	646	650	654	657	667	674	/
1A_SB	47	a	607	613	622	625	628	635	638	644	648	652	656	660	664	672	678	682
1A_SB	47	d	608	614	624	626	630	636	640	645	649	653	657	661	665	673	680	/
1A_SB	48	a	615	620	629	631	635	642	646	650	655	660	665	668	672	681	687	691
1A_SB	48	d	616	621	630	632	637	644	647	652	657	662	666	669	674	683	689	/
1A_SB	49	a	638	644	652	656	659	665	668	673	677	681	685	689	693	701	706	711
1A_SB	49	d	639	645	654	657	661	666	669	675	679	682	686	690	694	702	708	/
1A_SB	50	a	646	652	661	664	667	673	676	680	684	687	691	694	698	707	714	719
1A_SB	50	d	647	654	663	665	669	674	677	682	685	688	692	695	700	709	716	/
1A_SB	51	a	657	663	674	676	680	685	688	692	697	701	705	709	713	723	728	733
1A_SB	51	d	658	665	675	677	681	686	689	694	699	703	707	710	715	724	730	/
1A_SB	52	a	682	687	697	700	704	712	715	719	723	727	730	734	738	747	752	756
1A_SB	52	d	683	689	699	701	706	714	716	721	725	728	732	736	740	748	754	/
1A_SB	53	a	710	716	725	728	732	739	742	748	752	755	760	764	767	776	783	787
1A_SB	53	d	711	718	727	730	734	741	744	749	753	757	761	765	769	778	784	/
1A_SB	54	a	739	745	754	757	761	768	771	777	781	785	788	793	796	805	810	814
1A_SB	54	d	740	746	755	758	763	769	773	778	783	786	790	794	798	806	811	/
1A_SB	55	a	769	775	783	785	788	793	797	801	805	809	813	817	820	830	835	838
1A_SB	55	d	770	776	784	786	789	795	798	802	807	810	815	818	822	831	836	/
1A_SB	56	a	794	799	808	810	814	821	824	830	835	839	842	845	848	858	864	867
1A_SB	56	d	795	801	809	812	816	822	826	832	836	840	843	846	850	860	865	/
1A_SB	57	a	820	826	834	837	840	846	849	854	857	860	863	867	871	880	885	889
1A_SB	57	d	821	828	836	838	841	848	850	855	858	861	865	869	872	881	887	/
1A_SB	58	a	843	849	858	861	865	870	873	877	881	886	891	895	900	910	915	919
1A_SB	58	d	844	851	859	863	866	872	874	878	883	888	893	897	902	911	916	/
1A_SB	59	a	855	861	872	874	879	885	889	893	898	902	906	910	915	926	932	935
1A_SB	59	d	856	863	873	876	881	887	890	895	900	904	907	912	917	928	933	/
1A_SB	60	a	871	876	884	888	891	898	901	906	911	915	919	924	928	938	944	947
1A_SB	60	d	872	878	886	889	893	899	902	908	913	917	921	925	929	940	945	/
1A_SB	61	a	900	905	915	917	921	927	931	935	940	944	949	953	957	968	973	977
1A_SB	61	d	901	907	916	919	923	929	932	937	942	946	951	955	959	970	975	/
1A_SB	62	a	930	935	944	946	950	957	960	965	970	974	979	982	986	995	1000	1004
1A_SB	62	d	931	937	945	948	952	959	962	967	972	976	980	984	987	997	1002	/
1A_SB	63	a	958	964	972	975	979	986	989	995	999	1002	1006	1010	1013	1023	1029	1032
1A_SB	63	d	959	965	974	977	981	987	991	996	1000	1003	1008	1011	1014	1025	1030	/
1A_SB	64	a	988	993	1000	1004	1008	1013	1015	1021	1025	1029	1032	1036	1040	1049	1055	1059
1A_SB	64	d	989	994	1002	1006	1009	1014	1017	1022	1026	1030	1034	1037	1041	1051	1056	/
1A_NB	1	a	25	30	37	46	52	57	61	64	68	74	79	84	86	91	98	104
1A_NB	1	d	26	32	39	48	54	58	62	65	70	76	80	85	88	92	99	/
1A_NB	2	a	46	51	58	65	70	73	77	80	84	89	92	98	101	105	112	119
1A_NB	2	d	47	53	59	66	71	74	78	81	85	90	94	100	102	106	114	/
1A_NB	3	a	53	59	64	70	76	81	85	89	94	99	103	108	112	117	125	131
1A_NB	3	d	55	60	65	72	78	82	87	91	95	101	104	110	114	119	127	/
1A_NB	4	a	65	71	77	84	90	93	98	101	105	112	115	121	124	129	137	143
1A_NB	4	d	67	73	79	85	91	95	99	102	106	113	117	122	126	130	138	/
1A_NB	5	a	71	77	83	90	96	99	104	108	112	119	123	129	132	136	145	152
1A_NB	5	d	73	79	85	92	97	101	106	109	113	120	125	130	133	137	147	/
1A_NB	6	a	79	84	89	98	104	109	112	115	119	125	130	135	138	142	152	159
1A_NB	6	d	81	85	91	100	106	110	113	116	120	127	131	136	139	144	154	/
1A_NB	7	a	85	89	94	103	110	114	117	120	125	132	136	141	145	149	158	164
1A_NB	7	d	86	90	96	105	111	115	118	122	127	133	138	143	146	151	159	/
1A_NB	8	a	90	94	100	109	115	119	123	128	133	139	143	148	152	155	163	169
1A_NB	8	d	91	96	102	110	116	120	125	130	134	140	145	150	153	156	164	/
1A_NB	9	a	97	101	107	115	122	125	129	133	138	145	149	154	157	161	170	175
1A_NB	9	d	98	103	109	117	123	126	130	135	140	146	150	155	159	163	171	/
1A_NB	10	a	103	107	113	121	127	131	136	141	146	153	157	162	166	170	179	185
1A_NB	10	d	104	109	115	122	129	133	138	143	148	155	158	164	167	172	180	/
1A_NB	11	a	126	130	135	143	149	152	157	161	165	171	175	181	183	187	195	202
1A_NB	11	d	127	131	136	145	150	154	159	163	167	173	177	182	184	189	197	/
1A_NB	12	a	142	146	153	162	167	172	176	180	185	192	197	203	206	209	215	221
1A_NB	12	d	143	148	154	164	169	173	178	182	187	194	199	204	207	210	217	/
1A_NB	13	a	166	171	178	186	192	197	201	205	209	213	216	221	225	230	238	245
1A_NB	13	d	168	173	180	187	194	198	202	207	210	214	217	223	227	231	240	/
1A_NB	14	a	184	189	194	200	205	209	214	218	222	226	229	233	235	239	246	252
1A_NB	14	d	186	190	195	201	206	210	215	219	223	227	230	234	236	240	247	/
1A_NB	15	a	190	195	202	208	215	219	224	228	233	239	243	248	251	256	266	272
1A_NB	15	d	192	197	203	210	216	220	226	230	235	240	244	250	253	258	268	/
1A_NB	16	a	216	221	227	236	242	246	251	254	259	264	268	274	277	282	289	295
1A_NB	16	d	218	223	229	238	243	248	252	256	260	266	270	275	279	283	290	/
1A_NB	17	a	235	239	244	253	259	263	268	272	275	281	286	291	295	299	305	310
1A_NB	17	d	236	240	246	255	261	265	270	273	277	283	287	293	296	300	306	/
1A_NB	18	a	246	250	256	264	269	273	277	281	285	290	293	298	301	305	311	317
1A_NB	18	d	247	252	257	265	271	274	279	283	286	291	294	299	302	306	313	/
1A_NB	19	a	260	265	270	278	285	290	294	298	303	310	314	319	322	326	334	340
1A_NB	19	d	262	266	271	280	287	292	295	300	305	312	316	321	323	328	335	/
1A_NB	20	a	284	290	295	302	309	313	317	322	327	332	335	340	343	347	355	361
1A_NB	20	d	286	291	297	304	310	314	319	324	328	333	336	342	344	348	357	/
1A_NB	21	a	306	311	316	325	332	336	340	344	349	356	359	364	366	371	380	385
1A_NB	21	d	308	312	318	327	334	337	341	346	351	357	360	365	368	373	381	/
1A_NB	22	a	335	340	346	353	358	362	366	369	373	378	381	386	389	393	401	406
1A_NB	22	d	337	342	348	354	359	363	367	370	375	379	382	388	390	395	402	/
1A_NB	23	a	344	349	355	361	368	372	376	379	384	389	393	398	401	405	415	421
1A_NB	23	d	346	350	356	363	369	373	377	381	386	391	394	399	402	407	416	/
1A_NB	24	a	350	354	361	368	374	378	384	387	391	397	401	407	411	415	425	431
1A_NB	24	d	351	356	362	369	376	380	385	388	392	399	403	409	412	417	426	/
1A_NB	25	a	363	367	373	381	388	393	397	402	407	414	418	423	425	429	438	445
1A_NB	25	d	364	368	375	383	390	395	399	404	409	415	419	424	426	430	440	/
1A_NB	26	a	378	383	389	397	402	406	410	415	419	425	428	432	435	440	449	455
1A_NB	26	d	380	385	390	398	403	407	412	417	421	426	429	434	437	441	450	/
1A_NB	27	a	394	399	404	411	417	422	427	430	434	440	445	450	453	458	465	470
1A_NB	27	d	396	400	406	412	419	424	428	431	436	442	447	452	455	459	466	/
1A_NB	28	a	409	415	421	428	434	438	442	446	450	456	460	464	467	472	480	486
1A_NB	28	d	411	417	423	430	435	439	443	448	451	457	461	466	469	473	481	/
1A_NB	29	a	424	429	435	443	449	453	457	461	464	470	473	478	480	484	493	499
1A_NB	29	d	426	430	436	444	450	454	458	462	465	471	474	479	481	486	495	/
1A_NB	30	a	429	434	441	450	457	462	466	470	473	479	482	488	491	496	504	509
1A_NB	30	d	431	436	443	452	459	463	468	471	474	480	484	489	493	497	505	/
1A_NB	31	a	455	460	467	475	482	486	489	493	497	503	507	512	515	520	528	534
1A_NB	31	d	457	462	468	477	483	487	491	494	499	505	509	514	517	522	530	/
1A_NB	32	a	484	488	493	502	508	513	516	519	523	529	533	537	541	545	554	560
1A_NB	32	d	485	489	495	504	510	514	517	520	524	531	534	539	542	547	555	/
1A_NB	33	a	491	495	501	510	516	520	524	528	532	538	541	547	551	555	564	570
1A_NB	33	d	492	497	503	511	517	522	526	529	534	539	543	549	552	557	565	/
1A_NB	34	a	496	501	506	515	522	527	532	535	540	545	549	554	557	561	570	576
1A_NB	34	d	498	502	508	517	524	529	533	537	542	547	550	555	558	563	572	/
1A_NB	35	a	505	510	517	524	531	536	541	546	551	556	560	566	569	573	581	587
1A_NB	35	d	507	512	518	526	533	538	543	548	553	558	562	567	570	574	583	/
1A_NB	36	a	510	516	523	533	540	544	548	552	557	563	566	571	573	578	586	592
1A_NB	36	d	512	518	525	535	541	545	549	554	559	564	567	572	575	579	588	/
1A_NB	37	a	520	526	533	542	549	553	558	561	565	570	574	579	581	585	594	599
1A_NB	37	d	522	528	534	544	550	555	559	562	566	571	575	580	582	586	595	/
1A_NB	38	a	525	531	538	547	554	558	563	566	570	575	579	584	586	590	599	604
1A_NB	38	d	527	533	539	549	556	560	564	567	571	576	580	585	587	591	600	/
1A_NB	39	a	542	547	553	560	567	570	573	577	581	586	589	594	596	601	610	615
1A_NB	39	d	544	548	554	562	568	571	574	579	582	587	591	595	598	603	611	/
1A_NB	40	a	547	552	559	566	572	577	580	584	587	591	594	599	602	606	615	621
1A_NB	40	d	549	554	560	567	574	578	581	585	588	592	596	600	603	608	617	/
1A_NB	41	a	565	569	574	583	588	593	597	600	605	611	616	621	624	628	636	641
1A_NB	41	d	566	570	576	584	590	594	598	602	607	613	617	623	625	630	637	/
1A_NB	42	a	577	581	587	595	601	605	609	613	618	624	628	633	636	641	649	656
1A_NB	42	d	578	583	588	596	602	606	610	615	620	626	629	635	638	643	651	/
1A_NB	43	a	595	599	605	614	621	626	631	635	639	645	649	655	658	662	670	675
1A_NB	43	d	596	600	607	616	623	628	633	637	641	646	651	657	659	664	671	/
1A_NB	44	a	624	628	635	642	647	652	656	660	664	669	673	678	681	684	693	699
1A_NB	44	d	625	630	636	643	649	654	658	662	665	671	674	680	682	686	694	/
1A_NB	45	a	649	654	660	668	672	677	681	684	689	694	699	703	706	710	719	727
1A_NB	45	d	650	655	662	669	674	678	682	686	690	696	700	704	707	712	721	/
1A_NB	46	a	674	679	684	691	697	702	705	709	714	719	723	729	732	735	746	752
1A_NB	46	d	675	681	686	693	699	703	707	711	716	721	725	730	733	737	748	/
1A_NB	47	a	700	705	711	720	726	730	733	737	742	748	752	757	759	764	774	780
1A_NB	47	d	701	706	713	721	728	731	734	739	744	749	753	758	760	766	775	/
1A_NB	48	a	721	725	732	739	746	750	754	758	762	769	774	779	782	786	795	801
1A_NB	48	d	722	727	733	741	748	751	755	760	764	771	776	780	783	788	796	/
1A_NB	49	a	733	737	744	753	760	765	769	772	775	780	785	790	793	797	804	810
1A_NB	49	d	734	739	746	755	762	766	770	773	776	782	787	791	795	798	805	/
1A_NB	50	a	758	763	769	777	782	786	790	793	797	803	807	811	813	817	825	830
1A_NB	50	d	759	765	770	778	783	787	791	795	798	804	808	812	814	818	826	/
1A_NB	51	a	781	786	792	800	806	809	813	816	819	824	828	832	835	839	847	854
1A_NB	51	d	782	788	793	801	807	810	814	817	821	826	829	834	836	840	849	/
1A_NB	52	a	794	798	803	810	815	819	823	826	829	834	837	841	844	848	856	862
1A_NB	52	d	795	799	804	811	816	820	824	827	830	835	838	842	845	849	857	/
1A_NB	53	a	801	805	810	818	824	829	832	836	840	845	850	855	857	861	871	877
1A_NB	53	d	802	806	811	820	826	830	833	838	841	847	852	856	858	863	872	/
1A_NB	54	a	814	818	824	832	838	843	846	849	852	857	860	864	866	870	877	883
1A_NB	54	d	815	820	826	834	840	844	847	850	853	858	861	865	867	871	878	/
1A_NB	55	a	836	840	848	857	862	866	869	872	875	880	884	889	893	898	906	911
1A_NB	55	d	837	842	850	858	863	867	870	873	876	881	885	891	895	900	907	/
1A_NB	56	a	859	863	869	877	883	888	893	898	903	909	913	918	920	924	931	937
1A_NB	56	d	860	865	871	879	885	890	895	900	905	911	915	919	921	925	933	/
1A_NB	57	a	887	892	899	907	913	918	922	926	930	936	939	944	948	952	960	966
1A_NB	57	d	888	894	901	908	915	920	923	928	931	937	940	946	949	953	961	/
1A_NB	58	a	915	920	926	934	941	946	950	954	958	964	968	973	977	980	986	992
1A_NB	58	d	916	922	928	936	943	947	952	955	960	966	969	975	978	981	987	/
1A_NB	59	a	943	947	952	958	963	967	972	976	981	986	991	996	998	1002	1010	1016
1A_NB	59	d	944	948	953	959	964	969	973	978	982	988	992	997	1000	1004	1011	/
1A_NB	60	a	968	972	978	985	992	996	1000	1004	1009	1015	1020	1024	1026	1030	1037	1042
1A_NB	60	d	969	974	979	987	994	997	1001	1006	1011	1017	1021	1025	1027	1031	1038	/
1A_NB	61	a	995	999	1005	1013	1019	1024	1028	1032	1036	1042	1045	1050	1052	1056	1063	1069
1A_NB	61	d	996	1000	1007	1014	1021	1025	1029	1033	1037	1043	1047	1051	1053	1057	1065	/
1A_NB	62	a	1020	1025	1031	1039	1044	1047	1052	1056	1059	1064	1067	1071	1074	1078	1085	1091
1A_NB	62	d	1021	1027	1032	1040	1045	1049	1054	1057	1060	1065	1068	1072	1076	1079	1086	/
1A_NB	63	a	1042	1047	1053	1060	1065	1070	1074	1079	1083	1088	1093	1098	1102	1106	1113	1119
1A_NB	63	d	1043	1048	1054	1061	1067	1071	1076	1080	1084	1090	1095	1100	1103	1107	1115	/
1A_NB	64	a	1055	1059	1065	1072	1077	1081	1085	1090	1095	1101	1105	1109	1111	1116	1125	1131
1A_NB	64	d	1056	1060	1066	1073	1078	1083	1087	1092	1096	1103	1106	1110	1113	1118	1126	/
2A_NB	1	a	15	19	24	27	31	34	40	43	47	55	58	66	69	72	76	82	86	90	93	96	103	108
2A_NB	1	d	16	20	26	29	32	36	41	44	48	56	60	67	71	73	77	83	87	91	94	97	105	/
2A_NB	2	a	27	31	36	39	43	46	52	56	59	68	72	79	81	83	88	94	98	102	105	109	117	121
2A_NB	2	d	28	32	37	41	44	47	54	57	61	69	73	80	82	85	89	96	100	103	106	111	118	/
2A_NB	3	a	35	38	44	48	50	54	61	65	70	78	82	88	91	93	98	105	109	112	115	120	129	132
2A_NB	3	d	36	40	46	49	51	56	62	67	71	79	83	90	92	95	100	106	110	113	117	122	130	/
2A_NB	4	a	41	44	51	55	57	62	69	74	79	86	90	96	99	102	107	113	117	120	124	128	137	142
2A_NB	4	d	42	46	53	56	59	63	71	76	80	87	91	98	101	104	108	114	118	122	126	130	139	/
2A_NB	5	a	49	53	59	61	65	68	76	80	85	92	96	103	106	108	112	118	123	127	131	135	143	148
2A_NB	5	d	50	54	60	63	66	70	77	82	86	93	98	105	107	109	113	120	124	129	133	137	145	/
2A_NB	6	a	59	62	69	71	75	79	87	92	95	103	107	114	117	120	124	130	134	139	143	148	157	162
2A_NB	6	d	60	64	70	73	77	81	89	93	97	104	109	116	119	121	126	131	136	141	145	150	159	/
2A_NB	7	a	88	92	98	102	104	108	114	119	122	128	132	139	141	144	147	152	157	161	164	168	177	181
2A_NB	7	d	89	93	100	103	106	110	116	120	123	130	134	140	143	145	148	154	158	162	166	170	178	/
2A_NB	8	a	112	115	121	125	128	132	139	143	146	154	157	163	166	169	174	180	183	187	191	194	201	204
2A_NB	8	d	113	116	123	126	129	134	140	144	147	155	159	165	168	171	175	181	185	188	192	195	202	/
2A_NB	9	a	137	140	147	151	155	160	167	171	174	180	183	189	192	194	198	205	210	214	218	221	228	233
2A_NB	9	d	138	142	149	153	157	162	169	172	175	181	184	190	193	196	200	207	211	215	219	223	230	/
2A_NB	10	a	157	161	167	169	173	176	183	187	190	197	200	208	211	214	219	225	228	231	235	239	246	249
2A_NB	10	d	158	163	168	171	174	177	184	188	191	198	202	210	213	216	220	226	229	233	237	240	247	/
2A_NB	11	a	172	175	180	183	186	189	196	200	204	212	216	223	226	229	233	241	245	250	253	257	264	268
2A_NB	11	d	173	176	181	184	187	190	197	201	206	213	217	225	228	230	235	242	247	251	254	258	265	/
2A_NB	12	a	180	183	189	193	196	199	206	211	215	223	227	234	236	239	243	249	254	258	262	267	274	277
2A_NB	12	d	181	185	191	194	197	201	208	212	217	224	228	235	238	240	244	251	256	260	264	268	275	/
2A_NB	13	a	194	198	204	207	210	213	219	225	229	236	239	245	248	251	255	261	264	268	273	278	287	291
2A_NB	13	d	195	200	206	209	211	214	221	227	230	237	240	246	249	252	256	262	266	270	275	279	288	/
2A_NB	14	a	204	208	215	219	221	225	232	236	240	248	251	257	261	264	268	274	278	281	285	289	296	301
2A_NB	14	d	205	210	217	220	223	227	234	238	241	249	252	259	262	265	269	275	279	282	286	291	298	/
2A_NB	15	a	210	214	221	225	228	232	239	243	247	256	259	266	269	271	275	282	287	290	294	298	306	310
2A_NB	15	d	211	216	223	227	230	234	240	245	249	257	261	267	270	272	276	284	288	292	295	300	308	/
2A_NB	16	a	235	239	245	249	253	257	263	266	270	277	281	289	293	295	298	304	308	313	317	321	330	334
2A_NB	16	d	236	241	247	251	255	258	264	268	272	279	283	291	294	296	300	305	310	314	319	323	331	/
2A_NB	17	a	261	264	271	274	278	281	289	293	297	305	310	318	320	322	326	333	338	343	347	351	359	362
2A_NB	17	d	262	266	272	276	279	283	290	295	298	307	312	319	321	324	328	335	340	344	348	353	360	/
2A_NB	18	a	291	294	300	303	307	311	319	323	327	333	336	343	347	350	354	359	363	366	370	373	381	386
2A_NB	18	d	292	295	302	305	309	313	320	324	328	334	338	345	349	351	355	360	364	368	371	375	383	/
2A_NB	19	a	303	306	311	313	316	319	326	330	334	341	344	351	354	357	361	368	372	376	379	383	390	394
2A_NB	19	d	304	307	312	314	317	321	327	331	335	342	346	352	356	358	363	369	374	377	381	384	392	/
2A_NB	20	a	308	311	316	319	321	325	332	335	340	348	352	358	361	364	369	375	379	383	387	391	398	401
2A_NB	20	d	309	312	317	320	323	327	333	337	342	350	353	359	363	366	370	376	381	385	389	393	399	/
2A_NB	21	a	314	318	325	329	332	336	341	344	348	356	360	366	368	371	375	379	384	388	393	397	403	408
2A_NB	21	d	315	320	327	331	334	337	342	346	349	358	362	367	370	372	376	381	386	390	395	398	405	/
2A_NB	22	a	323	327	334	337	340	343	348	352	356	365	369	374	377	379	382	386	391	395	399	403	412	416
2A_NB	22	d	324	329	335	339	341	344	349	354	358	366	370	375	378	380	383	388	393	396	401	405	413	/
2A_NB	23	a	331	334	342	346	350	353	360	364	368	375	378	385	389	392	397	403	408	411	415	419	428	432
2A_NB	23	d	332	336	344	348	351	355	361	365	369	376	380	387	390	394	399	405	409	413	417	421	430	/
2A_NB	24	a	346	349	355	359	362	367	374	377	381	387	391	397	401	405	409	416	421	424	428	432	441	445
2A_NB	24	d	347	350	357	360	364	369	375	379	382	389	393	399	403	406	411	418	422	425	429	434	442	/
2A_NB	25	a	368	371	377	379	383	387	394	398	401	409	413	420	424	428	431	436	441	446	450	454	462	467
2A_NB	25	d	369	373	378	381	385	388	395	399	403	411	415	422	426	429	432	438	443	447	452	456	464	/
2A_NB	26	a	385	388	393	396	399	404	411	415	420	428	432	439	441	444	449	455	459	462	465	469	478	481
2A_NB	26	d	386	389	394	397	401	406	413	417	422	430	434	440	443	446	451	456	460	463	467	471	479	/
2A_NB	27	a	395	399	404	407	410	413	419	423	427	435	440	448	450	452	456	461	465	469	473	477	486	490
2A_NB	27	d	396	400	406	409	411	414	421	425	429	437	442	449	451	453	457	462	467	470	475	479	488	/
2A_NB	28	a	401	405	411	413	415	418	427	431	435	443	448	455	458	460	465	471	475	478	482	486	494	497
2A_NB	28	d	402	406	412	414	416	420	429	433	437	445	450	457	459	462	466	473	476	480	484	488	495	/
2A_NB	29	a	406	410	417	420	423	427	436	440	445	453	457	464	466	468	472	479	483	486	489	492	500	503
2A_NB	29	d	407	412	419	422	424	429	437	442	447	455	459	465	467	469	474	481	484	487	490	494	501	/
2A_NB	30	a	411	415	422	426	429	433	441	445	450	459	463	470	472	474	479	487	490	494	498	503	510	513
2A_NB	30	d	412	417	424	428	430	434	442	447	452	461	465	471	473	476	481	488	492	496	500	504	511	/
2A_NB	31	a	422	426	433	436	439	442	450	453	457	466	471	478	480	482	486	494	498	501	504	508	517	520
2A_NB	31	d	423	428	435	438	440	444	451	454	459	468	473	479	481	483	488	495	499	502	505	510	518	/
2A_NB	32	a	432	436	442	444	447	450	456	460	465	474	478	484	486	489	494	500	504	507	511	515	524	529
2A_NB	32	d	433	437	443	446	448	451	458	462	466	475	480	485	488	491	495	501	505	509	513	517	526	/
2A_NB	33	a	444	448	455	458	460	463	469	472	476	485	489	494	497	499	502	508	512	516	519	522	530	535
2A_NB	33	d	445	450	456	459	461	464	470	473	477	486	490	495	498	500	503	509	513	517	520	523	532	/
2A_NB	34	a	450	453	460	463	465	468	474	477	481	490	495	500	503	505	508	515	518	522	525	529	537	542
2A_NB	34	d	451	455	461	464	466	469	475	478	483	492	496	501	504	506	510	516	519	523	527	531	539	/
2A_NB	35	a	455	458	465	468	470	473	480	485	488	496	500	505	508	510	513	520	524	527	531	535	543	548
2A_NB	35	d	456	460	466	469	471	475	482	486	489	497	501	506	509	511	515	522	525	529	533	537	545	/
2A_NB	36	a	463	466	471	475	477	481	489	493	497	506	510	515	518	521	524	530	535	539	542	546	553	557
2A_NB	36	d	464	467	473	476	479	483	490	495	499	507	511	517	519	522	526	532	537	540	543	547	554	/
2A_NB	37	a	469	472	478	481	485	489	496	500	504	512	517	523	526	529	533	538	542	545	549	553	560	563
2A_NB	37	d	470	474	479	483	486	490	497	502	505	514	519	525	528	530	534	539	543	547	550	554	561	/
2A_NB	38	a	480	483	489	492	496	500	508	512	516	525	528	535	537	540	543	549	553	557	562	566	575	579
2A_NB	38	d	481	484	490	494	498	502	509	514	517	526	530	536	539	541	544	551	555	559	563	568	577	/
2A_NB	39	a	503	507	512	516	519	523	529	533	538	547	550	556	559	561	565	572	577	580	583	586	595	600
2A_NB	39	d	504	508	514	517	521	525	531	535	540	548	551	557	560	563	566	574	578	581	584	587	597	/
2A_NB	40	a	524	527	532	534	537	541	547	550	555	561	565	572	575	578	583	588	593	598	602	605	612	617
2A_NB	40	d	525	528	533	535	538	542	548	552	556	563	567	573	577	580	584	590	595	599	603	606	614	/
2A_NB	41	a	530	533	539	542	545	548	554	558	562	568	572	578	581	584	589	596	601	605	608	611	618	622
2A_NB	41	d	531	535	540	544	546	549	556	559	563	570	573	579	583	586	591	598	603	606	609	612	619	/
2A_NB	42	a	538	541	547	551	554	558	565	569	574	582	586	593	597	599	604	610	615	620	624	628	636	639
2A_NB	42	d	539	543	549	553	556	560	567	571	576	584	588	595	598	601	605	612	617	622	626	630	637	/
2A_NB	43	a	566	569	575	578	582	586	594	597	601	610	614	621	624	627	631	637	640	645	649	654	663	667
2A_NB	43	d	567	571	576	580	584	588	595	599	603	612	616	623	626	628	632	638	642	647	651	656	664	/
2A_NB	44	a	594	597	603	607	610	614	622	626	631	640	644	651	654	656	659	665	669	673	677	682	692	696
2A_NB	44	d	595	599	605	609	611	615	623	628	633	642	646	652	655	657	660	666	671	674	679	684	694	/
2A_NB	45	a	624	627	632	635	637	642	648	652	656	664	669	676	679	681	686	693	697	701	704	708	716	720
2A_NB	45	d	625	628	633	636	639	643	649	653	657	666	671	678	680	683	687	695	699	702	705	710	718	/
2A_NB	46	a	630	633	639	643	645	650	657	661	665	673	677	683	686	689	693	699	703	706	709	714	721	726
2A_NB	46	d	631	635	641	644	647	652	658	663	667	674	678	685	688	690	694	701	704	707	711	715	723	/
2A_NB	47	a	640	643	648	652	655	660	667	671	675	683	687	693	696	700	705	712	717	720	724	728	736	740
2A_NB	47	d	641	645	650	654	657	662	668	673	677	684	688	695	698	702	707	714	718	722	725	730	737	/
2A_NB	48	a	663	666	672	674	676	680	686	689	693	700	704	710	713	717	721	728	733	737	741	744	752	757
2A_NB	48	d	664	668	673	675	677	682	687	690	694	702	706	712	715	718	722	730	734	738	742	745	754	/
2A_NB	49	a	678	681	686	689	692	697	703	707	711	717	721	728	730	734	740	746	750	754	757	760	768	773
2A_NB	49	d	679	682	688	690	694	698	704	709	712	719	723	729	732	736	742	747	751	755	758	762	770	/
2A_NB	50	a	703	707	714	716	720	723	730	734	738	745	749	756	760	763	766	774	779	783	786	789	796	801
2A_NB	50	d	704	709	715	718	721	725	731	735	739	747	750	758	762	764	768	776	780	784	787	791	798	/
2A_NB	51	a	714	717	723	726	730	734	740	743	747	755	758	765	767	770	774	782	786	790	793	796	803	808
2A_NB	51	d	715	718	724	728	732	735	741	744	749	756	759	766	769	772	776	783	787	791	794	797	805	/
2A_NB	52	a	727	730	736	740	743	748	754	757	762	769	773	779	783	785	790	798	803	807	812	816	824	828
2A_NB	52	d	728	731	738	742	745	749	755	759	763	770	774	781	784	787	791	800	804	809	813	817	825	/
2A_NB	53	a	747	750	756	759	762	766	774	778	781	789	792	798	800	802	806	813	817	822	825	828	835	840
2A_NB	53	d	748	752	757	760	763	768	776	779	783	790	793	799	801	803	808	814	819	823	826	829	837	/
2A_NB	54	a	771	774	779	783	787	790	797	802	806	813	816	822	826	829	833	839	844	847	852	856	864	868
2A_NB	54	d	772	775	781	785	788	792	799	803	807	814	817	824	828	831	835	841	845	849	854	857	865	/
2A_NB	55	a	796	799	805	808	811	815	822	827	831	841	845	853	856	859	863	869	873	877	881	885	892	896
2A_NB	55	d	797	800	806	809	813	817	824	829	833	842	847	854	857	860	864	871	874	879	883	886	894	/
2A_NB	56	a	824	827	834	837	840	843	849	854	858	867	870	877	880	883	886	892	896	900	903	907	916	920
2A_NB	56	d	825	829	835	839	841	844	851	856	859	868	872	878	882	884	887	893	897	901	904	909	917	/
2A_NB	57	a	852	856	863	867	869	872	879	883	887	895	899	905	908	911	914	921	925	929	932	936	944	948
2A_NB	57	d	853	858	865	868	870	874	881	885	888	897	900	906	910	912	916	923	927	930	934	937	945	/
2A_NB	58	a	879	882	889	893	895	899	905	909	914	924	928	934	937	940	944	949	953	957	962	966	972	977
2A_NB	58	d	880	884	891	894	897	900	907	911	916	926	930	935	939	941	945	950	954	959	963	967	974	/
2A_NB	59	a	905	908	915	919	922	926	932	936	940	947	952	959	963	965	970	977	982	987	990	993	1001	1006
2A_NB	59	d	906	910	917	920	923	927	934	938	942	949	954	961	964	967	972	979	984	988	991	994	1003	/
2A_NB	60	a	935	938	944	947	950	954	960	963	967	976	981	986	990	993	997	1002	1005	1009	1014	1018	1027	1030
2A_NB	60	d	936	939	945	949	952	955	961	965	969	978	982	988	991	994	998	1003	1007	1011	1016	1019	1028	/
2A_NB	61	a	964	967	973	976	979	984	990	993	996	1005	1010	1016	1018	1022	1026	1032	1036	1039	1043	1047	1055	1060
2A_NB	61	d	965	969	974	977	981	985	991	994	998	1007	1011	1017	1020	1023	1027	1033	1037	1041	1045	1049	1057	/
2A_NB	62	a	991	995	1001	1005	1008	1012	1019	1022	1025	1034	1038	1044	1047	1050	1054	1059	1064	1069	1073	1077	1085	1088
2A_NB	62	d	992	997	1003	1007	1010	1014	1020	1023	1026	1036	1040	1046	1048	1051	1055	1061	1066	1071	1074	1078	1086	/
2A_NB	63	a	1021	1025	1030	1032	1035	1039	1046	1050	1054	1061	1065	1072	1075	1077	1081	1087	1091	1095	1099	1103	1109	1113
2A_NB	63	d	1022	1026	1031	1034	1037	1041	1048	1051	1056	1063	1066	1074	1076	1079	1083	1089	1092	1096	1100	1104	1111	/
2A_NB	64	a	1040	1044	1050	1053	1057	1060	1066	1069	1073	1081	1085	1092	1096	1099	1104	1111	1115	1118	1123	1127	1137	1141
2A_NB	64	d	1041	1045	1052	1055	1058	1061	1067	1071	1075	1083	1087	1094	1097	1101	1106	1112	1116	1120	1125	1129	1138	/
2A_SB	1	a	15	17	26	30	34	38	43	50	53	57	62	66	71	75	81	84	88	95	97	101	105	109	119	124
2A_SB	1	d	16	19	28	32	36	40	45	51	55	59	64	67	72	76	82	86	89	96	98	102	106	110	120	/
2A_SB	2	a	25	27	36	40	44	47	52	59	62	66	72	75	81	85	91	95	99	105	108	111	114	118	128	133
2A_SB	2	d	26	29	38	42	46	49	54	61	64	68	73	76	82	86	93	96	100	106	109	112	115	119	129	/
2A_SB	3	a	46	49	57	61	65	69	74	81	84	88	92	96	102	107	113	118	122	128	131	135	140	144	154	160
2A_SB	3	d	47	51	58	63	67	71	76	83	86	89	94	97	104	108	115	120	123	129	133	137	142	145	155	/
2A_SB	4	a	67	69	76	80	84	87	90	97	101	106	110	113	118	123	129	133	136	142	145	148	152	155	166	172
2A_SB	4	d	68	71	78	82	86	88	92	99	103	108	111	114	120	125	131	134	137	143	146	149	153	156	167	/
2A_SB	5	a	79	82	89	93	96	98	102	108	111	115	118	121	128	133	140	143	148	154	157	160	164	167	179	185
2A_SB	5	d	81	83	90	94	97	99	103	110	113	116	119	123	130	135	141	145	149	155	158	161	165	168	180	/
2A_SB	6	a	91	95	104	107	110	113	116	123	126	129	133	138	145	148	154	157	161	168	171	174	179	183	196	202
2A_SB	6	d	93	97	105	108	111	114	117	124	127	131	135	140	146	149	155	158	163	170	172	176	180	185	197	/
2A_SB	7	a	109	113	121	125	130	134	138	143	147	150	154	157	162	166	174	178	182	187	189	193	197	201	214	221
2A_SB	7	d	111	114	122	127	132	135	139	145	148	151	155	158	164	168	176	180	183	188	191	195	198	203	216	/
2A_SB	8	a	125	128	135	138	142	145	150	156	159	162	166	170	175	179	184	188	191	196	198	201	204	208	220	227
2A_SB	8	d	127	129	136	139	144	147	151	157	160	163	167	171	176	180	185	189	192	197	199	202	205	209	222	/
2A_SB	9	a	136	140	149	154	158	160	163	169	171	174	177	181	187	190	195	200	205	211	214	218	221	224	240	246
2A_SB	9	d	138	142	151	155	159	161	164	170	172	175	178	183	188	191	197	202	206	212	215	219	222	226	241	/
2A_SB	10	a	151	153	161	166	170	173	177	183	186	189	192	195	201	204	209	212	216	222	225	229	232	235	250	256
2A_SB	10	d	152	155	163	167	171	174	178	184	187	190	193	196	202	205	210	213	217	223	226	230	233	236	251	/
2A_SB	11	a	166	168	175	179	184	187	192	199	202	205	209	213	219	223	229	232	235	242	246	250	254	257	267	272
2A_SB	11	d	167	170	177	181	186	189	194	200	203	207	211	214	220	225	230	233	237	244	247	252	255	258	268	/
2A_SB	12	a	181	183	191	194	198	200	203	210	213	218	223	228	234	239	246	251	254	260	263	267	270	273	283	288
2A_SB	12	d	182	184	192	195	199	201	204	212	215	220	225	230	236	241	248	252	255	261	264	268	271	274	284	/
2A_SB	13	a	198	202	207	212	215	217	222	228	230	233	237	241	247	250	257	261	266	272	275	279	282	285	297	302
2A_SB	13	d	200	203	209	213	216	219	223	229	231	234	238	242	248	252	259	263	267	273	276	280	283	286	298	/
2A_SB	14	a	211	214	220	223	226	230	233	239	242	245	250	255	261	265	270	273	277	283	287	290	294	299	311	316
2A_SB	14	d	213	215	221	224	228	231	234	241	243	247	252	256	262	266	271	274	278	285	288	291	296	300	312	/
2A_SB	15	a	231	235	243	246	250	254	257	263	267	270	275	279	285	290	297	302	307	312	315	319	323	326	335	341
2A_SB	15	d	233	237	244	247	252	255	258	265	268	272	276	281	287	292	299	304	308	313	316	320	324	327	336	/
2A_SB	16	a	242	246	253	256	261	265	269	274	276	280	285	290	295	299	305	308	313	318	320	324	328	332	344	350
2A_SB	16	d	244	247	254	258	263	267	270	275	277	282	287	291	296	300	306	310	314	319	321	325	330	334	346	/
2A_SB	17	a	259	262	270	273	276	280	283	288	291	294	298	302	308	313	320	325	329	335	338	342	346	349	360	365
2A_SB	17	d	260	263	271	274	278	281	284	289	292	296	299	304	310	315	322	327	330	336	339	343	347	350	361	/
2A_SB	18	a	272	274	281	285	288	291	295	300	303	307	310	313	318	322	328	332	336	342	345	349	353	356	367	372
2A_SB	18	d	273	275	283	286	289	292	296	301	304	308	311	314	320	323	329	333	337	343	346	350	354	357	368	/
2A_SB	19	a	284	287	295	299	303	307	312	319	321	324	327	331	336	339	346	349	353	359	362	365	370	373	387	392
2A_SB	19	d	285	289	296	301	305	309	314	320	322	325	329	332	337	340	347	350	354	360	363	367	371	375	388	/
2A_SB	20	a	298	301	308	313	316	320	324	330	333	337	340	344	349	353	359	362	366	371	374	377	381	385	398	404
2A_SB	20	d	300	303	310	314	318	321	325	332	334	338	342	345	351	355	360	363	367	372	375	378	382	386	400	/
2A_SB	21	a	307	310	316	320	323	326	331	338	341	346	350	354	359	362	367	370	374	379	382	385	389	392	404	411
2A_SB	21	d	309	311	317	321	324	328	333	340	343	348	351	355	360	363	368	371	375	380	383	386	390	394	405	/
2A_SB	22	a	320	323	330	333	336	338	342	348	350	353	357	361	366	369	374	379	383	388	391	395	399	402	414	422
2A_SB	22	d	322	324	331	334	337	339	343	349	351	355	358	362	367	370	376	380	384	389	392	396	400	404	416	/
2A_SB	23	a	331	334	340	343	346	348	352	359	362	365	369	373	378	381	386	390	393	400	403	408	411	415	429	434
2A_SB	23	d	333	335	341	344	347	349	353	360	363	366	370	374	379	382	387	391	394	401	405	409	412	416	430	/
2A_SB	24	a	353	357	363	367	370	373	376	382	384	388	392	396	402	406	413	418	422	428	431	434	438	442	454	459
2A_SB	24	d	355	358	364	368	372	374	377	383	385	389	394	398	404	408	415	419	423	429	432	435	439	443	455	/
2A_SB	25	a	365	368	374	379	382	385	390	396	398	401	405	409	414	419	425	430	433	439	442	446	450	453	464	470
2A_SB	25	d	366	369	376	380	384	387	391	397	399	402	406	410	416	420	427	431	434	440	443	447	451	454	466	/
2A_SB	26	a	378	381	389	393	397	399	403	409	412	415	419	423	429	433	439	443	448	454	456	460	464	467	478	483
2A_SB	26	d	379	382	391	395	398	401	404	410	413	416	420	424	430	434	440	445	449	455	457	461	465	468	479	/
2A_SB	27	a	389	392	401	405	408	411	414	420	422	426	430	434	440	445	451	455	459	464	467	471	475	478	489	494
2A_SB	27	d	390	393	403	406	409	412	415	421	423	427	431	435	442	446	453	456	460	465	468	472	476	479	490	/
2A_SB	28	a	406	408	415	419	424	428	432	438	440	443	448	451	456	459	465	470	474	480	483	486	489	492	504	509
2A_SB	28	d	407	410	417	421	426	430	434	439	441	445	449	452	457	460	467	471	475	481	484	487	490	493	505	/
2A_SB	29	a	421	424	432	436	440	443	447	453	456	460	465	470	476	480	487	490	495	501	503	506	509	513	524	529
2A_SB	29	d	422	426	433	438	442	445	449	454	458	462	467	471	477	482	488	492	496	502	504	507	510	514	525	/
2A_SB	30	a	435	437	444	448	451	453	456	461	464	468	473	478	484	488	495	498	502	508	510	513	516	520	531	537
2A_SB	30	d	436	438	445	449	452	454	457	462	466	470	475	480	486	490	496	499	503	509	511	514	517	521	533	/
2A_SB	31	a	439	442	450	454	459	462	465	472	476	480	484	488	493	496	502	505	509	514	517	520	523	527	537	542
2A_SB	31	d	441	444	452	456	461	463	467	474	478	482	486	489	494	497	503	506	510	515	518	521	524	528	538	/
2A_SB	32	a	452	455	463	466	470	473	476	482	485	489	492	495	502	506	512	515	519	525	528	532	535	540	552	559
2A_SB	32	d	454	457	464	467	471	474	477	483	486	490	493	497	503	507	513	516	521	527	530	533	537	541	554	/
2A_SB	33	a	465	468	475	479	483	485	489	495	498	502	506	510	516	520	527	531	535	540	542	545	549	552	564	570
2A_SB	33	d	467	469	476	480	484	487	490	496	499	503	507	511	517	521	528	532	536	541	543	546	550	553	565	/
2A_SB	34	a	472	475	483	486	491	493	497	503	506	510	514	517	523	527	532	536	540	546	548	551	555	559	574	580
2A_SB	34	d	474	477	484	488	492	495	499	504	507	511	515	518	524	528	533	537	541	547	549	552	556	560	575	/
2A_SB	35	a	482	486	493	498	502	505	509	514	517	521	526	530	536	539	545	548	552	558	560	563	567	571	583	589
2A_SB	35	d	484	487	495	499	504	507	510	515	518	523	528	531	537	540	546	549	553	559	561	564	568	572	585	/
2A_SB	36	a	487	491	499	504	509	511	516	521	525	529	534	538	544	547	553	558	562	568	570	573	577	581	594	599
2A_SB	36	d	489	493	501	506	510	513	517	523	527	531	536	539	545	548	555	559	563	569	571	574	578	583	595	/
2A_SB	37	a	499	502	510	514	518	520	524	530	533	536	540	543	550	553	559	564	568	575	578	581	585	589	600	606
2A_SB	37	d	500	504	512	516	519	521	525	531	534	537	541	545	551	554	561	565	570	577	579	582	586	590	601	/
2A_SB	38	a	505	508	516	520	523	525	529	535	538	541	545	549	555	558	565	569	574	581	583	586	590	595	607	613
2A_SB	38	d	506	510	518	521	524	527	530	536	539	542	547	550	556	560	566	571	576	582	584	587	592	597	608	/
2A_SB	39	a	511	513	521	525	529	531	534	540	544	549	554	558	565	569	574	577	581	587	590	593	597	601	611	618
2A_SB	39	d	512	515	523	526	530	532	535	542	546	551	556	560	567	570	575	578	582	588	591	594	598	602	613	/
2A_SB	40	a	516	518	526	531	535	538	541	547	550	555	560	563	570	574	579	582	586	593	597	600	604	607	617	623
2A_SB	40	d	517	520	528	532	537	539	543	548	552	557	561	565	572	575	580	583	588	595	598	602	605	608	619	/
2A_SB	41	a	524	527	533	538	543	545	549	554	557	561	565	568	575	579	585	590	594	600	603	606	609	612	622	628
2A_SB	41	d	525	528	535	540	544	546	550	555	558	562	566	570	577	581	587	592	595	601	604	607	610	613	624	/
2A_SB	42	a	529	532	538	543	548	551	555	561	564	569	573	577	583	588	593	597	600	605	609	612	615	618	628	633
2A_SB	42	d	530	533	540	545	550	552	557	562	566	570	574	578	585	589	594	598	601	607	610	613	616	619	629	/
2A_SB	43	a	536	539	547	551	555	557	561	567	571	575	580	585	590	595	600	604	609	614	618	621	624	627	638	643
2A_SB	43	d	537	541	548	552	556	559	563	569	573	577	582	586	592	596	601	606	610	616	619	622	625	629	639	/
2A_SB	44	a	544	546	554	558	562	565	568	575	578	581	585	589	595	600	607	611	615	621	624	627	630	633	645	651
2A_SB	44	d	545	548	556	560	564	566	570	576	579	582	587	591	597	601	608	612	616	622	625	628	631	634	646	/
2A_SB	45	a	549	551	559	563	567	570	574	580	583	586	590	594	600	605	612	616	620	626	629	632	636	639	651	657
2A_SB	45	d	550	553	561	565	569	571	575	581	584	588	592	596	602	606	613	617	621	627	630	633	637	640	652	/
2A_SB	46	a	554	556	564	568	572	575	579	585	588	591	595	599	606	610	617	620	625	631	634	637	641	644	656	662
2A_SB	46	d	555	558	566	570	574	576	580	586	589	593	597	601	607	611	618	622	626	632	635	638	642	645	657	/
2A_SB	47	a	559	561	569	573	577	580	584	590	593	596	600	605	611	615	621	625	630	637	640	643	647	650	662	667
2A_SB	47	d	560	563	571	575	579	581	585	591	594	598	602	606	612	616	623	627	631	638	641	644	648	651	663	/
2A_SB	48	a	564	566	574	578	582	585	588	595	598	601	605	610	616	619	626	630	634	642	645	649	654	657	669	674
2A_SB	48	d	565	568	576	580	584	586	590	596	599	603	607	611	617	621	628	632	636	643	646	650	655	658	670	/
2A_SB	49	a	569	571	580	583	587	590	593	600	603	606	610	615	621	624	631	636	639	647	650	654	659	662	673	679
2A_SB	49	d	570	573	581	585	589	591	595	601	604	608	612	616	622	626	633	637	641	648	651	655	660	663	675	/
2A_SB	50	a	574	576	585	589	592	595	598	605	608	611	615	619	626	630	636	641	644	652	655	659	663	667	678	684
2A_SB	50	d	575	578	586	590	594	596	600	606	609	613	617	621	628	632	638	642	646	653	656	660	665	668	680	/
2A_SB	51	a	599	602	610	613	617	619	622	630	632	636	640	644	650	655	661	664	669	675	679	682	686	690	702	709
2A_SB	51	d	600	603	611	614	618	620	624	631	634	638	642	646	652	656	662	666	671	677	680	684	688	692	704	/
2A_SB	52	a	629	632	638	641	645	649	652	660	663	666	670	674	681	684	690	694	699	705	708	713	717	721	733	739
2A_SB	52	d	630	633	639	643	647	650	654	661	664	668	672	676	682	686	692	696	700	707	710	714	718	722	734	/
2A_SB	53	a	659	661	668	672	676	678	683	689	692	696	700	705	710	714	721	725	728	734	738	742	746	749	759	766
2A_SB	53	d	660	662	669	673	677	680	684	690	694	698	702	706	712	715	722	726	730	736	740	743	747	751	761	/
2A_SB	54	a	689	691	698	702	706	709	713	719	722	725	730	734	741	744	749	752	757	764	768	772	776	779	789	795
2A_SB	54	d	690	692	699	703	707	710	714	720	723	727	732	736	742	745	750	754	758	766	770	773	777	780	791	/
2A_SB	55	a	710	712	720	724	728	731	735	742	745	749	753	758	763	767	774	778	783	789	793	796	800	804	814	819
2A_SB	55	d	711	713	722	726	730	732	736	743	747	750	755	759	764	769	776	780	784	791	794	798	802	805	815	/
2A_SB	56	a	731	733	742	746	750	752	756	764	768	771	775	779	786	790	796	799	804	810	812	815	820	824	837	844
2A_SB	56	d	732	734	743	748	751	753	758	766	769	772	777	781	787	792	797	801	805	811	813	817	822	825	839	/
2A_SB	57	a	758	761	769	773	777	780	785	792	796	800	803	807	813	817	823	826	831	838	840	844	848	852	865	871
2A_SB	57	d	759	762	771	775	779	782	787	794	798	801	805	809	815	818	824	828	833	839	842	845	849	853	866	/
2A_SB	58	a	788	790	798	802	806	809	813	820	823	826	830	834	842	846	852	856	861	867	870	874	878	881	895	901
2A_SB	58	d	789	792	800	804	808	811	815	821	824	828	832	836	843	848	854	858	863	869	872	875	879	883	896	/
2A_SB	59	a	818	821	829	833	837	839	843	850	853	856	861	864	870	875	882	885	890	896	900	903	908	911	925	931
2A_SB	59	d	819	822	830	834	838	840	845	851	854	858	862	866	872	877	883	887	891	898	901	905	909	913	926	/
2A_SB	60	a	848	851	858	862	866	869	873	879	882	887	891	894	901	904	911	916	920	927	930	934	938	941	954	960
2A_SB	60	d	849	852	859	863	867	870	874	881	884	888	892	896	902	906	913	917	921	928	931	935	939	942	955	/
2A_SB	61	a	877	879	887	891	895	898	903	908	912	916	920	924	930	935	941	945	949	956	959	962	965	970	981	987
2A_SB	61	d	878	881	889	893	897	900	904	910	914	918	922	925	932	936	943	946	951	957	960	963	967	972	983	/
2A_SB	62	a	906	908	917	921	925	928	932	938	940	944	948	952	958	963	969	972	976	981	985	989	993	996	1009	1014
2A_SB	62	d	907	910	919	923	927	930	933	939	942	945	950	954	960	965	970	973	977	983	987	990	994	997	1010	/
2A_SB	63	a	935	938	945	949	953	955	960	965	968	972	976	980	986	989	996	1000	1005	1011	1014	1018	1021	1024	1038	1044
2A_SB	63	d	936	939	947	951	954	957	961	966	970	974	977	981	987	991	997	1002	1006	1013	1015	1019	1022	1026	1040	/
2A_SB	64	a	951	953	959	962	966	968	971	977	980	983	986	990	997	1001	1007	1012	1017	1023	1026	1029	1033	1036	1048	1054
2A_SB	64	d	952	954	960	963	967	969	973	978	981	984	987	992	998	1002	1009	1014	1018	1024	1027	1030	1034	1038	1050	/
3A_SB	1	a	23	29	36	40	44	48	51	54	57	62	65	68	72	75	79	83	87	91
3A_SB	1	d	24	31	38	42	45	50	52	55	59	64	67	69	73	76	80	85	89	/
3A_SB	2	a	33	39	45	49	54	59	61	64	67	71	73	75	78	81	85	89	93	97
3A_SB	2	d	34	40	47	51	56	60	62	65	68	72	74	76	79	82	86	91	95	/
3A_SB	3	a	44	49	55	58	62	66	68	71	75	79	82	85	88	91	95	99	102	106
3A_SB	3	d	45	50	56	59	63	67	69	73	77	80	83	86	89	92	96	100	104	/
3A_SB	4	a	62	68	74	78	82	85	88	91	96	101	103	106	110	113	116	119	122	125
3A_SB	4	d	63	69	76	80	83	87	90	93	98	102	104	107	111	114	117	120	123	/
3A_SB	5	a	81	87	94	98	101	105	107	109	113	118	120	123	127	130	133	136	141	145
3A_SB	5	d	82	88	95	99	102	106	108	111	115	119	121	124	128	131	134	138	142	/
3A_SB	6	a	93	99	104	108	111	114	116	118	121	125	127	130	134	137	141	146	151	155
3A_SB	6	d	94	100	105	109	112	115	117	119	123	126	128	131	135	138	143	148	153	/
3A_SB	7	a	101	107	113	118	121	124	127	131	134	137	139	143	147	150	153	158	161	164
3A_SB	7	d	102	108	115	119	122	125	129	132	135	138	141	145	148	151	155	159	162	/
3A_SB	8	a	126	131	138	142	145	149	151	154	158	162	164	166	169	173	178	182	186	190
3A_SB	8	d	127	133	140	143	146	150	152	155	159	163	165	167	171	175	179	183	187	/
3A_SB	9	a	134	140	147	150	155	159	162	166	171	175	177	179	183	187	191	194	197	201
3A_SB	9	d	135	142	148	152	156	161	164	168	172	176	178	180	184	188	192	195	198	/
3A_SB	10	a	146	152	158	161	166	170	173	176	181	186	188	191	195	199	203	206	209	213
3A_SB	10	d	147	153	159	163	167	171	174	178	183	187	189	192	196	200	204	207	210	/
3A_SB	11	a	159	164	171	174	178	183	186	190	195	199	202	204	208	212	216	220	223	227
3A_SB	11	d	160	165	172	176	180	185	188	192	197	200	203	205	209	213	217	221	224	/
3A_SB	12	a	182	188	194	198	202	206	209	213	216	221	223	225	229	233	237	241	244	247
3A_SB	12	d	183	189	196	200	204	207	211	214	218	222	224	226	230	234	238	242	245	/
3A_SB	13	a	201	207	213	217	220	224	226	229	233	237	239	242	246	250	254	257	260	263
3A_SB	13	d	202	209	215	218	222	225	227	230	234	238	240	243	247	251	255	258	261	/
3A_SB	14	a	207	213	219	223	226	230	233	237	242	246	248	251	255	258	261	264	267	270
3A_SB	14	d	208	214	221	224	227	232	235	239	243	247	249	252	256	259	262	265	268	/
3A_SB	15	a	226	232	239	243	246	249	251	253	257	261	263	265	268	272	276	279	283	286
3A_SB	15	d	227	234	241	244	247	250	252	254	258	262	264	266	270	273	277	281	284	/
3A_SB	16	a	247	254	259	263	266	269	271	275	279	284	286	288	292	295	299	302	306	309
3A_SB	16	d	248	255	261	264	267	270	273	277	281	285	287	289	293	296	300	303	307	/
3A_SB	17	a	253	260	266	270	275	279	282	286	290	295	297	299	303	306	311	314	317	320
3A_SB	17	d	254	262	268	272	277	281	284	288	292	296	298	300	304	307	312	315	318	/
3A_SB	18	a	270	276	283	287	290	295	297	299	303	307	309	312	316	319	323	328	332	336
3A_SB	18	d	271	278	284	288	292	296	298	300	304	308	310	313	317	320	325	330	333	/
3A_SB	19	a	278	284	290	294	298	302	305	309	313	317	319	322	326	329	332	336	339	344
3A_SB	19	d	279	285	291	296	299	303	307	310	315	318	320	323	327	330	333	337	341	/
3A_SB	20	a	293	299	306	311	316	320	323	327	331	335	338	340	343	346	350	354	357	361
3A_SB	20	d	294	301	308	313	318	322	325	329	333	336	339	341	344	347	351	355	358	/
3A_SB	21	a	302	308	315	319	323	326	328	332	336	340	343	345	349	352	356	360	363	367
3A_SB	21	d	303	310	316	320	324	327	330	334	338	341	344	346	350	353	357	361	365	/
3A_SB	22	a	313	319	325	329	332	336	339	342	345	349	352	354	358	361	365	369	373	377
3A_SB	22	d	314	320	326	330	333	337	340	343	346	350	353	355	359	362	367	371	375	/
3A_SB	23	a	326	332	337	341	345	350	353	357	361	366	368	370	374	377	381	385	389	393
3A_SB	23	d	327	333	338	343	347	351	355	359	363	367	369	371	375	378	383	387	391	/
3A_SB	24	a	343	348	353	356	359	363	365	368	372	376	378	380	383	386	390	393	397	401
3A_SB	24	d	344	349	354	357	360	364	366	369	373	377	379	381	384	387	391	394	399	/
3A_SB	25	a	361	367	374	378	381	385	388	392	396	401	403	406	410	413	417	420	425	428
3A_SB	25	d	362	369	375	379	382	386	390	394	398	402	405	407	411	414	418	422	426	/
3A_SB	26	a	372	378	385	389	392	396	400	404	409	414	416	418	422	425	429	432	436	440
3A_SB	26	d	373	380	386	390	394	398	402	406	411	415	417	419	423	426	430	433	437	/
3A_SB	27	a	389	394	400	403	406	411	415	419	423	427	429	431	434	437	441	445	448	452
3A_SB	27	d	390	395	401	404	408	413	417	421	425	428	430	432	435	438	442	446	450	/
3A_SB	28	a	399	404	411	415	419	423	426	430	434	439	441	443	446	449	453	456	459	463
3A_SB	28	d	400	406	413	417	421	425	428	432	436	440	442	444	447	450	454	457	461	/
3A_SB	29	a	418	423	429	433	437	441	444	447	451	456	458	461	465	468	472	476	480	483
3A_SB	29	d	419	424	431	435	438	443	446	449	453	457	459	462	466	469	473	477	481	/
3A_SB	30	a	423	429	435	439	442	447	450	454	457	462	464	466	470	473	478	482	485	488
3A_SB	30	d	424	430	436	440	444	449	452	455	459	463	465	467	471	475	480	483	486	/
3A_SB	31	a	443	448	453	457	460	463	466	468	471	474	476	478	482	485	489	492	496	499
3A_SB	31	d	444	449	455	458	461	464	467	469	472	475	477	479	483	486	490	494	497	/
3A_SB	32	a	460	466	473	476	480	483	485	488	491	494	496	498	502	506	509	512	515	520
3A_SB	32	d	461	467	474	477	481	484	486	489	492	495	497	499	503	507	510	513	517	/
3A_SB	33	a	484	489	497	501	505	509	512	515	518	521	523	525	529	533	537	541	545	549
3A_SB	33	d	485	491	499	502	506	510	513	516	519	522	524	526	530	535	538	543	546	/
3A_SB	34	a	494	499	506	509	513	518	522	526	530	535	537	539	543	546	550	553	556	559
3A_SB	34	d	495	500	507	511	515	520	524	528	532	536	538	540	544	547	551	554	557	/
3A_SB	35	a	504	509	517	521	524	528	531	535	538	543	545	548	552	555	559	563	567	571
3A_SB	35	d	505	511	518	522	525	530	533	536	540	544	546	549	553	556	561	565	569	/
3A_SB	36	a	510	515	522	526	529	533	536	540	543	548	550	553	557	561	565	569	573	576
3A_SB	36	d	511	516	523	527	530	535	538	541	545	549	551	554	558	562	567	570	574	/
3A_SB	37	a	519	524	530	533	536	540	542	546	549	554	556	558	562	566	570	574	578	581
3A_SB	37	d	520	525	531	534	537	541	544	547	551	555	557	559	563	567	572	575	579	/
3A_SB	38	a	529	534	541	544	548	551	553	556	559	563	565	567	571	574	578	581	586	589
3A_SB	38	d	530	536	542	546	549	552	554	557	560	564	566	568	572	575	579	583	587	/
3A_SB	39	a	535	540	546	550	554	559	562	565	568	572	574	576	580	583	587	591	594	598
3A_SB	39	d	536	541	548	552	556	560	563	566	570	573	575	577	581	584	589	592	596	/
3A_SB	40	a	546	552	558	561	565	569	573	576	580	584	587	589	593	597	602	607	611	614
3A_SB	40	d	547	553	559	562	566	571	574	577	582	586	588	590	594	599	604	608	612	/
3A_SB	41	a	563	568	574	579	582	586	588	590	594	598	601	604	608	611	616	621	625	629
3A_SB	41	d	564	570	576	580	583	587	589	591	595	600	603	606	609	613	618	623	627	/
3A_SB	42	a	570	575	580	584	588	591	594	597	602	607	609	612	616	620	625	629	633	638
3A_SB	42	d	571	576	581	586	589	593	596	599	604	608	611	614	618	622	626	630	635	/
3A_SB	43	a	581	586	592	596	599	603	606	610	613	617	619	623	627	631	635	639	643	647
3A_SB	43	d	582	588	594	597	600	604	608	611	614	618	621	625	629	632	637	640	645	/
3A_SB	44	a	609	614	620	624	629	632	635	638	642	646	649	652	656	660	665	669	672	675
3A_SB	44	d	610	615	621	626	630	633	636	640	644	648	650	653	657	662	666	670	673	/
3A_SB	45	a	632	638	645	648	652	656	659	661	666	671	674	676	680	684	687	691	694	698
3A_SB	45	d	633	640	646	649	653	657	660	663	668	672	675	677	681	685	688	692	696	/
3A_SB	46	a	638	644	650	654	659	662	665	668	672	676	678	681	686	691	695	698	701	704
3A_SB	46	d	639	645	652	656	660	664	667	669	673	677	680	683	688	692	696	699	702	/
3A_SB	47	a	643	649	655	659	664	667	670	673	677	682	685	688	693	696	700	703	706	710
3A_SB	47	d	644	650	657	661	665	669	672	675	679	684	687	690	694	697	701	704	707	/
3A_SB	48	a	651	657	664	668	673	676	678	682	686	690	694	697	701	704	708	711	716	721
3A_SB	48	d	652	659	665	670	674	677	680	684	687	692	696	698	702	705	709	713	718	/
3A_SB	49	a	657	663	669	673	678	682	684	688	692	696	699	702	706	709	714	717	722	725
3A_SB	49	d	658	664	670	675	679	683	686	690	693	697	701	703	707	711	715	719	723	/
3A_SB	50	a	664	671	677	681	686	691	694	698	702	707	709	711	716	720	724	728	732	736
3A_SB	50	d	665	672	679	683	688	693	696	700	704	708	710	713	718	721	726	730	734	/
3A_SB	51	a	689	695	701	704	707	711	714	717	720	724	726	729	732	736	739	742	745	748
3A_SB	51	d	690	696	702	705	708	712	715	718	721	725	727	730	733	737	740	743	746	/
3A_SB	52	a	694	700	706	709	712	716	719	722	725	729	731	734	737	740	744	747	750	753
3A_SB	52	d	695	701	707	710	713	717	720	723	726	730	732	735	738	742	745	748	751	/
3A_SB	53	a	699	705	711	714	717	721	724	727	730	734	736	738	742	745	749	752	755	758
3A_SB	53	d	700	706	712	715	718	722	725	728	731	735	737	740	743	747	750	753	756	/
3A_SB	54	a	704	710	716	719	723	726	729	732	735	738	741	743	747	750	755	758	761	764
3A_SB	54	d	705	711	717	720	724	727	730	733	736	740	742	745	748	752	756	759	762	/
3A_SB	55	a	709	715	721	724	729	733	736	738	741	744	746	748	752	755	760	763	766	769
3A_SB	55	d	710	716	722	726	731	735	737	739	742	745	747	750	753	757	761	764	767	/
3A_SB	56	a	714	720	727	730	734	739	741	743	746	749	751	754	757	760	765	769	772	775
3A_SB	56	d	715	721	728	731	736	740	742	744	747	750	752	755	758	762	766	770	773	/
3A_SB	57	a	720	725	732	736	740	744	747	750	753	757	759	762	766	770	775	780	783	787
3A_SB	57	d	721	726	734	738	741	746	749	751	754	758	760	764	768	772	777	781	785	/
3A_SB	58	a	728	733	740	745	749	753	756	759	762	767	770	773	777	781	785	788	792	795
3A_SB	58	d	729	735	742	747	750	755	758	760	764	769	772	774	779	783	786	790	793	/
3A_SB	59	a	741	746	753	757	761	766	768	771	774	779	781	784	789	793	796	799	803	807
3A_SB	59	d	742	748	755	759	763	767	769	772	776	780	783	786	790	794	797	801	805	/
3A_SB	60	a	771	777	783	788	791	795	798	801	805	809	812	814	819	823	826	830	834	837
3A_SB	60	d	772	778	785	789	793	797	799	802	806	810	813	816	820	824	827	831	835	/
3A_SB	61	a	776	782	789	793	796	800	803	806	810	813	817	819	824	827	831	835	839	843
3A_SB	61	d	777	783	790	794	798	802	804	807	811	815	818	821	825	829	832	836	840	/
3A_SB	62	a	781	786	794	797	802	805	808	811	814	818	822	824	829	832	836	840	844	848
3A_SB	62	d	782	788	795	799	803	807	809	812	816	820	823	826	830	834	837	841	845	/
3A_SB	63	a	788	793	800	804	808	811	814	816	820	824	828	830	834	838	841	845	850	854
3A_SB	63	d	789	794	802	805	809	813	815	818	822	826	829	831	836	839	843	847	851	/
3A_SB	64	a	797	802	811	816	820	825	828	832	836	840	843	846	850	854	857	861	864	867
3A_SB	64	d	798	804	813	818	822	827	830	834	837	842	845	848	852	855	859	862	865	/
3A_NB	1	a	17	20	24	27	31	35	39	44	49	54	57	61	65	69	73	76	80	86	93
3A_NB	1	d	18	22	25	29	32	36	41	46	51	55	58	63	67	71	75	77	81	88	/
3A_NB	2	a	30	34	37	40	43	47	51	55	60	65	67	71	75	78	82	85	90	95	101
3A_NB	2	d	31	35	38	41	44	49	53	57	62	66	68	73	76	80	84	87	91	96	/
3A_NB	3	a	55	59	64	66	69	72	75	79	83	88	91	95	100	104	108	111	117	124	131
3A_NB	3	d	56	61	65	67	70	73	76	81	85	90	92	97	101	105	109	113	119	126	/
3A_NB	4	a	64	67	71	74	77	81	85	90	94	98	100	104	109	114	119	122	127	133	140
3A_NB	4	d	65	68	73	75	79	82	87	92	95	99	101	106	111	116	120	123	128	135	/
3A_NB	5	a	77	80	84	86	90	94	97	101	105	110	113	119	122	127	131	134	139	145	152
3A_NB	5	d	78	82	85	88	91	95	98	103	107	112	115	120	124	128	132	135	140	147	/
3A_NB	6	a	84	87	91	93	96	100	103	108	112	117	120	125	129	133	137	141	146	153	160
3A_NB	6	d	85	89	92	95	97	101	105	109	114	119	122	127	130	135	139	142	148	155	/
3A_NB	7	a	94	97	101	104	108	112	116	121	124	128	131	135	139	143	147	150	154	160	167
3A_NB	7	d	95	99	103	106	109	114	118	122	125	130	132	136	141	145	148	151	155	162	/
3A_NB	8	a	103	106	109	112	115	120	124	129	132	136	138	144	148	151	156	160	165	171	178
3A_NB	8	d	104	107	110	113	117	122	126	130	133	137	140	145	149	153	158	162	167	173	/
3A_NB	9	a	114	117	121	123	126	130	133	137	140	145	148	153	157	162	167	171	176	181	186
3A_NB	9	d	115	119	122	124	128	131	134	138	142	147	149	154	159	164	169	173	177	182	/
3A_NB	10	a	123	126	131	133	136	141	144	148	151	155	158	163	167	171	175	178	182	188	194
3A_NB	10	d	124	128	132	134	138	142	145	149	152	156	159	164	168	172	176	179	184	190	/
3A_NB	11	a	139	142	146	149	152	156	159	163	167	171	174	178	182	185	188	191	195	200	206
3A_NB	11	d	140	144	147	150	154	157	160	164	168	172	175	179	183	186	189	192	196	201	/
3A_NB	12	a	144	147	151	153	157	161	164	168	173	177	181	186	190	194	197	199	204	210	216
3A_NB	12	d	145	149	152	155	159	162	165	170	174	179	183	187	192	195	198	201	206	211	/
3A_NB	13	a	157	160	164	166	169	173	177	181	186	191	195	199	202	206	209	213	218	224	229
3A_NB	13	d	158	161	165	167	171	175	178	183	188	193	196	200	204	207	211	215	220	225	/
3A_NB	14	a	172	175	180	183	187	192	197	201	206	210	213	219	223	226	230	233	238	244	250
3A_NB	14	d	173	177	182	185	189	194	199	203	207	211	215	220	224	227	231	235	240	245	/
3A_NB	15	a	178	181	185	188	192	197	202	206	211	216	219	224	228	232	236	239	245	251	258
3A_NB	15	d	179	183	187	190	194	199	204	208	213	217	220	226	229	233	237	241	247	253	/
3A_NB	16	a	198	202	205	209	213	217	222	227	232	237	241	248	252	256	261	265	271	276	282
3A_NB	16	d	199	203	207	211	215	219	224	229	234	239	243	249	253	258	263	267	272	277	/
3A_NB	17	a	215	218	223	227	230	234	239	244	248	253	256	261	265	268	272	275	279	284	290
3A_NB	17	d	216	220	225	229	232	236	241	245	250	255	257	262	266	269	274	276	280	285	/
3A_NB	18	a	227	230	233	237	239	242	246	251	255	259	261	267	272	276	279	282	286	291	297
3A_NB	18	d	228	231	235	238	240	243	248	252	257	260	263	269	273	277	281	283	287	292	/
3A_NB	19	a	238	241	245	248	252	256	261	266	270	275	279	285	288	291	295	298	302	307	312
3A_NB	19	d	239	243	247	250	254	258	263	268	272	277	281	286	289	293	296	299	303	308	/
3A_NB	20	a	262	265	269	272	275	280	284	289	294	299	302	307	310	313	316	319	324	331	336
3A_NB	20	d	263	267	271	274	277	282	286	291	296	301	304	308	311	314	318	321	326	332	/
3A_NB	21	a	289	293	297	301	305	309	314	319	324	328	332	336	339	342	346	349	354	360	367
3A_NB	21	d	290	295	299	303	307	311	316	321	326	330	333	337	340	343	347	351	356	362	/
3A_NB	22	a	317	320	323	327	329	334	338	342	346	350	354	360	365	369	373	376	380	386	393
3A_NB	22	d	318	321	325	328	331	336	339	343	347	352	356	362	367	371	375	377	382	388	/
3A_NB	23	a	331	334	339	342	346	350	354	359	364	369	373	378	382	386	389	392	396	403	410
3A_NB	23	d	332	336	341	344	348	352	356	361	366	371	375	379	383	387	391	393	398	404	/
3A_NB	24	a	349	352	356	359	362	365	368	372	377	381	385	389	395	398	401	404	408	414	419
3A_NB	24	d	350	353	358	360	363	366	369	374	378	383	386	391	396	399	403	405	409	415	/
3A_NB	25	a	368	372	375	378	381	384	387	390	393	396	399	404	408	412	415	419	424	429	436
3A_NB	25	d	369	373	376	379	382	385	388	391	394	398	400	405	409	413	417	420	425	431	/
3A_NB	26	a	388	391	395	398	402	406	411	414	419	423	425	430	434	438	443	447	453	459	465
3A_NB	26	d	389	393	397	400	404	408	412	416	420	424	426	431	435	440	445	449	455	460	/
3A_NB	27	a	415	418	423	425	428	433	436	440	443	448	452	458	462	465	469	471	475	481	486
3A_NB	27	d	416	420	424	426	430	434	438	441	445	450	454	459	463	466	470	472	476	482	/
3A_NB	28	a	440	443	448	450	453	456	461	466	470	475	478	484	488	492	496	498	503	509	515
3A_NB	28	d	441	445	449	451	454	458	463	468	472	477	480	485	489	493	497	500	505	511	/
3A_NB	29	a	447	450	454	458	462	466	470	475	479	484	488	494	497	502	506	509	515	521	526
3A_NB	29	d	448	452	456	460	464	468	472	477	481	486	490	495	499	504	508	511	516	522	/
3A_NB	30	a	462	466	470	473	475	478	481	485	488	492	496	500	503	508	513	517	523	530	535
3A_NB	30	d	463	467	472	474	476	479	482	486	489	494	497	501	505	510	515	519	525	531	/
3A_NB	31	a	473	477	481	484	487	491	495	498	502	507	511	516	520	523	527	531	536	543	550
3A_NB	31	d	474	478	482	485	488	492	496	499	504	509	512	517	521	524	529	532	538	545	/
3A_NB	32	a	487	491	495	498	502	507	511	516	520	525	528	534	539	544	548	552	557	564	570
3A_NB	32	d	488	492	496	500	504	509	513	518	522	527	530	536	541	546	550	554	559	565	/
3A_NB	33	a	497	500	505	509	512	517	521	526	530	535	538	543	547	551	554	557	562	569	575
3A_NB	33	d	498	502	507	511	514	519	523	528	532	537	540	544	548	552	556	559	564	570	/
3A_NB	34	a	503	506	511	515	518	523	528	531	535	540	544	548	552	557	561	563	568	574	580
3A_NB	34	d	504	508	513	517	520	525	529	533	537	542	545	549	554	558	562	565	569	575	/
3A_NB	35	a	508	511	516	520	523	528	533	536	540	545	549	553	558	562	566	568	573	579	585
3A_NB	35	d	509	513	518	522	525	530	534	538	542	547	550	555	560	563	567	570	574	580	/
3A_NB	36	a	513	516	521	525	528	533	538	541	545	550	554	559	564	567	571	574	578	584	591
3A_NB	36	d	514	518	523	527	530	535	539	543	547	552	556	561	565	568	572	575	579	586	/
3A_NB	37	a	526	529	533	536	539	543	548	553	556	559	562	567	571	574	577	580	584	590	596
3A_NB	37	d	527	530	535	538	540	545	550	554	557	561	564	568	572	575	578	581	586	591	/
3A_NB	38	a	534	537	542	545	548	552	556	560	563	566	568	573	577	580	583	586	591	596	602
3A_NB	38	d	535	539	544	547	549	553	557	561	564	567	570	574	578	581	584	587	592	597	/
3A_NB	39	a	541	545	550	553	556	559	563	568	571	576	579	583	588	592	596	600	606	611	618
3A_NB	39	d	542	547	552	555	557	560	565	569	573	577	580	585	589	593	598	602	607	613	/
3A_NB	40	a	548	552	557	560	563	567	572	577	581	585	589	594	598	602	605	609	615	621	629
3A_NB	40	d	549	554	559	562	565	569	574	579	582	587	591	595	600	603	607	611	616	623	/
3A_NB	41	a	556	559	563	566	569	573	578	583	588	592	595	600	604	608	612	616	622	629	634
3A_NB	41	d	557	561	565	568	571	575	580	585	589	593	597	601	606	610	614	618	624	630	/
3A_NB	42	a	561	564	568	571	575	579	584	588	593	597	600	605	609	613	618	622	627	634	640
3A_NB	42	d	562	566	570	573	577	581	585	590	594	598	602	606	611	615	620	623	629	636	/
3A_NB	43	a	566	569	573	576	580	584	589	593	598	602	605	610	615	618	623	627	632	639	645
3A_NB	43	d	567	571	575	578	582	586	590	595	600	603	607	612	616	620	625	628	634	641	/
3A_NB	44	a	572	575	578	581	585	589	594	598	603	607	610	615	620	623	628	632	638	644	650
3A_NB	44	d	573	576	580	583	587	591	595	600	605	608	612	617	621	625	630	633	639	646	/
3A_NB	45	a	578	581	585	588	592	596	601	604	609	612	616	622	626	629	633	637	643	649	655
3A_NB	45	d	579	583	587	590	594	598	602	606	610	614	618	623	627	630	635	638	645	651	/
3A_NB	46	a	587	591	594	597	600	605	609	612	617	622	624	630	633	636	640	643	649	655	661
3A_NB	46	d	588	592	596	598	602	607	610	614	619	623	626	631	634	637	641	645	651	657	/
3A_NB	47	a	599	602	606	608	611	615	619	623	626	630	633	638	641	644	648	651	656	661	666
3A_NB	47	d	600	603	607	609	612	616	620	624	627	631	634	639	642	645	649	652	657	662	/
3A_NB	48	a	605	608	612	615	618	622	626	630	634	638	642	647	652	655	659	662	667	673	678
3A_NB	48	d	606	609	614	617	620	623	627	631	636	640	643	649	653	656	660	664	668	674	/
3A_NB	49	a	612	615	619	621	623	627	631	635	640	644	648	655	659	662	666	669	674	680	687
3A_NB	49	d	613	616	620	622	625	628	632	637	642	646	650	656	660	664	667	671	676	682	/
3A_NB	50	a	619	623	627	630	633	637	642	647	652	655	659	665	669	672	675	679	684	689	694
3A_NB	50	d	620	624	629	632	634	639	644	649	653	657	661	667	670	673	677	681	685	690	/
3A_NB	51	a	641	645	649	653	657	661	666	671	675	679	682	688	691	694	697	701	706	712	717
3A_NB	51	d	642	647	651	655	659	663	668	672	676	681	684	689	692	695	699	703	708	713	/
3A_NB	52	a	656	659	664	667	671	674	678	682	686	690	694	699	702	706	709	712	718	724	730
3A_NB	52	d	657	661	666	669	672	676	679	683	687	692	696	700	704	707	710	714	720	726	/
3A_NB	53	a	675	678	681	683	685	689	693	697	701	705	707	713	718	721	724	727	731	737	743
3A_NB	53	d	676	679	682	684	687	691	694	698	703	706	709	715	719	722	725	728	733	739	/
3A_NB	54	a	688	691	696	700	703	708	713	717	722	725	727	732	737	741	745	749	754	759	765
3A_NB	54	d	689	693	698	701	705	710	714	719	723	726	728	734	739	743	747	751	755	760	/
3A_NB	55	a	713	717	722	725	729	733	738	742	746	750	754	758	762	766	770	774	780	785	790
3A_NB	55	d	714	719	724	727	730	735	739	743	747	752	755	759	764	768	772	776	781	786	/
3A_NB	56	a	743	747	750	752	755	759	764	769	773	778	780	786	790	795	799	801	805	811	817
3A_NB	56	d	744	748	751	753	757	761	766	771	775	779	782	787	792	797	800	802	807	813	/
3A_NB	57	a	771	774	778	782	785	789	793	796	799	804	807	811	816	819	822	826	830	837	843
3A_NB	57	d	772	776	780	783	787	791	794	797	801	806	808	813	817	820	824	827	832	839	/
3A_NB	58	a	800	804	808	811	814	818	821	826	829	832	834	839	844	848	851	855	859	865	871
3A_NB	58	d	801	805	810	813	816	819	823	827	830	833	835	841	845	849	853	856	860	866	/
3A_NB	59	a	824	827	831	833	836	839	843	848	853	857	859	865	869	873	877	880	885	890	896
3A_NB	59	d	825	829	832	835	837	841	845	850	854	858	861	866	870	874	878	882	886	892	/
3A_NB	60	a	831	834	838	840	844	848	851	855	858	861	864	870	875	880	884	887	892	898	905
3A_NB	60	d	832	836	839	842	846	849	852	856	859	863	866	872	877	881	885	889	894	900	/
3A_NB	61	a	839	843	847	849	852	856	861	865	868	873	875	880	884	889	893	897	902	907	914
3A_NB	61	d	840	844	848	850	854	858	862	866	870	874	876	881	886	891	895	899	903	909	/
3A_NB	62	a	846	850	854	856	859	862	867	872	875	880	883	888	892	897	900	903	908	914	920
3A_NB	62	d	847	851	855	857	860	864	869	873	877	882	884	889	894	898	902	904	910	916	/
3A_NB	63	a	851	855	860	863	867	870	874	878	882	887	890	894	899	903	906	909	914	921	926
3A_NB	63	d	852	857	862	865	868	871	875	880	884	888	891	896	901	904	908	910	916	922	/
3A_NB	64	a	859	863	867	870	873	878	882	886	891	895	899	903	908	912	915	918	923	930	937
3A_NB	64	d	860	864	869	871	875	879	883	888	893	897	900	905	910	913	916	919	925	932	/
