RouteID	RunID	Arrivals/Departures	TimePerStop
1A_SB	1	a	27	33	43	46	50	56	60	64	67	71	75	78	82	91	96	101
1A_SB	1	d	28	35	45	47	52	58	61	65	69	72	76	80	83	92	98	/
1A_SB	2	a	37	43	53	56	60	65	68	72	75	79	83	86	90	101	107	110
1A_SB	2	d	38	45	55	57	61	66	69	73	77	81	84	88	92	103	108	/
1A_SB	3	a	58	64	74	77	81	86	88	92	95	99	103	107	110	121	126	131
1A_SB	3	d	59	66	76	78	82	87	89	93	97	101	105	108	111	122	128	/
1A_SB	4	a	67	73	82	84	89	94	96	100	103	106	109	112	116	128	134	137
1A_SB	4	d	68	74	83	86	90	95	97	101	104	107	110	114	118	130	135	/
1A_SB	5	a	75	82	90	93	98	103	106	111	114	117	120	123	127	136	141	144
1A_SB	5	d	77	84	92	95	99	105	108	112	115	118	121	124	128	137	142	/
1A_SB	6	a	82	89	97	100	105	112	115	120	124	128	131	134	138	146	151	155
1A_SB	6	d	84	90	99	102	107	114	117	122	126	129	132	135	139	147	152	/
1A_SB	7	a	101	108	119	123	126	133	136	140	144	149	153	158	162	170	176	179
1A_SB	7	d	102	110	121	124	128	135	137	141	146	151	155	159	163	172	177	/
1A_SB	8	a	117	124	134	136	141	147	149	154	158	162	165	169	172	181	186	190
1A_SB	8	d	119	125	135	138	143	148	151	156	159	163	166	170	173	182	187	/
1A_SB	9	a	127	133	141	143	147	152	155	159	163	167	170	175	178	187	193	197
1A_SB	9	d	129	135	142	144	148	153	156	161	164	168	172	176	179	189	195	/
1A_SB	10	a	136	142	149	151	155	160	164	169	172	176	179	182	185	197	203	207
1A_SB	10	d	138	143	150	153	156	162	165	170	173	177	180	183	187	199	205	/
1A_SB	11	a	162	169	177	179	182	187	189	193	197	200	203	206	211	219	225	229
1A_SB	11	d	164	171	178	180	183	188	190	195	198	201	204	208	212	220	226	/
1A_SB	12	a	171	177	185	187	191	197	201	206	209	213	216	219	223	231	237	241
1A_SB	12	d	172	179	186	189	193	199	202	207	210	214	217	220	224	232	238	/
1A_SB	13	a	180	185	194	197	200	206	209	214	218	222	225	229	232	241	246	250
1A_SB	13	d	181	187	196	198	201	207	210	215	219	223	226	230	233	242	247	/
1A_SB	14	a	187	192	201	204	208	216	220	225	228	231	234	238	241	250	255	260
1A_SB	14	d	188	194	203	206	210	218	221	226	229	232	235	239	242	251	257	/
1A_SB	15	a	195	202	212	215	218	225	228	233	236	240	243	247	251	260	265	269
1A_SB	15	d	196	204	213	216	219	226	229	234	238	241	244	248	252	261	266	/
1A_SB	16	a	200	207	217	220	223	230	234	239	244	248	251	255	259	269	273	277
1A_SB	16	d	201	209	218	221	224	232	235	241	246	249	252	257	260	270	274	/
1A_SB	17	a	222	228	238	241	245	250	253	258	262	265	269	272	275	284	289	293
1A_SB	17	d	223	229	240	242	246	251	254	259	263	266	270	273	276	285	290	/
1A_SB	18	a	228	234	244	246	250	255	259	264	268	271	274	277	280	289	294	298
1A_SB	18	d	229	235	245	247	251	257	260	265	269	272	275	278	281	290	295	/
1A_SB	19	a	236	243	251	253	257	262	265	270	274	277	280	283	286	294	299	303
1A_SB	19	d	238	244	252	254	258	263	266	271	275	278	281	284	287	295	300	/
1A_SB	20	a	241	248	256	258	261	267	270	275	279	282	285	289	292	300	305	309
1A_SB	20	d	243	249	257	259	263	268	271	276	280	283	286	290	293	301	306	/
1A_SB	21	a	247	253	261	264	267	273	276	282	286	289	292	296	299	308	313	317
1A_SB	21	d	248	254	263	265	269	275	278	283	287	290	293	297	300	309	314	/
1A_SB	22	a	254	260	269	272	275	281	283	288	291	294	297	301	305	314	319	323
1A_SB	22	d	255	261	271	273	276	282	284	289	292	295	298	302	306	315	321	/
1A_SB	23	a	278	284	292	295	298	303	305	309	313	316	321	325	328	337	343	347
1A_SB	23	d	279	286	293	296	299	304	306	310	314	318	323	326	330	338	345	/
1A_SB	24	a	283	289	297	300	304	310	312	316	320	324	328	331	335	343	350	353
1A_SB	24	d	284	291	298	301	305	311	313	317	322	325	329	332	336	345	351	/
1A_SB	25	a	291	297	304	306	311	318	321	325	330	334	337	341	346	357	364	368
1A_SB	25	d	292	298	305	308	313	320	322	327	331	335	338	343	348	359	366	/
1A_SB	26	a	300	307	314	316	320	326	328	332	335	339	343	348	353	364	370	373
1A_SB	26	d	301	308	315	318	322	327	329	333	336	341	345	350	355	366	371	/
1A_SB	27	a	306	313	320	323	326	331	333	339	343	347	352	356	361	373	378	382
1A_SB	27	d	307	314	322	324	327	332	335	341	344	349	353	358	363	374	380	/
1A_SB	28	a	312	319	326	329	333	340	343	348	351	354	359	363	368	380	387	391
1A_SB	28	d	313	320	328	331	335	342	344	349	352	356	360	365	370	382	389	/
1A_SB	29	a	326	331	340	344	348	354	357	361	365	368	371	375	379	388	395	400
1A_SB	29	d	327	332	342	346	350	355	358	362	366	369	372	376	381	390	397	/
1A_SB	30	a	336	342	352	354	358	364	367	373	378	381	384	388	392	401	408	412
1A_SB	30	d	337	344	353	356	360	366	369	375	379	382	386	390	394	403	409	/
1A_SB	31	a	348	355	365	367	371	376	380	386	391	395	399	404	409	417	423	428
1A_SB	31	d	349	357	366	369	372	378	382	388	392	397	401	406	410	418	425	/
1A_SB	32	a	361	366	376	379	382	388	391	397	402	406	410	414	419	427	433	437
1A_SB	32	d	362	368	378	380	384	390	393	398	403	407	411	416	420	429	434	/
1A_NB	1	a	8	12	19	27	32	37	41	45	49	55	60	65	68	73	82	88
1A_NB	1	d	9	13	20	28	34	39	42	47	51	57	62	66	70	74	83	/
1A_NB	2	a	20	25	30	37	43	48	51	55	59	66	69	74	78	81	89	94
1A_NB	2	d	21	26	31	38	45	49	53	57	61	67	71	76	79	83	90	/
1A_NB	3	a	36	40	46	52	59	63	68	72	77	84	88	94	98	102	109	115
1A_NB	3	d	37	42	47	54	61	65	69	74	79	86	90	96	99	104	111	/
1A_NB	4	a	52	58	65	72	78	82	86	89	92	98	101	106	109	113	119	126
1A_NB	4	d	54	60	67	73	79	83	87	90	94	99	102	107	110	114	120	/
1A_NB	5	a	57	63	70	77	83	87	91	95	98	103	107	111	114	118	124	132
1A_NB	5	d	59	65	72	79	84	88	92	96	99	105	108	112	115	119	126	/
1A_NB	6	a	67	72	79	88	93	97	102	106	109	115	118	123	125	130	138	146
1A_NB	6	d	69	74	81	89	94	99	103	107	111	116	120	124	127	131	140	/
1A_NB	7	a	88	94	99	108	113	117	121	124	127	133	137	142	144	148	158	163
1A_NB	7	d	90	95	100	109	114	118	122	125	128	135	139	143	145	150	159	/
1A_NB	8	a	94	99	105	113	118	122	126	129	132	138	142	147	149	153	163	168
1A_NB	8	d	95	101	107	114	119	123	127	130	133	140	144	148	150	155	164	/
1A_NB	9	a	103	108	115	122	128	133	137	141	144	149	154	159	161	165	174	180
1A_NB	9	d	104	110	116	124	130	134	138	142	145	151	156	160	162	167	176	/
1A_NB	10	a	111	116	122	129	135	139	143	147	150	156	161	165	168	172	180	186
1A_NB	10	d	112	117	123	131	136	141	144	148	151	158	162	167	169	173	181	/
1A_NB	11	a	127	132	138	145	149	152	156	159	162	169	173	177	180	184	193	199
1A_NB	11	d	128	134	140	146	150	153	157	160	164	171	174	179	181	186	194	/
1A_NB	12	a	144	149	155	162	167	172	177	182	186	191	195	199	201	205	212	218
1A_NB	12	d	145	151	156	163	169	174	179	183	187	193	196	200	203	206	214	/
1A_NB	13	a	165	170	177	185	191	196	201	206	210	215	218	222	226	229	235	240
1A_NB	13	d	167	172	179	186	193	198	203	207	211	216	219	224	227	230	236	/
1A_NB	14	a	184	189	194	201	207	211	215	219	222	227	230	235	238	242	251	257
1A_NB	14	d	186	190	195	203	209	212	216	220	223	228	231	237	240	244	253	/
1A_NB	15	a	196	202	209	215	221	225	230	233	237	242	245	249	252	256	264	270
1A_NB	15	d	198	204	211	217	223	227	231	234	238	243	246	250	254	257	265	/
1A_NB	16	a	216	221	227	234	241	246	250	254	258	263	267	271	275	279	287	293
1A_NB	16	d	218	223	228	236	243	247	252	256	259	265	268	273	277	281	288	/
1A_NB	17	a	234	240	246	252	258	262	267	271	275	281	285	291	295	299	306	312
1A_NB	17	d	236	241	247	254	259	264	268	273	277	283	287	293	296	300	308	/
1A_NB	18	a	242	246	252	259	266	271	276	280	283	288	292	298	302	306	313	320
1A_NB	18	d	243	247	254	261	268	273	277	281	285	290	294	300	303	307	315	/
1A_NB	19	a	261	266	273	281	287	291	296	299	303	308	313	318	321	324	334	341
1A_NB	19	d	263	268	274	283	288	293	297	301	304	310	315	319	322	326	336	/
1A_NB	20	a	277	282	289	297	302	306	310	314	319	324	328	334	336	339	347	353
1A_NB	20	d	279	283	291	298	303	307	312	316	320	326	330	335	337	340	349	/
1A_NB	21	a	286	291	297	305	311	315	320	324	328	333	337	342	344	348	356	361
1A_NB	21	d	288	292	299	307	312	317	321	325	329	335	338	343	346	350	357	/
1A_NB	22	a	297	302	308	317	323	327	331	334	337	342	345	349	353	356	363	369
1A_NB	22	d	299	303	310	319	325	328	332	335	339	343	346	351	354	357	364	/
1A_NB	23	a	317	322	327	334	340	344	348	352	356	362	366	370	373	377	383	390
1A_NB	23	d	319	323	328	336	341	345	350	353	357	364	367	371	374	378	384	/
1A_NB	24	a	335	339	345	352	359	363	367	370	374	381	386	390	394	399	407	413
1A_NB	24	d	337	341	346	354	360	364	368	371	376	383	387	392	396	400	409	/
1A_NB	25	a	346	350	356	363	368	373	377	380	385	392	396	401	405	409	417	423
1A_NB	25	d	347	351	357	364	370	374	378	382	387	394	397	403	406	411	419	/
1A_NB	26	a	369	373	379	389	394	399	403	407	411	417	421	425	428	434	442	449
1A_NB	26	d	370	375	381	390	396	400	405	409	412	419	423	426	430	435	444	/
1A_NB	27	a	389	393	399	410	415	420	425	429	433	439	443	448	451	456	464	470
1A_NB	27	d	390	394	401	411	417	422	426	430	435	440	445	449	453	457	466	/
1A_NB	28	a	417	421	428	435	441	446	450	455	458	464	468	473	477	481	487	492
1A_NB	28	d	418	423	429	436	443	447	452	456	460	465	470	475	478	482	488	/
1A_NB	29	a	437	442	447	456	462	466	470	473	476	481	486	492	496	500	508	513
1A_NB	29	d	438	443	449	457	464	467	471	474	477	483	488	494	497	502	509	/
1A_NB	30	a	462	467	473	481	487	491	495	499	504	510	514	519	522	527	536	542
1A_NB	30	d	463	468	474	482	489	492	496	501	506	512	515	520	524	529	538	/
1A_NB	31	a	490	495	503	510	516	520	524	529	533	539	543	547	550	554	563	570
1A_NB	31	d	491	497	504	512	517	521	526	530	535	540	544	549	551	556	565	/
1A_NB	32	a	517	522	529	537	544	548	552	555	560	566	569	575	578	583	589	594
1A_NB	32	d	518	523	531	539	546	549	553	557	562	567	571	576	580	584	590	/
2A_NB	1	a	4	8	15	18	20	23	30	33	37	45	48	53	55	57	60	66	70	73	76	80	89	93
2A_NB	1	d	5	9	16	19	21	24	31	34	38	46	49	54	56	58	61	67	71	74	77	81	90	/
2A_NB	2	a	9	13	20	23	25	28	35	38	42	50	53	58	60	62	65	71	75	78	82	86	95	99
2A_NB	2	d	10	14	21	24	26	29	36	39	43	51	54	59	61	63	66	72	76	79	83	87	96	/
2A_NB	3	a	14	17	25	28	30	33	39	43	47	54	58	63	66	68	71	77	80	83	87	91	99	104
2A_NB	3	d	15	19	26	29	31	34	41	44	49	56	59	64	67	69	72	78	81	84	88	92	101	/
2A_NB	4	a	19	22	30	33	36	39	45	48	52	59	63	68	71	73	76	82	85	88	92	96	104	108
2A_NB	4	d	20	24	31	34	37	40	46	50	54	61	64	69	72	74	77	83	86	89	93	97	106	/
2A_NB	5	a	24	27	35	38	41	44	50	54	57	64	68	73	76	78	82	88	91	94	98	102	110	113
2A_NB	5	d	25	29	36	39	42	45	52	55	59	66	69	74	77	79	83	89	92	95	99	103	111	/
2A_NB	6	a	30	33	39	43	46	50	56	59	62	69	73	78	81	83	87	93	96	99	103	107	114	118
2A_NB	6	d	31	35	41	44	47	51	57	60	64	71	74	79	82	84	88	94	97	100	104	108	116	/
2A_NB	7	a	35	38	44	48	51	55	61	64	67	74	78	84	87	89	93	99	102	105	109	112	119	123
2A_NB	7	d	36	40	46	49	52	56	62	65	69	76	79	85	88	90	94	100	103	106	110	113	121	/
2A_NB	8	a	40	43	49	53	56	60	65	69	72	79	83	89	92	94	98	104	107	110	114	117	124	128
2A_NB	8	d	41	45	51	54	57	61	67	70	74	81	84	90	93	95	99	105	108	111	115	118	126	/
2A_NB	9	a	45	48	54	58	61	65	70	74	78	86	90	97	101	103	108	114	117	120	124	128	135	138
2A_NB	9	d	46	50	56	59	62	66	72	76	80	88	92	99	102	105	109	115	118	121	125	129	136	/
2A_NB	10	a	50	53	59	63	65	70	75	80	84	92	96	103	106	109	113	119	122	127	132	137	145	148
2A_NB	10	d	51	55	61	64	67	71	77	82	86	93	98	104	107	110	114	120	124	129	134	139	146	/
2A_NB	11	a	55	58	64	68	70	75	81	85	89	97	102	108	111	114	118	124	127	132	137	142	150	153
2A_NB	11	d	56	60	66	69	72	76	82	87	91	99	103	109	112	115	120	125	129	134	139	144	151	/
2A_NB	12	a	60	64	69	73	75	80	86	91	95	103	107	113	116	119	123	129	133	138	142	147	155	158
2A_NB	12	d	61	65	71	74	77	81	88	93	97	105	108	114	117	120	125	131	135	140	144	149	156	/
2A_NB	13	a	65	69	75	78	82	86	92	96	100	108	112	118	121	123	128	134	139	143	147	152	159	163
2A_NB	13	d	66	71	77	80	83	87	93	98	102	110	113	119	122	125	130	136	140	145	149	154	161	/
2A_NB	14	a	92	96	103	107	111	115	121	125	129	136	140	145	149	151	155	162	166	171	175	178	186	189
2A_NB	14	d	93	98	105	109	113	117	122	127	130	138	141	147	150	152	157	163	168	173	176	180	187	/
2A_NB	15	a	114	117	123	125	129	133	138	143	147	154	157	164	168	171	175	181	186	191	196	201	209	214
2A_NB	15	d	115	119	124	127	131	134	140	145	148	155	159	166	170	173	177	183	188	193	198	202	211	/
2A_NB	16	a	142	145	152	154	157	162	167	171	175	184	188	193	196	198	202	208	211	214	217	221	230	235
2A_NB	16	d	143	147	153	156	159	163	169	172	177	185	189	194	197	199	203	209	212	215	218	222	232	/
2A_NB	17	a	167	171	178	182	185	189	196	201	205	213	217	222	225	228	231	236	240	244	247	250	258	261
2A_NB	17	d	168	173	180	184	187	190	198	202	207	215	218	223	226	229	232	237	241	245	248	252	259	/
2A_NB	18	a	173	177	184	187	190	194	201	206	211	220	224	230	233	236	239	245	248	252	255	259	267	270
2A_NB	18	d	174	179	185	189	192	196	203	208	212	222	225	231	234	237	240	246	249	253	256	260	268	/
2A_NB	19	a	199	202	208	212	216	221	227	232	235	241	246	252	255	257	261	266	270	274	279	283	290	294
2A_NB	19	d	200	204	210	214	218	222	229	233	236	243	247	254	256	258	262	267	272	276	281	285	291	/
2A_NB	20	a	219	223	228	231	234	238	245	250	254	263	267	273	277	281	286	293	297	300	304	308	316	320
2A_NB	20	d	220	224	230	233	236	239	247	252	255	264	268	275	279	283	287	294	298	302	306	310	317	/
2A_NB	21	a	233	237	243	246	249	253	259	262	266	275	279	287	289	291	294	302	305	308	312	315	323	328
2A_NB	21	d	234	239	245	248	251	254	260	264	267	277	281	288	290	292	296	303	306	310	313	316	325	/
2A_NB	22	a	238	242	249	252	255	259	267	271	275	282	285	292	294	297	301	308	312	315	319	324	332	337
2A_NB	22	d	239	244	251	254	256	261	269	273	276	283	287	293	296	299	303	310	313	316	321	325	334	/
2A_NB	23	a	249	253	259	262	266	271	277	280	284	291	296	303	307	310	315	321	325	329	332	336	345	350
2A_NB	23	d	250	255	260	264	268	273	278	282	286	293	298	305	309	312	317	322	326	330	334	338	347	/
2A_NB	24	a	278	281	287	290	292	296	302	306	309	317	321	328	332	334	338	343	348	351	355	360	369	373
2A_NB	24	d	279	282	288	291	294	297	304	307	311	319	322	330	333	336	339	345	349	353	357	362	370	/
2A_NB	25	a	302	306	311	315	317	321	329	333	337	344	348	354	357	360	365	371	376	380	385	388	397	401
2A_NB	25	d	303	307	313	316	319	323	331	335	339	346	350	356	359	362	366	373	378	382	386	390	398	/
2A_NB	26	a	332	336	341	344	348	352	358	363	367	374	378	385	387	390	395	401	405	410	414	419	427	431
2A_NB	26	d	333	337	343	346	349	353	360	364	369	376	380	386	389	392	396	403	407	412	416	420	428	/
2A_NB	27	a	362	365	372	375	378	381	389	392	396	404	409	415	418	421	424	430	435	440	445	448	456	459
2A_NB	27	d	363	367	373	376	379	383	390	394	398	406	410	416	419	422	425	432	437	442	446	450	457	/
2A_NB	28	a	392	396	402	405	408	411	419	422	425	435	438	443	446	449	454	460	465	468	472	476	483	487
2A_NB	28	d	393	397	403	406	409	413	420	423	427	436	439	444	448	451	455	462	466	470	473	478	485	/
2A_NB	29	a	422	425	431	434	437	442	448	451	456	462	466	472	476	479	483	490	495	499	502	506	513	518
2A_NB	29	d	423	427	433	436	439	443	449	453	457	464	468	474	477	481	485	492	496	500	503	508	515	/
2A_NB	30	a	449	453	460	463	466	469	476	481	484	492	496	503	506	508	513	519	523	528	532	535	542	546
2A_NB	30	d	450	455	461	465	467	471	478	482	486	493	498	504	507	510	515	521	525	529	533	536	543	/
2A_NB	31	a	471	475	481	485	488	493	499	503	508	516	520	527	530	533	538	545	549	553	557	560	567	572
2A_NB	31	d	472	476	483	487	490	494	500	505	510	517	521	529	531	535	540	546	551	554	558	561	569	/
2A_NB	32	a	493	496	501	505	508	511	517	521	524	531	534	540	544	547	552	559	562	565	570	574	581	584
2A_NB	32	d	494	497	503	507	509	512	519	522	525	532	535	542	546	549	554	560	563	567	572	575	582	/
2A_SB	1	a	24	27	35	39	42	46	51	57	61	65	69	72	77	81	87	91	95	100	103	106	109	112	122	128
2A_SB	1	d	25	28	37	40	44	48	53	59	63	67	70	73	78	82	88	92	96	101	104	107	110	113	124	/
2A_SB	2	a	45	48	55	60	65	68	72	79	83	87	91	96	101	106	112	116	120	127	130	133	137	141	152	158
2A_SB	2	d	46	50	57	62	67	70	74	81	85	89	93	97	103	108	114	117	121	128	131	134	138	142	153	/
2A_SB	3	a	57	60	69	74	79	82	86	92	95	98	102	107	113	118	123	127	132	139	142	146	149	153	166	171
2A_SB	3	d	58	62	71	76	81	84	88	94	96	99	104	108	115	119	125	129	133	140	143	147	150	154	167	/
2A_SB	4	a	68	72	81	86	91	94	98	103	105	109	113	117	124	129	134	138	142	148	151	154	158	163	176	181
2A_SB	4	d	70	74	83	88	93	95	99	104	106	111	115	119	126	131	136	140	143	149	152	155	160	165	177	/
2A_SB	5	a	77	81	92	95	99	101	105	112	116	120	124	127	133	137	142	145	148	154	158	161	166	170	182	187
2A_SB	5	d	79	83	93	96	100	102	106	114	117	122	125	129	135	138	143	146	149	156	159	163	167	171	183	/
2A_SB	6	a	91	95	103	106	110	112	115	122	125	129	132	135	142	146	151	154	158	163	166	170	174	178	190	196
2A_SB	6	d	93	96	104	107	111	113	116	123	126	130	133	137	144	147	152	155	159	164	168	172	175	179	192	/
2A_SB	7	a	103	106	112	117	121	124	127	134	137	140	144	148	154	157	163	166	170	176	179	182	185	188	200	206
2A_SB	7	d	105	107	114	118	122	125	129	135	138	141	145	149	155	158	164	167	171	177	180	183	186	189	201	/
2A_SB	8	a	114	117	123	128	131	134	137	142	146	149	152	155	161	164	169	173	177	183	186	189	192	195	209	215
2A_SB	8	d	116	118	125	129	132	135	138	144	147	150	153	156	162	165	171	174	178	184	187	190	193	197	211	/
2A_SB	9	a	124	127	134	137	142	145	149	155	158	161	164	167	173	177	182	186	190	196	199	202	206	209	222	227
2A_SB	9	d	126	128	135	139	144	147	150	156	159	162	165	168	174	178	184	187	191	197	200	203	207	210	223	/
2A_SB	10	a	134	136	143	147	151	153	156	163	166	169	172	175	181	185	191	194	198	205	208	211	215	218	231	236
2A_SB	10	d	135	137	145	148	152	154	158	164	167	170	173	176	182	186	192	195	199	206	209	212	216	219	232	/
2A_SB	11	a	141	143	150	154	158	160	163	169	171	174	177	180	185	190	197	201	206	213	215	218	222	225	237	242
2A_SB	11	d	142	144	152	155	159	161	164	170	172	175	178	181	187	192	199	203	207	214	216	219	223	226	238	/
2A_SB	12	a	153	155	161	165	168	170	173	180	183	186	190	193	198	201	207	210	213	219	221	224	227	231	243	249
2A_SB	12	d	154	156	163	166	169	171	174	181	184	187	191	195	199	202	208	211	214	220	222	225	228	232	245	/
2A_SB	13	a	164	167	175	179	184	187	192	200	203	206	209	212	218	223	230	233	238	244	246	249	253	256	268	273
2A_SB	13	d	165	169	177	181	186	189	194	201	204	207	210	214	220	225	231	235	239	245	247	250	254	257	269	/
2A_SB	14	a	170	173	181	185	190	193	198	207	211	216	221	224	229	233	239	243	247	252	255	258	262	265	277	283
2A_SB	14	d	171	175	183	187	192	195	200	209	213	218	222	225	230	234	240	244	248	254	256	259	263	266	278	/
2A_SB	15	a	183	185	194	198	203	206	211	218	221	226	230	233	238	242	248	252	256	262	265	268	272	275	287	293
2A_SB	15	d	184	187	196	200	205	208	213	220	223	228	231	234	240	243	249	253	257	263	266	269	273	276	288	/
2A_SB	16	a	200	202	209	213	217	219	222	228	231	235	238	241	246	249	256	260	264	270	272	275	279	282	294	300
2A_SB	16	d	201	203	210	214	218	220	223	229	232	236	239	242	247	251	257	261	265	271	273	276	280	283	295	/
2A_SB	17	a	205	207	214	218	222	224	228	234	237	241	245	249	254	258	264	268	272	278	280	283	287	291	304	309
2A_SB	17	d	206	208	215	219	223	225	229	235	238	242	246	250	255	259	265	269	273	279	281	284	288	292	305	/
2A_SB	18	a	211	214	222	226	229	232	236	242	246	250	254	257	263	267	273	276	279	285	288	292	295	299	310	316
2A_SB	18	d	213	215	223	227	230	233	237	244	247	251	255	258	264	268	274	277	280	286	289	293	296	300	312	/
2A_SB	19	a	220	223	230	233	236	239	242	249	252	256	260	263	269	273	279	282	285	291	294	298	301	305	317	323
2A_SB	19	d	222	225	231	234	237	240	243	250	253	257	261	264	270	274	280	283	286	292	295	299	302	307	319	/
2A_SB	20	a	225	229	235	238	241	244	247	255	258	261	265	268	274	278	284	287	291	297	300	305	309	314	328	334
2A_SB	20	d	227	230	236	239	243	245	249	256	259	262	266	270	275	279	285	288	292	298	302	307	311	315	330	/
2A_SB	21	a	231	235	242	246	250	253	256	262	265	268	272	275	280	284	290	293	297	303	306	310	314	319	333	339
2A_SB	21	d	233	237	244	248	252	254	257	263	266	269	273	276	281	285	291	294	298	304	307	312	316	320	335	/
2A_SB	22	a	237	240	249	252	255	258	261	267	270	275	280	283	288	291	297	300	305	311	314	317	321	325	339	344
2A_SB	22	d	238	242	250	253	257	259	262	268	272	277	281	284	289	292	298	302	306	312	315	318	322	326	340	/
2A_SB	23	a	243	245	254	258	262	265	269	274	277	281	285	288	293	296	302	306	310	316	319	322	326	330	344	349
2A_SB	23	d	244	247	255	260	264	267	270	275	278	282	286	289	294	297	303	307	311	317	320	323	327	331	345	/
2A_SB	24	a	248	250	259	264	268	271	275	281	285	289	292	295	300	304	309	313	317	323	326	329	333	337	351	356
2A_SB	24	d	249	252	261	266	270	272	277	283	287	290	293	296	301	305	310	314	318	324	327	330	334	338	352	/
2A_SB	25	a	261	264	270	274	278	280	284	290	293	296	299	302	309	314	320	323	328	334	337	340	344	347	361	367
2A_SB	25	d	262	265	271	275	279	281	285	291	294	297	300	304	311	315	321	325	330	335	338	341	345	348	362	/
2A_SB	26	a	266	269	277	281	285	287	290	296	299	303	306	309	316	320	327	331	336	342	346	349	352	355	369	375
2A_SB	26	d	267	270	278	282	286	288	291	297	300	304	307	311	317	322	329	333	338	344	347	350	353	356	370	/
2A_SB	27	a	272	275	283	287	290	292	295	301	304	308	311	314	320	325	332	336	341	347	351	354	357	360	373	379
2A_SB	27	d	273	276	285	288	291	293	296	302	305	309	312	316	322	327	334	338	343	349	352	355	358	361	375	/
2A_SB	28	a	284	287	294	298	302	304	308	314	316	319	323	326	331	335	340	343	347	354	357	360	363	366	379	384
2A_SB	28	d	285	288	296	300	303	305	309	315	317	320	324	327	332	336	341	344	349	355	358	361	364	367	380	/
2A_SB	29	a	289	292	300	304	307	310	315	320	322	325	330	334	341	345	352	355	360	366	369	373	376	379	391	397
2A_SB	29	d	290	294	301	305	309	312	316	321	323	327	331	336	342	347	353	357	361	368	371	374	377	380	392	/
2A_SB	30	a	296	299	306	311	315	318	322	327	329	334	338	343	349	352	358	361	366	372	375	379	383	386	399	406
2A_SB	30	d	297	300	308	313	317	319	323	328	331	335	340	344	350	353	359	363	367	374	377	381	384	388	401	/
2A_SB	31	a	303	306	313	317	321	323	328	334	336	340	345	349	356	359	365	368	372	379	383	387	391	394	407	414
2A_SB	31	d	304	307	315	318	322	325	330	335	337	342	347	351	357	361	366	369	374	381	385	389	392	396	409	/
2A_SB	32	a	319	321	328	331	336	339	344	349	352	355	359	363	368	371	377	381	386	391	393	397	401	404	417	424
2A_SB	32	d	320	323	329	333	338	341	345	350	353	356	360	364	369	373	379	383	387	392	395	398	402	406	419	/
3A_SB	1	a	14	20	26	29	33	38	41	44	48	53	55	59	64	68	72	76	80	83
3A_SB	1	d	15	21	27	30	35	40	42	45	50	54	57	61	66	70	73	77	81	/
3A_SB	2	a	36	42	48	52	57	61	64	68	72	77	79	81	85	89	93	96	100	104
3A_SB	2	d	37	44	50	54	58	62	66	70	74	78	80	82	86	90	94	97	101	/
3A_SB	3	a	60	65	72	76	80	85	89	93	96	100	103	106	109	112	115	118	122	125
3A_SB	3	d	61	67	74	78	82	87	91	94	98	101	104	107	110	113	116	119	123	/
3A_SB	4	a	81	87	92	96	100	104	107	109	112	115	117	120	124	127	131	135	139	143
3A_SB	4	d	82	88	94	97	101	105	108	110	113	116	118	121	125	128	133	136	140	/
3A_SB	5	a	88	94	101	105	110	115	119	123	127	131	133	135	138	141	144	147	151	154
3A_SB	5	d	89	96	103	107	112	117	121	125	129	132	134	136	139	142	145	148	152	/
3A_SB	6	a	98	105	111	115	119	123	126	130	134	137	141	144	148	151	155	160	163	166
3A_SB	6	d	99	106	113	116	120	125	128	132	135	139	143	146	149	153	157	161	164	/
3A_SB	7	a	117	124	132	136	140	144	148	152	156	160	162	165	169	172	175	178	181	184
3A_SB	7	d	118	126	134	137	141	146	150	153	157	161	163	166	170	173	176	179	182	/
3A_SB	8	a	128	133	140	144	149	154	158	162	167	172	174	177	181	184	187	190	193	196
3A_SB	8	d	129	135	142	146	151	156	160	164	169	173	175	178	182	185	188	191	194	/
3A_SB	9	a	144	148	155	158	161	165	168	171	175	180	183	185	189	192	195	199	203	206
3A_SB	9	d	145	150	156	159	162	166	169	172	177	181	184	186	190	193	197	201	204	/
3A_SB	10	a	149	154	160	163	166	170	173	176	180	185	188	190	194	197	201	205	209	213
3A_SB	10	d	150	155	161	164	167	171	174	177	182	186	189	191	195	198	203	207	211	/
3A_SB	11	a	159	164	171	174	178	182	185	189	193	198	200	202	206	209	212	216	220	224
3A_SB	11	d	160	165	172	176	179	184	187	191	195	199	201	203	207	210	213	217	222	/
3A_SB	12	a	180	185	193	197	200	203	206	209	212	217	219	221	225	229	232	235	239	242
3A_SB	12	d	181	187	195	198	201	204	207	210	214	218	220	222	226	230	233	236	240	/
3A_SB	13	a	186	191	199	203	206	209	211	214	217	222	224	227	230	234	238	241	244	248
3A_SB	13	d	187	193	201	204	207	210	212	215	219	223	225	228	231	236	239	242	246	/
3A_SB	14	a	194	199	207	210	213	216	218	222	225	228	230	233	236	240	243	247	251	254
3A_SB	14	d	195	201	208	211	214	217	220	223	226	229	231	234	237	241	245	249	252	/
3A_SB	15	a	202	207	214	218	221	224	226	228	232	235	237	240	244	248	251	254	257	260
3A_SB	15	d	203	208	216	219	222	225	227	229	233	236	238	241	245	249	252	255	258	/
3A_SB	16	a	207	212	219	223	226	231	233	236	241	245	247	249	253	257	261	264	267	271
3A_SB	16	d	208	214	221	224	228	232	235	238	243	246	248	250	254	258	262	265	269	/
3A_SB	17	a	216	221	227	231	234	238	240	244	248	251	253	255	259	264	269	273	277	281
3A_SB	17	d	217	222	228	232	235	239	242	246	249	252	254	256	261	266	271	275	279	/
3A_SB	18	a	222	227	234	238	241	245	247	251	254	258	260	263	267	271	276	279	283	286
3A_SB	18	d	223	228	235	239	242	246	249	252	256	259	261	264	268	273	277	281	284	/
3A_SB	19	a	238	243	251	255	260	264	268	272	276	279	281	285	289	294	298	303	307	310
3A_SB	19	d	239	245	253	257	261	266	270	274	277	280	283	286	291	295	300	305	308	/
3A_SB	20	a	246	252	259	263	267	272	275	279	283	288	290	292	296	300	305	309	312	315
3A_SB	20	d	247	253	260	264	269	274	277	281	285	289	291	293	297	301	306	310	313	/
3A_SB	21	a	252	258	264	268	272	277	280	284	288	293	295	297	301	305	310	314	317	320
3A_SB	21	d	253	259	265	269	274	279	282	286	290	294	296	298	302	306	311	315	318	/
3A_SB	22	a	258	265	271	275	279	284	287	291	295	300	302	304	308	312	317	320	323	326
3A_SB	22	d	259	266	273	277	281	286	289	293	297	301	303	305	309	313	318	321	324	/
3A_SB	23	a	271	277	283	286	290	294	296	299	302	306	308	310	314	317	321	325	329	332
3A_SB	23	d	272	278	284	288	292	295	297	300	304	307	309	311	315	318	323	327	330	/
3A_SB	24	a	278	284	290	294	297	300	303	306	310	313	315	318	322	325	329	332	335	338
3A_SB	24	d	279	285	291	295	298	302	305	308	311	314	316	319	323	326	330	333	336	/
3A_SB	25	a	283	289	295	299	302	307	309	311	315	318	321	324	328	331	335	338	342	345
3A_SB	25	d	284	290	296	300	304	308	310	313	316	319	322	325	329	332	336	340	343	/
3A_SB	26	a	299	304	310	313	316	319	321	324	327	330	332	335	339	342	346	349	353	356
3A_SB	26	d	300	305	311	314	317	320	322	325	328	331	333	336	340	343	347	350	354	/
3A_SB	27	a	304	309	316	321	325	328	331	334	338	341	344	347	350	354	357	361	365	368
3A_SB	27	d	305	311	318	323	326	330	332	336	339	343	346	348	352	355	359	363	366	/
3A_SB	28	a	311	316	323	328	333	336	338	341	345	350	352	354	358	363	368	372	375	378
3A_SB	28	d	312	318	325	330	334	337	339	343	347	351	353	356	360	365	369	373	376	/
3A_SB	29	a	317	323	330	334	339	342	345	348	351	356	358	361	364	369	373	377	381	385
3A_SB	29	d	318	325	331	336	340	344	346	349	353	357	360	362	366	370	374	379	383	/
3A_SB	30	a	331	337	343	347	350	354	357	361	364	368	371	373	377	380	384	389	392	396
3A_SB	30	d	332	338	344	348	351	355	359	362	365	370	372	375	378	382	386	390	394	/
3A_SB	31	a	344	349	356	360	363	367	370	374	377	381	383	387	391	394	398	403	406	411
3A_SB	31	d	345	351	358	361	364	368	372	375	379	382	385	389	392	395	400	404	408	/
3A_SB	32	a	353	358	365	368	372	376	379	382	385	388	390	393	398	401	405	409	413	418
3A_SB	32	d	354	360	366	370	373	377	380	383	386	389	391	395	399	402	406	410	415	/
3A_NB	1	a	9	13	17	19	23	27	30	35	40	44	47	53	57	60	64	67	72	77	83
3A_NB	1	d	10	15	18	21	24	28	32	37	41	45	49	55	58	62	66	68	73	79	/
3A_NB	2	a	38	41	44	48	50	53	56	60	65	68	71	75	79	84	87	90	96	102	107
3A_NB	2	d	39	42	46	49	51	54	57	62	66	70	72	76	81	85	89	92	97	103	/
3A_NB	3	a	55	58	62	66	70	73	77	81	86	90	92	97	101	105	110	112	117	124	131
3A_NB	3	d	56	60	64	68	71	74	78	83	88	91	93	98	103	107	111	113	119	125	/
3A_NB	4	a	79	83	86	89	93	96	100	104	108	113	117	123	128	131	136	139	143	149	155
3A_NB	4	d	80	84	88	91	94	98	101	105	110	115	119	125	129	133	138	140	145	151	/
3A_NB	5	a	87	91	95	98	102	105	110	114	119	124	127	132	136	139	142	144	149	155	160
3A_NB	5	d	88	93	97	100	103	107	112	116	121	126	129	133	137	140	143	146	151	156	/
3A_NB	6	a	96	100	104	108	111	114	119	123	127	132	135	140	144	147	150	153	158	163	168
3A_NB	6	d	97	102	106	110	112	116	121	124	129	134	137	141	145	148	152	155	159	164	/
3A_NB	7	a	106	109	112	115	118	123	128	131	135	139	141	145	149	153	157	159	163	168	174
3A_NB	7	d	107	110	113	117	120	125	129	132	136	140	142	146	150	155	158	160	164	169	/
3A_NB	8	a	111	114	118	122	124	129	134	138	143	147	149	154	158	162	166	170	175	181	187
3A_NB	8	d	112	116	120	123	126	131	135	140	144	148	150	155	159	164	168	172	177	183	/
3A_NB	9	a	133	136	141	145	147	150	154	159	163	167	169	174	178	181	185	188	193	199	204
3A_NB	9	d	134	138	143	146	148	151	156	160	164	168	170	175	179	183	187	190	195	200	/
3A_NB	10	a	138	142	146	150	153	157	161	165	169	172	175	181	185	189	193	195	199	204	209
3A_NB	10	d	139	143	148	151	154	158	162	166	170	174	177	182	186	191	194	196	200	205	/
3A_NB	11	a	143	147	151	155	159	163	167	171	175	178	180	185	190	195	199	202	206	211	217
3A_NB	11	d	144	148	153	157	160	164	168	172	176	179	182	187	192	197	200	203	207	213	/
3A_NB	12	a	151	154	158	161	165	169	172	177	181	185	188	192	197	201	205	209	213	218	224
3A_NB	12	d	152	156	159	163	166	170	174	178	183	186	189	194	199	203	207	210	214	220	/
3A_NB	13	a	162	165	169	171	175	179	183	187	192	196	199	204	207	210	213	217	221	226	232
3A_NB	13	d	163	167	170	173	176	181	185	189	194	197	201	205	208	211	215	218	222	228	/
3A_NB	14	a	167	171	175	178	181	185	189	192	197	201	204	209	213	217	221	225	230	235	240
3A_NB	14	d	168	173	177	180	183	187	190	194	199	202	206	210	215	219	223	227	231	236	/
3A_NB	15	a	174	178	183	186	189	193	197	201	205	209	212	218	222	225	228	231	236	241	247
3A_NB	15	d	175	180	184	188	191	195	198	202	207	211	214	219	223	226	229	233	237	243	/
3A_NB	16	a	201	204	208	211	213	216	219	223	226	231	234	239	243	247	252	256	261	267	272
3A_NB	16	d	202	206	209	212	214	217	220	224	228	232	235	241	245	249	254	257	263	268	/
3A_NB	17	a	209	213	218	222	225	229	233	237	241	246	250	255	259	263	266	270	275	281	286
3A_NB	17	d	210	215	220	224	227	231	234	239	243	248	251	256	261	264	268	271	277	282	/
3A_NB	18	a	224	227	230	233	235	239	243	247	250	254	257	263	267	270	274	277	283	289	294
3A_NB	18	d	225	228	232	234	237	240	244	248	251	256	259	264	268	272	276	279	285	290	/
3A_NB	19	a	230	233	236	238	240	245	249	253	256	261	263	268	272	276	280	283	290	295	300
3A_NB	19	d	231	234	237	239	242	246	250	254	258	262	264	269	274	278	282	285	291	296	/
3A_NB	20	a	235	238	241	243	246	250	254	258	262	266	269	274	278	281	285	289	296	302	307
3A_NB	20	d	236	239	242	244	247	251	255	259	263	268	270	275	279	283	287	291	298	303	/
3A_NB	21	a	249	252	256	258	262	266	271	276	280	284	288	293	298	303	307	310	316	322	327
3A_NB	21	d	250	253	257	260	264	268	273	278	282	286	290	295	300	304	308	312	318	323	/
3A_NB	22	a	257	261	265	267	271	276	280	284	288	293	296	300	304	308	313	317	321	327	332
3A_NB	22	d	258	263	266	269	273	278	281	285	290	294	297	301	305	310	315	318	323	328	/
3A_NB	23	a	263	267	270	273	276	281	285	290	294	299	302	307	311	315	319	322	326	332	337
3A_NB	23	d	264	268	272	275	278	283	287	291	296	301	304	308	312	316	320	323	328	333	/
3A_NB	24	a	268	272	277	280	283	288	293	298	302	306	308	312	316	320	324	327	332	337	343
3A_NB	24	d	269	274	279	282	285	290	295	300	304	307	309	313	317	321	325	329	333	339	/
3A_NB	25	a	277	280	285	287	289	294	299	303	307	311	313	317	321	326	330	333	338	344	349
3A_NB	25	d	278	282	286	288	291	296	300	305	309	312	314	318	323	327	331	334	340	345	/
3A_NB	26	a	282	285	290	292	295	300	305	309	313	318	320	324	329	332	335	338	344	350	355
3A_NB	26	d	283	287	291	294	297	302	306	311	315	319	321	326	330	333	336	340	346	351	/
3A_NB	27	a	292	295	300	302	305	309	313	318	321	325	327	331	334	337	340	343	349	355	360
3A_NB	27	d	293	297	301	303	307	310	315	319	322	326	328	332	335	338	341	345	351	356	/
3A_NB	28	a	302	305	310	312	315	319	322	327	330	335	338	343	347	350	353	357	362	368	373
3A_NB	28	d	303	307	311	313	316	320	324	328	332	336	339	345	348	351	355	358	364	369	/
3A_NB	29	a	308	311	315	318	320	325	329	333	336	341	345	351	355	358	361	364	370	376	383
3A_NB	29	d	309	312	317	319	322	327	330	334	338	343	347	353	356	359	362	366	372	378	/
3A_NB	30	a	315	318	323	325	328	332	336	340	344	349	353	358	361	366	370	374	379	385	391
3A_NB	30	d	316	320	324	327	330	334	337	342	346	351	354	359	363	367	372	376	381	386	/
3A_NB	31	a	325	328	332	335	338	341	344	348	351	356	360	365	368	373	377	381	386	391	397
3A_NB	31	d	326	329	334	336	339	342	345	349	353	358	362	366	370	375	379	383	387	393	/
3A_NB	32	a	336	339	343	345	347	350	355	360	365	370	372	376	380	383	387	391	396	401	407
3A_NB	32	d	337	341	344	346	348	352	357	362	367	371	373	377	381	385	389	393	397	403	/
