RouteID	RunID	Arrivals/Departures	TimePerStop
1A_SB	1	a	4	10	19	21	25	30	34	38	42	47	51	55	58	69	75	79
1A_SB	1	d	5	12	20	23	26	32	35	39	44	48	53	56	60	70	77	/
1A_SB	2	a	14	20	28	32	36	43	46	50	54	57	61	64	68	78	83	86
1A_SB	2	d	15	22	30	34	38	44	47	52	55	58	62	66	69	79	84	/
1A_SB	3	a	35	41	51	53	58	63	67	71	75	79	83	87	90	100	106	110
1A_SB	3	d	36	43	52	55	59	65	68	73	77	81	85	88	91	102	108	/
1A_SB	4	a	58	64	74	77	81	86	88	92	96	99	103	106	110	122	128	133
1A_SB	4	d	59	66	76	78	82	87	89	94	97	101	104	108	112	124	130	/
1A_SB	5	a	70	76	83	85	89	94	96	100	103	106	109	112	116	127	133	137
1A_SB	5	d	71	77	84	86	90	95	97	101	104	107	110	114	117	129	135	/
1A_SB	6	a	76	82	90	93	98	103	106	111	114	117	120	123	127	136	141	144
1A_SB	6	d	77	84	92	95	99	105	108	112	115	118	121	124	128	137	142	/
1A_SB	7	a	81	88	97	100	105	112	115	120	124	128	131	134	138	147	152	156
1A_SB	7	d	83	90	99	102	107	114	117	122	126	129	132	135	140	148	153	/
1A_SB	8	a	103	110	120	124	127	133	136	141	146	150	153	158	162	170	176	179
1A_SB	8	d	105	111	122	125	128	135	138	143	147	151	155	159	163	172	177	/
1A_SB	9	a	118	124	134	136	141	147	150	154	158	162	165	169	172	181	187	192
1A_SB	9	d	120	125	135	138	143	149	151	156	159	163	166	170	173	183	189	/
1A_SB	10	a	127	133	141	143	147	153	156	160	163	168	171	175	178	187	192	197
1A_SB	10	d	129	135	142	144	149	154	157	161	165	169	172	176	179	188	194	/
1A_SB	11	a	138	144	151	153	156	161	164	169	172	176	179	183	187	199	205	208
1A_SB	11	d	140	145	152	154	157	162	165	170	173	177	181	185	189	201	206	/
1A_SB	12	a	163	169	177	179	182	187	189	193	197	200	203	206	210	218	224	228
1A_SB	12	d	164	171	178	180	183	188	190	195	198	201	204	207	211	219	225	/
1A_SB	13	a	181	186	195	197	200	206	209	214	218	222	225	229	233	243	249	253
1A_SB	13	d	182	188	196	198	201	207	210	215	219	223	226	231	235	245	250	/
1A_SB	14	a	188	193	203	205	209	217	220	225	228	231	234	238	241	251	256	260
1A_SB	14	d	189	195	204	207	211	218	221	226	229	232	235	239	243	252	257	/
1A_SB	15	a	195	202	212	215	218	225	228	233	236	239	242	247	251	260	265	269
1A_SB	15	d	196	204	213	216	219	226	229	234	237	240	244	248	252	261	266	/
1A_SB	16	a	203	210	218	221	224	230	233	239	244	248	251	255	259	270	274	278
1A_SB	16	d	204	211	219	222	225	231	235	241	246	249	252	257	261	271	275	/
1A_SB	17	a	221	227	238	241	245	250	253	259	263	266	270	274	277	287	293	297
1A_SB	17	d	222	229	240	242	246	251	255	260	264	267	272	275	279	289	294	/
1A_SB	18	a	236	243	251	253	257	262	265	270	274	277	280	283	287	295	300	304
1A_SB	18	d	238	244	252	254	258	263	266	271	275	278	281	285	288	296	301	/
1A_SB	19	a	241	248	256	258	262	267	270	275	279	282	285	289	292	300	305	309
1A_SB	19	d	243	249	257	260	263	268	271	276	280	283	286	290	293	301	306	/
1A_SB	20	a	246	253	261	264	267	272	275	280	284	287	290	294	297	305	310	314
1A_SB	20	d	248	254	263	265	268	274	276	281	285	288	291	295	298	306	311	/
1A_SB	21	a	251	258	267	270	274	280	283	288	291	294	297	301	305	314	319	322
1A_SB	21	d	253	259	269	272	275	282	284	289	292	295	298	302	306	315	320	/
1A_SB	22	a	260	267	276	279	283	289	292	298	303	306	310	314	318	327	333	337
1A_SB	22	d	262	268	278	281	284	290	294	300	304	307	312	316	319	329	334	/
1A_SB	23	a	277	284	292	295	298	303	305	309	314	317	321	324	328	337	344	347
1A_SB	23	d	279	286	293	296	299	304	306	311	315	318	322	326	329	339	345	/
1A_SB	24	a	283	289	297	300	304	310	312	316	320	324	328	331	336	345	351	354
1A_SB	24	d	284	291	298	301	305	311	313	317	322	325	329	333	338	346	352	/
1A_SB	25	a	289	295	303	305	310	316	318	322	326	330	334	339	343	354	361	365
1A_SB	25	d	290	297	304	307	311	317	319	323	328	332	336	340	345	356	363	/
1A_SB	26	a	296	302	310	312	317	323	326	331	334	339	342	347	352	363	369	373
1A_SB	26	d	297	304	311	314	319	325	328	332	336	340	344	349	354	365	371	/
1A_SB	27	a	301	308	316	318	322	328	331	337	340	345	349	354	359	370	375	379
1A_SB	27	d	302	310	317	320	324	330	333	338	342	346	351	356	360	371	377	/
1A_SB	28	a	309	316	324	326	330	336	338	344	347	350	354	359	364	376	382	386
1A_SB	28	d	310	318	325	328	331	337	340	345	348	351	356	361	366	377	384	/
1A_SB	29	a	320	325	332	335	339	345	348	353	357	360	363	368	372	383	389	393
1A_SB	29	d	321	326	333	337	340	346	350	355	358	361	365	369	373	384	390	/
1A_SB	30	a	328	333	342	345	348	353	356	360	365	368	372	377	382	390	397	402
1A_SB	30	d	329	334	343	346	349	354	357	362	366	370	374	379	383	392	399	/
1A_SB	31	a	337	343	353	356	360	365	367	372	377	381	384	388	392	400	407	411
1A_SB	31	d	338	345	355	358	361	366	368	374	379	382	386	390	393	402	408	/
1A_SB	32	a	347	354	364	367	370	376	380	386	390	394	397	402	405	414	420	425
1A_SB	32	d	348	356	366	368	372	378	382	387	391	395	399	403	407	415	422	/
1A_NB	1	a	9	13	19	28	33	37	41	46	50	55	59	63	67	71	80	87
1A_NB	1	d	10	15	21	29	34	39	43	48	51	56	60	65	68	72	82	/
1A_NB	2	a	18	23	28	36	43	48	51	55	59	66	69	73	77	80	88	94
1A_NB	2	d	19	24	29	38	45	49	53	57	61	67	70	75	78	82	89	/
1A_NB	3	a	32	37	42	50	57	62	67	72	76	82	85	89	92	97	104	110
1A_NB	3	d	34	38	44	52	59	64	69	73	77	83	86	90	94	99	106	/
1A_NB	4	a	43	49	54	60	67	70	74	77	81	87	90	96	99	104	111	116
1A_NB	4	d	45	50	55	62	68	71	75	78	82	88	92	97	101	106	112	/
1A_NB	5	a	66	71	78	87	92	96	101	105	108	113	117	122	125	130	139	146
1A_NB	5	d	68	73	80	88	93	98	102	106	109	115	119	124	127	132	140	/
1A_NB	6	a	74	79	85	93	99	104	109	112	116	121	124	129	131	136	144	151
1A_NB	6	d	76	81	86	95	101	106	110	114	117	122	126	130	133	138	145	/
1A_NB	7	a	81	86	91	101	106	111	115	118	121	127	130	134	137	142	149	155
1A_NB	7	d	83	87	93	102	108	112	116	119	122	128	131	136	139	143	151	/
1A_NB	8	a	87	91	96	106	112	116	120	123	127	133	137	141	144	148	155	160
1A_NB	8	d	88	92	98	108	113	117	121	125	128	135	138	143	145	149	156	/
1A_NB	9	a	96	101	106	113	118	122	126	129	132	139	143	147	149	154	163	168
1A_NB	9	d	97	102	107	114	119	123	127	130	134	141	144	148	151	155	164	/
1A_NB	10	a	124	129	135	141	146	151	156	159	162	168	172	176	179	183	191	197
1A_NB	10	d	125	131	136	143	148	153	157	160	163	170	173	178	180	184	192	/
1A_NB	11	a	137	142	146	152	157	161	166	170	174	180	183	188	191	195	202	208
1A_NB	11	d	138	143	147	153	159	163	167	171	175	181	185	190	192	196	204	/
1A_NB	12	a	141	147	151	158	163	166	171	175	180	185	188	193	196	199	207	213
1A_NB	12	d	143	148	152	159	164	168	172	177	181	186	190	195	197	201	209	/
1A_NB	13	a	146	152	157	164	170	174	178	182	186	192	195	199	201	205	213	219
1A_NB	13	d	148	153	158	166	171	175	179	183	188	193	196	200	203	207	215	/
1A_NB	14	a	154	159	164	171	176	180	184	189	194	199	203	207	209	212	219	225
1A_NB	14	d	156	160	165	172	177	181	186	191	195	200	204	208	210	213	221	/
1A_NB	15	a	159	164	170	178	183	187	191	195	199	204	208	212	215	218	225	230
1A_NB	15	d	161	165	172	179	184	188	192	196	200	205	209	213	216	219	226	/
1A_NB	16	a	166	171	178	187	193	197	201	205	209	214	217	221	224	227	234	240
1A_NB	16	d	168	173	180	188	194	198	202	206	210	215	218	222	225	229	236	/
1A_NB	17	a	184	189	194	201	207	211	216	221	225	230	233	238	240	244	253	260
1A_NB	17	d	186	190	195	203	209	213	218	223	226	231	234	239	242	246	255	/
1A_NB	18	a	190	195	202	209	215	218	223	227	231	237	241	246	249	252	260	266
1A_NB	18	d	192	197	203	211	216	220	225	228	233	239	243	247	250	253	261	/
1A_NB	19	a	216	221	226	233	239	243	247	250	254	260	264	268	270	274	282	288
1A_NB	19	d	218	222	227	234	240	244	248	251	256	262	265	269	272	276	283	/
1A_NB	20	a	223	229	236	243	248	253	257	261	264	270	273	278	282	285	294	301
1A_NB	20	d	225	231	237	244	250	254	258	262	266	271	275	280	283	286	296	/
1A_NB	21	a	233	238	244	250	256	260	264	268	272	277	280	284	287	291	301	306
1A_NB	21	d	234	239	245	252	257	261	265	270	273	278	281	285	288	293	302	/
1A_NB	22	a	242	246	252	259	266	271	276	280	283	288	292	298	301	305	313	320
1A_NB	22	d	243	247	254	261	268	273	277	281	284	290	294	299	302	307	315	/
1A_NB	23	a	249	253	259	265	271	276	281	285	289	293	297	303	306	311	318	325
1A_NB	23	d	250	254	260	266	273	278	282	286	290	295	299	304	308	312	320	/
1A_NB	24	a	259	263	270	278	283	287	291	295	299	304	309	314	317	320	329	335
1A_NB	24	d	260	265	271	279	284	288	293	296	300	306	310	315	318	321	330	/
1A_NB	25	a	265	269	277	285	290	294	299	302	305	311	315	320	323	326	336	342
1A_NB	25	d	266	271	278	286	291	296	300	303	307	312	317	321	324	328	337	/
1A_NB	26	a	271	275	283	291	296	301	306	309	313	318	322	327	331	334	343	349
1A_NB	26	d	272	277	285	292	298	303	307	311	314	320	324	329	332	336	345	/
1A_NB	27	a	278	282	290	298	303	307	311	314	319	324	328	334	337	340	349	354
1A_NB	27	d	279	284	292	299	304	308	312	316	320	326	330	336	338	342	350	/
1A_NB	28	a	286	291	298	305	310	314	318	322	326	332	336	342	344	348	356	361
1A_NB	28	d	288	293	299	306	311	315	319	323	328	334	338	343	346	350	357	/
1A_NB	29	a	304	310	316	324	329	334	339	342	345	352	356	361	364	369	377	384
1A_NB	29	d	306	311	318	325	331	336	340	343	347	354	358	362	366	370	378	/
1A_NB	30	a	321	325	331	339	344	349	354	357	361	366	370	374	378	383	390	395
1A_NB	30	d	322	327	332	340	346	351	355	358	362	368	371	376	380	385	391	/
1A_NB	31	a	350	354	361	368	374	379	383	386	390	396	399	404	406	410	418	423
1A_NB	31	d	351	356	362	370	376	380	384	387	392	397	400	405	407	412	419	/
1A_NB	32	a	374	378	383	392	398	402	407	410	413	419	423	427	431	437	446	452
1A_NB	32	d	375	379	384	394	399	404	408	411	414	421	425	429	433	439	447	/
2A_NB	1	a	4	8	15	18	20	23	30	33	37	45	48	53	55	57	60	66	70	73	76	80	89	93
2A_NB	1	d	5	9	16	19	21	24	31	34	38	46	49	54	56	58	61	67	71	74	77	81	90	/
2A_NB	2	a	9	13	20	23	25	28	35	38	42	50	53	58	60	62	65	71	76	79	83	87	96	100
2A_NB	2	d	10	14	21	24	26	30	36	39	43	51	54	59	61	63	66	73	77	80	84	88	97	/
2A_NB	3	a	14	17	25	28	30	33	40	43	47	54	58	63	66	68	71	77	81	84	88	92	100	105
2A_NB	3	d	15	19	26	29	31	35	41	45	49	56	59	64	67	69	72	79	82	85	89	93	102	/
2A_NB	4	a	20	23	30	34	38	42	48	51	54	60	63	69	73	75	80	87	91	94	99	103	111	114
2A_NB	4	d	21	24	32	36	40	43	49	52	55	61	65	71	74	77	82	89	92	96	100	104	112	/
2A_NB	5	a	26	29	35	39	43	48	55	58	62	68	71	77	80	83	88	95	98	102	106	109	117	121
2A_NB	5	d	27	31	37	41	45	50	56	60	63	69	73	78	82	85	90	96	100	103	107	111	119	/
2A_NB	6	a	34	37	42	45	49	54	60	63	67	73	77	84	87	89	94	101	104	108	113	117	124	128
2A_NB	6	d	35	38	43	47	51	55	61	65	68	75	79	85	88	91	96	102	106	110	115	118	126	/
2A_NB	7	a	40	43	49	52	55	60	66	70	74	81	85	91	94	97	102	109	112	115	119	124	131	135
2A_NB	7	d	41	45	50	53	57	62	68	72	75	83	86	92	96	99	104	110	113	116	121	125	133	/
2A_NB	8	a	45	48	54	57	60	65	71	75	79	87	90	97	101	103	108	114	118	121	125	129	137	140
2A_NB	8	d	46	50	55	58	62	67	73	77	81	88	92	99	102	105	109	116	119	122	126	131	138	/
2A_NB	9	a	53	56	61	64	67	71	77	82	85	92	96	103	106	109	114	121	125	130	135	139	147	151
2A_NB	9	d	54	57	62	66	68	73	79	83	86	93	98	104	107	111	116	123	127	132	136	141	149	/
2A_NB	10	a	61	65	70	73	77	82	89	93	97	105	109	115	119	121	126	132	135	139	143	148	155	158
2A_NB	10	d	62	66	71	75	79	84	90	95	99	107	110	117	120	123	128	133	136	141	145	149	156	/
2A_NB	11	a	73	77	84	86	90	93	99	103	106	115	118	124	127	129	134	141	145	149	152	156	162	165
2A_NB	11	d	74	79	85	88	91	94	100	104	108	116	119	125	128	131	136	142	146	150	154	157	163	/
2A_NB	12	a	82	85	92	96	99	102	108	113	116	124	129	135	139	141	146	153	158	162	166	170	178	182
2A_NB	12	d	83	87	94	97	100	103	110	114	117	126	131	137	140	143	148	155	159	164	168	172	180	/
2A_NB	13	a	91	95	101	104	107	110	116	121	125	133	137	143	146	148	153	160	164	169	173	177	184	188
2A_NB	13	d	92	96	102	105	108	112	118	123	127	135	139	144	147	150	155	161	166	171	175	178	186	/
2A_NB	14	a	98	102	109	112	116	120	126	131	135	143	147	152	155	157	162	168	171	176	179	183	191	194
2A_NB	14	d	99	104	110	114	118	122	128	133	137	145	148	154	156	159	163	169	173	177	181	185	192	/
2A_NB	15	a	110	113	118	121	125	129	135	139	142	149	152	159	162	165	168	174	177	182	186	190	197	200
2A_NB	15	d	111	114	120	123	127	131	136	140	143	150	154	161	164	166	170	175	179	183	188	191	198	/
2A_NB	16	a	121	124	130	133	136	139	147	151	156	166	171	177	181	184	189	196	200	204	209	214	223	227
2A_NB	16	d	122	126	132	135	137	141	148	153	158	168	172	179	183	186	191	198	202	206	211	215	224	/
2A_NB	17	a	137	140	147	149	151	155	160	164	168	176	181	187	191	193	197	204	207	210	214	219	228	233
2A_NB	17	d	138	142	148	150	152	156	162	165	169	178	183	189	192	194	199	205	208	212	216	220	230	/
2A_NB	18	a	150	153	160	163	165	168	174	178	182	191	196	201	205	208	213	220	225	230	235	238	246	249
2A_NB	18	d	151	155	162	164	166	169	176	179	184	193	197	203	207	210	215	222	227	232	236	240	247	/
2A_NB	19	a	158	161	167	170	172	176	182	186	191	200	204	210	214	217	221	227	232	236	241	244	251	254
2A_NB	19	d	159	162	169	171	174	177	184	188	193	202	206	212	216	218	222	229	233	238	242	245	252	/
2A_NB	20	a	167	171	177	180	183	187	195	200	205	213	217	222	225	228	231	236	240	244	247	250	257	260
2A_NB	20	d	168	172	179	182	185	189	197	202	207	215	218	223	226	229	232	237	241	245	248	251	258	/
2A_NB	21	a	173	177	183	186	189	193	200	205	210	220	223	228	231	234	237	242	245	249	252	255	264	267
2A_NB	21	d	174	178	184	188	191	194	202	207	212	221	224	229	232	235	238	243	246	250	253	257	265	/
2A_NB	22	a	179	182	189	192	195	199	205	210	215	225	228	234	237	240	244	250	253	257	261	265	273	276
2A_NB	22	d	180	184	190	194	197	200	207	212	217	226	229	235	238	241	245	251	254	258	262	266	274	/
2A_NB	23	a	185	188	194	198	200	204	210	215	220	230	233	239	241	245	249	255	259	262	266	270	278	281
2A_NB	23	d	186	189	196	199	202	205	212	217	222	231	234	240	243	246	250	256	260	263	267	271	279	/
2A_NB	24	a	190	193	199	203	206	210	217	222	227	234	238	244	246	250	254	259	264	267	271	274	283	286
2A_NB	24	d	191	195	201	205	208	212	219	224	229	236	239	245	248	251	255	261	265	268	272	276	284	/
2A_NB	25	a	198	201	206	210	214	218	225	230	234	240	244	250	252	255	259	265	269	272	276	280	289	294
2A_NB	25	d	199	202	208	212	215	220	227	232	235	241	245	251	253	256	261	266	270	273	278	282	291	/
2A_NB	26	a	204	207	212	215	219	224	232	237	240	247	251	257	260	263	268	273	279	282	286	290	297	302
2A_NB	26	d	205	208	213	217	221	226	234	238	241	248	252	258	262	265	269	275	280	283	287	292	299	/
2A_NB	27	a	215	219	224	227	229	233	240	244	248	255	259	266	269	273	277	283	288	292	296	301	309	314
2A_NB	27	d	216	220	226	228	231	234	241	246	249	256	261	267	271	274	278	285	290	294	298	303	311	/
2A_NB	28	a	227	231	237	240	243	246	252	257	260	270	273	280	283	286	289	296	300	304	307	311	318	323
2A_NB	28	d	228	233	239	242	244	247	254	258	262	271	274	281	285	287	290	297	302	305	309	312	320	/
2A_NB	29	a	253	257	262	265	269	273	278	281	284	291	296	302	305	307	312	319	323	328	332	336	345	350
2A_NB	29	d	254	258	263	267	271	274	279	282	286	293	297	303	306	309	314	320	325	330	334	338	347	/
2A_NB	30	a	267	271	277	280	282	286	293	297	300	307	311	318	321	325	328	333	337	340	343	348	355	360
2A_NB	30	d	268	272	279	281	284	288	295	298	301	308	313	319	323	326	329	334	338	341	345	350	357	/
2A_NB	31	a	278	281	288	291	294	298	306	310	313	320	323	331	335	338	341	346	351	355	358	362	370	374
2A_NB	31	d	279	283	289	293	296	300	308	311	314	321	325	333	337	339	342	348	353	356	360	363	371	/
2A_NB	32	a	291	294	299	303	306	310	317	322	326	334	337	343	346	349	353	359	363	367	371	375	384	387
2A_NB	32	d	292	296	301	304	308	311	319	323	328	335	339	345	348	351	355	360	365	369	373	377	385	/
2A_SB	1	a	23	26	34	38	42	46	51	57	61	65	69	72	77	81	87	92	96	101	104	107	110	113	123	129
2A_SB	1	d	24	27	36	40	44	48	53	59	63	67	70	73	78	82	89	93	97	102	105	108	111	114	125	/
2A_SB	2	a	49	52	58	63	68	71	74	80	84	87	91	96	101	106	112	116	120	127	131	135	138	142	153	159
2A_SB	2	d	50	53	60	65	70	72	76	82	85	89	93	97	103	108	114	117	121	129	133	136	139	143	154	/
2A_SB	3	a	57	60	69	73	78	81	85	91	94	98	103	107	114	118	123	127	132	139	142	146	149	153	167	173
2A_SB	3	d	58	62	70	75	80	83	87	93	96	100	105	109	115	120	125	129	133	140	143	147	150	155	169	/
2A_SB	4	a	62	66	75	80	85	88	93	99	102	106	110	113	120	124	129	132	137	143	147	151	155	160	173	178
2A_SB	4	d	64	68	77	82	87	90	95	101	104	108	111	115	121	126	130	134	138	145	148	152	157	161	174	/
2A_SB	5	a	69	73	84	88	93	96	101	107	111	115	118	121	127	131	135	138	142	148	152	155	160	165	178	183
2A_SB	5	d	71	75	85	90	95	98	103	109	112	116	119	123	128	132	136	140	143	150	153	157	162	167	179	/
2A_SB	6	a	77	81	92	95	100	103	107	114	117	121	124	127	132	137	143	147	151	156	160	163	167	171	184	190
2A_SB	6	d	79	83	93	97	102	105	108	115	118	122	125	128	134	139	145	149	152	158	161	164	168	173	186	/
2A_SB	7	a	91	95	103	106	110	112	115	122	125	129	132	135	142	146	152	155	160	166	170	174	178	182	194	200
2A_SB	7	d	93	96	104	107	111	113	116	123	126	130	133	137	144	148	153	157	162	168	172	176	180	183	195	/
2A_SB	8	a	111	114	121	126	130	134	137	142	145	148	152	155	161	164	169	173	177	183	186	189	192	195	208	214
2A_SB	8	d	113	116	123	128	132	135	138	143	146	150	153	156	162	165	171	174	178	184	187	190	193	196	209	/
2A_SB	9	a	122	125	132	137	142	145	149	155	158	161	164	167	174	178	183	187	192	198	201	204	208	211	224	229
2A_SB	9	d	124	126	134	139	144	147	150	156	159	162	165	169	175	179	185	189	193	199	202	205	209	212	225	/
2A_SB	10	a	130	133	140	143	147	150	154	161	165	169	172	175	181	185	191	194	198	205	208	211	215	218	231	236
2A_SB	10	d	132	134	141	144	149	152	156	163	167	170	173	176	182	186	192	195	199	206	209	212	216	219	232	/
2A_SB	11	a	141	143	150	153	158	160	163	169	171	174	177	180	186	191	198	201	206	213	215	218	222	225	237	242
2A_SB	11	d	142	144	151	155	159	161	164	170	172	175	178	182	188	193	199	203	207	214	216	219	223	226	238	/
2A_SB	12	a	153	155	161	165	168	170	173	180	183	186	190	193	198	201	207	210	213	219	221	224	227	231	243	249
2A_SB	12	d	154	156	163	166	169	171	174	181	184	187	191	195	199	202	208	211	214	220	222	225	228	232	245	/
2A_SB	13	a	164	167	175	179	184	187	192	200	203	206	209	212	217	221	228	231	235	241	243	246	250	253	268	273
2A_SB	13	d	165	169	177	181	186	189	194	201	204	207	210	213	218	222	229	232	236	242	244	247	251	254	269	/
2A_SB	14	a	171	174	182	186	191	194	199	208	211	216	221	224	229	233	239	243	247	252	255	259	264	267	279	285
2A_SB	14	d	172	176	184	188	193	196	201	210	213	218	222	225	230	234	240	244	248	254	257	261	265	268	280	/
2A_SB	15	a	184	186	195	199	204	207	212	219	221	226	230	233	238	242	248	252	256	262	265	268	272	275	287	293
2A_SB	15	d	185	188	197	201	206	209	214	220	223	228	231	234	240	243	249	253	257	263	266	269	273	276	288	/
2A_SB	16	a	198	201	209	213	217	219	222	228	231	235	238	241	246	250	256	260	264	270	272	275	279	283	295	302
2A_SB	16	d	200	203	210	214	218	220	223	229	232	236	239	242	248	251	257	261	265	271	273	276	281	284	297	/
2A_SB	17	a	204	207	214	218	222	224	228	234	237	241	245	249	254	259	265	269	272	278	280	283	287	292	306	311
2A_SB	17	d	206	208	215	219	223	225	229	235	238	242	246	250	256	260	266	270	273	279	281	284	289	294	307	/
2A_SB	18	a	211	214	223	227	230	233	237	243	246	250	254	257	264	268	274	277	280	286	289	293	296	300	311	316
2A_SB	18	d	213	216	224	228	231	234	238	244	247	251	255	259	265	269	275	278	281	287	290	294	297	301	312	/
2A_SB	19	a	222	225	232	236	240	243	247	255	258	261	265	268	274	278	284	287	291	297	300	304	307	312	323	329
2A_SB	19	d	224	227	234	238	242	245	249	256	259	262	266	270	275	279	285	288	292	298	301	305	309	313	325	/
2A_SB	20	a	232	236	243	247	250	253	256	262	265	268	272	275	280	284	290	293	297	303	306	310	313	317	331	336
2A_SB	20	d	234	238	245	248	252	254	257	263	266	269	273	276	281	285	291	294	298	304	307	311	314	318	332	/
2A_SB	21	a	237	241	250	253	256	259	262	268	271	275	280	283	288	291	297	300	304	310	313	317	321	325	339	344
2A_SB	21	d	239	243	251	254	258	260	263	269	272	277	281	284	289	292	298	301	305	311	314	318	322	326	340	/
2A_SB	22	a	244	246	255	259	262	265	269	274	277	281	285	288	293	296	302	306	310	316	319	322	326	330	344	350
2A_SB	22	d	245	248	256	260	264	267	270	275	278	282	286	289	294	297	303	307	311	317	320	323	327	331	346	/
2A_SB	23	a	249	251	260	264	267	270	275	281	285	289	292	295	300	304	309	313	317	323	327	331	335	339	353	358
2A_SB	23	d	250	253	261	265	269	272	277	283	287	290	293	296	301	305	310	314	318	325	329	332	336	340	354	/
2A_SB	24	a	261	264	270	274	278	280	284	290	293	296	299	302	308	312	317	320	324	330	334	338	343	347	361	367
2A_SB	24	d	262	265	271	275	279	281	285	291	294	297	300	303	309	313	318	321	325	332	336	340	345	348	362	/
2A_SB	25	a	266	269	277	281	285	287	290	296	299	303	306	309	315	319	325	328	332	337	340	344	348	352	366	372
2A_SB	25	d	267	270	278	282	286	288	291	297	300	304	307	310	316	320	326	329	333	338	342	346	350	353	367	/
2A_SB	26	a	271	274	282	286	289	292	295	301	304	308	311	314	320	324	331	335	340	346	350	353	356	359	372	378
2A_SB	26	d	272	275	283	287	291	293	296	302	305	309	312	316	321	326	333	337	342	348	351	354	357	360	373	/
2A_SB	27	a	277	280	288	291	294	297	300	306	309	313	316	319	325	330	336	340	345	352	355	358	361	364	377	382
2A_SB	27	d	278	281	289	292	296	298	301	307	310	314	317	321	327	332	338	342	347	353	356	359	362	365	378	/
2A_SB	28	a	283	286	294	298	302	304	308	314	316	319	323	326	331	336	342	346	351	357	360	363	366	369	382	387
2A_SB	28	d	284	288	296	300	303	305	309	315	317	320	324	327	333	338	344	348	352	358	361	364	367	370	383	/
2A_SB	29	a	299	302	310	314	319	321	326	332	335	340	344	348	354	357	364	367	372	378	382	386	389	392	404	411
2A_SB	29	d	300	304	311	316	320	323	328	334	337	341	346	349	355	359	365	369	373	380	384	387	390	393	406	/
2A_SB	30	a	310	313	320	324	329	332	337	342	345	349	354	357	364	368	374	377	382	388	391	394	398	401	413	419
2A_SB	30	d	311	314	322	326	331	334	338	344	347	351	355	359	366	370	375	379	384	390	392	395	399	402	414	/
2A_SB	31	a	322	324	331	334	338	341	346	352	356	360	365	370	375	378	384	388	392	398	400	403	408	413	425	431
2A_SB	31	d	323	326	332	335	340	343	348	354	358	362	367	371	376	380	386	390	394	399	401	405	410	414	426	/
2A_SB	32	a	334	337	344	347	351	353	356	362	365	368	372	377	384	387	393	396	399	405	409	413	417	421	432	438
2A_SB	32	d	335	339	345	349	352	354	358	363	366	369	374	379	385	389	394	397	401	407	411	414	418	422	433	/
3A_SB	1	a	13	19	25	29	33	38	41	45	49	54	57	61	66	70	73	77	81	85
3A_SB	1	d	14	20	27	30	35	40	43	46	51	56	59	63	68	71	74	78	83	/
3A_SB	2	a	36	42	48	52	56	60	64	68	72	77	79	81	85	89	93	96	100	105
3A_SB	2	d	37	44	50	53	57	62	66	70	74	78	80	82	86	90	94	97	102	/
3A_SB	3	a	61	66	72	75	79	84	88	92	96	100	103	106	109	112	115	118	122	125
3A_SB	3	d	62	67	73	77	81	86	90	94	98	101	104	107	110	113	116	119	123	/
3A_SB	4	a	81	87	92	96	100	104	107	109	112	115	117	120	124	127	131	134	138	143
3A_SB	4	d	82	88	94	97	101	105	108	110	113	116	118	121	125	128	132	135	140	/
3A_SB	5	a	87	93	99	102	107	111	115	118	122	125	127	129	133	136	139	142	147	152
3A_SB	5	d	88	94	100	104	108	113	117	120	123	126	128	130	134	137	140	144	149	/
3A_SB	6	a	92	99	106	109	113	118	121	124	127	131	133	135	138	141	144	148	152	156
3A_SB	6	d	93	101	107	110	115	120	122	125	129	132	134	136	139	142	146	149	154	/
3A_SB	7	a	98	105	111	115	119	124	127	130	133	137	141	144	148	152	156	160	164	168
3A_SB	7	d	99	106	113	116	121	126	128	131	135	139	143	146	150	154	157	162	166	/
3A_SB	8	a	117	124	132	136	140	144	147	150	155	160	162	165	169	172	175	178	181	184
3A_SB	8	d	118	126	134	137	141	145	148	152	157	161	163	166	170	173	176	179	182	/
3A_SB	9	a	129	134	141	145	149	154	158	162	167	172	174	177	181	184	187	190	193	196
3A_SB	9	d	130	136	143	146	151	156	160	164	169	173	175	178	182	185	188	191	194	/
3A_SB	10	a	139	143	149	153	157	162	166	170	175	180	183	185	189	192	195	198	201	204
3A_SB	10	d	140	144	151	155	159	164	168	172	177	181	184	186	190	193	196	199	202	/
3A_SB	11	a	149	154	160	164	167	171	174	177	181	185	188	190	194	197	201	204	207	210
3A_SB	11	d	150	155	162	165	168	172	175	178	182	186	189	191	195	198	202	205	208	/
3A_SB	12	a	158	163	169	173	177	182	185	189	193	198	200	202	206	209	212	216	220	224
3A_SB	12	d	159	164	171	175	179	184	187	191	195	199	201	203	207	210	213	217	222	/
3A_SB	13	a	180	185	193	197	200	203	206	209	212	217	219	221	225	229	232	235	239	242
3A_SB	13	d	181	187	195	198	201	204	207	210	214	218	220	222	226	230	233	236	240	/
3A_SB	14	a	188	193	200	203	206	209	211	214	217	222	224	227	230	234	238	241	244	247
3A_SB	14	d	189	194	201	204	207	210	212	215	219	223	225	228	231	236	239	242	245	/
3A_SB	15	a	193	198	206	210	213	217	219	222	225	228	230	233	236	240	243	246	249	252
3A_SB	15	d	194	200	208	211	215	218	220	223	226	229	231	234	237	241	244	247	250	/
3A_SB	16	a	202	207	215	218	221	224	226	228	232	235	237	240	244	248	251	255	258	261
3A_SB	16	d	203	209	216	219	222	225	227	229	233	236	238	241	245	249	253	256	259	/
3A_SB	17	a	210	215	222	225	228	232	235	238	242	245	247	249	253	257	261	265	268	271
3A_SB	17	d	211	217	223	226	229	234	237	239	243	246	248	250	254	258	263	266	269	/
3A_SB	18	a	222	227	234	238	241	246	249	252	256	259	262	266	270	274	279	282	285	288
3A_SB	18	d	223	228	235	239	243	248	250	254	257	261	264	267	272	276	280	283	286	/
3A_SB	19	a	240	246	254	259	263	267	270	273	276	279	281	284	288	292	296	300	303	306
3A_SB	19	d	241	248	256	260	264	268	271	274	277	280	282	285	289	293	297	301	304	/
3A_SB	20	a	245	251	259	264	268	272	275	279	283	288	290	292	296	300	305	309	312	315
3A_SB	20	d	246	253	261	265	269	274	277	281	285	289	291	293	297	301	306	310	313	/
3A_SB	21	a	251	257	264	269	273	278	280	284	288	293	295	297	301	305	310	314	317	320
3A_SB	21	d	252	259	266	271	275	279	282	286	290	294	296	298	302	306	311	315	318	/
3A_SB	22	a	260	267	274	278	281	286	288	291	295	300	302	304	308	312	317	320	324	327
3A_SB	22	d	261	269	276	279	283	287	289	293	297	301	303	305	309	313	318	322	325	/
3A_SB	23	a	269	275	281	284	288	292	295	299	302	306	308	310	314	317	321	325	329	332
3A_SB	23	d	270	276	282	286	290	294	297	300	304	307	309	311	315	318	323	327	330	/
3A_SB	24	a	274	280	286	291	295	299	302	305	309	313	315	318	322	325	329	332	336	339
3A_SB	24	d	275	281	288	293	297	301	304	307	311	314	316	319	323	326	330	334	337	/
3A_SB	25	a	281	287	293	298	302	306	308	311	314	318	321	324	328	331	335	338	341	344
3A_SB	25	d	282	288	295	300	303	307	310	312	316	319	322	325	329	332	336	339	342	/
3A_SB	26	a	289	295	301	305	308	312	314	317	320	323	326	329	333	336	340	343	346	349
3A_SB	26	d	290	296	303	306	309	313	315	318	321	324	327	330	334	337	341	344	347	/
3A_SB	27	a	298	304	310	313	316	319	321	324	327	330	332	335	339	342	346	350	355	359
3A_SB	27	d	299	305	311	314	317	320	322	325	328	331	333	336	340	343	348	352	357	/
3A_SB	28	a	306	311	317	321	325	328	331	335	339	343	345	347	350	354	358	363	367	371
3A_SB	28	d	307	312	318	323	326	330	333	337	341	344	346	348	352	356	360	365	369	/
3A_SB	29	a	331	337	344	347	351	355	358	361	364	368	371	374	377	380	383	387	391	394
3A_SB	29	d	332	339	345	349	352	356	359	362	365	370	373	375	378	381	384	389	392	/
3A_SB	30	a	346	351	357	360	363	367	371	375	379	382	384	387	390	393	398	402	406	410
3A_SB	30	d	347	352	358	361	364	369	373	377	380	383	385	388	391	395	399	404	407	/
3A_SB	31	a	367	373	379	384	388	393	397	400	404	408	410	412	417	421	425	429	433	437
3A_SB	31	d	368	374	381	385	390	395	398	401	405	409	411	414	419	422	426	431	434	/
3A_SB	32	a	380	385	393	398	402	407	411	414	418	423	425	428	433	436	439	443	448	451
3A_SB	32	d	381	387	395	399	404	409	412	416	420	424	427	430	434	437	441	445	449	/
3A_NB	1	a	27	30	34	36	39	42	47	52	55	59	61	66	70	74	77	80	85	90	95
3A_NB	1	d	28	32	35	37	40	44	49	53	56	60	63	67	71	75	79	81	86	91	/
3A_NB	2	a	40	43	48	52	55	59	63	68	73	77	81	85	89	92	95	98	103	110	117
3A_NB	2	d	41	45	50	54	57	60	65	70	75	79	82	86	90	93	96	99	105	111	/
3A_NB	3	a	57	60	64	67	70	74	77	82	86	90	92	98	102	106	110	113	118	124	131
3A_NB	3	d	58	62	65	68	72	75	79	83	88	91	94	99	104	107	112	114	119	125	/
3A_NB	4	a	78	82	85	87	90	93	97	102	106	110	113	119	124	128	133	136	140	145	151
3A_NB	4	d	79	83	86	89	91	95	99	103	107	111	115	121	126	130	134	137	141	147	/
3A_NB	5	a	86	90	94	97	101	105	110	114	119	124	127	132	136	139	143	145	150	155	160
3A_NB	5	d	87	92	96	99	103	107	112	116	121	126	129	133	137	141	144	147	151	156	/
3A_NB	6	a	95	99	103	107	110	113	118	122	127	132	135	140	144	147	151	154	158	163	168
3A_NB	6	d	96	101	105	109	111	115	120	124	129	134	137	141	145	149	153	155	159	164	/
3A_NB	7	a	106	109	112	115	117	121	125	129	133	138	140	145	149	153	157	159	163	168	174
3A_NB	7	d	107	110	113	116	119	122	127	130	135	139	142	146	150	155	158	160	164	169	/
3A_NB	8	a	121	124	127	130	133	137	140	145	149	153	156	161	165	168	172	176	180	185	191
3A_NB	8	d	122	125	128	132	135	138	142	146	150	154	157	162	166	170	174	177	181	187	/
3A_NB	9	a	132	135	140	144	147	151	155	159	163	167	169	175	179	183	187	189	193	199	204
3A_NB	9	d	133	137	142	146	149	152	156	160	164	168	171	176	180	185	188	190	195	200	/
3A_NB	10	a	138	142	146	150	153	157	161	165	169	173	175	181	185	189	193	197	202	208	214
3A_NB	10	d	139	143	148	151	154	158	162	166	171	174	177	182	186	191	195	199	204	210	/
3A_NB	11	a	145	149	153	156	160	165	168	172	176	179	182	186	190	195	199	203	207	213	219
3A_NB	11	d	146	151	154	158	162	166	169	173	177	180	183	187	192	197	201	204	209	215	/
3A_NB	12	a	168	172	175	178	181	185	188	192	197	201	205	209	213	216	220	223	227	233	239
3A_NB	12	d	169	173	177	179	183	186	190	194	199	203	206	210	214	218	221	224	229	235	/
3A_NB	13	a	178	182	187	190	193	196	199	203	207	211	213	218	222	225	228	231	236	241	247
3A_NB	13	d	179	184	188	192	194	197	200	204	209	212	214	219	223	226	229	233	237	243	/
3A_NB	14	a	184	187	192	196	199	203	206	211	214	218	220	225	230	235	238	242	247	251	257
3A_NB	14	d	185	189	194	197	200	204	208	212	215	219	221	227	232	236	240	244	248	253	/
3A_NB	15	a	192	195	198	201	205	209	212	217	220	224	228	234	239	242	246	250	255	260	265
3A_NB	15	d	193	196	199	203	206	210	214	218	221	226	230	236	240	243	248	252	256	261	/
3A_NB	16	a	199	202	205	209	211	214	218	222	226	230	234	239	243	247	252	255	261	266	271
3A_NB	16	d	200	203	207	210	212	216	219	224	227	232	235	241	245	249	253	257	262	267	/
3A_NB	17	a	211	215	219	223	225	229	233	237	241	246	249	255	259	263	267	271	276	282	288
3A_NB	17	d	212	216	221	224	227	231	234	239	243	247	251	256	261	265	269	272	278	284	/
3A_NB	18	a	225	228	231	234	237	240	244	249	252	256	258	263	267	270	274	277	283	289	295
3A_NB	18	d	226	229	233	236	238	241	246	250	253	257	259	264	268	272	276	279	285	291	/
3A_NB	19	a	231	234	237	240	243	248	253	258	263	267	269	274	278	281	284	288	294	299	305
3A_NB	19	d	232	235	239	241	245	250	255	260	264	268	270	275	279	282	286	289	295	301	/
3A_NB	20	a	238	241	246	248	252	256	260	264	268	272	275	281	285	288	293	297	304	309	315
3A_NB	20	d	239	243	247	250	253	257	261	265	269	273	277	282	286	290	295	299	305	311	/
3A_NB	21	a	243	246	251	253	257	260	265	269	272	276	280	286	291	295	300	304	309	314	320
3A_NB	21	d	244	248	252	255	258	262	266	270	274	278	282	288	293	297	302	305	310	316	/
3A_NB	22	a	249	252	256	259	263	267	272	277	281	285	289	293	298	301	306	310	316	322	327
3A_NB	22	d	250	253	258	261	265	269	274	279	283	287	290	295	299	303	308	312	318	323	/
3A_NB	23	a	259	263	266	268	271	275	279	284	288	292	296	300	304	309	314	317	321	327	332
3A_NB	23	d	260	264	267	269	272	277	281	285	289	294	297	301	306	311	315	318	323	328	/
3A_NB	24	a	269	272	276	278	280	284	288	292	296	300	302	307	311	315	319	323	328	333	339
3A_NB	24	d	270	273	277	279	281	285	289	293	297	301	304	308	312	316	321	325	329	335	/
3A_NB	25	a	274	277	281	283	285	289	293	297	302	305	307	312	316	320	324	328	334	339	344
3A_NB	25	d	275	278	282	284	286	290	294	299	303	306	309	313	317	321	326	330	335	340	/
3A_NB	26	a	279	282	286	288	290	294	298	302	306	310	312	317	321	325	329	333	339	344	349
3A_NB	26	d	280	283	287	289	291	295	299	304	308	311	314	318	322	326	331	335	340	345	/
3A_NB	27	a	284	287	291	293	295	299	303	308	312	316	319	324	328	332	335	338	344	349	354
3A_NB	27	d	285	288	292	294	296	300	305	310	314	318	321	325	329	333	336	340	345	350	/
3A_NB	28	a	289	292	296	298	300	304	309	314	318	323	326	331	334	337	340	343	349	354	359
3A_NB	28	d	290	293	297	299	302	306	311	316	320	325	328	332	335	338	341	345	350	355	/
3A_NB	29	a	297	300	304	306	310	314	317	322	325	329	333	339	342	346	349	352	358	363	368
3A_NB	29	d	298	301	305	308	312	315	319	323	326	331	335	340	344	347	350	354	359	364	/
3A_NB	30	a	309	312	316	318	320	324	328	332	335	339	343	349	353	357	360	363	368	374	380
3A_NB	30	d	310	313	317	319	321	326	329	333	336	341	345	351	355	358	361	364	370	375	/
3A_NB	31	a	321	324	329	331	335	339	342	347	350	354	358	363	366	370	374	378	383	389	395
3A_NB	31	d	322	326	330	333	337	340	344	348	351	356	359	364	367	371	376	380	385	391	/
3A_NB	32	a	340	343	346	350	352	356	361	364	368	372	375	379	384	387	391	394	398	403	409
3A_NB	32	d	341	344	348	351	354	358	362	365	369	374	376	381	385	389	393	395	399	405	/
