RouteID	RunID	Arrivals/Departures	TimePerStop
1A_SB	1	a	4	7	10	19	23	28	35	38	42	46	50	53	62	67	73
1A_SB	1	d	5	8	11	20	25	30	36	40	44	47	51	55	64	68	/
1A_SB	2	a	23	27	32	41	45	50	57	62	66	70	73	76	86	90	97
1A_SB	2	d	24	29	33	43	47	52	59	63	68	71	74	77	88	91	/
1A_SB	3	a	52	57	62	70	74	77	84	88	91	94	98	102	110	113	120
1A_SB	3	d	54	59	63	71	75	79	85	89	92	95	99	103	111	115	/
1A_SB	4	a	63	68	73	84	87	91	97	101	104	107	111	115	124	127	135
1A_SB	4	d	65	70	75	85	89	92	98	102	105	108	112	116	125	129	/
1A_SB	5	a	72	77	82	93	97	101	107	111	116	120	125	129	141	146	154
1A_SB	5	d	74	79	84	94	98	102	109	113	118	122	126	131	143	147	/
1A_SB	6	a	86	91	95	104	107	110	117	121	125	129	133	137	148	152	160
1A_SB	6	d	88	92	96	105	108	111	119	122	126	130	135	139	150	153	/
1A_SB	7	a	98	102	106	116	119	124	132	135	139	143	146	149	158	161	169
1A_SB	7	d	100	103	107	117	121	126	133	136	140	144	147	150	159	162	/
1A_SB	8	a	117	121	126	136	139	143	150	155	160	164	168	172	182	187	195
1A_SB	8	d	119	123	127	137	140	144	152	157	162	166	170	174	184	188	/
1A_SB	9	a	130	135	139	148	151	155	160	165	169	172	175	179	189	193	201
1A_SB	9	d	132	137	141	149	152	156	162	166	170	173	177	180	190	194	/
1A_SB	10	a	142	147	150	160	163	167	172	175	180	184	187	190	200	203	211
1A_SB	10	d	144	148	151	161	164	168	173	177	181	185	188	191	201	205	/
1A_SB	11	a	147	152	155	165	169	173	178	181	185	189	192	196	206	209	219
1A_SB	11	d	149	153	156	167	170	174	179	182	186	190	194	198	207	211	/
1A_SB	12	a	155	159	162	173	176	180	185	190	194	197	202	207	217	220	230
1A_SB	12	d	156	160	164	174	177	181	187	191	195	199	204	209	218	222	/
1A_SB	13	a	173	178	182	190	193	197	203	207	210	213	217	221	229	232	241
1A_SB	13	d	175	179	183	191	195	199	204	208	211	214	219	222	230	234	/
1A_SB	14	a	187	191	195	204	208	212	217	221	225	228	231	234	243	248	255
1A_SB	14	d	189	192	197	205	210	213	218	222	226	229	232	236	245	250	/
1A_SB	15	a	199	203	207	215	218	221	227	233	236	240	243	246	256	260	267
1A_SB	15	d	201	204	208	216	219	223	229	234	238	241	244	248	257	261	/
1A_SB	16	a	206	210	214	223	226	230	236	241	244	247	250	253	263	267	275
1A_SB	16	d	208	211	215	224	227	231	237	242	245	248	251	255	264	269	/
1A_SB	17	a	218	223	227	238	242	245	250	253	256	259	263	267	276	280	287
1A_SB	17	d	220	224	229	240	243	246	251	254	257	260	265	268	277	281	/
1A_SB	18	a	237	242	245	256	259	263	269	273	278	283	287	291	301	304	312
1A_SB	18	d	239	243	246	257	260	264	270	275	280	285	289	293	302	305	/
1A_SB	19	a	248	253	256	265	269	273	278	283	287	291	295	299	307	310	318
1A_SB	19	d	250	254	257	267	270	274	280	284	288	293	297	300	308	311	/
1A_SB	20	a	257	261	266	275	279	283	288	291	295	299	304	308	316	319	327
1A_SB	20	d	259	263	267	276	280	284	289	292	296	301	305	309	317	320	/
1A_SB	21	a	263	267	271	279	284	288	294	297	301	305	309	313	321	324	332
1A_SB	21	d	265	268	272	281	285	289	295	298	303	306	310	314	322	325	/
1A_SB	22	a	268	273	277	286	290	294	300	305	309	312	316	320	331	336	343
1A_SB	22	d	270	274	279	288	291	295	302	306	310	313	318	322	333	338	/
1A_SB	23	a	274	278	282	291	295	300	305	310	314	318	322	326	337	342	348
1A_SB	23	d	275	279	284	293	297	302	307	311	315	319	324	328	339	343	/
1A_SB	24	a	279	283	287	299	302	306	311	315	320	325	329	332	342	347	354
1A_SB	24	d	280	284	289	300	303	308	312	317	322	326	330	334	344	348	/
1A_SB	25	a	284	288	292	304	307	311	316	320	325	330	334	338	348	351	359
1A_SB	25	d	285	289	294	305	308	313	317	322	327	331	336	340	349	353	/
1A_SB	26	a	289	293	297	309	312	316	323	327	331	336	340	344	355	358	365
1A_SB	26	d	290	294	299	310	313	318	324	328	333	337	342	346	356	359	/
1A_SB	27	a	296	300	305	314	317	321	328	333	337	342	346	350	361	365	371
1A_SB	27	d	297	302	307	315	318	323	330	335	339	343	347	352	363	366	/
1A_SB	28	a	323	327	332	341	345	349	355	359	364	368	372	377	385	390	397
1A_SB	28	d	324	329	334	343	347	351	357	361	366	370	374	378	387	391	/
1A_SB	29	a	328	332	338	346	350	354	360	364	369	373	378	381	390	394	402
1A_SB	29	d	329	334	339	348	352	356	362	366	371	375	379	383	392	396	/
1A_SB	30	a	333	337	343	351	355	359	366	370	375	379	384	388	398	402	409
1A_SB	30	d	334	339	344	353	357	361	368	372	377	381	386	390	400	403	/
1A_SB	31	a	338	342	348	357	360	365	372	376	381	385	390	394	403	407	413
1A_SB	31	d	339	344	350	358	362	367	374	378	383	387	391	395	405	408	/
1A_SB	32	a	347	351	356	364	368	373	380	383	388	391	394	399	409	412	419
1A_SB	32	d	348	353	357	366	370	375	381	385	389	392	396	401	410	414	/
1A_NB	1	a	8	18	21	31	36	40	43	47	51	57	61	66	74	79	84
1A_NB	1	d	9	19	23	32	38	41	44	49	53	59	63	68	76	81	/
1A_NB	2	a	15	26	30	40	46	49	54	58	63	68	73	77	85	89	93
1A_NB	2	d	16	28	32	42	47	51	55	60	64	70	75	78	86	90	/
1A_NB	3	a	28	39	43	54	60	64	69	74	78	84	88	93	102	106	109
1A_NB	3	d	29	41	45	56	62	66	71	76	80	86	90	94	103	107	/
1A_NB	4	a	57	66	70	79	85	89	94	99	102	108	111	114	125	130	135
1A_NB	4	d	58	68	71	80	87	91	96	100	103	109	112	116	127	132	/
1A_NB	5	a	77	88	93	104	111	115	119	123	126	132	135	138	149	152	156
1A_NB	5	d	79	90	95	106	112	116	120	124	127	133	136	139	150	153	/
1A_NB	6	a	94	103	107	119	125	130	134	138	142	147	150	153	161	164	167
1A_NB	6	d	96	104	109	121	127	132	136	140	143	148	151	154	162	165	/
1A_NB	7	a	99	108	112	124	130	135	140	143	147	152	156	159	167	170	173
1A_NB	7	d	101	110	114	126	132	137	141	145	148	153	157	160	168	171	/
1A_NB	8	a	104	115	119	131	136	140	145	148	152	158	162	165	173	176	179
1A_NB	8	d	106	117	120	132	138	142	146	150	153	159	163	166	174	177	/
1A_NB	9	a	109	120	124	137	143	146	150	154	158	164	167	170	178	181	185
1A_NB	9	d	111	122	126	138	144	147	151	156	159	165	168	171	179	182	/
1A_NB	10	a	125	136	140	151	157	161	166	170	175	182	185	188	198	203	206
1A_NB	10	d	127	138	142	153	158	163	167	172	177	183	186	190	200	204	/
1A_NB	11	a	153	165	169	179	184	187	190	194	198	202	205	209	219	223	228
1A_NB	11	d	155	166	170	180	185	188	192	195	199	203	207	210	221	225	/
1A_NB	12	a	158	170	174	184	190	193	196	200	204	208	211	215	225	228	233
1A_NB	12	d	160	171	175	186	191	194	197	201	205	209	212	216	226	230	/
1A_NB	13	a	167	176	180	191	196	201	205	210	214	220	224	228	238	241	246
1A_NB	13	d	169	177	181	192	198	202	207	211	216	221	226	229	239	243	/
1A_NB	14	a	174	183	186	198	203	208	213	217	222	228	231	234	244	248	252
1A_NB	14	d	176	184	188	199	205	210	214	219	224	229	232	235	245	249	/
1A_NB	15	a	179	188	192	204	210	215	219	224	228	235	238	242	250	255	260
1A_NB	15	d	181	190	194	206	212	216	221	226	229	236	240	243	252	257	/
1A_NB	16	a	188	196	200	211	217	222	226	230	233	240	243	247	256	260	265
1A_NB	16	d	189	198	201	212	219	223	227	231	234	241	245	249	258	262	/
1A_NB	17	a	197	206	209	219	225	228	231	235	238	245	249	252	261	265	270
1A_NB	17	d	198	207	210	220	226	229	232	236	239	247	250	254	263	267	/
1A_NB	18	a	210	219	223	233	238	242	245	249	254	262	265	270	278	282	286
1A_NB	18	d	212	220	224	234	240	243	246	251	256	263	267	271	279	283	/
1A_NB	19	a	219	228	231	242	248	251	254	258	262	269	272	276	284	288	293
1A_NB	19	d	221	229	232	243	249	252	255	260	263	270	274	277	285	290	/
1A_NB	20	a	227	236	239	247	253	257	260	264	267	274	277	281	289	293	298
1A_NB	20	d	229	237	240	248	255	258	261	265	268	275	279	282	290	295	/
1A_NB	21	a	233	242	245	253	259	263	266	270	274	280	284	288	296	300	304
1A_NB	21	d	235	243	246	254	261	264	267	272	275	282	286	289	297	301	/
1A_NB	22	a	240	249	253	262	267	270	273	277	280	287	291	295	303	307	311
1A_NB	22	d	241	251	255	263	268	271	274	278	282	289	293	296	304	308	/
1A_NB	23	a	260	269	272	281	287	290	295	298	303	308	311	314	323	327	330
1A_NB	23	d	261	270	274	283	288	292	296	300	304	309	312	315	324	328	/
1A_NB	24	a	264	274	277	286	293	297	301	305	310	315	319	323	332	337	341
1A_NB	24	d	266	275	279	288	295	298	303	307	311	317	321	324	334	338	/
1A_NB	25	a	269	279	282	291	298	303	308	311	316	322	325	328	337	342	347
1A_NB	25	d	271	280	284	293	300	305	309	313	318	323	326	329	339	344	/
1A_NB	26	a	277	287	290	299	304	309	313	316	321	327	330	333	343	347	352
1A_NB	26	d	279	288	291	300	306	310	314	318	323	328	331	334	344	349	/
1A_NB	27	a	284	295	299	309	314	318	322	327	331	337	340	343	353	357	361
1A_NB	27	d	286	297	301	310	316	319	324	328	332	338	341	345	355	358	/
1A_NB	28	a	301	314	317	326	332	336	340	344	349	355	359	362	372	377	381
1A_NB	28	d	303	315	318	327	334	337	341	346	351	357	360	364	374	378	/
1A_NB	29	a	306	319	323	333	339	342	346	352	356	362	365	368	377	382	386
1A_NB	29	d	308	321	325	335	340	343	348	353	358	363	366	369	379	383	/
1A_NB	30	a	312	324	328	339	344	348	352	358	362	367	370	374	384	389	393
1A_NB	30	d	313	326	330	340	346	349	354	359	363	368	372	376	386	390	/
1A_NB	31	a	318	329	333	344	350	354	358	362	366	372	375	380	390	395	399
1A_NB	31	d	319	331	335	346	352	355	360	364	368	373	377	382	391	396	/
1A_NB	32	a	333	341	345	356	362	367	372	375	378	385	389	393	402	407	411
1A_NB	32	d	334	343	347	358	364	369	373	376	380	387	390	394	403	408	/
2A_NB	1	a	4	7	13	16	21	27	31	34	43	46	51	55	59	64	70	73	76	79
2A_NB	1	d	5	9	14	18	23	29	32	35	44	47	53	57	61	66	72	74	77	/
2A_NB	2	a	10	13	18	23	28	33	38	41	50	54	59	61	65	70	75	78	81	85
2A_NB	2	d	11	14	20	25	29	35	39	42	51	55	60	63	67	71	77	79	83	/
2A_NB	3	a	15	19	26	31	34	40	45	49	58	62	67	69	73	77	81	84	87	91
2A_NB	3	d	16	21	28	32	35	42	46	50	59	63	68	71	74	78	83	85	89	/
2A_NB	4	a	26	30	35	39	42	49	53	57	66	70	75	78	82	86	90	93	97	102
2A_NB	4	d	27	32	37	40	44	51	54	58	68	71	77	80	83	87	91	94	99	/
2A_NB	5	a	33	36	40	44	49	55	59	64	74	79	85	88	91	96	101	105	109	113
2A_NB	5	d	34	37	42	46	51	57	61	65	76	80	87	89	93	97	103	106	111	/
2A_NB	6	a	40	43	49	53	58	63	68	72	82	86	93	95	99	103	109	113	118	121
2A_NB	6	d	41	45	51	55	59	65	69	73	83	88	94	97	100	105	111	115	119	/
2A_NB	7	a	50	54	59	63	66	73	77	80	88	93	99	101	105	109	115	119	123	128
2A_NB	7	d	51	55	61	64	68	74	78	81	90	94	100	103	106	111	117	120	125	/
2A_NB	8	a	59	62	67	70	74	79	82	85	94	99	105	108	111	115	120	124	128	133
2A_NB	8	d	60	63	68	72	75	80	83	87	96	100	106	109	112	116	122	125	130	/
2A_NB	9	a	66	69	74	78	82	87	91	96	102	106	111	115	118	122	127	130	135	138
2A_NB	9	d	67	70	76	80	83	89	93	97	103	107	113	116	119	123	128	132	136	/
2A_NB	10	a	73	76	81	85	89	95	99	103	109	112	117	121	124	128	133	136	140	144
2A_NB	10	d	74	77	83	87	90	96	100	104	110	113	119	122	125	129	135	138	142	/
2A_NB	11	a	78	81	86	90	95	101	105	108	116	119	125	128	131	135	140	143	146	149
2A_NB	11	d	79	82	88	92	96	102	106	109	117	121	126	129	132	136	142	144	147	/
2A_NB	12	a	83	86	92	96	100	106	109	113	121	126	131	134	137	141	146	148	151	155
2A_NB	12	d	84	88	94	97	101	107	111	114	123	127	132	135	138	142	147	149	152	/
2A_NB	13	a	88	91	97	101	105	110	114	118	126	131	136	138	142	146	151	153	156	160
2A_NB	13	d	89	93	99	102	106	112	116	120	128	132	137	140	143	147	152	154	157	/
2A_NB	14	a	93	96	102	106	110	115	119	123	131	136	142	144	147	151	156	158	161	165
2A_NB	14	d	94	98	104	107	111	117	121	125	133	137	143	145	148	152	157	159	162	/
2A_NB	15	a	99	102	108	111	115	120	125	129	136	141	148	150	154	158	164	167	172	177
2A_NB	15	d	100	104	109	112	116	122	127	130	138	143	149	152	155	160	166	169	174	/
2A_NB	16	a	104	108	114	117	121	127	131	134	143	147	153	156	159	164	169	172	177	182
2A_NB	16	d	105	109	115	118	122	128	132	135	144	148	154	157	161	165	171	174	179	/
2A_NB	17	a	109	113	119	123	126	132	136	139	148	152	159	163	166	171	177	180	184	188
2A_NB	17	d	110	114	120	124	127	133	137	140	149	153	161	164	168	173	179	182	185	/
2A_NB	18	a	114	118	124	128	132	139	143	146	155	160	168	171	174	179	185	187	190	194
2A_NB	18	d	115	119	125	130	134	140	144	147	157	162	169	172	176	180	186	188	191	/
2A_NB	19	a	121	125	130	134	138	144	149	153	161	166	174	178	181	184	191	194	197	201
2A_NB	19	d	122	126	131	136	139	146	151	154	163	168	176	179	182	186	193	195	198	/
2A_NB	20	a	126	130	136	140	143	150	155	159	168	172	180	183	186	190	196	200	204	208
2A_NB	20	d	127	132	138	141	145	152	157	161	169	174	182	184	188	191	198	202	205	/
2A_NB	21	a	132	136	142	146	150	156	161	165	174	179	186	189	193	198	205	208	211	215
2A_NB	21	d	133	138	144	148	152	158	163	167	176	181	188	191	195	199	206	209	212	/
2A_NB	22	a	137	141	147	151	156	161	166	170	179	184	191	194	198	203	210	212	216	220
2A_NB	22	d	138	143	149	153	157	163	168	172	181	186	193	196	200	204	211	214	217	/
2A_NB	23	a	151	155	161	165	168	174	178	183	191	196	201	204	208	212	218	220	224	227
2A_NB	23	d	152	157	162	166	169	176	180	184	193	197	203	206	209	213	219	222	225	/
2A_NB	24	a	156	160	166	170	174	181	185	190	199	202	207	209	213	218	224	227	231	234
2A_NB	24	d	157	162	168	172	176	183	187	192	200	203	208	211	215	219	226	229	232	/
2A_NB	25	a	161	165	172	176	180	186	190	195	203	207	212	215	218	223	229	232	236	239
2A_NB	25	d	162	167	174	178	182	188	192	197	205	208	213	216	220	224	231	234	237	/
2A_NB	26	a	175	178	184	189	192	197	202	206	214	219	225	228	230	235	241	244	248	252
2A_NB	26	d	176	180	186	190	193	199	204	208	216	220	226	229	232	236	242	245	249	/
2A_NB	27	a	205	208	215	218	222	228	231	234	244	249	254	257	260	265	271	274	277	282
2A_NB	27	d	206	210	216	219	223	229	232	236	246	250	256	259	262	266	272	275	279	/
2A_NB	28	a	235	238	244	248	252	258	261	264	274	278	284	287	291	295	301	303	307	311
2A_NB	28	d	236	240	246	249	253	259	262	266	276	280	286	289	292	296	302	305	309	/
2A_NB	29	a	264	268	275	278	282	288	291	295	302	307	314	317	320	325	330	334	337	342
2A_NB	29	d	265	269	276	279	283	289	292	296	304	309	316	319	322	326	332	335	339	/
2A_NB	30	a	294	297	303	307	311	317	321	325	333	336	343	346	350	354	360	363	368	371
2A_NB	30	d	295	298	305	309	313	318	322	326	334	338	344	348	352	356	362	365	369	/
2A_NB	31	a	324	327	332	336	341	347	350	354	363	366	373	376	379	384	390	393	398	402
2A_NB	31	d	325	328	334	338	343	348	352	356	364	368	374	378	381	386	392	395	399	/
2A_NB	32	a	352	355	360	364	369	375	379	383	391	395	400	403	406	410	417	419	422	426
2A_NB	32	d	353	356	361	366	371	377	381	385	393	396	402	404	407	411	418	420	424	/
2A_SB	1	a	28	31	35	38	44	47	51	55	58	64	69	74	77	81	87	90	93	96
2A_SB	1	d	29	33	36	39	45	49	53	56	60	66	70	75	78	82	88	91	94	/
2A_SB	2	a	44	48	52	56	61	64	69	73	77	83	86	92	97	100	105	108	111	116
2A_SB	2	d	45	50	54	57	63	66	71	75	78	84	88	94	98	101	106	109	113	/
2A_SB	3	a	49	54	58	63	69	72	77	80	84	90	93	99	103	106	111	114	118	122
2A_SB	3	d	51	56	60	65	71	74	78	82	85	91	95	100	104	107	112	116	119	/
2A_SB	4	a	61	66	70	75	82	85	89	93	96	102	106	111	115	120	126	130	133	136
2A_SB	4	d	63	68	72	77	84	87	91	94	98	104	107	113	117	121	127	131	134	/
2A_SB	5	a	78	81	84	87	93	97	102	105	108	114	118	125	129	132	138	141	144	147
2A_SB	5	d	79	82	85	88	95	99	103	106	110	116	120	127	130	133	139	142	145	/
2A_SB	6	a	90	94	96	99	105	107	110	114	117	122	126	133	138	142	148	151	155	159
2A_SB	6	d	92	95	97	100	106	108	112	115	118	123	128	135	139	143	149	152	156	/
2A_SB	7	a	99	103	105	109	115	118	122	125	128	134	139	146	151	154	159	162	166	169
2A_SB	7	d	101	104	107	111	117	120	123	126	130	136	141	148	152	155	160	163	167	/
2A_SB	8	a	108	113	117	120	125	128	131	135	138	144	148	154	158	162	168	173	177	180
2A_SB	8	d	110	115	118	122	127	129	133	136	139	145	150	155	160	164	170	174	178	/
2A_SB	9	a	121	125	129	132	136	138	141	144	147	154	159	164	168	171	178	182	186	189
2A_SB	9	d	123	127	130	133	137	139	142	145	149	156	160	166	169	173	179	183	187	/
2A_SB	10	a	127	130	134	137	142	145	149	153	156	163	168	175	179	183	188	192	196	199
2A_SB	10	d	128	132	135	138	144	147	151	154	158	165	170	177	181	184	189	193	197	/
2A_SB	11	a	136	140	144	148	153	157	160	163	166	172	176	182	185	188	193	197	202	205
2A_SB	11	d	138	142	146	149	155	158	161	164	167	173	177	183	186	189	195	199	203	/
2A_SB	12	a	146	150	153	157	163	166	170	173	177	183	186	192	196	200	206	209	213	216
2A_SB	12	d	148	152	155	159	164	167	171	174	178	184	187	194	197	201	207	210	214	/
2A_SB	13	a	163	168	170	174	179	182	185	188	192	198	201	206	209	213	219	222	226	230
2A_SB	13	d	165	169	171	175	180	183	186	189	193	199	202	207	210	214	220	223	227	/
2A_SB	14	a	168	173	175	179	184	187	190	194	199	207	211	217	222	226	233	236	240	243
2A_SB	14	d	170	174	176	180	185	188	192	196	201	209	213	219	223	228	234	237	241	/
2A_SB	15	a	177	182	184	188	193	196	200	204	208	215	219	225	229	233	239	242	245	248
2A_SB	15	d	179	183	185	189	194	197	201	205	210	217	221	227	230	234	240	243	246	/
2A_SB	16	a	182	187	189	193	200	204	209	213	217	223	226	232	235	239	246	249	252	255
2A_SB	16	d	184	188	190	195	202	206	211	214	218	224	227	233	236	241	247	250	253	/
2A_SB	17	a	197	201	203	207	213	217	222	225	228	234	239	244	248	252	258	261	265	269
2A_SB	17	d	199	202	204	208	215	219	223	226	230	236	240	245	249	253	259	262	266	/
2A_SB	18	a	207	211	214	217	222	225	229	232	235	240	245	250	255	259	265	269	272	276
2A_SB	18	d	209	212	215	218	223	226	230	233	236	242	246	252	256	260	267	270	274	/
2A_SB	19	a	212	217	220	223	228	231	235	238	241	246	251	257	261	265	271	276	279	282
2A_SB	19	d	214	218	221	224	229	232	236	239	243	248	253	258	262	266	273	277	280	/
2A_SB	20	a	219	223	227	230	235	238	242	246	249	253	257	263	268	272	279	284	289	293
2A_SB	20	d	220	225	228	231	236	240	243	247	250	254	258	265	269	273	281	286	290	/
2A_SB	21	a	228	232	236	240	245	248	251	255	258	264	268	274	278	282	289	292	296	300
2A_SB	21	d	229	234	238	241	246	249	252	256	260	266	269	275	279	283	290	293	297	/
2A_SB	22	a	237	241	245	248	253	257	262	266	269	275	279	283	287	291	298	301	305	309
2A_SB	22	d	238	243	246	249	255	259	263	267	270	276	280	284	288	292	299	302	306	/
2A_SB	23	a	243	247	251	255	261	265	270	274	278	285	289	295	300	303	309	312	316	319
2A_SB	23	d	244	249	253	257	263	267	272	276	280	287	291	297	301	304	310	313	317	/
2A_SB	24	a	257	261	264	268	273	275	278	281	285	292	295	300	305	308	315	319	323	326
2A_SB	24	d	258	263	266	269	274	276	279	283	287	293	296	302	306	310	317	320	324	/
2A_SB	25	a	266	270	274	277	283	286	289	293	296	302	306	311	315	319	326	329	332	335
2A_SB	25	d	267	272	275	278	285	287	291	294	297	303	307	312	316	320	327	330	333	/
2A_SB	26	a	271	275	279	282	288	291	294	298	301	307	311	317	320	324	331	334	337	340
2A_SB	26	d	272	277	280	283	290	292	296	299	302	308	313	318	321	325	332	335	338	/
2A_SB	27	a	277	282	286	289	295	297	301	305	308	315	318	325	328	333	339	342	346	349
2A_SB	27	d	279	284	287	290	296	299	302	306	310	316	320	326	330	335	340	344	347	/
2A_SB	28	a	283	288	291	294	300	303	307	311	314	322	326	332	335	339	345	348	353	357
2A_SB	28	d	285	289	292	295	301	304	308	312	316	324	327	333	336	341	346	350	355	/
2A_SB	29	a	288	293	297	300	305	308	312	316	320	327	331	337	340	344	351	354	358	362
2A_SB	29	d	290	295	298	301	306	309	313	317	321	329	333	338	341	346	352	355	360	/
2A_SB	30	a	297	302	305	308	313	316	320	324	328	335	340	346	351	356	362	366	370	373
2A_SB	30	d	299	303	306	309	315	317	321	325	329	337	342	348	353	357	363	367	371	/
2A_SB	31	a	317	322	326	329	335	339	343	346	350	356	360	368	372	376	382	386	389	393
2A_SB	31	d	319	324	327	331	337	341	344	347	352	358	362	370	374	378	384	387	391	/
2A_SB	32	a	333	338	342	346	352	356	359	363	366	372	375	380	384	388	395	399	403	406
2A_SB	32	d	335	340	344	348	354	357	360	364	368	373	376	381	385	390	396	400	404	/
3A_SB	1	a	5	11	14	20	23	28	32	36	39	43	46	49	55	59	63	68	71
3A_SB	1	d	6	12	16	21	25	29	33	37	40	44	47	51	56	60	64	69	/
3A_SB	2	a	11	17	21	26	29	33	38	43	48	51	56	59	64	67	71	77	81
3A_SB	2	d	12	19	22	27	31	35	40	45	49	53	57	61	65	68	73	79	/
3A_SB	3	a	32	38	42	50	54	59	64	69	73	77	81	84	89	93	98	103	107
3A_SB	3	d	33	39	44	52	56	61	66	71	75	79	82	85	90	94	99	104	/
3A_SB	4	a	54	60	64	70	74	79	84	88	92	96	101	104	109	112	117	122	126
3A_SB	4	d	55	62	66	72	76	81	86	90	94	98	102	105	110	113	118	123	/
3A_SB	5	a	68	73	76	82	86	91	94	99	103	108	113	116	121	124	128	134	137
3A_SB	5	d	69	74	78	84	88	92	96	101	105	110	114	117	122	125	129	135	/
3A_SB	6	a	73	78	83	89	94	99	103	108	112	117	122	124	129	132	136	141	144
3A_SB	6	d	74	80	85	91	96	101	105	110	114	119	123	125	130	133	137	142	/
3A_SB	7	a	87	93	97	103	107	112	117	121	124	129	133	135	139	143	147	152	155
3A_SB	7	d	88	94	98	104	109	114	118	122	126	130	134	136	140	144	148	153	/
3A_SB	8	a	101	106	110	117	122	125	128	132	135	139	142	145	149	153	157	162	166
3A_SB	8	d	102	107	111	119	123	126	129	133	136	140	143	146	150	154	158	164	/
3A_SB	9	a	110	116	120	126	130	133	136	140	144	148	151	153	158	162	166	171	176
3A_SB	9	d	111	117	121	127	131	134	137	141	145	149	152	154	159	163	167	173	/
3A_SB	10	a	132	138	143	151	154	157	161	164	167	170	173	176	180	184	187	192	196
3A_SB	10	d	133	140	145	152	155	158	162	165	168	171	174	177	181	185	188	193	/
3A_SB	11	a	146	151	155	161	164	167	171	174	177	180	184	187	191	195	199	205	208
3A_SB	11	d	147	152	156	162	165	168	172	175	178	181	185	188	192	197	200	206	/
3A_SB	12	a	157	162	166	172	177	180	183	186	190	193	197	199	203	206	209	214	218
3A_SB	12	d	158	163	168	174	178	181	184	187	191	194	198	200	204	207	210	216	/
3A_SB	13	a	163	168	172	178	182	186	189	192	196	200	203	205	209	213	216	221	225
3A_SB	13	d	164	169	174	180	183	187	190	193	197	201	204	206	210	214	217	223	/
3A_SB	14	a	169	174	179	186	189	193	196	199	202	206	209	212	216	220	223	230	234
3A_SB	14	d	170	176	181	187	190	194	197	200	203	207	210	213	217	221	225	232	/
3A_SB	15	a	176	181	185	192	196	200	205	209	214	218	222	225	229	232	236	242	246
3A_SB	15	d	177	183	187	194	198	202	207	211	215	219	223	226	230	233	237	244	/
3A_SB	16	a	185	191	195	202	206	209	213	218	223	228	232	234	238	241	245	250	254
3A_SB	16	d	186	193	197	204	207	210	215	220	225	230	233	235	239	242	246	252	/
3A_SB	17	a	192	198	201	207	211	215	220	225	230	235	239	242	246	250	254	259	262
3A_SB	17	d	193	199	202	209	213	217	222	227	232	237	240	243	247	251	255	260	/
3A_SB	18	a	200	206	210	217	221	224	228	232	236	241	244	247	251	255	259	264	267
3A_SB	18	d	201	208	212	218	222	225	229	233	238	242	245	248	252	256	260	265	/
3A_SB	19	a	207	213	217	223	227	231	236	241	245	249	253	256	260	264	268	273	277
3A_SB	19	d	208	214	218	224	229	233	238	243	246	251	254	257	261	265	269	274	/
3A_SB	20	a	220	225	230	236	240	244	248	252	255	259	262	265	269	273	277	282	286
3A_SB	20	d	221	227	232	238	241	245	249	253	256	260	263	266	270	274	278	283	/
3A_SB	21	a	227	232	236	242	246	251	255	259	264	269	273	276	280	284	288	293	296
3A_SB	21	d	228	233	238	243	248	252	257	261	266	271	274	277	281	285	289	294	/
3A_SB	22	a	248	253	257	263	267	271	274	278	282	285	289	291	296	299	302	307	310
3A_SB	22	d	249	255	258	264	268	272	276	280	283	287	290	292	297	300	303	308	/
3A_SB	23	a	253	258	262	269	274	278	281	284	287	291	294	296	301	305	308	313	316
3A_SB	23	d	254	260	264	271	275	279	282	285	288	292	295	297	302	306	309	314	/
3A_SB	24	a	262	268	273	278	283	287	290	293	296	300	303	306	310	314	317	323	327
3A_SB	24	d	263	270	274	280	284	288	291	294	297	301	304	307	311	315	319	324	/
3A_SB	25	a	270	277	282	288	292	295	298	301	304	307	310	313	317	320	323	328	332
3A_SB	25	d	271	279	284	290	293	296	299	302	305	308	311	314	318	321	324	329	/
3A_SB	26	a	276	283	288	294	298	301	305	309	312	315	318	320	325	328	331	337	341
3A_SB	26	d	277	285	290	296	299	302	306	310	313	316	319	321	326	329	332	338	/
3A_SB	27	a	282	289	294	300	305	309	313	317	321	325	328	330	334	338	341	347	350
3A_SB	27	d	283	291	296	302	306	310	314	318	322	326	329	331	335	339	342	348	/
3A_SB	28	a	290	295	300	306	310	314	318	322	326	330	333	335	339	344	348	354	358
3A_SB	28	d	291	297	301	307	311	315	319	323	327	331	334	336	341	346	350	356	/
3A_SB	29	a	297	302	306	313	317	320	325	330	334	339	343	345	350	354	358	363	368
3A_SB	29	d	298	303	308	314	318	322	327	332	336	341	344	346	351	356	359	365	/
3A_SB	30	a	304	309	313	321	326	330	335	339	343	347	350	352	357	361	365	371	375
3A_SB	30	d	305	310	315	323	328	332	337	341	345	348	351	353	358	362	367	372	/
3A_SB	31	a	331	337	342	347	352	355	358	362	366	371	375	379	384	388	391	396	399
3A_SB	31	d	332	339	343	349	353	356	359	364	368	373	377	380	386	389	392	397	/
3A_SB	32	a	338	344	348	355	359	363	367	372	376	381	384	388	394	398	402	408	411
3A_SB	32	d	339	346	350	356	360	364	369	374	378	382	386	390	395	400	404	409	/
3A_NB	1	a	22	25	28	32	37	40	44	48	52	59	63	66	68	71	75	79	83	88
3A_NB	1	d	23	26	29	34	38	42	46	49	54	60	65	67	69	73	76	80	85	/
3A_NB	2	a	48	51	55	60	64	69	73	77	81	86	89	92	94	98	101	104	108	113
3A_NB	2	d	49	53	57	62	66	71	75	79	82	87	90	93	95	99	102	105	110	/
3A_NB	3	a	58	61	64	69	72	76	81	84	88	93	97	101	104	109	112	115	119	123
3A_NB	3	d	59	62	66	70	73	78	82	86	89	94	99	103	106	110	113	116	120	/
3A_NB	4	a	69	72	76	80	84	89	93	96	101	106	110	113	116	121	125	129	134	137
3A_NB	4	d	70	74	77	81	86	91	95	98	102	107	112	115	118	123	127	131	135	/
3A_NB	5	a	81	84	88	92	97	101	105	108	112	118	122	125	128	133	136	140	143	147
3A_NB	5	d	82	85	89	94	99	103	107	110	113	120	123	126	130	134	138	141	145	/
3A_NB	6	a	88	91	96	101	106	111	115	117	121	128	131	135	138	142	147	150	154	157
3A_NB	6	d	89	93	98	103	108	113	116	119	123	129	133	137	140	144	148	151	155	/
3A_NB	7	a	99	102	107	112	116	121	125	128	133	139	143	146	148	151	154	157	161	164
3A_NB	7	d	100	104	109	113	118	123	127	130	134	140	144	147	149	152	155	158	162	/
3A_NB	8	a	106	109	114	119	122	126	130	133	138	145	150	153	156	160	164	167	171	174
3A_NB	8	d	107	111	116	120	123	128	132	135	140	147	152	155	158	162	165	168	172	/
3A_NB	9	a	124	127	131	135	138	142	145	147	152	157	161	163	165	168	172	176	181	185
3A_NB	9	d	125	128	132	136	139	143	146	149	153	158	162	164	166	170	174	178	182	/
3A_NB	10	a	147	151	155	160	164	169	173	177	182	187	191	193	195	199	203	207	210	214
3A_NB	10	d	148	153	157	162	166	171	175	179	183	188	192	194	196	200	204	208	211	/
3A_NB	11	a	174	177	182	186	189	192	196	199	204	209	213	215	218	221	225	228	231	235
3A_NB	11	d	175	179	183	187	190	194	198	201	205	210	214	216	219	222	226	229	232	/
3A_NB	12	a	179	183	188	193	197	201	205	208	213	219	223	225	227	231	235	238	241	246
3A_NB	12	d	180	185	190	195	199	203	207	210	214	220	224	226	228	232	236	239	243	/
3A_NB	13	a	189	193	197	202	205	209	214	217	222	228	232	235	238	243	247	250	253	257
3A_NB	13	d	190	194	199	203	207	211	216	219	223	229	233	237	240	244	248	251	254	/
3A_NB	14	a	200	204	207	212	216	221	226	229	233	238	242	244	246	250	254	259	263	267
3A_NB	14	d	201	205	209	214	218	223	227	230	234	239	243	245	247	251	256	261	265	/
3A_NB	15	a	205	209	213	217	221	226	231	235	240	246	250	252	254	258	262	267	271	274
3A_NB	15	d	206	210	214	219	223	228	233	237	241	247	251	253	255	259	264	269	272	/
3A_NB	16	a	213	217	222	227	231	234	238	241	245	251	255	257	259	263	267	272	276	279
3A_NB	16	d	214	219	224	229	232	235	239	243	246	252	256	258	260	264	269	274	277	/
3A_NB	17	a	219	223	227	233	237	241	245	249	253	259	263	265	267	271	275	278	281	284
3A_NB	17	d	220	225	229	235	239	243	247	251	254	260	264	266	268	272	276	279	282	/
3A_NB	18	a	224	228	232	238	242	247	251	254	259	264	268	271	274	278	283	286	289	292
3A_NB	18	d	225	230	234	240	244	249	252	256	260	265	270	272	276	280	284	287	290	/
3A_NB	19	a	239	242	245	250	253	257	261	264	268	273	277	279	282	285	290	294	297	300
3A_NB	19	d	240	243	247	251	254	259	262	265	269	274	278	280	283	287	292	295	298	/
3A_NB	20	a	244	247	250	255	259	263	267	270	274	279	283	285	287	290	295	299	303	307
3A_NB	20	d	245	248	252	257	260	265	268	271	275	280	284	286	288	292	297	300	304	/
3A_NB	21	a	252	255	260	265	268	272	276	278	283	288	292	295	297	300	303	306	310	314
3A_NB	21	d	253	257	262	266	269	274	277	280	284	289	294	296	298	301	304	307	311	/
3A_NB	22	a	257	261	266	270	274	277	281	284	288	294	298	300	302	305	309	313	317	320
3A_NB	22	d	258	263	267	272	275	279	283	285	289	295	299	301	303	307	311	315	318	/
3A_NB	23	a	262	266	271	275	279	282	286	289	293	299	303	306	308	311	314	318	322	326
3A_NB	23	d	263	268	272	277	280	284	288	290	294	300	304	307	309	312	316	320	324	/
3A_NB	24	a	267	271	276	281	285	289	293	296	301	308	312	315	318	321	324	327	330	334
3A_NB	24	d	268	273	278	283	287	291	295	298	302	309	313	316	319	322	325	328	331	/
3A_NB	25	a	272	276	281	286	290	294	298	301	305	313	317	319	323	326	329	332	336	340
3A_NB	25	d	273	278	283	288	292	296	300	303	307	314	318	321	324	327	330	333	337	/
3A_NB	26	a	277	281	286	291	295	299	303	306	310	318	322	324	328	331	334	337	341	345
3A_NB	26	d	278	283	288	293	297	301	305	308	312	319	323	326	329	332	335	338	342	/
3A_NB	27	a	282	286	291	296	300	305	309	312	316	322	327	329	332	337	340	343	348	352
3A_NB	27	d	283	288	293	298	302	307	311	314	318	324	328	331	334	338	341	345	349	/
3A_NB	28	a	290	294	298	302	306	310	314	317	321	327	332	335	337	342	346	349	353	357
3A_NB	28	d	291	295	299	303	307	312	316	319	323	329	333	336	339	344	347	350	354	/
3A_NB	29	a	303	307	310	314	317	321	325	328	333	338	342	345	347	350	353	356	361	364
3A_NB	29	d	304	308	311	315	319	323	327	330	334	339	343	346	348	351	354	358	362	/
3A_NB	30	a	331	335	339	343	348	352	355	358	363	368	371	373	375	378	382	387	390	394
3A_NB	30	d	332	337	341	345	349	353	357	360	364	369	372	374	376	380	384	388	392	/
3A_NB	31	a	357	361	366	370	374	378	381	384	388	393	396	399	403	407	412	417	420	425
3A_NB	31	d	358	363	368	372	375	379	382	385	389	394	397	401	405	409	414	418	422	/
3A_NB	32	a	366	370	375	379	382	387	391	393	397	404	407	411	413	416	421	425	429	434
3A_NB	32	d	367	372	376	380	384	389	392	394	399	405	409	412	414	418	422	427	431	/
