RouteID	RunID	Arrivals/Departures	TimePerStop
1A_SB	1	a	6	10	14	23	26	30	35	40	45	49	53	58	67	72	80
1A_SB	1	d	7	11	16	24	27	31	37	42	47	51	55	60	69	74	/
1A_SB	2	a	31	35	39	47	50	54	61	65	69	74	79	84	94	98	105
1A_SB	2	d	32	37	40	48	52	56	63	66	71	76	81	85	96	99	/
1A_SB	3	a	52	56	61	70	74	79	85	89	94	98	103	107	116	121	128
1A_SB	3	d	53	58	63	72	76	81	87	91	96	100	105	108	118	122	/
1A_SB	4	a	69	73	77	85	89	93	99	104	109	113	118	122	134	138	145
1A_SB	4	d	71	74	78	87	91	95	101	106	111	115	120	124	136	140	/
1A_SB	5	a	86	90	95	104	107	112	119	122	125	128	133	136	145	148	154
1A_SB	5	d	88	92	96	105	109	114	120	123	126	130	134	137	146	149	/
1A_SB	6	a	97	102	107	116	120	124	130	134	139	142	146	150	161	165	172
1A_SB	6	d	99	104	109	118	122	126	132	136	140	143	147	151	162	166	/
1A_SB	7	a	116	121	126	134	138	142	147	150	153	156	160	164	176	180	189
1A_SB	7	d	118	123	127	135	139	143	148	151	154	158	162	166	178	182	/
1A_SB	8	a	123	127	131	139	143	147	152	156	160	163	168	171	182	186	195
1A_SB	8	d	125	128	132	140	144	148	153	158	161	165	169	172	184	188	/
1A_SB	9	a	130	134	139	149	153	156	162	167	170	173	177	180	190	193	201
1A_SB	9	d	132	136	141	150	154	157	164	168	171	174	178	181	191	194	/
1A_SB	10	a	146	150	155	166	170	173	179	183	186	190	194	198	208	212	220
1A_SB	10	d	148	152	157	168	171	174	180	184	187	192	196	200	210	214	/
1A_SB	11	a	155	159	163	173	176	179	185	189	192	197	201	205	215	219	227
1A_SB	11	d	157	160	164	174	177	180	186	190	194	198	203	207	217	221	/
1A_SB	12	a	169	173	177	189	193	197	204	207	210	214	217	220	229	232	239
1A_SB	12	d	171	174	179	191	195	199	205	208	211	215	218	221	230	233	/
1A_SB	13	a	198	202	205	215	219	222	229	233	236	240	243	247	256	260	268
1A_SB	13	d	200	203	206	216	220	224	230	234	238	241	244	249	258	261	/
1A_SB	14	a	206	210	214	222	227	231	238	242	247	250	254	257	264	267	275
1A_SB	14	d	208	211	215	224	229	233	239	244	248	252	255	258	265	268	/
1A_SB	15	a	217	222	227	236	240	244	250	253	257	261	265	268	275	279	289
1A_SB	15	d	219	224	229	238	242	246	251	254	258	263	266	269	277	281	/
1A_SB	16	a	236	241	246	254	257	261	266	270	275	279	283	288	299	304	313
1A_SB	16	d	238	243	247	255	258	262	268	272	277	281	285	290	301	306	/
1A_SB	17	a	250	254	259	268	271	275	281	285	288	291	295	299	309	313	321
1A_SB	17	d	252	256	261	269	272	276	282	286	289	292	296	300	310	314	/
1A_SB	18	a	262	266	271	279	283	287	293	296	300	305	308	312	323	327	336
1A_SB	18	d	264	268	272	280	284	289	294	298	302	306	310	314	324	329	/
1A_SB	19	a	268	273	277	286	290	294	299	302	306	310	313	317	327	332	342
1A_SB	19	d	270	274	279	288	291	295	300	303	307	311	315	319	329	334	/
1A_SB	20	a	281	286	289	300	305	310	317	320	325	328	332	336	346	351	360
1A_SB	20	d	283	287	291	302	307	312	318	322	326	329	334	338	348	353	/
1A_SB	21	a	307	311	314	323	326	330	338	342	346	350	354	358	367	370	377
1A_SB	21	d	309	312	315	324	327	332	340	344	348	352	356	360	368	371	/
1A_SB	22	a	326	330	334	342	345	349	356	360	364	369	373	376	385	390	398
1A_SB	22	d	328	331	335	343	347	350	357	362	366	371	374	377	387	391	/
1A_SB	23	a	338	342	347	356	361	366	372	375	379	383	388	392	400	404	411
1A_SB	23	d	340	344	348	358	363	367	373	377	381	385	390	393	401	405	/
1A_SB	24	a	358	363	367	375	380	384	390	393	396	399	402	406	413	417	424
1A_SB	24	d	360	364	369	377	382	386	391	394	397	400	404	407	414	418	/
1A_SB	25	a	364	369	373	380	385	389	395	398	401	404	408	411	419	422	430
1A_SB	25	d	366	370	374	382	387	391	396	399	402	405	409	413	420	423	/
1A_SB	26	a	370	375	379	389	392	395	400	403	408	411	415	419	428	432	441
1A_SB	26	d	372	376	381	390	393	396	401	405	409	412	417	420	430	434	/
1A_SB	27	a	386	391	396	406	410	413	418	421	424	427	432	435	445	448	455
1A_SB	27	d	388	393	398	408	411	414	419	422	425	429	433	436	446	449	/
1A_SB	28	a	392	397	402	412	415	418	423	426	429	432	437	440	450	454	460
1A_SB	28	d	394	399	404	413	416	419	424	427	430	434	438	441	451	455	/
1A_SB	29	a	410	415	420	431	435	439	445	449	454	458	463	467	477	481	488
1A_SB	29	d	412	417	422	432	437	441	447	451	456	460	464	468	478	482	/
1A_SB	30	a	421	427	432	443	447	450	456	460	464	467	470	473	483	486	493
1A_SB	30	d	423	429	434	445	448	452	458	461	465	468	471	474	484	487	/
1A_SB	31	a	446	451	455	464	467	471	477	481	484	487	490	494	504	507	514
1A_SB	31	d	448	452	456	465	468	472	478	482	485	488	491	495	505	508	/
1A_SB	32	a	454	459	464	475	479	484	491	494	498	502	507	510	520	523	532
1A_SB	32	d	456	461	466	477	481	486	492	495	499	504	508	511	521	524	/
1A_SB	33	a	472	477	482	492	495	499	506	510	513	516	520	523	533	536	544
1A_SB	33	d	474	479	484	493	497	501	507	511	514	517	521	524	534	537	/
1A_SB	34	a	483	487	491	500	503	506	512	515	518	521	525	528	537	541	550
1A_SB	34	d	485	488	492	501	504	507	513	516	519	522	526	529	539	542	/
1A_SB	35	a	490	494	499	509	512	516	522	525	530	535	540	543	553	557	565
1A_SB	35	d	492	496	501	510	513	518	523	527	532	537	541	545	554	558	/
1A_SB	36	a	496	501	506	515	518	522	527	531	536	541	545	549	559	564	573
1A_SB	36	d	498	503	507	516	519	523	529	533	538	543	547	551	561	566	/
1A_SB	37	a	501	506	511	522	525	529	536	539	543	546	550	554	565	570	577
1A_SB	37	d	503	508	512	523	526	531	537	540	544	548	552	556	567	571	/
1A_SB	38	a	506	511	516	527	531	535	542	546	550	553	556	560	570	574	582
1A_SB	38	d	508	513	517	529	532	537	544	547	551	554	557	561	572	576	/
1A_SB	39	a	512	517	522	534	537	541	547	551	556	561	565	570	581	585	593
1A_SB	39	d	514	519	524	535	538	542	549	553	558	563	567	571	583	586	/
1A_SB	40	a	530	534	538	550	554	559	565	570	574	579	584	589	599	604	611
1A_SB	40	d	531	535	540	552	556	561	567	572	576	581	586	591	601	605	/
1A_SB	41	a	551	555	559	568	572	575	580	585	589	592	596	601	610	615	623
1A_SB	41	d	552	556	561	570	573	576	582	586	590	593	598	602	612	617	/
1A_SB	42	a	562	565	569	575	578	582	587	592	597	601	606	610	619	624	631
1A_SB	42	d	563	566	570	576	580	583	589	594	599	603	607	611	621	625	/
1A_SB	43	a	582	585	590	598	602	607	612	616	621	625	630	634	643	648	657
1A_SB	43	d	583	587	592	600	604	608	613	618	623	627	632	635	645	650	/
1A_SB	44	a	597	601	606	615	618	623	629	633	637	641	645	648	658	662	670
1A_SB	44	d	598	603	607	616	620	624	630	634	639	643	646	650	660	664	/
1A_SB	45	a	602	606	611	620	623	628	634	638	642	646	650	653	663	667	675
1A_SB	45	d	603	608	612	621	625	629	635	639	644	648	651	655	665	669	/
1A_SB	46	a	607	611	616	625	628	632	640	644	647	651	655	658	669	672	680
1A_SB	46	d	608	613	617	626	630	634	641	645	649	653	656	660	670	674	/
1A_SB	47	a	613	617	621	631	634	638	645	650	654	658	661	664	674	677	685
1A_SB	47	d	614	618	623	632	636	639	647	652	656	659	662	665	675	679	/
1A_SB	48	a	618	622	627	637	641	645	651	656	659	663	667	671	681	684	691
1A_SB	48	d	619	624	629	639	643	647	653	657	661	665	669	672	682	685	/
1A_SB	49	a	627	631	636	644	648	652	658	662	666	670	674	678	689	692	700
1A_SB	49	d	628	633	638	646	650	654	659	664	668	672	676	680	690	693	/
1A_SB	50	a	656	660	664	673	678	681	688	691	695	699	704	708	718	721	728
1A_SB	50	d	657	661	666	675	679	683	689	692	697	701	706	710	719	722	/
1A_SB	51	a	686	690	693	704	707	710	716	720	725	729	734	738	747	751	758
1A_SB	51	d	687	691	695	705	708	712	718	722	727	731	735	740	749	752	/
1A_SB	52	a	716	719	724	732	736	741	747	751	754	759	763	767	777	781	787
1A_SB	52	d	717	721	725	734	738	742	748	752	756	761	765	769	779	782	/
1A_SB	53	a	746	750	754	762	766	770	776	780	784	788	793	797	807	811	818
1A_SB	53	d	747	751	755	764	768	772	778	782	786	790	795	799	809	812	/
1A_SB	54	a	775	779	783	792	795	799	806	811	814	818	822	827	835	838	844
1A_SB	54	d	776	780	785	793	797	801	808	812	815	819	824	828	836	839	/
1A_SB	55	a	805	808	812	821	825	829	834	839	843	847	851	855	864	868	875
1A_SB	55	d	806	810	813	822	826	830	836	840	844	848	852	856	865	869	/
1A_SB	56	a	834	838	842	851	855	859	865	869	872	876	880	883	892	895	901
1A_SB	56	d	835	840	843	852	856	860	866	870	873	877	881	884	893	896	/
1A_SB	57	a	858	862	866	876	879	882	887	891	895	899	903	908	918	921	929
1A_SB	57	d	859	864	868	877	880	883	889	893	897	901	905	910	919	923	/
1A_SB	58	a	883	886	889	897	901	905	911	915	919	922	927	931	941	945	953
1A_SB	58	d	884	887	890	899	902	907	913	917	920	924	929	932	942	946	/
1A_SB	59	a	902	906	911	921	924	928	934	939	943	947	951	954	966	969	977
1A_SB	59	d	903	908	912	922	926	929	936	941	945	948	952	956	967	971	/
1A_SB	60	a	922	926	930	940	944	947	952	957	962	967	971	975	983	987	995
1A_SB	60	d	923	928	931	942	945	948	954	959	964	968	973	976	984	989	/
1A_SB	61	a	951	955	960	969	972	975	980	984	987	991	996	1000	1009	1012	1020
1A_SB	61	d	952	957	961	970	973	976	981	985	988	993	998	1001	1010	1014	/
1A_SB	62	a	978	982	986	995	1000	1004	1010	1013	1017	1020	1023	1028	1037	1041	1049
1A_SB	62	d	979	983	988	997	1002	1005	1011	1014	1018	1021	1025	1030	1039	1043	/
1A_SB	63	a	1000	1004	1007	1016	1021	1025	1031	1034	1037	1040	1044	1048	1057	1061	1067
1A_SB	63	d	1001	1005	1009	1018	1022	1027	1032	1035	1038	1041	1045	1050	1058	1062	/
1A_SB	64	a	1024	1028	1032	1043	1047	1051	1057	1061	1065	1068	1072	1076	1085	1088	1094
1A_SB	64	d	1025	1029	1034	1044	1049	1053	1058	1062	1066	1069	1073	1077	1086	1089	/
1A_NB	1	a	15	24	28	37	43	47	52	57	61	66	70	74	84	87	90
1A_NB	1	d	16	25	29	39	44	49	54	59	62	67	72	76	85	88	/
1A_NB	2	a	23	32	37	48	53	56	60	64	68	74	77	80	89	94	98
1A_NB	2	d	24	34	39	49	54	57	62	65	70	75	78	81	91	96	/
1A_NB	3	a	33	43	47	59	65	70	74	77	80	86	90	94	105	109	114
1A_NB	3	d	34	44	49	61	67	71	75	78	81	88	91	96	106	111	/
1A_NB	4	a	49	59	63	74	79	82	86	89	94	101	105	110	119	123	128
1A_NB	4	d	51	60	65	76	80	83	87	91	96	103	107	112	120	125	/
1A_NB	5	a	65	74	78	87	91	94	98	103	107	113	117	122	130	135	140
1A_NB	5	d	66	75	80	88	92	95	100	105	108	115	119	123	132	137	/
1A_NB	6	a	77	88	92	100	104	108	112	117	121	126	129	134	143	146	150
1A_NB	6	d	79	90	93	101	106	110	114	119	122	127	131	136	144	147	/
1A_NB	7	a	97	106	109	120	126	131	135	139	143	150	154	157	167	171	175
1A_NB	7	d	99	107	110	122	128	132	136	140	145	152	155	159	168	172	/
1A_NB	8	a	110	121	126	136	142	145	149	153	158	164	168	172	181	185	190
1A_NB	8	d	112	123	128	138	143	146	150	155	160	165	170	174	183	187	/
1A_NB	9	a	130	139	143	151	156	161	165	169	172	178	183	186	195	199	203
1A_NB	9	d	132	141	144	152	158	162	167	170	174	180	184	187	196	200	/
1A_NB	10	a	157	167	172	181	186	189	193	197	201	208	211	214	221	224	228
1A_NB	10	d	159	169	173	182	187	190	194	198	202	209	212	215	222	225	/
1A_NB	11	a	165	174	179	187	192	196	199	203	208	215	218	221	228	231	236
1A_NB	11	d	166	176	180	188	194	197	200	205	209	216	219	222	229	233	/
1A_NB	12	a	172	182	187	195	200	203	207	212	215	222	225	229	238	242	246
1A_NB	12	d	174	184	188	196	201	205	209	213	217	223	227	231	240	243	/
1A_NB	13	a	196	206	210	220	225	228	232	236	239	244	247	251	259	262	266
1A_NB	13	d	198	207	211	221	226	229	233	237	240	245	248	252	260	263	/
1A_NB	14	a	205	215	219	229	235	238	243	248	252	258	261	264	273	278	283
1A_NB	14	d	207	217	220	230	236	240	245	249	254	259	262	266	275	280	/
1A_NB	15	a	211	223	226	237	244	248	253	258	263	269	272	275	284	288	293
1A_NB	15	d	213	224	228	239	246	250	255	260	265	270	273	277	286	290	/
1A_NB	16	a	230	240	244	255	260	264	269	273	278	283	286	289	297	301	305
1A_NB	16	d	232	242	246	256	262	266	270	275	279	284	287	290	299	303	/
1A_NB	17	a	246	254	258	268	274	278	282	286	290	296	299	303	314	318	323
1A_NB	17	d	247	256	260	270	276	280	283	288	291	297	301	305	315	320	/
1A_NB	18	a	267	278	281	291	297	300	305	309	313	320	324	328	336	341	346
1A_NB	18	d	268	279	283	293	298	302	307	310	315	322	326	329	338	343	/
1A_NB	19	a	277	287	290	301	307	310	314	318	323	329	333	337	343	347	351
1A_NB	19	d	279	288	291	302	308	311	315	320	324	330	334	338	344	348	/
1A_NB	20	a	299	310	314	324	331	334	338	343	347	354	357	362	370	374	378
1A_NB	20	d	301	312	316	326	332	336	340	345	349	355	359	364	371	375	/
1A_NB	21	a	318	329	334	347	353	357	361	365	368	373	376	380	389	392	395
1A_NB	21	d	320	331	336	349	354	358	362	366	369	374	377	382	390	393	/
1A_NB	22	a	332	342	347	358	365	369	373	378	383	388	391	395	404	408	412
1A_NB	22	d	334	344	349	360	367	370	375	380	384	389	393	396	406	409	/
1A_NB	23	a	349	358	363	374	380	384	388	393	397	403	407	411	420	424	428
1A_NB	23	d	351	360	365	376	382	386	390	395	398	404	408	413	422	425	/
1A_NB	24	a	359	367	372	382	388	393	396	401	405	410	414	419	429	433	438
1A_NB	24	d	361	369	373	384	390	394	398	403	406	412	416	420	431	435	/
1A_NB	25	a	370	378	382	392	398	402	406	411	415	420	423	426	437	441	445
1A_NB	25	d	372	380	384	394	399	404	408	413	416	421	424	428	438	442	/
1A_NB	26	a	397	407	411	419	424	428	432	436	440	446	449	453	462	465	469
1A_NB	26	d	399	409	412	420	425	429	433	437	441	447	450	454	463	466	/
1A_NB	27	a	405	416	419	429	435	438	443	447	452	459	462	467	475	479	484
1A_NB	27	d	407	417	420	431	436	440	444	449	454	460	464	468	477	481	/
1A_NB	28	a	418	427	431	442	449	452	456	460	464	469	472	477	485	488	492
1A_NB	28	d	420	429	433	444	450	453	458	461	465	470	474	478	486	489	/
1A_NB	29	a	436	445	449	458	463	467	471	476	480	486	490	494	503	508	513
1A_NB	29	d	438	446	450	459	465	469	473	478	482	488	492	496	505	510	/
1A_NB	30	a	456	465	469	478	484	489	493	498	502	508	511	515	524	529	534
1A_NB	30	d	458	467	471	479	486	490	495	500	503	509	513	517	526	531	/
1A_NB	31	a	469	480	484	493	499	504	507	511	514	520	524	528	536	541	545
1A_NB	31	d	471	481	485	494	501	505	508	512	515	521	525	529	538	542	/
1A_NB	32	a	482	491	495	505	510	515	519	524	528	536	540	544	553	557	563
1A_NB	32	d	483	492	497	506	512	516	521	526	530	537	542	546	554	559	/
1A_NB	33	a	493	502	505	515	521	526	530	534	538	545	548	552	561	565	571
1A_NB	33	d	494	503	507	517	523	527	531	536	539	546	550	554	562	567	/
1A_NB	34	a	499	509	512	524	529	533	538	542	547	552	556	560	569	572	578
1A_NB	34	d	501	510	513	525	531	535	539	544	548	554	558	561	570	574	/
1A_NB	35	a	506	516	519	531	536	539	543	548	553	559	563	567	577	580	585
1A_NB	35	d	508	517	520	532	537	541	545	550	555	561	565	569	578	581	/
1A_NB	36	a	513	522	525	535	541	545	549	554	558	564	568	572	581	585	589
1A_NB	36	d	515	523	527	537	543	547	551	556	560	566	570	574	583	586	/
1A_NB	37	a	520	529	533	543	550	553	556	561	565	571	576	580	588	593	598
1A_NB	37	d	522	531	535	545	551	554	558	563	567	573	578	581	590	595	/
1A_NB	38	a	532	541	545	554	559	563	567	571	575	581	585	589	599	602	606
1A_NB	38	d	533	542	546	555	560	564	568	572	576	582	586	590	600	603	/
1A_NB	39	a	538	547	551	560	565	569	573	578	582	588	591	595	605	608	612
1A_NB	39	d	539	548	552	561	566	570	574	579	583	589	592	596	606	609	/
1A_NB	40	a	543	551	556	565	570	573	578	583	587	592	596	600	609	613	617
1A_NB	40	d	544	553	557	566	571	575	579	584	588	594	597	601	611	614	/
1A_NB	41	a	548	556	560	570	575	578	583	588	592	597	601	604	614	619	623
1A_NB	41	d	549	558	562	571	576	580	584	589	593	599	602	606	616	620	/
1A_NB	42	a	553	561	565	575	580	583	588	592	597	602	606	609	619	624	628
1A_NB	42	d	554	563	567	576	581	585	589	594	598	604	607	611	621	625	/
1A_NB	43	a	558	566	570	581	586	589	593	597	602	607	611	615	624	629	633
1A_NB	43	d	559	568	572	582	587	590	594	599	603	609	613	617	626	630	/
1A_NB	44	a	563	571	575	586	591	594	598	602	606	612	616	620	629	633	638
1A_NB	44	d	564	573	577	587	592	595	599	604	608	614	618	622	631	635	/
1A_NB	45	a	569	578	582	593	599	604	609	613	616	622	626	630	640	643	647
1A_NB	45	d	570	580	584	595	601	606	610	614	617	624	628	632	641	645	/
1A_NB	46	a	583	592	596	608	613	618	622	626	630	635	638	641	651	654	658
1A_NB	46	d	584	594	598	609	615	619	623	627	631	636	639	643	652	656	/
1A_NB	47	a	613	623	626	637	643	648	652	655	658	664	668	672	681	684	689
1A_NB	47	d	614	624	628	639	645	649	653	656	660	666	669	673	682	686	/
1A_NB	48	a	643	652	656	666	673	678	681	685	689	695	698	701	711	715	719
1A_NB	48	d	644	654	658	668	675	679	683	686	690	696	699	702	712	716	/
1A_NB	49	a	672	682	686	696	703	707	711	715	719	725	728	731	740	744	748
1A_NB	49	d	673	684	688	698	705	708	712	716	720	726	729	732	741	745	/
1A_NB	50	a	698	707	710	720	727	731	735	739	743	749	754	758	767	772	777
1A_NB	50	d	699	708	711	722	728	733	736	741	744	751	756	759	769	774	/
1A_NB	51	a	725	734	738	747	753	757	762	767	770	777	780	785	794	799	803
1A_NB	51	d	726	735	740	749	755	759	764	768	772	778	782	787	796	800	/
1A_NB	52	a	751	761	765	777	783	787	791	796	800	805	808	811	818	822	827
1A_NB	52	d	752	763	767	779	784	788	793	797	801	806	809	812	819	824	/
1A_NB	53	a	779	790	793	805	811	816	820	825	829	834	837	840	847	852	856
1A_NB	53	d	780	791	795	807	813	817	822	826	830	835	838	842	849	853	/
1A_NB	54	a	807	817	822	830	835	838	842	846	850	855	859	862	871	874	879
1A_NB	54	d	808	819	823	831	836	839	843	848	851	857	860	864	872	876	/
1A_NB	55	a	816	827	830	840	846	851	856	860	863	868	871	875	884	887	891
1A_NB	55	d	817	828	831	842	848	853	857	861	864	869	873	877	885	889	/
1A_NB	56	a	823	834	838	848	854	858	862	867	871	877	880	884	893	897	901
1A_NB	56	d	824	836	839	850	856	859	864	869	872	878	882	885	895	899	/
1A_NB	57	a	831	842	845	854	860	864	869	874	877	883	886	889	898	903	907
1A_NB	57	d	832	843	846	856	862	866	871	875	878	884	887	890	900	904	/
1A_NB	58	a	837	848	851	861	867	871	876	881	884	891	895	898	907	911	915
1A_NB	58	d	838	849	853	863	869	873	878	882	886	893	896	899	908	912	/
1A_NB	59	a	844	856	860	869	875	879	884	888	892	898	901	905	913	917	922
1A_NB	59	d	845	858	861	870	876	881	885	889	893	899	903	907	914	919	/
1A_NB	60	a	850	862	865	874	881	885	890	895	900	906	909	913	920	925	929
1A_NB	60	d	851	863	866	876	882	887	892	897	902	907	911	914	922	926	/
1A_NB	61	a	855	866	870	880	886	891	896	901	906	911	915	918	927	931	935
1A_NB	61	d	856	868	871	881	888	893	898	903	907	913	916	919	928	932	/
1A_NB	62	a	862	873	878	889	896	901	905	909	914	920	924	927	936	941	945
1A_NB	62	d	863	875	880	891	898	902	906	911	916	922	925	928	938	942	/
1A_NB	63	a	868	879	884	896	903	907	912	917	922	928	931	935	944	947	951
1A_NB	63	d	869	881	886	898	905	909	914	919	924	929	932	936	945	948	/
1A_NB	64	a	875	886	890	902	909	913	917	922	927	933	937	941	950	954	958
1A_NB	64	d	876	888	892	904	911	914	919	924	929	935	938	942	952	955	/
2A_NB	1	a	11	15	22	27	31	39	44	48	57	62	67	71	74	77	83	86	90	94
2A_NB	1	d	12	17	24	28	33	41	45	50	59	63	69	72	75	79	85	87	91	/
2A_NB	2	a	36	39	46	51	56	61	64	69	76	81	87	89	92	97	104	106	110	115
2A_NB	2	d	37	41	48	53	57	62	66	70	78	82	88	90	94	99	105	107	112	/
2A_NB	3	a	44	47	54	58	62	68	72	76	86	90	96	99	103	108	114	116	120	125
2A_NB	3	d	45	49	55	59	63	70	73	78	87	91	98	101	105	109	115	117	122	/
2A_NB	4	a	53	56	63	67	72	79	82	86	95	99	106	108	111	115	121	124	128	132
2A_NB	4	d	54	58	64	69	74	80	84	87	97	101	107	109	112	116	123	125	129	/
2A_NB	5	a	61	64	70	75	79	85	89	93	101	105	110	113	117	121	128	130	134	137
2A_NB	5	d	62	65	72	77	81	87	90	94	103	106	112	115	118	122	129	131	135	/
2A_NB	6	a	66	69	76	80	84	90	95	99	107	111	116	118	122	125	133	135	139	142
2A_NB	6	d	67	71	78	82	86	92	96	100	108	112	117	120	123	127	134	136	140	/
2A_NB	7	a	71	74	81	85	89	96	100	104	112	116	121	123	127	130	138	140	144	147
2A_NB	7	d	72	76	83	87	91	97	101	105	113	117	122	125	128	132	139	141	145	/
2A_NB	8	a	76	79	86	90	94	101	105	108	117	121	127	129	132	135	143	145	149	152
2A_NB	8	d	77	81	88	92	96	102	106	110	118	122	128	130	133	137	144	146	150	/
2A_NB	9	a	81	84	91	96	99	106	110	113	122	126	132	134	137	141	148	150	153	157
2A_NB	9	d	82	86	93	97	101	107	111	115	123	127	133	135	138	142	149	151	155	/
2A_NB	10	a	86	89	96	101	104	110	115	118	126	131	137	140	143	147	154	156	159	162
2A_NB	10	d	87	91	98	102	106	112	116	120	128	132	138	141	144	148	155	157	160	/
2A_NB	11	a	91	94	101	106	110	115	120	124	131	136	141	145	148	152	159	161	164	168
2A_NB	11	d	92	96	103	107	111	117	121	125	133	137	143	146	149	153	160	162	165	/
2A_NB	12	a	96	99	106	110	115	120	125	129	136	141	146	150	153	157	164	166	170	174
2A_NB	12	d	97	101	108	112	116	122	126	130	138	142	148	151	154	158	165	167	171	/
2A_NB	13	a	123	127	134	139	144	150	153	156	165	170	176	178	180	185	192	194	199	203
2A_NB	13	d	124	129	136	141	145	151	154	157	167	171	177	179	182	187	193	196	201	/
2A_NB	14	a	152	155	162	166	170	176	180	185	194	199	204	207	210	215	221	223	228	232
2A_NB	14	d	153	157	164	168	172	177	182	186	196	200	205	208	212	217	222	225	230	/
2A_NB	15	a	164	167	174	177	181	187	191	195	204	209	215	218	221	225	231	233	238	242
2A_NB	15	d	165	169	175	179	182	188	192	197	206	211	216	219	222	227	232	235	240	/
2A_NB	16	a	169	172	179	183	187	194	198	202	211	215	220	223	226	231	237	240	244	248
2A_NB	16	d	170	174	181	185	189	196	200	204	212	216	221	224	228	233	239	241	246	/
2A_NB	17	a	174	177	184	188	192	199	203	207	216	220	225	228	231	236	242	245	249	253
2A_NB	17	d	175	179	186	190	194	201	205	209	217	221	226	229	233	238	244	246	251	/
2A_NB	18	a	182	185	191	195	200	206	209	214	222	226	232	235	239	244	251	253	257	262
2A_NB	18	d	183	187	193	197	201	207	211	215	223	228	233	237	241	246	252	254	259	/
2A_NB	19	a	206	209	215	219	224	229	234	237	248	253	260	263	266	270	275	279	283	288
2A_NB	19	d	207	211	217	221	225	231	235	239	250	255	261	264	267	271	277	281	285	/
2A_NB	20	a	236	239	245	249	253	260	264	267	278	283	288	290	292	296	303	306	309	313
2A_NB	20	d	237	241	247	251	255	261	265	269	280	284	289	291	294	298	304	307	310	/
2A_NB	21	a	266	270	275	279	284	289	294	297	307	312	317	320	323	327	332	335	339	343
2A_NB	21	d	267	271	277	281	285	291	295	299	309	313	318	321	324	328	334	336	340	/
2A_NB	22	a	296	300	306	309	313	320	324	328	338	342	347	349	351	355	363	365	369	373
2A_NB	22	d	297	301	307	311	315	321	325	329	339	343	348	350	353	357	364	366	370	/
2A_NB	23	a	326	329	335	339	344	350	354	358	367	370	375	377	381	385	392	395	399	403
2A_NB	23	d	327	331	336	341	345	351	355	359	368	371	376	379	383	387	394	396	400	/
2A_NB	24	a	356	359	364	368	371	376	379	383	390	393	400	403	405	409	415	419	422	426
2A_NB	24	d	357	360	365	369	372	377	381	384	391	395	401	404	406	410	417	420	423	/
2A_NB	25	a	376	380	386	390	394	401	405	409	418	421	426	429	431	435	441	444	448	453
2A_NB	25	d	377	382	388	391	395	402	407	411	419	422	427	430	432	437	443	445	450	/
2A_NB	26	a	387	391	398	402	406	412	417	420	427	430	436	439	443	448	453	457	461	466
2A_NB	26	d	388	393	400	403	408	414	418	421	428	432	437	441	445	449	455	458	463	/
2A_NB	27	a	402	406	412	416	419	425	428	431	438	441	448	451	455	458	463	466	471	476
2A_NB	27	d	403	407	414	417	420	426	429	432	439	443	450	453	456	459	465	468	473	/
2A_NB	28	a	408	412	418	421	425	431	434	438	445	448	454	457	461	465	472	474	478	483
2A_NB	28	d	409	413	419	423	426	432	435	439	446	449	456	459	463	467	473	475	480	/
2A_NB	29	a	413	417	423	426	430	436	439	443	450	454	459	462	466	471	477	479	483	488
2A_NB	29	d	414	418	424	428	431	437	440	444	451	455	461	464	468	472	478	481	485	/
2A_NB	30	a	418	422	427	431	435	442	445	449	456	460	465	467	471	476	482	484	488	493
2A_NB	30	d	419	423	429	433	436	443	446	450	457	461	466	469	473	477	483	486	490	/
2A_NB	31	a	423	426	432	436	441	448	451	454	461	465	471	473	476	481	486	489	493	498
2A_NB	31	d	424	428	434	438	442	449	452	455	462	466	472	474	478	482	488	491	495	/
2A_NB	32	a	429	432	438	441	446	454	457	460	467	471	478	482	484	488	493	496	500	504
2A_NB	32	d	430	434	439	443	448	455	458	461	468	473	480	483	485	489	495	498	501	/
2A_NB	33	a	435	439	445	449	454	459	463	466	474	479	485	488	490	494	500	502	506	511
2A_NB	33	d	436	441	447	451	455	461	464	467	476	480	486	489	491	496	501	504	508	/
2A_NB	34	a	443	447	453	457	462	467	471	475	484	488	494	498	501	505	511	515	520	525
2A_NB	34	d	444	449	454	459	463	469	472	477	486	489	496	500	502	507	513	517	522	/
2A_NB	35	a	460	463	469	473	476	482	487	491	500	505	512	515	519	523	528	531	536	541
2A_NB	35	d	461	465	470	474	477	484	489	493	502	507	513	517	520	524	529	533	538	/
2A_NB	36	a	484	487	493	497	501	506	511	514	524	528	534	538	542	547	552	555	558	562
2A_NB	36	d	485	489	495	499	502	508	512	516	526	530	536	540	544	548	554	556	559	/
2A_NB	37	a	505	508	514	519	523	529	533	538	545	550	555	557	560	564	569	572	577	580
2A_NB	37	d	506	510	516	520	525	530	535	539	547	552	556	559	561	565	571	574	578	/
2A_NB	38	a	513	517	522	526	531	536	540	544	551	555	561	563	565	569	575	577	582	586
2A_NB	38	d	514	518	523	528	532	537	542	545	552	557	562	564	566	571	576	579	584	/
2A_NB	39	a	523	527	532	535	539	546	549	553	563	568	573	576	578	582	587	590	594	599
2A_NB	39	d	524	528	533	536	541	547	551	555	565	569	575	577	579	583	588	591	596	/
2A_NB	40	a	530	533	539	543	546	553	556	560	569	574	580	583	585	590	595	599	603	607
2A_NB	40	d	531	535	541	544	548	554	558	561	571	576	582	584	587	591	597	600	605	/
2A_NB	41	a	537	540	547	550	554	561	565	568	578	582	587	590	593	598	603	606	611	614
2A_NB	41	d	538	542	548	552	556	562	566	570	579	583	589	592	595	599	605	608	612	/
2A_NB	42	a	542	546	552	555	559	566	570	573	583	587	592	595	598	603	608	611	616	620
2A_NB	42	d	543	547	553	557	561	567	571	575	584	588	594	597	600	604	610	613	617	/
2A_NB	43	a	548	552	559	564	568	575	580	584	592	596	601	603	607	612	618	622	626	631
2A_NB	43	d	549	554	561	566	570	577	582	586	593	597	602	605	609	614	620	624	628	/
2A_NB	44	a	569	573	578	581	585	591	596	600	609	613	618	620	624	628	635	638	642	647
2A_NB	44	d	570	574	579	583	587	593	598	602	610	614	619	622	626	630	637	639	644	/
2A_NB	45	a	597	601	607	611	615	621	626	630	638	642	647	650	654	658	664	667	670	673
2A_NB	45	d	598	603	609	613	616	623	628	631	640	643	648	652	655	660	666	668	671	/
2A_NB	46	a	626	630	636	640	644	650	655	658	666	670	675	679	682	686	692	695	699	703
2A_NB	46	d	627	631	637	642	646	652	656	660	668	671	677	680	683	687	693	696	700	/
2A_NB	47	a	656	660	665	669	674	681	684	687	696	700	706	708	712	716	722	724	727	732
2A_NB	47	d	657	661	667	671	675	682	685	689	698	701	707	710	713	717	723	725	729	/
2A_NB	48	a	686	689	696	699	703	710	714	718	727	730	735	739	741	745	751	754	758	762
2A_NB	48	d	687	691	697	701	705	711	715	719	728	731	737	740	742	747	753	755	759	/
2A_NB	49	a	714	717	723	726	729	735	739	743	752	756	762	764	768	773	781	784	787	790
2A_NB	49	d	715	718	724	727	731	736	740	745	753	757	763	766	770	775	783	785	788	/
2A_NB	50	a	719	722	729	732	736	743	748	752	762	766	772	774	777	781	787	790	793	796
2A_NB	50	d	720	724	730	734	738	745	749	754	763	768	773	775	778	782	789	791	794	/
2A_NB	51	a	725	728	735	738	742	748	753	758	768	773	778	780	783	787	793	795	799	802
2A_NB	51	d	726	730	736	739	743	750	755	760	770	774	779	781	784	788	794	796	800	/
2A_NB	52	a	731	734	740	744	749	755	760	765	774	779	784	786	789	793	799	801	805	808
2A_NB	52	d	732	735	742	746	751	757	762	767	776	780	785	787	790	794	800	802	806	/
2A_NB	53	a	736	739	746	750	755	761	766	770	779	784	789	791	794	798	804	807	812	816
2A_NB	53	d	737	741	748	752	757	763	768	772	781	785	790	792	795	799	806	809	813	/
2A_NB	54	a	742	745	752	756	761	767	771	775	784	789	794	796	799	803	810	813	816	821
2A_NB	54	d	743	747	754	758	763	769	773	777	786	790	795	797	800	805	812	814	818	/
2A_NB	55	a	748	751	757	761	766	772	776	780	790	794	801	803	806	810	815	818	821	826
2A_NB	55	d	749	753	759	763	768	774	778	782	791	795	802	804	807	811	817	819	823	/
2A_NB	56	a	754	757	763	767	772	778	783	786	795	800	807	809	812	816	822	824	828	833
2A_NB	56	d	755	759	765	769	774	780	784	787	797	801	808	810	813	818	823	826	830	/
2A_NB	57	a	760	763	769	773	778	783	788	791	801	805	812	815	818	822	827	830	833	838
2A_NB	57	d	761	765	771	775	779	785	789	793	802	806	813	816	819	823	829	831	835	/
2A_NB	58	a	767	770	776	780	784	791	795	798	807	812	818	822	826	831	836	839	843	847
2A_NB	58	d	768	772	778	781	786	792	796	800	809	814	820	824	828	832	838	840	844	/
2A_NB	59	a	796	800	805	810	814	820	823	827	836	840	847	850	853	856	861	865	869	873
2A_NB	59	d	797	801	807	811	815	821	825	829	838	842	848	851	854	857	863	866	870	/
2A_NB	60	a	826	829	835	839	843	849	853	856	866	871	876	879	882	886	891	895	899	903
2A_NB	60	d	827	831	837	840	844	851	854	858	868	872	878	880	883	887	893	896	900	/
2A_NB	61	a	856	860	866	869	872	880	883	887	897	900	907	909	911	914	921	925	928	933
2A_NB	61	d	857	861	867	870	874	881	884	888	898	901	908	910	912	916	923	926	930	/
2A_NB	62	a	861	865	871	874	877	885	888	891	902	906	913	915	918	922	928	931	935	939
2A_NB	62	d	862	866	872	875	879	886	889	893	903	907	914	916	919	923	929	932	936	/
2A_NB	63	a	866	870	876	879	882	890	893	897	907	911	919	923	926	931	936	939	944	948
2A_NB	63	d	867	871	877	880	884	891	895	898	908	913	921	924	928	932	937	941	945	/
2A_NB	64	a	875	878	885	888	893	900	905	909	917	920	926	929	932	935	941	945	949	953
2A_NB	64	d	876	880	886	890	895	902	906	910	918	921	927	930	933	937	943	947	950	/
2A_SB	1	a	16	19	21	25	32	35	39	43	47	53	56	61	66	70	76	79	84	88
2A_SB	1	d	17	20	23	27	33	36	40	45	49	54	57	63	67	71	77	81	86	/
2A_SB	2	a	44	47	51	55	61	64	68	73	78	83	86	92	96	100	106	110	114	117
2A_SB	2	d	45	49	53	57	63	66	70	75	79	84	87	93	97	101	107	111	115	/
2A_SB	3	a	61	66	69	72	77	80	85	89	92	96	99	105	108	111	116	120	124	127
2A_SB	3	d	63	67	70	73	78	82	87	90	93	97	100	106	109	112	117	121	125	/
2A_SB	4	a	74	78	80	84	90	94	98	102	105	110	113	119	123	126	132	136	140	143
2A_SB	4	d	76	79	82	86	92	95	99	103	106	111	114	120	124	128	134	137	141	/
2A_SB	5	a	90	94	97	100	105	108	111	115	119	124	128	134	137	141	146	150	153	156
2A_SB	5	d	92	95	98	101	106	109	113	117	120	125	129	135	138	142	147	151	154	/
2A_SB	6	a	100	104	106	110	115	118	123	128	131	136	140	146	150	153	158	162	165	169
2A_SB	6	d	102	105	107	111	116	120	125	129	132	137	142	148	151	154	159	163	167	/
2A_SB	7	a	116	121	125	129	135	137	142	146	150	157	162	168	172	176	182	186	189	193
2A_SB	7	d	118	123	126	130	136	139	143	148	152	159	164	169	173	177	183	187	190	/
2A_SB	8	a	122	127	131	136	142	145	150	155	160	167	171	177	182	186	192	196	199	203
2A_SB	8	d	124	129	133	138	144	147	152	157	162	169	173	179	183	187	193	197	200	/
2A_SB	9	a	140	144	146	150	156	159	162	167	171	177	181	189	193	197	203	206	209	213
2A_SB	9	d	142	145	148	152	157	160	164	169	173	179	183	190	194	198	204	207	210	/
2A_SB	10	a	147	151	154	159	165	168	172	176	180	186	190	198	202	206	212	215	218	222
2A_SB	10	d	149	152	156	161	166	170	174	178	182	188	192	199	203	207	213	216	219	/
2A_SB	11	a	163	168	172	176	182	186	190	194	198	206	211	217	222	226	233	236	240	243
2A_SB	11	d	165	170	174	178	184	188	192	196	200	208	212	219	223	227	234	237	241	/
2A_SB	12	a	181	186	188	191	197	200	203	206	209	215	220	226	229	234	241	244	247	250
2A_SB	12	d	183	187	189	192	198	201	204	207	210	217	221	227	230	235	242	245	248	/
2A_SB	13	a	197	201	204	208	214	217	222	225	228	234	238	243	247	252	257	261	265	269
2A_SB	13	d	198	203	205	209	216	219	223	226	229	235	239	245	249	253	258	262	266	/
2A_SB	14	a	205	210	214	218	225	228	232	235	238	244	247	254	259	262	268	272	276	279
2A_SB	14	d	207	212	215	219	226	229	233	236	240	245	249	256	260	263	269	273	277	/
2A_SB	15	a	214	220	224	229	235	238	243	247	250	256	260	266	270	274	281	285	289	292
2A_SB	15	d	216	222	226	231	236	240	244	248	252	257	262	267	271	276	283	286	290	/
2A_SB	16	a	236	241	245	249	255	258	261	264	268	274	278	284	289	293	298	301	304	308
2A_SB	16	d	238	243	246	250	256	259	262	265	270	276	280	286	291	294	299	302	305	/
2A_SB	17	a	242	247	251	256	262	266	270	275	279	285	290	296	301	306	312	316	320	323
2A_SB	17	d	244	249	253	258	264	268	272	277	281	287	292	298	303	307	313	317	321	/
2A_SB	18	a	260	264	268	273	280	284	289	294	297	304	307	313	317	321	327	331	335	338
2A_SB	18	d	262	266	270	275	282	286	291	295	299	305	308	315	318	322	328	332	336	/
2A_SB	19	a	283	288	291	295	301	304	308	313	317	322	325	330	335	338	345	350	354	358
2A_SB	19	d	285	290	292	296	303	305	310	315	318	323	326	332	336	340	347	352	356	/
2A_SB	20	a	301	306	309	312	317	320	324	328	331	337	341	346	351	354	361	366	369	372
2A_SB	20	d	303	307	310	313	318	321	325	329	333	339	342	348	352	355	363	367	370	/
2A_SB	21	a	312	317	320	324	330	333	336	339	342	347	350	355	359	362	368	372	375	378
2A_SB	21	d	314	319	322	326	332	334	337	340	343	348	351	356	360	363	369	373	376	/
2A_SB	22	a	330	334	337	340	345	348	352	355	359	365	368	374	377	381	387	391	395	398
2A_SB	22	d	332	335	338	341	346	349	353	356	360	366	369	375	378	382	388	392	396	/
2A_SB	23	a	337	341	345	349	356	359	363	367	370	377	382	388	392	395	402	407	412	416
2A_SB	23	d	339	343	347	351	357	360	364	368	372	379	384	390	393	397	404	409	414	/
2A_SB	24	a	361	365	368	371	377	379	383	386	389	395	400	406	411	416	422	425	429	432
2A_SB	24	d	362	367	369	372	378	380	384	387	391	397	402	408	413	417	423	426	430	/
2A_SB	25	a	367	371	373	376	382	384	389	394	398	404	409	416	420	424	430	433	437	440
2A_SB	25	d	368	372	374	378	383	386	391	396	400	406	411	417	421	425	431	434	438	/
2A_SB	26	a	383	388	391	396	402	405	409	413	416	422	427	433	436	440	445	448	453	456
2A_SB	26	d	385	390	393	398	404	407	411	414	417	424	429	434	437	441	446	450	454	/
2A_SB	27	a	403	407	411	416	422	425	429	433	437	444	448	454	458	462	467	470	474	477
2A_SB	27	d	405	409	413	418	424	427	430	435	439	446	449	455	459	463	468	471	475	/
2A_SB	28	a	421	425	427	430	435	437	440	443	446	453	457	463	468	472	478	481	484	487
2A_SB	28	d	423	426	428	431	436	438	441	444	448	455	459	465	469	473	479	482	485	/
2A_SB	29	a	427	431	434	437	443	446	449	452	456	461	464	470	474	478	484	488	492	495
2A_SB	29	d	429	433	435	438	445	447	450	454	457	462	466	471	475	479	486	490	493	/
2A_SB	30	a	446	450	453	456	461	463	468	473	477	483	486	491	494	498	504	507	510	513
2A_SB	30	d	448	452	454	457	462	465	470	474	478	484	487	492	495	499	505	508	511	/
2A_SB	31	a	451	456	458	461	466	469	474	478	482	488	491	496	500	504	510	513	516	519
2A_SB	31	d	453	457	459	462	467	471	475	479	483	489	492	497	501	505	511	514	517	/
2A_SB	32	a	457	461	463	466	471	475	479	484	487	494	497	503	507	511	517	520	523	527
2A_SB	32	d	458	462	464	467	473	476	481	485	489	495	498	504	508	512	518	521	525	/
2A_SB	33	a	462	466	468	472	477	480	485	489	493	499	502	508	512	516	523	527	532	535
2A_SB	33	d	463	467	469	473	478	482	486	491	494	500	503	509	513	518	525	529	533	/
2A_SB	34	a	467	471	474	479	485	487	492	496	500	507	510	516	521	525	531	534	538	541
2A_SB	34	d	468	473	476	481	486	489	493	498	502	508	511	518	522	526	532	535	539	/
2A_SB	35	a	475	479	483	487	492	494	498	502	506	513	517	524	528	533	539	542	546	549
2A_SB	35	d	476	481	484	488	493	495	499	504	508	514	519	525	530	534	540	543	547	/
2A_SB	36	a	481	485	489	493	498	501	505	509	512	519	524	530	535	540	546	549	553	557
2A_SB	36	d	482	487	490	494	499	502	506	510	514	521	526	532	537	541	547	550	555	/
2A_SB	37	a	499	502	504	509	514	516	520	524	527	533	536	541	544	547	553	556	560	563
2A_SB	37	d	500	503	506	510	515	517	521	525	528	534	537	542	545	548	554	557	561	/
2A_SB	38	a	507	510	513	516	522	525	529	533	537	544	547	552	555	559	564	567	571	575
2A_SB	38	d	508	511	514	518	524	527	531	535	539	545	548	553	556	560	565	568	572	/
2A_SB	39	a	511	515	519	522	528	531	535	539	543	548	552	557	560	564	569	572	576	580
2A_SB	39	d	513	517	520	524	529	533	537	540	544	550	553	558	561	565	570	573	577	/
2A_SB	40	a	523	527	531	534	539	542	545	548	552	558	561	566	569	573	578	581	585	588
2A_SB	40	d	525	529	532	535	540	543	546	549	554	559	563	567	570	574	579	582	586	/
2A_SB	41	a	537	541	544	548	554	556	559	563	567	573	577	582	585	589	594	597	601	604
2A_SB	41	d	539	542	545	549	555	557	561	565	568	574	578	583	586	590	595	598	602	/
2A_SB	42	a	543	546	549	553	559	561	564	568	573	578	582	587	590	594	599	602	605	609
2A_SB	42	d	544	547	550	554	560	562	566	570	574	579	583	588	591	595	600	603	607	/
2A_SB	43	a	548	551	554	557	563	566	569	573	578	583	587	592	595	599	605	608	611	614
2A_SB	43	d	549	552	555	559	565	567	571	575	579	584	588	593	596	600	606	609	612	/
2A_SB	44	a	553	556	558	562	568	572	576	579	583	588	592	597	600	604	610	613	616	619
2A_SB	44	d	554	557	560	564	570	573	577	580	584	589	593	598	601	605	611	614	617	/
2A_SB	45	a	558	562	564	567	573	577	581	584	588	593	597	602	605	609	615	618	621	624
2A_SB	45	d	559	563	565	569	575	578	582	586	589	594	598	603	606	610	616	619	622	/
2A_SB	46	a	563	567	569	572	579	582	586	590	593	598	602	608	611	615	622	625	628	631
2A_SB	46	d	564	568	570	574	580	583	587	591	594	599	603	609	612	616	623	626	629	/
2A_SB	47	a	569	573	575	579	585	588	592	596	599	605	608	614	617	622	630	633	638	641
2A_SB	47	d	570	574	577	580	586	589	593	597	600	606	609	615	619	624	631	635	639	/
2A_SB	48	a	599	602	605	609	614	616	619	622	627	632	636	642	647	652	660	663	668	672
2A_SB	48	d	600	604	607	610	615	617	620	624	628	634	638	644	649	654	661	665	669	/
2A_SB	49	a	629	633	636	639	643	646	649	652	657	663	667	673	677	682	689	693	698	702
2A_SB	49	d	630	634	637	640	644	647	650	654	658	664	668	674	679	684	691	695	699	/
2A_SB	50	a	659	662	664	667	673	675	679	683	687	692	696	702	707	712	719	723	727	731
2A_SB	50	d	660	663	665	668	674	676	680	684	688	694	698	704	709	714	721	725	728	/
2A_SB	51	a	664	667	669	672	678	680	684	688	692	698	702	708	712	717	724	728	732	736
2A_SB	51	d	665	668	670	673	679	681	685	689	694	700	704	710	714	719	726	730	733	/
2A_SB	52	a	669	672	674	677	683	685	689	693	697	703	707	713	717	722	729	733	737	741
2A_SB	52	d	670	673	675	678	684	686	690	694	699	705	709	715	719	724	731	735	738	/
2A_SB	53	a	674	677	680	683	689	692	695	699	703	708	712	718	723	727	734	738	742	746
2A_SB	53	d	675	678	681	684	690	693	696	700	704	710	714	720	724	729	736	740	743	/
2A_SB	54	a	679	682	685	688	694	697	700	704	707	714	717	723	728	732	739	743	747	751
2A_SB	54	d	680	683	686	689	695	698	701	705	709	715	719	725	729	734	741	745	748	/
2A_SB	55	a	684	687	690	693	698	702	705	708	712	719	722	729	733	737	744	748	753	756
2A_SB	55	d	685	688	691	694	700	703	706	710	714	720	724	730	734	739	746	750	754	/
2A_SB	56	a	689	693	696	699	704	706	711	714	718	724	727	734	737	742	749	753	758	761
2A_SB	56	d	690	694	697	700	705	708	712	716	719	725	729	735	739	744	751	755	759	/
2A_SB	57	a	695	699	702	705	712	714	718	721	725	732	735	741	745	750	756	759	763	766
2A_SB	57	d	696	700	703	707	713	715	719	723	727	733	737	743	747	751	757	760	764	/
2A_SB	58	a	725	729	732	735	741	744	748	751	755	762	766	772	776	780	786	789	793	797
2A_SB	58	d	726	730	733	737	742	745	749	753	757	763	767	773	777	781	787	790	794	/
2A_SB	59	a	755	758	762	765	771	773	778	781	785	791	795	800	804	808	815	818	822	825
2A_SB	59	d	756	760	763	767	772	775	779	783	787	793	796	801	805	809	816	819	823	/
2A_SB	60	a	784	788	792	796	801	804	808	812	816	822	825	830	834	837	842	846	849	852
2A_SB	60	d	785	790	793	797	802	805	809	813	817	823	826	831	835	838	843	847	850	/
2A_SB	61	a	814	818	821	825	831	834	837	840	844	850	854	859	862	866	872	875	879	882
2A_SB	61	d	815	820	822	826	832	835	838	841	845	851	855	860	863	867	873	876	880	/
2A_SB	62	a	844	848	851	854	860	863	867	870	873	878	881	886	890	894	900	904	907	910
2A_SB	62	d	845	850	852	856	862	865	868	871	874	879	882	887	891	895	901	905	908	/
2A_SB	63	a	863	866	869	872	879	881	886	889	893	900	904	911	915	920	928	933	936	940
2A_SB	63	d	864	868	870	874	880	883	887	891	895	902	906	912	917	922	930	934	937	/
2A_SB	64	a	892	896	898	903	908	911	915	919	923	930	934	940	944	949	956	959	962	965
2A_SB	64	d	893	897	900	904	909	913	916	920	924	931	936	941	946	951	957	960	963	/
3A_SB	1	a	8	13	17	25	28	32	37	41	44	48	52	56	60	65	69	74	78
3A_SB	1	d	9	15	19	26	29	34	38	42	45	50	54	57	62	66	70	75	/
3A_SB	2	a	38	43	48	54	58	62	66	69	73	78	83	86	91	95	99	104	108
3A_SB	2	d	39	45	49	55	59	63	67	71	75	80	84	87	92	96	100	105	/
3A_SB	3	a	63	68	73	79	82	87	92	97	102	106	110	112	117	121	125	130	133
3A_SB	3	d	64	70	74	80	84	89	94	99	104	107	111	113	118	122	126	131	/
3A_SB	4	a	75	80	84	91	96	100	105	110	114	119	124	127	132	136	140	145	150
3A_SB	4	d	76	82	86	93	98	102	107	112	116	121	125	128	133	137	141	147	/
3A_SB	5	a	94	99	102	107	111	115	118	122	127	131	136	138	142	145	149	155	159
3A_SB	5	d	95	100	103	109	113	116	119	124	128	133	137	139	143	146	150	157	/
3A_SB	6	a	107	114	117	123	128	133	137	142	146	150	154	157	161	165	168	174	178
3A_SB	6	d	108	115	118	125	130	135	139	144	148	152	155	158	162	166	169	175	/
3A_SB	7	a	131	137	141	147	151	155	159	163	167	171	175	178	182	186	190	196	199
3A_SB	7	d	132	139	143	149	152	156	160	164	169	173	176	179	183	187	191	197	/
3A_SB	8	a	146	151	156	162	166	169	173	177	181	185	188	191	195	199	203	208	211
3A_SB	8	d	147	153	158	164	167	170	174	178	182	186	189	192	196	200	204	209	/
3A_SB	9	a	162	167	172	179	183	187	190	194	198	201	204	206	210	214	218	223	226
3A_SB	9	d	163	169	174	181	184	188	191	195	199	202	205	207	211	215	219	224	/
3A_SB	10	a	170	176	180	186	189	193	196	200	204	207	210	213	218	222	226	232	236
3A_SB	10	d	171	177	181	187	190	194	197	201	205	208	211	214	219	223	227	233	/
3A_SB	11	a	186	192	195	200	205	210	215	220	224	228	233	235	240	244	248	254	257
3A_SB	11	d	187	193	196	202	207	212	217	222	226	230	234	236	241	245	249	255	/
3A_SB	12	a	201	206	211	216	220	224	229	232	235	238	242	245	250	254	258	264	268
3A_SB	12	d	202	208	212	218	222	226	230	233	236	240	243	246	251	255	259	266	/
3A_SB	13	a	212	217	220	225	228	232	237	241	245	250	254	256	260	263	267	273	277
3A_SB	13	d	213	218	221	226	229	234	239	243	247	252	255	257	261	264	268	274	/
3A_SB	14	a	225	230	235	241	244	249	254	259	263	268	273	276	281	284	287	293	298
3A_SB	14	d	226	232	236	242	246	251	256	261	265	270	274	277	282	285	288	295	/
3A_SB	15	a	254	259	262	267	270	273	276	280	284	287	290	293	299	303	308	314	317
3A_SB	15	d	255	260	263	268	271	274	277	282	285	288	291	295	301	305	309	315	/
3A_SB	16	a	264	269	272	277	280	283	286	291	294	297	301	304	308	311	315	320	323
3A_SB	16	d	265	270	273	278	281	284	288	292	295	299	302	305	309	312	316	321	/
3A_SB	17	a	269	274	277	282	285	289	292	296	299	303	307	310	314	318	323	329	332
3A_SB	17	d	270	275	278	283	286	290	293	297	300	304	308	311	315	320	325	330	/
3A_SB	18	a	279	284	288	294	297	301	305	309	312	317	321	324	329	332	336	340	344
3A_SB	18	d	280	285	289	295	298	302	306	310	314	319	322	325	330	333	337	342	/
3A_SB	19	a	284	289	294	300	304	307	311	315	319	323	326	329	334	337	341	346	350
3A_SB	19	d	285	291	295	301	305	308	312	316	320	324	327	330	335	338	343	348	/
3A_SB	20	a	305	310	313	318	321	326	331	334	338	342	346	348	352	356	360	365	368
3A_SB	20	d	306	311	314	319	323	328	332	336	340	344	347	349	353	357	361	366	/
3A_SB	21	a	319	324	328	334	338	343	347	350	355	359	363	365	369	373	376	382	385
3A_SB	21	d	320	325	330	336	340	345	348	352	357	361	364	366	370	374	377	383	/
3A_SB	22	a	334	339	343	349	352	356	359	362	366	370	374	377	381	385	389	394	398
3A_SB	22	d	335	341	345	350	353	357	360	363	368	372	375	378	382	386	390	395	/
3A_SB	23	a	346	351	355	361	365	370	375	380	385	389	393	396	400	404	407	413	417
3A_SB	23	d	347	352	357	363	367	372	377	382	387	391	394	397	402	405	408	415	/
3A_SB	24	a	374	380	384	390	395	399	403	407	411	416	421	423	428	431	435	440	444
3A_SB	24	d	375	382	386	392	396	400	404	409	413	418	422	424	429	432	436	441	/
3A_SB	25	a	386	392	395	401	405	409	412	416	419	423	427	429	434	438	442	447	451
3A_SB	25	d	387	393	396	402	406	410	413	417	420	424	428	430	435	439	443	448	/
3A_SB	26	a	401	407	412	419	423	427	430	433	436	439	443	446	450	453	457	462	466
3A_SB	26	d	402	409	414	420	424	428	431	434	437	440	444	447	451	454	458	464	/
3A_SB	27	a	407	413	418	424	428	433	437	442	445	448	452	455	459	463	467	474	477
3A_SB	27	d	408	415	419	425	430	435	439	443	446	449	453	456	461	464	469	475	/
3A_SB	28	a	436	442	447	453	458	463	468	471	474	477	482	485	489	493	496	501	505
3A_SB	28	d	437	444	449	455	460	465	469	472	475	479	483	486	490	494	497	502	/
3A_SB	29	a	450	455	459	465	469	474	479	483	488	493	497	500	504	507	511	516	520
3A_SB	29	d	451	456	460	467	471	476	481	485	490	495	498	501	505	508	512	518	/
3A_SB	30	a	461	466	471	478	481	484	488	492	496	500	504	507	511	515	518	523	526
3A_SB	30	d	462	468	473	479	482	485	490	493	497	502	505	508	512	516	519	524	/
3A_SB	31	a	475	481	485	490	493	496	500	504	507	512	516	518	522	526	530	535	539
3A_SB	31	d	476	482	486	491	494	498	502	505	509	514	517	519	523	527	531	536	/
3A_SB	32	a	493	498	502	507	510	514	518	522	526	529	533	536	540	544	547	552	555
3A_SB	32	d	494	499	503	508	511	515	519	523	527	530	534	537	541	545	548	553	/
3A_SB	33	a	498	504	508	513	516	520	524	528	531	534	538	541	545	549	552	557	560
3A_SB	33	d	499	505	509	514	517	521	525	529	532	535	539	542	546	550	553	558	/
3A_SB	34	a	505	511	516	522	526	530	534	538	541	545	548	551	555	558	563	568	571
3A_SB	34	d	506	513	518	524	527	531	535	539	542	546	549	552	556	560	564	569	/
3A_SB	35	a	511	517	521	527	531	535	540	545	548	553	556	558	562	565	569	574	577
3A_SB	35	d	512	518	523	529	532	537	542	546	550	554	557	559	563	566	570	575	/
3A_SB	36	a	523	529	535	542	547	551	555	558	561	565	569	571	576	580	584	589	593
3A_SB	36	d	524	531	537	544	548	552	556	559	562	566	570	572	577	581	585	590	/
3A_SB	37	a	530	536	541	547	552	557	560	563	566	570	573	576	581	585	589	594	598
3A_SB	37	d	531	537	543	549	554	558	561	564	567	571	575	577	582	586	590	595	/
3A_SB	38	a	536	542	547	553	558	561	565	568	571	576	580	583	589	593	598	604	607
3A_SB	38	d	537	544	549	555	559	563	566	569	573	578	582	585	590	595	600	605	/
3A_SB	39	a	542	547	552	558	563	566	570	573	577	581	585	588	594	598	603	609	612
3A_SB	39	d	543	549	554	560	564	568	571	574	578	583	587	590	595	600	605	610	/
3A_SB	40	a	548	553	558	563	568	571	576	579	583	588	591	593	599	603	608	614	617
3A_SB	40	d	549	555	559	565	569	573	577	580	585	589	592	595	601	605	610	615	/
3A_SB	41	a	554	558	563	568	572	576	581	584	588	593	596	598	604	608	613	618	622
3A_SB	41	d	555	560	564	570	574	578	582	586	590	594	597	600	606	610	615	620	/
3A_SB	42	a	578	583	588	594	598	602	606	609	613	617	620	623	628	633	637	642	646
3A_SB	42	d	579	585	589	595	599	603	607	610	615	618	621	624	630	634	638	643	/
3A_SB	43	a	601	606	611	617	620	624	629	634	638	643	647	651	656	659	663	669	672
3A_SB	43	d	602	608	612	618	622	626	631	636	640	645	649	652	657	661	665	670	/
3A_SB	44	a	631	636	641	647	651	655	659	664	668	673	678	680	685	689	694	699	702
3A_SB	44	d	632	638	642	648	652	656	661	666	670	675	679	682	687	691	695	700	/
3A_SB	45	a	661	667	670	677	681	684	689	693	698	702	707	711	716	720	724	728	732
3A_SB	45	d	662	668	672	678	682	686	690	695	699	704	709	712	717	721	725	729	/
3A_SB	46	a	691	696	700	706	710	714	718	723	727	732	737	740	745	749	753	758	762
3A_SB	46	d	692	698	702	708	712	716	720	725	729	734	739	741	746	750	754	759	/
3A_SB	47	a	696	701	705	712	716	720	725	730	734	738	742	745	751	756	761	767	771
3A_SB	47	d	697	703	707	714	718	722	727	732	736	740	744	747	753	758	763	769	/
3A_SB	48	a	716	722	726	733	738	742	746	750	754	758	763	767	771	775	779	784	788
3A_SB	48	d	717	724	728	735	739	743	747	751	755	760	765	768	772	776	780	785	/
3A_SB	49	a	725	730	734	742	747	751	754	759	763	768	772	775	779	784	788	793	798
3A_SB	49	d	726	732	736	744	748	752	756	760	765	769	773	776	781	785	789	795	/
3A_SB	50	a	730	735	740	747	752	756	759	764	768	773	778	781	785	789	793	798	803
3A_SB	50	d	731	737	741	749	753	757	761	766	770	775	780	782	786	790	795	800	/
3A_SB	51	a	743	748	752	757	760	764	768	772	775	779	783	786	790	794	798	803	808
3A_SB	51	d	744	750	753	758	761	765	769	773	776	781	785	787	791	795	800	805	/
3A_SB	52	a	749	755	758	763	767	770	774	778	781	785	788	791	796	800	805	810	815
3A_SB	52	d	750	756	759	765	768	771	775	779	782	786	790	793	798	802	807	812	/
3A_SB	53	a	754	760	764	770	774	778	783	787	791	795	798	801	805	808	813	818	822
3A_SB	53	d	755	762	766	772	776	780	784	788	792	796	799	802	806	810	814	819	/
3A_SB	54	a	759	765	769	775	779	783	788	792	796	800	803	806	810	813	818	823	827
3A_SB	54	d	760	767	771	777	781	785	789	793	797	801	804	807	811	815	819	824	/
3A_SB	55	a	769	774	777	782	786	789	793	797	801	805	808	811	816	819	823	828	831
3A_SB	55	d	770	775	778	783	787	790	794	798	802	806	809	812	817	820	824	829	/
3A_SB	56	a	774	779	783	789	793	796	799	803	807	811	814	816	821	824	828	833	836
3A_SB	56	d	775	780	784	790	794	797	800	804	808	812	815	817	822	825	829	834	/
3A_SB	57	a	779	785	789	795	799	802	805	809	812	816	819	821	826	829	833	838	841
3A_SB	57	d	780	786	790	796	800	803	806	810	813	817	820	822	827	830	834	839	/
3A_SB	58	a	787	793	797	804	808	811	815	819	823	828	831	834	838	841	844	848	851
3A_SB	58	d	788	795	798	805	809	812	816	821	825	829	832	835	839	842	845	849	/
3A_SB	59	a	799	804	808	814	817	821	825	828	832	836	839	842	846	850	853	857	860
3A_SB	59	d	800	806	810	815	818	822	826	829	833	837	840	843	847	851	854	858	/
3A_SB	60	a	820	825	829	836	839	844	849	853	857	860	864	868	872	876	880	886	889
3A_SB	60	d	821	827	831	837	841	846	851	855	858	862	866	869	873	877	881	887	/
3A_SB	61	a	850	855	859	866	870	874	878	882	887	890	894	897	902	905	910	916	919
3A_SB	61	d	851	857	861	867	871	875	879	884	888	892	896	898	903	907	911	917	/
3A_SB	62	a	878	885	889	896	900	904	907	913	917	921	925	927	932	936	940	945	948
3A_SB	62	d	879	887	891	897	901	905	909	914	918	922	926	928	933	937	941	946	/
3A_SB	63	a	908	915	919	925	929	933	936	941	945	949	953	957	961	965	969	974	978
3A_SB	63	d	909	916	920	927	930	934	938	943	947	951	955	958	962	966	970	975	/
3A_SB	64	a	922	929	933	939	942	947	951	956	961	965	969	972	977	981	985	991	994
3A_SB	64	d	923	930	934	940	944	949	953	958	963	967	971	973	979	982	987	992	/
3A_NB	1	a	27	31	34	39	44	47	51	53	58	65	69	72	75	78	82	86	90	94
3A_NB	1	d	28	32	35	41	45	49	52	55	60	66	71	74	76	80	84	87	91	/
3A_NB	2	a	36	40	43	48	52	56	60	63	68	75	80	84	87	91	96	100	104	108
3A_NB	2	d	37	41	44	50	54	58	62	65	70	77	82	86	89	93	98	102	106	/
3A_NB	3	a	51	54	58	62	67	71	75	78	83	88	92	94	96	100	104	107	110	113
3A_NB	3	d	52	55	59	64	69	73	77	80	84	89	93	95	97	101	105	108	111	/
3A_NB	4	a	68	71	74	78	81	86	89	92	97	102	106	108	111	114	118	123	127	130
3A_NB	4	d	69	72	75	79	83	87	90	94	98	103	107	109	112	115	120	124	128	/
3A_NB	5	a	98	101	104	108	112	115	118	120	123	129	133	136	139	143	147	152	156	159
3A_NB	5	d	99	102	105	109	113	116	119	121	124	130	135	138	141	145	149	154	157	/
3A_NB	6	a	104	108	112	116	121	125	130	132	135	141	145	147	149	152	155	159	162	165
3A_NB	6	d	105	110	113	118	123	127	131	133	136	142	146	148	150	153	156	160	163	/
3A_NB	7	a	114	118	123	127	130	133	137	140	144	150	155	157	160	163	166	169	172	175
3A_NB	7	d	115	120	124	128	131	134	138	141	145	152	156	158	161	164	167	170	173	/
3A_NB	8	a	120	123	128	133	137	142	146	150	154	159	163	165	167	170	173	176	179	183
3A_NB	8	d	121	125	130	135	139	144	148	152	155	160	164	166	168	171	174	177	181	/
3A_NB	9	a	134	138	142	147	151	154	157	160	164	170	174	177	180	185	190	193	196	200
3A_NB	9	d	135	140	144	149	152	155	159	162	165	171	175	179	182	187	191	194	197	/
3A_NB	10	a	156	160	163	166	170	173	177	180	184	189	192	194	196	200	203	206	209	212
3A_NB	10	d	157	161	164	168	171	175	179	182	185	190	193	195	197	201	204	207	210	/
3A_NB	11	a	171	175	178	182	185	190	194	198	202	208	211	213	215	218	221	225	229	232
3A_NB	11	d	172	176	179	183	187	192	196	200	203	209	212	214	216	219	222	226	230	/
3A_NB	12	a	182	186	190	195	199	203	207	210	213	219	223	225	227	230	234	238	242	246
3A_NB	12	d	183	188	192	197	200	205	208	211	214	220	224	226	228	231	235	239	243	/
3A_NB	13	a	199	203	206	210	215	220	225	228	232	238	242	245	247	251	255	258	261	265
3A_NB	13	d	200	204	207	212	217	222	227	230	233	239	243	246	248	252	256	259	262	/
3A_NB	14	a	208	212	216	221	226	231	235	238	243	248	252	255	258	263	267	271	274	277
3A_NB	14	d	209	214	218	223	228	233	237	240	244	249	253	257	260	265	269	272	275	/
3A_NB	15	a	226	229	233	238	242	246	249	251	255	261	264	266	268	272	276	279	282	285
3A_NB	15	d	227	230	235	240	243	247	250	252	256	262	265	267	270	273	277	280	283	/
3A_NB	16	a	231	234	239	243	247	252	256	259	262	268	271	274	278	281	286	289	292	296
3A_NB	16	d	232	236	240	245	249	254	257	260	263	269	272	276	279	283	287	290	293	/
3A_NB	17	a	242	245	250	254	259	263	266	269	272	278	281	284	287	292	295	298	301	305
3A_NB	17	d	243	247	251	256	260	264	267	270	273	279	282	285	289	293	296	299	303	/
3A_NB	18	a	254	257	261	265	270	274	278	280	283	289	293	297	300	304	307	310	313	316
3A_NB	18	d	255	259	262	267	271	276	279	281	284	290	295	298	301	305	308	311	314	/
3A_NB	19	a	271	274	278	282	286	291	295	298	302	307	311	314	317	320	323	326	329	333
3A_NB	19	d	272	275	280	284	288	293	296	299	303	308	312	315	318	321	324	327	330	/
3A_NB	20	a	288	291	296	301	305	310	315	318	322	327	331	334	336	339	343	347	350	354
3A_NB	20	d	289	293	298	303	307	312	317	319	323	328	332	335	337	340	344	348	352	/
3A_NB	21	a	307	311	315	319	322	325	329	332	336	341	345	348	351	354	357	362	367	372
3A_NB	21	d	308	312	316	320	323	326	330	333	337	342	346	349	352	355	359	364	369	/
3A_NB	22	a	336	339	342	346	349	352	355	359	363	368	372	375	379	383	387	390	394	397
3A_NB	22	d	337	340	343	347	350	353	357	361	364	369	373	377	381	385	388	392	395	/
3A_NB	23	a	346	349	354	358	361	365	368	370	374	379	382	384	387	390	393	396	399	402
3A_NB	23	d	347	351	356	359	363	366	369	372	375	380	383	385	388	391	394	397	400	/
3A_NB	24	a	355	358	362	365	368	372	376	378	381	387	391	394	397	400	404	408	411	415
3A_NB	24	d	356	360	363	366	370	374	377	379	383	389	392	396	398	402	405	409	412	/
3A_NB	25	a	365	369	373	376	380	384	388	390	394	400	403	406	408	411	414	418	421	426
3A_NB	25	d	366	371	374	377	381	385	389	391	395	401	405	407	409	412	415	419	423	/
3A_NB	26	a	391	395	399	404	407	411	414	417	421	427	431	433	435	439	442	446	450	453
3A_NB	26	d	392	397	401	405	408	412	415	418	422	428	432	434	436	440	443	447	451	/
3A_NB	27	a	408	412	416	421	425	430	434	437	442	448	451	453	455	458	461	465	470	474
3A_NB	27	d	409	414	418	423	427	432	436	439	443	449	452	454	456	459	462	467	471	/
3A_NB	28	a	420	424	429	433	436	439	444	446	451	457	461	463	465	468	472	477	482	486
3A_NB	28	d	421	426	430	434	437	441	445	448	452	458	462	464	466	469	474	479	483	/
3A_NB	29	a	428	432	437	440	444	448	452	455	459	465	468	471	473	476	480	483	487	491
3A_NB	29	d	429	434	438	442	446	450	453	456	460	466	469	472	474	477	481	484	488	/
3A_NB	30	a	452	455	460	464	468	471	475	478	481	486	489	491	493	497	501	504	508	512
3A_NB	30	d	453	457	461	465	469	473	477	479	482	487	490	492	495	498	502	505	509	/
3A_NB	31	a	458	461	465	469	473	476	480	483	487	492	495	497	500	503	507	510	513	516
3A_NB	31	d	459	462	466	470	474	478	482	484	488	493	496	498	501	504	508	511	514	/
3A_NB	32	a	464	467	470	474	478	481	485	488	492	497	501	503	506	509	512	515	518	521
3A_NB	32	d	465	468	471	475	479	483	487	489	493	498	502	504	507	510	513	516	519	/
3A_NB	33	a	475	478	481	485	489	493	497	499	503	509	512	515	518	522	526	530	533	537
3A_NB	33	d	476	479	482	487	490	495	498	500	504	510	513	516	520	524	527	531	535	/
3A_NB	34	a	483	486	490	494	497	501	504	506	510	516	519	522	525	528	531	535	538	543
3A_NB	34	d	484	487	491	495	498	502	505	507	511	517	520	523	526	529	532	536	540	/
3A_NB	35	a	491	494	498	501	504	508	511	513	516	522	525	527	530	534	538	543	548	553
3A_NB	35	d	492	495	499	502	505	509	512	514	517	523	526	528	532	536	540	545	550	/
3A_NB	36	a	502	505	509	514	519	523	526	529	533	538	541	544	547	550	553	558	563	568
3A_NB	36	d	503	506	511	516	521	524	527	530	534	539	542	546	548	551	555	560	565	/
3A_NB	37	a	508	511	516	521	526	531	534	538	542	547	551	554	556	560	564	568	572	576
3A_NB	37	d	509	513	518	523	528	532	536	539	543	548	552	555	557	561	565	569	573	/
3A_NB	38	a	524	528	532	536	540	543	547	549	553	560	564	566	568	572	577	580	585	590
3A_NB	38	d	525	529	533	538	541	545	548	550	555	561	565	567	569	574	578	582	587	/
3A_NB	39	a	542	545	549	553	557	560	564	567	571	577	581	583	585	588	591	595	599	603
3A_NB	39	d	543	547	550	554	558	562	566	569	572	578	582	584	586	589	592	596	600	/
3A_NB	40	a	548	551	554	559	564	567	570	572	576	582	586	589	591	594	597	601	605	610
3A_NB	40	d	549	552	556	561	565	568	571	574	577	583	587	590	592	595	598	602	607	/
3A_NB	41	a	553	556	560	565	570	574	578	580	583	589	593	596	598	601	605	609	613	618
3A_NB	41	d	554	557	562	567	572	575	579	581	584	590	594	597	599	602	606	610	615	/
3A_NB	42	a	558	561	566	571	575	579	583	585	588	594	598	601	605	610	615	619	622	626
3A_NB	42	d	559	563	568	572	577	580	584	586	589	595	599	603	607	612	617	620	623	/
3A_NB	43	a	583	587	591	595	599	603	606	608	612	617	621	623	626	629	633	636	640	645
3A_NB	43	d	584	589	592	596	600	604	607	609	613	619	622	624	627	630	634	638	642	/
3A_NB	44	a	613	617	621	625	628	632	635	637	641	647	650	652	655	658	662	666	670	673
3A_NB	44	d	614	619	622	626	629	633	636	638	642	648	651	654	656	659	663	667	671	/
3A_NB	45	a	643	646	650	654	658	661	664	666	670	676	680	682	684	688	692	695	699	704
3A_NB	45	d	644	648	651	655	659	662	665	667	672	678	681	683	685	689	693	697	701	/
3A_NB	46	a	662	666	669	673	678	682	686	689	693	700	704	708	711	714	717	720	724	728
3A_NB	46	d	663	667	671	675	679	684	688	690	695	702	706	709	712	715	718	721	725	/
3A_NB	47	a	686	690	694	699	702	706	709	712	716	723	727	731	733	736	741	744	747	752
3A_NB	47	d	687	692	696	700	704	707	711	713	717	724	729	732	734	738	742	745	749	/
3A_NB	48	a	693	697	700	704	707	712	715	718	722	728	733	736	738	743	747	751	755	760
3A_NB	48	d	694	698	701	705	709	713	717	719	723	730	734	737	740	744	749	753	757	/
3A_NB	49	a	701	705	709	714	718	722	726	728	732	739	742	744	746	750	755	759	763	767
3A_NB	49	d	702	706	711	716	719	723	727	729	734	740	743	745	747	752	757	761	765	/
3A_NB	50	a	712	716	721	725	728	731	735	738	742	749	753	756	759	763	767	770	773	776
3A_NB	50	d	713	718	722	726	729	732	737	740	744	751	754	758	761	764	768	771	774	/
3A_NB	51	a	740	744	748	752	757	761	764	767	772	777	781	785	787	791	795	798	802	806
3A_NB	51	d	741	745	749	754	758	762	766	769	773	778	783	786	788	792	796	800	803	/
3A_NB	52	a	751	754	757	761	766	770	773	776	780	785	789	793	796	800	805	809	812	815
3A_NB	52	d	752	755	759	763	767	771	775	777	781	786	791	795	797	802	807	810	813	/
3A_NB	53	a	758	761	764	768	771	775	779	781	785	790	794	798	801	806	810	814	817	821
3A_NB	53	d	759	762	765	769	772	777	780	782	786	791	796	800	803	807	812	815	819	/
3A_NB	54	a	763	766	770	775	779	783	787	789	794	800	804	808	812	816	821	825	828	833
3A_NB	54	d	764	768	772	777	780	784	788	791	796	801	806	810	813	818	823	826	830	/
3A_NB	55	a	788	791	796	801	804	807	811	813	817	824	829	833	835	840	843	847	851	855
3A_NB	55	d	789	793	798	802	805	809	812	815	819	826	831	834	837	841	844	849	852	/
3A_NB	56	a	809	813	817	822	826	831	835	837	840	845	850	852	855	858	862	865	868	873
3A_NB	56	d	810	814	819	824	828	833	836	838	841	847	851	854	856	859	863	866	870	/
3A_NB	57	a	829	832	836	840	843	846	849	851	856	862	866	869	872	876	880	883	887	891
3A_NB	57	d	830	833	837	841	844	847	850	853	857	863	867	870	874	877	881	885	888	/
3A_NB	58	a	855	859	863	866	869	873	877	880	884	891	895	898	901	905	909	913	917	921
3A_NB	58	d	856	860	864	867	870	875	879	882	886	892	896	899	903	907	911	915	918	/
3A_NB	59	a	885	888	892	896	899	903	908	910	915	920	924	927	929	934	937	941	944	948
3A_NB	59	d	886	889	894	897	900	905	909	912	916	921	925	928	931	935	939	942	945	/
3A_NB	60	a	898	901	906	911	914	919	922	926	930	937	940	944	948	951	955	959	963	967
3A_NB	60	d	899	903	908	912	916	920	924	928	932	938	942	946	949	952	956	961	964	/
3A_NB	61	a	926	930	934	938	942	947	951	953	958	964	967	969	973	976	981	985	990	994
3A_NB	61	d	927	931	935	940	944	949	952	955	960	965	968	971	974	978	983	987	992	/
3A_NB	62	a	937	941	945	949	953	957	960	964	968	973	976	980	982	986	990	994	997	1001
3A_NB	62	d	938	942	947	951	955	958	962	965	969	974	978	981	984	987	991	995	999	/
3A_NB	63	a	959	962	966	971	974	979	982	986	991	998	1002	1005	1008	1011	1015	1020	1023	1028
3A_NB	63	d	960	964	968	972	976	980	984	988	993	999	1004	1007	1009	1012	1017	1021	1025	/
3A_NB	64	a	985	989	993	998	1003	1007	1010	1013	1017	1022	1027	1031	1033	1036	1040	1045	1050	1055
3A_NB	64	d	986	990	995	1000	1004	1008	1011	1014	1019	1024	1029	1032	1034	1038	1042	1047	1052	/
