RouteID	RunID	Arrivals/Departures	TimePerStop
1A_SB	1	a	15	21	28	30	33	40	43	47	50	54	58	62	65	75	81	85
1A_SB	1	d	16	22	29	31	35	41	44	48	52	55	60	63	66	77	83	/
1A_SB	2	a	36	42	52	54	59	64	67	71	74	78	82	86	89	100	106	109
1A_SB	2	d	37	44	53	56	60	65	68	72	76	80	84	87	91	102	107	/
1A_SB	3	a	50	56	66	70	74	79	82	87	91	94	97	100	103	113	118	123
1A_SB	3	d	51	58	68	71	75	81	84	88	92	95	98	101	104	115	120	/
1A_SB	4	a	61	67	76	78	82	87	89	93	97	100	104	107	111	122	128	132
1A_SB	4	d	62	68	77	79	83	88	90	95	98	102	105	109	112	124	129	/
1A_SB	5	a	71	77	84	86	90	96	99	103	107	111	114	118	123	132	137	141
1A_SB	5	d	72	78	85	87	92	98	100	105	109	112	116	120	124	133	139	/
1A_SB	6	a	78	84	92	94	99	105	107	111	114	117	120	123	128	137	143	146
1A_SB	6	d	79	86	93	96	101	106	108	112	115	118	121	125	129	139	144	/
1A_SB	7	a	83	90	99	101	106	112	115	120	124	128	131	134	138	147	153	158
1A_SB	7	d	85	92	100	103	107	114	117	122	126	129	132	135	140	149	155	/
1A_SB	8	a	103	110	120	123	127	133	136	141	145	149	152	157	161	170	175	178
1A_SB	8	d	105	111	121	125	128	135	138	142	146	150	154	158	163	171	176	/
1A_SB	9	a	118	124	134	136	141	147	149	154	158	162	165	169	172	182	187	192
1A_SB	9	d	120	125	135	138	143	148	151	156	159	163	166	170	174	183	189	/
1A_SB	10	a	128	134	141	143	147	152	155	159	163	167	171	176	180	191	197	200
1A_SB	10	d	130	135	142	144	148	153	156	161	164	169	173	178	181	193	198	/
1A_SB	11	a	135	140	147	150	154	160	164	169	172	176	179	183	187	199	205	209
1A_SB	11	d	136	141	149	152	156	162	165	170	173	177	181	185	189	201	207	/
1A_SB	12	a	163	169	177	179	182	187	189	193	197	200	203	206	210	219	226	230
1A_SB	12	d	164	171	178	180	183	188	190	194	198	201	204	207	212	221	227	/
1A_SB	13	a	171	177	185	188	192	197	201	206	209	214	218	221	225	234	240	244
1A_SB	13	d	172	179	187	190	193	199	202	207	211	216	219	222	226	235	241	/
1A_SB	14	a	180	185	194	197	200	206	209	214	219	224	227	232	236	245	250	254
1A_SB	14	d	181	187	196	198	201	207	210	216	221	225	229	234	237	246	251	/
1A_SB	15	a	188	193	201	204	208	216	220	225	228	231	234	238	241	251	257	262
1A_SB	15	d	189	194	203	206	210	218	221	226	229	232	235	239	243	253	259	/
1A_SB	16	a	195	202	212	215	218	225	228	233	236	240	243	247	252	262	268	273
1A_SB	16	d	196	204	213	216	219	226	229	234	238	241	244	249	254	264	270	/
1A_SB	17	a	203	210	218	221	224	230	233	239	244	248	251	255	259	269	274	278
1A_SB	17	d	204	211	219	222	225	231	235	241	246	249	252	257	260	271	275	/
1A_SB	18	a	223	229	239	241	246	251	254	259	264	268	272	275	279	289	295	299
1A_SB	18	d	224	230	240	243	247	252	255	261	266	270	273	277	281	291	296	/
1A_SB	19	a	236	243	251	253	257	262	265	270	274	277	280	283	286	295	300	304
1A_SB	19	d	238	244	252	255	258	263	266	271	275	278	281	284	288	296	301	/
1A_SB	20	a	245	252	261	263	266	271	273	278	282	285	288	292	295	303	308	312
1A_SB	20	d	247	254	262	264	267	272	274	279	283	286	289	293	296	304	309	/
1A_SB	21	a	251	258	267	269	272	278	280	285	289	293	296	300	304	313	318	321
1A_SB	21	d	253	259	268	270	273	279	281	287	291	294	297	301	305	314	319	/
1A_SB	22	a	256	263	272	274	277	283	285	290	294	298	301	304	309	318	323	326
1A_SB	22	d	258	264	273	275	278	284	286	292	296	299	302	306	310	319	324	/
1A_SB	23	a	265	271	281	284	287	292	296	302	306	310	315	319	322	331	337	342
1A_SB	23	d	266	273	283	285	288	294	298	303	308	312	317	320	323	332	339	/
1A_SB	24	a	278	284	292	295	298	303	305	309	313	317	322	326	330	338	344	347
1A_SB	24	d	279	286	293	296	299	304	306	310	315	319	324	328	331	339	345	/
1A_SB	25	a	283	289	297	300	304	310	312	316	321	325	329	333	337	345	352	356
1A_SB	25	d	284	291	298	301	305	311	313	318	323	326	330	334	338	347	354	/
1A_SB	26	a	296	302	310	313	317	323	326	331	334	338	342	347	352	363	368	371
1A_SB	26	d	297	304	312	314	319	325	328	332	335	340	344	349	354	364	369	/
1A_SB	27	a	309	316	323	325	328	333	335	341	345	349	353	358	363	374	380	383
1A_SB	27	d	310	317	324	326	329	334	337	343	347	350	355	360	364	375	381	/
1A_SB	28	a	327	332	342	345	348	354	357	361	365	369	373	377	382	390	397	401
1A_SB	28	d	328	334	343	346	350	355	358	362	367	371	375	379	383	392	398	/
1A_SB	29	a	340	346	356	359	362	367	369	375	379	382	386	390	394	403	410	415
1A_SB	29	d	341	348	358	360	363	368	371	376	380	384	388	392	396	405	412	/
1A_SB	30	a	362	367	377	380	383	389	392	397	403	407	411	416	420	428	433	437
1A_SB	30	d	363	369	379	381	385	391	393	399	404	408	413	417	421	429	434	/
1A_SB	31	a	387	393	402	404	407	413	417	422	425	428	434	439	443	452	458	463
1A_SB	31	d	388	395	403	405	408	415	418	423	426	430	436	441	444	454	460	/
1A_SB	32	a	413	418	426	429	433	439	442	446	450	453	456	461	465	475	480	484
1A_SB	32	d	414	419	428	431	434	440	443	448	451	454	458	462	466	476	481	/
1A_NB	1	a	12	16	21	30	36	40	43	47	51	57	61	65	68	73	82	89
1A_NB	1	d	13	17	23	31	37	41	45	49	53	58	62	66	70	74	84	/
1A_NB	2	a	26	31	36	43	50	55	58	61	66	72	76	81	85	88	95	101
1A_NB	2	d	27	32	37	45	52	56	59	63	67	74	78	83	86	89	97	/
1A_NB	3	a	30	35	41	48	55	60	65	70	75	81	84	89	92	96	103	108
1A_NB	3	d	32	37	42	50	57	62	67	72	76	82	86	90	93	98	104	/
1A_NB	4	a	40	45	51	58	64	67	72	76	80	87	90	96	100	105	111	117
1A_NB	4	d	42	47	53	59	65	69	73	77	82	88	92	98	102	106	113	/
1A_NB	5	a	54	60	66	73	79	83	87	90	93	98	102	108	112	116	123	130
1A_NB	5	d	56	61	68	75	80	84	88	91	94	100	104	110	113	118	124	/
1A_NB	6	a	66	71	77	85	90	95	99	104	108	113	116	120	122	126	135	142
1A_NB	6	d	68	72	78	86	92	96	101	106	109	114	117	121	123	128	136	/
1A_NB	7	a	94	100	106	113	118	122	127	130	133	139	142	147	149	153	162	168
1A_NB	7	d	96	102	107	114	119	124	128	131	135	140	144	148	150	154	164	/
1A_NB	8	a	101	107	113	120	125	129	133	136	140	145	149	154	156	160	169	175
1A_NB	8	d	103	108	114	121	126	130	134	138	141	147	151	155	157	161	171	/
1A_NB	9	a	115	120	126	134	138	142	146	151	154	161	165	169	171	175	184	191
1A_NB	9	d	116	122	128	135	139	144	148	152	156	162	166	170	172	177	186	/
1A_NB	10	a	126	131	136	142	147	151	156	159	162	169	173	178	181	186	194	200
1A_NB	10	d	127	132	137	144	148	153	157	160	164	171	175	180	183	187	196	/
1A_NB	11	a	133	139	144	150	155	158	163	166	171	177	181	186	189	193	201	207
1A_NB	11	d	135	141	145	151	156	160	164	168	172	179	183	188	190	194	203	/
1A_NB	12	a	139	145	150	158	163	166	171	175	179	185	189	194	196	200	207	212
1A_NB	12	d	141	147	152	159	164	168	172	176	181	187	191	195	198	201	208	/
1A_NB	13	a	146	152	157	165	171	176	181	186	190	195	200	205	208	211	218	224
1A_NB	13	d	148	153	159	167	173	178	183	187	191	197	202	207	209	212	220	/
1A_NB	14	a	157	162	167	175	181	185	190	195	199	205	209	213	216	220	228	234
1A_NB	14	d	159	163	169	177	182	187	192	196	201	206	210	214	218	222	230	/
1A_NB	15	a	166	171	178	187	194	198	202	206	210	215	219	223	226	229	235	240
1A_NB	15	d	168	173	180	189	196	199	203	207	211	217	220	224	227	230	236	/
1A_NB	16	a	184	189	194	201	207	211	215	219	222	228	231	236	238	241	249	254
1A_NB	16	d	186	190	195	203	209	212	216	220	224	229	232	237	239	242	250	/
1A_NB	17	a	210	215	220	226	232	236	241	244	248	253	257	262	265	270	278	285
1A_NB	17	d	212	216	222	227	234	238	242	245	249	255	259	264	267	272	280	/
1A_NB	18	a	217	222	227	235	242	247	252	255	259	265	269	274	278	281	289	296
1A_NB	18	d	219	223	229	237	244	249	253	257	261	267	271	276	279	283	291	/
1A_NB	19	a	243	248	254	261	267	272	276	280	283	288	291	296	300	304	312	318
1A_NB	19	d	245	249	256	262	269	273	277	281	285	289	292	298	301	306	314	/
1A_NB	20	a	253	257	264	270	276	281	286	289	294	298	301	307	310	314	323	330
1A_NB	20	d	254	259	265	272	278	283	287	291	295	299	303	308	311	315	325	/
1A_NB	21	a	260	265	271	280	285	290	294	298	302	308	312	318	322	326	336	342
1A_NB	21	d	262	266	273	281	287	291	296	300	304	309	314	320	324	328	337	/
1A_NB	22	a	285	290	296	304	309	314	318	322	327	332	336	342	345	349	357	362
1A_NB	22	d	287	291	298	305	311	315	319	324	328	334	338	344	347	351	358	/
1A_NB	23	a	294	299	306	315	321	325	330	333	337	341	344	348	351	354	362	368
1A_NB	23	d	296	301	308	317	323	327	331	335	338	342	345	349	352	356	363	/
1A_NB	24	a	308	314	319	327	332	337	341	345	349	356	360	364	368	373	380	387
1A_NB	24	d	310	315	321	328	334	338	343	346	351	358	361	366	370	375	381	/
1A_NB	25	a	332	336	342	350	356	360	364	367	372	378	383	388	391	396	404	410
1A_NB	25	d	334	338	343	351	357	361	365	369	374	380	385	389	393	397	406	/
1A_NB	26	a	352	357	363	370	375	379	384	387	391	396	400	405	408	413	420	426
1A_NB	26	d	354	358	364	371	376	381	385	388	392	398	401	407	410	414	421	/
1A_NB	27	a	375	379	385	394	400	405	410	413	416	422	426	429	432	437	446	453
1A_NB	27	d	376	381	386	396	402	407	411	414	417	424	427	430	433	439	448	/
1A_NB	28	a	383	387	393	404	410	414	418	423	427	431	434	438	442	446	454	460
1A_NB	28	d	384	389	395	406	411	415	420	424	428	432	435	440	443	447	455	/
1A_NB	29	a	394	398	404	411	416	420	424	428	433	437	441	446	450	455	463	469
1A_NB	29	d	395	399	405	412	417	421	425	430	434	438	443	448	452	456	465	/
1A_NB	30	a	401	405	411	419	425	430	434	439	443	448	452	458	461	465	473	478
1A_NB	30	d	402	407	413	421	427	431	436	440	444	449	454	459	462	467	474	/
1A_NB	31	a	424	428	435	444	450	453	458	462	466	471	476	480	484	488	495	500
1A_NB	31	d	425	430	437	445	451	455	459	464	467	473	477	482	485	490	496	/
1A_NB	32	a	450	455	461	469	476	480	485	489	493	499	502	507	511	516	525	530
1A_NB	32	d	451	457	463	471	477	482	487	490	495	500	503	509	513	518	526	/
2A_NB	1	a	4	8	15	18	20	23	30	33	37	45	48	53	55	57	60	66	70	73	76	80	89	93
2A_NB	1	d	5	9	16	19	21	24	31	34	38	46	49	54	56	58	61	67	71	74	77	81	90	/
2A_NB	2	a	9	13	20	23	25	28	35	38	42	50	53	58	60	62	65	71	75	78	82	86	95	99
2A_NB	2	d	10	14	21	24	26	29	36	39	43	51	54	59	61	63	66	72	76	79	83	87	96	/
2A_NB	3	a	14	17	25	28	30	34	40	43	47	54	58	63	66	68	71	77	80	83	87	91	99	104
2A_NB	3	d	15	19	26	29	32	35	41	44	49	56	59	64	67	69	72	78	81	84	88	92	101	/
2A_NB	4	a	19	22	30	33	36	39	45	48	52	59	63	68	71	73	76	82	85	88	92	96	104	108
2A_NB	4	d	20	24	31	34	37	40	46	50	54	61	64	69	72	74	77	83	86	89	93	97	106	/
2A_NB	5	a	26	29	34	38	41	45	52	55	58	65	68	74	77	79	83	90	93	96	100	104	112	115
2A_NB	5	d	27	30	36	39	43	47	53	56	60	66	70	75	78	80	85	91	94	97	101	106	113	/
2A_NB	6	a	44	47	52	55	58	63	68	72	76	83	86	92	95	97	102	109	113	116	121	126	133	137
2A_NB	6	d	45	48	53	56	60	64	70	74	77	84	87	93	96	99	104	111	114	118	123	127	135	/
2A_NB	7	a	49	52	57	61	63	68	73	78	81	88	91	98	101	103	108	114	118	121	126	131	138	142
2A_NB	7	d	50	53	59	62	65	69	75	79	82	89	93	99	102	105	109	116	119	123	128	132	140	/
2A_NB	8	a	54	57	62	66	68	73	78	83	86	93	97	103	106	109	113	120	124	128	132	136	144	148
2A_NB	8	d	55	58	64	67	70	74	80	84	87	94	98	104	107	110	115	122	125	129	133	138	146	/
2A_NB	9	a	59	63	68	71	73	78	84	88	92	100	105	111	114	117	121	126	129	134	138	142	149	153
2A_NB	9	d	60	64	69	72	75	79	85	90	94	102	106	112	115	118	122	127	131	136	139	143	151	/
2A_NB	10	a	64	68	73	76	79	83	89	93	97	105	109	116	119	122	126	131	134	139	143	147	155	158
2A_NB	10	d	65	69	75	77	80	84	90	95	99	107	111	117	121	123	127	132	136	141	144	149	156	/
2A_NB	11	a	69	73	78	81	85	89	95	100	103	110	114	121	125	127	131	136	140	144	148	152	159	163
2A_NB	11	d	70	74	80	83	86	90	97	101	104	112	116	123	126	128	132	137	141	146	149	154	161	/
2A_NB	12	a	75	78	85	88	92	95	101	105	108	116	120	126	130	133	138	144	148	152	156	160	166	171
2A_NB	12	d	76	80	87	90	93	96	102	106	109	118	122	128	132	135	139	145	149	154	158	161	168	/
2A_NB	13	a	82	85	91	94	98	101	107	111	115	124	128	133	136	138	143	150	154	158	162	165	172	176
2A_NB	13	d	83	86	92	96	99	102	108	113	117	125	129	134	137	140	145	151	155	160	163	166	173	/
2A_NB	14	a	99	103	109	113	116	119	124	128	132	140	144	149	151	153	157	163	167	172	176	179	186	189
2A_NB	14	d	100	105	111	114	117	120	125	130	134	142	145	150	152	154	158	164	169	174	177	180	187	/
2A_NB	15	a	116	119	125	128	131	135	143	147	150	160	164	171	175	177	180	187	191	195	200	204	213	218
2A_NB	15	d	117	121	127	129	133	137	144	148	152	162	166	173	176	178	182	188	192	197	201	206	215	/
2A_NB	16	a	131	134	140	142	145	148	154	157	161	171	175	181	184	187	192	199	202	206	211	216	225	230
2A_NB	16	d	132	135	141	144	146	150	155	158	163	172	176	182	186	189	194	200	204	208	213	217	227	/
2A_NB	17	a	136	139	146	149	152	157	162	165	169	178	183	189	192	194	198	204	208	212	216	221	230	235
2A_NB	17	d	137	141	148	151	154	158	163	166	171	180	185	190	193	195	199	206	210	214	218	222	232	/
2A_NB	18	a	148	151	158	161	164	168	174	178	182	191	196	201	204	206	210	216	220	223	228	232	238	242
2A_NB	18	d	149	153	160	163	166	169	176	179	184	193	197	202	205	207	211	217	221	225	230	233	239	/
2A_NB	19	a	163	166	172	174	177	180	187	190	195	203	206	212	216	219	224	229	233	237	241	245	253	256
2A_NB	19	d	164	167	173	176	178	181	188	192	197	204	208	214	218	221	225	230	234	238	243	247	254	/
2A_NB	20	a	168	172	179	183	185	188	196	200	205	213	217	222	226	229	233	238	242	247	250	254	263	266
2A_NB	20	d	169	174	181	184	186	190	197	202	207	215	218	224	227	231	234	239	244	248	252	256	264	/
2A_NB	21	a	179	182	188	192	195	198	204	209	214	223	226	232	235	238	241	247	251	255	259	264	272	276
2A_NB	21	d	180	183	190	194	196	199	206	211	215	224	227	233	236	239	242	249	252	256	261	265	274	/
2A_NB	22	a	188	191	198	201	204	207	214	218	223	230	234	240	242	246	251	258	262	265	269	273	281	284
2A_NB	22	d	189	193	199	203	205	209	215	220	225	232	235	241	244	248	253	259	263	266	271	274	282	/
2A_NB	23	a	199	202	207	210	213	217	223	227	231	238	243	249	252	255	260	266	271	274	278	282	291	296
2A_NB	23	d	200	203	208	211	214	218	224	229	233	240	244	251	253	257	262	268	272	275	280	284	293	/
2A_NB	24	a	205	208	214	217	221	225	232	237	240	248	253	259	263	265	269	275	280	284	287	291	297	302
2A_NB	24	d	206	210	215	219	222	226	234	238	242	250	254	261	264	266	270	276	282	285	288	292	299	/
2A_NB	25	a	214	218	224	227	229	232	239	244	247	254	258	264	268	272	277	284	288	292	296	300	308	312
2A_NB	25	d	215	220	226	228	230	233	241	245	248	255	259	266	270	274	279	285	290	294	297	302	309	/
2A_NB	26	a	219	223	229	232	234	238	245	249	253	263	267	274	278	281	285	292	297	300	304	308	316	320
2A_NB	26	d	220	225	231	233	236	239	246	251	255	264	269	276	279	282	286	294	298	302	306	310	317	/
2A_NB	27	a	239	243	249	252	254	258	266	269	273	281	285	292	294	296	300	306	309	312	316	321	330	335
2A_NB	27	d	240	244	251	253	255	260	267	271	275	283	287	293	295	298	301	307	310	314	318	323	332	/
2A_NB	28	a	244	248	254	258	261	265	273	276	279	287	291	298	302	305	309	316	321	325	329	333	342	347
2A_NB	28	d	245	249	256	259	262	267	274	277	281	288	293	300	304	306	311	318	322	326	331	335	344	/
2A_NB	29	a	260	264	270	272	275	279	285	289	292	298	303	309	313	315	318	324	329	333	336	339	347	352
2A_NB	29	d	261	266	271	274	277	281	287	290	293	300	304	311	314	316	320	326	331	334	337	340	349	/
2A_NB	30	a	274	277	283	287	289	293	299	303	307	314	318	326	330	332	335	341	345	349	353	357	363	368
2A_NB	30	d	275	278	285	288	291	294	301	305	308	316	320	328	331	333	337	342	347	351	354	358	365	/
2A_NB	31	a	287	290	294	297	300	304	312	316	321	329	333	338	342	345	348	354	359	363	367	370	378	382
2A_NB	31	d	288	291	295	299	302	306	314	318	323	331	334	340	344	346	350	356	361	365	368	371	380	/
2A_NB	32	a	301	305	310	313	316	320	327	332	335	341	345	351	354	357	361	368	373	377	381	384	392	397
2A_NB	32	d	302	306	311	315	318	321	329	333	336	343	347	353	356	359	363	370	375	378	382	385	394	/
2A_SB	1	a	20	23	32	36	40	44	48	53	56	60	63	66	71	75	81	86	89	94	97	100	103	106	116	121
2A_SB	1	d	21	25	34	38	42	45	49	54	58	61	64	67	72	76	83	87	90	95	98	101	104	107	118	/
2A_SB	2	a	26	29	37	41	45	49	53	58	61	65	69	72	77	81	87	91	95	100	103	106	109	112	122	128
2A_SB	2	d	27	30	39	43	47	50	54	60	63	67	70	73	78	82	88	92	96	101	104	107	110	113	124	/
2A_SB	3	a	49	52	59	63	68	70	73	79	82	85	88	91	96	101	108	112	117	124	127	130	135	140	151	158
2A_SB	3	d	50	54	60	65	69	71	75	80	83	86	89	92	98	103	110	114	119	125	128	132	137	141	153	/
2A_SB	4	a	55	58	67	72	77	80	84	90	93	97	102	107	114	118	123	127	131	138	141	145	148	152	165	170
2A_SB	4	d	56	60	69	74	79	82	86	92	95	99	104	109	115	119	125	128	132	139	142	146	149	153	166	/
2A_SB	5	a	64	68	77	82	87	90	95	101	104	109	113	117	124	129	134	138	142	148	151	154	158	162	176	181
2A_SB	5	d	66	70	79	84	89	92	97	103	106	111	115	119	126	131	136	140	143	149	152	155	159	164	177	/
2A_SB	6	a	77	81	92	95	99	101	105	112	115	120	124	127	132	136	141	144	147	154	158	161	166	171	183	189
2A_SB	6	d	79	83	93	96	100	102	106	113	117	122	125	128	133	137	142	145	149	156	159	163	168	172	185	/
2A_SB	7	a	91	95	103	106	110	112	115	122	125	129	132	135	142	145	150	153	157	162	165	169	172	176	189	195
2A_SB	7	d	93	96	104	107	111	113	116	123	126	130	133	137	143	146	151	154	158	163	167	170	173	178	191	/
2A_SB	8	a	112	115	122	127	130	134	137	142	145	148	152	155	161	165	170	173	177	183	186	189	192	196	209	214
2A_SB	8	d	114	117	124	128	132	135	138	143	146	150	153	156	163	166	171	174	178	184	187	190	194	197	210	/
2A_SB	9	a	122	124	132	137	142	145	149	155	158	161	164	168	174	178	183	187	192	198	201	204	208	211	225	230
2A_SB	9	d	123	126	134	139	144	147	150	156	159	162	166	169	175	179	185	189	193	199	202	205	209	213	226	/
2A_SB	10	a	140	142	149	153	157	159	163	169	171	174	177	180	186	191	198	202	206	213	215	218	222	225	238	244
2A_SB	10	d	141	143	151	154	158	161	164	170	172	175	178	182	188	193	200	203	207	214	216	219	223	227	240	/
2A_SB	11	a	152	154	161	165	168	170	173	180	183	186	190	193	198	201	207	210	213	219	221	224	227	231	243	249
2A_SB	11	d	153	156	163	166	169	171	174	181	184	187	191	195	199	202	208	211	214	220	222	225	228	232	245	/
2A_SB	12	a	164	167	175	179	184	187	192	200	203	206	209	212	217	221	228	231	235	241	243	246	250	253	268	273
2A_SB	12	d	165	169	177	181	186	189	194	201	204	207	210	213	218	222	229	232	236	242	244	247	251	254	269	/
2A_SB	13	a	175	178	185	189	193	195	200	209	212	217	221	224	229	233	239	243	247	252	255	258	262	266	278	285
2A_SB	13	d	176	179	187	190	194	197	202	211	214	218	222	225	230	234	240	244	248	254	256	259	264	267	280	/
2A_SB	14	a	188	190	198	201	206	208	212	218	221	226	230	233	238	242	248	252	256	262	265	268	272	276	289	296
2A_SB	14	d	189	191	199	203	207	209	213	220	223	228	231	234	240	243	249	253	257	263	266	269	274	278	291	/
2A_SB	15	a	199	201	209	213	217	219	222	228	231	235	238	241	246	249	256	260	264	270	272	275	279	282	295	301
2A_SB	15	d	200	203	210	214	218	220	223	229	232	236	239	242	247	251	257	261	265	271	273	276	280	284	296	/
2A_SB	16	a	204	206	214	218	222	224	228	234	237	241	245	249	254	258	264	269	272	278	280	283	287	291	305	311
2A_SB	16	d	205	208	215	219	223	225	229	235	238	242	246	250	255	259	266	270	273	279	281	284	288	293	307	/
2A_SB	17	a	212	215	224	227	230	233	237	243	246	250	254	257	263	268	275	279	282	289	293	297	300	304	316	321
2A_SB	17	d	214	217	225	228	231	234	238	244	247	251	255	258	265	270	277	280	284	291	294	298	301	306	317	/
2A_SB	18	a	222	225	232	236	240	243	247	255	258	261	265	268	274	278	284	287	291	297	300	304	308	313	328	334
2A_SB	18	d	224	227	234	238	242	245	249	256	259	262	266	269	275	279	285	288	292	298	301	306	310	315	330	/
2A_SB	19	a	232	235	242	246	250	253	256	262	265	268	272	275	280	284	291	295	300	306	309	313	316	321	335	340
2A_SB	19	d	233	237	244	248	252	254	257	263	266	269	273	276	281	286	293	297	301	307	310	314	318	322	336	/
2A_SB	20	a	238	241	249	252	255	258	261	268	271	275	280	283	288	292	299	304	309	315	318	321	325	329	343	348
2A_SB	20	d	239	242	250	253	257	259	263	269	272	277	281	284	290	294	301	306	310	316	319	322	326	330	344	/
2A_SB	21	a	243	245	254	258	262	265	269	274	277	281	285	288	294	298	304	309	314	320	323	326	330	335	349	354
2A_SB	21	d	244	247	255	260	264	267	270	275	278	282	286	290	296	300	306	311	315	321	324	327	332	336	350	/
2A_SB	22	a	252	254	261	266	269	271	275	280	284	288	291	294	300	305	311	315	319	325	328	331	336	341	355	361
2A_SB	22	d	253	256	263	267	270	272	276	282	286	289	292	296	302	307	312	316	320	326	329	333	338	342	357	/
2A_SB	23	a	261	264	270	274	278	280	284	290	293	296	299	302	308	313	318	321	326	332	335	339	344	348	362	368
2A_SB	23	d	262	265	271	275	279	281	285	291	294	297	300	303	310	314	319	323	327	333	337	341	346	349	363	/
2A_SB	24	a	266	269	277	281	285	287	290	296	299	303	306	309	315	320	326	329	334	340	344	348	352	355	369	375
2A_SB	24	d	267	270	278	282	286	288	291	297	300	304	307	310	317	321	327	331	336	342	346	350	353	356	370	/
2A_SB	25	a	271	274	283	287	290	292	295	301	304	308	311	314	320	325	331	335	340	346	350	353	357	360	373	379
2A_SB	25	d	272	276	285	288	291	293	296	302	305	309	312	316	322	326	333	337	342	348	351	355	358	361	375	/
2A_SB	26	a	278	281	289	292	295	297	300	306	309	314	318	321	327	331	337	341	345	352	355	358	362	365	378	384
2A_SB	26	d	279	282	290	293	296	298	301	307	311	315	319	323	328	333	339	342	347	353	356	360	363	366	380	/
2A_SB	27	a	285	288	295	298	302	304	308	314	316	319	323	326	332	337	343	346	350	357	360	364	368	371	384	389
2A_SB	27	d	286	289	296	300	303	305	309	315	317	320	324	328	334	339	344	347	352	358	362	366	369	372	385	/
2A_SB	28	a	304	307	315	318	323	325	329	334	337	341	346	349	355	358	364	367	372	379	382	386	390	394	406	412
2A_SB	28	d	305	309	316	320	324	326	330	336	338	343	347	350	356	359	365	369	374	380	384	388	392	395	407	/
2A_SB	29	a	313	316	322	325	329	332	337	343	347	350	355	359	364	368	374	377	381	386	390	394	398	402	414	420
2A_SB	29	d	314	317	323	326	331	334	339	345	348	352	357	360	366	370	375	378	382	388	392	395	400	403	415	/
2A_SB	30	a	326	328	335	338	342	345	349	355	359	363	367	372	377	380	385	389	393	399	402	406	411	416	428	434
2A_SB	30	d	327	330	336	339	344	347	351	357	361	364	369	373	378	381	387	391	395	401	404	408	413	417	429	/
2A_SB	31	a	338	341	348	351	354	357	361	367	370	374	377	381	387	390	395	398	401	407	410	413	417	422	433	440
2A_SB	31	d	339	343	349	352	356	359	363	368	372	375	379	382	388	391	396	399	403	408	411	414	419	423	435	/
2A_SB	32	a	359	361	367	370	375	378	381	387	390	393	397	401	408	413	419	423	426	433	437	441	445	449	462	467
2A_SB	32	d	360	362	368	372	377	379	382	388	391	394	399	402	410	415	420	424	427	435	439	442	447	451	463	/
3A_SB	1	a	29	35	41	45	50	55	58	62	66	71	73	75	79	83	87	91	95	99
3A_SB	1	d	30	37	43	47	52	57	60	64	68	72	74	76	80	84	88	92	96	/
3A_SB	2	a	37	43	51	54	58	62	66	69	73	77	79	81	85	89	93	96	100	105
3A_SB	2	d	38	45	52	55	59	64	67	71	74	78	80	82	86	90	94	97	102	/
3A_SB	3	a	59	64	71	75	78	82	85	88	91	95	98	101	105	108	111	114	118	121
3A_SB	3	d	60	66	73	76	79	83	86	89	93	96	99	102	106	109	112	115	119	/
3A_SB	4	a	65	70	76	80	83	87	90	93	97	101	104	107	110	113	116	119	123	126
3A_SB	4	d	66	71	78	81	84	88	91	95	99	102	105	108	111	114	117	120	124	/
3A_SB	5	a	76	82	87	91	95	99	102	105	108	111	113	116	119	122	126	129	134	139
3A_SB	5	d	77	83	89	92	96	100	103	106	109	112	114	117	120	123	127	131	136	/
3A_SB	6	a	82	88	93	97	101	105	108	110	113	116	119	121	125	128	132	136	141	146
3A_SB	6	d	83	89	95	98	102	106	109	111	114	118	120	122	126	129	134	138	143	/
3A_SB	7	a	92	99	105	108	113	118	121	125	128	131	133	135	138	141	144	148	152	156
3A_SB	7	d	93	100	106	110	115	120	123	126	129	132	134	136	139	142	146	150	154	/
3A_SB	8	a	99	106	112	115	119	124	127	131	135	139	143	145	148	152	155	159	163	167
3A_SB	8	d	100	107	113	116	121	126	129	133	137	141	144	146	150	153	156	161	165	/
3A_SB	9	a	120	125	133	137	141	145	148	151	155	160	162	166	170	174	178	182	185	188
3A_SB	9	d	121	127	135	138	142	146	149	152	157	161	164	167	172	176	180	183	186	/
3A_SB	10	a	129	134	141	145	150	155	159	163	168	173	175	178	182	185	188	191	194	197
3A_SB	10	d	130	136	143	147	152	157	161	165	170	174	176	179	183	186	189	192	195	/
3A_SB	11	a	149	154	160	163	166	170	173	176	180	185	188	190	194	197	201	205	209	213
3A_SB	11	d	150	155	161	164	167	171	174	177	182	186	189	191	195	198	203	207	211	/
3A_SB	12	a	162	167	175	178	182	186	188	191	194	198	200	202	206	209	212	216	220	224
3A_SB	12	d	163	169	176	180	183	187	189	192	195	199	201	203	207	210	213	217	222	/
3A_SB	13	a	181	186	193	197	200	203	206	209	212	217	219	221	225	229	232	235	239	242
3A_SB	13	d	182	187	195	198	201	204	207	210	214	218	220	222	226	230	233	236	240	/
3A_SB	14	a	186	191	199	202	205	208	211	214	218	222	224	227	230	234	238	241	244	247
3A_SB	14	d	187	193	200	203	206	209	212	216	219	223	225	228	231	236	239	242	245	/
3A_SB	15	a	194	199	206	210	213	216	218	221	224	228	230	233	236	240	243	246	249	252
3A_SB	15	d	195	200	208	211	214	217	219	222	226	229	231	234	237	241	244	247	250	/
3A_SB	16	a	202	207	215	218	221	224	226	228	232	235	237	240	244	248	252	255	258	262
3A_SB	16	d	203	209	216	219	222	225	227	229	233	236	238	241	245	250	253	256	260	/
3A_SB	17	a	209	214	221	225	228	232	235	238	242	245	247	249	253	257	261	265	269	273
3A_SB	17	d	210	216	223	226	229	234	237	239	243	246	248	250	254	258	263	267	271	/
3A_SB	18	a	222	227	234	238	241	245	247	251	254	258	261	265	270	274	278	281	284	287
3A_SB	18	d	223	228	235	239	242	246	249	252	256	260	263	267	272	275	279	282	285	/
3A_SB	19	a	237	242	250	253	258	263	267	271	275	279	281	285	289	294	299	303	306	310
3A_SB	19	d	238	244	251	255	260	265	269	273	277	280	283	286	291	296	300	304	308	/
3A_SB	20	a	246	252	259	264	268	272	275	279	283	288	290	292	296	300	305	309	312	315
3A_SB	20	d	247	253	261	265	269	274	277	281	285	289	291	293	297	301	306	310	313	/
3A_SB	21	a	252	258	265	270	274	278	281	285	288	293	295	297	301	305	310	314	317	321
3A_SB	21	d	253	260	267	272	275	280	283	286	290	294	296	298	302	306	311	315	319	/
3A_SB	22	a	264	271	278	282	285	288	290	293	296	300	302	304	308	312	317	320	323	326
3A_SB	22	d	265	273	280	283	286	289	291	294	297	301	303	305	309	313	318	321	324	/
3A_SB	23	a	270	276	283	288	291	294	296	299	302	306	308	310	314	317	321	325	328	331
3A_SB	23	d	271	278	285	289	292	295	297	300	304	307	309	311	315	318	323	326	329	/
3A_SB	24	a	275	281	288	293	296	299	302	305	309	313	315	318	322	325	329	332	335	338
3A_SB	24	d	276	283	290	294	297	301	304	307	311	314	316	319	323	326	330	333	336	/
3A_SB	25	a	280	286	293	298	301	305	307	310	314	318	321	324	328	331	335	338	341	344
3A_SB	25	d	281	288	295	299	302	306	309	312	316	319	322	325	329	332	336	339	342	/
3A_SB	26	a	285	291	298	302	306	310	312	315	319	323	326	329	333	336	340	343	348	352
3A_SB	26	d	286	293	300	304	307	311	314	317	321	324	327	330	334	337	341	345	350	/
3A_SB	27	a	291	297	303	307	311	315	318	322	326	330	332	335	339	342	346	349	354	357
3A_SB	27	d	292	298	305	309	312	317	320	324	328	331	333	336	340	343	347	351	355	/
3A_SB	28	a	299	304	310	313	317	321	324	327	331	335	338	342	346	349	352	355	360	363
3A_SB	28	d	300	305	311	315	319	323	325	329	333	337	340	343	347	350	353	357	361	/
3A_SB	29	a	305	310	317	321	325	329	331	335	338	342	345	348	351	354	358	361	364	368
3A_SB	29	d	306	312	318	323	327	330	333	336	340	344	347	349	352	356	359	362	366	/
3A_SB	30	a	312	317	323	328	333	337	339	343	346	350	352	354	358	363	367	371	375	378
3A_SB	30	d	313	318	325	330	335	338	341	344	347	351	353	356	360	364	368	373	376	/
3A_SB	31	a	330	336	343	347	351	356	360	363	367	372	375	379	382	386	389	394	397	401
3A_SB	31	d	331	338	344	349	353	358	361	365	369	374	377	380	384	387	391	395	399	/
3A_SB	32	a	359	365	371	375	379	383	386	389	393	397	400	404	409	412	416	421	424	428
3A_SB	32	d	360	366	373	376	380	384	387	390	394	399	402	406	410	413	418	422	425	/
3A_NB	1	a	10	14	17	20	24	28	33	37	41	45	49	54	57	61	65	67	73	79	84
3A_NB	1	d	11	15	19	22	25	30	34	38	42	47	50	55	59	63	66	69	75	80	/
3A_NB	2	a	30	33	37	40	43	46	50	55	58	62	65	69	73	77	81	84	89	96	101
3A_NB	2	d	31	35	39	41	44	48	52	56	59	64	66	70	74	79	83	85	91	97	/
3A_NB	3	a	53	56	61	65	68	71	75	79	84	87	90	96	100	104	108	110	116	122	130
3A_NB	3	d	54	58	63	66	69	72	76	81	85	88	92	97	102	105	109	112	117	124	/
3A_NB	4	a	66	69	72	76	79	82	86	90	95	98	100	106	111	115	120	123	128	135	140
3A_NB	4	d	67	70	74	78	80	84	87	92	96	99	102	108	112	117	121	125	130	136	/
3A_NB	5	a	74	78	81	83	85	89	92	97	101	104	108	113	117	121	126	130	135	141	147
3A_NB	5	d	75	79	82	84	87	90	94	98	102	106	109	114	118	123	128	132	137	143	/
3A_NB	6	a	82	86	89	91	94	98	101	105	110	115	118	123	128	132	136	139	143	148	153
3A_NB	6	d	83	87	90	92	96	99	102	107	112	116	119	125	130	133	138	140	144	149	/
3A_NB	7	a	87	91	95	98	102	106	111	115	120	125	128	132	136	139	142	144	148	153	159
3A_NB	7	d	88	93	97	100	104	108	113	117	122	127	129	133	137	140	143	145	149	155	/
3A_NB	8	a	97	101	105	109	111	115	120	124	128	133	135	140	144	147	150	152	156	162	167
3A_NB	8	d	98	103	107	110	113	117	122	125	130	134	137	141	145	148	151	153	158	163	/
3A_NB	9	a	103	107	111	114	117	121	126	129	133	138	141	145	149	153	156	158	163	168	174
3A_NB	9	d	104	109	112	116	119	123	127	130	135	140	142	146	150	154	157	160	164	169	/
3A_NB	10	a	114	117	121	124	127	132	137	141	146	151	155	161	165	168	172	175	179	185	191
3A_NB	10	d	115	119	122	126	129	134	138	143	148	153	157	162	166	170	173	176	181	187	/
3A_NB	11	a	125	128	132	136	139	143	147	152	157	162	166	172	177	181	185	188	193	199	204
3A_NB	11	d	126	130	134	138	141	145	149	154	159	164	168	174	179	183	187	190	195	200	/
3A_NB	12	a	135	139	144	147	149	153	158	162	167	171	174	179	183	188	192	194	199	204	209
3A_NB	12	d	136	141	145	148	150	155	159	164	169	173	175	180	185	190	193	196	200	205	/
3A_NB	13	a	142	146	150	153	156	160	164	169	173	177	180	185	189	194	198	202	207	213	218
3A_NB	13	d	143	147	151	154	157	161	166	170	175	179	182	186	191	196	200	204	209	214	/
3A_NB	14	a	157	160	164	167	170	174	177	181	185	189	192	196	200	204	207	210	214	220	225
3A_NB	14	d	158	162	166	168	171	175	178	182	187	190	193	198	202	205	208	211	216	221	/
3A_NB	15	a	180	183	187	191	193	196	199	203	207	211	213	218	222	225	228	231	235	240	245
3A_NB	15	d	181	184	189	192	194	197	200	204	209	212	214	219	223	226	229	232	236	241	/
3A_NB	16	a	196	199	203	206	210	213	217	221	224	229	233	239	242	245	249	253	259	264	269
3A_NB	16	d	197	201	204	208	211	215	218	222	226	231	235	240	243	246	251	255	260	265	/
3A_NB	17	a	207	210	215	218	221	225	228	232	235	239	242	248	251	254	258	261	267	272	277
3A_NB	17	d	208	212	216	220	223	226	229	233	236	240	244	249	252	256	259	263	268	273	/
3A_NB	18	a	214	218	223	226	228	232	236	240	243	247	250	255	259	263	266	270	276	282	287
3A_NB	18	d	215	220	225	227	230	234	237	241	244	248	251	256	261	264	268	272	278	283	/
3A_NB	19	a	222	226	229	232	234	237	241	246	250	255	257	263	267	270	274	277	283	289	294
3A_NB	19	d	223	227	231	233	235	239	243	248	252	256	259	264	268	272	276	279	285	290	/
3A_NB	20	a	230	233	236	239	242	246	251	256	261	265	268	274	278	281	285	288	295	301	306
3A_NB	20	d	231	234	238	240	243	248	253	258	262	267	270	275	279	283	286	290	297	302	/
3A_NB	21	a	237	240	244	246	250	255	260	264	268	272	275	280	285	288	292	296	302	307	312
3A_NB	21	d	238	241	245	248	252	257	261	265	270	273	276	282	286	289	294	297	303	308	/
3A_NB	22	a	245	248	253	255	259	262	267	271	275	279	283	288	292	296	300	303	309	315	321
3A_NB	22	d	246	250	254	257	260	264	268	273	277	281	285	289	294	297	301	305	311	317	/
3A_NB	23	a	252	255	258	261	264	268	272	277	281	285	288	293	297	301	306	310	316	322	327
3A_NB	23	d	253	256	260	262	266	270	274	279	283	286	290	294	299	303	308	312	318	323	/
3A_NB	24	a	257	261	265	267	271	275	278	283	286	291	295	299	303	308	313	317	322	327	333
3A_NB	24	d	258	263	266	269	272	276	280	284	288	293	296	300	305	310	315	319	323	329	/
3A_NB	25	a	264	268	271	274	277	282	286	290	295	299	302	307	311	315	319	323	327	333	339
3A_NB	25	d	265	269	273	276	279	284	287	292	296	301	304	308	312	316	321	324	329	335	/
3A_NB	26	a	290	293	298	300	303	306	311	315	319	324	327	331	334	337	340	343	348	353	358
3A_NB	26	d	291	295	299	301	304	308	312	317	321	326	328	332	335	338	341	344	349	354	/
3A_NB	27	a	298	301	306	309	313	316	319	324	328	332	335	340	344	348	351	355	361	366	371
3A_NB	27	d	299	303	308	311	314	317	321	326	329	333	336	342	346	349	353	357	362	367	/
3A_NB	28	a	319	322	326	328	330	334	338	342	345	350	353	358	361	366	371	375	379	385	391
3A_NB	28	d	320	323	327	329	332	336	339	343	347	351	354	359	363	368	373	376	381	386	/
3A_NB	29	a	325	328	332	335	339	343	346	350	353	357	360	364	367	372	377	381	385	391	397
3A_NB	29	d	326	330	334	337	341	344	347	351	354	358	361	365	369	374	379	382	387	393	/
3A_NB	30	a	331	334	338	341	345	349	353	357	361	366	368	372	376	380	384	387	391	396	402
3A_NB	30	d	332	336	340	343	347	350	354	359	363	367	369	374	378	382	385	388	392	398	/
3A_NB	31	a	345	349	352	356	358	362	365	369	374	377	380	385	390	393	397	399	403	408	414
3A_NB	31	d	346	350	354	357	360	363	367	371	375	378	382	387	391	395	398	400	404	410	/
3A_NB	32	a	355	359	363	365	367	370	373	376	380	383	387	392	396	399	403	407	411	416	421
3A_NB	32	d	356	361	364	366	368	371	374	377	381	385	389	394	397	401	405	408	412	417	/
