RouteID	RunID	Arrivals/Departures	TimePerStop
1A_SB	1	a	14	21	33	38	42	45	50	54	61	64	68	78	84	87
1A_SB	1	d	15	23	35	40	43	46	51	56	62	65	70	80	85	/
1A_SB	2	a	33	38	48	53	58	62	69	73	80	83	87	97	102	105
1A_SB	2	d	34	40	50	55	60	64	71	75	81	84	88	98	103	/
1A_SB	3	a	63	68	76	80	83	86	91	94	99	103	107	117	122	126
1A_SB	3	d	64	69	78	81	84	87	92	95	100	104	108	118	123	/
1A_SB	4	a	71	76	85	89	93	97	104	108	113	116	120	130	135	139
1A_SB	4	d	72	78	87	91	95	99	105	109	114	117	121	131	137	/
1A_SB	5	a	78	84	92	96	99	102	109	113	118	121	125	135	141	144
1A_SB	5	d	80	85	93	97	100	104	110	114	119	122	126	136	142	/
1A_SB	6	a	95	102	110	113	116	120	126	131	138	142	146	155	159	163
1A_SB	6	d	97	103	111	114	117	121	128	133	139	143	147	156	160	/
1A_SB	7	a	104	110	118	121	125	129	135	138	144	148	152	160	164	168
1A_SB	7	d	106	111	119	122	126	130	136	140	145	149	153	161	166	/
1A_SB	8	a	111	117	126	130	134	137	143	146	151	156	161	169	174	178
1A_SB	8	d	113	119	127	131	135	138	144	147	153	158	162	170	176	/
1A_SB	9	a	116	122	131	135	139	143	149	152	158	162	166	175	180	183
1A_SB	9	d	118	124	132	136	141	144	150	153	159	163	167	176	181	/
1A_SB	10	a	122	128	136	140	144	148	154	157	164	167	170	180	184	188
1A_SB	10	d	123	129	137	141	146	149	155	159	165	168	172	181	186	/
1A_SB	11	a	127	133	141	145	149	153	160	163	169	172	175	185	189	193
1A_SB	11	d	128	134	142	146	151	155	161	165	170	173	177	186	191	/
1A_SB	12	a	132	138	148	152	155	159	165	169	174	177	180	189	194	199
1A_SB	12	d	133	139	149	153	157	160	167	170	175	178	182	191	196	/
1A_SB	13	a	137	145	155	159	162	165	170	174	180	183	186	194	200	204
1A_SB	13	d	139	146	156	160	163	167	172	176	181	184	187	196	201	/
1A_SB	14	a	156	162	171	174	178	183	189	194	199	203	207	216	223	227
1A_SB	14	d	158	164	172	176	180	185	191	196	201	205	209	218	224	/
1A_SB	15	a	167	174	182	185	188	192	197	201	205	209	213	223	231	236
1A_SB	15	d	169	175	183	186	189	193	199	202	207	210	214	225	232	/
1A_SB	16	a	184	191	200	203	206	210	216	220	226	229	233	242	247	252
1A_SB	16	d	186	192	201	204	208	211	217	222	227	231	234	243	249	/
1A_NB	1	a	29	34	40	48	53	57	62	66	73	78	82	85	92	97
1A_NB	1	d	30	36	42	49	54	59	63	68	75	79	83	87	93	/
1A_NB	2	a	45	50	57	66	73	77	82	86	91	95	98	102	109	115
1A_NB	2	d	46	52	59	68	75	79	84	87	92	96	100	104	110	/
1A_NB	3	a	56	61	68	75	80	84	89	93	100	104	108	112	121	126
1A_NB	3	d	57	63	70	76	82	86	91	95	101	106	109	114	122	/
1A_NB	4	a	68	73	79	87	92	95	100	103	109	113	116	120	129	134
1A_NB	4	d	69	74	81	88	93	96	101	104	110	114	117	121	130	/
1A_NB	5	a	74	78	84	92	97	100	105	109	115	119	122	126	135	141
1A_NB	5	d	75	79	86	93	98	101	106	110	116	120	123	127	136	/
1A_NB	6	a	79	83	89	98	103	106	110	114	120	123	127	131	140	146
1A_NB	6	d	80	84	91	99	104	107	111	115	121	125	128	132	141	/
1A_NB	7	a	84	88	94	103	108	111	115	119	126	129	132	136	144	151
1A_NB	7	d	85	90	96	104	109	112	116	120	127	130	133	138	146	/
1A_NB	8	a	90	94	99	108	114	117	121	124	131	134	137	141	149	155
1A_NB	8	d	91	95	101	109	115	118	122	125	132	135	138	143	151	/
1A_NB	9	a	95	99	105	112	119	122	127	130	137	140	143	147	154	160
1A_NB	9	d	96	101	107	114	120	123	128	131	138	141	144	148	156	/
1A_NB	10	a	100	104	110	117	124	127	132	135	141	145	148	152	159	165
1A_NB	10	d	101	106	112	119	125	128	133	137	143	146	149	153	161	/
1A_NB	11	a	106	110	116	122	130	134	139	143	149	154	158	162	170	176
1A_NB	11	d	107	112	117	124	132	136	140	145	151	155	160	164	171	/
1A_NB	12	a	113	117	122	128	135	140	145	149	156	161	165	169	177	184
1A_NB	12	d	114	118	123	129	137	142	146	151	158	162	167	170	179	/
1A_NB	13	a	118	123	130	137	143	148	154	157	164	169	173	177	186	193
1A_NB	13	d	120	125	132	139	145	150	155	159	166	170	175	179	188	/
1A_NB	14	a	143	149	156	163	168	172	178	182	188	192	196	200	206	212
1A_NB	14	d	145	151	158	164	169	173	179	183	189	194	198	201	208	/
1A_NB	15	a	155	160	166	173	179	182	188	192	199	203	207	210	218	223
1A_NB	15	d	157	161	168	175	180	184	190	194	201	204	208	212	219	/
1A_NB	16	a	164	167	173	180	186	189	195	199	207	211	215	219	227	234
1A_NB	16	d	165	168	175	181	187	191	196	201	209	213	217	221	229	/
2A_NB	1	a	12	16	20	25	29	34	38	41	44	53	60	63	67	71	75	78	82	85	89	93	97	102	105	112
2A_NB	1	d	13	17	21	27	31	35	39	42	45	54	62	65	69	72	76	80	83	87	90	94	99	103	107	/
2A_NB	2	a	25	30	34	39	42	46	51	55	60	70	76	78	81	84	87	90	93	96	100	104	108	111	114	121
2A_NB	2	d	26	31	35	41	43	47	52	57	62	72	77	80	82	85	88	91	95	97	101	105	109	112	116	/
2A_NB	3	a	46	49	54	59	61	65	70	74	78	89	96	99	103	106	109	112	116	119	123	128	132	135	138	144
2A_NB	3	d	47	51	55	60	62	67	71	76	80	90	98	101	104	107	110	114	118	120	125	129	133	136	139	/
2A_NB	4	a	61	65	70	75	78	83	88	92	96	105	110	112	115	118	121	125	129	133	137	140	144	147	150	157
2A_NB	4	d	63	67	71	76	80	84	89	93	97	106	111	113	116	119	123	126	131	134	138	141	145	148	151	/
2A_NB	5	a	68	72	76	81	84	88	94	99	104	113	118	120	123	127	131	134	137	139	143	146	150	153	156	163
2A_NB	5	d	70	73	77	82	85	90	96	101	106	114	119	121	124	128	132	135	138	140	144	147	151	154	157	/
2A_NB	6	a	73	77	83	89	92	95	100	105	109	118	123	125	128	132	136	139	142	144	148	153	157	160	163	170
2A_NB	6	d	75	79	85	90	93	96	102	107	111	119	124	126	129	133	137	140	143	145	150	154	158	161	164	/
2A_NB	7	a	81	84	89	95	98	102	107	111	115	123	128	130	133	138	141	144	147	149	154	158	162	165	168	176
2A_NB	7	d	82	85	91	96	100	103	109	113	116	124	129	131	135	139	142	145	148	151	155	159	163	166	169	/
2A_NB	8	a	86	89	94	100	104	108	112	116	120	128	133	135	138	143	146	149	152	156	160	164	168	171	174	182
2A_NB	8	d	87	91	96	102	106	109	114	118	121	129	134	136	140	144	147	150	154	157	161	165	169	172	175	/
2A_NB	9	a	91	95	99	105	109	113	118	121	125	133	140	143	146	150	153	155	158	161	165	169	173	176	179	185
2A_NB	9	d	92	96	101	107	111	115	119	123	126	135	141	144	147	151	154	156	159	162	166	170	174	177	180	/
2A_NB	10	a	96	100	104	110	114	118	125	129	132	140	146	149	152	155	158	160	163	166	170	174	178	181	184	191
2A_NB	10	d	97	101	106	112	116	120	126	130	133	141	147	150	153	156	159	161	164	167	171	175	179	182	186	/
2A_NB	11	a	101	105	110	115	119	123	130	134	137	144	151	154	157	160	163	165	169	171	175	179	183	186	189	196
2A_NB	11	d	102	107	111	117	121	125	131	135	139	146	152	155	158	161	164	167	170	172	176	180	184	187	191	/
2A_NB	12	a	106	110	115	121	124	128	135	138	142	149	157	160	163	166	170	173	176	178	182	186	190	193	196	204
2A_NB	12	d	107	112	117	123	126	130	136	140	144	151	158	161	164	167	171	174	177	179	183	187	191	194	198	/
2A_NB	13	a	111	115	120	126	129	133	140	143	147	154	162	165	167	172	176	179	182	184	187	191	195	198	202	209
2A_NB	13	d	112	117	122	128	131	135	141	145	149	156	163	166	169	173	177	180	183	185	188	192	196	199	203	/
2A_NB	14	a	116	120	125	131	134	138	145	148	152	160	168	170	172	177	181	184	187	189	192	196	200	203	207	214
2A_NB	14	d	117	122	127	133	136	140	146	150	154	162	169	171	174	178	182	185	188	190	193	197	201	204	208	/
2A_NB	15	a	122	126	131	137	139	143	150	154	158	166	172	175	178	182	185	189	192	194	197	200	205	208	212	219
2A_NB	15	d	123	128	133	138	141	145	151	156	160	167	174	177	180	183	187	190	193	195	198	202	206	209	213	/
2A_NB	16	a	127	131	136	141	144	148	154	159	163	173	179	181	184	187	190	194	197	200	203	206	210	213	218	225
2A_NB	16	d	128	133	138	143	146	150	156	161	165	174	180	182	185	188	192	195	198	201	204	207	211	214	219	/
2A_SB	1	a	14	20	26	29	33	36	40	44	49	54	59	62	66	70	75	82	88	92	96	103	107	112	116	119	128
2A_SB	1	d	15	22	27	30	34	38	42	46	51	56	61	64	68	72	76	83	89	93	98	105	108	113	117	120	/
2A_SB	2	a	29	33	40	44	48	52	56	61	66	71	76	79	82	86	89	97	102	107	112	119	121	126	131	135	144
2A_SB	2	d	30	35	42	46	50	54	58	63	68	73	78	80	83	87	90	98	104	109	114	120	122	128	132	136	/
2A_SB	3	a	43	47	55	60	65	68	71	75	78	82	86	88	91	94	98	106	111	115	119	124	127	132	136	140	149
2A_SB	3	d	44	49	57	62	67	70	73	76	79	84	87	89	92	95	99	107	112	116	120	126	128	133	137	141	/
2A_SB	4	a	49	54	61	66	71	73	76	81	84	89	92	94	97	100	104	113	119	123	127	132	135	140	144	148	157
2A_SB	4	d	50	55	63	68	72	75	78	82	86	90	93	95	98	101	106	115	120	124	128	134	136	141	145	149	/
2A_SB	5	a	65	69	76	80	83	86	88	92	95	98	101	103	107	110	113	121	126	130	134	140	142	147	151	156	166
2A_SB	5	d	66	71	77	81	84	87	89	93	96	99	102	105	108	111	114	122	127	131	135	141	143	148	153	157	/
2A_SB	6	a	77	82	89	93	97	99	102	106	110	114	117	119	122	125	129	138	144	147	151	157	159	164	167	170	180
2A_SB	6	d	78	84	91	95	98	100	103	107	111	115	118	120	123	126	130	139	145	148	152	158	160	165	168	171	/
2A_SB	7	a	82	88	95	98	102	105	108	111	115	119	122	124	128	131	135	144	150	153	156	162	164	169	172	175	185
2A_SB	7	d	84	90	96	100	104	106	109	112	116	120	123	126	129	132	136	145	151	154	157	163	165	170	173	176	/
2A_SB	8	a	93	99	105	109	113	115	118	121	125	128	131	133	136	139	143	152	158	161	164	172	175	180	183	186	197
2A_SB	8	d	95	100	106	110	114	116	119	122	126	129	132	134	137	141	144	153	159	162	165	173	176	181	184	187	/
2A_SB	9	a	98	104	110	114	118	120	123	126	130	133	136	139	143	146	149	156	163	166	170	178	181	185	189	193	204
2A_SB	9	d	100	105	111	115	119	121	124	127	131	134	137	140	144	147	151	158	164	167	171	180	182	187	191	194	/
2A_SB	10	a	107	114	120	123	126	128	131	134	138	142	146	149	152	155	159	165	172	175	179	185	187	191	195	199	210
2A_SB	10	d	109	115	121	124	127	129	132	135	140	143	147	150	153	156	160	166	173	176	180	186	188	193	197	201	/
2A_SB	11	a	112	119	125	129	133	137	139	142	146	149	153	155	158	161	165	171	178	181	184	190	192	196	201	205	216
2A_SB	11	d	114	121	127	131	135	138	140	143	147	150	154	156	159	162	166	172	179	182	185	191	193	198	203	207	/
2A_SB	12	a	118	125	130	134	138	142	144	147	151	155	159	161	164	167	171	177	184	188	191	197	200	204	208	212	222
2A_SB	12	d	120	126	132	136	140	143	145	148	152	156	160	162	165	168	172	178	185	189	192	198	201	205	210	213	/
2A_SB	13	a	124	131	136	140	144	148	152	156	160	164	168	170	173	176	180	189	197	201	205	212	215	219	224	228	237
2A_SB	13	d	126	132	137	142	146	150	154	157	161	165	169	171	174	177	182	191	199	203	207	213	216	221	225	229	/
2A_SB	14	a	142	148	155	158	162	165	167	170	174	178	182	184	187	190	193	201	208	213	216	221	224	228	231	235	244
2A_SB	14	d	143	149	156	160	163	166	168	171	175	179	183	185	188	191	194	202	210	214	217	222	225	229	232	236	/
2A_SB	15	a	148	154	160	163	168	170	172	175	179	183	187	189	192	195	199	208	215	219	222	227	230	235	239	243	254
2A_SB	15	d	149	155	161	165	169	171	173	176	180	184	188	190	193	196	201	209	216	220	223	228	232	237	241	244	/
2A_SB	16	a	154	160	166	170	175	177	179	182	186	191	196	198	202	205	209	218	224	227	231	238	242	247	251	255	266
2A_SB	16	d	155	161	168	172	176	178	180	184	188	193	197	200	203	206	210	219	225	229	233	240	244	248	253	257	/
3A_SB	1	a	27	32	35	39	43	46	49	53	57	60	65	69	72	80	83
3A_SB	1	d	28	33	36	41	45	48	51	54	59	61	66	70	74	81	/
3A_SB	2	a	47	51	55	60	64	68	71	75	79	81	85	88	91	96	99
3A_SB	2	d	48	53	57	62	66	69	73	77	80	82	86	89	92	97	/
3A_SB	3	a	59	63	68	73	77	81	85	89	94	96	101	104	107	113	116
3A_SB	3	d	60	65	70	75	79	83	87	91	95	97	102	105	108	114	/
3A_SB	4	a	74	79	83	88	92	95	99	104	109	112	116	119	122	128	131
3A_SB	4	d	75	80	85	90	94	97	101	106	110	113	117	120	123	129	/
3A_SB	5	a	84	89	92	97	101	104	108	113	118	121	125	128	131	137	140
3A_SB	5	d	85	90	93	99	103	106	110	115	119	122	126	129	132	138	/
3A_SB	6	a	98	104	108	112	115	117	121	124	127	130	134	137	140	147	150
3A_SB	6	d	99	106	109	113	116	119	122	125	128	131	135	138	142	148	/
3A_SB	7	a	105	110	113	118	122	124	127	130	134	138	143	146	149	157	161
3A_SB	7	d	106	111	115	120	123	126	128	132	136	140	144	147	151	158	/
3A_SB	8	a	121	127	130	133	136	138	141	145	149	151	155	159	162	169	172
3A_SB	8	d	122	128	131	134	137	139	142	146	150	152	156	160	163	170	/
3A_SB	9	a	130	136	139	143	148	152	154	159	164	166	171	175	178	184	188
3A_SB	9	d	131	137	141	145	150	153	156	161	165	167	172	176	179	185	/
3A_SB	10	a	138	144	147	150	155	159	161	165	169	171	176	180	183	189	193
3A_SB	10	d	139	145	148	152	157	160	162	167	170	172	177	181	184	190	/
3A_SB	11	a	144	150	154	158	162	165	167	171	175	177	182	185	188	194	198
3A_SB	11	d	145	151	155	159	163	166	169	173	176	178	183	186	189	195	/
3A_SB	12	a	149	155	159	163	167	170	173	176	180	182	187	190	193	199	203
3A_SB	12	d	150	156	160	164	169	172	174	178	181	183	188	191	194	200	/
3A_SB	13	a	154	160	164	168	173	175	178	182	185	187	192	195	198	204	209
3A_SB	13	d	155	161	165	170	174	177	180	183	186	188	193	196	199	206	/
3A_SB	14	a	165	170	175	179	182	184	187	190	193	196	201	204	207	213	218
3A_SB	14	d	166	172	176	180	183	185	188	191	195	197	202	205	208	215	/
3A_SB	15	a	178	183	186	189	192	194	196	200	203	205	210	213	217	223	227
3A_SB	15	d	179	184	187	190	193	195	197	201	204	206	211	214	218	225	/
3A_SB	16	a	194	198	202	206	210	212	215	219	223	225	231	235	239	246	251
3A_SB	16	d	195	199	203	207	211	213	216	220	224	227	233	237	241	248	/
3A_NB	1	a	28	32	37	40	43	46	49	53	57	64	70	74	79	83	87	90	94
3A_NB	1	d	29	34	38	41	44	47	51	55	59	66	72	76	81	84	88	92	/
3A_NB	2	a	48	52	55	58	62	65	69	73	76	81	84	87	91	95	99	103	106
3A_NB	2	d	49	53	56	59	63	66	71	74	77	82	85	88	93	96	100	104	/
3A_NB	3	a	53	57	61	66	71	75	80	85	89	94	97	101	105	107	111	115	118
3A_NB	3	d	54	59	63	68	73	77	82	87	91	95	98	102	106	108	112	116	/
3A_NB	4	a	65	69	73	77	81	85	90	94	98	103	106	110	114	116	120	124	128
3A_NB	4	d	66	71	75	78	82	87	92	96	100	104	107	111	115	117	121	125	/
3A_NB	5	a	70	74	79	83	88	92	96	100	104	109	113	117	121	124	128	132	136
3A_NB	5	d	71	76	81	85	90	94	98	102	106	110	114	118	122	125	129	133	/
3A_NB	6	a	80	84	89	93	97	101	105	110	113	118	122	126	129	132	136	140	143
3A_NB	6	d	81	86	91	95	99	103	107	112	115	120	123	127	130	133	137	141	/
3A_NB	7	a	91	95	99	102	105	110	114	119	123	128	132	137	141	144	149	153	156
3A_NB	7	d	92	97	100	103	107	112	116	121	125	130	134	139	143	146	151	154	/
3A_NB	8	a	96	100	104	107	111	116	120	125	129	134	138	143	147	150	155	158	161
3A_NB	8	d	97	102	105	109	113	118	122	127	131	135	140	145	149	151	156	159	/
3A_NB	9	a	109	112	115	119	122	125	129	133	136	141	145	149	153	157	163	168	171
3A_NB	9	d	110	113	117	120	123	126	130	134	137	142	146	150	155	159	165	169	/
3A_NB	10	a	117	120	123	127	130	133	137	141	144	149	153	157	161	164	169	173	176
3A_NB	10	d	118	121	125	128	131	134	138	142	145	150	154	158	162	165	170	174	/
3A_NB	11	a	122	126	129	132	135	138	142	146	149	154	158	162	166	169	174	178	183
3A_NB	11	d	123	127	130	133	136	139	143	147	151	155	159	163	167	170	175	180	/
3A_NB	12	a	143	146	149	153	157	160	164	167	171	176	180	184	188	191	196	200	203
3A_NB	12	d	144	147	151	154	158	162	165	169	173	177	181	185	189	192	197	201	/
3A_NB	13	a	155	157	160	164	167	171	174	177	180	186	189	193	197	199	203	208	211
3A_NB	13	d	156	158	162	165	169	172	175	178	182	187	190	194	198	200	205	209	/
3A_NB	14	a	162	164	168	172	176	180	185	189	193	198	202	205	209	212	216	220	224
3A_NB	14	d	163	166	170	174	178	182	187	191	195	199	203	206	210	213	217	221	/
3A_NB	15	a	171	174	177	180	184	189	193	196	199	203	208	211	215	218	223	227	232
3A_NB	15	d	172	175	178	181	186	190	194	197	200	205	209	212	216	220	225	229	/
3A_NB	16	a	179	182	186	190	195	199	202	207	210	214	218	222	226	229	234	238	243
3A_NB	16	d	180	184	188	192	196	200	204	208	211	215	219	223	227	230	236	240	/
