RouteID	RunID	Arrivals/Departures	TimePerStop
1A_SB	1	a	5	8	12	22	26	31	37	40	44	47	50	53	63	67	74
1A_SB	1	d	6	10	13	24	28	33	38	41	45	48	51	54	65	68	/
1A_SB	2	a	25	29	34	43	46	50	55	58	62	65	68	72	85	88	96
1A_SB	2	d	26	31	36	44	48	51	56	59	63	66	70	74	86	89	/
1A_SB	3	a	48	52	57	68	72	77	84	88	92	95	98	101	112	116	124
1A_SB	3	d	49	54	59	70	74	79	85	89	93	96	99	102	113	117	/
1A_SB	4	a	62	67	72	82	87	91	96	99	104	107	111	114	123	127	137
1A_SB	4	d	64	69	74	84	89	92	97	101	105	108	112	116	125	129	/
1A_SB	5	a	78	83	88	99	102	105	111	114	118	121	125	128	138	141	148
1A_SB	5	d	80	85	90	100	103	106	112	115	119	122	126	129	139	142	/
1A_SB	6	a	86	91	94	104	107	110	116	119	123	126	130	133	142	146	153
1A_SB	6	d	88	92	95	105	108	111	117	120	124	127	131	135	144	147	/
1A_SB	7	a	103	107	110	118	121	124	131	134	138	142	146	150	161	164	171
1A_SB	7	d	105	108	111	119	122	126	132	135	139	143	147	152	162	166	/
1A_SB	8	a	117	121	125	134	138	142	147	150	154	157	161	165	174	178	184
1A_SB	8	d	119	123	126	135	139	143	148	151	155	158	162	166	175	179	/
1A_SB	9	a	125	130	133	142	146	150	155	158	162	166	170	175	184	188	196
1A_SB	9	d	127	131	135	143	147	151	156	159	164	168	172	176	186	190	/
1A_SB	10	a	130	135	139	148	152	156	161	164	168	172	175	180	191	194	201
1A_SB	10	d	132	136	141	149	153	157	162	165	169	173	177	181	192	195	/
1A_SB	11	a	137	141	146	154	157	161	166	170	174	178	181	184	196	199	206
1A_SB	11	d	139	143	147	155	158	162	167	171	175	179	182	186	197	200	/
1A_SB	12	a	144	148	154	162	165	168	173	177	181	185	189	192	203	206	213
1A_SB	12	d	146	150	155	163	166	169	174	178	183	186	190	193	204	207	/
1A_SB	13	a	149	153	159	167	171	174	179	183	187	190	194	197	207	211	219
1A_SB	13	d	151	155	160	168	172	175	180	184	188	191	195	198	209	212	/
1A_SB	14	a	155	159	164	173	177	180	186	190	194	197	200	203	213	217	226
1A_SB	14	d	157	160	165	174	178	181	187	191	195	198	201	204	214	219	/
1A_SB	15	a	177	181	186	194	197	201	207	212	217	220	223	226	237	240	248
1A_SB	15	d	178	183	187	195	199	203	209	214	218	221	224	228	238	242	/
1A_SB	16	a	183	187	191	200	203	207	213	217	222	226	231	234	244	247	254
1A_SB	16	d	184	188	193	201	205	209	214	219	224	228	232	235	245	248	/
1A_NB	1	a	14	23	27	39	44	48	52	56	60	67	70	73	82	86	91
1A_NB	1	d	15	25	29	40	45	49	53	58	62	68	71	74	84	88	/
1A_NB	2	a	24	33	37	46	52	57	62	66	70	77	82	86	94	99	103
1A_NB	2	d	25	35	39	48	54	59	63	68	72	79	84	87	96	100	/
1A_NB	3	a	34	45	50	58	63	67	72	77	81	86	90	94	102	107	112
1A_NB	3	d	36	47	51	60	65	69	74	79	82	87	92	95	104	109	/
1A_NB	4	a	45	56	60	70	75	78	82	87	90	96	99	102	110	114	119
1A_NB	4	d	47	57	61	72	76	80	83	88	92	97	100	103	112	116	/
1A_NB	5	a	58	67	70	80	86	90	94	98	101	107	111	115	124	129	134
1A_NB	5	d	60	68	71	82	88	92	95	99	103	109	112	117	126	131	/
1A_NB	6	a	76	86	89	100	105	109	112	116	120	127	130	133	141	145	150
1A_NB	6	d	78	87	90	101	107	110	113	117	121	128	131	134	142	146	/
1A_NB	7	a	85	95	98	110	116	119	124	128	131	139	144	148	156	160	165
1A_NB	7	d	87	96	100	112	117	121	125	129	133	141	145	149	157	162	/
1A_NB	8	a	93	102	106	117	123	128	133	138	142	148	152	156	164	169	174
1A_NB	8	d	95	104	108	119	125	130	135	140	143	150	153	157	166	171	/
1A_NB	9	a	109	120	124	133	138	142	146	151	154	162	166	171	179	185	190
1A_NB	9	d	111	122	125	134	139	144	148	152	156	164	168	173	181	187	/
1A_NB	10	a	127	138	142	149	154	158	162	167	171	179	183	187	196	200	205
1A_NB	10	d	129	140	143	150	156	160	164	169	173	181	184	188	197	201	/
1A_NB	11	a	157	167	170	178	183	186	190	195	198	204	207	210	221	225	229
1A_NB	11	d	159	168	171	179	184	187	191	196	199	205	208	211	222	226	/
1A_NB	12	a	162	172	176	184	192	195	200	203	206	213	216	220	232	236	241
1A_NB	12	d	164	174	177	186	193	197	201	204	208	214	218	222	234	238	/
1A_NB	13	a	174	184	187	197	203	207	212	216	219	226	230	234	242	246	251
1A_NB	13	d	176	185	189	199	205	209	213	217	221	228	232	235	244	248	/
1A_NB	14	a	185	197	200	211	217	221	226	231	236	243	247	251	262	265	269
1A_NB	14	d	187	198	202	212	219	223	228	233	237	245	249	253	263	266	/
1A_NB	15	a	203	215	218	227	232	236	241	245	248	254	257	261	271	275	280
1A_NB	15	d	205	216	219	228	234	238	242	246	249	255	259	262	273	277	/
1A_NB	16	a	208	220	223	235	240	244	248	253	256	262	265	268	278	282	287
1A_NB	16	d	210	221	225	236	242	246	250	254	257	263	266	269	280	284	/
2A_NB	1	a	4	7	13	16	19	25	29	32	41	44	50	52	54	58	65	68	71	74
2A_NB	1	d	5	9	14	17	21	26	30	33	42	45	51	53	56	60	66	69	72	/
2A_NB	2	a	9	12	18	22	25	30	33	37	46	49	55	58	62	66	73	76	80	84
2A_NB	2	d	10	14	19	23	26	31	35	38	47	50	57	60	63	68	75	77	81	/
2A_NB	3	a	14	17	23	27	30	35	39	43	54	57	63	66	69	73	79	81	85	89
2A_NB	3	d	15	19	24	28	31	37	41	45	55	58	64	67	70	75	80	82	86	/
2A_NB	4	a	19	22	28	32	35	40	44	48	59	63	70	73	76	79	84	86	90	93
2A_NB	4	d	20	24	29	33	36	42	46	50	60	64	71	74	77	80	85	87	91	/
2A_NB	5	a	24	27	33	37	40	45	50	54	64	68	75	77	80	84	89	91	95	98
2A_NB	5	d	25	29	34	38	41	47	52	55	65	69	76	79	82	85	90	92	96	/
2A_NB	6	a	30	33	38	42	45	51	56	59	69	73	80	82	85	89	94	96	100	103
2A_NB	6	d	31	34	39	43	47	53	57	60	70	75	81	84	87	90	95	97	101	/
2A_NB	7	a	35	38	43	47	51	57	61	64	74	78	85	87	90	95	100	102	106	109
2A_NB	7	d	36	39	44	49	53	58	62	65	75	80	86	89	92	96	101	103	107	/
2A_NB	8	a	40	43	48	52	56	62	66	69	79	83	90	94	98	103	109	111	115	118
2A_NB	8	d	41	44	49	54	58	63	67	70	80	85	92	96	100	105	110	112	116	/
2A_NB	9	a	45	48	54	58	61	68	72	75	84	89	96	100	104	109	115	118	123	127
2A_NB	9	d	46	49	55	59	63	69	73	77	86	91	98	102	106	111	117	120	124	/
2A_NB	10	a	50	53	59	62	66	73	77	81	90	95	102	106	109	114	120	123	128	132
2A_NB	10	d	51	54	60	64	68	74	79	83	92	97	104	108	111	116	122	125	129	/
2A_NB	11	a	55	58	64	67	71	78	82	86	95	100	107	111	114	119	125	128	133	137
2A_NB	11	d	56	59	65	69	73	80	84	88	97	102	109	113	116	121	127	130	134	/
2A_NB	12	a	61	64	71	75	79	85	89	93	102	107	113	117	120	124	130	133	138	142
2A_NB	12	d	62	66	73	77	81	87	91	95	104	109	115	119	122	126	132	135	139	/
2A_NB	13	a	66	69	76	80	84	90	95	99	108	113	119	122	126	129	135	138	143	147
2A_NB	13	d	67	71	78	82	86	92	97	101	110	115	121	124	127	131	137	140	144	/
2A_NB	14	a	87	90	96	100	103	109	113	117	128	132	138	140	144	148	153	157	161	164
2A_NB	14	d	88	91	98	101	104	110	114	119	129	134	139	142	146	149	155	158	162	/
2A_NB	15	a	93	96	103	107	110	116	120	124	133	138	145	147	151	155	160	164	167	172
2A_NB	15	d	94	98	105	108	112	117	122	126	135	140	146	149	153	156	162	165	169	/
2A_NB	16	a	114	117	122	125	130	136	140	144	152	157	164	167	171	175	181	183	187	191
2A_NB	16	d	115	118	123	127	131	138	142	145	154	159	166	169	173	176	182	184	189	/
2A_SB	1	a	19	24	27	30	36	39	42	46	50	57	62	66	70	74	79	83	88	92
2A_SB	1	d	20	25	28	32	37	40	44	48	52	59	63	68	71	75	80	85	89	/
2A_SB	2	a	43	47	50	53	59	63	67	73	77	82	86	91	94	98	103	106	110	113
2A_SB	2	d	44	48	51	55	61	65	69	75	78	83	87	92	96	99	104	107	111	/
2A_SB	3	a	54	58	61	64	69	73	76	80	83	88	92	98	102	105	110	113	117	120
2A_SB	3	d	56	59	62	65	71	74	77	81	84	89	94	100	103	106	111	114	118	/
2A_SB	4	a	61	65	67	70	75	78	81	85	88	94	100	106	109	112	117	120	123	126
2A_SB	4	d	63	66	68	71	76	79	82	86	90	96	102	107	110	113	118	121	124	/
2A_SB	5	a	67	70	72	75	82	85	89	93	96	101	106	112	115	118	125	129	132	136
2A_SB	5	d	68	71	73	77	83	87	91	94	97	102	107	113	116	120	127	130	134	/
2A_SB	6	a	78	82	85	88	94	97	101	105	109	115	119	125	129	133	139	142	145	148
2A_SB	6	d	80	83	86	89	96	99	103	106	111	117	121	127	130	134	140	143	146	/
2A_SB	7	a	87	91	94	97	103	105	109	112	116	121	125	131	134	138	143	147	150	153
2A_SB	7	d	89	92	95	98	104	107	110	113	117	122	127	132	135	139	145	148	151	/
2A_SB	8	a	92	96	100	104	111	114	118	121	124	130	134	138	141	145	150	154	158	161
2A_SB	8	d	94	98	102	106	113	116	119	122	125	131	135	139	142	146	151	155	159	/
2A_SB	9	a	99	103	106	109	116	119	123	127	130	137	141	146	150	154	160	164	168	171
2A_SB	9	d	101	105	107	111	118	121	125	128	132	138	143	148	151	155	161	165	169	/
2A_SB	10	a	109	113	115	118	124	127	130	133	136	141	146	151	155	159	165	168	173	176
2A_SB	10	d	111	114	116	120	126	128	131	134	138	143	148	153	156	160	166	170	174	/
2A_SB	11	a	122	125	128	131	136	138	141	145	148	152	155	160	163	167	172	175	179	183
2A_SB	11	d	123	127	129	132	137	139	142	146	149	153	156	161	164	168	173	176	181	/
2A_SB	12	a	129	132	135	139	145	148	153	157	161	166	169	175	179	183	188	191	195	198
2A_SB	12	d	130	134	136	141	147	150	154	158	162	167	171	177	180	184	189	192	196	/
2A_SB	13	a	137	141	144	149	155	157	162	166	170	176	180	187	191	196	203	206	211	215
2A_SB	13	d	139	143	146	150	156	159	163	167	171	178	182	188	193	198	204	208	213	/
2A_SB	14	a	148	153	156	159	165	167	170	173	177	184	188	194	198	202	208	211	216	220
2A_SB	14	d	150	154	157	160	166	168	171	174	179	186	189	196	199	203	209	213	218	/
2A_SB	15	a	163	168	171	174	180	183	187	190	193	201	204	210	214	219	225	230	234	238
2A_SB	15	d	165	169	172	175	181	184	188	191	195	202	205	212	216	221	227	232	236	/
2A_SB	16	a	177	182	185	188	194	196	200	203	207	215	219	225	229	232	238	243	246	249
2A_SB	16	d	179	183	186	189	195	197	201	204	209	216	220	226	230	234	240	244	247	/
3A_SB	1	a	4	9	13	18	21	24	29	35	39	43	47	49	54	58	63	68	72
3A_SB	1	d	5	10	14	19	22	26	31	37	41	45	48	50	55	59	64	69	/
3A_SB	2	a	16	20	24	31	35	39	43	47	52	56	59	62	67	72	76	81	84
3A_SB	2	d	17	21	25	33	37	40	45	49	53	57	61	63	69	73	77	82	/
3A_SB	3	a	26	30	34	40	43	47	53	56	60	64	67	70	75	80	84	89	92
3A_SB	3	d	27	31	36	41	45	49	54	57	62	65	69	71	77	82	85	90	/
3A_SB	4	a	39	43	47	53	57	61	66	70	74	78	82	84	89	93	96	101	104
3A_SB	4	d	40	44	49	55	59	63	68	72	75	79	83	85	90	94	97	102	/
3A_SB	5	a	58	63	66	72	75	80	85	90	94	97	101	104	107	111	115	120	124
3A_SB	5	d	59	64	68	73	77	82	87	92	95	98	103	105	108	112	116	122	/
3A_SB	6	a	69	74	79	85	89	94	98	102	106	110	113	115	118	122	125	129	133
3A_SB	6	d	70	76	80	86	91	96	100	104	107	111	114	116	119	123	126	131	/
3A_SB	7	a	74	80	85	92	97	101	105	108	111	116	120	123	127	131	134	139	144
3A_SB	7	d	75	82	87	94	98	103	106	109	113	118	121	124	128	132	135	141	/
3A_SB	8	a	91	98	101	108	111	115	119	123	126	130	134	136	140	143	146	151	155
3A_SB	8	d	92	99	102	109	112	116	120	124	127	132	135	137	141	144	147	153	/
3A_SB	9	a	100	107	111	117	120	123	126	130	133	137	140	142	146	149	152	158	161
3A_SB	9	d	101	108	113	118	121	124	127	131	135	138	141	143	147	150	153	159	/
3A_SB	10	a	106	112	116	122	126	130	134	140	144	148	153	156	160	163	166	171	174
3A_SB	10	d	107	113	118	124	128	132	136	142	146	150	154	157	161	164	167	172	/
3A_SB	11	a	129	136	140	147	151	155	159	163	167	171	174	176	180	183	187	193	197
3A_SB	11	d	130	138	142	149	152	156	160	164	168	172	175	177	181	184	188	194	/
3A_SB	12	a	142	148	153	161	165	169	173	177	180	184	187	190	195	199	204	209	213
3A_SB	12	d	143	150	155	163	166	170	174	178	181	185	188	191	196	200	205	211	/
3A_SB	13	a	147	153	158	166	170	174	178	182	185	189	192	195	200	204	209	215	218
3A_SB	13	d	148	155	160	168	171	175	179	183	186	190	193	196	201	205	210	216	/
3A_SB	14	a	159	164	169	174	177	181	184	187	190	194	197	199	205	209	213	220	223
3A_SB	14	d	160	166	170	175	178	182	185	188	191	195	198	201	206	210	215	221	/
3A_SB	15	a	164	170	174	179	184	188	191	194	197	201	204	206	211	214	218	225	229
3A_SB	15	d	165	171	175	181	185	189	192	195	198	202	205	207	212	215	220	226	/
3A_SB	16	a	169	175	180	186	191	195	198	202	205	209	212	215	220	223	227	232	236
3A_SB	16	d	170	177	181	188	192	196	199	203	206	210	213	216	221	224	228	233	/
3A_NB	1	a	14	17	20	23	26	30	34	37	40	45	50	52	54	58	63	66	70	73
3A_NB	1	d	15	18	21	24	28	31	35	38	41	47	51	53	55	60	64	68	71	/
3A_NB	2	a	32	35	38	42	46	49	53	56	61	67	72	75	79	83	87	91	95	99
3A_NB	2	d	33	36	39	43	47	51	55	58	63	69	73	77	81	85	89	92	97	/
3A_NB	3	a	48	52	56	60	64	69	73	77	82	87	91	93	96	100	103	106	110	114
3A_NB	3	d	49	54	58	62	66	71	75	79	83	88	92	94	97	101	104	107	111	/
3A_NB	4	a	54	58	61	66	70	74	79	83	88	93	97	99	102	107	111	114	118	122
3A_NB	4	d	55	59	63	68	71	76	81	85	89	94	98	100	104	109	112	115	119	/
3A_NB	5	a	60	64	67	72	75	81	85	89	93	99	103	107	110	113	117	120	123	128
3A_NB	5	d	61	65	69	73	77	82	87	90	94	100	105	109	111	115	118	121	125	/
3A_NB	6	a	65	69	73	78	81	87	91	93	98	105	110	113	116	120	124	128	132	136
3A_NB	6	d	66	71	75	79	83	88	92	95	100	107	111	115	118	122	125	130	133	/
3A_NB	7	a	81	85	89	94	99	104	108	110	114	120	124	127	129	134	139	143	146	151
3A_NB	7	d	82	87	91	96	101	105	109	111	115	121	125	128	131	136	140	144	148	/
3A_NB	8	a	89	93	96	101	106	110	115	117	121	127	131	135	138	143	147	151	154	157
3A_NB	8	d	90	94	98	103	108	112	116	118	122	128	133	137	140	144	148	152	155	/
3A_NB	9	a	95	99	102	107	112	116	121	124	129	135	139	142	144	148	152	156	159	162
3A_NB	9	d	96	100	104	109	114	118	123	126	130	136	140	143	145	150	153	157	160	/
3A_NB	10	a	102	106	109	113	117	121	126	129	134	140	144	148	151	155	159	163	166	170
3A_NB	10	d	103	107	110	114	119	123	128	131	135	141	146	150	153	157	160	164	167	/
3A_NB	11	a	110	114	117	121	125	129	134	136	140	147	152	155	158	161	165	168	172	176
3A_NB	11	d	111	115	118	123	127	131	135	137	142	149	154	157	159	163	166	169	173	/
3A_NB	12	a	120	124	128	134	137	142	145	148	153	158	162	164	166	169	172	176	181	184
3A_NB	12	d	121	126	130	135	139	143	147	150	154	159	163	165	167	170	174	178	182	/
3A_NB	13	a	150	153	158	163	168	172	175	177	182	186	190	193	196	199	203	206	210	213
3A_NB	13	d	151	155	160	165	169	173	176	179	183	187	191	194	197	200	204	207	211	/
3A_NB	14	a	170	173	177	182	187	190	193	195	200	206	211	213	217	221	225	228	231	236
3A_NB	14	d	171	174	179	184	188	191	194	197	202	207	212	215	219	223	226	229	233	/
3A_NB	15	a	179	183	187	192	196	201	205	208	212	218	222	224	226	229	232	236	240	243
3A_NB	15	d	180	184	189	193	198	203	207	209	213	219	223	225	227	230	234	238	241	/
3A_NB	16	a	195	198	202	206	211	215	219	221	225	230	233	237	239	242	247	252	257	261
3A_NB	16	d	196	200	203	208	212	217	220	223	226	231	235	238	240	244	249	254	258	/
