RouteID	RunID	Arrivals/Departures	TimePerStop
1A_SB	1	a	12	20	32	36	39	43	48	52	58	61	66	75	81	85
1A_SB	1	d	13	22	33	37	41	44	49	53	59	63	67	77	83	/
1A_SB	2	a	37	42	52	56	60	64	70	74	81	84	88	98	104	108
1A_SB	2	d	38	44	53	57	62	65	72	76	82	85	89	100	105	/
1A_SB	3	a	61	66	75	79	82	86	91	94	99	103	107	117	122	126
1A_SB	3	d	62	68	77	80	84	87	92	95	100	104	108	118	123	/
1A_SB	4	a	69	74	83	87	91	94	100	104	110	113	117	127	132	136
1A_SB	4	d	70	76	85	89	92	95	102	106	111	114	118	128	133	/
1A_SB	5	a	75	80	88	93	97	100	107	112	118	122	126	137	144	147
1A_SB	5	d	76	81	90	95	98	102	109	114	120	123	128	139	145	/
1A_SB	6	a	85	90	98	103	107	111	117	121	128	132	137	147	153	158
1A_SB	6	d	86	91	100	105	108	113	118	123	130	134	139	148	155	/
1A_SB	7	a	94	101	110	113	116	120	126	131	137	141	146	156	160	165
1A_SB	7	d	96	103	111	114	117	121	128	132	138	143	148	157	162	/
1A_SB	8	a	99	106	115	119	123	127	133	137	142	146	151	160	165	169
1A_SB	8	d	101	108	117	120	124	128	134	138	143	148	153	162	167	/
1A_SB	9	a	107	113	122	126	130	134	140	143	148	153	157	166	171	174
1A_SB	9	d	109	115	123	127	131	135	141	144	150	154	159	167	172	/
1A_SB	10	a	113	119	127	131	135	139	145	149	155	159	163	173	178	182
1A_SB	10	d	115	120	128	132	137	140	147	150	156	160	165	174	180	/
1A_SB	11	a	118	125	134	139	144	147	153	156	162	166	170	179	183	187
1A_SB	11	d	120	127	136	141	145	148	154	157	163	168	171	180	185	/
1A_SB	12	a	126	132	140	144	149	152	158	161	168	172	175	184	188	192
1A_SB	12	d	127	133	141	146	150	153	159	163	170	173	176	185	190	/
1A_SB	13	a	131	137	148	152	155	159	166	169	174	177	180	189	194	199
1A_SB	13	d	132	139	149	153	157	161	167	170	175	178	182	191	196	/
1A_SB	14	a	136	143	154	158	162	165	170	174	180	184	187	195	200	204
1A_SB	14	d	137	145	155	160	163	167	172	176	182	185	188	196	201	/
1A_SB	15	a	142	149	158	163	167	172	177	180	185	189	193	202	208	213
1A_SB	15	d	143	151	160	165	169	174	178	182	187	191	195	204	210	/
1A_SB	16	a	167	174	182	186	189	193	198	201	206	209	213	224	232	238
1A_SB	16	d	169	175	184	187	190	194	199	203	207	210	215	226	234	/
1A_NB	1	a	29	34	39	46	51	55	59	63	70	74	79	82	89	95
1A_NB	1	d	30	35	40	47	52	56	60	65	71	76	80	84	91	/
1A_NB	2	a	46	51	58	66	73	77	82	86	91	95	99	103	112	118
1A_NB	2	d	47	53	59	68	75	79	84	87	92	97	101	105	113	/
1A_NB	3	a	68	73	80	87	93	96	101	105	112	116	120	124	134	140
1A_NB	3	d	69	75	81	89	94	97	103	107	113	118	121	126	135	/
1A_NB	4	a	76	80	86	94	100	103	108	113	119	123	126	131	141	148
1A_NB	4	d	77	81	88	96	101	105	110	114	121	124	128	133	143	/
1A_NB	5	a	81	85	92	100	106	109	114	119	127	131	135	140	147	154
1A_NB	5	d	82	87	93	102	107	111	116	121	129	133	137	141	149	/
1A_NB	6	a	91	95	101	109	116	119	124	128	136	140	143	148	155	160
1A_NB	6	d	92	97	102	111	117	120	126	130	138	141	145	149	156	/
1A_NB	7	a	100	104	109	115	122	126	132	136	141	145	149	153	160	166
1A_NB	7	d	101	105	110	117	124	128	134	137	143	147	151	154	162	/
1A_NB	8	a	105	109	114	121	128	132	138	143	149	154	158	161	168	175
1A_NB	8	d	106	110	116	122	130	134	140	145	151	155	159	162	170	/
1A_NB	9	a	118	123	129	135	140	144	148	152	158	162	166	169	178	185
1A_NB	9	d	120	124	130	136	141	145	149	153	159	163	167	171	180	/
1A_NB	10	a	123	128	134	142	148	152	157	160	166	170	175	178	187	194
1A_NB	10	d	125	129	136	144	149	153	158	161	167	172	176	180	189	/
1A_NB	11	a	134	140	148	155	160	163	168	173	181	186	190	193	200	205
1A_NB	11	d	136	142	150	156	161	164	170	175	183	188	191	195	201	/
1A_NB	12	a	143	149	156	163	169	173	179	183	189	193	196	199	205	211
1A_NB	12	d	145	151	158	165	170	174	181	184	190	194	197	200	207	/
1A_NB	13	a	162	167	174	181	188	191	197	202	210	213	216	220	228	234
1A_NB	13	d	164	169	176	183	189	193	199	204	211	214	218	222	229	/
1A_NB	14	a	178	183	189	197	203	207	213	217	225	229	233	237	246	251
1A_NB	14	d	180	185	191	198	205	208	215	219	227	230	235	239	247	/
1A_NB	15	a	186	191	196	205	211	216	224	228	235	238	242	246	255	261
1A_NB	15	d	188	192	198	206	213	218	226	229	236	239	244	248	256	/
1A_NB	16	a	198	202	207	215	222	227	232	236	243	247	252	255	262	268
1A_NB	16	d	199	203	208	217	224	228	234	237	245	249	253	257	263	/
2A_NB	1	a	4	8	11	17	20	24	29	32	35	45	52	54	57	60	64	67	71	74	77	81	84	88	91	98
2A_NB	1	d	5	9	12	18	21	25	30	33	36	46	53	55	58	61	65	68	72	75	78	82	85	89	93	/
2A_NB	2	a	9	13	16	21	25	29	33	37	40	50	57	59	62	65	69	72	76	79	82	86	89	93	96	103
2A_NB	2	d	10	14	17	23	26	30	35	38	41	51	58	60	63	66	70	73	77	80	83	87	90	94	98	/
2A_NB	3	a	14	19	23	29	32	36	40	44	49	59	65	67	70	73	77	81	85	88	93	97	102	106	110	117
2A_NB	3	d	15	20	25	31	33	37	42	46	51	61	66	68	71	75	79	83	86	90	94	99	103	108	112	/
2A_NB	4	a	23	28	32	38	41	46	51	55	60	70	75	77	79	82	86	90	94	96	101	105	109	112	116	123
2A_NB	4	d	24	29	34	40	43	47	52	57	62	71	76	78	80	84	88	92	95	98	102	106	110	114	118	/
2A_NB	5	a	31	35	39	44	47	52	57	62	67	77	84	86	88	91	95	98	101	104	108	113	117	120	124	132
2A_NB	5	d	32	36	40	46	49	53	59	64	69	79	85	87	89	93	96	99	103	106	110	114	118	122	126	/
2A_NB	6	a	45	48	52	58	61	65	69	74	78	89	97	100	104	108	112	115	118	122	126	130	135	138	142	149
2A_NB	6	d	46	49	54	60	62	66	71	76	80	91	99	102	106	110	113	116	120	123	127	132	136	140	144	/
2A_NB	7	a	59	62	67	73	77	81	87	92	96	105	110	112	115	118	121	124	128	131	135	138	142	145	148	154
2A_NB	7	d	60	64	69	75	78	83	89	93	97	106	111	113	116	119	122	125	129	132	136	139	143	146	149	/
2A_NB	8	a	69	72	76	82	85	90	96	101	105	113	118	120	123	127	131	134	137	139	143	146	150	153	156	163
2A_NB	8	d	70	73	78	83	87	92	98	102	106	114	119	121	124	128	132	135	138	140	144	147	151	154	157	/
2A_NB	9	a	73	77	82	87	91	95	101	106	109	118	123	125	128	132	136	139	142	144	148	151	155	158	161	168
2A_NB	9	d	75	78	83	89	93	97	103	107	111	119	124	126	129	133	137	140	143	145	149	152	156	159	162	/
2A_NB	10	a	79	82	88	93	97	100	106	110	114	123	128	130	133	137	140	144	147	149	153	157	161	164	167	175
2A_NB	10	d	80	84	89	95	98	102	108	112	116	124	129	131	134	138	142	145	148	150	154	158	162	165	168	/
2A_NB	11	a	84	87	93	98	102	106	111	115	119	128	133	135	138	142	145	149	152	155	159	163	167	170	173	181
2A_NB	11	d	85	89	94	100	104	108	113	117	121	129	134	136	139	143	147	150	153	156	160	164	168	171	174	/
2A_NB	12	a	90	94	99	105	109	113	118	121	124	133	140	143	146	150	153	155	158	162	166	170	174	178	182	188
2A_NB	12	d	91	96	101	107	111	115	119	122	126	135	141	144	147	151	154	156	160	163	167	171	176	180	183	/
2A_NB	13	a	97	101	106	112	115	119	126	131	135	141	147	151	154	157	160	162	166	169	173	177	181	185	188	195
2A_NB	13	d	98	103	108	113	117	121	128	133	136	142	149	152	155	158	161	164	168	170	174	178	183	186	190	/
2A_NB	14	a	109	113	118	124	127	131	137	140	144	150	157	160	164	169	173	176	179	182	185	190	194	197	202	209
2A_NB	14	d	110	115	120	126	129	132	138	142	145	151	158	162	166	170	174	177	181	183	187	191	195	199	203	/
2A_NB	15	a	118	122	126	132	135	139	145	148	152	160	167	170	173	177	181	184	187	189	193	197	202	206	211	219
2A_NB	15	d	119	123	128	134	137	140	146	150	154	161	169	172	174	178	182	185	188	191	194	199	204	208	213	/
2A_NB	16	a	144	148	153	159	163	166	172	175	179	187	194	196	199	203	207	209	214	217	220	224	228	232	235	243
2A_NB	16	d	145	150	155	161	164	168	173	177	180	189	195	198	201	204	208	211	216	218	222	225	230	233	237	/
2A_SB	1	a	11	18	24	28	33	36	40	44	49	54	59	62	66	70	75	82	88	92	97	104	107	112	116	119	128
2A_SB	1	d	12	20	26	30	34	38	42	46	51	56	61	64	68	72	76	83	89	94	99	105	108	113	117	120	/
2A_SB	2	a	22	28	35	38	43	47	51	56	61	66	71	73	76	80	83	90	95	99	103	109	112	117	121	125	134
2A_SB	2	d	23	30	36	40	45	49	53	58	63	68	72	74	77	81	84	91	96	100	104	110	113	118	122	126	/
2A_SB	3	a	27	33	40	44	48	52	56	61	66	71	76	79	82	86	89	98	104	108	112	119	121	126	130	134	143
2A_SB	3	d	28	35	42	46	50	54	58	63	68	73	78	80	83	87	91	100	105	109	114	120	122	127	131	135	/
2A_SB	4	a	43	47	55	60	65	68	71	75	78	82	85	88	91	94	98	107	112	116	120	125	127	132	136	140	149
2A_SB	4	d	44	49	57	62	67	70	73	76	79	83	87	89	92	95	100	108	113	117	121	126	128	133	137	141	/
2A_SB	5	a	51	56	63	67	71	73	76	81	85	89	92	94	97	100	104	112	117	121	125	130	132	137	141	145	154
2A_SB	5	d	52	57	64	68	72	75	78	83	86	90	93	95	98	101	105	113	118	122	126	131	133	138	142	146	/
2A_SB	6	a	65	69	76	80	83	86	88	92	95	98	101	104	107	110	113	121	126	130	134	140	143	148	152	156	166
2A_SB	6	d	66	71	77	81	84	87	89	93	96	99	103	105	108	111	114	122	127	131	135	142	144	149	153	157	/
2A_SB	7	a	77	82	89	93	97	99	102	106	110	114	117	119	122	125	129	139	146	150	153	159	161	166	169	172	182
2A_SB	7	d	78	84	91	95	98	100	103	107	111	115	118	120	123	126	131	141	148	151	154	160	162	167	170	173	/
2A_SB	8	a	83	88	94	98	102	104	108	112	116	120	124	127	131	135	139	148	155	158	161	167	170	175	178	181	192
2A_SB	8	d	84	89	96	100	103	106	110	113	117	122	126	129	133	137	140	150	156	159	162	168	171	176	179	182	/
2A_SB	9	a	94	99	105	109	113	115	118	121	125	128	131	133	136	140	144	153	160	163	166	174	177	182	185	188	199
2A_SB	9	d	95	100	106	110	114	116	119	122	126	129	132	134	138	142	145	155	161	164	167	175	178	183	186	189	/
2A_SB	10	a	98	104	110	114	118	120	124	127	131	134	138	141	145	148	151	158	165	168	172	180	182	187	191	195	205
2A_SB	10	d	100	105	111	115	119	122	125	128	132	135	139	142	146	149	153	160	166	169	173	181	184	189	193	196	/
2A_SB	11	a	107	114	120	123	126	128	131	134	138	141	145	148	152	155	159	165	172	175	179	185	187	192	196	200	211
2A_SB	11	d	109	115	121	124	127	129	132	135	139	142	146	149	153	156	160	166	173	176	180	186	189	194	198	202	/
2A_SB	12	a	116	123	128	131	134	137	139	142	146	149	153	155	158	161	165	171	178	181	184	190	192	197	202	206	217
2A_SB	12	d	118	124	129	132	135	138	140	143	147	150	154	156	159	162	166	172	179	182	185	191	194	199	204	208	/
2A_SB	13	a	121	128	133	138	141	144	146	149	153	157	161	163	166	169	173	179	186	190	193	199	202	207	212	215	225
2A_SB	13	d	123	129	135	139	142	145	147	150	154	158	162	164	167	170	174	180	187	191	194	200	204	209	213	216	/
2A_SB	14	a	126	133	138	143	146	149	153	156	160	164	168	170	173	176	180	189	197	201	205	212	216	221	226	230	239
2A_SB	14	d	128	134	140	144	147	151	154	157	161	165	169	171	174	177	182	191	199	203	207	214	218	223	227	231	/
2A_SB	15	a	147	153	159	162	166	169	171	174	178	182	186	188	191	194	198	207	214	219	222	228	232	237	241	245	256
2A_SB	15	d	148	154	160	164	168	170	172	175	179	183	187	189	192	195	200	208	216	220	224	230	234	239	243	246	/
2A_SB	16	a	152	158	165	169	173	175	177	180	183	187	191	193	196	199	203	212	219	224	228	235	239	244	249	253	264
2A_SB	16	d	153	160	167	170	174	176	178	181	184	188	192	194	197	200	205	214	221	226	230	237	241	246	251	255	/
3A_SB	1	a	25	30	33	37	40	43	45	49	54	57	61	66	70	77	81
3A_SB	1	d	26	31	34	38	41	44	47	51	56	58	63	68	71	79	/
3A_SB	2	a	50	54	57	62	66	69	73	76	79	81	85	88	91	96	100
3A_SB	2	d	51	55	59	64	67	71	74	77	80	82	86	89	92	98	/
3A_SB	3	a	63	67	71	76	80	83	86	90	94	96	101	104	107	113	116
3A_SB	3	d	64	68	73	78	81	84	88	91	95	97	102	105	108	114	/
3A_SB	4	a	75	80	84	89	93	95	99	104	109	112	116	119	122	128	131
3A_SB	4	d	76	81	86	91	94	97	101	106	110	113	117	120	123	129	/
3A_SB	5	a	82	87	91	97	101	104	108	113	118	121	125	128	131	137	140
3A_SB	5	d	83	88	93	99	103	106	110	115	119	122	126	129	132	138	/
3A_SB	6	a	94	100	104	108	111	113	117	122	125	128	132	136	140	147	150
3A_SB	6	d	95	102	105	109	112	115	119	123	126	129	134	138	142	148	/
3A_SB	7	a	102	108	111	115	118	120	122	126	130	133	138	141	145	152	156
3A_SB	7	d	103	109	112	116	119	121	124	128	131	135	139	143	147	153	/
3A_SB	8	a	115	120	124	127	130	132	134	139	144	147	151	155	158	165	168
3A_SB	8	d	116	122	125	128	131	133	136	141	145	148	152	156	159	166	/
3A_SB	9	a	120	126	130	133	136	138	141	146	150	152	156	161	165	172	176
3A_SB	9	d	121	128	131	134	137	139	143	147	151	153	158	163	167	174	/
3A_SB	10	a	134	140	144	147	151	154	156	160	164	166	171	175	178	184	189
3A_SB	10	d	135	142	145	148	152	155	157	161	165	167	172	176	179	186	/
3A_SB	11	a	140	146	149	153	157	160	162	166	169	171	176	180	183	189	194
3A_SB	11	d	141	147	150	154	158	161	163	167	170	172	177	181	184	191	/
3A_SB	12	a	147	153	158	162	166	168	170	173	177	179	184	187	190	196	200
3A_SB	12	d	148	155	159	163	167	169	171	175	178	180	185	188	191	197	/
3A_SB	13	a	154	160	164	168	172	174	177	180	184	186	191	194	197	203	207
3A_SB	13	d	155	161	165	169	173	176	178	182	185	187	192	195	198	204	/
3A_SB	14	a	165	170	175	179	182	184	187	190	194	196	201	204	207	214	219
3A_SB	14	d	166	172	176	180	183	185	188	192	195	197	202	205	209	216	/
3A_SB	15	a	172	177	181	185	189	191	194	198	202	204	209	212	216	222	227
3A_SB	15	d	173	178	183	187	190	192	195	200	203	205	210	213	217	224	/
3A_SB	16	a	194	198	203	207	211	213	216	220	225	228	233	237	240	246	250
3A_SB	16	d	195	200	204	208	212	214	217	222	227	229	235	238	241	247	/
3A_NB	1	a	22	26	31	35	39	43	47	51	55	62	68	72	77	81	86	90	94
3A_NB	1	d	23	28	33	37	41	45	49	53	57	64	70	74	79	83	88	92	/
3A_NB	2	a	45	49	53	56	60	64	69	73	76	81	84	87	92	95	99	104	107
3A_NB	2	d	46	51	54	57	62	66	71	74	77	82	85	89	93	96	101	105	/
3A_NB	3	a	51	55	58	61	66	69	74	79	83	89	92	96	100	103	107	111	114
3A_NB	3	d	52	56	59	63	67	71	76	81	85	90	93	97	101	104	108	112	/
3A_NB	4	a	59	63	67	71	75	80	84	88	91	95	99	103	108	110	115	119	123
3A_NB	4	d	60	65	68	72	77	81	85	89	92	97	100	105	109	112	116	120	/
3A_NB	5	a	69	73	76	80	84	88	92	95	99	103	106	110	114	116	120	124	128
3A_NB	5	d	70	74	78	81	85	89	93	97	100	104	107	111	115	117	121	125	/
3A_NB	6	a	76	80	84	87	92	95	98	101	104	109	113	118	122	125	129	134	137
3A_NB	6	d	77	81	85	89	93	96	99	102	106	110	115	120	123	126	131	135	/
3A_NB	7	a	83	87	91	95	98	102	106	111	114	118	122	126	129	132	136	140	143
3A_NB	7	d	84	88	93	96	100	104	108	113	115	119	123	127	130	133	137	141	/
3A_NB	8	a	96	100	103	107	111	116	120	125	129	134	138	142	146	149	154	157	160
3A_NB	8	d	97	101	105	109	113	118	122	127	131	135	139	144	148	150	155	158	/
3A_NB	9	a	106	109	113	117	121	125	130	135	139	145	149	153	157	160	165	169	172
3A_NB	9	d	107	111	115	119	123	127	132	137	141	146	150	154	158	161	166	170	/
3A_NB	10	a	116	119	123	127	130	133	137	141	145	150	154	158	162	165	170	174	178
3A_NB	10	d	117	121	125	128	131	134	138	143	146	151	155	159	163	166	171	176	/
3A_NB	11	a	122	126	129	132	135	138	142	147	151	156	160	164	167	170	175	179	184
3A_NB	11	d	123	127	130	133	136	139	144	149	153	157	161	165	168	171	176	181	/
3A_NB	12	a	142	145	149	153	157	161	165	169	173	178	182	186	190	193	198	202	205
3A_NB	12	d	143	147	151	154	159	163	167	171	175	180	183	187	191	195	199	203	/
3A_NB	13	a	153	155	159	163	167	171	175	178	181	186	189	194	199	201	205	210	215
3A_NB	13	d	154	157	161	165	169	173	176	179	182	187	191	196	200	202	207	212	/
3A_NB	14	a	169	172	175	178	183	188	192	195	199	203	207	210	214	217	221	225	230
3A_NB	14	d	170	173	176	180	185	189	193	197	200	204	208	211	215	218	222	227	/
3A_NB	15	a	174	177	180	184	188	193	197	201	204	208	212	216	221	224	230	234	239
3A_NB	15	d	175	178	182	185	190	195	198	202	205	209	213	218	222	226	232	236	/
3A_NB	16	a	196	199	203	207	210	215	218	222	225	231	236	240	243	246	252	257	261
3A_NB	16	d	197	200	205	208	211	216	219	223	227	233	237	241	245	247	254	259	/
