RouteID	RunID	Arrivals/Departures	TimePerStop
1A_SB	1	a	4	11	21	24	28	33	38	41	48	52	55	65	71	75
1A_SB	1	d	5	13	22	26	30	34	39	42	49	53	56	66	72	/
1A_SB	2	a	20	26	35	39	43	48	55	59	65	69	73	82	88	93
1A_SB	2	d	21	28	37	41	45	50	57	61	66	71	75	83	90	/
1A_SB	3	a	31	36	44	47	50	55	62	67	73	77	81	89	95	99
1A_SB	3	d	32	38	45	48	52	57	64	69	75	78	82	90	96	/
1A_SB	4	a	56	62	70	73	77	81	88	93	99	103	108	115	120	123
1A_SB	4	d	58	63	71	74	79	83	90	94	101	105	109	116	121	/
1A_SB	5	a	73	80	89	93	97	102	108	113	119	122	125	135	141	145
1A_SB	5	d	75	81	90	95	99	104	110	114	120	123	127	137	143	/
1A_SB	6	a	95	102	111	114	117	120	125	129	134	137	141	150	156	159
1A_SB	6	d	97	104	112	115	118	121	126	130	135	138	143	152	157	/
1A_SB	7	a	109	117	125	129	133	137	142	145	151	156	159	170	177	180
1A_SB	7	d	111	119	126	131	135	138	143	146	153	157	160	172	178	/
1A_SB	8	a	119	126	135	139	143	146	151	155	163	167	172	181	187	191
1A_SB	8	d	121	128	137	141	144	147	153	157	164	169	173	182	188	/
1A_SB	9	a	133	141	151	155	159	163	169	173	180	184	189	199	206	209
1A_SB	9	d	135	143	153	157	161	165	171	175	182	186	191	201	207	/
1A_SB	10	a	152	159	168	172	176	180	185	189	196	200	204	214	221	224
1A_SB	10	d	154	160	170	174	178	181	186	191	198	201	205	215	222	/
1A_SB	11	a	169	176	187	191	195	198	205	209	215	219	224	235	240	243
1A_SB	11	d	171	178	189	193	196	200	206	211	216	221	226	236	241	/
1A_SB	12	a	184	191	199	202	206	210	216	220	226	230	235	246	253	256
1A_SB	12	d	186	192	200	203	208	212	218	222	228	232	237	247	254	/
1A_SB	13	a	198	205	213	217	222	226	232	237	244	249	253	262	267	270
1A_SB	13	d	200	206	215	219	224	228	234	239	246	250	254	263	268	/
1A_SB	14	a	215	222	232	236	241	245	251	254	260	264	268	277	282	286
1A_SB	14	d	217	224	233	238	242	246	252	255	261	265	269	278	283	/
1A_SB	15	a	233	239	247	251	256	260	265	268	274	279	284	293	298	301
1A_SB	15	d	235	240	249	253	257	261	266	269	276	281	285	294	299	/
1A_SB	16	a	241	248	257	261	266	271	278	282	288	292	296	305	311	315
1A_SB	16	d	243	250	259	263	268	273	279	283	290	293	297	306	312	/
1A_SB	17	a	258	265	274	278	282	286	292	296	302	306	310	319	325	328
1A_SB	17	d	260	267	276	280	284	288	294	298	304	308	311	320	326	/
1A_SB	18	a	278	285	296	299	302	306	311	315	321	325	329	338	343	347
1A_SB	18	d	280	287	297	300	303	307	312	317	322	326	330	340	345	/
1A_SB	19	a	292	298	308	312	316	321	328	331	336	339	343	352	357	360
1A_SB	19	d	294	300	310	314	318	323	329	332	337	340	344	353	358	/
1A_SB	20	a	309	315	323	328	332	336	343	347	353	358	361	371	377	381
1A_SB	20	d	311	316	325	330	334	338	344	348	355	359	363	373	379	/
1A_SB	21	a	327	333	340	343	348	351	355	359	365	369	373	382	387	391
1A_SB	21	d	329	334	341	345	349	352	356	360	366	370	374	383	389	/
1A_SB	22	a	344	351	360	364	368	372	378	382	388	391	396	406	413	416
1A_SB	22	d	346	352	361	366	370	374	379	383	389	393	398	408	414	/
1A_SB	23	a	353	360	368	373	376	380	387	392	398	402	407	417	423	426
1A_SB	23	d	355	362	370	374	378	382	389	394	400	404	409	418	424	/
1A_SB	24	a	370	377	387	391	395	399	405	410	417	420	425	432	437	440
1A_SB	24	d	372	379	388	393	396	401	407	412	418	422	426	433	438	/
1A_SB	25	a	383	390	398	403	407	412	418	423	430	435	440	450	456	460
1A_SB	25	d	385	391	400	405	409	414	420	425	432	437	442	452	457	/
1A_SB	26	a	403	411	419	422	425	428	434	438	444	448	452	463	468	473
1A_SB	26	d	405	412	420	423	426	429	436	440	446	449	454	464	470	/
1A_SB	27	a	415	423	433	438	442	447	452	456	462	465	469	478	484	487
1A_SB	27	d	417	425	435	440	444	448	453	457	463	466	470	479	485	/
1A_SB	28	a	432	439	448	452	457	461	468	472	478	481	485	496	501	505
1A_SB	28	d	434	440	449	454	459	463	470	474	479	482	487	497	502	/
1A_SB	29	a	450	456	463	466	469	472	478	481	487	491	496	507	512	516
1A_SB	29	d	452	457	464	467	470	473	479	483	488	493	498	508	514	/
1A_SB	30	a	464	471	480	484	489	493	498	502	508	511	515	522	527	531
1A_SB	30	d	466	473	482	486	491	494	499	504	509	513	516	523	529	/
1A_SB	31	a	478	486	495	498	501	504	510	513	519	523	526	535	540	543
1A_SB	31	d	480	488	496	499	502	505	511	514	521	524	527	536	541	/
1A_SB	32	a	489	497	506	509	513	517	523	526	532	536	540	550	555	559
1A_SB	32	d	491	499	507	511	515	519	524	528	534	538	542	551	557	/
1A_SB	33	a	505	512	520	524	527	531	536	540	546	551	555	563	568	572
1A_SB	33	d	507	514	521	525	528	532	537	542	548	552	556	564	570	/
1A_SB	34	a	520	526	533	536	539	543	549	552	558	561	565	573	578	582
1A_SB	34	d	522	527	534	537	541	544	550	554	559	562	566	574	580	/
1A_SB	35	a	530	536	544	549	553	558	564	568	575	578	582	589	595	598
1A_SB	35	d	532	538	546	551	555	560	566	570	576	579	583	590	596	/
1A_SB	36	a	549	556	564	568	572	575	582	587	593	596	600	610	615	618
1A_SB	36	d	551	557	566	570	573	576	584	588	594	597	601	611	616	/
1A_SB	37	a	565	571	580	583	586	590	596	600	606	610	613	623	629	633
1A_SB	37	d	567	573	581	584	588	591	597	602	607	611	614	624	630	/
1A_SB	38	a	577	584	592	595	598	603	608	612	618	621	625	633	639	643
1A_SB	38	d	579	585	593	596	600	604	610	614	619	622	626	634	640	/
1A_SB	39	a	596	602	610	614	617	621	627	630	636	639	644	652	657	660
1A_SB	39	d	598	603	611	615	618	622	628	632	637	641	646	653	658	/
1A_SB	40	a	606	614	623	626	629	633	638	641	646	650	654	662	669	674
1A_SB	40	d	608	616	624	627	631	634	639	642	647	652	656	664	671	/
1A_SB	41	a	628	635	645	648	651	654	659	663	669	674	678	688	695	699
1A_SB	41	d	630	636	646	649	652	655	660	665	671	676	680	690	696	/
1A_SB	42	a	642	649	658	662	665	668	674	677	682	685	688	699	705	708
1A_SB	42	d	644	650	660	663	666	669	675	678	683	686	690	700	706	/
1A_SB	43	a	658	664	672	675	679	683	690	694	701	704	708	718	723	727
1A_SB	43	d	660	665	673	677	680	684	692	696	702	706	709	719	725	/
1A_SB	44	a	671	677	686	689	693	698	704	708	715	719	723	734	740	744
1A_SB	44	d	673	679	687	690	695	699	706	710	717	721	725	736	742	/
1A_SB	45	a	690	697	706	709	712	715	721	725	732	736	740	750	756	761
1A_SB	45	d	692	698	707	710	713	716	723	727	734	738	742	752	758	/
1A_SB	46	a	710	716	726	730	735	738	746	749	754	757	761	770	775	779
1A_SB	46	d	712	717	728	732	736	740	747	750	755	758	762	771	776	/
1A_SB	47	a	725	732	741	745	750	755	762	765	771	774	778	787	793	796
1A_SB	47	d	727	733	743	747	752	756	763	767	772	775	779	788	794	/
1A_SB	48	a	744	751	759	762	765	769	774	777	782	785	789	797	802	806
1A_SB	48	d	746	752	760	763	767	770	775	778	783	786	790	798	803	/
1A_SB	49	a	756	763	771	775	779	783	789	793	800	804	808	818	824	829
1A_SB	49	d	758	764	773	777	781	785	791	795	802	805	809	819	826	/
1A_SB	50	a	769	775	784	788	793	797	804	808	816	820	824	831	838	843
1A_SB	50	d	771	776	786	790	795	799	806	810	817	821	825	833	840	/
1A_SB	51	a	778	784	794	798	802	806	812	816	823	827	831	838	845	850
1A_SB	51	d	780	785	795	799	804	807	813	817	824	828	832	840	847	/
1A_SB	52	a	797	804	811	815	819	824	831	837	843	848	852	861	867	871
1A_SB	52	d	799	805	813	816	821	826	833	839	845	849	853	862	868	/
1A_SB	53	a	818	824	834	837	841	844	850	854	860	864	868	877	882	885
1A_SB	53	d	820	826	835	838	842	846	851	856	862	866	870	878	883	/
1A_SB	54	a	832	838	848	852	855	858	863	867	873	876	879	887	893	896
1A_SB	54	d	834	840	849	853	856	859	865	869	874	877	880	888	894	/
1A_SB	55	a	849	856	866	869	873	876	881	884	890	893	896	904	909	913
1A_SB	55	d	851	857	867	871	874	877	882	885	891	894	897	905	910	/
1A_SB	56	a	866	873	883	886	890	894	900	904	910	913	916	924	930	934
1A_SB	56	d	868	875	884	888	892	896	902	906	911	914	917	926	931	/
1A_SB	57	a	877	884	891	894	897	900	906	910	915	919	923	931	937	942
1A_SB	57	d	879	885	892	895	898	901	908	911	917	920	924	933	939	/
1A_SB	58	a	892	899	907	910	913	918	924	928	933	937	940	948	953	957
1A_SB	58	d	894	901	908	911	915	919	926	929	934	938	941	949	954	/
1A_SB	59	a	906	912	920	924	928	933	939	943	952	956	960	969	974	978
1A_SB	59	d	908	914	922	926	930	934	941	945	954	957	961	970	976	/
1A_SB	60	a	925	931	940	944	947	950	956	959	966	970	973	982	988	991
1A_SB	60	d	927	932	941	945	948	951	957	960	968	971	974	983	989	/
1A_SB	61	a	944	950	959	963	966	969	974	977	982	985	988	1000	1005	1009
1A_SB	61	d	946	951	960	964	967	970	975	978	983	986	989	1001	1006	/
1A_SB	62	a	952	958	967	971	974	977	983	986	991	994	997	1006	1011	1016
1A_SB	62	d	954	960	968	972	975	978	984	987	992	995	998	1007	1013	/
1A_SB	63	a	965	972	980	985	989	994	999	1002	1008	1012	1017	1028	1034	1039
1A_SB	63	d	967	973	982	987	991	995	1000	1003	1010	1014	1019	1030	1036	/
1A_SB	64	a	982	989	998	1001	1004	1008	1014	1019	1024	1027	1031	1039	1045	1049
1A_SB	64	d	984	991	999	1002	1006	1009	1016	1020	1025	1028	1032	1040	1046	/
1A_NB	1	a	4	9	15	22	29	33	39	44	51	55	58	61	68	74
1A_NB	1	d	5	10	16	24	31	35	41	46	52	56	59	62	69	/
1A_NB	2	a	14	18	24	31	38	42	47	51	58	62	66	70	77	81
1A_NB	2	d	15	20	25	32	40	43	48	53	59	63	67	71	78	/
1A_NB	3	a	34	38	42	49	55	59	65	70	76	79	82	85	92	97
1A_NB	3	d	35	39	44	51	57	61	67	71	77	80	83	86	93	/
1A_NB	4	a	50	55	60	66	72	76	82	87	93	97	101	105	113	118
1A_NB	4	d	51	56	61	68	74	78	84	88	94	98	102	106	114	/
1A_NB	5	a	68	73	79	87	92	96	102	106	114	118	122	126	134	140
1A_NB	5	d	70	75	81	88	93	97	103	108	116	120	124	127	135	/
1A_NB	6	a	78	83	88	95	102	107	113	118	126	129	132	135	142	148
1A_NB	6	d	80	84	89	97	104	109	115	120	127	130	133	136	143	/
1A_NB	7	a	88	93	99	106	112	116	121	124	131	134	138	141	148	154
1A_NB	7	d	90	95	101	107	113	117	122	125	132	135	139	142	149	/
1A_NB	8	a	118	124	129	135	141	144	150	153	159	163	166	169	176	182
1A_NB	8	d	120	125	130	136	142	145	151	154	161	164	167	170	177	/
1A_NB	9	a	128	134	139	147	154	157	161	165	171	174	177	181	190	197
1A_NB	9	d	130	135	140	149	155	158	163	166	172	175	179	183	192	/
1A_NB	10	a	148	153	159	167	173	178	186	189	195	198	201	205	212	217
1A_NB	10	d	150	154	161	169	175	180	187	190	196	199	202	206	213	/
1A_NB	11	a	168	173	178	187	194	198	204	208	214	218	221	225	232	237
1A_NB	11	d	170	174	180	189	196	200	206	209	215	219	222	226	233	/
1A_NB	12	a	173	178	183	192	199	203	209	213	219	223	226	230	238	244
1A_NB	12	d	175	179	185	194	201	205	211	214	220	224	228	232	240	/
1A_NB	13	a	189	195	201	208	214	217	223	228	235	238	242	245	253	259
1A_NB	13	d	191	196	203	210	215	218	225	230	236	239	243	247	255	/
1A_NB	14	a	210	215	222	230	238	242	248	253	259	262	265	268	277	283
1A_NB	14	d	212	217	224	232	240	244	250	254	260	263	266	270	278	/
1A_NB	15	a	228	233	238	245	251	255	259	263	268	271	274	277	285	290
1A_NB	15	d	230	234	239	246	253	256	260	264	269	272	275	278	286	/
1A_NB	16	a	242	248	255	262	268	272	278	283	289	292	296	299	306	310
1A_NB	16	d	244	250	257	264	270	274	280	284	290	293	297	301	307	/
1A_NB	17	a	258	263	268	274	281	285	291	296	301	305	309	312	319	324
1A_NB	17	d	260	264	269	276	283	287	293	297	303	306	310	314	320	/
1A_NB	18	a	271	277	283	291	297	301	306	310	316	319	323	326	332	337
1A_NB	18	d	273	279	285	292	299	302	307	311	317	320	324	327	333	/
1A_NB	19	a	287	292	298	306	313	318	322	325	332	336	340	344	351	358
1A_NB	19	d	289	294	300	308	315	319	323	326	333	337	341	345	352	/
1A_NB	20	a	307	313	319	328	333	336	341	346	353	358	363	366	373	379
1A_NB	20	d	309	315	321	330	334	337	343	348	355	360	364	367	375	/
1A_NB	21	a	322	327	333	341	346	350	356	360	366	369	373	376	384	389
1A_NB	21	d	324	329	335	343	348	352	357	362	367	370	374	377	385	/
1A_NB	22	a	339	344	350	358	364	368	375	379	385	388	391	394	401	406
1A_NB	22	d	341	346	352	359	366	370	377	380	386	389	392	395	402	/
1A_NB	23	a	352	358	363	373	379	382	387	391	397	400	403	406	413	418
1A_NB	23	d	354	359	365	374	380	383	389	392	398	401	404	407	414	/
1A_NB	24	a	364	369	375	384	390	393	399	402	409	412	415	418	426	432
1A_NB	24	d	366	371	377	385	391	394	400	404	410	413	416	420	427	/
1A_NB	25	a	383	388	395	402	408	411	416	420	427	430	434	437	444	450
1A_NB	25	d	385	390	396	404	409	412	417	421	428	431	435	438	445	/
1A_NB	26	a	397	402	409	415	423	427	433	438	445	448	452	455	461	466
1A_NB	26	d	399	404	410	417	425	429	435	439	446	449	453	456	462	/
1A_NB	27	a	413	418	423	430	436	439	444	449	455	458	461	464	472	478
1A_NB	27	d	415	419	424	431	437	440	446	451	456	459	462	466	473	/
1A_NB	28	a	433	438	443	452	458	461	466	469	475	478	481	485	492	498
1A_NB	28	d	435	439	445	453	459	462	467	470	476	479	483	486	493	/
1A_NB	29	a	443	448	453	460	466	469	475	478	484	488	493	497	506	511
1A_NB	29	d	445	449	455	461	467	470	476	479	486	490	495	498	507	/
1A_NB	30	a	460	465	472	479	485	488	494	498	503	506	510	513	522	529
1A_NB	30	d	462	467	473	480	486	489	495	499	504	507	511	515	524	/
1A_NB	31	a	472	477	484	493	500	503	509	513	519	523	528	532	540	546
1A_NB	31	d	474	479	486	495	501	504	510	514	520	525	529	533	541	/
1A_NB	32	a	488	493	500	508	514	517	523	528	534	538	542	545	554	559
1A_NB	32	d	490	495	501	510	515	518	525	529	536	539	543	546	555	/
1A_NB	33	a	505	510	516	523	528	532	537	541	547	550	554	557	564	569
1A_NB	33	d	507	511	517	524	530	533	538	542	548	551	555	558	565	/
1A_NB	34	a	521	526	533	540	547	550	555	559	565	568	572	576	582	587
1A_NB	34	d	523	528	535	542	548	551	556	560	566	569	573	577	583	/
1A_NB	35	a	534	539	546	553	559	563	568	572	580	584	589	592	599	606
1A_NB	35	d	536	540	547	554	560	564	569	574	582	586	590	593	601	/
1A_NB	36	a	553	558	564	571	576	579	584	588	594	598	602	605	612	618
1A_NB	36	d	555	559	565	572	577	580	585	589	595	599	603	606	613	/
1A_NB	37	a	570	575	582	589	594	598	603	606	612	615	618	621	628	633
1A_NB	37	d	572	577	583	590	595	599	604	607	613	616	619	622	629	/
1A_NB	38	a	578	583	590	598	604	607	612	616	621	625	628	631	640	645
1A_NB	38	d	580	585	591	600	605	608	614	617	622	626	629	633	641	/
1A_NB	39	a	599	604	609	615	620	623	628	632	639	643	647	651	658	663
1A_NB	39	d	601	605	610	616	621	624	629	634	640	644	648	652	659	/
1A_NB	40	a	610	615	620	627	632	636	642	646	653	657	661	664	671	676
1A_NB	40	d	612	616	621	628	633	637	643	647	654	658	662	665	672	/
1A_NB	41	a	627	632	637	644	650	653	659	663	671	674	678	681	688	694
1A_NB	41	d	629	633	638	645	651	655	660	664	672	675	679	682	689	/
1A_NB	42	a	635	640	645	652	658	661	667	671	680	683	688	692	699	706
1A_NB	42	d	637	641	647	653	659	662	668	673	681	685	690	693	700	/
1A_NB	43	a	655	660	666	673	678	681	686	690	696	699	703	706	714	719
1A_NB	43	d	657	662	667	674	679	682	687	691	697	700	704	708	715	/
1A_NB	44	a	669	675	682	689	694	698	704	708	714	717	722	726	734	741
1A_NB	44	d	671	677	684	690	696	700	706	709	715	719	724	728	736	/
1A_NB	45	a	688	694	701	709	715	719	726	729	735	739	742	745	752	758
1A_NB	45	d	690	695	702	710	716	721	727	730	736	740	743	746	753	/
1A_NB	46	a	702	708	714	722	727	732	739	742	748	752	756	759	767	773
1A_NB	46	d	704	710	715	723	729	734	740	743	749	753	757	760	768	/
1A_NB	47	a	721	726	732	740	745	748	754	758	763	767	771	774	783	789
1A_NB	47	d	723	727	733	741	746	749	755	759	764	769	772	776	784	/
1A_NB	48	a	737	742	749	757	763	766	771	775	780	784	787	790	796	800
1A_NB	48	d	739	743	751	758	764	767	772	776	781	785	788	791	797	/
1A_NB	49	a	754	759	767	776	782	785	790	793	799	803	807	811	819	824
1A_NB	49	d	756	761	769	777	783	786	791	794	800	804	809	813	820	/
1A_NB	50	a	766	771	777	785	790	793	799	803	810	814	819	823	830	836
1A_NB	50	d	768	772	778	786	791	795	800	805	812	816	821	825	831	/
1A_NB	51	a	778	783	789	796	802	807	813	817	822	825	830	833	839	844
1A_NB	51	d	780	784	790	798	804	809	814	818	823	827	831	834	840	/
1A_NB	52	a	796	802	808	817	823	827	833	837	844	847	851	854	862	867
1A_NB	52	d	798	803	810	819	824	829	834	838	845	848	852	856	863	/
1A_NB	53	a	813	818	824	830	835	838	844	848	854	857	860	863	870	875
1A_NB	53	d	815	819	825	831	836	840	845	849	855	858	861	864	871	/
1A_NB	54	a	827	833	839	845	849	852	857	861	867	870	874	877	885	891
1A_NB	54	d	829	835	840	846	850	853	858	862	868	871	875	879	886	/
1A_NB	55	a	841	846	851	857	863	868	874	878	884	888	891	894	900	906
1A_NB	55	d	843	847	852	859	865	870	875	879	885	889	892	895	901	/
1A_NB	56	a	856	862	867	875	882	886	892	896	903	908	911	915	923	928
1A_NB	56	d	858	863	869	877	884	887	893	898	905	909	913	917	924	/
1A_NB	57	a	871	877	883	891	898	902	907	911	918	921	925	928	935	940
1A_NB	57	d	873	878	884	893	899	903	908	912	919	922	926	929	936	/
1A_NB	58	a	887	893	899	908	916	919	924	928	934	938	941	944	952	957
1A_NB	58	d	889	895	901	910	917	920	925	929	935	939	942	945	953	/
1A_NB	59	a	903	908	913	921	927	931	938	941	947	951	955	958	966	973
1A_NB	59	d	905	909	914	923	929	933	939	942	948	952	956	959	968	/
1A_NB	60	a	916	921	927	934	940	945	950	953	959	963	967	971	978	983
1A_NB	60	d	918	922	928	935	942	946	951	954	960	964	968	972	979	/
1A_NB	61	a	925	930	935	943	949	952	957	960	968	973	977	980	986	991
1A_NB	61	d	927	931	937	945	950	953	958	962	970	975	978	981	987	/
1A_NB	62	a	945	950	956	962	969	973	978	983	990	995	999	1002	1010	1016
1A_NB	62	d	947	951	957	963	971	974	980	985	992	996	1000	1003	1011	/
1A_NB	63	a	963	968	974	980	985	989	994	998	1006	1010	1014	1018	1026	1031
1A_NB	63	d	965	970	975	981	986	990	995	1000	1007	1011	1016	1020	1027	/
1A_NB	64	a	972	977	982	988	995	999	1004	1008	1015	1019	1023	1028	1036	1042
1A_NB	64	d	974	979	983	990	996	1000	1005	1009	1016	1020	1025	1030	1038	/
2A_NB	1	a	4	8	12	17	19	22	29	34	37	49	55	57	59	63	66	69	72	74	77	81	85	88	92	99
2A_NB	1	d	5	9	13	18	20	24	30	35	39	50	56	58	61	64	67	70	73	75	78	82	86	89	93	/
2A_NB	2	a	30	34	38	44	47	50	56	60	64	74	80	82	85	88	91	93	96	99	103	106	110	114	117	124
2A_NB	2	d	31	35	39	45	48	51	57	62	66	75	81	84	86	89	92	94	97	100	104	107	111	115	118	/
2A_NB	3	a	48	53	57	62	66	69	75	80	84	93	100	103	105	109	113	116	120	122	126	129	133	136	140	148
2A_NB	3	d	50	54	58	64	67	70	77	81	85	94	101	104	107	111	114	118	121	123	127	130	134	137	141	/
2A_NB	4	a	60	65	69	75	78	81	88	92	96	105	111	115	117	121	124	127	130	132	136	141	146	149	153	160
2A_NB	4	d	62	66	70	76	79	83	89	93	97	106	113	116	119	122	125	128	131	133	138	143	147	150	154	/
2A_NB	5	a	70	75	80	86	90	94	101	105	109	117	123	125	128	132	136	140	143	146	149	152	156	159	163	170
2A_NB	5	d	72	77	82	88	92	96	103	107	111	118	124	126	130	134	138	141	144	147	150	153	157	160	164	/
2A_NB	6	a	93	97	101	105	108	113	119	122	125	133	141	144	146	150	153	156	160	162	166	169	173	177	180	188
2A_NB	6	d	95	99	102	107	110	115	120	123	126	135	142	145	147	151	154	157	161	163	167	170	174	178	181	/
2A_NB	7	a	108	113	116	121	124	127	132	136	140	149	156	160	162	166	170	172	175	177	181	185	188	192	195	204
2A_NB	7	d	110	114	117	122	125	128	134	137	141	151	158	161	164	167	171	173	176	178	182	186	189	193	197	/
2A_NB	8	a	123	127	131	136	138	141	146	151	155	163	169	171	174	177	181	184	187	189	193	197	201	204	208	216
2A_NB	8	d	125	128	132	137	139	142	148	153	156	164	170	172	175	178	182	185	188	190	194	198	202	205	209	/
2A_NB	9	a	138	143	148	155	157	160	165	169	173	181	187	190	193	196	200	204	207	210	214	219	223	226	230	238
2A_NB	9	d	140	145	150	156	158	161	166	170	174	182	188	191	194	198	202	205	209	212	216	220	224	228	231	/
2A_NB	10	a	150	155	158	164	166	170	176	180	183	194	201	204	208	213	217	220	224	226	230	234	239	242	245	253
2A_NB	10	d	152	156	159	165	167	171	177	181	185	195	202	206	210	214	218	221	225	227	231	236	240	243	246	/
2A_NB	11	a	160	165	169	174	176	180	186	191	194	203	210	213	215	219	223	227	231	233	238	243	247	250	253	261
2A_NB	11	d	162	166	170	175	177	182	188	192	195	204	211	214	216	220	225	229	232	235	240	244	248	251	255	/
2A_NB	12	a	180	185	189	195	197	201	207	210	214	224	230	232	234	237	241	245	248	250	253	258	261	265	269	276
2A_NB	12	d	182	186	190	196	198	202	208	212	216	225	231	233	235	238	243	246	249	251	255	259	262	267	271	/
2A_NB	13	a	188	193	198	205	208	212	218	221	224	233	239	242	244	247	250	254	258	260	264	268	273	276	280	286
2A_NB	13	d	190	195	200	207	210	214	219	222	225	234	240	243	245	248	252	256	259	261	265	270	274	277	281	/
2A_NB	14	a	209	214	217	223	226	229	236	239	244	254	259	261	265	268	271	274	278	280	283	288	292	295	298	305
2A_NB	14	d	211	215	218	224	227	230	237	241	246	255	260	263	266	269	272	275	279	281	285	290	293	296	299	/
2A_NB	15	a	228	233	238	244	246	249	255	259	263	273	279	281	283	286	291	295	300	302	306	310	314	318	322	328
2A_NB	15	d	230	235	240	245	247	250	256	260	264	274	280	282	284	288	293	297	301	304	308	312	316	319	323	/
2A_NB	16	a	244	249	253	258	260	264	268	273	277	288	294	297	299	303	306	308	312	314	318	322	326	329	332	339
2A_NB	16	d	246	250	254	259	262	265	270	274	278	289	295	298	300	304	307	309	313	315	319	323	327	330	333	/
2A_NB	17	a	262	267	272	277	280	284	289	293	297	306	311	313	315	319	322	325	328	331	335	339	343	346	350	358
2A_NB	17	d	264	269	273	279	282	285	290	294	298	307	312	314	316	320	323	326	329	332	336	340	344	348	351	/
2A_NB	18	a	274	279	283	288	291	294	299	303	306	315	321	325	328	332	335	338	341	344	349	352	356	359	364	371
2A_NB	18	d	276	280	284	289	292	295	300	304	307	316	323	327	330	333	336	339	342	346	350	353	357	361	365	/
2A_NB	19	a	292	296	299	304	307	311	317	321	325	333	339	342	344	347	352	355	358	360	363	366	370	373	377	384
2A_NB	19	d	294	297	300	305	308	312	318	322	326	334	340	343	345	349	353	356	359	361	364	367	371	374	378	/
2A_NB	20	a	302	307	312	318	320	323	329	333	336	345	351	353	355	358	362	365	368	370	373	377	380	384	388	396
2A_NB	20	d	304	309	314	319	321	324	330	334	337	346	352	354	356	360	363	366	369	371	375	378	381	385	390	/
2A_NB	21	a	314	318	323	330	334	337	343	348	353	363	370	374	376	379	383	385	389	391	396	400	403	406	409	416
2A_NB	21	d	316	320	325	332	335	339	345	350	355	365	372	375	377	380	384	386	390	393	397	401	404	407	410	/
2A_NB	22	a	340	344	347	353	356	359	365	368	372	381	387	389	392	395	398	400	403	406	410	414	418	421	424	433
2A_NB	22	d	342	345	348	354	357	360	366	369	373	382	388	391	393	396	399	401	405	407	411	415	419	422	425	/
2A_NB	23	a	354	358	361	367	370	374	380	384	389	398	405	407	410	413	416	420	423	426	430	433	437	440	443	450
2A_NB	23	d	356	359	363	369	372	376	381	386	391	400	406	408	411	414	418	421	425	427	431	434	438	441	444	/
2A_NB	24	a	373	378	382	387	390	393	399	402	405	413	420	423	426	430	433	435	438	441	445	448	452	456	459	467
2A_NB	24	d	375	379	383	388	391	394	400	403	406	414	421	424	427	431	434	436	439	442	446	449	453	457	460	/
2A_NB	25	a	384	389	394	400	403	408	414	418	422	431	438	441	444	447	451	454	457	459	463	466	470	474	477	485
2A_NB	25	d	386	391	396	401	405	409	415	419	423	433	439	442	445	448	452	455	458	460	464	467	471	475	478	/
2A_NB	26	a	405	409	413	418	420	424	429	433	437	446	451	454	458	463	467	470	473	475	478	481	486	489	492	500
2A_NB	26	d	407	410	414	419	421	425	430	434	438	447	452	456	460	464	468	471	474	476	479	483	487	490	493	/
2A_NB	27	a	413	417	422	427	430	434	440	444	448	457	463	467	469	472	477	480	483	485	489	492	496	500	503	510
2A_NB	27	d	415	419	423	428	431	435	441	445	449	459	465	468	470	474	478	481	484	486	490	493	497	501	504	/
2A_NB	28	a	430	435	440	446	448	453	459	464	467	476	482	486	488	491	496	499	502	504	508	511	514	517	520	527
2A_NB	28	d	432	437	441	447	450	455	461	465	468	477	484	487	489	493	497	500	503	505	509	512	515	518	521	/
2A_NB	29	a	443	447	451	457	460	465	470	474	478	488	494	497	500	503	507	511	515	518	522	526	530	534	538	545
2A_NB	29	d	445	448	453	459	462	466	472	476	480	489	495	499	501	505	509	512	516	519	523	527	531	535	539	/
2A_NB	30	a	462	466	471	478	481	484	490	493	496	506	512	515	517	522	525	528	531	534	537	541	545	548	551	558
2A_NB	30	d	464	468	473	480	482	485	491	494	497	507	513	516	519	523	526	529	532	535	538	542	546	549	552	/
2A_NB	31	a	482	487	491	497	500	504	509	512	516	528	534	536	539	543	546	549	553	555	558	563	566	569	572	579
2A_NB	31	d	484	488	492	498	501	505	510	513	517	529	535	538	540	544	547	550	554	556	559	564	567	570	573	/
2A_NB	32	a	498	503	507	513	516	519	525	530	534	544	549	552	554	557	560	563	566	568	571	575	579	583	586	592
2A_NB	32	d	500	504	509	515	517	521	527	531	535	545	550	553	555	558	561	564	567	569	572	576	580	584	587	/
2A_NB	33	a	506	511	515	521	524	528	533	538	542	553	559	563	565	568	573	576	580	583	587	590	593	597	602	610
2A_NB	33	d	508	512	517	523	526	529	535	539	544	555	561	564	566	570	574	577	581	585	588	591	594	599	604	/
2A_NB	34	a	522	526	531	538	541	545	551	555	559	570	576	578	580	583	587	590	593	595	598	602	607	612	616	626
2A_NB	34	d	524	528	533	540	542	546	552	556	560	571	577	579	581	584	589	591	594	596	600	604	609	614	618	/
2A_NB	35	a	537	542	547	553	556	560	566	569	572	580	586	588	590	593	596	598	601	604	608	611	615	618	621	631
2A_NB	35	d	539	544	548	555	558	561	567	570	573	581	587	589	591	594	597	599	602	605	609	612	616	619	623	/
2A_NB	36	a	555	559	564	569	572	575	580	584	588	597	603	606	608	611	614	616	619	621	625	628	632	636	639	646
2A_NB	36	d	557	560	565	570	573	576	581	585	589	598	604	607	609	612	615	617	620	622	626	630	633	637	640	/
2A_NB	37	a	568	573	578	584	587	591	598	602	605	613	620	623	625	628	632	634	637	639	643	647	650	653	656	662
2A_NB	37	d	570	575	580	585	589	593	599	603	606	614	621	624	626	629	633	635	638	640	644	648	651	654	657	/
2A_NB	38	a	583	588	593	599	602	605	610	614	617	625	631	634	637	641	645	648	653	655	659	663	667	670	673	681
2A_NB	38	d	585	589	594	600	603	606	611	615	619	626	632	635	639	642	646	650	654	656	660	664	668	671	674	/
2A_NB	39	a	592	597	603	609	613	617	624	629	633	643	649	651	654	658	661	665	669	671	675	679	682	685	689	698
2A_NB	39	d	594	599	604	611	615	619	626	631	635	644	650	652	656	659	663	666	670	672	676	680	683	686	691	/
2A_NB	40	a	613	618	622	628	631	635	640	644	647	657	664	667	669	672	675	677	681	684	688	692	696	699	703	711
2A_NB	40	d	615	619	623	630	632	636	641	645	648	659	665	668	670	673	676	678	682	685	689	693	697	700	705	/
2A_NB	41	a	625	630	634	640	642	647	652	656	659	667	673	676	679	682	686	688	692	695	698	701	705	709	712	719
2A_NB	41	d	627	631	635	641	644	648	653	657	660	669	675	677	680	683	687	689	693	696	699	702	707	710	713	/
2A_NB	42	a	641	645	650	655	658	661	666	669	672	681	687	690	694	699	703	706	711	714	718	722	727	730	733	741
2A_NB	42	d	643	647	651	656	659	662	667	670	674	682	689	692	696	701	705	708	712	715	719	724	728	731	734	/
2A_NB	43	a	658	662	667	672	674	677	683	687	692	700	706	708	711	715	718	722	726	730	733	738	742	745	748	757
2A_NB	43	d	660	664	668	673	675	678	684	689	693	701	707	709	713	716	720	724	728	731	735	739	743	746	750	/
2A_NB	44	a	672	676	681	688	692	697	703	708	711	718	726	728	732	736	740	743	747	749	752	757	761	765	768	775
2A_NB	44	d	674	678	683	690	694	699	705	709	712	720	727	730	734	738	741	744	748	750	754	759	762	766	770	/
2A_NB	45	a	695	699	703	709	712	716	722	726	730	739	745	748	752	755	758	762	766	769	773	777	780	784	788	795
2A_NB	45	d	697	700	705	711	713	717	723	727	731	740	746	750	753	756	760	764	767	770	774	778	782	785	789	/
2A_NB	46	a	711	716	720	725	728	733	739	743	747	754	760	763	766	770	774	778	782	785	790	795	800	804	807	814
2A_NB	46	d	713	717	721	727	730	735	740	744	748	756	762	764	767	772	776	779	784	787	792	797	801	805	808	/
2A_NB	47	a	729	734	737	743	746	749	755	759	763	772	778	780	782	787	791	795	798	800	804	807	811	814	817	826
2A_NB	47	d	731	735	738	744	747	750	756	760	765	774	779	781	784	789	793	796	799	801	805	808	812	815	819	/
2A_NB	48	a	745	750	755	761	764	767	772	776	780	788	794	796	799	804	808	810	813	815	819	823	826	829	832	838
2A_NB	48	d	747	752	756	762	765	768	773	777	781	789	795	797	801	806	809	811	814	816	820	824	827	830	833	/
2A_NB	49	a	760	764	769	775	777	781	786	790	795	805	811	814	817	820	824	827	831	834	838	843	847	850	853	861
2A_NB	49	d	762	766	770	776	779	782	788	792	796	806	812	815	818	821	825	829	833	836	840	844	848	851	855	/
2A_NB	50	a	780	784	788	794	797	800	805	809	813	823	829	832	835	839	844	847	851	855	858	862	865	868	871	879
2A_NB	50	d	782	785	789	795	798	801	806	810	814	824	830	833	836	841	845	848	853	856	859	863	866	869	872	/
2A_NB	51	a	793	797	801	807	810	814	820	823	828	838	844	846	848	852	856	859	864	868	873	877	881	886	890	896
2A_NB	51	d	795	798	802	808	811	815	821	825	829	840	845	847	849	853	857	861	866	870	874	879	883	888	891	/
2A_NB	52	a	811	815	820	826	830	834	839	842	845	854	860	862	865	869	872	876	880	883	887	891	896	901	904	912
2A_NB	52	d	813	817	821	828	831	835	840	843	846	855	861	863	866	870	874	877	882	884	888	893	898	902	905	/
2A_NB	53	a	827	831	835	842	845	848	853	856	860	868	874	876	880	883	886	889	893	895	898	902	907	911	915	923
2A_NB	53	d	829	832	837	843	846	849	854	858	861	869	875	878	881	884	887	890	894	896	899	904	909	913	917	/
2A_NB	54	a	844	849	853	859	861	865	872	876	880	889	895	898	900	905	909	912	916	919	923	928	931	934	937	946
2A_NB	54	d	846	850	854	860	862	867	873	877	881	890	897	899	902	906	910	914	918	920	925	929	932	935	938	/
2A_NB	55	a	857	862	866	871	873	877	884	888	891	901	907	909	912	916	919	922	926	929	933	938	942	946	949	958
2A_NB	55	d	859	863	867	872	874	878	885	889	892	902	908	911	913	917	920	923	928	930	935	939	944	947	950	/
2A_NB	56	a	877	881	886	893	895	898	903	907	910	920	927	930	932	935	938	941	945	947	951	955	958	961	965	972
2A_NB	56	d	879	883	888	894	896	899	904	908	911	922	928	931	933	936	939	942	946	948	952	956	959	962	966	/
2A_NB	57	a	891	895	900	905	909	914	919	923	927	935	941	944	946	950	953	956	960	963	968	971	975	980	984	991
2A_NB	57	d	893	897	901	907	911	915	920	924	928	936	942	945	947	951	954	958	962	965	969	973	977	981	985	/
2A_NB	58	a	911	916	920	925	928	931	937	941	944	954	961	963	965	968	971	974	977	979	982	986	989	994	997	1003
2A_NB	58	d	913	917	921	926	929	932	938	942	946	955	962	964	966	969	972	975	978	980	983	987	991	995	998	/
2A_NB	59	a	925	929	933	939	941	944	949	952	956	965	971	973	977	980	983	986	989	991	995	998	1001	1005	1009	1017
2A_NB	59	d	927	930	934	940	942	945	950	953	957	966	972	975	978	981	984	987	990	992	996	999	1002	1006	1010	/
2A_NB	60	a	940	944	949	956	959	962	968	971	974	982	988	990	993	997	1000	1002	1005	1007	1011	1015	1018	1022	1026	1034
2A_NB	60	d	942	946	951	957	960	964	969	972	976	983	989	991	994	998	1001	1003	1006	1008	1012	1016	1019	1024	1027	/
2A_NB	61	a	959	964	968	974	977	981	986	990	994	1003	1010	1013	1016	1020	1024	1027	1031	1035	1039	1043	1046	1050	1054	1061
2A_NB	61	d	961	965	969	975	978	982	987	991	995	1005	1011	1014	1017	1021	1025	1029	1033	1036	1040	1044	1047	1052	1055	/
2A_NB	62	a	972	977	982	988	991	996	1002	1006	1010	1021	1028	1030	1033	1037	1040	1042	1045	1048	1052	1056	1059	1063	1066	1074
2A_NB	62	d	974	979	984	989	993	998	1003	1007	1011	1022	1029	1031	1034	1038	1041	1043	1046	1049	1053	1057	1061	1064	1067	/
2A_NB	63	a	984	989	994	1000	1004	1008	1013	1017	1022	1033	1040	1043	1045	1048	1052	1055	1059	1062	1066	1069	1072	1075	1078	1086
2A_NB	63	d	986	991	996	1002	1005	1009	1014	1019	1023	1034	1041	1044	1046	1050	1053	1056	1060	1063	1067	1070	1073	1076	1079	/
2A_NB	64	a	1004	1009	1013	1018	1021	1025	1030	1033	1037	1046	1052	1054	1056	1060	1063	1067	1071	1074	1078	1081	1085	1089	1092	1098
2A_NB	64	d	1006	1010	1014	1019	1022	1026	1031	1034	1038	1047	1053	1055	1057	1061	1065	1068	1072	1075	1079	1082	1086	1090	1093	/
2A_SB	1	a	4	10	16	21	25	29	31	34	37	41	46	49	52	55	59	65	71	74	78	83	86	90	94	97	107
2A_SB	1	d	5	11	18	22	27	30	32	35	38	43	47	50	53	56	60	66	72	75	79	84	87	91	95	98	/
2A_SB	2	a	26	32	38	43	47	50	53	58	62	66	71	74	77	80	83	90	95	98	102	108	111	115	119	122	131
2A_SB	2	d	27	34	40	45	49	52	55	59	63	68	72	75	78	81	84	91	96	99	103	109	112	116	120	123	/
2A_SB	3	a	38	44	50	55	59	62	65	70	75	80	85	88	92	96	101	109	115	119	123	129	132	137	141	144	154
2A_SB	3	d	39	46	52	57	60	64	67	72	77	82	87	90	94	98	102	110	116	120	124	130	133	138	142	145	/
2A_SB	4	a	51	58	63	67	70	74	76	80	85	89	94	98	102	106	109	116	122	126	130	136	140	144	148	151	161
2A_SB	4	d	53	59	65	68	72	75	77	82	86	91	96	100	104	107	110	117	123	127	131	138	141	145	149	152	/
2A_SB	5	a	69	76	83	88	93	95	97	100	104	108	111	114	119	122	125	132	138	142	146	151	153	157	161	165	174
2A_SB	5	d	71	78	85	90	94	96	98	101	105	109	112	116	120	123	126	133	139	143	147	152	154	158	162	166	/
2A_SB	6	a	81	87	93	96	100	103	106	110	114	119	123	125	129	133	137	144	150	153	157	163	165	169	173	177	187
2A_SB	6	d	83	88	94	97	102	105	108	112	116	121	124	126	131	135	138	145	151	154	158	164	166	170	175	179	/
2A_SB	7	a	95	101	108	111	114	117	120	123	126	130	133	135	139	142	145	152	157	160	164	171	174	178	182	185	195
2A_SB	7	d	97	103	109	112	116	119	121	124	127	131	134	136	140	143	146	153	158	161	165	172	175	179	183	186	/
2A_SB	8	a	111	118	125	129	133	136	139	142	145	149	153	155	159	162	166	174	180	184	189	196	199	204	207	211	221
2A_SB	8	d	113	120	127	131	135	138	140	143	146	150	154	156	160	163	167	175	182	186	190	197	200	205	209	213	/
2A_SB	9	a	125	132	139	142	146	149	152	156	160	165	169	172	176	179	182	189	194	197	201	207	210	214	218	221	230
2A_SB	9	d	127	134	140	144	148	151	154	158	162	166	170	173	177	180	183	190	195	198	202	208	211	215	219	222	/
2A_SB	10	a	146	151	157	162	166	169	172	175	179	183	187	190	193	196	200	206	212	215	219	226	229	234	239	243	254
2A_SB	10	d	148	153	159	164	168	170	173	176	180	184	188	191	194	197	201	207	213	216	220	227	230	236	241	244	/
2A_SB	11	a	155	161	166	171	175	178	182	187	191	196	200	203	208	213	216	223	229	232	235	242	244	249	253	257	267
2A_SB	11	d	157	162	168	173	177	180	184	189	193	198	202	205	210	214	217	224	230	233	236	243	246	251	255	258	/
2A_SB	12	a	178	185	191	194	197	200	202	205	209	213	217	219	222	227	230	236	242	246	249	254	256	260	264	268	278
2A_SB	12	d	180	186	192	195	198	201	203	206	210	214	218	220	224	228	231	237	243	247	250	255	257	261	266	270	/
2A_SB	13	a	183	190	196	200	204	208	212	216	219	223	228	230	235	240	244	252	258	262	266	271	274	278	281	285	296
2A_SB	13	d	185	191	198	202	206	210	214	217	220	225	229	232	237	242	245	253	259	263	267	272	275	279	282	286	/
2A_SB	14	a	208	214	220	223	226	229	231	234	237	241	245	248	251	255	259	265	271	275	279	284	286	291	295	299	310
2A_SB	14	d	210	215	221	224	227	230	232	235	238	242	246	249	253	257	260	266	272	276	280	285	287	292	296	300	/
2A_SB	15	a	213	219	226	231	236	240	244	248	251	254	258	262	267	271	275	283	289	292	296	302	305	310	314	318	329
2A_SB	15	d	215	221	228	233	238	242	245	249	252	255	260	264	269	272	276	285	290	293	297	303	306	311	315	319	/
2A_SB	16	a	229	236	243	248	252	256	260	263	266	270	275	278	281	286	291	299	306	310	313	319	322	327	330	334	343
2A_SB	16	d	231	238	245	250	254	258	261	264	268	272	277	279	283	288	292	300	307	311	315	320	323	328	331	335	/
2A_SB	17	a	244	250	256	260	264	268	272	276	280	283	287	289	293	296	300	308	315	319	323	328	331	335	339	344	356
2A_SB	17	d	246	251	258	262	266	270	274	277	281	284	288	290	294	297	301	309	316	320	324	329	332	336	341	346	/
2A_SB	18	a	265	271	276	279	283	286	289	292	296	299	302	304	307	312	316	324	331	334	337	343	346	350	353	358	369
2A_SB	18	d	267	272	277	280	284	287	290	293	297	300	303	305	309	314	317	325	332	335	338	345	347	351	355	360	/
2A_SB	19	a	274	280	285	289	292	295	298	302	305	308	311	313	318	321	324	332	337	340	343	350	352	356	359	364	375
2A_SB	19	d	276	281	287	290	294	296	300	303	306	309	312	315	319	322	325	333	338	341	345	351	353	357	361	366	/
2A_SB	20	a	289	296	301	305	309	313	317	321	325	329	332	335	340	344	349	358	364	368	371	379	381	385	388	391	403
2A_SB	20	d	291	297	303	307	311	315	319	322	326	330	333	337	342	346	351	360	365	369	373	380	382	386	389	393	/
2A_SB	21	a	312	318	325	328	333	336	339	343	347	351	355	357	361	364	367	374	381	385	389	395	398	403	408	411	421
2A_SB	21	d	314	319	326	330	334	337	340	344	348	352	356	358	362	365	368	375	383	386	390	396	400	405	409	413	/
2A_SB	22	a	328	335	341	344	348	351	353	356	360	364	368	370	374	377	381	389	395	398	402	408	411	416	420	423	434
2A_SB	22	d	330	336	342	345	349	352	354	357	361	365	369	371	375	378	382	390	396	399	403	409	412	417	421	424	/
2A_SB	23	a	336	343	351	354	358	361	365	369	372	376	379	383	387	391	394	402	408	411	415	420	422	426	430	433	443
2A_SB	23	d	338	345	352	355	359	363	367	370	373	377	381	384	389	392	395	403	409	412	416	421	423	427	431	435	/
2A_SB	24	a	355	361	368	373	377	380	383	387	391	395	399	402	405	409	413	420	427	430	433	440	442	448	453	456	465
2A_SB	24	d	357	363	370	375	378	381	384	388	392	396	400	403	406	410	414	421	428	431	435	441	444	450	454	457	/
2A_SB	25	a	372	379	384	388	393	396	399	402	406	410	413	416	420	423	427	434	440	444	447	453	455	460	464	468	477
2A_SB	25	d	374	380	385	390	394	397	400	403	407	411	414	417	421	424	428	435	441	445	448	454	456	461	466	469	/
2A_SB	26	a	383	390	395	398	403	407	410	413	417	421	425	427	430	433	437	446	453	457	461	467	470	475	479	483	494
2A_SB	26	d	385	391	396	400	405	408	411	414	418	422	426	428	431	434	439	448	454	458	462	468	471	477	480	484	/
2A_SB	27	a	403	409	415	419	423	426	429	432	435	438	442	444	447	450	453	459	465	468	472	479	482	486	489	493	504
2A_SB	27	d	405	410	416	420	424	427	430	433	436	439	443	445	448	451	454	460	466	469	473	480	483	487	490	494	/
2A_SB	28	a	408	414	420	424	429	433	437	441	445	448	453	455	458	461	464	471	477	481	485	491	494	499	503	506	515
2A_SB	28	d	410	415	422	426	431	435	439	442	446	450	454	456	459	462	465	472	479	482	486	492	495	500	504	507	/
2A_SB	29	a	431	437	444	448	452	454	456	459	463	466	470	472	475	479	483	491	497	501	504	509	512	517	521	524	534
2A_SB	29	d	433	439	446	450	453	455	457	460	464	467	471	473	476	480	484	492	498	502	505	510	513	518	522	525	/
2A_SB	30	a	442	448	455	459	463	466	470	474	478	483	487	489	494	498	501	508	514	517	521	527	530	535	538	541	552
2A_SB	30	d	444	450	457	461	465	468	471	475	480	485	488	491	495	499	502	509	515	518	522	528	531	536	539	542	/
2A_SB	31	a	455	462	469	474	479	481	484	488	493	498	501	503	506	510	513	520	526	529	532	537	541	546	550	553	564
2A_SB	31	d	457	464	471	476	480	482	486	490	495	499	502	504	507	511	514	521	527	530	533	539	542	547	551	554	/
2A_SB	32	a	469	475	481	484	487	490	493	496	499	504	507	509	513	516	520	527	532	536	539	544	547	553	557	561	571
2A_SB	32	d	471	476	482	485	489	491	494	497	501	505	508	510	514	518	521	528	534	537	540	545	549	554	558	562	/
2A_SB	33	a	487	494	500	504	507	509	513	516	519	523	526	529	533	536	540	547	552	555	559	564	566	572	575	579	588
2A_SB	33	d	489	495	501	505	508	511	514	517	520	524	527	530	534	537	541	548	553	556	560	565	568	573	576	580	/
2A_SB	34	a	500	506	513	518	522	524	527	530	533	536	540	543	547	550	553	561	566	570	575	580	584	589	592	595	604
2A_SB	34	d	502	508	515	520	523	525	528	531	534	537	541	544	548	551	555	562	567	572	576	582	586	590	593	596	/
2A_SB	35	a	510	517	525	530	533	536	539	542	546	550	554	556	559	563	568	576	581	584	588	595	598	602	606	609	617
2A_SB	35	d	512	519	527	531	534	537	540	543	548	551	555	557	561	565	570	577	582	585	589	596	599	603	607	610	/
2A_SB	36	a	523	529	535	539	542	544	546	549	553	558	562	564	567	570	574	581	587	591	595	602	606	611	616	621	630
2A_SB	36	d	525	530	536	540	543	545	547	550	555	560	563	565	568	572	575	583	589	592	596	604	608	613	618	622	/
2A_SB	37	a	540	546	552	555	560	563	567	571	575	578	582	584	589	593	596	606	612	617	622	627	630	635	639	643	652
2A_SB	37	d	542	547	553	557	562	565	569	573	576	580	583	586	591	594	598	607	614	619	623	628	631	636	640	644	/
2A_SB	38	a	556	563	569	573	576	579	582	586	589	593	597	599	603	606	610	618	624	628	633	639	642	647	651	654	662
2A_SB	38	d	558	564	570	574	578	580	584	587	590	595	598	601	604	607	612	619	626	630	634	640	643	649	652	655	/
2A_SB	39	a	568	574	581	586	591	594	598	602	606	611	615	617	620	624	628	634	640	643	647	653	656	661	664	668	676
2A_SB	39	d	570	576	583	588	592	596	600	604	608	612	616	618	621	626	629	635	641	645	648	654	657	662	665	669	/
2A_SB	40	a	585	592	597	600	604	607	610	613	616	620	624	627	631	636	639	647	654	658	661	668	672	677	681	685	694
2A_SB	40	d	587	593	598	602	605	608	611	614	617	621	626	629	633	637	641	649	656	659	663	670	674	679	683	686	/
2A_SB	41	a	602	609	616	620	623	626	628	633	636	639	643	646	649	652	655	663	669	673	676	683	686	690	695	699	707
2A_SB	41	d	604	610	618	621	624	627	630	634	637	640	645	647	650	653	656	664	670	674	677	684	687	692	696	700	/
2A_SB	42	a	616	622	629	632	635	638	641	645	648	652	656	658	661	665	669	677	682	685	689	695	699	704	709	713	722
2A_SB	42	d	618	623	630	633	636	639	642	646	649	653	657	659	662	666	671	678	683	686	691	697	701	706	710	714	/
2A_SB	43	a	636	643	649	652	655	658	662	665	668	672	675	677	681	684	687	695	700	703	706	713	716	720	725	729	739
2A_SB	43	d	638	644	650	653	656	660	663	666	669	673	676	678	682	685	689	696	701	704	707	714	717	722	726	730	/
2A_SB	44	a	649	655	661	665	668	670	673	677	680	684	689	691	695	699	703	713	719	724	727	733	735	739	743	746	757
2A_SB	44	d	651	656	663	666	669	671	675	678	681	686	690	692	697	700	705	714	721	725	729	734	736	740	744	747	/
2A_SB	45	a	667	673	680	683	686	689	691	696	700	704	707	709	712	715	719	726	731	735	739	745	748	753	756	759	769
2A_SB	45	d	669	675	681	684	687	690	693	697	701	705	708	710	713	716	720	727	732	736	740	746	750	754	757	760	/
2A_SB	46	a	676	683	689	692	695	698	700	704	707	711	714	716	720	725	728	735	740	744	748	754	758	763	768	771	781
2A_SB	46	d	678	684	690	693	696	699	701	705	708	712	715	718	722	726	729	736	742	745	750	756	760	765	769	772	/
2A_SB	47	a	695	701	707	710	714	716	719	723	727	731	734	736	740	744	748	755	762	765	769	776	778	782	785	789	799
2A_SB	47	d	697	702	708	711	715	717	721	724	728	732	735	737	742	745	749	757	763	766	771	777	779	783	786	790	/
2A_SB	48	a	711	717	723	726	729	731	733	736	741	744	748	750	754	757	761	767	773	776	780	787	790	795	799	803	813
2A_SB	48	d	713	718	724	727	730	732	734	738	742	745	749	752	755	758	762	768	774	777	781	788	791	796	800	804	/
2A_SB	49	a	726	732	738	741	744	746	749	752	756	760	764	767	771	774	777	785	790	794	797	803	806	812	817	821	830
2A_SB	49	d	728	733	739	742	745	747	750	753	757	761	765	768	772	775	778	786	791	795	798	804	808	814	818	822	/
2A_SB	50	a	738	744	749	753	756	758	761	764	767	771	774	777	781	784	788	795	801	804	808	816	819	824	827	831	840
2A_SB	50	d	740	745	750	754	757	759	762	765	768	772	775	778	782	785	789	796	802	806	810	817	820	825	828	832	/
2A_SB	51	a	755	762	768	772	776	779	781	785	788	792	796	799	803	806	809	817	823	826	829	836	839	844	847	850	859
2A_SB	51	d	757	763	770	774	777	780	782	786	789	793	797	800	804	807	811	818	824	827	831	837	841	845	848	851	/
2A_SB	52	a	768	774	779	782	785	787	789	793	796	801	805	809	813	816	819	826	833	837	840	846	849	854	857	860	869
2A_SB	52	d	770	775	780	783	786	788	790	794	798	802	807	810	814	817	820	827	834	838	841	847	851	855	858	861	/
2A_SB	53	a	784	791	796	800	804	806	809	814	817	821	824	826	829	833	836	842	847	851	854	860	863	868	872	876	886
2A_SB	53	d	786	792	798	802	805	807	811	815	818	822	825	827	830	834	837	843	848	852	855	861	864	870	873	878	/
2A_SB	54	a	799	806	812	816	819	822	825	828	831	835	839	841	844	847	850	859	864	867	871	877	880	884	888	891	901
2A_SB	54	d	801	807	813	817	820	823	826	829	832	836	840	842	845	848	852	860	865	868	872	878	881	885	889	892	/
2A_SB	55	a	808	814	820	824	828	832	835	839	842	847	851	853	857	861	864	872	878	883	888	894	898	903	907	910	920
2A_SB	55	d	810	815	821	826	830	833	837	840	844	848	852	855	858	862	865	873	880	885	889	896	900	904	908	911	/
2A_SB	56	a	831	838	844	847	850	853	855	860	864	868	873	876	879	882	886	893	899	903	908	913	916	921	925	928	936
2A_SB	56	d	833	840	845	848	851	854	857	861	865	870	874	877	880	883	887	894	901	905	909	914	917	923	926	929	/
2A_SB	57	a	850	856	861	864	867	869	872	875	878	882	886	888	891	894	897	904	910	913	917	923	926	932	936	941	950
2A_SB	57	d	852	857	862	865	868	870	873	876	879	883	887	889	892	895	898	905	911	914	919	924	928	933	938	942	/
2A_SB	58	a	860	866	872	877	882	885	888	893	898	903	908	910	913	918	921	929	935	939	942	949	953	959	963	968	980
2A_SB	58	d	862	868	874	879	884	887	890	895	900	904	909	911	915	919	923	931	937	940	944	951	955	961	965	969	/
2A_SB	59	a	882	888	894	898	902	904	907	910	913	917	921	924	929	932	935	942	947	950	953	958	961	967	971	976	986
2A_SB	59	d	884	889	895	899	903	905	908	911	914	918	923	926	930	933	936	943	948	951	954	959	963	969	973	977	/
2A_SB	60	a	892	898	904	908	912	915	917	921	925	929	933	935	939	942	945	952	958	962	967	974	978	983	988	993	1003
2A_SB	60	d	894	900	905	910	914	916	919	922	926	930	934	936	940	943	946	954	960	964	969	976	980	985	990	995	/
2A_SB	61	a	911	917	924	928	932	936	939	943	948	951	955	958	962	966	969	976	981	984	988	994	998	1003	1006	1010	1022
2A_SB	61	d	913	919	925	930	934	937	941	945	949	952	956	959	963	967	970	977	982	985	989	996	1000	1004	1008	1011	/
2A_SB	62	a	922	929	935	939	942	945	949	952	957	960	965	968	973	977	980	987	992	997	1001	1007	1009	1014	1018	1021	1033
2A_SB	62	d	924	930	936	940	943	947	950	954	958	962	966	970	975	978	981	988	994	998	1002	1008	1010	1015	1019	1023	/
2A_SB	63	a	943	948	955	959	962	964	966	969	973	977	980	983	986	989	993	1001	1007	1010	1014	1020	1022	1026	1030	1033	1044
2A_SB	63	d	945	950	957	960	963	965	967	970	974	978	981	984	987	990	994	1002	1008	1011	1016	1021	1023	1027	1031	1034	/
2A_SB	64	a	953	958	964	968	971	973	977	980	985	989	992	994	999	1002	1007	1013	1019	1022	1025	1032	1034	1038	1041	1044	1054
2A_SB	64	d	955	960	966	969	972	975	978	982	987	990	993	996	1000	1004	1008	1015	1020	1023	1027	1033	1035	1039	1042	1045	/
3A_SB	1	a	4	10	13	16	19	22	24	28	32	35	39	43	46	53	56
3A_SB	1	d	5	11	14	17	20	23	25	29	33	36	40	44	47	54	/
3A_SB	2	a	9	15	18	21	24	27	29	33	37	40	44	48	51	58	61
3A_SB	2	d	10	16	19	22	25	28	30	34	38	41	46	49	52	59	/
3A_SB	3	a	17	22	25	28	31	34	38	42	46	48	52	55	58	65	68
3A_SB	3	d	18	23	26	29	33	36	39	43	47	49	53	56	59	66	/
3A_SB	4	a	30	35	39	43	47	50	52	55	59	61	66	69	73	80	84
3A_SB	4	d	31	36	40	44	48	51	53	56	60	62	67	70	74	81	/
3A_SB	5	a	55	61	64	69	72	75	78	83	88	90	95	98	101	107	110
3A_SB	5	d	56	62	66	70	74	77	80	85	89	91	96	99	102	108	/
3A_SB	6	a	78	84	88	93	97	100	104	109	113	115	120	123	126	131	135
3A_SB	6	d	79	85	90	95	99	102	106	111	114	116	121	124	127	132	/
3A_SB	7	a	96	102	107	112	116	118	120	125	130	133	138	141	144	149	154
3A_SB	7	d	97	104	109	113	117	119	122	127	131	134	139	142	145	151	/
3A_SB	8	a	105	110	113	118	123	126	128	133	137	140	146	149	153	159	163
3A_SB	8	d	106	111	115	120	125	127	130	135	139	142	147	151	154	160	/
3A_SB	9	a	120	125	129	133	137	140	143	146	149	151	156	160	163	170	175
3A_SB	9	d	121	127	130	135	139	142	144	147	150	152	158	161	165	172	/
3A_SB	10	a	138	143	146	150	155	158	162	166	171	173	178	182	186	191	195
3A_SB	10	d	139	144	148	152	157	160	164	168	172	174	180	183	187	192	/
3A_SB	11	a	147	152	155	159	164	166	169	173	178	181	185	189	193	198	202
3A_SB	11	d	148	153	156	161	165	167	171	175	180	182	187	190	194	200	/
3A_SB	12	a	165	170	174	177	181	184	188	193	197	199	204	207	210	216	219
3A_SB	12	d	166	171	175	179	183	186	190	195	198	200	205	208	211	217	/
3A_SB	13	a	184	190	194	198	201	204	206	210	214	216	221	225	229	234	237
3A_SB	13	d	185	191	195	199	202	205	207	211	215	217	222	226	230	235	/
3A_SB	14	a	200	206	210	214	219	223	227	230	234	236	241	244	247	253	257
3A_SB	14	d	201	207	211	216	221	225	228	232	235	237	242	245	248	255	/
3A_SB	15	a	216	221	224	229	234	238	241	244	247	249	254	257	261	268	271
3A_SB	15	d	217	222	226	231	236	240	242	245	248	250	255	258	263	269	/
3A_SB	16	a	230	235	240	245	249	253	257	261	265	267	272	275	278	284	287
3A_SB	16	d	231	237	242	247	251	255	258	262	266	268	273	276	279	285	/
3A_SB	17	a	247	253	258	263	268	271	274	278	282	284	288	292	296	301	304
3A_SB	17	d	248	255	260	265	270	272	275	279	283	285	289	294	297	302	/
3A_SB	18	a	270	275	278	283	287	290	292	296	299	301	306	310	313	319	322
3A_SB	18	d	271	276	280	285	288	291	293	297	300	302	307	311	314	320	/
3A_SB	19	a	279	284	287	291	294	298	302	307	311	313	319	322	325	330	334
3A_SB	19	d	280	285	288	292	296	300	304	308	312	315	320	323	326	331	/
3A_SB	20	a	294	298	303	307	311	313	316	319	323	325	330	334	338	344	349
3A_SB	20	d	295	300	304	309	312	315	317	320	324	326	331	335	339	346	/
3A_SB	21	a	314	318	322	326	329	331	333	336	340	342	346	349	352	357	362
3A_SB	21	d	315	319	323	327	330	332	334	337	341	343	347	350	353	359	/
3A_SB	22	a	326	330	335	339	343	347	350	353	357	359	364	367	370	376	380
3A_SB	22	d	327	332	337	341	345	348	351	354	358	360	365	368	371	377	/
3A_SB	23	a	338	343	348	352	356	360	363	367	372	374	379	383	386	392	396
3A_SB	23	d	339	345	349	354	358	362	365	369	373	375	380	384	387	393	/
3A_SB	24	a	351	357	361	366	370	373	376	381	386	388	393	396	399	405	409
3A_SB	24	d	352	358	363	368	372	375	378	383	387	389	394	397	400	407	/
3A_SB	25	a	373	378	383	388	392	394	396	399	403	405	410	413	416	421	425
3A_SB	25	d	374	380	385	390	393	395	397	400	404	406	411	414	417	422	/
3A_SB	26	a	381	387	392	396	400	403	406	410	414	416	421	424	427	433	437
3A_SB	26	d	382	389	393	398	402	405	407	411	415	417	422	425	428	434	/
3A_SB	27	a	391	396	399	403	407	410	413	418	423	425	430	433	436	442	445
3A_SB	27	d	392	397	400	405	409	412	415	420	424	426	431	434	437	443	/
3A_SB	28	a	414	419	422	426	430	433	437	441	444	447	451	454	457	465	468
3A_SB	28	d	415	420	423	428	431	435	438	442	445	448	452	455	458	466	/
3A_SB	29	a	429	434	438	442	445	449	452	455	459	461	465	468	471	478	483
3A_SB	29	d	430	435	439	443	447	450	453	456	460	462	466	469	472	480	/
3A_SB	30	a	446	452	456	460	463	466	468	472	475	477	481	484	487	493	497
3A_SB	30	d	447	454	457	461	465	467	469	473	476	478	482	485	488	494	/
3A_SB	31	a	464	470	474	478	481	485	487	490	494	496	501	505	508	514	518
3A_SB	31	d	465	471	475	479	483	486	488	492	495	497	502	506	510	515	/
3A_SB	32	a	481	487	490	493	496	499	501	505	508	511	516	520	523	530	535
3A_SB	32	d	482	488	491	494	497	500	502	506	510	512	517	521	525	532	/
3A_SB	33	a	492	498	503	508	512	514	517	521	525	527	532	536	539	544	547
3A_SB	33	d	493	500	505	510	513	515	518	522	526	528	533	537	540	545	/
3A_SB	34	a	514	519	523	528	532	535	537	540	545	547	553	556	560	566	569
3A_SB	34	d	515	520	525	529	533	536	538	542	546	548	554	557	561	567	/
3A_SB	35	a	532	537	541	545	548	550	553	556	560	563	568	572	575	580	583
3A_SB	35	d	533	538	543	546	549	551	554	557	561	564	569	573	576	581	/
3A_SB	36	a	545	550	554	558	561	563	565	569	573	575	581	585	588	594	598
3A_SB	36	d	546	551	555	559	562	564	566	570	574	576	582	586	589	595	/
3A_SB	37	a	559	564	568	573	577	579	581	586	590	592	596	599	603	608	612
3A_SB	37	d	560	566	570	574	578	580	583	587	591	593	597	601	604	609	/
3A_SB	38	a	574	579	583	588	591	594	596	600	604	606	612	615	619	625	628
3A_SB	38	d	575	580	585	589	592	595	597	601	605	608	613	617	621	626	/
3A_SB	39	a	593	598	603	607	610	613	616	620	625	627	631	634	638	645	649
3A_SB	39	d	594	600	604	608	611	614	618	622	626	628	632	636	640	647	/
3A_SB	40	a	604	609	613	618	622	625	628	632	636	639	644	647	651	656	659
3A_SB	40	d	605	610	615	620	624	626	630	633	637	640	645	648	652	657	/
3A_SB	41	a	626	632	636	639	642	645	649	653	658	662	667	670	673	679	682
3A_SB	41	d	627	634	637	640	643	647	651	655	660	663	668	671	674	680	/
3A_SB	42	a	638	643	646	651	655	658	661	665	668	671	676	679	682	689	692
3A_SB	42	d	639	644	648	653	657	660	662	666	669	672	677	680	683	690	/
3A_SB	43	a	652	658	663	667	671	673	677	681	685	688	692	695	698	705	709
3A_SB	43	d	653	660	664	668	672	675	679	682	686	689	693	696	700	707	/
3A_SB	44	a	667	672	676	681	685	687	690	695	700	703	709	712	715	721	724
3A_SB	44	d	668	673	678	683	686	688	692	697	702	705	710	713	716	722	/
3A_SB	45	a	679	684	688	692	695	698	702	706	710	714	720	724	728	734	738
3A_SB	45	d	680	685	690	693	696	700	703	707	712	716	722	726	730	736	/
3A_SB	46	a	697	703	706	711	714	717	719	722	726	729	734	737	740	746	749
3A_SB	46	d	698	704	708	712	715	718	720	723	727	731	735	738	741	747	/
3A_SB	47	a	709	714	718	723	727	731	734	738	742	744	749	752	756	762	765
3A_SB	47	d	710	715	720	725	729	732	735	739	743	745	750	753	757	763	/
3A_SB	48	a	723	728	731	735	738	740	742	746	750	753	759	763	768	774	777
3A_SB	48	d	724	729	732	736	739	741	743	747	752	755	761	765	769	775	/
3A_SB	49	a	741	746	749	754	759	763	766	771	775	777	783	787	791	798	802
3A_SB	49	d	742	747	751	756	761	765	768	772	776	779	784	789	792	799	/
3A_SB	50	a	754	760	764	768	772	775	778	782	786	788	793	797	800	806	810
3A_SB	50	d	755	761	765	770	774	777	779	783	787	790	794	798	801	807	/
3A_SB	51	a	772	778	783	787	792	795	798	802	806	808	813	816	819	825	829
3A_SB	51	d	773	780	784	789	794	796	800	803	807	809	814	817	820	827	/
3A_SB	52	a	782	788	792	796	800	803	807	811	816	819	825	829	833	839	842
3A_SB	52	d	783	789	793	798	802	805	809	813	818	821	827	831	835	840	/
3A_SB	53	a	803	808	812	816	819	821	823	828	832	834	839	842	845	851	854
3A_SB	53	d	804	809	813	817	820	822	825	829	833	835	840	843	846	852	/
3A_SB	54	a	813	819	823	828	832	835	838	842	846	849	853	856	859	865	869
3A_SB	54	d	814	820	825	830	834	837	840	843	848	850	854	857	860	867	/
3A_SB	55	a	835	840	844	848	852	855	857	860	863	865	870	873	876	883	886
3A_SB	55	d	836	841	846	849	854	856	858	861	864	866	871	874	877	884	/
3A_SB	56	a	849	854	858	863	868	870	873	876	880	882	887	891	894	900	903
3A_SB	56	d	850	855	860	865	869	872	874	877	881	883	888	892	895	901	/
3A_SB	57	a	865	870	874	878	882	886	890	894	899	902	907	910	914	921	925
3A_SB	57	d	866	871	875	879	884	888	892	896	901	903	908	912	916	922	/
3A_SB	58	a	884	890	893	897	900	902	905	908	912	915	921	926	930	936	940
3A_SB	58	d	885	891	894	898	901	903	906	909	914	916	923	928	932	937	/
3A_SB	59	a	890	896	899	903	908	911	915	920	924	927	933	936	940	945	949
3A_SB	59	d	891	897	901	905	910	913	917	921	926	928	934	937	941	947	/
3A_SB	60	a	909	914	918	922	925	928	930	933	937	939	944	948	951	958	963
3A_SB	60	d	910	916	919	923	926	929	931	934	938	940	946	949	953	960	/
3A_SB	61	a	923	928	931	936	939	943	946	949	953	956	960	963	967	973	978
3A_SB	61	d	924	929	933	937	941	945	947	950	954	957	961	965	968	975	/
3A_SB	62	a	939	944	947	951	955	957	959	963	967	969	974	978	981	988	992
3A_SB	62	d	940	945	948	952	956	958	961	964	968	970	976	979	982	989	/
3A_SB	63	a	950	955	958	963	967	969	972	976	979	982	986	989	992	998	1002
3A_SB	63	d	951	956	960	965	968	970	974	977	981	983	987	990	993	999	/
3A_SB	64	a	968	973	978	981	985	988	991	995	998	1000	1005	1008	1011	1016	1019
3A_SB	64	d	969	975	979	982	986	990	992	996	999	1001	1006	1009	1012	1017	/
3A_NB	1	a	4	8	12	15	18	22	26	29	31	35	38	42	46	48	52	56	59
3A_NB	1	d	5	9	13	16	19	23	27	30	32	36	39	43	47	49	53	57	/
3A_NB	2	a	9	13	17	21	25	29	32	36	38	42	45	49	53	55	59	62	67
3A_NB	2	d	10	14	19	23	26	30	34	37	39	43	46	50	54	56	60	64	/
3A_NB	3	a	24	28	31	34	39	43	48	53	57	62	67	72	77	81	87	91	94
3A_NB	3	d	25	29	32	36	41	45	50	55	59	64	69	74	79	83	89	92	/
3A_NB	4	a	48	52	57	61	66	69	74	79	83	89	92	96	99	101	105	108	112
3A_NB	4	d	49	54	59	63	67	71	76	81	85	90	93	97	100	102	106	109	/
3A_NB	5	a	53	57	62	66	71	75	80	84	88	93	97	102	106	110	115	119	123
3A_NB	5	d	54	59	64	68	73	77	81	86	90	95	99	104	108	111	117	121	/
3A_NB	6	a	79	82	86	91	95	99	103	106	109	114	118	121	124	126	131	135	140
3A_NB	6	d	80	84	88	93	97	100	104	107	111	115	119	122	125	127	132	137	/
3A_NB	7	a	89	92	96	101	105	109	114	118	121	126	131	136	141	145	151	155	159
3A_NB	7	d	90	94	98	103	107	111	115	119	123	128	133	138	143	147	153	156	/
3A_NB	8	a	116	119	124	128	131	134	139	143	145	150	154	158	161	163	167	171	175
3A_NB	8	d	117	121	126	129	132	136	141	144	147	151	155	159	162	164	168	172	/
3A_NB	9	a	121	125	129	133	136	139	144	148	152	157	162	167	171	174	180	184	189
3A_NB	9	d	122	126	131	134	137	141	146	150	154	159	164	169	173	176	181	186	/
3A_NB	10	a	148	151	156	160	164	168	173	178	182	188	191	194	198	200	205	208	211
3A_NB	10	d	149	153	158	162	166	170	175	180	184	189	192	195	199	201	206	209	/
3A_NB	11	a	158	162	166	170	173	177	181	185	188	193	196	199	203	205	210	214	217
3A_NB	11	d	159	163	168	171	175	178	183	186	189	194	197	200	204	206	211	215	/
3A_NB	12	a	171	174	178	181	186	190	194	198	200	205	208	211	214	216	220	224	228
3A_NB	12	d	172	175	179	183	188	192	195	199	202	206	209	212	215	217	221	225	/
3A_NB	13	a	184	188	191	194	199	204	209	212	216	222	226	230	233	236	240	244	248
3A_NB	13	d	185	189	192	196	201	206	210	214	218	223	227	231	234	237	241	245	/
3A_NB	14	a	198	202	206	210	214	219	223	228	230	235	238	242	245	248	252	256	260
3A_NB	14	d	199	204	208	212	216	221	225	229	232	236	239	243	246	249	253	257	/
3A_NB	15	a	203	207	211	215	219	224	229	233	235	240	244	248	251	254	259	262	266
3A_NB	15	d	204	209	213	217	221	226	230	234	237	241	245	249	252	255	260	263	/
3A_NB	16	a	229	232	237	240	244	248	252	256	259	264	267	271	275	278	282	285	288
3A_NB	16	d	230	234	238	242	246	250	254	258	261	265	268	272	276	279	283	286	/
3A_NB	17	a	241	245	249	253	257	262	267	272	275	280	284	287	290	293	297	300	303
3A_NB	17	d	242	247	251	255	259	264	269	274	277	281	285	288	291	294	298	301	/
3A_NB	18	a	249	253	256	261	265	270	274	278	280	285	289	293	297	301	305	309	312
3A_NB	18	d	250	254	258	263	267	272	276	279	282	286	291	295	299	302	306	310	/
3A_NB	19	a	270	274	277	281	284	288	292	296	300	306	310	314	317	320	324	328	332
3A_NB	19	d	271	275	279	282	285	289	293	298	302	307	312	315	318	321	325	329	/
3A_NB	20	a	290	294	298	303	307	312	317	321	324	329	333	336	339	342	346	351	354
3A_NB	20	d	291	296	300	305	309	314	319	323	326	330	334	337	340	343	348	352	/
3A_NB	21	a	297	301	305	310	314	319	323	327	330	335	340	343	346	348	354	359	363
3A_NB	21	d	298	303	307	312	316	321	325	329	332	337	341	344	347	350	356	361	/
3A_NB	22	a	325	329	332	335	338	341	345	348	350	354	357	361	364	366	371	375	378
3A_NB	22	d	326	330	333	336	339	343	346	349	351	355	358	362	365	367	372	376	/
3A_NB	23	a	336	340	343	347	351	356	360	364	367	372	376	380	384	387	391	395	399
3A_NB	23	d	337	341	345	349	353	358	362	365	369	373	377	381	385	388	392	396	/
3A_NB	24	a	353	356	359	363	367	370	374	378	381	386	389	393	397	401	405	409	412
3A_NB	24	d	354	357	361	365	368	372	375	379	383	387	390	394	399	402	407	410	/
3A_NB	25	a	368	371	374	377	381	385	388	392	395	400	403	407	410	412	416	419	423
3A_NB	25	d	369	372	375	378	382	386	389	393	396	401	404	408	411	413	417	420	/
3A_NB	26	a	383	386	389	392	396	400	404	409	413	419	422	426	429	432	436	440	443
3A_NB	26	d	384	387	390	393	398	401	406	411	415	420	423	427	430	433	437	441	/
3A_NB	27	a	404	408	411	414	418	423	428	433	437	443	447	451	455	457	461	465	469
3A_NB	27	d	405	409	412	416	420	425	430	435	439	444	448	452	456	458	462	466	/
3A_NB	28	a	414	418	421	424	429	433	437	442	445	450	453	456	460	462	467	471	476
3A_NB	28	d	415	419	422	426	430	434	439	443	446	451	454	457	461	464	468	473	/
3A_NB	29	a	437	441	445	448	452	456	459	463	465	469	472	475	479	481	485	489	493
3A_NB	29	d	438	442	446	449	453	457	460	464	466	470	473	476	480	482	486	490	/
3A_NB	30	a	444	448	452	457	461	466	469	473	477	481	485	489	493	495	500	505	509
3A_NB	30	d	445	449	454	459	463	467	471	475	478	482	486	490	494	496	502	506	/
3A_NB	31	a	449	453	458	462	466	471	475	479	483	488	492	496	500	504	510	514	517
3A_NB	31	d	450	455	459	464	468	473	477	481	485	489	493	498	502	506	512	515	/
3A_NB	32	a	478	482	486	491	496	500	504	509	513	518	522	526	529	531	535	539	542
3A_NB	32	d	479	484	488	493	498	502	506	511	515	519	523	527	530	532	536	540	/
3A_NB	33	a	487	490	494	497	502	505	509	514	518	523	527	531	534	536	540	544	548
3A_NB	33	d	488	492	495	499	503	507	511	516	520	524	528	532	535	537	541	546	/
3A_NB	34	a	507	510	514	519	523	528	532	537	541	545	549	552	555	557	562	566	570
3A_NB	34	d	508	512	516	521	525	530	534	539	542	546	550	553	556	558	563	567	/
3A_NB	35	a	526	530	534	538	541	544	547	550	553	558	561	565	569	572	577	580	584
3A_NB	35	d	527	531	535	539	542	545	548	552	555	559	562	566	570	573	578	581	/
3A_NB	36	a	535	539	544	549	552	556	560	564	568	573	576	580	584	587	591	596	600
3A_NB	36	d	536	541	546	550	554	558	562	566	570	574	577	581	585	588	593	597	/
3A_NB	37	a	542	546	550	555	558	562	566	570	573	578	582	586	590	593	597	601	604
3A_NB	37	d	543	547	552	556	560	564	568	572	575	580	583	587	591	594	598	602	/
3A_NB	38	a	547	551	556	559	563	567	571	575	578	583	587	591	595	598	602	606	609
3A_NB	38	d	548	553	557	561	565	569	573	577	580	585	588	592	596	599	603	607	/
3A_NB	39	a	552	556	560	564	568	573	576	580	583	589	592	596	600	602	608	612	615
3A_NB	39	d	553	558	562	566	570	574	578	582	585	590	593	597	601	604	609	613	/
3A_NB	40	a	557	561	565	569	573	578	581	585	589	594	597	601	604	607	613	617	621
3A_NB	40	d	558	563	567	571	575	579	583	587	590	595	598	602	606	609	614	618	/
3A_NB	41	a	562	566	570	574	578	583	586	590	594	599	602	606	609	612	618	622	626
3A_NB	41	d	563	568	572	576	580	584	588	592	595	600	603	607	611	614	619	623	/
3A_NB	42	a	569	573	577	580	583	588	592	596	599	603	607	612	615	618	623	627	631
3A_NB	42	d	570	574	578	581	585	589	594	597	600	605	609	613	616	619	624	628	/
3A_NB	43	a	574	578	582	585	588	593	597	601	604	608	612	617	620	623	628	632	636
3A_NB	43	d	575	579	583	586	590	594	599	602	605	610	614	618	621	624	629	633	/
3A_NB	44	a	579	583	587	590	594	598	602	607	610	614	618	622	625	628	633	637	641
3A_NB	44	d	580	584	588	592	595	600	604	608	611	615	619	623	626	629	634	638	/
3A_NB	45	a	584	588	592	595	599	603	607	612	615	619	623	627	630	632	638	642	646
3A_NB	45	d	585	589	593	597	601	605	609	613	616	620	624	628	631	634	639	643	/
3A_NB	46	a	589	593	597	600	604	608	612	617	620	624	628	632	635	637	643	647	650
3A_NB	46	d	590	594	598	602	606	610	614	618	621	625	629	633	636	639	644	648	/
3A_NB	47	a	594	598	602	606	609	613	617	621	625	629	632	637	640	643	648	652	655
3A_NB	47	d	595	599	603	607	611	615	619	623	626	630	634	638	642	644	649	653	/
3A_NB	48	a	599	602	607	611	614	619	622	626	630	634	637	642	645	649	653	657	660
3A_NB	48	d	600	604	608	612	616	620	624	628	631	635	639	643	647	650	654	658	/
3A_NB	49	a	604	607	612	616	619	624	627	631	634	639	642	647	651	654	658	662	665
3A_NB	49	d	605	609	613	617	621	625	629	633	636	640	644	648	652	655	659	663	/
3A_NB	50	a	609	612	617	620	624	629	632	636	639	644	648	652	656	659	663	667	670
3A_NB	50	d	610	614	618	622	626	630	634	638	641	645	649	653	657	660	664	668	/
3A_NB	51	a	614	617	622	625	629	634	637	641	644	649	653	657	661	663	668	672	676
3A_NB	51	d	615	619	623	627	631	635	639	643	646	650	654	658	662	665	669	674	/
3A_NB	52	a	619	622	627	630	635	639	642	646	650	654	658	662	666	668	673	677	682
3A_NB	52	d	620	624	628	632	636	640	644	648	651	655	659	663	667	670	674	679	/
3A_NB	53	a	624	627	632	635	640	644	647	651	655	659	663	666	671	673	678	682	687
3A_NB	53	d	625	629	633	637	641	645	649	653	656	661	664	668	672	675	679	684	/
3A_NB	54	a	629	633	636	640	645	649	652	656	660	665	668	671	676	679	683	687	692
3A_NB	54	d	630	634	638	642	646	650	654	658	661	666	669	673	677	680	684	689	/
3A_NB	55	a	634	638	641	645	649	654	657	661	665	670	673	676	680	684	688	692	697
3A_NB	55	d	635	639	643	647	651	655	659	663	666	671	674	678	682	685	689	694	/
3A_NB	56	a	639	643	646	651	654	659	663	667	670	675	678	682	685	689	694	698	702
3A_NB	56	d	640	644	648	652	656	660	664	668	671	676	680	683	687	690	695	699	/
3A_NB	57	a	644	647	652	656	659	664	668	672	675	679	683	687	690	694	699	703	707
3A_NB	57	d	645	649	653	657	661	665	669	673	676	681	685	688	692	695	700	704	/
3A_NB	58	a	649	652	657	661	664	669	673	677	680	684	688	693	696	699	704	708	711
3A_NB	58	d	650	654	658	662	666	670	674	678	681	686	690	694	697	700	705	709	/
3A_NB	59	a	654	657	662	665	669	674	677	682	685	689	694	698	701	705	709	713	716
3A_NB	59	d	655	659	663	667	671	675	679	683	686	691	695	699	703	706	710	714	/
3A_NB	60	a	659	662	667	670	674	678	682	687	690	694	699	703	706	710	714	718	721
3A_NB	60	d	660	664	668	672	676	680	684	688	691	696	700	704	708	711	715	719	/
3A_NB	61	a	664	667	672	675	680	683	687	692	695	699	704	707	712	715	719	723	727
3A_NB	61	d	665	669	673	677	681	685	689	693	696	701	705	709	713	716	720	724	/
3A_NB	62	a	670	673	677	681	685	688	693	696	700	705	708	712	717	720	725	729	733
3A_NB	62	d	671	674	678	682	686	690	694	698	702	706	710	714	718	721	726	730	/
3A_NB	63	a	675	679	682	686	690	693	698	701	705	710	713	717	722	725	730	734	739
3A_NB	63	d	676	680	683	687	691	695	699	703	707	711	715	719	724	726	731	736	/
3A_NB	64	a	681	685	688	692	695	698	703	706	710	715	719	724	728	730	736	741	746
3A_NB	64	d	682	686	689	693	696	700	704	708	712	717	721	725	729	732	738	743	/
