RouteID	RunID	Arrivals/Departures	TimePerStop
1A_SB	1	a	4	10	16	20	23	26	31	34	40	43	47	56	61	65
1A_SB	1	d	5	11	17	21	24	27	32	35	41	44	48	57	63	/
1A_SB	2	a	25	31	38	42	46	50	56	60	66	70	74	85	90	94
1A_SB	2	d	26	33	40	44	48	52	58	62	67	71	75	86	91	/
1A_SB	3	a	34	40	46	49	52	56	61	66	71	75	79	90	94	99
1A_SB	3	d	35	41	47	50	54	57	63	67	72	76	80	91	96	/
1A_SB	4	a	58	65	74	78	82	86	91	95	101	104	108	117	122	126
1A_SB	4	d	60	66	76	80	84	87	92	96	102	105	109	118	123	/
1A_SB	5	a	71	78	87	90	95	100	106	109	114	117	121	129	134	137
1A_SB	5	d	73	79	88	92	97	102	107	110	115	118	122	130	135	/
1A_SB	6	a	95	103	113	116	120	124	128	131	137	141	145	152	158	161
1A_SB	6	d	97	105	114	117	121	125	129	132	139	142	146	153	159	/
1A_SB	7	a	104	110	119	122	125	129	133	136	143	146	150	158	165	170
1A_SB	7	d	106	111	120	123	126	130	134	138	144	147	151	160	167	/
1A_SB	8	a	117	123	134	139	143	146	150	154	159	163	166	176	182	187
1A_SB	8	d	119	125	136	141	144	147	151	155	160	164	167	177	184	/
1A_SB	9	a	132	139	148	152	156	160	166	171	179	184	188	197	203	206
1A_SB	9	d	134	140	149	153	158	161	168	173	181	185	189	198	204	/
1A_SB	10	a	142	148	157	160	164	168	175	180	187	192	196	205	211	214
1A_SB	10	d	144	149	158	161	166	170	177	182	189	193	197	206	212	/
1A_SB	11	a	167	175	184	187	190	194	200	204	210	213	216	224	228	232
1A_SB	11	d	169	176	185	188	191	195	201	205	211	214	217	225	230	/
1A_SB	12	a	178	185	195	199	202	207	214	219	225	229	234	242	247	250
1A_SB	12	d	180	186	197	200	204	209	216	221	227	231	235	243	248	/
1A_SB	13	a	188	195	203	207	211	215	221	226	233	237	242	251	257	262
1A_SB	13	d	190	196	205	209	212	216	223	228	235	239	243	253	259	/
1A_SB	14	a	196	203	212	215	218	222	229	233	240	244	248	258	264	269
1A_SB	14	d	198	205	213	216	219	224	231	235	242	246	250	260	266	/
1A_SB	15	a	226	233	242	245	248	251	256	259	264	268	271	279	284	288
1A_SB	15	d	228	235	243	246	249	252	257	260	265	269	272	280	285	/
1A_SB	16	a	233	240	248	251	254	258	263	267	273	277	280	288	293	297
1A_SB	16	d	235	241	249	252	255	259	265	269	274	278	281	289	294	/
1A_SB	17	a	240	247	256	259	263	267	272	275	282	286	289	298	303	307
1A_SB	17	d	242	249	257	261	264	268	273	276	283	287	290	299	304	/
1A_SB	18	a	250	257	268	271	274	278	283	286	293	296	299	308	314	318
1A_SB	18	d	252	259	269	272	275	279	284	287	294	297	301	310	315	/
1A_SB	19	a	255	263	273	276	279	283	290	294	302	306	309	317	323	327
1A_SB	19	d	257	264	274	277	280	285	292	296	303	307	310	318	324	/
1A_SB	20	a	277	284	292	296	299	303	310	314	320	323	326	334	340	343
1A_SB	20	d	279	285	293	297	301	305	312	316	321	324	327	335	341	/
1A_SB	21	a	287	294	302	305	308	311	317	320	325	329	333	343	349	352
1A_SB	21	d	289	295	303	306	309	312	318	321	327	331	334	344	350	/
1A_SB	22	a	293	300	308	312	316	320	328	331	336	339	342	352	359	362
1A_SB	22	d	295	302	310	314	318	322	329	332	337	340	343	353	360	/
1A_SB	23	a	298	305	313	318	323	326	333	336	341	344	348	357	364	367
1A_SB	23	d	300	307	315	320	324	327	334	337	342	345	349	358	365	/
1A_SB	24	a	303	310	318	323	328	331	338	341	346	350	354	363	369	372
1A_SB	24	d	305	312	320	325	329	333	339	342	347	351	355	364	370	/
1A_SB	25	a	308	315	324	329	334	337	343	346	351	355	360	368	374	378
1A_SB	25	d	310	317	326	331	335	338	344	347	352	357	361	369	375	/
1A_SB	26	a	314	321	329	334	339	343	350	354	359	362	365	373	380	384
1A_SB	26	d	316	322	331	336	341	345	351	355	360	363	366	375	381	/
1A_SB	27	a	319	326	334	339	344	349	356	360	367	370	373	381	388	392
1A_SB	27	d	321	327	336	341	346	351	357	362	368	371	374	383	389	/
1A_SB	28	a	324	331	341	346	350	355	361	366	372	375	378	388	393	396
1A_SB	28	d	326	332	343	347	352	356	363	367	373	376	380	390	394	/
1A_SB	29	a	329	335	346	351	356	360	366	371	378	382	385	394	398	401
1A_SB	29	d	331	337	348	353	357	361	368	373	379	383	386	395	399	/
1A_SB	30	a	338	344	353	358	362	365	372	377	382	387	390	399	404	408
1A_SB	30	d	340	346	355	360	363	367	374	378	384	388	392	401	405	/
1A_SB	31	a	350	356	365	369	373	377	383	387	392	395	399	408	414	419
1A_SB	31	d	352	358	366	371	375	379	384	388	393	397	401	410	416	/
1A_SB	32	a	355	361	370	374	379	383	389	393	399	402	406	417	423	428
1A_SB	32	d	357	363	371	376	381	385	391	395	400	404	408	419	425	/
1A_NB	1	a	4	9	14	22	28	31	36	39	45	48	52	55	62	67
1A_NB	1	d	5	10	15	23	29	32	37	40	46	49	53	56	63	/
1A_NB	2	a	9	14	19	27	33	36	41	44	51	54	58	61	68	73
1A_NB	2	d	10	15	20	28	34	37	42	45	52	55	59	62	69	/
1A_NB	3	a	14	18	24	32	38	41	46	51	58	61	65	68	75	79
1A_NB	3	d	15	20	25	33	39	42	48	52	59	62	66	69	76	/
1A_NB	4	a	22	26	31	39	45	48	54	58	65	70	75	79	86	91
1A_NB	4	d	23	27	32	40	46	49	55	59	67	72	77	81	88	/
1A_NB	5	a	47	52	58	65	72	76	82	87	93	98	103	106	113	118
1A_NB	5	d	49	53	59	67	74	78	84	88	95	100	104	107	114	/
1A_NB	6	a	70	75	81	90	97	101	106	110	116	120	123	126	133	138
1A_NB	6	d	72	77	83	92	98	102	107	111	117	121	124	127	134	/
1A_NB	7	a	75	81	86	95	102	107	113	118	124	128	131	134	142	147
1A_NB	7	d	77	82	88	97	104	109	115	120	125	129	132	135	143	/
1A_NB	8	a	88	93	99	107	113	117	122	125	130	134	138	141	149	154
1A_NB	8	d	90	94	100	108	114	118	123	126	131	135	139	142	151	/
1A_NB	9	a	118	123	128	136	142	145	150	154	160	163	167	170	178	183
1A_NB	9	d	120	124	129	137	143	146	151	155	161	164	168	171	179	/
1A_NB	10	a	125	130	135	141	147	150	156	161	168	171	175	178	186	193
1A_NB	10	d	127	131	136	142	148	151	158	163	169	172	176	179	188	/
1A_NB	11	a	143	148	154	162	169	172	177	181	189	193	197	201	209	216
1A_NB	11	d	145	149	155	163	170	173	178	183	191	194	199	203	211	/
1A_NB	12	a	164	170	176	183	190	195	202	207	213	217	220	224	232	239
1A_NB	12	d	166	172	178	185	192	197	204	208	214	218	221	225	233	/
1A_NB	13	a	172	178	184	191	197	200	207	212	218	222	225	228	237	244
1A_NB	13	d	174	180	186	192	198	202	209	213	219	223	226	230	238	/
1A_NB	14	a	177	183	189	196	202	206	212	217	223	227	230	234	242	247
1A_NB	14	d	179	185	191	198	204	207	214	218	224	228	232	235	243	/
1A_NB	15	a	182	188	194	202	208	211	217	222	228	232	235	239	246	252
1A_NB	15	d	184	190	196	204	209	213	219	223	229	233	237	240	248	/
1A_NB	16	a	187	193	200	207	213	216	222	227	234	238	241	244	251	257
1A_NB	16	d	189	195	201	209	214	218	224	228	235	239	242	245	253	/
1A_NB	17	a	192	198	205	213	220	223	228	232	239	243	246	249	256	262
1A_NB	17	d	194	200	207	215	221	224	229	233	240	244	247	250	258	/
1A_NB	18	a	200	205	211	218	225	228	232	237	244	248	251	254	261	267
1A_NB	18	d	202	206	212	220	226	229	234	238	245	249	252	256	263	/
1A_NB	19	a	206	211	216	224	230	233	237	242	250	255	259	263	270	277
1A_NB	19	d	208	212	218	225	231	234	239	244	252	257	261	265	272	/
1A_NB	20	a	211	216	222	229	235	238	244	248	255	260	264	268	275	282
1A_NB	20	d	213	218	223	230	236	240	245	249	257	262	266	270	277	/
1A_NB	21	a	216	221	227	234	241	246	251	256	263	267	270	274	280	287
1A_NB	21	d	218	223	229	236	243	247	253	257	264	268	271	275	282	/
1A_NB	22	a	232	237	244	251	256	260	265	268	275	279	282	286	293	300
1A_NB	22	d	234	239	246	252	257	261	266	270	276	280	283	287	295	/
1A_NB	23	a	238	243	249	256	261	265	270	273	280	284	289	293	301	308
1A_NB	23	d	240	245	251	257	262	266	271	275	281	286	291	295	303	/
1A_NB	24	a	247	252	258	266	271	274	280	283	289	293	298	301	310	316
1A_NB	24	d	249	254	260	267	272	275	281	284	291	295	299	303	311	/
1A_NB	25	a	253	258	265	272	278	282	288	292	298	301	304	308	316	321
1A_NB	25	d	255	260	266	274	280	283	289	293	299	302	305	309	317	/
1A_NB	26	a	263	268	274	282	288	292	297	301	308	311	314	317	323	328
1A_NB	26	d	265	269	275	284	290	293	298	302	309	312	315	318	324	/
1A_NB	27	a	273	279	285	294	300	304	310	314	320	323	328	332	340	346
1A_NB	27	d	275	280	287	295	302	306	312	316	321	325	330	334	342	/
1A_NB	28	a	302	307	312	319	325	329	335	339	344	348	351	355	365	371
1A_NB	28	d	304	308	313	320	327	330	336	340	346	349	353	357	366	/
1A_NB	29	a	328	334	339	347	353	357	364	369	375	378	382	386	393	398
1A_NB	29	d	330	335	341	349	355	359	366	370	376	379	383	387	394	/
1A_NB	30	a	335	341	347	356	362	367	373	378	385	388	392	395	402	407
1A_NB	30	d	337	343	349	358	364	369	375	379	386	389	393	396	403	/
1A_NB	31	a	346	351	357	365	372	377	383	388	396	399	402	405	414	420
1A_NB	31	d	348	352	358	367	374	379	385	390	397	400	403	407	416	/
1A_NB	32	a	351	356	362	370	377	382	388	393	401	405	409	414	423	428
1A_NB	32	d	353	357	364	372	379	384	390	395	403	407	411	416	425	/
2A_NB	1	a	4	7	12	18	20	24	30	33	36	46	52	55	58	61	65	68	71	74	78	82	86	89	93	99
2A_NB	1	d	5	8	13	19	21	25	31	34	37	47	53	56	59	62	66	69	72	75	79	83	87	90	94	/
2A_NB	2	a	9	12	17	22	25	29	34	38	41	51	57	60	62	66	70	73	76	79	83	87	91	94	98	104
2A_NB	2	d	10	13	18	24	26	30	36	39	42	52	58	61	64	67	71	74	78	80	84	88	92	95	99	/
2A_NB	3	a	13	17	21	27	30	33	39	43	46	57	63	66	68	71	76	79	82	84	88	92	96	99	103	109
2A_NB	3	d	15	18	23	29	31	35	41	44	47	58	64	67	69	73	77	80	83	85	89	93	97	100	104	/
2A_NB	4	a	18	22	26	32	36	39	44	48	52	63	68	71	73	78	81	84	87	89	93	96	101	104	107	115
2A_NB	4	d	20	23	28	34	37	40	46	49	53	64	69	72	75	79	82	85	88	90	94	98	102	105	109	/
2A_NB	5	a	24	28	32	38	41	44	50	53	57	68	73	76	79	83	86	89	92	94	98	101	106	110	113	120
2A_NB	5	d	26	29	33	39	42	45	51	54	58	69	74	77	80	84	87	90	93	95	99	103	107	111	114	/
2A_NB	6	a	38	43	47	52	54	57	63	67	70	81	86	89	92	95	98	101	104	106	110	114	118	122	125	132
2A_NB	6	d	40	44	48	53	55	58	64	68	71	82	87	90	93	96	99	102	105	107	111	115	119	123	126	/
2A_NB	7	a	68	72	75	81	83	86	91	94	97	106	111	114	116	121	125	128	131	133	137	141	145	148	151	160
2A_NB	7	d	70	73	76	82	84	87	92	95	98	107	113	115	118	123	126	129	132	134	138	142	146	149	152	/
2A_NB	8	a	79	84	88	93	95	98	103	106	109	118	123	126	128	132	135	138	142	144	148	152	156	160	163	172
2A_NB	8	d	81	85	90	94	96	99	104	107	110	119	124	127	130	133	136	140	143	145	149	153	157	161	164	/
2A_NB	9	a	99	103	108	113	115	118	124	127	130	137	144	146	149	152	156	159	164	167	171	175	179	182	186	194
2A_NB	9	d	101	105	109	114	116	120	125	128	131	139	145	148	150	154	158	161	165	169	173	176	180	183	187	/
2A_NB	10	a	121	126	130	135	138	142	148	152	156	164	173	175	178	181	184	187	191	194	198	201	205	208	211	219
2A_NB	10	d	123	127	131	137	140	144	150	154	157	166	174	176	179	182	185	188	192	195	199	202	206	209	213	/
2A_NB	11	a	149	153	157	164	167	172	178	183	186	194	201	204	206	210	214	216	219	221	225	228	231	235	239	247
2A_NB	11	d	151	154	159	166	169	173	180	184	187	196	202	205	207	211	215	217	220	222	226	229	233	236	240	/
2A_NB	12	a	178	182	187	194	197	201	207	213	216	225	231	233	235	238	242	245	248	250	254	258	262	265	268	276
2A_NB	12	d	180	184	189	196	199	203	209	214	217	226	232	234	236	239	243	246	249	251	255	259	263	266	269	/
2A_NB	13	a	184	188	192	199	202	206	212	217	221	230	236	238	240	244	248	251	254	256	259	263	267	270	273	280
2A_NB	13	d	186	189	194	201	204	208	214	219	222	231	237	239	241	245	249	252	255	257	260	264	268	271	274	/
2A_NB	14	a	189	193	197	204	207	211	217	222	226	235	241	243	246	250	254	257	261	263	266	270	274	278	281	288
2A_NB	14	d	191	194	199	206	209	213	219	224	227	236	242	244	247	251	255	258	262	264	267	271	275	279	282	/
2A_NB	15	a	194	198	202	209	213	217	222	227	232	241	248	250	253	257	261	264	268	270	273	276	280	284	288	295
2A_NB	15	d	196	199	204	211	214	218	224	229	233	242	249	251	254	258	262	265	269	271	274	277	281	285	289	/
2A_NB	16	a	199	203	207	214	218	222	227	232	237	246	253	255	259	262	266	269	272	275	278	281	285	288	293	300
2A_NB	16	d	201	204	209	216	219	223	229	234	238	247	254	257	260	263	267	270	274	276	279	282	286	290	294	/
2A_NB	17	a	204	208	212	219	223	227	233	237	242	250	258	261	264	267	271	274	277	280	283	286	290	293	298	305
2A_NB	17	d	206	209	214	221	224	228	234	239	244	252	259	262	265	268	272	275	279	281	284	287	291	295	299	/
2A_NB	18	a	209	214	217	224	227	232	239	243	247	255	262	266	269	272	276	279	282	285	289	293	297	300	303	310
2A_NB	18	d	211	215	219	226	229	234	240	245	249	257	264	267	270	273	277	280	284	286	290	294	298	301	304	/
2A_NB	19	a	214	219	222	229	232	237	244	248	252	260	267	271	274	277	281	284	288	290	294	298	302	306	310	318
2A_NB	19	d	216	220	224	231	234	239	245	250	254	262	269	272	275	278	282	285	289	291	295	300	303	308	312	/
2A_NB	20	a	219	224	228	234	237	242	249	253	258	267	273	276	279	282	287	291	295	297	301	305	308	312	316	326
2A_NB	20	d	221	225	230	236	239	244	250	255	259	268	274	277	280	284	289	292	296	298	302	306	309	314	318	/
2A_NB	21	a	224	228	233	239	242	247	254	258	263	272	280	283	286	290	293	296	300	302	306	310	313	317	322	332
2A_NB	21	d	226	230	235	241	244	249	255	260	264	273	281	284	287	291	294	297	301	303	307	311	314	319	324	/
2A_NB	22	a	229	233	238	244	247	252	259	264	268	277	285	288	291	295	298	301	304	307	311	316	319	323	328	337
2A_NB	22	d	231	235	240	246	249	254	261	265	269	278	286	290	292	296	299	302	306	308	313	317	321	325	329	/
2A_NB	23	a	237	241	246	252	255	259	266	271	275	287	295	299	303	308	312	315	319	323	328	332	336	340	343	352
2A_NB	23	d	239	243	248	254	257	261	268	273	277	289	297	301	305	310	314	317	321	325	330	333	337	341	345	/
2A_NB	24	a	248	253	258	263	266	269	274	278	281	293	301	304	308	313	318	321	325	329	334	337	342	346	349	358
2A_NB	24	d	250	255	259	264	267	270	275	279	283	295	303	306	310	315	320	323	327	331	335	339	343	347	351	/
2A_NB	25	a	254	258	263	268	271	275	281	286	291	301	308	311	315	319	323	326	330	334	339	343	347	350	354	363
2A_NB	25	d	256	260	264	269	272	277	283	288	293	303	310	313	316	320	325	328	332	336	341	345	348	352	356	/
2A_NB	26	a	272	277	280	286	288	292	298	303	308	319	326	329	332	335	338	341	344	346	350	354	357	361	364	373
2A_NB	26	d	274	278	282	287	290	294	300	305	310	321	328	330	333	336	339	342	345	347	351	355	359	362	366	/
2A_NB	27	a	281	286	290	295	298	302	309	314	318	326	332	335	338	341	344	346	350	352	356	360	363	366	370	379
2A_NB	27	d	283	287	291	297	300	304	311	315	319	327	333	336	339	342	345	348	351	353	357	361	364	368	372	/
2A_NB	28	a	286	291	295	300	304	307	314	318	323	331	337	340	343	346	350	352	355	357	361	365	368	371	375	382
2A_NB	28	d	288	292	296	302	305	309	316	320	324	332	338	341	344	347	351	353	356	358	362	366	369	373	377	/
2A_NB	29	a	291	296	300	305	309	313	319	323	328	336	342	345	348	351	355	357	360	362	366	370	373	376	380	387
2A_NB	29	d	293	297	301	307	311	315	321	325	330	337	343	347	349	352	356	358	361	363	367	371	374	378	382	/
2A_NB	30	a	298	303	307	312	316	320	326	330	335	342	348	351	353	356	360	362	366	369	373	377	381	385	388	394
2A_NB	30	d	300	304	308	314	318	322	328	332	336	343	349	352	354	357	361	364	368	370	375	379	382	386	389	/
2A_NB	31	a	303	308	313	320	324	328	334	338	343	352	359	361	363	367	371	373	376	379	383	386	389	392	395	401
2A_NB	31	d	305	310	315	322	326	330	336	340	345	353	360	362	364	368	372	374	378	380	384	387	390	393	396	/
2A_NB	32	a	308	313	318	325	329	334	340	343	348	357	364	366	368	372	376	379	382	384	388	391	395	399	403	409
2A_NB	32	d	310	315	320	327	331	336	341	345	350	358	365	367	369	373	377	380	383	385	389	393	397	401	404	/
2A_SB	1	a	4	10	16	19	23	26	30	34	38	42	46	48	52	55	59	67	73	76	81	88	90	94	97	100	111
2A_SB	1	d	5	11	17	20	25	28	32	35	39	43	47	49	53	56	60	68	74	78	83	89	91	95	98	102	/
2A_SB	2	a	14	19	24	27	31	35	39	43	48	53	58	61	66	70	74	82	87	91	94	100	102	107	111	115	123
2A_SB	2	d	15	20	25	28	33	37	41	45	50	55	60	63	68	72	75	83	88	92	95	101	104	108	112	116	/
2A_SB	3	a	33	38	43	48	51	53	56	60	65	70	76	79	83	87	91	98	104	109	113	119	121	126	129	133	143
2A_SB	3	d	34	39	45	49	52	54	58	62	67	72	78	80	84	88	92	99	106	110	114	120	122	127	130	134	/
2A_SB	4	a	51	58	64	67	70	73	77	81	85	89	93	95	98	102	106	115	121	124	127	134	137	141	145	149	158
2A_SB	4	d	53	59	65	68	71	75	78	82	86	90	94	96	99	103	107	116	122	125	128	135	138	142	147	151	/
2A_SB	5	a	64	70	76	79	83	86	89	93	97	100	104	106	109	112	116	125	131	134	138	143	146	150	154	158	166
2A_SB	5	d	66	71	77	80	84	87	90	94	98	101	105	107	110	113	117	126	132	136	139	144	147	151	155	159	/
2A_SB	6	a	79	85	90	93	97	99	102	106	110	114	118	120	124	127	131	140	147	150	154	159	161	165	168	171	180
2A_SB	6	d	81	86	91	95	98	100	103	107	111	115	119	121	125	128	132	141	148	152	155	160	162	166	169	172	/
2A_SB	7	a	93	100	106	109	114	117	121	124	127	131	134	136	140	144	149	159	167	170	174	179	182	185	188	192	201
2A_SB	7	d	95	102	107	111	116	119	122	125	128	132	135	137	141	146	151	161	168	171	175	180	183	186	189	193	/
2A_SB	8	a	114	120	128	133	137	140	143	147	150	154	157	160	163	167	170	179	185	189	193	199	202	206	209	213	226
2A_SB	8	d	116	122	130	135	138	142	144	148	151	155	158	161	165	168	171	180	186	190	194	200	203	207	210	215	/
2A_SB	9	a	125	131	138	141	145	149	152	156	160	164	167	169	172	175	178	187	194	198	202	209	212	216	219	223	234
2A_SB	9	d	127	132	139	143	147	151	154	157	161	165	168	170	173	176	179	189	195	199	203	210	213	217	220	225	/
2A_SB	10	a	146	153	158	161	166	169	173	177	181	186	190	192	195	198	202	208	213	216	220	225	227	231	235	238	248
2A_SB	10	d	148	154	159	163	168	171	175	179	183	188	191	193	196	199	203	209	214	217	221	226	228	232	236	239	/
2A_SB	11	a	161	168	174	179	183	187	191	195	198	202	205	208	211	214	218	225	231	235	239	245	247	252	256	259	268
2A_SB	11	d	163	169	176	181	185	189	193	196	199	203	207	209	212	215	219	226	232	236	240	246	248	253	257	260	/
2A_SB	12	a	182	189	195	199	203	206	209	212	215	218	222	224	228	231	235	242	248	252	255	261	263	267	271	275	285
2A_SB	12	d	184	191	196	200	204	207	210	213	216	219	223	225	229	232	236	243	249	253	256	262	264	268	272	276	/
2A_SB	13	a	198	203	208	213	218	221	223	227	231	236	241	243	247	252	255	262	268	272	275	281	283	287	291	295	304
2A_SB	13	d	200	204	210	215	220	222	225	229	233	238	242	245	249	253	256	263	270	273	276	282	284	288	292	296	/
2A_SB	14	a	213	219	224	227	230	232	234	237	240	244	248	250	253	257	260	267	273	277	280	286	289	294	299	302	313
2A_SB	14	d	215	220	225	228	231	233	235	238	241	245	249	251	254	258	261	268	275	278	281	288	291	296	300	303	/
2A_SB	15	a	227	234	240	243	246	248	251	254	257	261	265	267	270	274	278	286	294	299	304	309	311	315	319	322	331
2A_SB	15	d	229	235	241	244	247	249	252	255	258	262	266	268	271	275	279	288	296	301	305	310	312	316	320	323	/
2A_SB	16	a	240	247	253	257	262	264	267	270	273	276	280	282	285	288	291	300	306	310	314	320	323	328	332	335	343
2A_SB	16	d	242	249	255	259	263	265	268	271	274	277	281	283	286	289	292	301	308	311	315	321	324	329	333	336	/
2A_SB	17	a	247	254	260	264	268	270	272	276	279	282	286	288	292	295	298	307	313	316	320	327	331	336	340	343	351
2A_SB	17	d	249	256	262	265	269	271	274	277	280	283	287	289	293	296	299	308	314	317	322	329	333	338	341	344	/
2A_SB	18	a	262	269	275	278	282	284	286	289	292	296	300	302	306	310	313	320	326	329	333	339	342	346	350	353	362
2A_SB	18	d	264	270	276	280	283	285	287	290	293	297	301	303	307	311	315	321	327	330	334	340	343	347	351	354	/
2A_SB	19	a	267	274	280	283	288	291	293	296	299	303	307	309	313	317	320	326	332	336	340	346	349	353	357	360	369
2A_SB	19	d	269	275	281	285	289	292	294	297	300	304	308	310	314	318	321	327	333	337	341	347	350	354	358	361	/
2A_SB	20	a	272	278	285	289	293	296	298	301	305	309	313	315	319	322	325	332	337	342	346	352	355	359	363	367	376
2A_SB	20	d	274	280	287	290	294	297	299	302	306	310	314	316	320	323	327	333	339	343	347	353	356	361	364	368	/
2A_SB	21	a	277	283	291	294	298	301	303	306	310	314	318	321	325	328	331	338	343	347	350	357	360	364	368	372	381
2A_SB	21	d	279	285	292	295	299	302	304	307	311	315	319	322	326	329	332	339	344	348	352	358	361	366	369	373	/
2A_SB	22	a	282	288	296	299	303	306	308	311	315	319	323	326	330	333	337	344	352	356	359	366	369	373	376	380	388
2A_SB	22	d	284	290	297	300	304	307	309	312	316	320	324	327	331	335	338	346	353	357	361	367	370	374	377	381	/
2A_SB	23	a	287	293	301	305	309	312	314	318	321	325	329	332	336	339	342	349	357	361	365	371	374	378	382	386	394
2A_SB	23	d	289	295	302	306	310	313	315	319	322	326	330	333	337	340	343	351	358	362	366	372	375	379	383	387	/
2A_SB	24	a	292	298	306	310	314	317	319	323	326	330	333	337	341	344	348	356	363	367	371	377	379	383	387	391	401
2A_SB	24	d	294	300	307	311	315	318	320	324	327	331	335	338	342	345	349	357	364	368	372	378	380	384	388	392	/
2A_SB	25	a	297	303	311	315	318	322	324	328	331	334	338	342	346	349	353	361	367	372	376	382	384	388	392	396	406
2A_SB	25	d	299	305	312	316	320	323	325	329	332	336	340	343	347	350	354	363	369	373	377	383	385	389	393	397	/
2A_SB	26	a	302	309	316	319	323	327	329	332	336	339	343	346	350	354	359	366	372	377	381	387	389	393	397	401	412
2A_SB	26	d	304	310	317	321	325	328	330	334	337	341	345	348	352	356	361	368	374	378	382	388	390	394	398	403	/
2A_SB	27	a	307	314	320	324	328	332	335	338	341	344	349	352	356	360	364	371	377	382	386	392	395	399	403	407	418
2A_SB	27	d	309	315	322	326	330	333	336	339	342	346	351	354	358	362	366	373	379	383	387	394	396	400	404	408	/
2A_SB	28	a	312	319	325	329	334	337	340	343	346	350	354	357	361	365	369	376	383	387	391	398	400	404	408	412	423
2A_SB	28	d	314	320	327	331	335	338	341	344	347	351	356	359	363	367	371	378	384	388	392	399	401	405	409	413	/
2A_SB	29	a	319	325	331	335	339	342	345	348	352	356	360	362	366	370	374	382	388	392	396	403	405	411	415	419	428
2A_SB	29	d	321	326	332	336	340	343	346	349	353	357	361	364	368	372	376	383	389	393	397	404	407	412	416	421	/
2A_SB	30	a	324	330	336	340	344	346	350	353	357	361	365	367	371	375	380	387	393	396	401	408	411	416	420	425	434
2A_SB	30	d	326	331	337	341	345	348	351	354	358	362	366	369	373	377	381	388	394	398	402	409	412	417	422	427	/
2A_SB	31	a	329	335	341	345	348	351	355	358	362	366	370	372	376	381	385	392	397	401	406	412	416	421	425	430	439
2A_SB	31	d	331	336	342	346	350	353	356	359	363	367	371	374	378	382	386	393	399	403	407	414	417	422	427	432	/
2A_SB	32	a	334	340	346	350	354	357	360	364	367	371	376	378	382	386	390	397	402	406	411	418	422	428	433	437	449
2A_SB	32	d	336	341	347	352	356	358	362	365	368	373	377	379	383	387	391	398	404	408	413	420	424	430	435	439	/
3A_SB	1	a	4	8	12	16	19	22	25	29	33	35	39	42	45	50	53
3A_SB	1	d	5	9	13	17	20	23	26	30	34	36	40	43	46	51	/
3A_SB	2	a	9	13	17	21	24	27	30	34	38	40	44	47	50	55	58
3A_SB	2	d	10	14	18	22	25	28	31	35	39	41	45	48	51	56	/
3A_SB	3	a	14	19	22	26	29	32	35	39	43	45	49	52	55	60	63
3A_SB	3	d	15	20	23	27	30	33	36	40	44	46	50	53	56	61	/
3A_SB	4	a	20	25	28	32	35	38	41	45	49	52	56	60	63	70	73
3A_SB	4	d	21	26	29	33	36	39	42	46	50	53	58	61	64	71	/
3A_SB	5	a	45	51	55	59	63	66	70	74	79	81	86	90	93	99	103
3A_SB	5	d	46	52	56	60	64	68	72	76	80	82	87	91	94	100	/
3A_SB	6	a	61	67	70	74	79	83	86	91	96	99	104	108	111	116	120
3A_SB	6	d	62	68	71	76	81	85	88	93	97	100	105	109	112	117	/
3A_SB	7	a	81	86	90	94	97	100	103	107	111	113	117	121	124	130	134
3A_SB	7	d	82	87	91	95	98	101	104	108	112	114	118	122	125	131	/
3A_SB	8	a	89	94	97	101	105	109	112	116	121	123	128	131	134	140	143
3A_SB	8	d	90	95	98	103	107	110	114	118	122	124	129	132	135	141	/
3A_SB	9	a	102	107	111	114	117	120	122	126	129	131	136	139	142	148	151
3A_SB	9	d	103	108	112	115	118	121	123	127	130	132	137	140	143	149	/
3A_SB	10	a	128	134	137	141	145	147	150	154	158	160	165	168	172	177	181
3A_SB	10	d	129	135	138	142	146	148	151	155	159	161	166	169	173	179	/
3A_SB	11	a	144	150	154	158	162	164	167	171	175	177	181	184	187	193	196
3A_SB	11	d	145	152	155	159	163	165	169	172	176	178	182	185	188	194	/
3A_SB	12	a	150	156	159	164	168	171	175	179	182	184	189	192	195	201	205
3A_SB	12	d	151	157	161	166	170	173	177	180	183	185	190	193	196	202	/
3A_SB	13	a	174	179	183	187	192	195	198	202	207	209	214	218	221	226	229
3A_SB	13	d	175	180	184	189	194	197	200	204	208	210	215	219	222	227	/
3A_SB	14	a	196	201	205	209	212	214	217	220	224	226	230	233	236	241	244
3A_SB	14	d	197	202	206	210	213	215	218	221	225	227	231	234	237	242	/
3A_SB	15	a	206	211	215	219	223	227	230	235	239	242	246	249	252	258	262
3A_SB	15	d	207	212	216	221	225	229	232	237	240	243	247	250	253	259	/
3A_SB	16	a	217	222	226	231	234	237	239	242	245	248	252	255	258	264	268
3A_SB	16	d	218	223	227	232	235	238	240	243	246	249	253	256	259	265	/
3A_SB	17	a	227	233	237	243	247	251	255	260	264	267	271	274	278	285	288
3A_SB	17	d	228	234	239	245	249	253	257	262	265	268	272	275	280	286	/
3A_SB	18	a	250	256	261	264	267	269	273	278	283	285	291	294	297	304	308
3A_SB	18	d	251	258	262	265	268	271	275	280	284	286	292	295	298	305	/
3A_SB	19	a	258	263	268	271	274	277	280	284	288	291	297	300	303	310	314
3A_SB	19	d	259	265	269	272	275	278	281	285	289	292	298	301	304	311	/
3A_SB	20	a	267	272	277	281	284	287	289	292	296	299	304	307	310	317	321
3A_SB	20	d	268	274	278	282	285	288	290	293	297	300	305	308	311	318	/
3A_SB	21	a	273	278	282	286	290	293	295	299	303	305	310	313	316	322	327
3A_SB	21	d	274	279	283	287	291	294	297	300	304	306	311	314	317	324	/
3A_SB	22	a	278	283	287	291	295	298	301	305	310	312	317	321	325	331	334
3A_SB	22	d	279	284	289	292	296	300	303	307	311	313	318	323	326	332	/
3A_SB	23	a	285	290	295	299	303	306	309	313	317	319	323	327	330	336	339
3A_SB	23	d	286	292	297	301	304	308	311	315	318	320	324	328	331	337	/
3A_SB	24	a	293	298	302	307	311	315	317	321	324	326	330	333	336	342	345
3A_SB	24	d	294	300	304	309	313	316	318	322	325	327	331	334	337	343	/
3A_SB	25	a	301	307	310	315	319	322	325	330	334	337	342	345	348	353	356
3A_SB	25	d	302	308	312	317	321	324	327	331	335	338	343	346	349	354	/
3A_SB	26	a	312	318	322	326	329	332	334	338	342	345	350	353	356	362	366
3A_SB	26	d	313	319	323	327	330	333	335	339	343	346	351	354	358	364	/
3A_SB	27	a	317	323	327	331	334	337	339	343	347	349	355	358	361	368	371
3A_SB	27	d	318	324	328	332	335	338	340	344	348	351	356	359	363	369	/
3A_SB	28	a	322	328	332	335	339	342	344	347	352	354	360	363	367	373	376
3A_SB	28	d	323	329	333	337	340	343	345	349	353	356	361	364	368	374	/
3A_SB	29	a	327	333	337	340	344	347	350	353	357	360	364	368	372	378	381
3A_SB	29	d	328	334	338	342	345	348	351	354	359	361	366	369	373	379	/
3A_SB	30	a	332	338	342	345	350	353	356	359	363	366	370	373	377	382	386
3A_SB	30	d	333	339	343	347	351	354	357	360	364	367	371	374	378	384	/
3A_SB	31	a	337	343	347	351	355	358	361	364	368	371	375	379	382	388	391
3A_SB	31	d	338	344	348	352	356	359	362	365	369	372	377	380	384	389	/
3A_SB	32	a	350	355	358	363	367	370	373	376	380	382	388	392	395	401	404
3A_SB	32	d	351	356	360	365	369	372	374	377	381	384	390	393	396	402	/
3A_NB	1	a	4	8	12	15	18	21	25	28	30	35	39	42	45	48	52	56	59
3A_NB	1	d	5	9	13	16	19	22	26	29	31	36	40	43	46	49	53	57	/
3A_NB	2	a	9	13	17	20	23	26	30	33	35	40	44	48	51	54	58	62	66
3A_NB	2	d	10	14	18	21	24	27	31	34	36	41	45	49	52	55	59	63	/
3A_NB	3	a	23	27	31	35	39	44	49	53	57	62	67	72	77	81	87	92	95
3A_NB	3	d	24	28	32	37	41	46	51	55	59	64	69	74	79	83	89	93	/
3A_NB	4	a	40	44	49	54	58	62	66	70	74	79	83	86	90	92	96	100	103
3A_NB	4	d	41	46	51	56	60	64	68	72	76	80	84	87	91	93	97	101	/
3A_NB	5	a	65	68	72	76	79	83	86	89	92	96	100	104	107	110	114	118	121
3A_NB	5	d	66	69	73	77	80	84	87	90	93	97	101	105	108	111	115	119	/
3A_NB	6	a	71	74	79	83	87	92	97	102	106	113	117	121	124	127	131	134	138
3A_NB	6	d	72	76	81	85	89	94	99	104	108	114	118	122	125	128	132	135	/
3A_NB	7	a	85	88	92	97	100	104	109	113	116	123	127	131	134	137	141	145	149
3A_NB	7	d	86	89	94	98	102	106	110	114	118	124	128	132	135	138	142	146	/
3A_NB	8	a	101	104	107	112	115	119	122	127	131	136	140	144	148	151	155	159	162
3A_NB	8	d	102	105	109	113	116	120	124	129	133	137	141	145	149	152	156	160	/
3A_NB	9	a	117	121	124	127	131	136	140	145	149	154	157	161	164	167	172	175	180
3A_NB	9	d	118	122	125	129	133	138	142	147	151	155	158	162	165	168	173	177	/
3A_NB	10	a	141	144	148	153	157	161	165	168	171	176	179	182	185	187	192	196	200
3A_NB	10	d	142	146	150	154	159	162	166	169	172	177	180	183	186	188	193	197	/
3A_NB	11	a	146	149	153	158	163	168	172	176	180	185	189	193	198	201	207	212	216
3A_NB	11	d	147	151	155	160	165	169	174	178	182	187	191	195	200	203	209	213	/
3A_NB	12	a	169	173	177	180	185	189	194	198	202	208	211	215	218	220	225	229	232
3A_NB	12	d	170	175	178	182	187	191	196	200	204	209	212	216	219	221	226	230	/
3A_NB	13	a	186	189	194	198	201	205	211	215	218	223	227	230	234	237	241	245	248
3A_NB	13	d	187	191	195	199	203	207	213	217	220	224	228	231	235	238	242	246	/
3A_NB	14	a	208	211	215	219	221	224	228	232	235	241	244	247	250	253	258	261	264
3A_NB	14	d	209	213	216	220	222	226	230	234	237	242	245	248	251	254	259	262	/
3A_NB	15	a	214	218	221	225	229	233	237	241	244	249	253	258	263	266	272	277	281
3A_NB	15	d	215	219	222	227	230	235	239	243	246	251	255	260	264	268	274	278	/
3A_NB	16	a	227	230	234	237	240	244	248	253	256	260	264	268	272	274	278	282	286
3A_NB	16	d	228	232	235	238	242	246	250	255	257	261	265	270	273	275	279	283	/
3A_NB	17	a	236	239	243	248	251	254	257	261	263	267	271	275	278	280	284	287	291
3A_NB	17	d	237	241	245	249	252	255	258	262	264	268	272	276	279	281	285	288	/
3A_NB	18	a	249	252	255	259	262	266	270	274	278	283	286	289	293	295	298	301	304
3A_NB	18	d	250	253	256	260	264	268	272	276	280	284	287	290	294	296	299	302	/
3A_NB	19	a	261	264	268	273	277	280	284	288	292	296	300	304	307	309	313	316	320
3A_NB	19	d	262	266	270	274	278	282	285	290	293	297	301	305	308	310	314	317	/
3A_NB	20	a	266	269	273	278	282	286	290	295	298	303	307	311	314	317	321	324	328
3A_NB	20	d	267	271	275	279	284	288	292	296	300	304	308	312	315	318	322	325	/
3A_NB	21	a	272	275	279	283	288	292	296	301	305	310	314	318	322	325	329	332	336
3A_NB	21	d	273	277	280	285	290	294	298	303	307	311	315	319	323	326	330	333	/
3A_NB	22	a	283	286	291	295	299	304	307	311	314	319	322	326	330	333	337	340	344
3A_NB	22	d	284	288	293	296	301	305	308	312	315	320	323	327	331	334	338	341	/
3A_NB	23	a	289	293	297	300	304	309	312	316	319	324	328	332	336	339	343	346	351
3A_NB	23	d	290	294	298	302	306	310	313	317	320	326	329	333	337	340	344	348	/
3A_NB	24	a	294	298	302	305	309	314	317	322	325	331	334	338	342	345	349	352	356
3A_NB	24	d	295	299	303	307	311	315	319	323	327	332	335	339	343	346	350	353	/
3A_NB	25	a	299	303	306	310	314	318	322	327	330	335	339	343	347	350	354	357	361
3A_NB	25	d	300	304	308	312	316	320	324	328	332	337	340	344	348	351	355	358	/
3A_NB	26	a	304	308	311	315	320	323	327	332	335	340	344	348	352	355	359	363	367
3A_NB	26	d	305	309	313	317	321	325	329	334	337	342	345	349	353	356	360	364	/
3A_NB	27	a	310	314	318	321	325	329	333	337	340	345	349	353	357	360	364	368	372
3A_NB	27	d	311	315	319	322	327	331	335	339	342	347	350	354	358	361	365	369	/
3A_NB	28	a	315	319	323	326	330	335	339	342	345	350	354	358	362	364	369	373	377
3A_NB	28	d	316	320	324	327	332	337	340	344	347	352	355	359	363	366	370	375	/
3A_NB	29	a	320	324	328	331	335	340	344	347	350	355	359	363	366	369	374	378	382
3A_NB	29	d	321	325	329	333	337	342	345	349	352	357	360	364	368	371	375	380	/
3A_NB	30	a	327	331	335	339	342	347	350	353	355	360	364	368	371	374	379	383	387
3A_NB	30	d	328	332	336	340	344	348	351	354	357	362	365	369	373	376	380	385	/
3A_NB	31	a	332	336	340	344	348	353	356	359	361	366	369	373	376	379	384	388	393
3A_NB	31	d	333	337	341	345	350	354	357	360	362	367	370	374	378	381	385	390	/
3A_NB	32	a	338	342	346	349	354	358	361	365	368	374	378	382	387	390	395	400	405
3A_NB	32	d	339	343	347	351	355	359	363	367	370	376	379	384	389	392	397	402	/
