RouteID	RunID	Arrivals/Departures	TimePerStop
1A_SB	1	a	4	8	13	22	25	29	34	38	42	45	48	52	62	66	73
1A_SB	1	d	5	10	14	23	26	30	35	39	43	46	49	53	63	67	/
1A_SB	2	a	30	34	37	45	48	52	59	62	66	70	74	79	89	92	100
1A_SB	2	d	31	35	38	46	50	54	60	63	67	71	76	80	90	94	/
1A_SB	3	a	48	53	57	67	70	73	79	83	88	92	96	99	109	113	120
1A_SB	3	d	50	54	59	68	71	75	81	85	90	93	97	100	110	114	/
1A_SB	4	a	53	58	62	71	75	79	85	89	94	98	103	107	116	120	128
1A_SB	4	d	55	59	64	73	76	81	87	91	96	100	105	108	117	122	/
1A_SB	5	a	78	82	87	96	100	103	110	113	118	122	127	131	142	145	151
1A_SB	5	d	80	84	89	97	101	105	111	115	120	124	129	132	143	146	/
1A_SB	6	a	87	91	96	106	110	115	122	126	130	134	139	143	152	156	162
1A_SB	6	d	89	93	98	108	112	117	124	128	132	136	140	144	153	157	/
1A_SB	7	a	101	106	110	118	123	126	132	136	141	145	150	153	164	167	174
1A_SB	7	d	103	107	111	120	124	128	134	138	143	147	151	154	165	168	/
1A_SB	8	a	124	128	133	143	147	152	158	162	165	168	172	175	186	189	197
1A_SB	8	d	126	130	135	144	149	153	159	163	166	169	173	176	187	190	/
1A_SB	9	a	137	141	146	156	161	165	172	176	180	185	189	192	203	206	213
1A_SB	9	d	139	143	148	158	163	167	174	178	182	187	190	194	204	207	/
1A_SB	10	a	146	150	155	166	170	173	179	184	188	193	198	201	211	215	222
1A_SB	10	d	148	152	157	168	171	174	181	186	190	195	199	203	213	216	/
1A_SB	11	a	156	160	164	175	178	181	188	193	197	201	206	210	220	224	231
1A_SB	11	d	158	161	165	176	179	183	190	195	199	203	208	212	222	225	/
1A_SB	12	a	183	188	192	202	206	210	217	221	226	229	232	235	246	249	256
1A_SB	12	d	185	190	194	204	208	212	218	223	227	230	233	237	247	250	/
1A_SB	13	a	190	195	198	208	211	215	222	227	231	235	239	244	252	256	265
1A_SB	13	d	192	196	199	209	213	217	224	229	233	237	241	245	254	258	/
1A_SB	14	a	206	210	214	222	226	230	236	241	246	250	254	257	264	267	276
1A_SB	14	d	208	211	215	223	228	231	238	243	248	252	255	258	265	269	/
1A_SB	15	a	223	228	232	240	243	246	252	256	261	266	270	274	283	286	294
1A_SB	15	d	225	229	233	241	244	248	254	258	263	268	272	275	284	288	/
1A_SB	16	a	237	242	246	254	257	261	266	269	273	276	280	283	294	297	304
1A_SB	16	d	239	243	247	255	258	262	267	270	274	278	281	285	295	298	/
1A_SB	17	a	250	254	259	268	271	275	281	285	288	291	295	299	309	313	322
1A_SB	17	d	252	256	261	269	272	276	282	286	289	292	296	300	310	315	/
1A_SB	18	a	266	270	275	284	288	292	298	301	305	309	313	317	327	332	341
1A_SB	18	d	268	272	277	286	289	294	299	302	306	311	315	319	329	333	/
1A_SB	19	a	275	280	285	296	300	305	312	316	321	325	330	334	344	349	358
1A_SB	19	d	277	282	287	298	302	307	314	318	323	327	332	336	346	351	/
1A_SB	20	a	289	294	298	310	314	319	326	330	334	339	343	347	357	361	369
1A_SB	20	d	291	296	300	311	316	321	328	332	336	340	345	349	358	363	/
1A_SB	21	a	310	314	318	328	332	335	343	348	353	357	361	365	373	378	387
1A_SB	21	d	312	315	320	330	333	337	345	350	355	359	363	366	375	380	/
1A_SB	22	a	326	330	334	342	345	349	356	361	364	369	373	376	386	391	399
1A_SB	22	d	328	331	335	343	347	350	358	362	366	371	374	378	388	392	/
1A_SB	23	a	344	348	352	361	365	369	376	380	384	388	392	396	404	408	415
1A_SB	23	d	346	349	353	362	366	371	378	382	386	389	394	397	405	409	/
1A_SB	24	a	363	368	372	379	383	386	391	394	397	400	403	406	413	418	425
1A_SB	24	d	365	369	373	380	384	387	392	395	398	401	404	407	415	419	/
1A_SB	25	a	376	381	386	395	399	403	409	412	416	419	423	426	435	438	445
1A_SB	25	d	378	383	387	397	401	405	410	413	417	420	424	427	436	439	/
1A_SB	26	a	386	391	396	406	410	413	418	422	426	430	435	438	448	451	458
1A_SB	26	d	388	393	398	408	411	414	420	424	428	432	436	439	449	453	/
1A_SB	27	a	402	407	412	422	427	431	438	442	447	451	456	460	469	473	479
1A_SB	27	d	404	409	414	424	429	433	440	444	449	453	457	461	470	474	/
1A_SB	28	a	419	425	429	439	442	445	451	455	460	464	468	471	481	484	491
1A_SB	28	d	421	426	430	440	443	447	453	457	462	466	469	472	482	485	/
1A_SB	29	a	438	443	447	456	460	464	470	474	478	482	486	490	499	502	509
1A_SB	29	d	440	444	448	457	461	465	471	476	480	484	487	491	500	503	/
1A_SB	30	a	448	453	458	468	472	477	484	488	492	496	501	505	516	520	529
1A_SB	30	d	450	455	460	470	474	479	486	490	494	498	503	507	518	521	/
1A_SB	31	a	458	463	468	478	482	486	493	498	503	508	513	516	526	529	537
1A_SB	31	d	460	465	469	480	483	488	495	500	505	510	514	517	527	530	/
1A_SB	32	a	483	487	491	500	504	507	513	517	521	525	530	534	544	548	557
1A_SB	32	d	485	488	492	502	505	508	515	519	523	527	532	536	545	549	/
1A_SB	33	a	502	507	511	522	525	529	535	538	542	546	549	552	561	565	573
1A_SB	33	d	504	508	512	523	526	530	536	539	544	547	550	553	562	566	/
1A_SB	34	a	513	518	523	533	536	540	546	550	555	560	563	568	578	582	589
1A_SB	34	d	515	520	525	534	537	541	548	552	557	561	565	569	580	583	/
1A_SB	35	a	528	533	538	550	553	558	563	568	572	576	580	583	593	596	604
1A_SB	35	d	530	535	540	551	555	559	565	569	573	577	581	585	594	597	/
1A_SB	36	a	536	541	545	556	559	563	568	573	576	581	585	589	598	601	609
1A_SB	36	d	538	542	546	557	560	564	570	574	578	582	586	590	599	603	/
1A_SB	37	a	555	559	564	573	576	580	586	590	594	597	601	605	614	618	625
1A_SB	37	d	557	561	566	574	578	582	587	591	595	598	602	606	615	619	/
1A_SB	38	a	563	567	572	578	581	585	592	596	600	603	607	612	621	625	632
1A_SB	38	d	565	569	573	579	583	587	593	597	601	604	609	613	622	626	/
1A_SB	39	a	568	572	577	583	587	591	598	602	606	609	613	617	627	631	637
1A_SB	39	d	570	574	578	585	589	593	599	603	607	610	614	618	628	632	/
1A_SB	40	a	575	579	583	589	593	596	603	608	613	616	621	625	635	639	645
1A_SB	40	d	577	580	584	591	594	598	605	610	614	618	623	626	636	640	/
1A_SB	41	a	582	586	591	599	603	608	614	618	622	625	629	632	641	645	653
1A_SB	41	d	584	588	593	601	605	610	615	619	623	626	630	633	642	646	/
1A_SB	42	a	588	593	597	604	608	613	620	624	628	631	634	637	646	651	659
1A_SB	42	d	590	594	598	606	610	615	621	625	629	632	635	638	648	652	/
1A_SB	43	a	593	598	602	611	614	618	625	629	633	636	639	642	651	656	664
1A_SB	43	d	595	599	603	612	615	620	626	630	634	637	640	643	653	657	/
1A_SB	44	a	598	603	607	616	619	623	630	634	638	641	644	647	657	661	668
1A_SB	44	d	600	604	608	617	620	625	631	635	639	642	645	649	658	662	/
1A_SB	45	a	603	608	612	621	624	628	636	640	644	647	650	653	662	665	673
1A_SB	45	d	605	609	613	622	625	630	637	641	645	648	651	654	663	667	/
1A_SB	46	a	608	613	618	627	630	633	641	645	648	652	655	658	667	671	678
1A_SB	46	d	610	615	619	628	631	635	642	646	650	653	656	659	669	672	/
1A_SB	47	a	613	618	623	632	635	638	646	650	653	657	660	663	673	676	683
1A_SB	47	d	615	620	624	633	636	640	647	651	655	658	661	664	674	677	/
1A_SB	48	a	618	623	628	636	640	644	650	655	658	662	665	668	678	681	688
1A_SB	48	d	620	625	630	638	642	646	652	656	660	663	666	669	679	682	/
1A_SB	49	a	624	629	633	641	645	649	655	660	663	667	670	673	683	686	693
1A_SB	49	d	626	630	635	643	647	651	657	661	665	668	671	674	684	687	/
1A_SB	50	a	629	633	638	646	650	654	660	664	668	672	675	678	688	692	700
1A_SB	50	d	631	635	640	648	652	656	662	666	670	673	676	679	690	693	/
1A_SB	51	a	634	638	643	653	656	659	665	669	673	677	681	684	694	697	705
1A_SB	51	d	636	640	645	654	657	661	667	671	675	678	682	685	695	698	/
1A_SB	52	a	639	643	648	658	661	665	670	674	679	682	686	690	699	702	711
1A_SB	52	d	641	645	650	659	663	666	672	676	680	683	688	692	700	704	/
1A_SB	53	a	644	649	653	663	666	670	676	680	684	688	692	697	705	708	716
1A_SB	53	d	646	650	655	664	668	672	678	681	686	689	694	698	706	710	/
1A_SB	54	a	649	654	658	667	671	675	682	685	689	693	697	702	710	713	721
1A_SB	54	d	651	655	660	669	673	677	683	686	691	694	699	703	711	715	/
1A_SB	55	a	654	659	663	672	676	680	687	690	694	698	702	707	716	719	726
1A_SB	55	d	656	660	665	674	678	682	688	691	696	699	704	708	717	720	/
1A_SB	56	a	659	664	668	677	682	685	692	695	700	703	708	711	721	724	731
1A_SB	56	d	661	665	670	679	683	687	693	697	701	705	709	713	722	725	/
1A_SB	57	a	666	671	675	684	688	691	697	700	705	708	713	717	726	729	736
1A_SB	57	d	668	672	677	685	689	692	698	702	706	710	715	718	727	730	/
1A_SB	58	a	671	676	680	689	692	697	703	706	710	713	718	722	732	735	742
1A_SB	58	d	673	677	682	690	694	698	704	707	711	715	720	724	733	736	/
1A_SB	59	a	676	681	685	694	697	702	708	711	715	718	723	727	737	740	747
1A_SB	59	d	678	682	687	695	699	703	709	712	716	720	725	729	738	741	/
1A_SB	60	a	681	686	690	701	704	707	712	716	721	724	729	733	742	745	752
1A_SB	60	d	683	687	692	702	705	708	714	718	722	726	731	735	743	746	/
1A_SB	61	a	688	692	695	706	709	713	718	721	726	729	734	739	747	750	757
1A_SB	61	d	690	693	697	707	711	714	719	723	727	731	736	740	748	751	/
1A_SB	62	a	693	697	700	711	715	718	723	726	731	735	739	744	752	756	763
1A_SB	62	d	695	698	702	713	716	719	724	728	733	737	741	745	753	757	/
1A_SB	63	a	698	702	706	717	721	725	731	734	738	741	744	749	758	763	770
1A_SB	63	d	700	704	707	719	722	726	732	735	739	742	746	750	760	764	/
1A_SB	64	a	703	707	712	723	727	731	738	742	747	751	755	758	768	771	779
1A_SB	64	d	705	709	713	725	728	733	739	744	749	753	756	760	769	773	/
1A_NB	1	a	4	12	16	25	32	37	42	46	49	54	57	61	69	73	77
1A_NB	1	d	5	14	17	27	34	39	43	47	50	55	58	62	70	74	/
1A_NB	2	a	9	17	22	32	38	43	47	51	54	59	63	66	74	77	81
1A_NB	2	d	10	19	24	34	40	44	48	52	55	60	64	67	75	79	/
1A_NB	3	a	14	24	28	37	43	47	52	56	60	66	70	73	81	85	89
1A_NB	3	d	16	25	29	39	45	49	53	58	62	67	71	74	83	87	/
1A_NB	4	a	40	51	55	67	73	77	81	85	88	95	98	102	112	116	120
1A_NB	4	d	42	53	57	69	75	78	83	86	90	96	99	103	113	117	/
1A_NB	5	a	65	75	80	89	94	98	103	108	111	118	121	125	133	137	141
1A_NB	5	d	67	77	82	91	96	100	105	109	113	119	122	126	134	138	/
1A_NB	6	a	80	91	95	104	110	114	118	123	126	131	134	138	146	149	154
1A_NB	6	d	82	93	97	106	112	116	120	124	127	132	135	139	147	151	/
1A_NB	7	a	101	110	114	126	132	136	141	145	150	156	160	163	172	176	180
1A_NB	7	d	103	112	116	128	133	138	142	147	152	158	161	165	173	177	/
1A_NB	8	a	109	120	125	135	140	143	148	153	157	162	165	168	177	181	185
1A_NB	8	d	111	122	127	136	141	145	150	154	158	163	166	170	178	182	/
1A_NB	9	a	123	132	136	144	149	153	157	161	165	170	174	177	185	188	193
1A_NB	9	d	125	133	137	145	150	154	158	162	166	171	175	178	186	190	/
1A_NB	10	a	139	150	154	163	170	173	177	180	183	189	193	196	204	208	212
1A_NB	10	d	141	151	156	165	171	174	178	181	184	190	194	197	205	209	/
1A_NB	11	a	157	167	171	180	185	188	192	196	200	207	210	213	220	223	227
1A_NB	11	d	159	168	172	181	186	189	193	197	201	208	211	214	221	224	/
1A_NB	12	a	162	172	176	185	190	193	197	201	205	212	215	218	225	228	232
1A_NB	12	d	164	173	177	186	191	194	198	202	206	213	216	219	226	229	/
1A_NB	13	a	167	177	182	191	197	201	204	208	212	218	221	224	232	236	240
1A_NB	13	d	169	179	184	193	199	202	205	209	213	219	222	225	234	237	/
1A_NB	14	a	196	206	210	221	227	230	234	238	241	246	249	253	261	264	268
1A_NB	14	d	198	207	212	223	228	231	235	239	242	247	250	254	262	265	/
1A_NB	15	a	216	228	231	241	246	249	254	258	263	268	272	275	283	287	291
1A_NB	15	d	218	229	232	242	247	251	255	260	264	270	273	276	284	288	/
1A_NB	16	a	229	239	243	254	260	263	267	271	275	280	283	286	294	297	302
1A_NB	16	d	231	241	245	256	261	264	268	272	276	281	284	287	295	299	/
1A_NB	17	a	236	246	249	259	265	268	272	276	280	286	290	293	302	307	310
1A_NB	17	d	238	247	250	261	266	269	273	277	282	288	291	295	304	308	/
1A_NB	18	a	250	259	263	273	279	283	286	291	295	301	305	309	320	324	328
1A_NB	18	d	252	261	265	275	281	284	288	293	296	303	307	311	321	325	/
1A_NB	19	a	277	287	290	302	308	311	315	319	323	329	333	337	343	347	351
1A_NB	19	d	279	288	292	303	309	312	316	320	324	330	334	338	344	348	/
1A_NB	20	a	287	296	300	310	316	320	324	328	332	339	343	347	355	358	362
1A_NB	20	d	289	298	302	311	317	321	325	329	334	340	344	348	356	359	/
1A_NB	21	a	295	304	308	318	325	329	332	336	340	346	350	354	363	367	371
1A_NB	21	d	297	306	310	320	326	330	333	337	341	348	351	356	364	369	/
1A_NB	22	a	318	329	334	347	353	357	361	365	368	373	377	381	389	392	395
1A_NB	22	d	320	331	336	349	354	358	362	366	369	375	378	382	390	393	/
1A_NB	23	a	339	349	353	363	369	372	376	380	385	391	396	399	408	412	416
1A_NB	23	d	341	350	354	364	370	373	377	382	387	393	397	400	410	413	/
1A_NB	24	a	352	361	366	377	382	385	388	392	396	402	406	411	420	424	428
1A_NB	24	d	354	363	368	378	383	386	389	394	397	403	408	413	422	425	/
1A_NB	25	a	372	380	384	394	399	403	406	410	413	418	421	424	434	438	443
1A_NB	25	d	374	382	386	395	400	404	407	411	414	419	422	425	435	440	/
1A_NB	26	a	395	405	409	418	424	429	433	437	441	447	450	454	463	466	470
1A_NB	26	d	397	407	411	419	426	430	434	438	442	448	451	455	464	467	/
1A_NB	27	a	403	414	418	429	434	437	441	446	450	456	459	463	472	475	479
1A_NB	27	d	405	416	420	430	435	438	443	447	451	457	460	464	473	476	/
1A_NB	28	a	411	422	425	435	441	445	449	452	456	462	465	469	477	481	486
1A_NB	28	d	413	423	426	436	443	446	450	453	457	463	466	470	479	483	/
1A_NB	29	a	438	447	452	462	468	471	474	478	481	486	489	492	501	505	509
1A_NB	29	d	440	449	454	464	469	472	475	479	482	487	490	493	502	506	/
1A_NB	30	a	446	455	459	468	474	477	480	484	489	494	498	502	511	514	519
1A_NB	30	d	448	457	460	469	475	478	481	486	490	496	500	504	512	516	/
1A_NB	31	a	467	478	481	491	497	501	504	508	512	518	522	525	533	537	541
1A_NB	31	d	469	479	483	492	498	502	505	510	513	519	523	526	534	538	/
1A_NB	32	a	484	494	497	506	512	517	522	527	531	538	542	545	553	557	562
1A_NB	32	d	486	495	498	508	514	519	524	529	532	539	543	546	554	558	/
1A_NB	33	a	495	505	508	521	526	530	534	538	543	549	552	556	566	571	576
1A_NB	33	d	497	506	510	522	528	531	535	540	545	550	554	558	568	572	/
1A_NB	34	a	517	526	529	538	543	546	549	553	557	562	565	568	577	580	586
1A_NB	34	d	519	527	530	539	544	547	550	554	558	563	566	569	578	582	/
1A_NB	35	a	522	531	534	543	549	552	555	559	562	567	570	573	581	585	590
1A_NB	35	d	524	532	535	544	550	553	556	560	563	568	571	574	583	587	/
1A_NB	36	a	535	545	550	560	565	570	575	581	586	591	594	599	608	611	615
1A_NB	36	d	537	547	552	561	567	572	577	583	587	592	596	600	609	612	/
1A_NB	37	a	543	552	556	565	571	575	580	586	591	596	599	603	613	616	620
1A_NB	37	d	545	553	557	567	573	577	582	588	592	597	601	605	614	617	/
1A_NB	38	a	550	559	562	572	578	582	587	592	597	602	605	608	618	622	626
1A_NB	38	d	552	560	564	574	580	584	589	594	598	603	606	610	619	623	/
1A_NB	39	a	555	564	567	577	583	587	592	597	602	607	610	613	622	627	631
1A_NB	39	d	557	565	569	579	585	589	594	599	603	608	611	615	624	628	/
1A_NB	40	a	561	570	573	583	588	592	597	602	606	612	615	619	628	632	636
1A_NB	40	d	563	571	574	584	590	594	599	604	608	613	617	621	629	633	/
1A_NB	41	a	566	575	579	590	596	600	605	610	614	620	623	627	635	639	644
1A_NB	41	d	568	577	581	592	598	602	607	612	615	621	625	628	637	641	/
1A_NB	42	a	571	581	584	596	601	606	610	615	620	626	629	633	642	645	648
1A_NB	42	d	573	582	586	597	603	607	612	617	621	627	631	634	643	646	/
1A_NB	43	a	576	586	589	601	606	611	615	620	625	631	634	638	647	650	653
1A_NB	43	d	578	587	591	602	608	612	617	622	626	632	636	639	648	651	/
1A_NB	44	a	582	592	595	606	611	616	620	625	630	635	639	643	652	655	658
1A_NB	44	d	584	593	596	607	613	617	622	627	631	637	641	644	653	656	/
1A_NB	45	a	589	598	602	611	616	621	625	630	634	640	644	648	656	660	664
1A_NB	45	d	591	600	604	612	618	622	627	632	636	642	646	649	658	661	/
1A_NB	46	a	595	604	608	617	623	628	633	637	640	645	650	653	661	665	669
1A_NB	46	d	597	606	610	619	625	630	634	638	641	647	651	654	663	666	/
1A_NB	47	a	600	611	614	624	630	634	638	642	645	651	655	658	666	670	674
1A_NB	47	d	602	612	615	626	632	635	639	643	646	652	656	659	668	671	/
1A_NB	48	a	605	616	619	630	636	639	643	647	650	656	660	664	673	676	681
1A_NB	48	d	607	617	621	632	637	640	644	648	651	657	661	665	674	678	/
1A_NB	49	a	610	621	624	635	641	645	649	653	656	662	665	669	678	681	686
1A_NB	49	d	612	622	626	637	643	646	651	654	657	663	666	670	679	683	/
1A_NB	50	a	628	638	643	653	659	663	667	671	675	681	684	687	697	701	706
1A_NB	50	d	630	640	645	654	660	664	668	672	676	682	685	688	698	703	/
1A_NB	51	a	634	644	648	658	665	669	673	677	681	687	690	693	703	707	711
1A_NB	51	d	636	646	650	660	666	670	674	678	682	688	691	694	704	708	/
1A_NB	52	a	640	650	654	663	670	674	677	681	686	692	695	698	708	712	717
1A_NB	52	d	642	652	655	665	671	675	679	683	687	693	696	699	709	714	/
1A_NB	53	a	645	655	659	668	675	679	682	686	691	697	701	705	714	719	724
1A_NB	53	d	647	657	661	670	676	680	684	688	692	699	703	706	716	721	/
1A_NB	54	a	651	661	665	674	679	684	687	691	695	702	706	710	720	725	730
1A_NB	54	d	653	663	667	675	681	685	689	693	697	704	708	712	722	727	/
1A_NB	55	a	657	667	671	679	685	689	694	698	701	708	712	716	726	731	736
1A_NB	55	d	659	669	672	681	686	691	695	699	703	710	714	718	728	733	/
1A_NB	56	a	663	674	677	686	691	695	699	703	706	713	717	721	731	736	741
1A_NB	56	d	665	675	678	687	692	696	700	704	708	715	719	723	733	738	/
1A_NB	57	a	669	680	683	692	698	702	707	712	717	723	726	729	739	744	748
1A_NB	57	d	671	681	684	693	699	704	709	714	718	724	727	731	741	745	/
1A_NB	58	a	676	688	692	702	709	713	718	722	726	732	735	738	748	753	756
1A_NB	58	d	678	690	693	704	711	715	719	723	727	733	736	739	750	754	/
1A_NB	59	a	683	695	699	710	716	720	723	728	733	740	743	746	756	760	763
1A_NB	59	d	685	697	701	712	718	721	725	730	735	741	744	747	757	761	/
1A_NB	60	a	694	704	708	719	725	729	732	736	739	745	748	751	760	765	769
1A_NB	60	d	696	706	710	720	726	730	733	737	740	746	749	752	762	766	/
1A_NB	61	a	699	709	713	724	730	734	738	742	745	751	755	758	767	771	775
1A_NB	61	d	701	711	715	725	731	735	739	743	746	752	756	759	768	772	/
1A_NB	62	a	705	717	720	730	736	740	744	748	752	758	762	765	774	779	783
1A_NB	62	d	707	718	722	731	737	741	745	750	753	759	763	766	776	780	/
1A_NB	63	a	712	724	727	736	741	745	750	754	757	763	767	770	779	784	789
1A_NB	63	d	714	725	728	737	742	747	751	755	758	764	768	771	781	786	/
1A_NB	64	a	723	733	736	745	750	754	759	764	768	775	779	784	793	798	802
1A_NB	64	d	725	734	738	746	752	756	761	766	770	777	781	786	795	799	/
2A_NB	1	a	4	8	14	18	22	28	33	36	45	49	55	57	59	63	69	71	75	79
2A_NB	1	d	5	9	15	19	23	30	34	37	46	51	56	58	60	64	70	72	76	/
2A_NB	2	a	28	31	37	41	44	49	52	56	64	67	72	75	78	81	86	88	92	97
2A_NB	2	d	29	32	38	42	45	50	53	57	65	68	73	76	79	82	87	89	94	/
2A_NB	3	a	50	53	60	64	68	74	77	80	89	92	98	101	104	108	114	116	120	124
2A_NB	3	d	51	55	61	65	69	75	78	81	90	93	100	102	105	109	115	117	121	/
2A_NB	4	a	59	62	68	73	77	82	85	88	97	100	106	109	112	116	123	125	129	133
2A_NB	4	d	60	63	70	75	78	83	86	90	98	101	108	110	113	118	124	126	130	/
2A_NB	5	a	68	71	77	80	83	88	93	97	105	109	114	116	120	123	131	134	138	141
2A_NB	5	d	69	72	78	81	84	90	94	98	106	110	115	118	121	125	133	135	139	/
2A_NB	6	a	91	94	100	104	108	113	117	121	129	133	139	143	147	151	158	160	163	166
2A_NB	6	d	92	95	101	105	109	114	119	123	130	134	141	145	148	152	159	161	164	/
2A_NB	7	a	100	103	109	113	118	125	130	135	145	150	156	159	162	166	172	174	178	182
2A_NB	7	d	101	105	111	115	120	127	132	137	147	152	157	160	163	167	173	175	180	/
2A_NB	8	a	107	111	116	119	124	131	136	140	150	155	161	164	167	172	178	180	184	188
2A_NB	8	d	108	112	117	121	126	133	138	142	152	157	162	166	169	173	179	182	186	/
2A_NB	9	a	130	134	141	145	150	156	160	164	173	177	183	186	189	193	199	201	205	208
2A_NB	9	d	131	136	142	147	151	158	162	165	174	178	184	187	190	194	200	202	206	/
2A_NB	10	a	138	142	149	152	155	161	165	169	179	184	189	193	196	200	206	209	212	215
2A_NB	10	d	139	144	150	153	156	163	167	171	181	185	191	194	197	201	208	210	213	/
2A_NB	11	a	156	159	166	170	174	180	185	189	198	202	208	212	215	219	224	226	230	233
2A_NB	11	d	157	161	168	172	176	182	186	190	199	204	210	213	216	220	225	227	231	/
2A_NB	12	a	164	167	174	178	181	188	192	197	205	209	214	217	220	224	229	232	237	241
2A_NB	12	d	165	169	176	179	183	189	194	198	206	210	215	218	221	225	231	234	239	/
2A_NB	13	a	169	172	179	183	187	194	197	201	210	215	221	224	227	232	237	239	243	246
2A_NB	13	d	170	174	181	185	189	195	199	203	212	217	222	225	229	233	238	240	244	/
2A_NB	14	a	175	178	184	188	192	199	203	207	216	220	226	230	233	238	243	245	249	252
2A_NB	14	d	176	180	186	190	194	201	205	209	217	222	228	231	235	239	244	246	250	/
2A_NB	15	a	182	185	190	193	198	205	208	213	221	226	232	236	239	243	249	251	255	260
2A_NB	15	d	183	186	191	195	200	206	210	214	223	228	234	237	240	244	250	252	257	/
2A_NB	16	a	197	200	205	208	213	219	223	227	238	243	248	251	254	258	263	265	268	273
2A_NB	16	d	198	202	206	210	214	220	225	229	240	244	249	252	255	259	264	266	270	/
2A_NB	17	a	216	219	225	230	234	239	243	246	254	259	265	268	271	274	279	282	285	289
2A_NB	17	d	217	221	227	232	235	241	244	247	256	260	266	270	272	275	280	283	286	/
2A_NB	18	a	227	230	237	242	245	250	254	258	269	273	278	280	283	286	292	294	299	303
2A_NB	18	d	228	232	239	243	246	252	256	260	270	274	279	282	284	287	293	296	300	/
2A_NB	19	a	233	236	243	247	250	255	260	263	274	278	283	286	289	292	298	300	303	308
2A_NB	19	d	234	238	245	248	251	257	261	265	275	279	285	288	290	293	299	301	305	/
2A_NB	20	a	250	253	260	263	267	274	279	283	293	297	304	306	309	313	319	321	325	330
2A_NB	20	d	251	255	261	264	269	276	281	285	295	299	305	307	310	315	320	322	327	/
2A_NB	21	a	270	273	279	283	288	294	299	303	313	317	322	325	329	333	340	343	347	351
2A_NB	21	d	271	275	281	285	290	296	301	305	315	318	323	327	330	335	342	345	348	/
2A_NB	22	a	282	285	291	296	301	308	313	318	329	333	338	341	344	347	354	358	361	366
2A_NB	22	d	283	287	293	298	303	310	315	320	330	334	339	342	345	348	356	359	363	/
2A_NB	23	a	297	301	307	310	313	319	323	328	339	343	348	350	352	355	362	364	368	372
2A_NB	23	d	298	302	308	311	314	320	325	330	340	344	349	351	353	356	363	365	369	/
2A_NB	24	a	324	327	333	338	342	348	352	356	365	368	373	375	379	383	390	393	397	402
2A_NB	24	d	325	328	335	339	343	349	353	357	366	369	374	377	381	385	392	394	399	/
2A_NB	25	a	349	352	359	364	367	373	377	381	389	392	399	403	406	411	418	421	424	428
2A_NB	25	d	350	354	361	365	369	375	379	383	390	394	401	405	408	413	420	422	425	/
2A_NB	26	a	361	364	369	373	376	382	385	388	396	400	406	409	412	417	424	427	430	434
2A_NB	26	d	362	365	370	374	377	383	386	390	398	401	408	411	414	419	426	428	431	/
2A_NB	27	a	379	383	388	391	396	403	407	410	418	421	427	431	433	437	442	444	449	453
2A_NB	27	d	380	384	389	393	397	404	408	411	419	423	429	432	434	438	443	446	450	/
2A_NB	28	a	403	407	414	418	421	428	432	436	444	448	454	457	461	464	471	473	477	482
2A_NB	28	d	404	409	416	419	423	430	434	438	446	450	456	459	462	466	472	474	479	/
2A_NB	29	a	433	436	441	445	450	456	460	464	473	478	485	488	490	495	500	502	506	511
2A_NB	29	d	434	437	443	447	452	458	462	466	475	480	486	489	492	496	501	504	508	/
2A_NB	30	a	460	463	469	474	478	485	490	493	503	508	515	518	521	525	530	533	537	541
2A_NB	30	d	461	465	471	476	480	487	491	495	505	510	516	519	522	526	531	534	538	/
2A_NB	31	a	476	479	485	489	494	499	503	507	517	522	528	531	533	537	542	545	548	552
2A_NB	31	d	477	481	487	491	495	500	505	509	519	523	529	532	534	538	544	546	549	/
2A_NB	32	a	490	493	499	502	505	510	515	519	529	533	538	541	544	548	553	557	561	566
2A_NB	32	d	491	495	500	503	506	512	517	521	531	534	540	542	545	549	555	559	563	/
2A_NB	33	a	496	499	504	508	513	520	525	530	538	543	548	550	553	557	563	567	571	575
2A_NB	33	d	497	500	506	510	515	522	527	532	540	545	549	551	554	559	565	569	573	/
2A_NB	34	a	521	525	530	533	538	545	549	553	563	567	572	574	576	580	585	588	592	596
2A_NB	34	d	522	526	531	535	540	547	551	555	564	568	573	575	577	581	586	589	593	/
2A_NB	35	a	526	529	535	539	543	550	554	558	568	572	577	579	581	585	590	593	597	601
2A_NB	35	d	527	531	537	541	545	552	556	560	569	573	578	580	582	586	591	594	598	/
2A_NB	36	a	531	534	540	544	548	555	560	563	573	577	582	584	586	590	595	598	602	605
2A_NB	36	d	532	536	542	546	550	557	561	565	574	578	583	585	587	591	596	599	603	/
2A_NB	37	a	536	539	546	549	553	560	565	568	578	582	587	589	591	595	601	603	607	610
2A_NB	37	d	537	541	547	551	555	562	566	570	579	583	588	590	592	597	602	604	608	/
2A_NB	38	a	541	545	551	554	558	565	570	573	583	587	592	594	596	600	606	608	612	615
2A_NB	38	d	542	546	552	556	560	567	571	575	584	588	593	595	597	602	607	609	613	/
2A_NB	39	a	546	550	556	560	563	570	575	579	588	592	597	599	602	606	611	613	617	621
2A_NB	39	d	547	551	557	561	565	572	577	580	589	593	598	600	603	607	612	614	618	/
2A_NB	40	a	551	555	560	565	568	575	580	584	592	597	602	604	607	611	616	619	622	626
2A_NB	40	d	552	556	562	566	570	577	582	586	594	598	603	605	608	612	617	620	623	/
2A_NB	41	a	556	560	565	570	573	580	585	589	597	602	607	609	612	616	623	626	629	634
2A_NB	41	d	557	561	567	571	575	582	587	591	599	603	608	610	613	618	624	627	631	/
2A_NB	42	a	561	565	570	574	578	585	590	594	602	607	612	614	617	621	628	631	635	639
2A_NB	42	d	562	566	572	576	580	587	592	596	604	608	613	615	619	623	629	632	636	/
2A_NB	43	a	567	571	577	581	584	590	595	599	608	612	617	620	624	627	633	635	640	644
2A_NB	43	d	568	573	579	582	586	592	597	601	609	613	619	622	625	628	634	637	641	/
2A_NB	44	a	574	578	583	586	590	595	600	604	613	617	623	625	629	632	638	640	645	648
2A_NB	44	d	575	579	584	587	591	597	602	606	614	618	624	627	630	633	639	642	646	/
2A_NB	45	a	579	583	588	592	596	602	605	609	618	622	629	631	634	637	643	645	649	653
2A_NB	45	d	580	584	589	593	598	603	607	611	620	624	630	632	635	638	644	647	651	/
2A_NB	46	a	584	588	594	599	603	609	613	617	627	631	636	638	641	644	649	651	654	658
2A_NB	46	d	585	590	596	601	605	611	615	619	629	632	637	639	642	645	650	652	656	/
2A_NB	47	a	590	594	600	604	608	614	619	622	632	636	641	643	646	650	655	658	661	664
2A_NB	47	d	591	596	602	606	610	616	620	624	634	637	642	644	647	651	657	659	662	/
2A_NB	48	a	595	599	605	609	613	620	624	628	637	641	646	649	652	656	661	663	666	669
2A_NB	48	d	596	601	607	611	615	621	626	629	639	642	647	650	653	657	662	664	667	/
2A_NB	49	a	600	604	610	614	619	625	629	633	642	646	651	654	657	661	666	668	671	674
2A_NB	49	d	601	606	612	616	620	626	631	635	644	647	652	655	658	662	667	669	672	/
2A_NB	50	a	606	610	615	620	624	630	635	638	647	651	656	659	661	666	671	673	676	679
2A_NB	50	d	607	611	617	621	625	632	636	640	649	652	657	660	663	667	672	674	677	/
2A_NB	51	a	611	615	620	625	629	636	640	644	652	656	661	663	666	671	676	678	682	685
2A_NB	51	d	612	616	622	626	630	637	642	646	654	657	662	665	668	672	677	679	683	/
2A_NB	52	a	616	620	625	630	633	641	645	649	657	661	666	668	671	676	682	684	688	691
2A_NB	52	d	617	621	627	631	635	642	647	651	659	662	667	670	673	677	683	685	689	/
2A_NB	53	a	621	625	631	635	638	646	651	654	662	666	671	673	677	681	687	689	693	697
2A_NB	53	d	622	627	632	636	640	648	652	656	664	667	672	675	678	682	688	690	694	/
2A_NB	54	a	626	630	637	642	645	651	656	659	667	671	676	679	682	686	692	696	700	704
2A_NB	54	d	627	632	639	643	647	653	657	661	669	672	677	680	683	687	694	697	701	/
2A_NB	55	a	634	638	644	648	653	659	664	668	676	681	686	689	691	695	701	704	707	711
2A_NB	55	d	635	639	645	650	655	661	666	670	678	682	687	690	692	696	702	705	708	/
2A_NB	56	a	639	643	649	653	658	665	669	673	682	686	691	693	696	700	707	709	713	717
2A_NB	56	d	640	644	650	655	660	666	671	675	683	687	692	695	697	702	708	711	714	/
2A_NB	57	a	644	648	655	659	663	670	674	678	687	691	697	699	701	706	713	715	718	723
2A_NB	57	d	645	650	656	660	665	671	676	680	688	692	698	700	703	708	714	716	720	/
2A_NB	58	a	649	653	660	664	668	675	679	683	692	695	702	704	707	712	718	721	725	730
2A_NB	58	d	650	655	662	665	670	677	681	685	693	697	703	705	709	713	720	723	727	/
2A_NB	59	a	655	659	665	669	674	681	684	688	696	700	707	709	712	717	723	726	730	735
2A_NB	59	d	656	661	667	671	675	682	686	690	698	702	708	710	714	718	725	728	732	/
2A_NB	60	a	660	664	670	674	679	687	691	695	703	707	712	714	717	722	729	731	735	740
2A_NB	60	d	661	666	672	676	681	689	693	697	705	708	713	715	719	723	730	733	737	/
2A_NB	61	a	666	670	676	680	684	692	696	700	708	712	718	720	722	726	734	736	741	745
2A_NB	61	d	667	672	678	681	686	694	698	702	710	714	719	721	724	728	735	738	742	/
2A_NB	62	a	671	675	681	685	690	697	701	705	715	718	723	725	727	731	739	741	746	750
2A_NB	62	d	672	677	683	687	692	699	703	707	716	719	724	726	729	733	740	743	747	/
2A_NB	63	a	679	682	688	692	696	702	706	711	720	723	728	730	733	738	743	746	751	755
2A_NB	63	d	680	684	690	694	697	704	708	712	721	724	729	732	735	739	745	748	752	/
2A_NB	64	a	684	687	693	697	701	708	712	716	725	728	733	735	738	743	749	751	756	761
2A_NB	64	d	685	689	695	699	703	709	713	717	726	729	734	737	740	745	750	753	758	/
2A_SB	1	a	4	7	11	14	20	22	27	31	34	40	43	48	52	56	61	65	69	72
2A_SB	1	d	5	9	12	15	21	24	28	32	35	41	44	50	53	57	63	66	70	/
2A_SB	2	a	29	33	36	39	45	47	51	55	58	65	69	75	79	83	89	92	96	99
2A_SB	2	d	30	34	37	40	46	49	52	56	60	66	70	76	80	84	90	93	97	/
2A_SB	3	a	46	50	53	56	61	63	66	70	74	79	82	88	92	96	102	105	109	112
2A_SB	3	d	48	51	54	57	62	64	67	72	75	80	83	89	93	97	103	106	110	/
2A_SB	4	a	51	55	59	63	69	72	76	79	83	89	93	100	105	108	113	117	122	125
2A_SB	4	d	53	57	61	65	71	74	77	80	85	91	95	102	106	109	114	119	123	/
2A_SB	5	a	63	68	72	76	82	85	89	94	97	101	105	111	114	117	122	125	129	132
2A_SB	5	d	65	70	74	78	83	86	91	95	98	103	106	112	115	118	123	126	130	/
2A_SB	6	a	86	90	94	97	102	105	108	112	115	120	124	130	134	138	143	148	152	155
2A_SB	6	d	88	92	95	98	103	106	110	113	116	121	125	131	135	139	145	149	153	/
2A_SB	7	a	96	100	104	109	115	118	123	127	130	135	139	144	147	151	156	160	163	166
2A_SB	7	d	98	102	106	111	116	120	124	128	131	136	140	145	148	152	157	161	164	/
2A_SB	8	a	116	121	125	129	135	137	142	146	149	155	159	164	168	172	178	182	185	189
2A_SB	8	d	118	123	126	130	136	139	143	147	150	156	160	165	169	173	179	183	186	/
2A_SB	9	a	122	127	131	135	141	144	149	154	158	164	167	172	176	180	186	190	193	198
2A_SB	9	d	124	129	132	137	143	146	151	155	159	165	168	173	177	181	187	191	195	/
2A_SB	10	a	143	147	150	155	161	165	169	173	176	181	184	191	195	199	205	208	211	215
2A_SB	10	d	145	149	152	157	163	167	171	174	177	182	185	192	196	200	206	209	212	/
2A_SB	11	a	159	164	168	171	176	179	182	185	189	194	198	203	207	211	217	220	223	227
2A_SB	11	d	161	166	169	172	177	180	183	186	190	195	199	204	208	212	218	221	225	/
2A_SB	12	a	177	182	184	187	193	196	199	202	205	212	216	222	226	231	238	241	244	247
2A_SB	12	d	179	183	185	188	194	197	200	203	206	213	217	223	227	232	239	242	245	/
2A_SB	13	a	183	188	191	195	202	205	209	213	216	223	228	233	236	241	246	249	252	255
2A_SB	13	d	185	190	193	197	203	207	211	214	218	225	229	234	237	242	247	250	253	/
2A_SB	14	a	210	216	219	224	229	232	236	239	242	247	250	256	260	263	269	272	276	279
2A_SB	14	d	212	217	221	225	230	233	237	240	243	248	251	257	261	264	270	273	277	/
2A_SB	15	a	226	231	234	238	245	247	251	255	259	264	268	273	276	280	286	289	293	296
2A_SB	15	d	228	232	235	240	246	248	252	256	260	265	269	274	277	281	287	290	294	/
2A_SB	16	a	240	245	249	253	259	262	265	268	272	277	281	286	290	293	298	301	304	309
2A_SB	16	d	242	247	250	254	260	263	266	269	273	279	282	287	291	294	299	302	306	/
2A_SB	17	a	256	260	264	268	273	276	280	284	287	293	297	302	306	310	316	320	324	327
2A_SB	17	d	258	262	266	269	274	277	281	285	288	294	298	303	307	311	317	321	325	/
2A_SB	18	a	262	266	269	274	281	285	290	295	299	305	309	316	319	323	329	333	338	342
2A_SB	18	d	264	267	271	276	283	287	292	297	301	307	311	317	320	324	330	335	340	/
2A_SB	19	a	283	288	290	294	300	303	308	313	317	322	325	330	334	338	345	350	353	356
2A_SB	19	d	285	289	291	295	302	305	310	315	318	323	326	331	336	340	347	351	354	/
2A_SB	20	a	301	306	309	312	317	320	324	328	331	336	339	344	348	351	358	362	365	368
2A_SB	20	d	303	307	310	313	318	321	325	329	332	337	340	345	349	352	359	363	366	/
2A_SB	21	a	314	319	321	325	330	333	336	339	342	347	350	355	359	362	368	372	375	378
2A_SB	21	d	316	320	323	326	332	334	337	340	343	348	351	356	360	363	369	373	376	/
2A_SB	22	a	330	334	337	340	345	348	352	355	359	365	368	374	377	381	387	391	395	398
2A_SB	22	d	332	335	338	341	346	349	353	356	360	366	369	375	378	382	388	392	396	/
2A_SB	23	a	347	352	355	358	365	368	372	376	379	384	388	393	396	399	405	408	412	416
2A_SB	23	d	349	353	356	360	366	369	373	377	380	385	389	394	397	400	406	409	414	/
2A_SB	24	a	360	365	368	371	377	379	383	386	389	394	398	403	406	411	417	420	424	427
2A_SB	24	d	362	367	369	372	378	380	384	387	390	395	399	404	408	412	418	421	425	/
2A_SB	25	a	376	381	384	389	394	396	399	403	406	412	416	422	425	429	435	438	442	445
2A_SB	25	d	378	383	386	390	395	397	400	404	407	413	417	423	426	430	436	439	443	/
2A_SB	26	a	387	392	394	398	403	405	409	413	416	422	426	431	434	438	443	446	451	455
2A_SB	26	d	389	393	395	399	404	407	411	414	417	423	427	432	435	439	444	448	453	/
2A_SB	27	a	403	407	411	415	420	422	425	429	432	437	440	446	450	454	459	462	466	469
2A_SB	27	d	405	409	412	416	421	423	426	430	433	438	441	447	451	455	460	463	467	/
2A_SB	28	a	417	421	423	426	431	433	436	439	442	448	451	456	460	464	470	474	478	481
2A_SB	28	d	419	422	424	427	432	434	437	440	443	449	452	457	461	465	472	475	479	/
2A_SB	29	a	424	428	431	435	442	445	449	453	456	461	464	469	473	477	483	486	489	492
2A_SB	29	d	426	430	433	437	444	447	451	454	457	462	465	470	474	478	484	487	490	/
2A_SB	30	a	447	451	453	456	461	463	466	470	474	480	483	488	491	495	501	504	507	511
2A_SB	30	d	449	452	454	457	462	464	467	471	475	481	484	489	492	496	502	505	508	/
2A_SB	31	a	456	461	464	469	475	478	483	487	490	496	499	505	509	513	519	522	525	528
2A_SB	31	d	458	463	466	471	476	480	484	488	491	497	500	506	510	514	520	523	526	/
2A_SB	32	a	476	481	485	489	494	497	501	505	508	514	518	524	528	532	539	542	546	549
2A_SB	32	d	478	483	486	490	495	498	502	506	509	515	519	525	529	534	540	543	547	/
2A_SB	33	a	481	486	490	494	499	502	506	511	515	522	527	533	538	542	548	551	555	559
2A_SB	33	d	483	488	491	495	500	503	508	513	517	524	529	535	540	543	549	552	557	/
2A_SB	34	a	505	509	512	516	522	525	529	533	536	542	545	550	553	556	561	564	568	573
2A_SB	34	d	507	510	514	518	524	527	531	534	537	543	546	551	554	557	562	565	570	/
2A_SB	35	a	523	527	531	534	539	542	545	548	552	557	560	564	567	571	576	579	583	587
2A_SB	35	d	525	529	532	535	540	543	546	549	553	558	561	565	568	572	577	580	585	/
2A_SB	36	a	537	541	544	548	554	556	559	562	565	571	575	580	583	587	592	595	599	602
2A_SB	36	d	539	542	545	549	555	557	560	563	566	572	576	581	584	588	593	596	600	/
2A_SB	37	a	542	546	549	553	559	561	564	567	570	575	580	585	588	592	597	601	605	609
2A_SB	37	d	544	547	550	554	560	562	565	568	571	577	581	586	589	593	599	603	607	/
2A_SB	38	a	547	551	554	557	563	566	569	572	576	581	585	590	593	597	602	606	610	614
2A_SB	38	d	549	552	555	559	565	567	570	573	577	582	586	591	594	598	604	608	612	/
2A_SB	39	a	552	556	558	562	568	572	576	579	583	588	592	597	600	604	610	613	616	619
2A_SB	39	d	554	557	560	564	570	573	577	580	584	589	593	598	601	605	611	614	617	/
2A_SB	40	a	557	562	564	567	573	577	581	584	587	593	597	602	605	609	615	619	622	626
2A_SB	40	d	559	563	565	569	575	578	582	585	589	594	598	603	606	610	617	620	624	/
2A_SB	41	a	562	567	569	572	579	582	586	590	593	598	602	608	611	615	622	625	628	632
2A_SB	41	d	564	568	570	574	580	583	587	591	594	599	603	609	612	616	623	626	630	/
2A_SB	42	a	567	572	574	577	584	587	591	595	598	603	607	613	616	620	627	630	634	637
2A_SB	42	d	569	573	575	579	585	588	592	596	599	605	608	614	617	621	628	631	635	/
2A_SB	43	a	572	577	579	582	589	592	596	600	603	609	612	618	621	625	632	635	639	642
2A_SB	43	d	574	578	580	584	590	593	597	601	604	610	613	619	622	626	633	636	640	/
2A_SB	44	a	577	582	584	587	594	597	601	604	608	614	618	623	626	630	636	640	644	647
2A_SB	44	d	579	583	585	589	595	598	602	606	609	615	619	624	627	631	638	641	645	/
2A_SB	45	a	582	587	589	592	599	601	605	609	613	619	623	628	631	635	641	645	648	652
2A_SB	45	d	584	588	590	594	600	603	607	611	614	620	624	629	632	636	643	646	650	/
2A_SB	46	a	587	592	594	597	604	606	610	614	619	624	628	633	637	641	647	651	654	657
2A_SB	46	d	589	593	595	599	605	608	612	616	620	625	629	634	638	642	649	652	655	/
2A_SB	47	a	592	597	599	602	608	611	615	619	624	629	633	638	642	646	653	656	659	664
2A_SB	47	d	594	598	600	604	610	613	617	621	625	631	634	639	643	647	654	657	661	/
2A_SB	48	a	597	602	604	607	613	616	620	624	629	635	638	643	647	651	658	661	665	669
2A_SB	48	d	599	603	605	609	615	618	622	626	630	636	639	645	648	652	659	662	666	/
2A_SB	49	a	602	606	609	612	618	621	625	629	634	640	643	648	652	656	663	666	670	674
2A_SB	49	d	604	608	610	614	620	623	627	631	635	641	644	650	653	657	664	667	671	/
2A_SB	50	a	607	611	614	617	624	626	630	634	639	645	648	653	657	661	667	671	675	678
2A_SB	50	d	609	613	615	619	625	628	632	636	640	646	649	655	658	663	669	672	676	/
2A_SB	51	a	612	616	619	623	629	632	636	639	644	650	653	659	664	667	672	676	679	683
2A_SB	51	d	614	618	621	624	630	633	637	641	645	651	655	661	665	668	674	677	681	/
2A_SB	52	a	617	621	624	628	634	637	641	645	649	655	658	665	669	672	677	681	684	688
2A_SB	52	d	619	623	626	629	635	638	643	646	650	656	660	666	670	673	679	682	686	/
2A_SB	53	a	622	626	629	633	638	642	647	650	654	660	664	670	674	678	684	687	691	696
2A_SB	53	d	624	628	631	635	640	644	648	651	655	661	665	671	675	679	685	689	693	/
2A_SB	54	a	627	631	635	639	644	648	652	656	661	667	671	677	680	684	690	694	698	702
2A_SB	54	d	629	633	637	641	646	650	654	658	662	668	672	678	681	685	692	695	699	/
2A_SB	55	a	633	638	641	644	650	654	657	661	665	672	676	682	685	689	695	699	703	707
2A_SB	55	d	635	639	642	646	652	655	659	663	667	673	677	683	686	690	697	700	704	/
2A_SB	56	a	641	646	649	652	657	660	664	668	671	678	682	688	691	695	701	705	710	714
2A_SB	56	d	643	647	650	653	658	661	666	669	673	679	683	689	692	696	703	707	711	/
2A_SB	57	a	650	655	659	663	670	673	678	683	688	693	697	703	707	712	718	722	725	729
2A_SB	57	d	652	657	661	665	672	675	680	685	689	695	699	705	709	713	720	723	726	/
2A_SB	58	a	663	667	670	674	681	684	689	694	699	704	708	714	718	723	729	732	735	739
2A_SB	58	d	665	669	672	676	683	686	691	696	700	706	710	716	720	724	730	733	736	/
2A_SB	59	a	669	673	677	680	687	690	694	699	704	711	715	720	724	728	734	737	740	744
2A_SB	59	d	671	675	678	682	689	692	696	701	706	713	716	721	725	729	735	738	741	/
2A_SB	60	a	674	678	682	686	693	696	700	705	709	716	720	726	730	734	740	743	746	750
2A_SB	60	d	676	680	684	688	694	698	702	707	711	718	721	727	731	735	741	744	747	/
2A_SB	61	a	680	684	688	692	698	702	706	710	714	721	725	731	735	739	745	748	751	754
2A_SB	61	d	682	686	690	694	700	704	708	712	716	723	726	732	736	740	746	749	752	/
2A_SB	62	a	686	690	694	698	704	707	712	716	719	726	730	736	739	744	750	753	757	760
2A_SB	62	d	688	692	696	700	706	709	714	717	721	728	731	737	741	745	751	754	758	/
2A_SB	63	a	694	699	702	705	712	714	718	721	725	731	735	741	744	749	755	758	762	765
2A_SB	63	d	696	700	703	707	713	715	719	723	726	733	737	742	746	750	756	759	763	/
2A_SB	64	a	703	708	711	716	723	726	729	732	736	743	747	752	756	760	767	770	774	779
2A_SB	64	d	705	710	713	718	724	727	730	734	737	744	748	753	757	762	768	772	776	/
3A_SB	1	a	4	9	13	19	22	26	30	34	38	41	44	48	53	57	61	67	70
3A_SB	1	d	5	10	14	20	23	27	31	36	39	42	46	50	55	59	63	68	/
3A_SB	2	a	29	34	37	43	48	52	56	60	63	67	71	74	80	84	88	93	96
3A_SB	2	d	30	35	38	45	49	53	57	61	65	68	73	76	81	85	89	94	/
3A_SB	3	a	34	39	43	49	53	57	62	66	70	74	79	82	87	91	95	100	103
3A_SB	3	d	35	41	44	50	54	59	64	68	72	76	80	83	88	92	96	101	/
3A_SB	4	a	44	49	54	61	65	69	73	76	80	84	88	91	96	100	104	110	114
3A_SB	4	d	45	51	56	63	67	70	74	77	81	85	89	92	97	101	105	111	/
3A_SB	5	a	57	62	67	73	76	80	85	88	93	97	101	104	109	113	117	123	126
3A_SB	5	d	58	64	68	74	77	82	86	90	95	99	102	105	110	114	118	124	/
3A_SB	6	a	74	79	82	88	93	96	101	106	110	115	120	123	128	132	136	141	145
3A_SB	6	d	75	80	83	90	94	98	103	108	112	117	121	124	129	133	137	142	/
3A_SB	7	a	88	93	96	102	107	111	115	120	125	130	135	137	141	144	148	153	156
3A_SB	7	d	89	94	98	104	109	113	117	122	127	132	136	138	142	145	149	154	/
3A_SB	8	a	107	114	117	123	127	132	136	141	145	149	153	156	160	164	167	173	177
3A_SB	8	d	108	115	118	124	129	134	138	143	147	151	154	157	161	165	168	174	/
3A_SB	9	a	116	123	127	133	137	142	146	151	156	160	164	168	173	178	183	189	193
3A_SB	9	d	117	124	128	134	139	144	148	153	157	162	166	170	175	180	184	191	/
3A_SB	10	a	145	150	155	161	165	169	174	179	184	189	193	196	200	204	208	213	216
3A_SB	10	d	146	152	157	163	167	171	176	181	186	191	194	197	201	205	209	214	/
3A_SB	11	a	163	168	172	179	183	187	191	196	201	205	209	212	217	221	225	231	235
3A_SB	11	d	164	169	174	181	184	189	193	198	203	207	210	213	218	222	226	232	/
3A_SB	12	a	171	177	181	188	192	197	202	206	211	216	221	224	229	233	237	243	246
3A_SB	12	d	172	178	183	190	194	199	203	208	213	218	222	225	230	234	238	244	/
3A_SB	13	a	182	188	191	197	201	205	209	214	218	223	228	231	236	241	245	252	255
3A_SB	13	d	183	189	192	198	202	206	211	216	220	225	230	232	238	242	247	253	/
3A_SB	14	a	205	210	213	219	222	225	230	234	238	243	246	249	254	257	261	267	270
3A_SB	14	d	206	211	215	220	223	227	232	236	240	244	247	250	255	258	262	268	/
3A_SB	15	a	222	227	231	237	240	244	248	252	255	259	263	265	269	272	275	281	285
3A_SB	15	d	223	228	232	238	241	245	249	253	256	261	264	266	270	273	276	282	/
3A_SB	16	a	229	234	238	244	248	253	258	263	267	272	277	280	285	288	291	297	301
3A_SB	16	d	230	235	240	246	250	255	260	265	269	274	278	281	286	289	292	298	/
3A_SB	17	a	253	258	261	266	270	273	276	280	283	287	291	294	299	302	306	313	317
3A_SB	17	d	254	259	262	268	271	274	277	281	285	289	292	295	300	303	308	315	/
3A_SB	18	a	269	274	277	282	285	289	292	296	299	303	307	310	314	318	323	328	331
3A_SB	18	d	270	275	278	283	286	290	293	297	300	304	308	311	315	320	324	329	/
3A_SB	19	a	281	286	291	298	303	306	310	314	318	322	325	328	333	336	340	344	347
3A_SB	19	d	282	288	293	300	304	307	311	315	319	323	326	329	334	337	341	345	/
3A_SB	20	a	297	302	306	312	317	321	325	329	332	335	338	341	346	350	354	359	362
3A_SB	20	d	298	304	308	314	318	322	326	330	333	336	339	342	347	351	355	360	/
3A_SB	21	a	306	311	315	321	325	329	333	337	340	343	346	348	352	356	360	365	369
3A_SB	21	d	307	313	317	323	326	330	335	338	341	344	347	349	353	357	361	367	/
3A_SB	22	a	321	326	331	336	339	344	348	351	356	359	363	365	369	373	376	382	385
3A_SB	22	d	322	328	332	337	341	346	349	353	357	361	364	366	370	374	377	383	/
3A_SB	23	a	341	346	351	356	360	364	368	371	375	379	383	386	390	393	397	402	406
3A_SB	23	d	342	348	352	358	361	365	369	372	377	381	384	387	391	394	398	403	/
3A_SB	24	a	348	353	357	362	365	370	375	380	385	389	393	396	400	403	407	413	416
3A_SB	24	d	349	354	358	363	367	372	377	382	387	391	394	397	401	404	408	414	/
3A_SB	25	a	375	381	385	391	396	400	404	408	411	415	419	421	426	429	433	439	443
3A_SB	25	d	376	383	387	393	397	401	405	409	412	416	420	422	427	430	434	440	/
3A_SB	26	a	381	387	390	397	401	405	408	413	416	420	424	426	431	434	439	445	450
3A_SB	26	d	382	388	392	398	402	406	410	414	417	421	425	427	432	436	441	447	/
3A_SB	27	a	401	407	412	419	423	427	430	434	438	442	447	450	454	457	461	466	469
3A_SB	27	d	402	409	414	420	424	428	432	436	440	444	448	451	455	458	462	467	/
3A_SB	28	a	412	418	422	429	434	438	442	447	451	456	460	463	467	470	474	480	484
3A_SB	28	d	413	419	424	431	435	440	444	449	453	458	461	464	468	471	475	481	/
3A_SB	29	a	423	428	432	438	442	447	450	453	457	461	465	468	473	477	482	487	492
3A_SB	29	d	424	430	433	440	444	448	451	455	458	463	466	469	475	479	483	489	/
3A_SB	30	a	432	437	442	448	453	458	462	466	470	474	479	482	486	490	493	498	503
3A_SB	30	d	433	439	444	450	455	459	464	468	472	476	480	483	487	491	494	500	/
3A_SB	31	a	449	454	458	464	467	472	477	481	485	490	495	498	502	505	509	514	517
3A_SB	31	d	450	455	459	465	469	474	479	482	487	492	496	499	503	506	510	515	/
3A_SB	32	a	467	473	478	484	488	491	495	499	503	508	512	514	518	522	525	530	534
3A_SB	32	d	468	475	480	486	489	492	497	501	505	510	513	515	519	523	526	531	/
3A_SB	33	a	477	483	487	493	496	501	505	508	511	515	519	521	525	529	533	538	542
3A_SB	33	d	478	484	489	494	498	503	506	509	513	517	520	522	526	530	534	540	/
3A_SB	34	a	498	504	508	514	517	521	525	529	532	536	541	544	548	552	555	560	563
3A_SB	34	d	499	505	510	515	518	522	526	530	534	538	542	545	549	553	556	561	/
3A_SB	35	a	519	525	530	536	539	543	547	551	554	558	562	564	568	571	575	580	583
3A_SB	35	d	520	526	531	537	540	544	548	552	555	559	563	565	569	572	576	581	/
3A_SB	36	a	529	535	540	546	551	555	558	561	564	568	572	574	579	583	587	592	597
3A_SB	36	d	530	536	542	548	552	556	559	562	565	570	573	575	580	584	588	594	/
3A_SB	37	a	534	540	545	551	556	559	563	566	569	574	577	579	584	588	592	597	602
3A_SB	37	d	535	542	547	553	557	561	564	567	571	575	578	580	585	589	593	599	/
3A_SB	38	a	540	545	550	556	561	564	568	571	575	579	582	585	590	594	598	603	606
3A_SB	38	d	541	547	552	558	562	566	569	572	576	580	584	586	591	595	599	604	/
3A_SB	39	a	545	550	555	561	566	569	574	577	581	585	588	590	595	599	603	608	611
3A_SB	39	d	546	552	557	563	567	571	575	578	582	586	589	591	596	600	604	609	/
3A_SB	40	a	550	555	560	566	571	574	579	582	586	590	593	595	600	603	608	613	616
3A_SB	40	d	551	557	562	568	572	576	580	583	587	591	594	596	601	605	609	614	/
3A_SB	41	a	556	560	565	571	575	579	584	588	591	595	598	600	605	608	613	618	621
3A_SB	41	d	557	562	567	573	577	581	585	589	592	596	599	601	606	610	614	619	/
3A_SB	42	a	561	565	570	577	580	584	589	594	598	603	607	609	614	618	622	626	630
3A_SB	42	d	562	567	572	578	582	586	591	596	600	605	608	610	615	619	623	628	/
3A_SB	43	a	566	570	575	582	585	590	595	599	604	608	612	614	619	623	627	632	636
3A_SB	43	d	567	572	577	583	587	592	596	601	605	610	613	615	620	624	629	633	/
3A_SB	44	a	571	576	580	587	591	595	600	604	609	614	617	620	625	629	633	638	642
3A_SB	44	d	572	577	582	588	592	597	602	606	611	615	618	621	626	630	634	639	/
3A_SB	45	a	576	581	586	592	596	601	606	610	615	619	623	626	632	636	640	645	649
3A_SB	45	d	577	583	587	593	598	603	608	612	617	621	624	628	633	637	641	646	/
3A_SB	46	a	581	586	591	597	602	607	612	616	620	624	628	631	636	641	645	650	654
3A_SB	46	d	582	588	592	599	604	609	614	618	622	626	629	633	638	642	646	651	/
3A_SB	47	a	586	592	596	602	607	612	617	621	625	629	634	637	641	646	650	655	659
3A_SB	47	d	587	593	597	604	609	614	619	623	627	631	635	638	643	647	651	656	/
3A_SB	48	a	591	597	601	607	612	617	622	626	630	635	639	642	646	650	655	660	663
3A_SB	48	d	592	598	602	609	614	619	624	628	632	636	640	643	648	652	656	661	/
3A_SB	49	a	596	602	607	614	618	622	627	631	635	640	644	647	652	655	660	665	668
3A_SB	49	d	597	604	609	616	620	624	629	633	637	641	645	648	653	657	661	666	/
3A_SB	50	a	604	609	614	619	623	627	632	637	640	645	648	652	657	660	664	670	673
3A_SB	50	d	605	611	615	621	625	629	634	638	642	646	650	653	658	662	666	671	/
3A_SB	51	a	609	614	618	624	628	633	637	642	645	650	653	657	662	665	669	675	678
3A_SB	51	d	610	616	620	626	630	635	639	643	647	651	655	658	663	667	671	676	/
3A_SB	52	a	614	619	623	629	633	638	642	647	650	655	658	661	667	670	674	680	683
3A_SB	52	d	615	621	625	631	635	640	644	648	652	656	660	663	668	672	676	681	/
3A_SB	53	a	619	624	628	635	638	643	648	651	655	660	663	666	672	675	680	685	688
3A_SB	53	d	620	626	630	636	640	645	649	653	657	661	665	668	673	677	681	686	/
3A_SB	54	a	624	629	634	640	643	648	653	656	660	665	668	671	677	680	685	690	693
3A_SB	54	d	625	631	635	641	645	650	654	658	662	666	670	673	678	682	686	691	/
3A_SB	55	a	629	634	639	645	649	654	658	661	665	670	673	676	681	685	690	695	698
3A_SB	55	d	630	636	640	646	651	655	659	663	667	671	675	678	683	687	691	696	/
3A_SB	56	a	634	639	644	651	655	659	663	667	670	675	679	681	686	690	695	700	703
3A_SB	56	d	635	641	645	652	656	660	664	668	672	676	680	683	688	692	696	701	/
3A_SB	57	a	640	645	648	656	660	664	668	672	675	680	684	686	691	695	700	705	709
3A_SB	57	d	641	646	650	657	661	665	669	673	677	681	685	688	693	697	701	706	/
3A_SB	58	a	647	653	656	663	667	671	675	678	682	686	690	694	699	703	707	711	716
3A_SB	58	d	648	654	657	664	668	672	676	679	683	687	692	696	701	704	708	713	/
3A_SB	59	a	659	665	668	674	678	681	685	688	692	696	700	703	709	714	718	722	726
3A_SB	59	d	660	666	669	675	679	682	686	689	693	697	701	705	711	715	719	723	/
3A_SB	60	a	664	670	673	679	683	686	690	695	700	704	707	710	715	720	724	728	732
3A_SB	60	d	665	671	674	680	684	687	692	697	701	705	708	711	717	721	725	729	/
3A_SB	61	a	681	687	691	697	701	704	707	710	713	717	720	723	727	731	735	740	743
3A_SB	61	d	682	689	693	698	702	705	708	711	714	718	721	724	728	732	736	741	/
3A_SB	62	a	687	693	697	703	707	710	713	716	719	723	727	730	734	738	742	748	751
3A_SB	62	d	688	695	699	705	708	711	714	717	720	724	728	731	735	739	744	749	/
3A_SB	63	a	694	699	702	708	712	715	718	721	724	728	732	735	740	744	748	753	757
3A_SB	63	d	695	700	704	710	713	716	719	722	725	729	733	736	741	745	749	754	/
3A_SB	64	a	699	704	708	714	717	720	724	728	731	736	739	741	746	750	754	760	764
3A_SB	64	d	700	705	709	715	718	721	725	729	733	737	740	742	747	751	756	761	/
3A_NB	1	a	4	7	11	14	17	21	25	28	33	38	41	44	46	49	52	57	60	65
3A_NB	1	d	5	8	12	15	18	22	26	30	34	39	42	45	47	50	54	58	62	/
3A_NB	2	a	9	12	16	20	23	28	32	36	41	46	50	53	56	60	64	68	73	77
3A_NB	2	d	10	13	17	21	25	30	34	38	42	48	52	55	58	62	65	70	74	/
3A_NB	3	a	35	39	43	48	51	54	58	61	65	71	75	78	80	83	86	89	92	96
3A_NB	3	d	36	41	45	49	52	56	60	62	66	72	76	79	81	84	87	90	93	/
3A_NB	4	a	57	60	64	68	73	78	81	83	87	92	96	98	100	104	108	111	114	117
3A_NB	4	d	58	62	66	70	75	79	82	84	88	93	97	99	101	105	109	112	115	/
3A_NB	5	a	66	69	72	75	79	83	86	88	92	97	102	105	108	111	115	118	123	127
3A_NB	5	d	67	70	73	77	80	84	87	89	93	99	104	106	109	112	116	120	125	/
3A_NB	6	a	91	94	97	101	104	108	112	115	120	126	130	133	136	139	142	146	149	153
3A_NB	6	d	92	95	98	102	106	110	114	117	121	127	131	134	137	140	143	147	151	/
3A_NB	7	a	103	106	110	114	119	123	127	130	134	140	144	146	148	151	154	158	161	164
3A_NB	7	d	104	108	111	116	121	124	129	132	135	141	145	147	149	152	155	159	162	/
3A_NB	8	a	119	122	127	132	136	141	145	149	153	158	162	164	166	169	172	175	178	182
3A_NB	8	d	120	124	129	134	138	143	147	151	154	159	163	165	167	170	173	176	180	/
3A_NB	9	a	125	128	133	138	142	147	151	154	158	163	167	170	172	175	178	181	185	188
3A_NB	9	d	126	130	135	140	144	149	153	156	159	164	168	171	173	176	179	183	186	/
3A_NB	10	a	133	136	140	145	148	152	156	159	163	168	172	176	179	184	188	191	194	198
3A_NB	10	d	134	138	142	146	150	154	158	161	164	169	174	178	181	185	189	192	195	/
3A_NB	11	a	155	159	162	166	169	173	177	180	184	190	194	197	200	205	209	213	216	219
3A_NB	11	d	156	160	164	167	171	175	179	182	186	192	196	199	202	207	210	214	217	/
3A_NB	12	a	180	184	187	191	195	200	203	206	209	215	219	221	223	226	230	234	238	241
3A_NB	12	d	181	185	188	193	197	201	204	207	210	216	220	222	224	227	231	235	239	/
3A_NB	13	a	190	194	197	201	204	209	214	217	220	226	230	234	237	241	246	250	254	259
3A_NB	13	d	191	195	198	202	206	211	216	218	221	227	232	236	239	243	247	251	256	/
3A_NB	14	a	216	219	222	227	231	236	240	243	247	252	256	258	260	264	267	270	273	276
3A_NB	14	d	217	220	224	229	233	238	242	244	248	253	257	259	261	265	268	271	274	/
3A_NB	15	a	233	236	240	244	248	253	257	260	263	269	272	275	278	281	285	288	291	295
3A_NB	15	d	234	237	241	246	250	255	258	261	264	270	273	276	279	282	286	289	292	/
3A_NB	16	a	243	246	250	255	260	265	269	272	276	282	285	288	291	295	298	301	304	307
3A_NB	16	d	244	247	252	257	262	267	271	274	277	283	286	289	292	296	299	302	305	/
3A_NB	17	a	250	253	257	262	267	271	275	277	281	287	291	294	297	301	304	307	310	314
3A_NB	17	d	251	254	259	264	268	273	276	279	282	288	292	295	298	302	305	308	312	/
3A_NB	18	a	273	276	280	283	287	292	296	299	304	309	314	317	320	323	326	329	333	337
3A_NB	18	d	274	277	281	285	289	294	297	301	305	311	315	318	321	324	327	330	334	/
3A_NB	19	a	290	293	297	301	305	310	315	318	322	327	331	334	336	339	343	347	351	354
3A_NB	19	d	291	294	298	303	307	312	317	319	323	328	332	335	337	340	344	349	352	/
3A_NB	20	a	304	308	312	316	320	324	329	332	336	341	345	348	351	354	357	362	367	371
3A_NB	20	d	305	309	313	318	322	326	330	333	337	342	346	349	352	355	359	364	368	/
3A_NB	21	a	318	321	324	328	331	336	339	342	347	353	358	362	365	369	373	376	380	384
3A_NB	21	d	319	322	325	329	333	337	340	344	349	355	360	364	367	371	374	378	381	/
3A_NB	22	a	336	339	342	346	350	353	356	359	363	368	372	375	378	381	384	387	390	394
3A_NB	22	d	337	340	343	348	351	354	357	361	364	369	373	376	379	382	385	388	392	/
3A_NB	23	a	355	358	362	366	370	373	376	379	383	388	391	394	396	399	402	405	408	412
3A_NB	23	d	356	359	364	368	371	374	378	381	384	389	392	395	397	400	403	406	409	/
3A_NB	24	a	360	364	368	372	376	381	386	389	394	400	403	406	408	411	414	418	421	426
3A_NB	24	d	361	366	370	374	378	383	388	391	395	401	404	407	409	412	415	419	423	/
3A_NB	25	a	367	371	374	378	382	386	391	395	399	405	409	411	413	416	419	423	427	431
3A_NB	25	d	368	372	375	379	383	388	393	396	400	406	410	412	414	417	420	425	428	/
3A_NB	26	a	388	391	395	400	404	409	413	416	421	427	431	433	435	439	442	446	450	453
3A_NB	26	d	389	393	397	402	406	411	414	418	422	428	432	434	436	440	443	447	451	/
3A_NB	27	a	414	418	421	426	429	434	439	442	447	453	457	459	461	464	468	472	476	480
3A_NB	27	d	415	419	423	427	431	436	441	444	448	454	458	460	462	465	469	473	477	/
3A_NB	28	a	429	433	437	441	445	448	452	456	461	467	470	473	475	478	482	485	489	493
3A_NB	28	d	430	434	439	443	446	450	454	458	462	468	471	474	476	479	483	486	490	/
3A_NB	29	a	449	452	456	460	464	467	471	474	478	482	485	487	489	493	497	500	504	508
3A_NB	29	d	450	453	457	462	465	469	473	476	479	483	486	488	490	494	498	501	505	/
3A_NB	30	a	464	467	470	474	478	483	487	490	495	501	505	507	510	513	516	519	522	525
3A_NB	30	d	465	468	471	475	480	485	489	492	496	502	506	508	511	514	517	520	523	/
3A_NB	31	a	482	485	489	493	496	501	505	508	512	518	521	524	527	530	533	537	540	544
3A_NB	31	d	483	486	490	494	498	503	507	510	513	519	522	525	528	531	534	538	541	/
3A_NB	32	a	491	494	499	502	505	509	513	515	519	525	528	530	533	536	539	543	547	552
3A_NB	32	d	492	496	500	503	506	511	514	517	520	526	529	531	534	537	540	544	549	/
3A_NB	33	a	506	509	514	519	524	529	533	537	541	546	550	553	555	559	563	567	571	575
3A_NB	33	d	507	511	516	521	526	531	535	538	542	547	551	554	556	560	564	568	572	/
3A_NB	34	a	514	518	522	526	530	534	538	541	546	551	555	558	560	564	568	572	576	580
3A_NB	34	d	515	519	523	528	531	536	540	543	547	552	557	559	561	565	570	573	577	/
3A_NB	35	a	536	540	544	549	554	558	562	565	569	575	579	581	583	586	589	593	597	601
3A_NB	35	d	537	542	546	551	556	560	564	567	570	576	580	582	584	587	590	594	598	/
3A_NB	36	a	542	545	549	554	559	563	567	570	574	580	584	587	589	592	595	600	604	608
3A_NB	36	d	543	547	551	556	561	565	569	572	575	581	585	588	590	593	597	601	605	/
3A_NB	37	a	548	551	555	560	564	568	573	575	579	585	589	592	594	597	600	605	610	615
3A_NB	37	d	549	553	557	561	566	570	574	577	580	586	590	593	595	598	602	607	612	/
3A_NB	38	a	553	556	561	565	569	573	578	580	584	590	594	597	599	603	607	611	616	620
3A_NB	38	d	554	558	562	566	571	575	579	582	585	591	595	598	600	604	608	613	617	/
3A_NB	39	a	558	561	566	570	574	578	583	585	589	595	599	601	605	609	613	617	620	625
3A_NB	39	d	559	563	567	571	576	580	584	587	590	596	600	603	606	610	614	618	622	/
3A_NB	40	a	563	566	571	575	579	583	587	590	594	600	604	606	610	614	617	621	625	630
3A_NB	40	d	564	568	572	576	581	585	589	592	595	602	605	608	611	615	619	623	627	/
3A_NB	41	a	568	571	575	580	584	589	592	595	599	605	609	611	615	618	622	626	630	635
3A_NB	41	d	569	573	577	581	586	590	594	597	601	607	610	613	616	620	624	628	632	/
3A_NB	42	a	573	577	580	585	589	594	597	600	605	610	614	616	620	623	627	631	635	640
3A_NB	42	d	574	578	582	586	591	595	599	602	606	612	615	618	621	625	629	633	637	/
3A_NB	43	a	578	582	585	590	594	599	602	605	610	615	619	621	625	628	633	636	640	645
3A_NB	43	d	579	583	587	591	596	600	604	607	611	617	620	623	626	630	634	638	642	/
3A_NB	44	a	583	587	590	595	599	604	607	610	615	621	624	626	630	633	638	641	645	649
3A_NB	44	d	584	588	592	596	601	605	609	612	616	622	625	628	631	635	639	643	647	/
3A_NB	45	a	588	592	595	600	604	609	612	615	620	626	629	632	634	638	643	646	650	654
3A_NB	45	d	589	593	597	602	606	610	614	617	621	627	630	633	636	640	644	648	652	/
3A_NB	46	a	593	597	600	605	609	614	617	620	625	631	634	637	639	643	648	652	655	659
3A_NB	46	d	594	598	602	607	611	615	619	622	626	632	635	638	641	645	649	653	657	/
3A_NB	47	a	598	602	605	610	614	619	622	625	630	636	639	642	644	648	653	657	660	664
3A_NB	47	d	599	603	607	612	616	620	624	627	631	637	640	643	646	650	654	658	662	/
3A_NB	48	a	603	607	610	615	619	624	627	630	635	641	644	646	649	653	658	662	666	669
3A_NB	48	d	604	608	612	617	621	625	629	632	636	642	645	648	651	655	659	663	667	/
3A_NB	49	a	608	612	615	620	624	629	632	635	640	646	649	651	654	658	663	667	671	674
3A_NB	49	d	609	613	617	622	626	630	634	637	641	647	650	653	656	660	664	668	672	/
3A_NB	50	a	613	617	620	625	629	634	637	640	645	650	654	657	659	663	668	672	676	680
3A_NB	50	d	614	618	622	627	631	635	639	642	646	652	656	658	661	665	669	673	677	/
3A_NB	51	a	618	622	625	630	634	639	642	645	649	655	659	662	664	668	673	677	681	685
3A_NB	51	d	619	623	627	632	636	640	644	647	651	657	661	663	666	670	674	678	682	/
3A_NB	52	a	623	627	630	635	639	644	647	651	654	660	665	667	669	673	678	681	686	690
3A_NB	52	d	624	628	632	637	641	645	649	652	656	662	666	668	671	675	679	683	687	/
3A_NB	53	a	628	632	635	640	644	648	652	656	659	665	670	672	674	679	683	686	691	695
3A_NB	53	d	629	633	637	642	646	650	654	657	661	667	671	673	676	680	684	688	692	/
3A_NB	54	a	633	636	640	645	650	653	657	661	665	670	675	677	679	684	688	691	695	700
3A_NB	54	d	634	638	642	647	651	655	659	662	666	672	676	678	681	685	689	693	697	/
3A_NB	55	a	638	641	645	650	655	658	662	665	670	675	679	682	685	689	692	696	700	705
3A_NB	55	d	639	643	647	652	656	660	664	667	671	677	681	684	686	690	694	698	702	/
3A_NB	56	a	643	646	650	655	660	664	667	670	675	681	684	687	690	694	697	701	705	710
3A_NB	56	d	644	648	652	657	661	665	669	672	676	682	686	689	692	695	699	703	707	/
3A_NB	57	a	649	652	656	661	665	669	672	675	680	686	689	693	695	699	702	706	711	715
3A_NB	57	d	650	654	658	662	666	670	674	677	681	687	691	694	697	700	704	708	712	/
3A_NB	58	a	654	657	661	665	670	674	677	680	685	691	694	698	700	704	707	711	716	720
3A_NB	58	d	655	659	663	667	671	675	679	682	686	692	696	699	702	705	709	713	717	/
3A_NB	59	a	659	663	666	670	675	679	682	685	690	696	699	703	705	709	712	716	721	725
3A_NB	59	d	660	664	668	672	676	680	684	687	691	697	701	704	707	710	714	718	722	/
3A_NB	60	a	664	668	671	675	680	684	687	690	695	701	704	708	711	714	717	721	726	730
3A_NB	60	d	665	669	673	677	681	685	689	692	696	702	706	709	712	715	719	723	727	/
3A_NB	61	a	669	673	676	681	686	691	695	699	704	711	714	717	720	723	727	730	734	738
3A_NB	61	d	670	674	678	683	688	693	697	701	705	712	715	718	721	724	728	731	735	/
3A_NB	62	a	675	679	683	688	692	696	700	704	709	716	719	722	724	728	732	735	739	743
3A_NB	62	d	676	681	685	690	694	698	702	706	710	717	720	723	726	729	733	737	740	/
3A_NB	63	a	684	688	691	695	699	703	707	709	714	721	725	728	730	733	738	741	744	748
3A_NB	63	d	685	689	692	697	701	705	708	711	715	722	726	729	731	735	739	742	745	/
3A_NB	64	a	691	695	698	702	705	709	712	714	719	725	730	733	735	739	743	746	749	753
3A_NB	64	d	692	696	699	703	706	710	713	716	720	727	731	734	736	740	744	747	750	/
