RouteID	RunID	Arrivals/Departures	TimePerStop
1A_SB	1	a	6	14	25	28	32	35	40	44	50	53	57	66	72	76
1A_SB	1	d	7	15	26	29	33	36	41	45	51	54	59	68	74	/
1A_SB	2	a	36	41	51	55	59	63	69	73	80	83	87	97	102	105
1A_SB	2	d	37	43	52	56	61	64	71	75	81	84	88	98	103	/
1A_SB	3	a	60	65	74	78	82	86	91	94	99	103	107	117	122	126
1A_SB	3	d	61	67	76	80	84	87	92	95	100	104	108	118	123	/
1A_SB	4	a	70	76	85	89	93	97	104	108	113	116	120	131	136	139
1A_SB	4	d	72	78	87	91	95	99	105	109	114	117	122	132	137	/
1A_SB	5	a	76	82	90	95	99	102	109	114	120	124	129	140	147	151
1A_SB	5	d	78	83	92	97	100	104	111	116	122	126	131	142	149	/
1A_SB	6	a	95	102	110	113	116	120	126	130	137	142	146	155	159	163
1A_SB	6	d	97	103	111	114	117	121	127	132	139	143	147	156	160	/
1A_SB	7	a	107	113	122	126	130	134	140	144	150	155	159	167	172	175
1A_SB	7	d	109	115	123	127	131	135	142	146	152	156	160	168	173	/
1A_SB	8	a	113	119	127	131	135	138	145	149	156	160	164	173	178	181
1A_SB	8	d	115	120	128	132	136	140	147	151	157	161	165	174	179	/
1A_SB	9	a	118	125	133	137	141	144	150	154	161	165	168	178	183	186
1A_SB	9	d	120	126	134	138	142	145	152	156	162	166	170	179	184	/
1A_SB	10	a	123	130	138	142	146	149	155	159	166	169	173	183	187	191
1A_SB	10	d	125	131	139	143	147	150	157	161	167	171	175	184	189	/
1A_SB	11	a	130	137	148	152	155	158	164	167	172	175	178	187	192	196
1A_SB	11	d	132	139	149	153	156	159	165	168	173	176	180	189	194	/
1A_SB	12	a	137	145	155	159	162	165	170	174	180	183	187	196	202	207
1A_SB	12	d	139	146	156	160	163	167	172	176	181	185	189	198	204	/
1A_SB	13	a	161	167	176	179	182	186	191	196	201	204	208	216	222	226
1A_SB	13	d	163	169	177	180	183	187	193	198	202	206	209	217	223	/
1A_SB	14	a	167	174	182	185	188	192	197	201	206	210	215	226	233	238
1A_SB	14	d	169	175	183	186	189	193	199	203	208	212	217	227	234	/
1A_SB	15	a	175	182	191	194	197	201	206	209	214	218	222	232	239	243
1A_SB	15	d	177	183	192	195	199	202	207	210	216	219	223	233	240	/
1A_SB	16	a	186	193	202	205	208	211	218	222	227	230	233	242	247	252
1A_SB	16	d	188	194	203	206	209	213	219	223	228	231	234	243	249	/
1A_NB	1	a	4	9	15	21	27	30	35	38	43	47	51	55	63	68
1A_NB	1	d	5	10	16	22	28	31	36	39	44	48	52	56	64	/
1A_NB	2	a	9	14	19	26	32	36	41	44	50	54	58	62	69	74
1A_NB	2	d	10	15	21	27	33	37	42	45	51	55	59	63	70	/
1A_NB	3	a	14	18	24	31	36	41	46	50	56	60	64	67	74	80
1A_NB	3	d	15	20	26	32	38	42	47	51	57	61	65	68	75	/
1A_NB	4	a	22	26	31	39	44	49	53	58	65	70	75	78	85	91
1A_NB	4	d	23	27	33	40	46	50	55	60	67	72	76	80	86	/
1A_NB	5	a	47	53	60	66	73	77	82	86	91	96	99	102	109	116
1A_NB	5	d	49	55	61	68	75	79	84	87	93	97	100	104	111	/
1A_NB	6	a	53	59	65	72	79	83	87	91	98	102	105	109	117	123
1A_NB	6	d	55	60	67	74	81	84	89	93	99	103	106	110	118	/
1A_NB	7	a	58	64	71	78	84	88	92	96	103	107	110	114	122	127
1A_NB	7	d	60	66	73	80	86	89	94	98	104	108	111	115	123	/
1A_NB	8	a	66	72	79	87	92	95	100	103	109	114	117	122	132	137
1A_NB	8	d	68	74	81	88	93	96	101	104	111	115	119	124	133	/
1A_NB	9	a	72	78	85	93	98	101	106	111	118	122	125	130	139	145
1A_NB	9	d	74	80	87	94	99	102	108	113	119	123	127	131	140	/
1A_NB	10	a	84	89	94	102	107	110	114	118	124	128	132	136	143	150
1A_NB	10	d	86	90	95	103	108	111	115	119	126	130	133	137	145	/
1A_NB	11	a	103	108	114	121	129	133	138	142	147	150	154	157	164	170
1A_NB	11	d	105	110	116	123	131	135	139	143	148	151	155	158	165	/
1A_NB	12	a	113	118	125	132	139	143	148	152	159	164	168	171	179	186
1A_NB	12	d	115	120	127	133	140	145	150	154	161	165	169	172	181	/
1A_NB	13	a	118	123	130	137	143	148	154	158	165	169	173	176	184	191
1A_NB	13	d	120	125	132	139	145	150	156	160	166	170	174	177	186	/
1A_NB	14	a	125	130	136	144	150	154	160	163	171	175	179	183	192	199
1A_NB	14	d	127	131	138	146	152	156	161	165	172	176	181	185	194	/
1A_NB	15	a	143	149	156	163	169	174	180	183	189	193	196	199	205	210
1A_NB	15	d	145	151	158	165	171	175	181	184	190	194	197	200	206	/
1A_NB	16	a	155	160	166	172	177	182	188	192	198	201	205	208	214	220
1A_NB	16	d	157	161	167	173	179	184	190	193	199	202	206	209	216	/
2A_NB	1	a	4	8	11	17	20	24	29	32	35	45	52	54	57	60	64	67	71	74	77	81	84	88	91	97
2A_NB	1	d	5	9	12	18	21	25	30	33	36	46	53	55	58	61	65	68	72	75	78	82	85	89	92	/
2A_NB	2	a	9	13	16	21	25	30	34	37	40	50	57	59	62	65	69	72	76	79	82	86	89	93	96	102
2A_NB	2	d	10	14	17	23	27	31	35	38	41	51	58	60	63	66	70	73	77	80	83	87	90	94	97	/
2A_NB	3	a	13	19	23	28	31	35	39	42	46	55	62	64	67	70	75	78	81	84	87	91	95	99	103	109
2A_NB	3	d	15	20	24	29	32	36	40	44	47	56	63	65	68	72	76	79	82	85	88	92	96	101	104	/
2A_NB	4	a	18	24	28	33	36	40	44	49	54	64	69	71	74	77	80	83	86	89	93	98	103	107	111	117
2A_NB	4	d	20	25	29	35	37	41	46	51	56	65	70	72	75	78	81	84	87	90	95	100	104	109	112	/
2A_NB	5	a	33	38	42	47	49	53	58	62	67	76	82	84	86	89	92	95	98	101	105	110	115	119	123	131
2A_NB	5	d	35	39	43	48	50	54	59	64	68	77	83	85	87	90	93	96	100	102	107	112	117	121	125	/
2A_NB	6	a	62	66	70	75	78	82	87	92	96	105	110	112	115	118	121	124	128	131	135	138	142	145	148	154
2A_NB	6	d	64	67	71	76	79	83	89	93	97	106	111	113	116	119	122	125	129	132	136	139	143	146	149	/
2A_NB	7	a	68	72	76	82	85	89	94	99	104	113	118	120	123	127	131	134	137	139	143	146	150	153	156	163
2A_NB	7	d	70	73	78	83	86	90	96	101	106	114	119	121	124	128	132	135	138	140	144	147	151	154	157	/
2A_NB	8	a	73	77	82	87	91	95	101	106	109	118	123	125	128	132	136	139	142	144	148	151	155	159	162	169
2A_NB	8	d	75	78	83	89	93	97	103	107	111	119	124	126	129	133	137	140	143	145	149	152	157	160	163	/
2A_NB	9	a	78	82	87	93	96	100	106	110	114	123	128	130	133	137	140	144	147	149	153	157	161	164	167	175
2A_NB	9	d	80	83	89	94	98	102	108	112	116	124	129	131	134	138	142	145	148	150	154	158	162	165	168	/
2A_NB	10	a	83	87	92	98	102	106	111	115	119	128	133	135	138	142	145	149	152	155	159	163	167	170	173	181
2A_NB	10	d	85	88	94	100	104	108	113	117	121	129	134	136	139	143	147	150	153	156	160	164	168	171	174	/
2A_NB	11	a	89	94	98	104	108	112	117	120	124	133	138	141	144	149	152	154	157	160	164	168	173	176	180	187
2A_NB	11	d	91	95	100	106	110	114	118	122	126	134	139	142	146	150	153	155	158	161	165	170	174	178	182	/
2A_NB	12	a	96	101	105	111	115	118	122	126	130	138	144	148	152	155	158	160	163	166	170	174	178	181	185	192
2A_NB	12	d	98	102	107	113	116	119	123	128	131	139	146	150	153	156	159	161	165	167	171	175	179	183	187	/
2A_NB	13	a	105	110	114	119	121	124	130	134	138	144	151	154	157	160	164	167	171	174	178	183	188	191	194	202
2A_NB	13	d	107	111	115	120	122	125	131	136	139	146	152	155	158	162	165	169	173	175	180	185	189	192	196	/
2A_NB	14	a	110	115	119	124	127	130	136	139	143	150	157	160	163	166	171	175	179	181	184	189	193	196	200	207
2A_NB	14	d	112	116	120	126	128	131	137	141	145	151	158	161	164	168	173	177	180	182	186	190	194	197	201	/
2A_NB	15	a	119	123	127	132	134	137	143	146	150	158	165	167	169	173	177	180	184	187	190	194	198	202	207	214
2A_NB	15	d	120	124	128	133	135	138	144	148	152	159	166	168	170	174	178	182	186	188	191	195	200	204	208	/
2A_NB	16	a	126	130	134	138	140	143	149	153	156	163	170	172	174	178	182	186	189	192	196	199	204	207	212	220
2A_NB	16	d	127	131	135	139	141	144	150	154	157	164	171	173	175	179	184	187	191	194	197	201	205	209	214	/
2A_SB	1	a	16	22	27	31	36	39	42	45	49	54	59	62	66	70	75	82	88	92	96	102	105	110	114	117	129
2A_SB	1	d	17	23	29	33	37	40	43	46	51	56	61	64	68	72	76	83	89	93	97	103	106	111	115	118	/
2A_SB	2	a	31	35	41	44	48	52	56	61	66	71	76	79	82	86	89	98	103	108	112	118	121	126	130	134	143
2A_SB	2	d	32	36	42	46	50	54	58	63	68	73	78	80	83	87	91	99	105	109	113	120	122	127	131	135	/
2A_SB	3	a	49	54	61	65	70	73	76	80	83	88	92	94	97	100	104	113	119	123	127	132	135	140	144	148	159
2A_SB	3	d	50	55	62	67	72	75	77	81	85	90	93	95	98	101	106	115	120	124	128	134	136	141	145	150	/
2A_SB	4	a	64	69	76	80	83	86	88	92	95	98	101	103	107	110	113	121	127	132	137	143	145	151	156	160	171
2A_SB	4	d	66	71	77	81	84	87	89	93	96	99	102	105	108	111	114	123	129	134	138	144	147	153	157	162	/
2A_SB	5	a	77	83	90	93	97	99	102	106	110	114	117	119	122	125	129	138	144	147	151	157	159	164	167	170	180
2A_SB	5	d	79	85	91	95	98	100	103	107	111	115	118	120	123	126	130	139	145	148	152	158	160	165	168	171	/
2A_SB	6	a	93	99	105	109	113	115	118	121	125	128	131	133	136	139	142	151	157	160	163	169	172	177	180	184	196
2A_SB	6	d	95	100	106	110	114	116	119	122	126	129	132	134	137	140	143	152	158	161	164	170	173	178	182	186	/
2A_SB	7	a	107	114	120	123	126	128	131	134	138	141	145	148	152	155	159	166	174	178	182	188	190	194	199	202	212
2A_SB	7	d	109	115	121	124	127	129	132	135	139	142	146	149	153	156	161	168	176	180	183	189	191	196	200	203	/
2A_SB	8	a	116	123	129	133	137	140	143	146	151	155	159	161	164	167	171	177	184	188	191	197	200	204	208	211	221
2A_SB	8	d	118	125	131	135	138	142	144	148	152	156	160	162	165	168	172	178	185	189	192	198	201	205	209	212	/
2A_SB	9	a	121	128	134	139	142	146	148	152	157	161	165	167	170	173	177	183	190	194	197	203	206	210	214	217	227
2A_SB	9	d	123	130	136	140	144	147	150	154	158	162	166	168	171	174	178	184	191	195	198	204	207	211	215	218	/
2A_SB	10	a	126	133	141	145	148	151	154	158	163	167	171	173	176	179	182	191	198	202	205	211	215	219	223	226	235
2A_SB	10	d	128	135	142	146	149	152	156	160	164	168	172	174	177	180	184	192	200	203	206	213	216	220	224	227	/
2A_SB	11	a	140	147	155	159	162	165	167	170	174	178	182	184	187	190	193	201	208	211	215	220	224	228	232	236	245
2A_SB	11	d	142	149	157	160	163	166	168	171	175	179	183	185	188	191	194	202	209	213	216	222	225	230	233	237	/
2A_SB	12	a	146	153	160	164	168	170	172	175	179	183	187	189	192	195	199	207	214	218	221	226	229	234	237	241	252
2A_SB	12	d	148	155	162	165	169	171	173	176	180	184	188	190	193	196	200	208	215	219	222	227	231	235	238	242	/
2A_SB	13	a	151	158	165	169	173	175	177	181	184	188	192	194	197	200	204	212	218	223	226	232	235	239	243	246	257
2A_SB	13	d	153	160	167	170	174	176	179	182	185	189	193	195	198	201	205	213	220	224	227	233	236	240	244	247	/
2A_SB	14	a	156	163	171	174	178	181	184	187	190	194	197	199	202	205	209	218	224	227	231	237	240	244	248	251	262
2A_SB	14	d	158	165	172	175	180	182	185	188	191	195	198	200	203	206	210	219	225	229	232	238	241	245	249	252	/
2A_SB	15	a	170	178	185	189	192	194	196	200	203	207	210	213	218	223	227	235	240	243	246	252	255	260	263	266	276
2A_SB	15	d	172	180	186	190	193	195	197	201	204	208	212	215	220	225	228	236	241	244	247	253	256	261	264	267	/
2A_SB	16	a	178	186	192	196	200	202	204	208	211	215	219	221	226	229	232	240	244	248	251	258	261	267	271	276	287
2A_SB	16	d	180	187	193	197	201	203	205	209	212	216	220	223	227	230	233	241	246	249	253	260	263	269	273	278	/
3A_SB	1	a	22	27	31	35	38	41	43	47	52	55	60	65	69	77	81
3A_SB	1	d	23	28	32	36	39	42	45	49	54	57	62	67	71	79	/
3A_SB	2	a	47	51	55	60	64	68	72	76	79	81	85	88	91	96	99
3A_SB	2	d	48	53	57	62	66	70	74	77	80	82	86	89	92	97	/
3A_SB	3	a	61	65	70	75	79	83	86	89	94	96	101	104	107	113	116
3A_SB	3	d	62	67	72	77	81	84	87	91	95	97	102	105	108	114	/
3A_SB	4	a	74	79	83	88	92	95	99	104	109	112	116	119	122	128	132
3A_SB	4	d	75	80	85	90	94	97	101	106	110	113	117	120	123	130	/
3A_SB	5	a	82	87	91	97	101	104	108	113	118	121	125	128	131	137	140
3A_SB	5	d	83	88	93	99	103	106	110	115	119	122	126	129	132	138	/
3A_SB	6	a	99	105	108	112	115	117	120	123	126	130	134	137	140	146	149
3A_SB	6	d	100	106	109	113	116	118	121	124	128	131	135	138	141	147	/
3A_SB	7	a	105	110	113	117	120	122	124	128	131	135	140	144	147	153	158
3A_SB	7	d	106	111	114	118	121	123	126	129	133	137	142	145	148	155	/
3A_SB	8	a	120	126	130	133	136	138	141	145	149	151	155	159	162	169	172
3A_SB	8	d	121	128	131	134	137	139	142	146	150	152	156	160	163	170	/
3A_SB	9	a	134	140	144	147	151	154	156	160	164	166	171	175	178	184	188
3A_SB	9	d	135	142	145	148	152	155	157	161	165	167	172	176	179	185	/
3A_SB	10	a	139	145	149	153	157	160	162	166	169	171	176	180	183	189	193
3A_SB	10	d	140	147	150	154	158	161	163	167	170	172	177	181	184	190	/
3A_SB	11	a	145	151	155	159	163	166	168	171	175	177	182	185	188	194	198
3A_SB	11	d	146	152	156	160	164	167	169	173	176	178	183	186	189	195	/
3A_SB	12	a	150	156	160	164	168	171	174	177	181	183	188	191	194	200	205
3A_SB	12	d	151	157	161	165	170	173	175	179	182	184	189	192	195	202	/
3A_SB	13	a	166	171	175	179	182	184	187	190	193	195	200	203	206	212	216
3A_SB	13	d	167	172	176	180	183	185	188	191	194	196	201	204	207	213	/
3A_SB	14	a	171	176	180	184	187	190	194	199	203	205	210	213	217	223	227
3A_SB	14	d	172	177	182	185	189	192	196	201	204	206	211	214	218	224	/
3A_SB	15	a	194	198	202	206	210	212	215	219	223	226	231	234	237	243	247
3A_SB	15	d	195	199	203	207	211	213	216	220	225	227	232	235	238	244	/
3A_SB	16	a	199	203	207	211	215	217	220	224	228	231	236	239	242	248	252
3A_SB	16	d	200	204	208	212	216	218	221	225	230	232	237	240	243	249	/
3A_NB	1	a	8	11	15	18	21	24	27	31	33	38	42	46	49	52	57	60	64
3A_NB	1	d	9	12	16	19	22	25	28	32	34	39	43	47	50	53	58	62	/
3A_NB	2	a	23	27	31	35	39	43	47	51	55	62	68	72	77	81	86	90	94
3A_NB	2	d	24	28	33	37	41	45	49	53	57	64	70	74	79	83	88	92	/
3A_NB	3	a	43	46	50	54	59	63	68	71	75	81	84	87	91	94	98	102	105
3A_NB	3	d	44	48	52	56	61	65	69	73	77	82	85	88	92	95	99	103	/
3A_NB	4	a	56	60	64	68	73	78	82	86	89	94	97	101	105	108	113	117	120
3A_NB	4	d	57	62	65	70	75	79	83	87	91	95	98	102	107	110	114	118	/
3A_NB	5	a	71	75	79	82	87	92	96	100	104	109	113	117	121	124	128	132	136
3A_NB	5	d	72	76	80	84	89	94	98	102	106	110	114	118	122	125	129	133	/
3A_NB	6	a	84	88	92	95	98	102	106	110	113	118	122	126	129	132	136	140	143
3A_NB	6	d	85	90	93	96	100	104	107	112	115	120	123	127	130	133	137	141	/
3A_NB	7	a	101	105	108	111	114	118	121	126	130	134	138	142	145	147	151	154	157
3A_NB	7	d	102	106	109	112	115	119	123	128	131	135	139	143	146	148	152	155	/
3A_NB	8	a	118	121	124	127	130	133	137	141	144	149	153	157	161	165	170	174	177
3A_NB	8	d	119	122	125	128	131	134	138	142	145	150	154	158	163	166	171	175	/
3A_NB	9	a	128	132	135	138	142	146	151	155	159	164	168	172	175	178	183	186	191
3A_NB	9	d	129	133	136	140	144	148	153	157	161	165	169	173	176	179	184	188	/
3A_NB	10	a	143	146	149	153	157	160	163	167	171	176	180	184	188	191	196	200	203
3A_NB	10	d	144	147	151	154	158	161	165	169	173	177	181	185	189	192	197	201	/
3A_NB	11	a	148	151	154	158	162	165	169	173	177	182	185	189	193	196	201	206	209
3A_NB	11	d	149	152	156	159	163	167	171	175	179	183	186	190	194	198	203	207	/
3A_NB	12	a	153	155	159	163	167	171	175	179	182	188	191	196	200	202	207	211	215
3A_NB	12	d	154	157	161	164	169	173	177	180	184	189	193	197	201	204	208	212	/
3A_NB	13	a	162	164	168	172	176	180	185	189	193	198	202	205	209	212	216	220	224
3A_NB	13	d	163	166	170	174	178	182	187	191	195	199	203	206	210	213	217	221	/
3A_NB	14	a	167	170	174	178	181	186	190	194	198	203	207	211	216	220	225	228	233
3A_NB	14	d	168	172	176	179	183	187	192	196	200	204	209	213	218	222	226	230	/
3A_NB	15	a	172	175	179	183	187	191	196	200	204	209	213	217	221	225	231	235	240
3A_NB	15	d	173	177	181	184	188	193	197	202	206	210	214	218	223	227	233	237	/
3A_NB	16	a	178	181	184	188	193	197	201	205	209	214	218	222	227	230	236	240	245
3A_NB	16	d	179	182	186	190	194	199	202	207	211	215	219	224	228	232	238	242	/
