RouteID	RunID	Arrivals/Departures	TimePerStop
1A_SB	1	a	11	18	27	30	33	38	43	46	51	55	58	68	74	77
1A_SB	1	d	12	20	28	31	35	39	44	47	52	56	59	69	75	/
1A_SB	2	a	27	33	41	44	48	52	58	61	66	70	74	82	88	91
1A_SB	2	d	28	35	42	46	49	53	59	62	67	72	75	83	89	/
1A_SB	3	a	34	39	46	50	54	59	66	70	75	79	84	93	100	104
1A_SB	3	d	35	40	48	52	56	61	67	71	77	81	86	95	101	/
1A_SB	4	a	57	63	72	76	81	85	92	97	103	106	111	118	123	126
1A_SB	4	d	59	65	74	78	83	87	94	98	104	108	112	119	124	/
1A_SB	5	a	70	77	87	91	95	100	106	111	118	122	126	135	140	143
1A_SB	5	d	72	79	89	93	97	102	108	113	120	124	127	136	141	/
1A_SB	6	a	82	89	97	101	104	108	114	119	125	129	133	142	148	151
1A_SB	6	d	84	90	98	102	106	110	116	121	127	131	134	144	149	/
1A_SB	7	a	105	113	121	125	129	133	139	142	148	153	156	167	173	176
1A_SB	7	d	107	115	122	127	131	135	140	143	150	154	157	168	174	/
1A_SB	8	a	119	126	135	139	143	147	153	157	165	168	172	181	187	191
1A_SB	8	d	121	128	137	141	145	149	155	159	166	169	173	182	188	/
1A_SB	9	a	133	141	151	155	159	163	169	173	180	184	189	198	204	207
1A_SB	9	d	135	143	153	157	161	165	171	175	182	186	190	199	205	/
1A_SB	10	a	156	163	174	177	180	184	189	193	199	203	207	217	224	228
1A_SB	10	d	158	165	175	178	181	185	190	194	201	204	208	218	225	/
1A_SB	11	a	169	176	186	190	193	197	203	208	214	218	222	232	238	242
1A_SB	11	d	171	177	188	191	194	198	205	210	215	219	223	234	239	/
1A_SB	12	a	182	189	197	200	204	208	214	218	224	228	233	243	250	253
1A_SB	12	d	184	190	198	201	206	209	216	220	226	230	234	244	251	/
1A_SB	13	a	198	205	213	217	222	226	232	237	244	249	254	263	268	271
1A_SB	13	d	200	206	215	219	224	228	234	239	246	251	255	264	269	/
1A_SB	14	a	215	222	231	235	239	243	249	252	259	264	269	278	283	287
1A_SB	14	d	217	223	232	236	240	244	250	254	261	266	270	279	284	/
1A_SB	15	a	233	239	247	250	254	258	263	267	274	279	284	293	298	303
1A_SB	15	d	235	240	248	251	255	259	265	269	276	281	285	294	300	/
1A_SB	16	a	242	249	257	261	266	271	278	282	289	293	298	307	313	317
1A_SB	16	d	244	250	259	263	268	273	279	284	291	295	299	308	314	/
1A_SB	17	a	261	268	278	282	285	289	295	299	305	309	313	322	328	331
1A_SB	17	d	263	270	280	283	287	291	297	301	307	311	315	323	329	/
1A_SB	18	a	277	284	294	297	301	306	311	316	322	326	330	339	343	346
1A_SB	18	d	279	285	295	299	303	307	313	318	323	327	331	340	344	/
1A_SB	19	a	288	294	305	309	313	318	324	327	333	336	340	349	354	357
1A_SB	19	d	290	296	307	311	315	319	325	329	334	337	341	350	355	/
1A_SB	20	a	309	315	324	328	332	336	343	347	354	358	361	370	375	379
1A_SB	20	d	311	317	325	330	334	338	344	349	355	359	362	371	377	/
1A_SB	21	a	321	327	335	339	343	347	352	357	364	368	373	382	387	390
1A_SB	21	d	323	328	337	341	345	349	354	359	365	370	374	383	388	/
1A_SB	22	a	336	342	350	354	359	363	369	372	378	381	384	394	400	403
1A_SB	22	d	338	344	352	356	361	365	370	373	379	382	385	395	401	/
1A_SB	23	a	353	360	367	371	374	377	383	387	394	397	401	410	416	419
1A_SB	23	d	355	361	368	372	375	378	384	389	395	398	402	411	417	/
1A_SB	24	a	366	373	383	388	392	397	403	407	414	417	421	428	433	436
1A_SB	24	d	368	375	385	390	394	399	404	409	415	418	422	429	434	/
1A_SB	25	a	376	383	393	398	402	407	413	418	425	430	435	444	449	453
1A_SB	25	d	378	385	395	400	404	409	415	420	427	432	436	445	450	/
1A_SB	26	a	398	405	414	417	420	423	429	433	439	442	446	455	460	464
1A_SB	26	d	400	407	415	418	421	424	430	435	440	443	447	456	461	/
1A_SB	27	a	415	423	433	438	441	446	452	456	462	465	470	480	486	489
1A_SB	27	d	417	425	435	439	443	448	453	457	463	467	472	482	487	/
1A_SB	28	a	429	436	445	449	454	458	465	468	474	477	481	491	496	500
1A_SB	28	d	431	437	446	451	456	460	466	470	475	478	482	492	497	/
1A_SB	29	a	438	444	453	456	461	464	471	474	480	484	488	499	504	508
1A_SB	29	d	440	445	454	458	462	466	472	476	481	485	490	500	505	/
1A_SB	30	a	457	463	472	476	480	484	490	494	500	504	509	516	521	524
1A_SB	30	d	459	465	474	478	482	486	492	496	502	506	510	517	522	/
1A_SB	31	a	475	482	491	495	499	503	509	513	519	522	526	536	541	544
1A_SB	31	d	477	484	493	497	501	504	511	514	520	524	528	537	542	/
1A_SB	32	a	489	497	506	509	512	515	520	523	529	533	537	546	551	554
1A_SB	32	d	491	499	507	510	513	516	521	524	531	535	538	547	552	/
1A_SB	33	a	502	509	516	520	523	526	532	537	543	548	552	561	567	570
1A_SB	33	d	504	510	517	521	524	528	534	539	545	549	553	563	568	/
1A_SB	34	a	517	523	531	534	537	541	548	551	556	559	563	571	576	579
1A_SB	34	d	519	525	532	535	538	543	549	552	557	560	564	572	577	/
1A_SB	35	a	532	538	546	551	555	560	566	569	575	579	583	590	596	599
1A_SB	35	d	534	540	548	553	557	562	567	570	577	580	584	591	597	/
1A_SB	36	a	544	551	558	562	566	571	578	583	590	594	599	610	615	618
1A_SB	36	d	546	552	560	564	568	572	580	585	592	596	601	611	616	/
1A_SB	37	a	564	570	579	583	587	590	596	600	605	609	612	622	628	631
1A_SB	37	d	566	572	581	585	588	591	597	601	606	610	613	623	629	/
1A_SB	38	a	583	589	597	600	605	609	614	617	622	625	629	637	643	647
1A_SB	38	d	585	590	598	602	606	610	615	618	623	626	630	638	644	/
1A_SB	39	a	600	608	616	619	622	626	632	635	640	643	647	655	661	666
1A_SB	39	d	602	609	617	620	623	627	633	636	641	644	649	657	663	/
1A_SB	40	a	618	625	633	637	640	644	649	653	658	662	666	673	679	682
1A_SB	40	d	620	626	635	638	642	645	650	654	659	663	667	674	680	/
1A_SB	41	a	632	639	649	652	655	658	665	670	675	678	682	691	697	701
1A_SB	41	d	634	640	650	653	656	660	667	671	676	680	683	692	698	/
1A_SB	42	a	653	660	669	672	675	680	687	690	697	700	703	713	718	721
1A_SB	42	d	655	662	670	673	677	681	688	692	698	701	704	714	719	/
1A_SB	43	a	667	673	682	686	689	693	700	703	709	712	715	725	730	733
1A_SB	43	d	669	675	684	687	690	695	701	704	710	713	716	726	731	/
1A_SB	44	a	673	680	688	692	696	700	706	710	717	721	725	736	741	745
1A_SB	44	d	675	681	690	693	697	701	708	712	719	723	727	737	743	/
1A_SB	45	a	700	707	718	722	726	729	735	739	745	748	751	760	765	769
1A_SB	45	d	702	709	720	723	727	730	737	740	746	749	752	761	766	/
1A_SB	46	a	713	719	729	732	736	740	747	751	756	759	763	773	778	782
1A_SB	46	d	715	721	730	733	738	741	749	752	757	760	765	774	779	/
1A_SB	47	a	738	745	753	756	759	763	769	773	778	781	786	795	801	805
1A_SB	47	d	740	746	754	757	760	765	771	774	779	783	788	797	802	/
1A_SB	48	a	749	756	764	767	770	773	778	782	788	792	796	806	812	815
1A_SB	48	d	751	757	765	768	771	774	780	783	790	793	797	808	813	/
1A_SB	49	a	758	765	775	779	783	787	793	797	803	807	812	820	826	830
1A_SB	49	d	760	767	777	780	785	789	795	798	805	809	813	821	827	/
1A_SB	50	a	784	790	800	804	808	813	818	823	830	834	838	845	851	855
1A_SB	50	d	786	791	801	805	810	814	820	824	831	835	839	846	852	/
1A_SB	51	a	796	803	810	814	818	823	830	835	840	844	848	857	863	867
1A_SB	51	d	798	804	812	815	820	825	831	836	841	845	849	858	864	/
1A_SB	52	a	811	817	825	828	833	837	844	848	853	857	861	870	875	878
1A_SB	52	d	813	818	826	830	834	839	845	849	854	859	862	871	876	/
1A_SB	53	a	828	834	843	847	850	853	859	863	869	872	875	884	890	894
1A_SB	53	d	830	835	844	848	851	855	861	865	870	873	877	885	892	/
1A_SB	54	a	845	852	861	864	867	871	877	881	888	892	895	904	909	913
1A_SB	54	d	847	853	862	865	869	873	879	883	890	893	897	905	910	/
1A_SB	55	a	859	866	876	880	884	887	892	896	902	905	908	919	924	927
1A_SB	55	d	861	867	878	882	885	888	893	897	903	906	910	920	925	/
1A_SB	56	a	876	883	892	895	898	901	908	911	917	920	924	932	937	941
1A_SB	56	d	878	884	893	896	899	903	909	913	918	921	925	933	938	/
1A_SB	57	a	883	890	898	902	905	909	915	919	925	928	932	941	947	952
1A_SB	57	d	885	892	900	903	906	910	917	921	926	929	934	943	949	/
1A_SB	58	a	904	910	917	921	925	929	935	938	944	947	951	960	965	969
1A_SB	58	d	906	911	919	923	926	930	936	939	945	948	952	961	966	/
1A_SB	59	a	923	929	938	942	945	948	955	958	966	969	972	981	987	990
1A_SB	59	d	925	930	939	943	946	950	956	959	967	970	973	982	988	/
1A_SB	60	a	939	945	955	959	962	965	970	974	979	982	985	998	1004	1009
1A_SB	60	d	941	947	956	960	963	966	971	975	980	983	987	1000	1006	/
1A_SB	61	a	952	958	967	971	974	977	984	988	993	996	999	1008	1013	1018
1A_SB	61	d	954	960	968	972	975	979	986	989	994	997	1000	1009	1015	/
1A_SB	62	a	962	969	977	981	984	988	994	997	1004	1007	1011	1021	1026	1029
1A_SB	62	d	964	970	978	982	986	990	995	999	1005	1008	1012	1022	1027	/
1A_SB	63	a	978	985	993	996	999	1003	1008	1013	1019	1022	1026	1034	1040	1045
1A_SB	63	d	980	986	994	997	1000	1004	1010	1015	1020	1023	1027	1035	1042	/
1A_SB	64	a	996	1003	1012	1015	1019	1022	1028	1031	1037	1041	1045	1054	1059	1064
1A_SB	64	d	998	1005	1013	1016	1020	1023	1029	1033	1038	1042	1046	1055	1061	/
1A_NB	1	a	4	9	16	23	30	33	39	43	48	53	57	60	67	73
1A_NB	1	d	5	11	17	25	31	35	40	44	50	55	58	61	68	/
1A_NB	2	a	11	16	21	28	36	39	44	48	54	58	63	67	74	79
1A_NB	2	d	12	17	22	30	37	40	45	49	55	60	64	68	76	/
1A_NB	3	a	39	43	49	56	61	64	69	73	80	83	86	90	98	103
1A_NB	3	d	40	45	50	57	62	65	70	75	81	84	88	91	99	/
1A_NB	4	a	48	53	59	66	72	76	82	87	94	98	102	106	114	119
1A_NB	4	d	49	55	61	68	74	78	84	89	95	99	103	107	115	/
1A_NB	5	a	71	76	81	89	95	99	105	109	116	119	122	126	134	141
1A_NB	5	d	73	77	83	90	96	100	106	110	117	120	124	127	136	/
1A_NB	6	a	84	89	94	100	106	110	115	119	126	130	134	138	145	151
1A_NB	6	d	86	90	95	101	107	111	116	120	128	132	136	139	146	/
1A_NB	7	a	106	111	118	125	131	134	140	143	150	153	156	159	166	173
1A_NB	7	d	108	113	120	126	132	135	141	144	151	154	157	160	168	/
1A_NB	8	a	121	127	133	142	148	152	156	159	165	168	171	174	181	187
1A_NB	8	d	123	129	135	143	150	153	157	160	166	169	172	175	182	/
1A_NB	9	a	138	143	149	157	163	168	174	178	185	188	193	198	205	211
1A_NB	9	d	140	145	151	159	165	170	175	180	186	190	195	199	206	/
1A_NB	10	a	151	156	163	172	177	181	188	191	197	200	203	207	215	221
1A_NB	10	d	153	158	165	173	178	182	189	192	198	201	204	209	217	/
1A_NB	11	a	171	176	181	189	196	199	204	208	215	220	223	227	234	239
1A_NB	11	d	173	177	182	191	197	200	206	210	217	221	224	228	235	/
1A_NB	12	a	189	195	201	208	214	217	223	226	232	235	239	243	250	255
1A_NB	12	d	191	196	203	210	215	218	224	227	233	236	241	244	251	/
1A_NB	13	a	202	207	213	221	226	229	235	239	245	249	253	256	264	269
1A_NB	13	d	204	208	215	222	227	230	236	240	247	250	254	257	265	/
1A_NB	14	a	215	220	226	234	241	245	250	254	259	262	265	268	277	283
1A_NB	14	d	217	221	228	235	243	246	251	255	260	263	266	270	278	/
1A_NB	15	a	226	231	237	244	250	253	258	262	267	270	273	276	284	290
1A_NB	15	d	228	233	238	245	251	255	259	263	268	271	274	277	286	/
1A_NB	16	a	247	253	259	266	271	274	280	284	289	292	296	299	305	309
1A_NB	16	d	249	254	261	267	272	276	281	285	290	293	297	300	306	/
1A_NB	17	a	263	268	273	280	286	289	294	298	303	306	311	315	322	327
1A_NB	17	d	265	269	274	281	287	290	295	299	304	308	313	317	323	/
1A_NB	18	a	276	282	287	294	300	303	308	312	318	321	325	328	334	339
1A_NB	18	d	278	283	288	295	301	304	309	313	319	322	326	329	335	/
1A_NB	19	a	292	297	302	309	315	320	324	327	334	338	342	346	354	361
1A_NB	19	d	294	298	303	310	317	321	325	328	335	339	343	348	355	/
1A_NB	20	a	305	311	316	324	329	332	337	341	347	351	354	359	367	373
1A_NB	20	d	307	312	317	325	330	333	338	342	348	352	356	361	368	/
1A_NB	21	a	320	325	330	338	342	346	351	355	361	365	369	373	382	387
1A_NB	21	d	322	326	332	339	344	347	352	356	363	366	371	375	383	/
1A_NB	22	a	336	341	346	354	361	365	371	376	382	385	388	391	398	403
1A_NB	22	d	338	342	348	356	363	366	373	377	383	386	389	392	399	/
1A_NB	23	a	345	351	356	364	370	374	380	384	391	395	399	403	411	416
1A_NB	23	d	347	352	358	365	372	376	382	386	393	397	401	405	412	/
1A_NB	24	a	368	373	379	387	393	397	403	406	412	416	419	423	430	436
1A_NB	24	d	370	375	380	388	395	398	404	407	414	417	421	424	431	/
1A_NB	25	a	383	388	393	400	405	408	413	417	423	426	431	434	442	448
1A_NB	25	d	385	389	394	401	406	409	414	418	424	428	432	436	443	/
1A_NB	26	a	394	399	405	411	418	421	427	432	439	443	448	451	458	463
1A_NB	26	d	396	400	406	412	419	423	429	433	441	445	449	453	459	/
1A_NB	27	a	408	413	419	427	434	437	442	446	453	457	460	463	469	475
1A_NB	27	d	410	415	421	429	435	438	443	447	455	458	461	464	470	/
1A_NB	28	a	419	424	430	437	443	446	452	457	463	467	470	473	480	487
1A_NB	28	d	421	425	431	439	444	448	454	459	465	468	471	474	482	/
1A_NB	29	a	437	442	447	456	463	466	473	477	483	486	490	493	500	505
1A_NB	29	d	439	443	449	458	464	468	475	478	484	487	491	494	501	/
1A_NB	30	a	454	459	465	472	477	480	486	490	497	501	506	509	518	524
1A_NB	30	d	456	460	466	473	478	481	487	492	499	503	507	511	519	/
1A_NB	31	a	467	472	479	488	495	499	505	509	515	519	523	526	534	540
1A_NB	31	d	469	474	481	490	497	500	506	510	516	520	524	527	535	/
1A_NB	32	a	484	489	496	505	511	514	520	524	530	534	539	543	552	558
1A_NB	32	d	486	491	498	506	512	515	521	525	532	536	541	544	553	/
1A_NB	33	a	505	510	516	523	528	531	536	540	546	549	553	556	563	568
1A_NB	33	d	507	511	517	524	529	532	537	541	547	550	554	557	564	/
1A_NB	34	a	516	521	527	534	541	544	549	553	559	562	566	569	576	581
1A_NB	34	d	518	522	529	536	542	545	550	554	560	563	567	571	577	/
1A_NB	35	a	534	539	546	553	560	564	569	573	580	583	586	590	598	604
1A_NB	35	d	536	540	547	555	561	565	570	574	581	584	588	592	599	/
1A_NB	36	a	550	556	562	570	576	580	586	591	598	602	606	609	617	622
1A_NB	36	d	552	557	564	572	578	582	588	593	600	603	607	611	618	/
1A_NB	37	a	569	574	580	587	593	598	603	606	612	615	618	621	628	633
1A_NB	37	d	571	575	581	589	595	599	604	607	613	616	619	622	629	/
1A_NB	38	a	581	586	593	601	606	609	614	619	624	628	633	636	644	649
1A_NB	38	d	583	588	594	602	607	610	616	620	625	630	634	637	645	/
1A_NB	39	a	592	598	604	610	615	618	624	629	635	640	644	648	655	660
1A_NB	39	d	594	600	605	611	616	620	626	630	637	641	645	649	656	/
1A_NB	40	a	610	615	621	628	634	638	644	648	655	659	663	667	674	680
1A_NB	40	d	612	617	622	630	635	639	645	649	656	660	665	668	675	/
1A_NB	41	a	622	627	633	641	646	650	655	659	668	672	677	681	689	696
1A_NB	41	d	624	629	635	642	648	651	656	661	670	674	679	683	690	/
1A_NB	42	a	631	636	642	650	657	661	668	673	680	684	688	692	699	706
1A_NB	42	d	633	638	644	652	659	663	670	675	682	685	690	693	700	/
1A_NB	43	a	646	651	657	664	670	674	680	684	691	695	700	703	710	716
1A_NB	43	d	648	652	659	666	672	676	681	686	693	697	701	704	712	/
1A_NB	44	a	668	674	680	686	691	695	700	704	710	713	718	722	730	737
1A_NB	44	d	670	675	681	687	693	696	701	705	711	715	719	724	732	/
1A_NB	45	a	684	690	698	707	714	719	725	728	734	738	741	744	751	757
1A_NB	45	d	686	692	700	709	716	720	726	729	735	739	742	745	752	/
1A_NB	46	a	703	709	714	722	727	732	739	742	748	752	756	759	767	774
1A_NB	46	d	705	710	715	723	729	734	740	743	749	753	757	760	769	/
1A_NB	47	a	712	718	723	731	736	739	745	748	754	759	763	767	775	781
1A_NB	47	d	714	719	724	732	737	740	746	750	756	760	765	768	776	/
1A_NB	48	a	737	742	749	756	762	766	771	775	780	785	788	792	798	802
1A_NB	48	d	739	743	750	757	764	767	772	776	782	786	790	793	799	/
1A_NB	49	a	752	757	764	772	778	782	787	790	796	800	804	808	813	818
1A_NB	49	d	754	758	765	773	779	783	788	791	797	801	806	809	814	/
1A_NB	50	a	768	773	779	787	793	798	804	809	815	818	822	825	831	837
1A_NB	50	d	770	774	781	789	795	800	806	811	816	819	823	826	832	/
1A_NB	51	a	784	789	795	803	808	813	819	823	831	834	838	841	848	853
1A_NB	51	d	786	790	797	804	810	815	820	825	832	835	839	842	849	/
1A_NB	52	a	793	799	805	813	819	823	829	834	842	845	849	853	861	866
1A_NB	52	d	795	800	807	815	820	825	831	836	843	846	851	855	862	/
1A_NB	53	a	821	826	832	838	843	846	852	857	864	867	870	873	880	885
1A_NB	53	d	823	828	833	840	844	848	854	859	865	868	871	874	881	/
1A_NB	54	a	833	839	844	850	854	858	863	868	875	880	884	888	894	900
1A_NB	54	d	835	840	845	851	855	859	865	870	877	881	886	889	895	/
1A_NB	55	a	849	854	859	866	871	874	879	883	890	894	898	901	908	914
1A_NB	55	d	851	855	860	867	872	875	880	885	891	896	899	902	909	/
1A_NB	56	a	868	874	880	888	895	899	904	908	915	918	922	925	932	937
1A_NB	56	d	870	875	881	890	896	900	905	909	916	919	923	926	933	/
1A_NB	57	a	881	887	892	899	906	909	914	918	924	927	932	935	943	949
1A_NB	57	d	883	888	893	900	907	910	915	919	925	929	933	937	945	/
1A_NB	58	a	895	901	907	916	921	924	929	932	938	943	946	949	957	962
1A_NB	58	d	897	903	909	917	922	925	930	933	940	944	947	950	958	/
1A_NB	59	a	910	915	921	928	933	937	944	947	953	957	961	966	973	979
1A_NB	59	d	912	916	922	929	934	939	945	948	954	958	963	967	975	/
1A_NB	60	a	925	930	936	944	949	953	958	961	969	974	977	980	986	991
1A_NB	60	d	927	932	938	945	951	954	959	963	971	975	978	981	987	/
1A_NB	61	a	938	943	950	956	962	966	971	976	983	988	991	994	1002	1007
1A_NB	61	d	940	945	951	958	964	967	973	978	985	989	992	995	1003	/
1A_NB	62	a	961	966	971	979	984	988	993	998	1005	1009	1013	1016	1024	1029
1A_NB	62	d	963	967	972	980	985	989	995	999	1006	1010	1014	1017	1025	/
1A_NB	63	a	972	977	982	988	995	999	1005	1010	1018	1022	1027	1032	1040	1045
1A_NB	63	d	974	979	983	990	996	1001	1007	1012	1020	1024	1029	1034	1041	/
1A_NB	64	a	988	993	998	1005	1011	1015	1021	1025	1031	1034	1038	1042	1049	1057
1A_NB	64	d	990	994	999	1006	1012	1016	1022	1026	1032	1035	1040	1044	1051	/
2A_NB	1	a	4	8	12	17	19	22	28	34	37	48	54	57	59	62	65	69	72	75	78	82	86	89	94	101
2A_NB	1	d	5	9	13	18	20	23	30	35	38	49	56	58	60	63	67	70	74	76	79	83	87	91	95	/
2A_NB	2	a	29	33	37	43	46	49	55	60	63	73	80	82	84	87	90	92	95	98	103	106	110	115	118	125
2A_NB	2	d	30	34	38	44	47	50	57	61	65	75	81	83	85	88	91	93	96	100	104	107	112	116	119	/
2A_NB	3	a	47	52	56	61	64	67	73	76	81	91	99	102	104	107	110	113	116	118	122	125	130	133	136	144
2A_NB	3	d	49	53	57	62	65	68	74	78	83	93	100	103	105	108	111	114	117	119	123	127	131	134	137	/
2A_NB	4	a	61	66	70	76	80	83	89	92	97	107	113	117	119	122	125	128	131	133	137	141	145	148	152	159
2A_NB	4	d	63	67	71	78	81	84	90	94	99	108	115	118	120	123	126	129	132	134	138	142	146	149	153	/
2A_NB	5	a	73	78	83	88	91	94	101	105	108	115	121	123	127	131	134	137	140	143	146	150	154	157	161	168
2A_NB	5	d	75	80	84	90	92	96	103	106	109	116	122	125	129	132	135	138	141	144	147	151	155	158	162	/
2A_NB	6	a	93	97	100	104	106	111	116	120	123	132	138	141	143	147	151	154	158	160	164	167	171	175	178	186
2A_NB	6	d	95	98	101	105	108	112	117	121	125	133	139	142	144	148	152	155	159	161	165	168	172	176	179	/
2A_NB	7	a	106	111	114	119	122	125	130	133	136	145	152	155	157	160	164	166	169	171	176	180	184	189	193	202
2A_NB	7	d	108	112	115	120	123	126	131	134	137	146	153	156	158	162	165	167	170	173	178	182	186	191	195	/
2A_NB	8	a	118	122	126	131	134	137	142	146	150	159	165	167	170	173	177	179	182	184	188	192	195	198	202	210
2A_NB	8	d	120	123	127	132	135	138	143	147	152	160	166	168	171	174	178	180	183	185	189	193	196	199	203	/
2A_NB	9	a	129	133	138	143	145	149	155	160	164	173	181	185	188	191	196	199	202	204	209	213	217	220	223	231
2A_NB	9	d	131	135	139	144	147	151	157	162	166	175	183	186	189	193	197	200	203	206	210	214	218	221	224	/
2A_NB	10	a	146	151	155	162	164	168	175	179	183	194	201	204	207	212	217	221	226	229	233	237	241	245	248	256
2A_NB	10	d	148	153	157	163	165	170	176	181	185	195	202	205	209	214	219	223	228	230	234	238	243	246	249	/
2A_NB	11	a	165	169	173	178	180	184	189	193	197	206	213	216	218	222	226	229	232	234	238	243	247	250	253	261
2A_NB	11	d	167	170	174	179	182	185	190	195	198	207	214	217	219	223	227	230	233	235	240	244	248	251	254	/
2A_NB	12	a	175	179	184	190	193	198	205	209	213	223	230	232	235	238	242	245	249	252	256	261	265	270	275	282
2A_NB	12	d	177	181	185	191	195	200	207	211	215	225	231	234	236	239	243	247	251	254	258	263	267	272	277	/
2A_NB	13	a	193	198	202	208	210	213	219	223	228	237	244	247	250	253	257	260	264	266	271	275	279	283	287	295
2A_NB	13	d	195	199	203	209	211	215	221	225	229	239	245	249	251	255	258	262	265	268	272	276	281	284	289	/
2A_NB	14	a	210	215	218	224	227	231	238	243	248	257	262	264	267	270	273	277	281	283	286	290	293	296	299	307
2A_NB	14	d	212	216	219	226	229	232	240	245	249	258	263	265	268	271	275	278	282	284	287	291	294	297	300	/
2A_NB	15	a	227	232	237	242	244	247	254	258	262	272	278	281	283	286	290	293	297	300	303	306	309	312	315	322
2A_NB	15	d	229	234	238	243	245	249	255	259	263	273	280	282	284	287	291	294	299	301	304	307	310	313	317	/
2A_NB	16	a	239	244	249	254	257	260	264	268	273	284	291	294	297	302	305	308	313	315	320	324	328	331	334	341
2A_NB	16	d	241	246	250	256	258	261	265	270	274	286	292	296	299	303	307	310	314	317	321	325	329	332	335	/
2A_NB	17	a	262	267	272	277	280	283	289	293	297	306	311	313	315	319	322	325	328	331	335	339	343	346	349	357
2A_NB	17	d	264	269	273	279	281	285	290	294	298	307	312	314	316	320	323	326	329	332	336	340	344	347	350	/
2A_NB	18	a	276	281	285	291	294	297	302	306	309	318	324	327	330	333	337	340	343	346	351	355	360	363	368	375
2A_NB	18	d	278	282	286	292	295	298	303	307	310	319	325	329	331	335	338	341	344	348	353	357	361	365	369	/
2A_NB	19	a	286	290	293	299	302	307	314	318	322	330	337	341	343	346	351	354	357	359	362	365	370	373	377	384
2A_NB	19	d	288	291	294	300	304	309	315	319	323	332	339	342	344	348	352	355	358	360	363	367	371	374	378	/
2A_NB	20	a	300	305	309	314	316	319	325	329	333	342	349	351	353	356	360	364	368	371	374	377	380	384	389	396
2A_NB	20	d	302	306	310	315	317	320	326	331	334	344	350	352	354	357	362	366	370	372	375	378	381	386	390	/
2A_NB	21	a	309	314	319	326	329	333	339	344	349	358	365	368	371	375	379	382	386	389	393	397	400	404	407	414
2A_NB	21	d	311	316	321	328	331	335	341	346	350	360	366	369	373	376	381	383	387	390	394	398	402	405	408	/
2A_NB	22	a	328	332	336	342	345	348	354	359	363	373	379	382	384	388	392	395	398	400	405	409	413	416	419	428
2A_NB	22	d	330	333	337	343	346	349	356	360	365	374	381	383	386	390	394	396	399	402	406	410	414	417	420	/
2A_NB	23	a	349	353	356	362	364	367	373	376	380	390	396	400	403	407	410	413	416	418	422	426	430	435	439	446
2A_NB	23	d	351	354	357	363	365	368	374	377	381	391	398	402	405	408	411	414	417	419	424	427	432	437	440	/
2A_NB	24	a	365	369	374	379	382	386	391	394	397	405	412	415	418	423	426	428	431	433	438	441	445	448	452	460
2A_NB	24	d	367	371	375	380	383	387	392	395	398	406	414	416	420	424	427	429	432	435	439	442	446	450	453	/
2A_NB	25	a	385	390	394	399	402	405	411	415	419	429	435	438	442	446	450	454	457	459	463	466	470	474	477	485
2A_NB	25	d	387	391	395	400	403	406	412	416	421	430	436	440	444	447	452	455	458	460	464	467	471	475	478	/
2A_NB	26	a	400	404	409	415	418	423	428	432	436	445	450	453	456	460	464	467	470	472	475	478	483	486	489	497
2A_NB	26	d	402	406	411	417	420	424	429	433	437	446	451	454	457	461	465	468	471	473	476	480	484	487	490	/
2A_NB	27	a	417	421	425	430	433	437	444	449	453	462	467	470	472	475	479	481	484	486	490	493	497	501	504	511
2A_NB	27	d	419	422	426	431	434	439	446	450	454	463	468	471	473	476	480	482	485	487	491	494	498	502	505	/
2A_NB	28	a	428	433	438	445	448	453	458	462	466	475	481	484	486	489	493	495	498	500	504	507	512	515	518	525
2A_NB	28	d	430	435	440	447	450	454	459	463	467	476	482	485	487	490	494	496	499	501	505	509	513	516	519	/
2A_NB	29	a	445	449	454	460	463	468	473	476	479	488	494	497	499	502	505	508	511	514	518	522	525	529	533	540
2A_NB	29	d	447	451	456	462	465	469	474	477	480	489	495	498	500	503	506	509	512	515	519	523	526	530	534	/
2A_NB	30	a	461	465	470	477	480	484	491	495	499	510	518	521	523	527	531	534	537	540	543	547	552	556	560	566
2A_NB	30	d	463	467	472	479	482	486	493	496	501	512	519	522	524	528	532	535	538	541	544	549	554	558	561	/
2A_NB	31	a	478	483	487	493	495	499	504	509	513	525	531	534	536	540	543	547	551	553	557	562	565	568	571	578
2A_NB	31	d	480	484	488	494	496	500	506	510	514	526	533	535	537	541	545	548	552	555	558	563	566	569	572	/
2A_NB	32	a	491	496	500	505	508	512	517	520	524	534	540	543	546	550	554	557	560	562	565	570	574	578	581	588
2A_NB	32	d	493	497	501	506	510	513	518	521	525	535	541	545	547	552	555	558	561	563	566	571	575	579	582	/
2A_NB	33	a	508	512	516	521	523	526	531	535	539	549	555	559	561	564	568	571	575	578	582	586	589	593	597	603
2A_NB	33	d	510	513	517	522	524	527	532	536	540	551	557	560	562	566	569	572	576	579	583	587	590	594	598	/
2A_NB	34	a	522	526	530	536	539	543	549	554	559	570	576	578	580	583	587	589	592	594	597	600	604	608	611	618
2A_NB	34	d	524	527	531	537	540	544	551	556	560	571	577	579	581	584	588	590	593	595	598	601	605	609	612	/
2A_NB	35	a	539	543	547	553	555	559	565	568	572	580	587	589	591	594	597	599	603	606	610	613	617	621	624	633
2A_NB	35	d	541	544	548	554	557	560	566	569	573	582	588	590	592	595	598	600	604	607	611	614	619	622	625	/
2A_NB	36	a	553	557	562	567	569	572	578	582	586	595	601	604	607	610	613	615	618	620	624	627	631	635	638	645
2A_NB	36	d	555	558	563	568	570	574	579	584	587	596	602	606	608	611	614	616	619	621	625	628	632	636	639	/
2A_NB	37	a	566	570	575	580	584	587	593	597	601	609	616	620	623	626	630	632	636	638	642	647	651	654	657	663
2A_NB	37	d	568	572	576	582	585	588	594	598	602	610	618	622	624	627	631	634	637	639	644	649	652	655	658	/
2A_NB	38	a	583	588	593	599	602	605	610	614	618	625	631	634	637	640	644	647	652	654	659	663	667	670	673	681
2A_NB	38	d	585	589	594	600	603	606	611	616	619	626	632	635	638	641	645	649	653	656	660	664	668	671	675	/
2A_NB	39	a	602	607	612	618	620	623	629	633	636	646	652	654	657	660	664	668	672	675	680	684	688	691	696	704
2A_NB	39	d	604	608	613	619	621	624	630	634	638	647	653	655	658	662	666	669	674	677	681	686	689	693	697	/
2A_NB	40	a	614	619	623	629	631	635	641	645	648	658	664	668	670	673	676	678	682	685	689	692	696	699	703	711
2A_NB	40	d	616	620	624	630	632	637	642	646	649	660	666	669	671	674	677	679	683	686	690	693	697	700	705	/
2A_NB	41	a	634	638	642	648	651	654	659	662	665	673	680	682	685	688	692	695	699	703	706	710	714	717	720	728
2A_NB	41	d	636	639	643	649	652	655	660	663	666	675	681	683	686	689	693	696	701	704	707	711	715	718	721	/
2A_NB	42	a	649	653	657	662	665	669	674	678	682	690	696	699	702	706	709	711	715	718	722	726	730	733	736	746
2A_NB	42	d	651	654	658	664	667	670	675	679	683	691	697	700	703	707	710	712	716	720	723	727	731	734	738	/
2A_NB	43	a	661	665	670	676	680	684	691	695	698	706	713	715	718	722	727	730	733	736	739	743	747	750	754	762
2A_NB	43	d	663	667	672	678	682	686	693	696	699	707	714	716	720	724	728	731	734	737	740	744	748	752	755	/
2A_NB	44	a	677	682	686	693	697	702	708	713	717	725	733	735	737	741	745	748	752	755	759	763	766	769	772	778
2A_NB	44	d	679	683	688	695	699	704	710	715	719	727	734	736	738	743	746	750	753	757	760	764	767	770	773	/
2A_NB	45	a	698	702	706	711	713	717	724	729	734	741	748	751	754	757	760	763	766	770	775	780	785	789	794	802
2A_NB	45	d	700	703	707	712	714	719	726	731	735	743	749	752	755	758	761	764	768	772	777	782	787	791	796	/
2A_NB	46	a	712	717	721	726	728	732	738	743	748	758	763	766	768	772	775	778	782	784	788	792	797	801	804	811
2A_NB	46	d	714	718	722	727	729	733	740	745	750	759	765	767	769	773	776	779	783	785	789	794	798	802	805	/
2A_NB	47	a	735	740	743	749	752	756	762	766	770	778	783	785	787	791	794	796	799	802	806	810	814	817	820	828
2A_NB	47	d	737	741	744	750	753	757	763	767	771	779	784	786	788	792	795	797	801	803	808	812	815	818	821	/
2A_NB	48	a	743	748	753	760	763	767	772	776	780	789	795	797	800	804	807	809	813	815	819	823	826	829	832	838
2A_NB	48	d	745	750	755	761	765	768	773	777	782	790	796	798	801	805	808	811	814	816	820	824	827	830	833	/
2A_NB	49	a	762	766	771	778	781	785	791	794	798	808	815	819	823	826	830	833	836	838	841	845	850	853	856	863
2A_NB	49	d	764	768	773	780	782	787	792	795	799	810	817	821	824	827	831	834	837	839	842	847	851	854	857	/
2A_NB	50	a	782	786	790	796	800	803	808	812	816	826	832	836	840	844	848	851	855	858	861	865	868	871	875	883
2A_NB	50	d	784	787	791	798	801	804	809	813	817	827	834	838	841	845	849	852	856	859	862	866	869	872	876	/
2A_NB	51	a	801	805	809	815	817	822	828	832	836	846	851	853	855	859	862	865	869	872	876	880	883	887	890	896
2A_NB	51	d	803	806	810	816	819	823	829	833	837	847	852	854	856	860	863	866	871	873	877	881	884	888	891	/
2A_NB	52	a	810	814	818	824	827	831	836	840	843	852	857	860	864	869	873	876	880	883	887	891	895	899	902	910
2A_NB	52	d	812	815	819	825	828	832	837	841	844	853	859	862	866	871	874	877	882	884	888	892	896	900	903	/
2A_NB	53	a	824	828	832	839	842	845	850	853	857	865	871	874	877	880	883	886	891	894	898	902	907	911	914	921
2A_NB	53	d	826	829	834	840	843	846	851	855	858	866	873	875	878	881	884	888	893	896	899	904	909	912	915	/
2A_NB	54	a	839	844	848	854	856	860	866	870	874	883	890	892	894	899	903	906	909	911	915	919	922	925	928	938
2A_NB	54	d	841	845	849	855	857	861	867	871	875	885	891	893	896	900	904	907	910	912	916	920	923	926	930	/
2A_NB	55	a	853	858	862	867	869	873	880	884	887	897	903	905	908	913	917	920	925	927	932	936	940	943	946	955
2A_NB	55	d	855	859	863	868	870	874	881	885	888	898	904	907	910	914	918	922	926	929	933	937	941	944	947	/
2A_NB	56	a	869	873	877	883	885	888	894	899	902	912	919	922	925	929	932	935	939	941	945	949	952	955	958	966
2A_NB	56	d	871	874	878	884	886	890	896	900	903	914	920	923	926	930	933	936	940	942	946	950	953	956	960	/
2A_NB	57	a	887	891	895	901	904	908	914	918	923	931	937	940	942	946	949	952	956	959	963	967	970	973	977	984
2A_NB	57	d	889	892	896	902	905	909	915	920	924	932	938	941	944	947	950	954	958	960	965	968	971	974	978	/
2A_NB	58	a	898	903	907	912	915	919	924	929	932	942	948	951	953	958	961	964	968	970	974	979	983	988	992	998
2A_NB	58	d	900	904	908	913	917	920	926	930	933	943	949	952	955	959	962	966	969	971	976	981	985	990	993	/
2A_NB	59	a	912	917	922	928	931	935	941	946	951	960	966	968	970	974	977	981	984	987	991	994	997	1002	1005	1013
2A_NB	59	d	914	919	924	929	933	936	943	948	952	961	967	969	972	975	979	982	986	989	992	995	999	1003	1006	/
2A_NB	60	a	934	938	943	949	952	955	960	963	966	975	981	983	986	990	993	995	998	1000	1004	1008	1011	1015	1019	1028
2A_NB	60	d	936	940	944	950	953	956	961	964	967	976	982	984	988	991	994	996	999	1001	1005	1009	1012	1016	1021	/
2A_NB	61	a	947	952	957	964	967	971	977	981	985	993	1001	1003	1007	1011	1014	1016	1019	1022	1026	1029	1032	1036	1039	1047
2A_NB	61	d	949	954	959	966	969	973	978	983	987	995	1002	1005	1008	1012	1015	1017	1020	1023	1027	1030	1033	1037	1040	/
2A_NB	62	a	964	969	973	979	982	986	992	997	1001	1010	1016	1019	1023	1027	1031	1034	1037	1040	1044	1048	1051	1054	1058	1065
2A_NB	62	d	966	970	974	980	983	988	994	998	1002	1011	1017	1021	1024	1028	1032	1035	1038	1041	1045	1049	1052	1056	1059	/
2A_NB	63	a	977	982	986	991	994	998	1003	1007	1011	1023	1031	1034	1036	1040	1043	1046	1049	1052	1056	1060	1063	1066	1069	1078
2A_NB	63	d	979	983	987	992	995	999	1004	1008	1013	1025	1033	1035	1038	1041	1045	1047	1050	1053	1057	1061	1064	1067	1071	/
2A_NB	64	a	997	1002	1006	1011	1015	1019	1024	1027	1031	1042	1048	1051	1053	1057	1060	1063	1067	1070	1074	1077	1080	1084	1087	1093
2A_NB	64	d	999	1003	1007	1013	1016	1020	1025	1028	1032	1043	1049	1052	1054	1058	1061	1064	1068	1071	1075	1078	1081	1085	1088	/
2A_SB	1	a	5	11	17	21	25	28	31	34	37	41	45	48	52	55	60	67	73	76	80	85	88	93	97	100	110
2A_SB	1	d	6	12	18	22	26	30	32	35	38	42	46	50	53	57	62	68	74	77	81	86	90	94	98	101	/
2A_SB	2	a	19	25	30	34	38	41	44	49	54	59	64	68	72	77	81	89	94	97	101	107	110	114	119	122	131
2A_SB	2	d	20	26	31	35	40	43	46	51	56	61	66	70	74	79	83	90	95	98	102	108	111	116	120	123	/
2A_SB	3	a	38	44	49	54	58	60	63	68	73	78	83	86	90	94	98	106	112	116	120	126	129	134	138	141	151
2A_SB	3	d	39	45	51	56	59	62	65	70	75	80	85	88	92	95	99	107	113	117	121	127	130	135	139	142	/
2A_SB	4	a	53	60	66	70	73	76	79	84	89	94	99	103	108	112	115	122	128	132	136	141	144	148	152	156	166
2A_SB	4	d	55	61	68	71	74	78	81	86	91	96	101	105	109	113	116	123	129	133	137	142	145	149	153	157	/
2A_SB	5	a	69	76	83	88	93	96	98	101	105	109	112	116	120	123	126	133	139	143	147	152	154	158	162	166	175
2A_SB	5	d	71	78	85	90	95	97	99	102	106	110	114	117	121	124	127	134	140	144	148	153	155	159	163	167	/
2A_SB	6	a	93	99	105	108	111	113	115	118	122	126	129	131	135	138	142	149	154	157	161	167	170	174	178	181	191
2A_SB	6	d	95	100	106	109	112	114	116	120	123	127	130	132	136	140	143	150	155	158	162	168	171	175	179	182	/
2A_SB	7	a	107	114	120	123	126	128	130	133	137	142	146	149	153	156	160	168	174	178	182	189	192	196	200	203	213
2A_SB	7	d	109	115	121	124	127	129	131	135	139	143	148	150	154	157	161	169	176	179	183	190	193	198	201	205	/
2A_SB	8	a	127	134	139	142	145	147	149	152	155	159	163	165	169	172	176	184	189	192	196	202	205	210	214	217	226
2A_SB	8	d	129	135	140	143	146	148	150	153	156	160	164	166	170	173	177	185	190	193	197	203	206	211	215	218	/
2A_SB	9	a	143	148	153	158	162	165	168	171	175	178	182	185	188	191	194	200	206	209	213	220	223	227	231	234	244
2A_SB	9	d	145	149	155	160	163	166	169	172	176	179	183	186	189	192	195	201	207	210	214	221	224	228	232	235	/
2A_SB	10	a	154	160	165	170	173	175	179	184	187	191	196	199	203	206	210	217	224	227	231	239	242	246	249	252	263
2A_SB	10	d	156	161	167	171	174	177	181	185	188	193	198	200	204	207	211	219	225	229	233	241	243	247	250	253	/
2A_SB	11	a	176	182	188	191	194	197	199	202	206	211	216	219	222	227	230	236	242	246	249	254	256	260	264	267	278
2A_SB	11	d	178	183	189	192	195	198	200	203	208	213	218	220	224	228	231	237	243	247	250	255	257	261	265	269	/
2A_SB	12	a	186	193	200	204	208	212	216	219	223	228	232	234	239	242	245	253	259	263	267	272	276	280	283	287	298
2A_SB	12	d	188	195	202	206	210	214	217	221	225	229	233	236	240	243	246	254	260	264	268	274	277	281	284	288	/
2A_SB	13	a	204	210	216	219	223	227	229	232	236	241	245	248	251	255	259	265	271	275	279	284	286	291	295	299	310
2A_SB	13	d	206	211	217	221	225	228	230	234	238	242	246	249	253	257	260	266	272	276	280	285	287	292	296	300	/
2A_SB	14	a	216	222	229	234	239	243	247	252	256	260	264	267	271	275	279	287	292	295	299	305	308	313	317	321	332
2A_SB	14	d	218	224	231	236	241	245	249	254	258	261	265	268	272	276	280	288	293	296	300	306	309	315	318	322	/
2A_SB	15	a	234	241	248	253	257	260	264	268	271	274	278	280	283	287	291	300	308	312	315	320	323	328	331	336	345
2A_SB	15	d	236	243	250	255	258	262	266	269	272	275	279	281	285	288	293	302	309	313	316	321	324	329	333	337	/
2A_SB	16	a	253	259	265	268	273	276	279	282	287	290	293	295	299	303	306	314	321	325	329	335	338	343	347	351	362
2A_SB	16	d	255	260	266	270	274	277	280	284	288	291	294	296	300	304	307	315	322	326	330	336	340	345	348	352	/
2A_SB	17	a	268	274	279	282	287	289	292	295	299	302	305	307	310	314	317	325	332	335	338	345	347	351	354	358	369
2A_SB	17	d	270	275	280	284	288	290	293	296	300	303	306	308	311	315	318	326	333	336	340	346	348	352	355	359	/
2A_SB	18	a	283	290	295	298	301	304	306	309	312	315	318	320	324	328	333	340	345	349	353	359	362	366	369	373	383
2A_SB	18	d	285	291	296	299	302	305	307	310	313	316	319	321	326	330	334	341	347	350	354	360	363	367	370	374	/
2A_SB	19	a	294	301	308	311	314	317	320	323	327	331	334	338	343	348	352	360	365	369	372	379	381	385	388	392	403
2A_SB	19	d	296	303	309	312	315	318	321	324	328	332	336	340	345	349	353	361	366	370	373	380	382	386	390	393	/
2A_SB	20	a	305	311	318	322	327	331	334	339	343	348	352	355	360	364	368	375	382	385	389	395	398	402	405	408	417
2A_SB	20	d	307	313	320	324	329	332	336	340	345	349	354	357	362	366	369	376	383	386	390	396	399	403	406	409	/
2A_SB	21	a	333	340	346	349	353	356	358	361	364	368	372	374	378	381	385	393	399	402	406	411	414	419	423	426	437
2A_SB	21	d	335	341	347	350	354	357	359	362	365	369	373	375	379	382	386	394	400	403	407	412	415	420	424	427	/
2A_SB	22	a	347	353	360	364	367	370	373	376	380	385	389	392	395	398	402	410	416	419	422	429	431	435	439	442	451
2A_SB	22	d	349	354	361	365	368	371	374	377	382	387	390	393	396	400	403	411	417	420	423	430	432	436	440	443	/
2A_SB	23	a	359	366	372	377	381	384	388	392	397	401	405	408	412	416	420	427	434	438	441	447	449	454	458	461	470
2A_SB	23	d	361	367	374	379	382	386	390	394	398	402	406	409	413	417	421	428	435	439	442	448	450	455	459	462	/
2A_SB	24	a	377	384	389	393	397	400	403	407	412	417	420	423	426	430	435	443	449	453	457	463	467	472	475	478	487
2A_SB	24	d	379	385	391	394	398	401	405	409	414	418	422	424	428	432	436	444	450	454	458	465	468	473	476	479	/
2A_SB	25	a	394	400	405	410	414	418	421	424	427	431	436	439	442	445	449	456	463	467	471	478	482	486	489	494	504
2A_SB	25	d	396	401	407	411	416	419	422	425	428	433	438	440	443	446	451	458	465	468	472	480	483	487	491	496	/
2A_SB	26	a	412	418	424	427	431	434	437	440	444	448	453	455	458	461	464	471	478	482	486	492	495	501	505	508	518
2A_SB	26	d	414	420	425	428	432	435	438	441	446	450	454	456	459	462	465	473	480	483	487	493	497	502	506	510	/
2A_SB	27	a	427	433	440	443	447	450	452	455	459	462	466	468	471	475	479	487	493	498	501	506	509	514	519	522	531
2A_SB	27	d	429	435	441	444	448	451	453	456	460	463	467	469	472	476	480	488	495	499	502	507	510	516	520	523	/
2A_SB	28	a	440	446	452	455	459	461	463	466	471	476	481	483	487	491	495	503	509	512	516	522	525	530	533	536	546
2A_SB	28	d	442	447	453	457	460	462	464	468	473	478	482	484	489	492	497	504	510	513	517	523	526	531	534	537	/
2A_SB	29	a	454	461	468	472	477	480	484	488	493	498	501	503	506	510	513	520	526	529	532	537	540	545	549	552	563
2A_SB	29	d	456	463	469	474	479	482	486	490	495	499	502	504	507	511	514	521	527	530	533	538	541	546	550	553	/
2A_SB	30	a	472	478	484	487	491	494	496	499	502	506	509	511	516	519	523	530	535	538	541	546	549	554	557	561	571
2A_SB	30	d	474	480	485	489	493	495	497	500	503	507	510	513	517	521	524	531	536	539	542	547	550	555	558	562	/
2A_SB	31	a	486	493	498	502	506	509	513	516	519	523	526	529	534	538	542	549	554	558	562	567	569	573	576	580	589
2A_SB	31	d	488	494	499	504	508	511	514	517	520	524	527	531	536	540	543	550	555	559	563	568	570	574	577	581	/
2A_SB	32	a	502	508	516	520	523	525	528	531	534	538	543	546	550	553	556	563	568	572	576	581	585	590	594	598	607
2A_SB	32	d	504	510	517	521	524	526	529	532	536	540	544	547	551	554	557	564	569	573	577	583	587	592	596	600	/
2A_SB	33	a	516	523	530	534	537	540	543	547	551	554	557	559	562	565	569	577	583	587	591	598	601	605	609	612	620
2A_SB	33	d	518	525	531	535	538	542	545	548	552	555	558	560	563	566	571	579	585	588	592	599	602	606	610	613	/
2A_SB	34	a	530	536	542	545	548	550	552	555	559	563	566	569	572	576	579	587	593	596	600	606	609	613	617	621	630
2A_SB	34	d	532	537	543	546	549	551	553	556	560	564	568	570	573	577	581	588	594	597	602	607	610	614	618	622	/
2A_SB	35	a	547	553	559	564	568	570	574	577	580	584	587	589	593	596	599	607	613	617	621	626	629	634	638	643	652
2A_SB	35	d	549	554	561	565	569	572	575	578	582	585	588	590	594	597	601	608	614	618	622	627	630	635	640	644	/
2A_SB	36	a	565	572	579	583	586	590	593	596	599	603	607	609	613	616	620	627	633	636	641	647	650	655	658	661	670
2A_SB	36	d	567	574	580	584	588	591	594	597	600	604	608	611	614	618	622	628	634	638	642	648	651	656	659	663	/
2A_SB	37	a	581	587	593	596	600	603	606	609	612	616	620	622	625	629	632	639	645	648	652	658	661	665	668	672	680
2A_SB	37	d	583	589	594	597	601	604	607	610	613	617	621	623	626	630	633	640	646	650	653	659	662	666	669	673	/
2A_SB	38	a	589	596	601	605	609	613	616	619	622	626	630	633	636	640	644	653	659	664	667	673	676	681	685	689	698
2A_SB	38	d	591	597	603	607	611	615	617	620	623	627	632	634	637	642	646	654	661	665	668	674	678	683	687	691	/
2A_SB	39	a	607	614	621	624	627	631	634	638	641	644	649	652	656	660	665	672	678	681	685	692	695	699	703	707	716
2A_SB	39	d	609	615	622	625	629	632	635	639	642	646	651	654	658	662	666	673	679	682	686	693	696	700	704	708	/
2A_SB	40	a	625	631	638	641	644	647	650	653	656	661	664	666	670	674	677	684	689	692	695	700	703	707	711	715	724
2A_SB	40	d	627	633	639	642	645	648	651	654	658	662	665	667	671	675	678	685	690	693	696	701	704	708	712	716	/
2A_SB	41	a	637	644	650	653	656	659	662	665	668	672	675	677	682	685	688	696	701	704	709	717	721	727	731	735	746
2A_SB	41	d	639	645	651	654	657	660	663	666	669	673	676	679	683	686	690	697	702	706	711	719	723	728	732	736	/
2A_SB	42	a	653	659	665	668	671	673	677	680	684	688	692	695	699	702	706	715	721	725	728	733	735	739	743	747	759
2A_SB	42	d	655	660	666	669	672	675	678	682	685	690	694	696	700	703	707	716	722	726	729	734	736	740	745	749	/
2A_SB	43	a	661	667	674	677	680	683	686	689	694	699	703	706	709	713	718	726	731	735	739	745	748	752	756	759	770
2A_SB	43	d	663	669	675	678	681	684	687	691	696	701	705	707	711	715	720	727	732	736	740	746	749	754	757	761	/
2A_SB	44	a	672	678	685	689	693	697	699	703	707	712	716	719	723	727	730	738	744	748	753	758	761	765	769	772	782
2A_SB	44	d	674	680	687	691	695	698	700	704	709	714	718	720	724	728	732	740	746	750	754	759	762	766	770	773	/
2A_SB	45	a	698	704	710	713	717	719	721	724	728	732	735	737	742	745	749	755	761	765	770	776	778	782	785	789	799
2A_SB	45	d	700	705	711	714	718	720	722	725	729	733	736	739	743	746	750	756	763	767	771	777	779	783	786	790	/
2A_SB	46	a	708	714	720	723	726	728	730	734	739	742	746	748	752	756	760	766	773	776	780	788	792	798	803	808	818
2A_SB	46	d	710	715	721	724	727	729	732	736	740	743	747	750	754	757	761	768	774	777	782	790	794	800	805	810	/
2A_SB	47	a	724	730	736	740	743	745	748	751	755	759	763	767	771	774	778	786	791	795	798	804	807	812	816	820	829
2A_SB	47	d	726	731	738	741	744	746	749	752	756	760	765	768	772	776	780	787	792	796	799	805	808	813	817	821	/
2A_SB	48	a	740	746	751	756	759	761	764	769	772	776	779	782	786	789	793	801	807	810	814	821	824	828	831	835	844
2A_SB	48	d	742	747	753	757	760	762	766	770	773	777	781	783	787	790	795	802	808	812	815	822	825	829	832	836	/
2A_SB	49	a	757	764	769	772	775	778	781	786	789	793	797	800	804	807	810	818	825	830	834	840	843	847	850	853	862
2A_SB	49	d	759	765	770	773	776	779	783	787	790	794	798	801	805	808	812	820	827	832	835	841	844	848	851	854	/
2A_SB	50	a	775	781	786	789	792	794	798	801	805	809	812	814	818	821	824	830	837	841	845	851	854	859	862	865	874
2A_SB	50	d	777	782	787	790	793	796	799	802	806	810	813	815	819	822	825	831	838	843	846	852	855	860	863	866	/
2A_SB	51	a	789	796	802	805	808	812	815	819	822	826	830	832	835	839	842	850	855	858	862	868	871	875	879	884	895
2A_SB	51	d	791	797	803	806	810	813	816	820	823	827	831	833	836	840	843	851	856	859	863	869	872	877	881	886	/
2A_SB	52	a	808	814	820	824	827	830	833	837	840	844	848	850	853	856	860	869	876	880	883	889	892	896	900	904	915
2A_SB	52	d	810	815	821	825	828	831	835	838	841	845	849	851	854	858	862	871	877	881	884	890	893	897	902	906	/
2A_SB	53	a	825	832	839	842	845	848	850	853	856	860	865	867	871	875	879	885	891	896	901	906	909	913	917	921	929
2A_SB	53	d	827	833	840	843	846	849	851	854	857	862	866	869	873	876	880	886	893	898	902	907	910	914	919	922	/
2A_SB	54	a	840	846	851	854	857	859	862	866	870	874	878	881	884	887	890	898	904	907	911	916	919	924	927	930	940
2A_SB	54	d	842	847	852	855	858	860	863	867	871	875	879	882	885	888	892	899	905	908	912	917	920	925	928	932	/
2A_SB	55	a	854	860	865	868	871	873	876	879	883	888	892	894	897	900	904	912	919	923	927	932	934	938	942	946	958
2A_SB	55	d	856	861	866	869	872	874	877	881	885	889	893	895	898	901	906	914	921	924	928	933	935	939	943	948	/
2A_SB	56	a	871	877	883	887	892	895	897	901	904	908	913	915	920	924	927	934	939	942	945	951	954	960	964	968	981
2A_SB	56	d	873	878	884	889	893	896	898	902	905	909	914	917	921	925	928	935	940	943	947	952	956	962	965	970	/
2A_SB	57	a	877	883	890	895	900	903	907	910	913	918	923	926	931	934	938	946	951	954	957	962	965	970	973	977	988
2A_SB	57	d	879	885	892	897	902	905	908	911	915	920	925	928	932	936	940	947	952	955	958	963	966	971	974	979	/
2A_SB	58	a	900	906	911	915	920	924	926	929	932	935	939	941	945	949	953	961	966	970	974	980	983	987	991	995	1004
2A_SB	58	d	902	907	912	917	922	925	927	930	933	936	940	942	946	950	955	962	968	971	975	981	984	988	992	996	/
2A_SB	59	a	913	920	926	931	935	939	943	947	951	954	959	962	966	970	973	980	985	988	992	998	1001	1005	1010	1013	1025
2A_SB	59	d	915	921	928	933	937	941	945	948	952	956	960	963	967	971	974	981	986	989	993	999	1002	1007	1011	1014	/
2A_SB	60	a	924	931	937	941	944	948	952	956	961	966	970	973	977	980	983	991	997	1001	1005	1011	1013	1018	1022	1026	1037
2A_SB	60	d	926	932	938	942	946	950	954	958	963	967	971	974	978	981	985	992	998	1002	1007	1012	1014	1019	1024	1027	/
2A_SB	61	a	944	949	955	958	962	965	968	972	977	980	983	986	989	992	996	1005	1011	1014	1018	1023	1025	1029	1033	1036	1047
2A_SB	61	d	946	950	956	960	964	967	970	974	978	981	984	987	990	993	998	1007	1012	1015	1019	1024	1026	1030	1034	1038	/
2A_SB	62	a	965	972	977	981	985	989	993	997	1000	1004	1007	1010	1014	1017	1021	1028	1033	1036	1040	1045	1048	1052	1056	1060	1069
2A_SB	62	d	967	973	979	983	987	991	994	998	1001	1005	1008	1011	1015	1018	1022	1029	1034	1037	1041	1046	1049	1053	1057	1061	/
2A_SB	63	a	977	984	990	993	997	1001	1004	1007	1010	1014	1018	1021	1024	1028	1031	1039	1044	1048	1052	1057	1060	1066	1070	1074	1083
2A_SB	63	d	979	985	991	994	999	1002	1005	1008	1011	1016	1020	1022	1025	1029	1033	1040	1045	1049	1053	1058	1062	1068	1072	1075	/
2A_SB	64	a	996	1004	1010	1013	1016	1020	1022	1025	1029	1033	1038	1040	1043	1047	1051	1058	1064	1068	1072	1079	1082	1087	1090	1094	1103
2A_SB	64	d	998	1005	1011	1014	1018	1021	1023	1026	1030	1035	1039	1041	1044	1048	1052	1059	1065	1069	1073	1080	1083	1088	1091	1095	/
3A_SB	1	a	4	10	13	16	19	22	24	28	32	36	40	44	47	54	58
3A_SB	1	d	5	11	14	17	20	23	25	29	34	37	41	45	48	56	/
3A_SB	2	a	30	35	39	43	47	50	52	55	59	61	66	69	73	80	84
3A_SB	2	d	31	36	40	44	48	51	53	56	60	62	67	70	74	81	/
3A_SB	3	a	50	56	60	64	67	69	71	75	79	81	87	91	94	100	103
3A_SB	3	d	51	57	61	65	68	70	72	76	80	83	89	92	95	101	/
3A_SB	4	a	60	65	69	73	77	79	81	85	89	91	96	99	102	108	112
3A_SB	4	d	61	67	70	75	78	80	82	86	90	92	97	100	103	110	/
3A_SB	5	a	75	81	85	89	92	94	97	100	104	106	111	114	117	123	127
3A_SB	5	d	76	82	86	90	93	95	98	101	105	107	112	115	118	124	/
3A_SB	6	a	93	99	103	108	112	114	116	120	124	127	132	135	138	143	146
3A_SB	6	d	94	100	105	109	113	115	117	121	125	128	133	136	139	144	/
3A_SB	7	a	101	107	110	114	119	121	123	127	131	134	139	142	145	150	154
3A_SB	7	d	102	108	111	116	120	122	124	128	132	135	140	143	146	151	/
3A_SB	8	a	121	126	129	133	137	139	141	144	147	149	154	157	160	166	171
3A_SB	8	d	122	127	130	135	138	140	142	145	148	150	155	158	161	168	/
3A_SB	9	a	135	140	144	148	153	155	159	163	168	170	175	179	183	188	192
3A_SB	9	d	136	142	146	150	154	157	161	165	169	171	176	180	184	189	/
3A_SB	10	a	149	154	158	163	167	169	172	176	181	183	187	190	194	200	203
3A_SB	10	d	150	156	160	165	168	170	174	178	182	184	188	191	195	201	/
3A_SB	11	a	173	178	183	186	189	191	194	198	201	203	208	211	215	221	224
3A_SB	11	d	174	180	184	187	190	192	195	199	202	204	209	212	216	222	/
3A_SB	12	a	188	194	198	202	205	208	210	213	217	219	224	227	231	236	239
3A_SB	12	d	189	195	199	203	206	209	211	214	218	220	225	228	232	237	/
3A_SB	13	a	198	204	208	213	217	221	223	227	231	233	238	242	246	253	257
3A_SB	13	d	199	205	210	214	219	222	225	229	232	234	240	244	248	255	/
3A_SB	14	a	217	222	225	230	235	239	241	244	247	249	254	257	261	267	270
3A_SB	14	d	218	223	227	232	237	240	242	245	248	250	255	258	262	268	/
3A_SB	15	a	228	233	237	242	246	250	253	258	262	264	269	272	275	281	284
3A_SB	15	d	229	234	239	244	248	252	255	259	263	265	270	273	276	282	/
3A_SB	16	a	244	250	253	258	262	266	269	273	277	279	284	288	291	296	299
3A_SB	16	d	245	251	255	259	264	267	270	274	278	280	285	289	292	297	/
3A_SB	17	a	259	264	268	273	277	279	282	287	290	292	296	300	303	309	312
3A_SB	17	d	260	265	270	274	278	280	284	288	291	293	297	301	304	310	/
3A_SB	18	a	275	280	283	288	291	294	296	300	304	306	311	315	318	323	326
3A_SB	18	d	276	281	285	289	292	295	297	301	305	307	312	316	319	324	/
3A_SB	19	a	292	296	299	303	306	308	311	315	319	321	326	329	333	339	343
3A_SB	19	d	293	297	300	304	307	309	312	316	320	322	327	330	334	340	/
3A_SB	20	a	308	313	318	322	325	327	329	332	336	338	342	346	349	354	358
3A_SB	20	d	309	315	319	323	326	328	330	333	337	339	343	347	350	355	/
3A_SB	21	a	320	324	329	332	335	337	339	342	346	348	352	355	358	363	366
3A_SB	21	d	321	326	330	333	336	338	340	343	347	349	353	356	359	364	/
3A_SB	22	a	339	344	348	352	355	358	361	364	368	370	375	379	382	388	392
3A_SB	22	d	340	345	349	353	356	360	362	365	369	371	376	380	383	389	/
3A_SB	23	a	348	354	358	363	367	370	373	378	382	384	389	392	395	401	405
3A_SB	23	d	349	355	360	365	369	372	375	379	383	385	390	393	396	402	/
3A_SB	24	a	365	370	373	378	381	384	386	390	394	396	401	404	408	413	416
3A_SB	24	d	366	371	375	379	382	385	387	391	395	397	402	406	409	414	/
3A_SB	25	a	378	384	388	392	395	397	399	402	406	408	414	418	422	429	433
3A_SB	25	d	379	385	389	393	396	398	400	403	407	410	416	420	424	430	/
3A_SB	26	a	389	394	397	401	404	406	408	412	416	418	423	426	429	436	440
3A_SB	26	d	390	395	398	402	405	407	409	413	417	419	424	427	431	438	/
3A_SB	27	a	401	406	410	415	419	422	425	428	432	434	438	441	445	451	454
3A_SB	27	d	402	407	412	417	420	423	426	429	433	435	439	442	446	452	/
3A_SB	28	a	419	424	428	433	437	441	445	449	453	455	459	462	465	472	476
3A_SB	28	d	420	426	430	435	439	443	446	450	454	456	460	463	466	474	/
3A_SB	29	a	428	433	436	441	444	448	452	455	459	461	465	468	471	478	481
3A_SB	29	d	429	434	438	442	446	450	453	456	460	462	466	469	472	479	/
3A_SB	30	a	450	455	458	463	467	470	473	478	482	484	489	492	495	501	504
3A_SB	30	d	451	456	460	465	469	472	475	480	483	485	490	493	496	502	/
3A_SB	31	a	468	474	478	482	485	488	490	493	497	499	504	508	511	516	520
3A_SB	31	d	469	475	480	483	486	489	491	495	498	500	505	509	512	517	/
3A_SB	32	a	485	491	494	498	502	505	507	511	515	517	522	526	530	536	540
3A_SB	32	d	486	492	495	499	503	506	508	512	516	518	523	528	531	537	/
3A_SB	33	a	504	510	514	518	521	523	526	529	533	535	540	543	546	551	554
3A_SB	33	d	505	511	515	519	522	525	527	530	534	536	541	544	547	552	/
3A_SB	34	a	515	520	525	530	535	538	542	545	549	551	557	561	565	571	574
3A_SB	34	d	516	522	527	532	536	540	543	546	550	552	558	562	566	572	/
3A_SB	35	a	528	533	537	542	546	549	553	558	563	566	571	575	578	583	586
3A_SB	35	d	529	534	539	544	548	551	555	560	564	567	572	576	579	584	/
3A_SB	36	a	541	546	550	554	558	561	564	569	574	576	582	586	589	595	599
3A_SB	36	d	542	547	552	556	560	563	566	571	575	577	583	587	590	596	/
3A_SB	37	a	562	567	570	575	580	583	586	590	594	596	600	603	606	612	617
3A_SB	37	d	563	568	572	577	582	585	587	591	595	597	601	604	608	614	/
3A_SB	38	a	579	584	588	592	595	598	600	604	608	610	615	619	622	627	631
3A_SB	38	d	580	585	589	593	596	599	602	605	609	611	616	620	623	629	/
3A_SB	39	a	597	602	606	610	613	616	620	624	628	630	635	638	641	648	651
3A_SB	39	d	598	603	607	611	614	618	622	625	629	631	636	639	643	649	/
3A_SB	40	a	611	616	619	623	626	628	631	634	638	641	646	650	655	661	666
3A_SB	40	d	612	617	620	624	627	629	632	635	639	642	648	652	657	663	/
3A_SB	41	a	626	632	635	638	641	644	648	651	655	659	665	668	671	677	681
3A_SB	41	d	627	633	636	639	642	646	649	652	657	661	666	669	672	679	/
3A_SB	42	a	635	640	643	648	651	654	658	661	664	668	674	678	682	690	694
3A_SB	42	d	636	641	645	649	653	656	659	662	666	670	676	680	684	692	/
3A_SB	43	a	649	655	659	664	668	670	672	677	681	684	688	692	695	701	704
3A_SB	43	d	650	656	661	665	669	671	674	678	682	685	690	693	696	702	/
3A_SB	44	a	666	671	676	681	685	688	692	697	701	703	709	712	715	721	725
3A_SB	44	d	667	673	678	683	687	690	694	698	702	705	710	713	716	723	/
3A_SB	45	a	683	688	692	696	700	703	706	711	715	719	724	727	731	737	740
3A_SB	45	d	684	689	694	698	701	705	708	712	717	721	725	729	733	738	/
3A_SB	46	a	695	701	704	709	713	716	718	722	727	730	735	739	743	750	754
3A_SB	46	d	696	702	706	711	714	717	720	724	728	732	737	741	745	752	/
3A_SB	47	a	721	726	729	733	736	738	740	744	748	750	756	759	763	769	773
3A_SB	47	d	722	727	730	734	737	739	741	745	749	752	757	760	764	771	/
3A_SB	48	a	730	735	738	742	745	748	751	755	759	761	766	770	774	780	784
3A_SB	48	d	731	736	740	743	747	750	752	756	760	762	767	771	775	782	/
3A_SB	49	a	751	757	761	765	768	770	772	776	780	782	786	790	793	800	804
3A_SB	49	d	752	758	762	766	769	771	773	777	781	783	787	791	794	801	/
3A_SB	50	a	767	773	778	783	787	789	791	795	799	802	807	811	815	821	824
3A_SB	50	d	768	775	780	784	788	790	792	796	801	803	808	813	816	822	/
3A_SB	51	a	785	791	795	799	802	804	807	810	814	816	821	825	829	834	837
3A_SB	51	d	786	792	796	800	803	805	808	811	815	817	823	827	830	835	/
3A_SB	52	a	794	799	804	808	812	814	816	820	825	828	834	838	842	848	851
3A_SB	52	d	795	801	805	810	813	815	817	822	827	830	836	840	843	849	/
3A_SB	53	a	809	815	819	823	827	829	831	836	840	842	846	849	853	860	863
3A_SB	53	d	810	816	820	825	828	830	833	837	841	843	847	851	855	861	/
3A_SB	54	a	824	829	833	838	843	845	847	850	854	856	861	865	868	874	877
3A_SB	54	d	825	830	835	840	844	846	848	851	855	857	862	866	869	875	/
3A_SB	55	a	839	844	848	851	856	858	860	863	866	868	873	876	879	886	890
3A_SB	55	d	840	845	849	853	857	859	861	864	867	869	874	877	880	888	/
3A_SB	56	a	854	859	863	867	872	875	877	880	884	887	893	898	901	907	911
3A_SB	56	d	855	860	864	869	873	876	878	881	886	889	895	899	902	909	/
3A_SB	57	a	870	875	879	883	887	890	894	898	902	905	910	913	916	922	927
3A_SB	57	d	871	876	880	884	889	892	896	899	904	906	911	914	917	924	/
3A_SB	58	a	886	892	895	899	903	905	908	912	916	918	924	928	931	936	940
3A_SB	58	d	887	893	896	900	904	906	910	913	917	919	925	929	932	937	/
3A_SB	59	a	899	904	908	911	915	918	921	925	929	931	936	939	943	948	951
3A_SB	59	d	900	905	909	912	916	920	922	926	930	932	937	940	944	949	/
3A_SB	60	a	914	919	922	926	929	932	935	938	942	945	949	952	955	961	966
3A_SB	60	d	915	920	923	927	930	933	936	939	944	946	950	953	956	963	/
3A_SB	61	a	933	938	942	946	951	953	955	959	963	965	971	974	978	985	989
3A_SB	61	d	934	939	943	948	952	954	957	960	964	967	972	976	979	986	/
3A_SB	62	a	947	952	955	959	962	965	969	973	977	979	983	986	989	995	1000
3A_SB	62	d	948	953	956	960	964	967	971	975	978	980	984	987	990	997	/
3A_SB	63	a	972	977	981	984	988	991	994	998	1001	1003	1008	1012	1015	1021	1024
3A_SB	63	d	973	978	982	985	989	993	995	999	1002	1004	1010	1013	1017	1022	/
3A_SB	64	a	980	986	990	994	998	1001	1003	1007	1010	1013	1018	1021	1026	1033	1037
3A_SB	64	d	981	987	992	995	999	1002	1005	1008	1012	1015	1019	1023	1028	1035	/
3A_NB	1	a	4	8	12	15	18	22	26	29	31	35	38	42	46	49	53	57	60
3A_NB	1	d	5	9	13	16	19	23	27	30	32	36	39	43	48	50	54	58	/
3A_NB	2	a	9	13	17	20	23	27	31	34	36	40	44	48	52	54	58	62	66
3A_NB	2	d	10	14	18	21	24	28	32	35	37	42	45	49	53	55	60	63	/
3A_NB	3	a	25	29	34	37	42	46	51	56	60	65	70	75	78	82	87	91	95
3A_NB	3	d	26	31	35	39	44	48	53	58	62	67	72	76	80	83	89	93	/
3A_NB	4	a	47	51	56	59	64	68	73	78	81	87	90	94	97	99	103	107	111
3A_NB	4	d	48	53	57	61	66	70	75	79	83	88	91	95	98	100	104	108	/
3A_NB	5	a	69	72	76	80	83	87	91	95	98	103	106	109	113	116	121	125	128
3A_NB	5	d	70	73	77	81	85	88	93	97	100	104	107	110	114	117	122	126	/
3A_NB	6	a	85	88	92	96	100	104	109	114	118	123	127	131	134	137	142	145	149
3A_NB	6	d	86	90	93	98	102	106	111	116	120	124	128	132	135	138	143	146	/
3A_NB	7	a	97	100	103	107	110	113	118	122	124	128	133	138	143	147	153	157	161
3A_NB	7	d	98	101	104	108	111	115	119	123	125	130	135	140	145	149	155	158	/
3A_NB	8	a	120	124	128	131	134	137	141	144	146	150	154	158	161	164	169	173	177
3A_NB	8	d	121	125	129	132	135	138	142	145	147	151	155	159	163	165	170	174	/
3A_NB	9	a	125	129	134	139	143	147	152	156	160	165	168	172	175	177	182	186	191
3A_NB	9	d	126	131	136	141	145	149	154	158	162	166	170	173	176	178	183	188	/
3A_NB	10	a	149	153	157	160	163	167	172	177	180	186	190	194	199	202	208	213	216
3A_NB	10	d	150	154	158	161	165	169	174	179	182	188	192	196	201	204	210	214	/
3A_NB	11	a	161	165	170	174	178	182	186	190	194	199	202	205	209	211	215	219	222
3A_NB	11	d	162	167	172	176	180	184	188	192	196	200	203	206	210	212	216	220	/
3A_NB	12	a	178	181	185	189	194	199	203	208	210	216	220	224	227	230	234	237	242
3A_NB	12	d	179	183	187	191	196	200	205	209	212	217	221	225	228	231	235	239	/
3A_NB	13	a	203	207	211	215	219	224	229	234	237	242	246	250	253	256	261	264	268
3A_NB	13	d	204	209	213	217	221	226	231	236	239	243	247	251	254	257	262	265	/
3A_NB	14	a	210	213	217	220	224	229	234	239	243	248	252	256	259	261	266	269	273
3A_NB	14	d	211	215	218	222	226	231	236	241	244	249	253	257	260	262	267	270	/
3A_NB	15	a	233	236	240	244	247	250	253	256	259	264	267	271	275	278	282	285	288
3A_NB	15	d	234	237	242	245	248	251	254	258	261	265	268	272	276	279	283	286	/
3A_NB	16	a	248	252	255	260	264	269	273	277	280	285	289	292	295	298	302	306	309
3A_NB	16	d	249	253	257	262	266	271	275	279	282	286	290	293	296	299	303	307	/
3A_NB	17	a	261	265	268	272	275	279	283	288	292	296	300	303	307	310	314	318	322
3A_NB	17	d	262	266	270	273	277	281	285	290	293	297	301	304	308	311	315	319	/
3A_NB	18	a	273	277	280	283	287	292	297	302	306	312	316	319	322	325	329	333	337
3A_NB	18	d	274	278	281	285	289	294	299	304	308	313	317	320	323	326	330	334	/
3A_NB	19	a	283	287	291	295	299	304	309	314	317	322	326	329	332	335	339	343	347
3A_NB	19	d	284	289	293	297	301	306	311	316	319	323	327	330	333	336	340	345	/
3A_NB	20	a	303	307	310	314	319	324	327	331	333	338	342	345	348	350	355	359	362
3A_NB	20	d	304	308	311	316	321	325	329	332	335	339	343	346	349	351	356	360	/
3A_NB	21	a	323	327	330	333	337	341	345	349	352	357	360	364	367	369	374	378	381
3A_NB	21	d	324	328	331	335	339	343	347	351	354	358	361	365	368	370	375	379	/
3A_NB	22	a	329	333	336	339	343	348	351	355	358	363	367	371	374	377	381	385	388
3A_NB	22	d	330	334	337	341	345	349	353	357	360	364	368	372	375	378	382	386	/
3A_NB	23	a	354	357	360	364	368	372	376	381	385	390	393	397	401	404	408	411	414
3A_NB	23	d	355	358	362	366	370	374	378	383	387	391	394	398	402	405	409	412	/
3A_NB	24	a	382	385	388	392	396	399	403	407	410	415	419	423	426	429	433	437	440
3A_NB	24	d	383	386	390	393	397	400	404	408	411	416	420	424	427	430	434	438	/
3A_NB	25	a	388	391	395	398	403	407	411	416	420	426	429	433	436	438	443	447	450
3A_NB	25	d	389	393	396	400	405	409	413	418	422	427	430	434	437	439	444	448	/
3A_NB	26	a	405	409	412	415	418	421	426	431	435	441	445	449	453	455	459	463	468
3A_NB	26	d	406	410	413	416	419	423	428	433	437	442	446	450	454	456	460	465	/
3A_NB	27	a	418	422	425	428	433	437	441	446	450	454	457	460	464	466	471	475	479
3A_NB	27	d	419	423	426	430	434	439	443	448	451	455	458	461	465	467	472	476	/
3A_NB	28	a	430	434	439	443	448	453	457	462	465	469	472	475	479	481	485	489	493
3A_NB	28	d	431	436	441	445	450	455	459	464	466	470	473	476	480	482	486	490	/
3A_NB	29	a	448	452	456	460	463	467	471	475	479	484	488	492	496	499	504	508	512
3A_NB	29	d	449	453	457	461	464	469	473	477	481	485	489	493	497	500	505	509	/
3A_NB	30	a	463	467	471	475	479	483	487	491	495	500	504	508	511	513	518	521	524
3A_NB	30	d	464	469	473	477	481	485	489	493	497	501	505	509	512	514	519	522	/
3A_NB	31	a	471	475	478	481	486	490	493	496	500	505	509	513	516	518	523	526	530
3A_NB	31	d	472	476	479	483	488	491	494	498	502	506	510	514	517	519	524	527	/
3A_NB	32	a	487	490	493	497	501	504	507	511	514	518	522	526	529	531	535	539	543
3A_NB	32	d	488	491	495	498	502	505	508	512	515	519	523	527	530	532	536	541	/
3A_NB	33	a	509	513	517	521	525	530	534	539	542	547	551	554	558	560	565	569	573
3A_NB	33	d	510	515	518	523	527	532	536	541	544	548	552	555	559	561	566	570	/
3A_NB	34	a	526	530	534	539	543	547	550	553	557	561	564	568	572	575	580	583	588
3A_NB	34	d	527	531	536	541	545	548	551	555	558	562	565	569	573	576	581	585	/
3A_NB	35	a	536	540	544	549	553	557	561	565	569	574	577	581	585	588	593	597	601
3A_NB	35	d	537	541	546	551	555	559	563	567	571	575	578	582	586	590	594	598	/
3A_NB	36	a	542	546	551	555	559	563	567	571	574	579	582	586	590	593	598	602	605
3A_NB	36	d	543	548	552	557	561	565	569	573	576	580	583	587	591	595	599	603	/
3A_NB	37	a	548	552	557	560	564	568	572	576	579	584	587	591	595	598	604	608	611
3A_NB	37	d	549	554	558	562	566	570	574	578	581	585	588	592	596	600	605	609	/
3A_NB	38	a	553	557	561	565	569	574	577	581	584	590	593	597	601	603	609	613	616
3A_NB	38	d	554	559	563	567	571	575	579	583	586	591	594	598	602	605	610	614	/
3A_NB	39	a	558	562	566	570	574	579	582	586	590	595	598	603	606	608	614	618	622
3A_NB	39	d	559	564	568	572	576	580	584	588	591	596	600	604	607	610	615	619	/
3A_NB	40	a	563	567	571	575	579	584	588	591	595	600	603	608	611	613	619	623	627
3A_NB	40	d	564	569	573	577	581	585	589	593	596	601	605	609	612	615	620	624	/
3A_NB	41	a	568	572	577	580	584	589	593	596	600	604	608	613	616	619	624	628	632
3A_NB	41	d	569	574	578	582	586	590	594	598	601	606	610	614	617	620	625	629	/
3A_NB	42	a	573	577	582	585	589	594	598	601	605	609	613	618	621	624	629	633	637
3A_NB	42	d	574	579	583	587	591	595	599	603	606	611	615	619	622	625	630	634	/
3A_NB	43	a	579	583	587	590	594	599	602	607	610	615	619	623	626	629	634	638	642
3A_NB	43	d	580	584	588	592	596	600	604	608	612	616	620	624	627	630	635	639	/
3A_NB	44	a	584	588	592	596	599	603	607	612	615	620	624	628	631	633	639	643	647
3A_NB	44	d	585	589	594	597	601	605	609	613	617	621	625	629	632	635	640	644	/
3A_NB	45	a	590	594	598	601	604	608	612	617	620	625	629	633	636	638	644	648	651
3A_NB	45	d	591	595	599	602	606	610	614	618	622	626	630	634	637	640	645	649	/
3A_NB	46	a	595	599	603	607	610	613	617	621	625	630	633	638	641	643	648	653	656
3A_NB	46	d	596	600	604	608	611	615	619	623	627	631	635	639	642	645	650	654	/
3A_NB	47	a	600	603	608	612	615	619	622	626	630	635	638	643	646	650	654	658	661
3A_NB	47	d	601	605	609	613	616	620	624	628	632	636	640	644	648	651	655	659	/
3A_NB	48	a	605	608	613	617	620	625	628	632	635	640	643	648	652	655	659	663	666
3A_NB	48	d	606	610	614	618	622	626	630	634	637	641	645	649	653	656	660	664	/
3A_NB	49	a	610	613	618	621	625	630	633	637	640	645	649	653	657	660	664	668	671
3A_NB	49	d	611	615	619	623	627	631	635	639	642	646	650	654	658	661	665	669	/
3A_NB	50	a	615	618	623	626	630	635	638	642	645	650	654	658	662	664	669	673	676
3A_NB	50	d	616	620	624	628	632	636	640	644	647	651	655	659	663	666	670	674	/
3A_NB	51	a	620	623	628	631	636	640	643	647	651	655	659	663	667	669	674	678	682
3A_NB	51	d	621	625	629	633	637	641	645	649	652	656	661	664	668	671	675	679	/
3A_NB	52	a	625	628	632	636	641	645	648	652	656	661	665	668	672	674	679	683	687
3A_NB	52	d	626	630	634	638	642	646	650	654	658	663	666	669	673	676	680	684	/
3A_NB	53	a	630	634	637	641	646	650	653	657	661	667	670	673	677	680	684	688	692
3A_NB	53	d	631	635	639	643	647	651	655	659	663	668	671	675	678	681	685	689	/
3A_NB	54	a	635	639	642	646	650	655	658	663	667	672	675	679	682	685	689	694	698
3A_NB	54	d	636	640	644	648	652	656	660	665	668	673	677	680	683	686	691	695	/
3A_NB	55	a	640	644	648	652	655	660	664	668	672	677	680	684	687	691	696	700	704
3A_NB	55	d	641	645	649	653	657	661	665	670	673	678	682	685	689	692	697	701	/
3A_NB	56	a	645	648	653	657	660	665	669	673	677	681	685	689	692	696	701	705	708
3A_NB	56	d	646	650	654	658	662	666	670	675	678	683	687	690	694	697	702	706	/
3A_NB	57	a	650	653	658	662	665	670	674	678	682	686	690	695	698	701	706	710	713
3A_NB	57	d	651	655	659	663	667	671	675	680	683	688	692	696	699	702	707	711	/
3A_NB	58	a	655	658	663	666	670	675	678	683	687	691	696	700	703	706	710	715	718
3A_NB	58	d	656	660	664	668	672	676	680	685	688	693	697	701	704	707	712	716	/
3A_NB	59	a	661	664	669	672	675	679	683	688	692	696	701	705	710	713	717	721	726
3A_NB	59	d	662	666	670	673	677	681	685	690	693	698	702	707	711	714	718	723	/
3A_NB	60	a	669	672	677	681	685	688	691	694	697	701	706	710	715	718	722	726	731
3A_NB	60	d	670	674	678	682	686	689	692	695	698	703	708	712	716	719	723	728	/
3A_NB	61	a	674	678	682	686	690	693	697	700	704	709	713	716	721	723	728	732	737
3A_NB	61	d	675	680	683	687	691	694	698	702	706	711	714	718	722	724	729	734	/
3A_NB	62	a	681	685	688	692	696	699	704	707	710	714	718	721	726	728	733	737	742
3A_NB	62	d	682	686	689	694	697	701	705	708	711	716	719	723	727	729	734	739	/
3A_NB	63	a	688	692	695	698	701	704	708	712	715	719	723	727	731	733	738	742	747
3A_NB	63	d	689	693	696	699	702	706	710	713	716	721	724	728	732	734	739	744	/
3A_NB	64	a	695	699	702	705	709	712	715	718	721	726	729	733	737	741	747	751	756
3A_NB	64	d	696	700	703	707	710	713	716	719	722	727	730	734	739	743	748	753	/
