RouteID	RunID	Arrivals/Departures	TimePerStop
1A_SB	1	a	4	7	10	19	23	27	32	35	38	42	47	51	60	65	72
1A_SB	1	d	5	8	11	20	24	28	33	36	40	44	49	53	62	67	/
1A_SB	2	a	25	29	34	43	46	50	56	60	64	67	71	75	85	88	96
1A_SB	2	d	26	30	35	44	47	51	57	61	65	69	73	76	86	90	/
1A_SB	3	a	49	54	59	68	73	77	84	88	92	96	101	105	114	117	123
1A_SB	3	d	51	56	61	70	75	79	85	90	94	98	102	106	115	118	/
1A_SB	4	a	70	75	80	91	95	100	107	111	116	120	124	128	139	143	151
1A_SB	4	d	72	77	82	92	97	102	109	113	118	121	125	129	140	144	/
1A_SB	5	a	86	91	95	104	107	110	117	120	124	128	132	137	147	152	161
1A_SB	5	d	88	92	96	105	108	111	118	121	125	129	134	138	149	154	/
1A_SB	6	a	98	102	106	116	120	125	132	135	139	143	146	149	158	162	170
1A_SB	6	d	100	103	107	118	122	126	133	136	140	144	147	150	160	163	/
1A_SB	7	a	117	121	126	136	139	143	150	154	158	161	165	168	177	180	188
1A_SB	7	d	119	123	127	137	140	144	151	155	159	162	166	169	178	181	/
1A_SB	8	a	123	128	133	142	145	149	154	159	164	168	172	176	185	190	198
1A_SB	8	d	125	130	135	143	146	150	156	161	166	170	174	177	187	191	/
1A_SB	9	a	130	135	139	148	151	155	160	165	170	174	178	182	193	197	204
1A_SB	9	d	132	137	141	149	152	156	162	167	172	176	180	184	195	198	/
1A_SB	10	a	145	150	154	165	168	172	178	181	185	189	193	196	205	208	215
1A_SB	10	d	147	152	156	166	169	174	179	182	186	191	194	197	206	209	/
1A_SB	11	a	154	159	163	173	176	180	185	189	193	197	201	205	214	217	227
1A_SB	11	d	156	161	165	174	177	181	186	190	194	198	202	206	215	219	/
1A_SB	12	a	173	178	182	190	193	197	203	207	210	213	217	220	228	231	239
1A_SB	12	d	175	179	183	191	195	199	204	208	211	214	218	221	229	232	/
1A_SB	13	a	198	202	206	214	217	220	226	232	236	240	243	247	256	260	267
1A_SB	13	d	200	203	207	215	218	222	228	234	238	241	245	248	257	261	/
1A_SB	14	a	206	210	214	223	226	230	236	241	244	248	251	254	263	267	275
1A_SB	14	d	208	211	215	224	227	231	237	242	246	249	252	255	264	269	/
1A_SB	15	a	221	226	230	240	243	246	252	256	261	265	270	274	282	286	293
1A_SB	15	d	223	227	231	241	244	248	254	258	263	267	272	275	283	287	/
1A_SB	16	a	236	241	245	256	259	263	269	273	277	281	284	287	296	299	307
1A_SB	16	d	238	243	246	257	260	264	270	274	278	282	285	288	297	300	/
1A_SB	17	a	248	253	256	265	268	272	278	283	287	291	295	299	307	310	318
1A_SB	17	d	250	254	257	266	269	274	280	284	288	293	297	300	308	311	/
1A_SB	18	a	253	257	262	271	275	279	284	288	292	297	301	306	314	317	325
1A_SB	18	d	255	259	263	272	276	280	286	289	294	299	303	307	315	318	/
1A_SB	19	a	262	266	270	278	283	287	293	296	300	303	307	311	319	322	330
1A_SB	19	d	264	267	271	280	284	288	294	297	301	304	308	312	320	323	/
1A_SB	20	a	267	271	275	284	287	292	299	303	307	310	314	317	327	330	336
1A_SB	20	d	269	272	277	285	289	294	300	304	308	311	315	318	328	331	/
1A_SB	21	a	274	279	283	291	294	298	304	308	312	315	319	322	332	336	342
1A_SB	21	d	276	280	284	292	295	299	305	309	313	316	320	323	333	337	/
1A_SB	22	a	279	284	288	299	302	306	310	314	318	322	326	329	338	342	348
1A_SB	22	d	281	285	289	300	303	307	311	315	319	323	327	330	339	343	/
1A_SB	23	a	284	289	293	304	307	311	315	319	323	327	331	334	343	347	355
1A_SB	23	d	286	290	294	305	308	312	316	320	324	328	332	335	344	349	/
1A_SB	24	a	289	294	298	309	312	316	322	326	330	334	338	341	351	355	363
1A_SB	24	d	291	295	299	310	313	317	323	327	331	335	339	343	353	357	/
1A_SB	25	a	294	299	304	313	317	321	327	331	334	339	343	346	357	360	367
1A_SB	25	d	296	301	306	315	318	322	328	332	336	340	344	348	358	362	/
1A_SB	26	a	299	304	309	318	322	326	332	336	339	344	347	352	362	366	373
1A_SB	26	d	301	306	311	320	323	327	333	337	341	345	349	353	364	368	/
1A_SB	27	a	304	309	314	325	328	332	338	342	345	348	352	357	367	371	378
1A_SB	27	d	306	311	316	326	329	333	339	343	346	350	354	358	369	373	/
1A_SB	28	a	309	314	319	330	333	336	343	347	351	354	358	363	372	376	384
1A_SB	28	d	311	316	321	331	334	338	345	348	352	356	360	364	374	378	/
1A_SB	29	a	314	319	324	335	338	341	348	352	356	359	363	368	377	382	389
1A_SB	29	d	316	321	326	336	339	343	350	353	357	361	365	369	379	383	/
1A_SB	30	a	321	326	330	339	343	347	353	357	361	365	369	374	383	388	395
1A_SB	30	d	323	327	332	341	345	349	355	358	363	367	371	376	385	389	/
1A_SB	31	a	327	332	337	346	350	354	360	364	369	373	378	382	391	394	401
1A_SB	31	d	329	333	339	348	352	356	362	366	371	375	380	384	392	395	/
1A_SB	32	a	336	341	346	355	358	363	369	373	378	381	385	389	398	401	408
1A_SB	32	d	338	342	348	356	360	364	371	375	379	382	387	390	399	402	/
1A_NB	1	a	4	14	17	26	31	34	37	41	44	49	52	56	65	69	73
1A_NB	1	d	5	15	18	27	32	35	38	42	45	50	53	57	66	70	/
1A_NB	2	a	9	19	22	31	36	39	42	46	49	54	57	61	69	74	78
1A_NB	2	d	10	20	23	32	37	40	43	47	50	55	58	63	71	75	/
1A_NB	3	a	20	32	35	44	49	52	56	60	64	69	73	77	86	91	96
1A_NB	3	d	22	33	36	45	50	53	57	61	65	70	74	79	88	93	/
1A_NB	4	a	50	60	64	73	79	82	86	90	93	99	102	106	116	120	124
1A_NB	4	d	52	62	65	74	80	83	87	91	94	100	103	107	117	121	/
1A_NB	5	a	76	87	91	101	108	112	116	119	122	128	131	134	145	148	152
1A_NB	5	d	78	88	92	103	109	113	117	120	123	129	132	135	146	149	/
1A_NB	6	a	94	103	107	119	125	130	134	138	142	147	150	154	163	166	169
1A_NB	6	d	96	105	109	121	127	132	136	140	143	148	152	156	164	167	/
1A_NB	7	a	108	119	122	135	141	144	148	151	154	160	164	167	175	178	181
1A_NB	7	d	110	120	124	136	142	145	149	152	155	161	165	168	176	179	/
1A_NB	8	a	113	124	127	140	146	149	154	158	161	167	170	173	181	184	188
1A_NB	8	d	115	125	129	141	147	151	155	159	162	168	171	174	182	185	/
1A_NB	9	a	129	140	143	153	158	162	166	170	174	181	185	189	198	203	206
1A_NB	9	d	131	141	144	154	159	163	167	171	176	183	187	190	200	204	/
1A_NB	10	a	157	169	173	183	188	191	194	198	202	207	210	215	225	228	232
1A_NB	10	d	159	170	174	184	189	192	195	199	204	208	212	216	226	229	/
1A_NB	11	a	164	173	178	188	193	196	201	205	209	214	218	222	232	235	239
1A_NB	11	d	166	175	179	189	194	198	202	206	210	215	219	223	233	236	/
1A_NB	12	a	169	178	182	194	199	203	207	211	215	220	224	227	237	240	244
1A_NB	12	d	171	180	184	195	200	204	208	212	216	221	225	228	238	241	/
1A_NB	13	a	175	184	188	199	205	209	214	219	224	232	235	239	247	251	255
1A_NB	13	d	177	186	189	201	206	211	216	221	226	233	237	240	248	252	/
1A_NB	14	a	196	206	209	219	225	228	231	235	238	244	247	250	258	262	266
1A_NB	14	d	198	207	210	220	226	229	232	236	240	245	248	251	260	263	/
1A_NB	15	a	214	223	227	238	245	249	253	258	262	269	272	275	283	287	291
1A_NB	15	d	216	225	228	240	247	251	255	260	263	270	273	276	284	288	/
1A_NB	16	a	227	236	239	247	253	256	259	263	267	274	277	280	288	292	296
1A_NB	16	d	229	237	240	248	254	257	260	265	268	275	278	281	289	293	/
1A_NB	17	a	232	241	244	252	258	261	264	269	272	278	282	285	293	297	302
1A_NB	17	d	234	242	245	253	259	262	266	270	273	280	283	286	294	299	/
1A_NB	18	a	237	246	249	257	263	266	269	274	277	283	287	290	298	302	307
1A_NB	18	d	239	247	250	259	264	267	271	275	278	285	288	291	299	304	/
1A_NB	19	a	247	257	260	268	273	277	281	286	289	294	297	300	308	313	317
1A_NB	19	d	249	258	261	269	275	279	283	287	290	295	298	301	310	314	/
1A_NB	20	a	269	279	283	293	299	303	307	310	314	319	322	325	334	338	342
1A_NB	20	d	271	281	285	294	300	304	308	311	315	320	323	326	335	339	/
1A_NB	21	a	277	287	290	299	304	309	313	316	320	325	328	332	342	346	350
1A_NB	21	d	279	288	291	300	306	310	314	317	321	326	330	333	343	347	/
1A_NB	22	a	282	292	296	305	311	315	319	323	327	332	335	338	348	351	355
1A_NB	22	d	284	294	297	307	312	316	320	324	328	333	336	339	349	352	/
1A_NB	23	a	287	298	301	310	316	320	324	329	332	338	341	344	353	356	360
1A_NB	23	d	289	299	302	312	318	321	326	330	333	339	342	345	354	357	/
1A_NB	24	a	292	303	306	316	322	325	329	334	337	343	346	349	358	363	367
1A_NB	24	d	294	304	308	317	323	326	331	335	338	344	347	350	360	364	/
1A_NB	25	a	297	308	312	321	327	330	334	339	342	348	351	354	363	368	372
1A_NB	25	d	299	310	313	322	328	331	336	340	343	349	352	355	365	369	/
1A_NB	26	a	302	315	318	327	333	336	340	344	348	353	356	359	368	373	378
1A_NB	26	d	304	316	319	328	334	337	341	345	349	354	357	360	370	375	/
1A_NB	27	a	307	320	323	333	339	342	346	351	355	360	363	366	375	379	383
1A_NB	27	d	309	321	325	335	340	343	347	352	356	361	364	367	376	380	/
1A_NB	28	a	313	325	328	339	344	347	351	356	360	365	368	371	380	384	388
1A_NB	28	d	315	326	330	340	345	348	352	357	361	366	369	372	381	385	/
1A_NB	29	a	319	331	334	344	349	352	356	361	364	370	373	376	385	390	395
1A_NB	29	d	321	332	335	345	350	353	357	362	366	371	374	377	387	392	/
1A_NB	30	a	324	336	339	349	354	357	362	365	369	375	378	382	391	396	400
1A_NB	30	d	326	337	340	350	355	359	363	367	371	376	379	383	392	397	/
1A_NB	31	a	331	340	344	354	359	363	367	370	374	381	385	389	398	403	407
1A_NB	31	d	333	342	345	355	360	364	368	372	376	383	386	390	399	404	/
1A_NB	32	a	337	346	349	360	365	369	373	376	379	386	390	395	405	410	414
1A_NB	32	d	339	347	351	361	366	370	374	377	381	388	392	397	407	411	/
2A_NB	1	a	4	7	12	15	19	24	27	30	40	44	49	52	55	59	64	66	69	72
2A_NB	1	d	5	8	13	16	20	25	28	32	42	45	50	53	56	60	65	67	70	/
2A_NB	2	a	9	12	17	22	26	31	35	38	47	51	56	59	62	66	71	73	76	80
2A_NB	2	d	10	13	19	23	27	32	36	39	48	52	57	60	63	67	72	74	78	/
2A_NB	3	a	14	18	24	28	32	38	42	45	54	58	63	65	68	72	77	79	82	85
2A_NB	3	d	15	19	25	29	33	39	43	46	55	59	64	66	69	73	78	80	83	/
2A_NB	4	a	19	23	29	32	36	43	47	51	60	63	68	70	73	77	81	84	87	90
2A_NB	4	d	20	24	30	34	38	44	48	52	61	64	69	71	74	78	83	85	88	/
2A_NB	5	a	24	28	34	37	41	48	51	56	65	68	73	75	78	82	87	89	93	98
2A_NB	5	d	25	29	35	39	43	49	53	57	66	69	74	76	79	84	88	90	95	/
2A_NB	6	a	30	33	38	42	46	52	56	61	71	74	81	83	86	90	95	98	102	107
2A_NB	6	d	31	35	40	44	48	54	58	62	72	76	82	84	87	91	96	99	104	/
2A_NB	7	a	35	38	43	47	52	57	61	66	76	80	86	88	91	95	100	103	107	111
2A_NB	7	d	36	40	45	49	53	59	63	67	77	81	87	89	92	96	101	104	109	/
2A_NB	8	a	40	43	49	52	57	62	67	71	81	85	91	93	96	100	105	108	112	116
2A_NB	8	d	41	45	50	54	58	64	68	72	82	86	92	94	97	101	106	109	114	/
2A_NB	9	a	45	49	54	57	62	68	72	76	85	90	96	98	101	105	110	113	117	121
2A_NB	9	d	46	50	55	59	63	69	73	78	87	91	97	99	102	106	111	114	119	/
2A_NB	10	a	50	54	59	62	66	73	77	81	90	95	101	103	106	110	115	118	122	127
2A_NB	10	d	51	55	60	64	68	75	79	83	92	96	102	104	107	111	116	119	124	/
2A_NB	11	a	56	60	65	69	73	79	83	87	96	100	106	109	112	116	121	124	128	132
2A_NB	11	d	57	61	67	71	75	81	85	89	97	101	107	110	113	117	122	125	129	/
2A_NB	12	a	61	64	70	74	78	84	88	93	100	105	110	114	117	121	126	129	133	137
2A_NB	12	d	62	66	72	76	80	86	90	95	102	106	112	115	118	122	127	130	134	/
2A_NB	13	a	66	69	75	79	83	89	94	99	105	109	115	119	122	126	131	134	137	141
2A_NB	13	d	67	71	77	81	85	91	96	100	107	111	117	120	123	127	132	135	139	/
2A_NB	14	a	71	74	80	84	88	95	99	104	112	115	121	124	127	131	136	138	142	146
2A_NB	14	d	72	76	82	86	90	96	101	105	113	117	122	125	128	132	137	140	144	/
2A_NB	15	a	76	79	85	89	94	100	104	108	117	120	126	129	132	136	141	143	147	151
2A_NB	15	d	77	81	87	91	95	101	106	110	118	122	127	130	133	137	142	145	149	/
2A_NB	16	a	81	84	90	94	99	105	109	113	122	126	131	134	137	141	146	148	152	157
2A_NB	16	d	82	86	92	96	100	107	111	115	123	127	132	135	138	142	147	150	154	/
2A_NB	17	a	86	89	95	99	104	110	114	118	126	131	136	139	142	146	151	153	157	162
2A_NB	17	d	87	91	97	101	106	112	116	120	128	132	138	140	143	147	152	155	159	/
2A_NB	18	a	91	94	100	104	109	115	119	123	131	136	142	144	147	151	156	158	162	167
2A_NB	18	d	92	96	102	106	111	117	121	125	133	137	143	145	148	152	157	160	164	/
2A_NB	19	a	96	99	105	109	114	120	125	128	136	141	147	149	152	156	161	163	168	172
2A_NB	19	d	97	101	107	111	116	122	126	130	138	142	148	150	153	157	162	165	169	/
2A_NB	20	a	101	104	111	114	119	126	130	133	143	147	153	156	159	163	168	170	175	179
2A_NB	20	d	102	106	112	116	121	127	131	135	144	148	154	157	160	164	169	172	176	/
2A_NB	21	a	106	110	117	120	124	131	135	138	148	152	159	162	165	169	174	176	180	184
2A_NB	21	d	107	112	118	122	126	132	136	140	149	153	160	163	166	170	175	177	181	/
2A_NB	22	a	111	115	122	126	129	136	140	143	153	157	164	167	170	174	179	181	184	189
2A_NB	22	d	112	117	123	127	131	137	141	145	154	158	165	168	171	175	180	182	186	/
2A_NB	23	a	116	120	126	131	134	141	145	148	157	162	169	172	175	179	185	187	190	194
2A_NB	23	d	117	122	128	132	136	142	146	150	159	163	170	173	176	180	186	188	191	/
2A_NB	24	a	121	125	131	136	139	146	150	153	162	167	174	177	180	184	191	194	197	201
2A_NB	24	d	122	127	133	137	141	147	151	155	164	168	175	178	182	186	193	195	198	/
2A_NB	25	a	126	130	136	140	144	151	155	158	167	172	179	181	185	189	196	200	203	207
2A_NB	25	d	127	132	138	142	146	152	156	160	169	173	180	183	187	191	198	201	204	/
2A_NB	26	a	131	135	141	145	149	155	160	163	172	177	184	186	190	194	202	205	208	212
2A_NB	26	d	132	137	143	147	151	157	161	165	174	178	185	188	192	196	203	206	209	/
2A_NB	27	a	136	140	146	150	155	160	165	168	177	182	188	191	195	200	207	210	213	217
2A_NB	27	d	137	142	148	152	156	162	166	170	179	183	190	193	197	201	208	211	214	/
2A_NB	28	a	141	145	151	156	160	165	169	173	182	187	193	196	200	205	212	214	218	222
2A_NB	28	d	142	147	153	157	161	167	171	175	184	188	195	198	202	206	213	216	219	/
2A_NB	29	a	146	150	156	161	165	171	174	178	187	192	199	201	205	210	216	219	223	227
2A_NB	29	d	147	152	158	162	166	172	176	180	189	194	200	203	207	211	218	221	224	/
2A_NB	30	a	151	155	161	166	169	176	179	184	193	197	203	206	210	215	221	224	228	231
2A_NB	30	d	152	157	163	167	171	177	181	186	194	199	205	208	212	216	223	226	229	/
2A_NB	31	a	156	160	166	170	174	181	185	189	198	202	208	212	216	221	228	231	235	238
2A_NB	31	d	157	162	168	172	176	183	186	191	200	204	210	214	218	223	230	233	236	/
2A_NB	32	a	163	167	174	178	182	188	192	197	204	207	213	217	221	226	233	236	240	245
2A_NB	32	d	164	169	176	180	184	190	194	198	205	209	215	219	223	228	235	238	242	/
2A_SB	1	a	16	19	23	26	31	35	40	44	47	52	56	62	66	71	77	80	85	88
2A_SB	1	d	17	21	24	27	33	37	41	45	49	54	58	64	68	72	78	82	86	/
2A_SB	2	a	44	48	52	55	61	64	69	73	77	83	86	91	95	98	103	106	109	113
2A_SB	2	d	45	50	53	57	63	66	71	75	78	84	87	92	96	99	104	107	110	/
2A_SB	3	a	61	66	69	73	78	80	83	86	89	94	97	102	106	110	115	118	121	124
2A_SB	3	d	63	67	70	74	79	81	84	87	90	95	98	103	107	111	116	119	122	/
2A_SB	4	a	67	72	75	78	85	87	90	93	96	101	104	109	112	116	121	125	128	131
2A_SB	4	d	69	73	76	80	86	88	91	94	97	102	105	110	113	117	122	126	129	/
2A_SB	5	a	75	79	83	86	93	97	102	105	108	114	118	125	128	132	138	141	144	147
2A_SB	5	d	77	81	84	88	95	99	103	106	110	116	120	126	130	133	139	142	145	/
2A_SB	6	a	90	94	96	99	105	107	110	113	116	122	126	133	136	140	146	149	153	157
2A_SB	6	d	92	95	97	100	106	108	111	114	118	123	128	134	137	141	147	150	154	/
2A_SB	7	a	98	102	105	109	115	118	122	125	128	134	139	146	151	154	159	162	166	170
2A_SB	7	d	100	104	107	111	117	120	123	126	130	136	141	148	152	155	160	163	168	/
2A_SB	8	a	121	125	129	132	136	138	141	144	147	153	157	162	166	169	175	179	183	186
2A_SB	8	d	123	127	130	133	137	139	142	145	148	154	158	163	167	170	176	180	184	/
2A_SB	9	a	136	140	144	148	153	156	159	162	165	171	175	181	184	187	192	196	200	203
2A_SB	9	d	138	142	146	149	154	157	160	163	166	172	176	182	185	188	193	197	201	/
2A_SB	10	a	144	148	151	154	160	164	169	173	178	185	189	196	199	203	209	212	217	221
2A_SB	10	d	146	150	152	156	162	166	171	175	180	187	191	197	200	204	210	214	219	/
2A_SB	11	a	163	168	171	176	182	186	190	194	199	207	211	217	222	226	232	235	240	243
2A_SB	11	d	165	170	173	178	184	188	192	196	201	209	213	219	223	227	233	237	241	/
2A_SB	12	a	181	186	188	192	197	200	204	208	212	218	221	226	229	233	239	242	245	248
2A_SB	12	d	183	187	189	193	198	201	205	209	213	219	222	227	230	234	240	243	246	/
2A_SB	13	a	196	200	202	206	213	217	222	225	228	234	238	244	248	252	258	261	265	269
2A_SB	13	d	198	201	203	208	215	219	223	226	230	235	239	245	249	253	259	262	266	/
2A_SB	14	a	210	215	218	221	226	229	233	236	239	243	247	252	256	260	266	269	272	275
2A_SB	14	d	212	216	219	222	227	230	234	237	240	244	248	253	257	261	267	270	273	/
2A_SB	15	a	227	232	235	238	244	247	250	254	257	262	265	271	275	279	286	289	293	297
2A_SB	15	d	229	233	236	240	245	248	251	255	258	263	266	272	276	280	287	290	294	/
2A_SB	16	a	240	245	249	252	257	260	264	268	271	277	281	285	289	293	300	304	309	313
2A_SB	16	d	242	247	250	253	258	261	265	269	272	278	282	286	290	294	302	306	310	/
2A_SB	17	a	246	251	255	259	265	268	272	275	278	285	289	295	300	303	309	312	316	319
2A_SB	17	d	248	253	257	261	266	269	273	276	280	287	291	297	301	304	310	313	317	/
2A_SB	18	a	258	263	266	270	277	280	284	287	291	298	303	309	313	316	323	326	330	333
2A_SB	18	d	260	265	268	272	279	282	285	289	293	300	305	310	314	317	324	327	331	/
2A_SB	19	a	268	273	276	279	285	287	290	293	296	303	308	314	318	322	329	332	336	340
2A_SB	19	d	270	274	277	280	286	288	291	294	298	305	310	316	319	323	330	334	338	/
2A_SB	20	a	283	288	291	294	300	303	307	311	314	321	324	330	333	337	342	346	350	353
2A_SB	20	d	285	289	292	295	301	304	308	312	315	322	325	331	334	338	344	347	351	/
2A_SB	21	a	288	293	296	299	304	308	313	318	323	330	334	339	342	346	352	355	359	362
2A_SB	21	d	290	294	297	300	306	310	315	320	324	331	335	340	343	347	353	356	360	/
2A_SB	22	a	297	302	305	308	313	316	320	324	328	335	339	344	348	352	358	361	366	370
2A_SB	22	d	299	303	306	309	314	317	321	325	329	336	340	345	349	353	359	363	368	/
2A_SB	23	a	302	306	310	313	318	320	325	329	333	340	344	349	353	357	363	368	372	375
2A_SB	23	d	304	308	311	314	319	322	326	331	335	341	345	350	354	358	365	369	373	/
2A_SB	24	a	309	313	317	320	325	327	331	334	338	345	348	354	358	362	369	373	377	381
2A_SB	24	d	311	315	318	321	326	328	332	336	340	346	350	355	359	363	370	374	378	/
2A_SB	25	a	314	319	322	325	330	333	336	339	343	349	353	359	363	366	374	377	381	386
2A_SB	25	d	316	320	323	326	331	334	337	341	345	351	355	361	364	368	375	379	383	/
2A_SB	26	a	319	324	327	330	335	338	341	344	349	355	359	366	369	372	379	382	386	391
2A_SB	26	d	321	325	328	331	336	339	342	346	351	357	360	367	370	373	380	384	388	/
2A_SB	27	a	324	329	332	335	340	343	346	350	354	360	364	371	374	378	384	388	393	396
2A_SB	27	d	326	330	333	336	341	344	347	351	356	362	365	372	375	380	386	390	394	/
2A_SB	28	a	329	334	337	340	345	348	351	355	359	365	369	376	380	384	389	394	398	401
2A_SB	28	d	331	335	338	341	346	349	352	356	361	367	370	377	381	385	391	395	399	/
2A_SB	29	a	334	339	342	346	351	354	357	362	365	371	375	381	386	390	396	400	404	407
2A_SB	29	d	336	340	344	347	352	355	359	363	367	373	377	383	387	391	397	401	405	/
2A_SB	30	a	340	345	348	351	356	359	363	368	372	378	383	389	393	398	404	408	411	414
2A_SB	30	d	342	346	349	352	357	360	365	370	374	380	385	391	395	399	405	409	412	/
2A_SB	31	a	347	351	354	357	362	365	369	374	377	384	389	394	398	403	409	413	416	419
2A_SB	31	d	349	352	355	358	364	366	371	375	379	386	390	396	400	404	410	414	417	/
2A_SB	32	a	354	358	361	365	370	372	376	380	383	389	394	399	403	408	413	418	421	426
2A_SB	32	d	356	360	362	366	371	373	377	381	384	391	395	401	405	409	415	419	423	/
3A_SB	1	a	4	10	13	18	21	25	29	33	36	40	43	46	51	55	60	66	69
3A_SB	1	d	5	11	14	19	22	26	30	34	37	41	44	47	52	57	62	67	/
3A_SB	2	a	9	15	18	23	26	30	34	38	41	45	49	52	58	62	66	71	74
3A_SB	2	d	10	16	19	24	27	31	35	39	42	46	50	54	60	63	67	72	/
3A_SB	3	a	14	20	23	28	32	35	39	43	46	50	54	57	63	67	72	78	82
3A_SB	3	d	15	21	24	30	33	36	40	44	48	51	55	59	65	69	74	80	/
3A_SB	4	a	34	40	44	50	54	59	64	69	73	77	81	84	89	93	98	103	107
3A_SB	4	d	35	41	45	52	56	61	66	71	75	79	82	85	90	94	99	104	/
3A_SB	5	a	59	64	67	72	76	81	86	90	94	97	101	104	109	112	117	122	126
3A_SB	5	d	60	65	68	74	78	83	88	92	95	98	102	105	110	113	118	123	/
3A_SB	6	a	67	72	76	82	86	91	95	100	104	109	113	116	121	124	128	134	137
3A_SB	6	d	68	74	78	84	88	93	97	102	106	110	114	117	122	125	129	135	/
3A_SB	7	a	73	78	83	89	94	99	102	107	111	116	121	123	128	131	135	140	144
3A_SB	7	d	74	80	85	91	96	100	104	109	113	118	122	124	129	132	136	142	/
3A_SB	8	a	91	96	100	106	110	114	118	122	125	129	133	135	139	143	147	152	155
3A_SB	8	d	92	97	101	107	111	115	119	123	126	130	134	136	140	144	148	153	/
3A_SB	9	a	103	108	112	120	125	128	132	137	142	147	151	153	158	162	166	171	175
3A_SB	9	d	104	109	114	122	126	130	134	139	144	149	152	154	159	163	167	172	/
3A_SB	10	a	131	137	142	150	154	157	161	164	167	170	173	176	180	184	187	192	196
3A_SB	10	d	132	139	144	152	155	158	162	165	168	171	174	177	181	185	188	193	/
3A_SB	11	a	145	150	155	161	164	167	171	174	177	180	184	187	191	195	198	204	207
3A_SB	11	d	146	152	156	162	165	168	172	175	178	181	185	188	192	196	199	205	/
3A_SB	12	a	162	167	172	178	182	186	189	192	196	200	203	205	209	213	216	221	224
3A_SB	12	d	163	169	174	180	183	187	190	193	197	201	204	206	210	214	217	222	/
3A_SB	13	a	168	173	178	185	189	193	196	199	202	206	209	212	216	220	223	228	231
3A_SB	13	d	169	175	180	187	190	194	197	200	203	207	210	213	217	221	224	229	/
3A_SB	14	a	184	190	193	200	204	208	213	218	223	228	232	234	238	241	245	250	253
3A_SB	14	d	185	191	195	202	206	210	215	220	225	230	233	235	239	242	246	251	/
3A_SB	15	a	196	202	205	211	216	220	225	230	234	239	243	246	250	254	258	263	266
3A_SB	15	d	197	203	206	213	218	222	227	231	236	241	244	247	251	255	259	264	/
3A_SB	16	a	222	227	231	237	240	244	248	252	255	259	262	265	269	273	277	282	286
3A_SB	16	d	223	228	233	238	241	245	249	253	256	260	263	266	270	274	278	283	/
3A_SB	17	a	227	232	236	242	247	252	257	261	266	271	275	278	282	286	290	295	298
3A_SB	17	d	228	233	238	244	249	254	259	263	268	273	276	279	283	287	291	296	/
3A_SB	18	a	253	258	262	269	274	278	281	284	287	291	295	297	302	306	309	314	318
3A_SB	18	d	254	260	264	271	275	279	282	285	288	293	296	298	303	307	310	315	/
3A_SB	19	a	267	273	278	284	288	291	294	297	300	303	306	309	313	317	320	325	329
3A_SB	19	d	268	275	280	286	289	292	295	298	301	304	307	310	314	318	321	326	/
3A_SB	20	a	276	283	287	293	297	300	304	308	311	314	318	320	325	328	331	337	341
3A_SB	20	d	277	284	289	295	298	301	305	309	312	316	319	321	326	329	332	338	/
3A_SB	21	a	281	288	293	299	304	308	312	316	320	324	327	329	333	337	340	346	349
3A_SB	21	d	282	290	295	301	305	309	313	317	321	325	328	330	334	338	341	347	/
3A_SB	22	a	290	295	299	305	309	313	317	321	325	329	332	334	338	342	345	350	354
3A_SB	22	d	291	296	300	306	310	314	318	322	326	330	333	335	339	343	346	352	/
3A_SB	23	a	295	300	304	310	314	317	322	326	330	334	337	339	343	347	350	355	359
3A_SB	23	d	296	301	305	311	315	319	323	327	331	335	338	340	344	348	351	357	/
3A_SB	24	a	300	305	309	315	319	323	327	331	334	339	342	344	349	353	356	361	365
3A_SB	24	d	301	306	310	316	321	324	328	332	336	340	343	345	350	354	357	362	/
3A_SB	25	a	305	310	314	321	325	328	332	335	339	344	347	349	354	358	361	366	370
3A_SB	25	d	306	311	315	322	326	329	333	337	341	345	348	350	355	359	362	367	/
3A_SB	26	a	310	315	318	326	330	334	338	341	344	348	352	354	359	363	367	372	376
3A_SB	26	d	311	316	320	327	331	335	339	342	346	350	353	355	360	364	368	373	/
3A_SB	27	a	315	320	323	331	334	339	343	346	350	353	357	359	363	368	372	377	380
3A_SB	27	d	316	321	325	332	336	340	344	347	351	355	358	360	365	369	373	378	/
3A_SB	28	a	321	326	329	335	339	344	347	352	356	359	362	364	368	373	377	382	385
3A_SB	28	d	322	327	331	337	341	345	349	353	357	360	363	365	370	374	378	383	/
3A_SB	29	a	326	331	335	340	344	348	352	357	361	365	368	370	374	377	381	387	390
3A_SB	29	d	327	332	336	342	346	350	354	358	362	366	369	371	375	379	383	388	/
3A_SB	30	a	331	337	342	347	351	354	357	362	365	370	373	375	380	383	386	392	395
3A_SB	30	d	332	339	343	348	352	355	359	363	367	371	374	376	381	384	388	393	/
3A_SB	31	a	336	342	347	353	357	360	364	368	371	375	378	381	386	389	392	397	400
3A_SB	31	d	337	344	348	354	358	361	365	369	372	376	379	382	387	390	393	398	/
3A_SB	32	a	343	349	353	360	364	369	374	378	382	386	390	393	398	402	405	410	413
3A_SB	32	d	344	351	355	362	366	371	375	380	383	388	391	394	399	403	406	411	/
3A_NB	1	a	4	8	11	14	17	21	24	26	30	35	39	42	44	47	50	53	56	60
3A_NB	1	d	5	9	12	15	18	22	25	27	31	36	40	43	45	48	51	54	57	/
3A_NB	2	a	9	13	16	20	23	28	31	35	39	45	49	52	56	60	64	67	72	76
3A_NB	2	d	10	14	17	21	25	29	33	37	41	47	51	54	58	62	65	69	74	/
3A_NB	3	a	18	21	25	30	35	39	43	47	52	58	61	63	65	68	71	74	79	83
3A_NB	3	d	19	23	27	32	37	41	45	49	53	59	62	64	66	69	72	76	80	/
3A_NB	4	a	48	51	55	60	64	69	73	77	81	86	89	92	94	98	101	104	108	112
3A_NB	4	d	49	53	57	62	66	71	75	79	82	87	90	93	95	99	102	105	109	/
3A_NB	5	a	63	66	69	73	76	81	86	90	94	99	103	106	108	112	115	119	123	127
3A_NB	5	d	64	67	70	74	78	83	88	91	95	100	104	107	109	113	117	120	124	/
3A_NB	6	a	79	82	87	92	97	101	105	108	112	119	122	125	128	132	135	138	141	144
3A_NB	6	d	80	84	89	94	99	103	107	110	114	120	123	126	129	133	136	139	142	/
3A_NB	7	a	92	95	99	104	108	112	115	117	120	127	131	135	138	142	147	150	154	157
3A_NB	7	d	93	96	101	105	109	113	116	118	122	129	133	137	140	144	148	151	155	/
3A_NB	8	a	101	104	109	114	119	124	127	129	133	139	143	147	150	154	158	161	165	168
3A_NB	8	d	102	106	111	116	121	125	128	130	134	140	145	149	152	156	159	162	166	/
3A_NB	9	a	110	113	117	121	124	129	132	134	138	145	150	153	156	160	164	167	171	174
3A_NB	9	d	111	114	118	122	126	130	133	135	140	147	152	155	158	162	165	168	172	/
3A_NB	10	a	118	121	126	131	135	140	144	147	152	157	161	163	165	168	171	174	178	181
3A_NB	10	d	119	123	128	133	137	142	146	149	153	158	162	164	166	169	172	175	179	/
3A_NB	11	a	125	128	132	137	141	146	150	153	158	163	167	169	171	174	177	180	183	188
3A_NB	11	d	126	129	134	139	143	148	152	154	159	165	168	170	172	175	178	181	185	/
3A_NB	12	a	152	156	159	164	168	172	176	179	183	188	192	194	196	200	204	208	211	215
3A_NB	12	d	153	157	161	166	169	174	177	180	184	189	193	195	197	201	205	209	212	/
3A_NB	13	a	173	176	180	184	188	192	196	199	204	209	213	215	218	221	225	228	231	235
3A_NB	13	d	174	177	181	186	190	194	198	201	205	210	214	216	219	222	226	229	232	/
3A_NB	14	a	187	191	195	199	202	205	209	212	217	223	227	230	232	236	240	243	246	250
3A_NB	14	d	188	192	196	200	203	207	211	214	218	224	228	231	233	237	241	244	247	/
3A_NB	15	a	201	205	208	213	216	220	224	228	233	238	242	244	246	250	254	258	261	264
3A_NB	15	d	202	206	210	214	217	221	226	230	234	239	243	245	247	251	255	259	262	/
3A_NB	16	a	211	215	219	223	226	230	235	239	243	249	253	255	257	262	267	271	275	279
3A_NB	16	d	212	216	220	224	228	232	237	241	244	250	254	256	259	264	268	273	277	/
3A_NB	17	a	230	234	237	243	247	251	254	257	262	267	271	273	276	279	283	286	289	292
3A_NB	17	d	231	235	239	245	248	252	255	259	263	268	272	274	277	280	284	287	290	/
3A_NB	18	a	244	247	251	255	259	264	268	271	276	281	285	287	289	292	296	300	305	310
3A_NB	18	d	245	249	252	257	261	266	270	273	277	282	286	288	290	293	298	302	307	/
3A_NB	19	a	269	273	277	281	285	289	293	296	301	308	312	315	318	321	324	327	330	334
3A_NB	19	d	270	274	278	283	287	291	295	298	302	309	313	316	319	322	325	328	331	/
3A_NB	20	a	275	279	283	288	291	295	299	302	306	313	317	319	323	326	329	332	336	340
3A_NB	20	d	276	280	285	289	293	297	301	304	307	314	318	321	324	327	330	333	337	/
3A_NB	21	a	280	284	289	293	296	300	304	307	311	318	322	324	328	333	336	339	343	347
3A_NB	21	d	281	286	290	294	298	302	306	309	312	319	323	326	330	334	337	340	344	/
3A_NB	22	a	286	290	294	298	301	306	310	313	317	323	328	332	334	338	341	345	349	353
3A_NB	22	d	287	291	295	299	303	308	312	315	319	325	330	333	335	339	343	346	350	/
3A_NB	23	a	301	305	309	314	318	322	326	328	333	338	342	345	347	350	353	356	360	364
3A_NB	23	d	302	307	311	316	320	324	327	330	334	339	343	346	348	351	354	357	362	/
3A_NB	24	a	306	310	314	319	323	327	331	333	338	343	347	351	354	358	362	365	369	372
3A_NB	24	d	307	312	316	321	325	329	332	335	339	344	349	353	356	360	363	366	370	/
3A_NB	25	a	311	315	319	324	328	332	336	338	343	348	352	356	359	364	367	370	374	377
3A_NB	25	d	312	317	321	326	330	334	337	340	345	349	354	358	361	365	368	371	375	/
3A_NB	26	a	316	320	324	329	334	337	341	343	348	353	358	361	364	369	372	375	378	382
3A_NB	26	d	317	322	326	331	335	339	342	345	350	355	359	363	366	370	373	376	380	/
3A_NB	27	a	322	326	330	334	339	342	346	349	354	359	363	366	369	374	377	381	384	387
3A_NB	27	d	323	328	332	336	340	344	348	351	356	361	365	368	371	375	378	382	385	/
3A_NB	28	a	329	333	336	339	344	348	351	354	359	365	368	371	374	378	382	386	389	392
3A_NB	28	d	330	334	337	341	345	349	353	356	361	366	370	373	376	380	383	387	390	/
3A_NB	29	a	334	338	341	344	349	353	356	359	364	370	373	377	380	384	387	391	395	398
3A_NB	29	d	335	339	342	346	350	354	358	361	366	371	375	378	382	385	388	392	396	/
3A_NB	30	a	339	343	346	349	354	358	361	364	369	375	378	382	385	389	393	397	401	404
3A_NB	30	d	340	344	347	351	355	359	363	366	371	376	380	383	387	390	394	398	402	/
3A_NB	31	a	344	348	352	355	359	362	366	369	374	380	384	388	392	396	400	405	408	412
3A_NB	31	d	345	349	353	356	360	364	368	371	376	382	386	390	393	397	402	406	410	/
3A_NB	32	a	349	353	357	360	364	368	372	375	380	386	390	394	398	403	408	413	417	420
3A_NB	32	d	350	354	358	362	366	370	374	377	382	388	392	396	400	405	410	415	418	/
