RouteID	RunID	Arrivals/Departures	TimePerStop
1A_SB	1	a	7	13	21	24	28	35	38	44	48	52	55	59	63	73	78	81
1A_SB	1	d	8	14	22	25	30	37	40	45	49	53	56	60	64	74	79	/
1A_SB	2	a	35	40	49	52	56	63	66	71	75	78	81	84	88	97	103	106
1A_SB	2	d	36	42	51	54	58	65	67	72	76	79	82	86	89	99	104	/
1A_SB	3	a	60	65	74	77	81	87	90	95	99	103	107	110	113	120	125	129
1A_SB	3	d	61	67	76	78	82	88	91	96	100	104	108	111	114	121	126	/
1A_SB	4	a	68	74	84	86	90	96	99	105	108	112	116	119	122	129	134	139
1A_SB	4	d	70	75	85	87	91	98	101	106	109	113	117	120	123	130	136	/
1A_SB	5	a	77	84	95	97	101	108	111	115	118	122	125	128	131	138	143	148
1A_SB	5	d	79	86	96	99	103	110	112	116	119	123	126	129	132	140	145	/
1A_SB	6	a	86	93	102	104	108	114	117	121	125	128	132	135	139	147	151	156
1A_SB	6	d	88	95	103	105	109	116	118	122	126	130	133	137	140	148	153	/
1A_SB	7	a	106	111	118	121	126	133	137	142	145	149	152	156	159	168	173	177
1A_SB	7	d	108	112	120	123	128	135	139	143	146	150	153	157	160	170	174	/
1A_SB	8	a	118	124	132	134	138	145	149	154	159	162	165	169	172	179	184	188
1A_SB	8	d	120	126	133	136	140	147	151	156	160	163	166	170	173	180	185	/
1A_SB	9	a	126	132	140	143	146	153	156	161	165	168	172	176	179	189	194	198
1A_SB	9	d	128	134	142	144	148	155	158	162	166	169	173	177	181	190	195	/
1A_SB	10	a	131	137	147	150	155	161	163	167	170	173	177	181	185	195	200	204
1A_SB	10	d	133	139	149	152	157	162	164	168	171	174	178	182	187	196	201	/
1A_SB	11	a	138	144	153	157	161	166	169	173	177	180	184	188	192	202	208	213
1A_SB	11	d	140	145	155	158	162	168	170	175	178	182	185	189	194	204	210	/
1A_SB	12	a	157	164	174	178	182	187	189	194	197	200	204	207	211	221	226	230
1A_SB	12	d	159	166	176	180	183	188	190	195	198	201	205	208	212	222	227	/
1A_SB	13	a	164	170	180	183	187	192	194	198	202	205	209	212	217	227	232	236
1A_SB	13	d	166	172	182	185	188	193	195	200	203	206	210	213	218	228	233	/
1A_SB	14	a	169	175	185	188	192	197	199	203	207	210	213	217	222	232	237	241
1A_SB	14	d	171	177	187	190	193	198	200	205	208	211	215	218	223	233	238	/
1A_SB	15	a	174	180	191	193	197	202	204	208	212	216	219	222	227	238	243	246
1A_SB	15	d	176	182	192	195	198	203	205	210	213	217	220	223	228	240	244	/
1A_SB	16	a	180	186	196	199	202	207	209	214	217	221	224	228	233	244	249	253
1A_SB	16	d	182	187	197	200	203	208	211	215	218	222	226	230	234	246	251	/
1A_NB	1	a	4	8	14	22	27	30	34	38	41	46	50	54	57	61	70	74
1A_NB	1	d	5	9	15	23	28	31	35	39	42	47	51	55	58	62	71	/
1A_NB	2	a	9	13	19	27	32	36	40	44	48	52	56	60	63	67	76	81
1A_NB	2	d	10	14	20	28	33	37	41	45	49	53	57	61	64	68	77	/
1A_NB	3	a	13	18	25	33	39	43	47	51	55	59	62	67	70	74	83	88
1A_NB	3	d	15	19	26	34	40	44	48	52	56	60	63	68	71	75	84	/
1A_NB	4	a	18	23	30	38	44	47	52	56	60	65	68	74	77	81	90	97
1A_NB	4	d	20	24	31	39	45	49	53	57	61	66	70	75	78	82	91	/
1A_NB	5	a	23	28	34	43	49	52	57	61	64	70	73	79	83	88	96	103
1A_NB	5	d	25	30	36	44	50	54	58	62	66	71	75	81	85	90	97	/
1A_NB	6	a	28	34	39	48	54	58	64	68	72	77	80	85	88	93	101	109
1A_NB	6	d	30	35	41	49	56	60	66	70	73	78	81	86	90	95	103	/
1A_NB	7	a	51	57	64	71	79	84	89	93	97	103	106	110	112	116	122	128
1A_NB	7	d	53	59	66	73	81	86	91	95	98	104	107	111	113	117	123	/
1A_NB	8	a	66	72	78	87	92	96	99	102	105	111	116	121	125	130	138	146
1A_NB	8	d	68	74	80	88	93	97	100	103	107	113	118	123	127	132	140	/
1A_NB	9	a	94	99	105	113	118	122	126	129	132	139	143	148	151	155	162	168
1A_NB	9	d	96	101	107	114	119	123	127	130	134	141	145	150	152	156	163	/
1A_NB	10	a	100	105	111	118	123	127	131	134	138	144	148	153	156	161	168	173
1A_NB	10	d	102	106	112	119	124	128	132	135	139	146	150	155	158	162	169	/
1A_NB	11	a	105	110	116	123	128	132	136	139	143	149	153	158	161	166	175	180
1A_NB	11	d	107	111	117	124	129	133	137	140	144	151	155	160	163	168	176	/
1A_NB	12	a	111	116	122	128	133	137	141	144	148	154	158	163	166	171	180	186
1A_NB	12	d	113	117	123	129	135	138	142	145	149	156	160	165	168	173	181	/
1A_NB	13	a	122	127	134	142	147	151	155	158	161	167	170	175	177	181	190	197
1A_NB	13	d	124	128	136	144	149	153	156	159	162	168	171	176	178	182	192	/
1A_NB	14	a	127	132	139	147	152	156	160	163	166	172	175	180	183	187	197	205
1A_NB	14	d	129	133	141	149	154	158	161	164	167	173	176	181	184	189	199	/
1A_NB	15	a	136	142	148	155	160	163	168	171	176	182	186	190	193	198	209	215
1A_NB	15	d	138	143	149	156	161	165	169	173	177	183	187	191	195	200	211	/
1A_NB	16	a	165	170	177	185	190	193	198	202	206	211	215	220	222	227	236	241
1A_NB	16	d	167	172	179	186	191	194	199	203	207	212	216	221	223	228	237	/
2A_NB	1	a	4	7	12	15	18	22	27	30	34	42	45	51	53	55	58	64	67	71	74	77	83	87
2A_NB	1	d	5	8	13	16	19	23	28	31	35	43	46	52	54	56	59	65	68	72	75	78	84	/
2A_NB	2	a	9	12	17	20	23	27	32	35	39	47	50	56	58	60	64	70	73	77	80	83	89	93
2A_NB	2	d	10	13	18	21	24	28	33	36	40	48	51	57	59	61	65	71	75	78	81	84	90	/
2A_NB	3	a	14	17	23	26	29	33	38	41	45	53	56	62	64	66	70	76	80	83	86	89	96	100
2A_NB	3	d	15	18	24	27	30	34	39	42	46	54	57	63	65	67	71	77	81	84	87	90	97	/
2A_NB	4	a	19	22	28	31	34	38	43	46	50	58	61	67	69	71	75	81	85	88	91	94	101	105
2A_NB	4	d	20	23	29	32	35	39	44	48	51	59	62	68	70	72	76	82	86	89	92	95	102	/
2A_NB	5	a	24	27	33	36	39	43	48	52	55	63	67	73	75	77	80	86	90	94	98	101	108	112
2A_NB	5	d	25	28	34	37	40	44	50	53	56	64	68	74	76	78	81	87	91	95	99	102	109	/
2A_NB	6	a	29	32	38	41	44	47	54	57	61	68	72	78	80	82	85	91	95	99	103	108	117	121
2A_NB	6	d	30	33	39	42	45	49	55	59	63	69	73	79	81	83	86	92	96	100	105	109	118	/
2A_NB	7	a	34	37	43	46	48	52	59	62	66	73	78	83	85	87	90	96	100	104	108	113	122	126
2A_NB	7	d	35	38	44	47	50	54	60	64	68	75	79	84	86	88	91	97	101	106	110	114	123	/
2A_NB	8	a	48	51	57	61	65	69	75	80	84	92	96	102	105	108	111	117	121	124	128	132	142	145
2A_NB	8	d	49	52	59	63	67	70	77	82	86	94	97	103	106	109	112	118	122	125	129	133	143	/
2A_NB	9	a	53	56	62	66	70	74	81	85	89	98	101	107	110	113	116	122	126	129	133	137	146	150
2A_NB	9	d	54	57	64	68	72	75	82	87	91	99	102	108	111	114	117	123	127	130	134	139	148	/
2A_NB	10	a	58	61	67	71	75	79	86	90	94	103	106	113	116	119	122	128	132	135	138	142	151	155
2A_NB	10	d	59	63	69	73	77	80	87	92	96	104	107	114	117	120	123	129	133	136	140	144	153	/
2A_NB	11	a	63	66	72	76	80	84	91	95	99	108	112	119	121	123	127	133	137	140	144	147	156	160
2A_NB	11	d	64	68	74	78	82	85	92	97	101	109	113	120	122	125	128	134	138	142	145	149	158	/
2A_NB	12	a	68	71	77	81	85	89	95	100	104	114	118	125	127	130	133	139	143	147	150	153	161	165
2A_NB	12	d	69	73	79	83	87	91	97	102	106	115	119	126	129	131	134	141	145	148	151	155	163	/
2A_NB	13	a	73	76	84	87	90	94	100	105	110	119	122	131	133	135	140	146	149	152	156	159	167	171
2A_NB	13	d	74	78	85	88	92	96	102	107	111	120	124	132	134	137	142	147	150	154	157	161	169	/
2A_NB	14	a	78	82	89	92	96	100	106	110	115	124	128	136	139	142	146	151	155	158	161	164	172	176
2A_NB	14	d	79	83	90	94	98	102	107	112	116	126	129	137	140	143	147	152	156	159	162	166	174	/
2A_NB	15	a	83	87	94	97	101	105	112	116	120	129	133	141	144	147	151	156	160	163	166	170	177	181
2A_NB	15	d	84	88	95	99	103	107	113	117	121	131	134	142	145	148	152	157	161	164	167	171	179	/
2A_NB	16	a	88	92	98	102	106	110	117	122	125	135	139	146	150	152	155	161	165	169	173	178	185	190
2A_NB	16	d	89	93	100	104	108	112	119	123	127	137	141	148	151	153	157	162	166	171	175	179	187	/
2A_SB	1	a	15	17	25	30	34	37	42	50	53	57	62	66	72	76	84	88	91	98	101	105	109	113	123	129
2A_SB	1	d	16	19	27	32	36	39	44	51	55	59	64	67	73	78	86	89	92	99	102	106	110	114	124	/
2A_SB	2	a	23	25	33	38	42	45	49	57	61	65	70	73	78	83	90	94	97	104	107	111	115	119	128	135
2A_SB	2	d	24	27	35	40	44	47	51	59	63	67	71	75	80	84	91	95	98	105	108	112	116	120	130	/
2A_SB	3	a	48	51	58	62	66	69	73	79	81	84	88	91	97	101	108	111	115	123	126	130	134	139	150	155
2A_SB	3	d	49	53	60	64	68	71	74	80	82	85	89	93	99	103	109	112	116	124	127	131	136	140	151	/
2A_SB	4	a	54	58	66	70	74	78	82	88	92	96	100	104	109	113	120	123	126	132	135	140	144	148	159	165
2A_SB	4	d	56	60	68	72	76	80	83	90	94	98	101	105	110	114	121	124	127	133	137	141	145	149	161	/
2A_SB	5	a	64	68	76	80	83	86	90	98	102	106	110	113	119	122	129	132	135	140	143	147	151	155	165	170
2A_SB	5	d	66	70	77	81	84	88	92	100	104	108	111	115	120	123	130	133	136	141	144	148	152	157	166	/
2A_SB	6	a	79	82	88	92	95	97	101	108	111	114	117	120	126	129	136	140	144	149	152	155	159	164	175	180
2A_SB	6	d	81	83	89	93	96	98	102	109	112	115	118	121	127	130	137	141	145	150	153	156	161	165	176	/
2A_SB	7	a	91	95	101	105	108	111	114	121	124	127	130	133	139	143	148	152	156	163	166	171	175	179	193	198
2A_SB	7	d	93	96	102	106	109	112	115	122	125	128	131	134	140	144	150	153	158	165	168	172	177	181	194	/
2A_SB	8	a	111	114	121	126	130	133	136	141	144	147	150	153	160	164	170	173	176	181	183	186	189	194	208	213
2A_SB	8	d	113	115	123	127	132	134	137	142	145	148	151	155	162	165	171	174	177	182	184	187	191	195	209	/
2A_SB	9	a	121	124	132	137	142	145	149	155	157	160	163	166	171	175	181	185	190	196	199	203	207	210	221	226
2A_SB	9	d	123	126	134	139	144	147	150	156	158	161	164	167	173	176	183	187	191	197	200	204	208	212	222	/
2A_SB	10	a	130	133	140	145	149	152	156	162	165	169	173	176	182	185	192	195	198	203	206	210	213	216	227	233
2A_SB	10	d	132	134	142	146	150	153	157	164	167	170	174	178	183	187	193	196	199	204	207	211	214	218	228	/
2A_SB	11	a	139	142	149	154	158	161	165	172	175	178	182	185	191	194	199	202	205	210	213	216	219	222	233	239
2A_SB	11	d	141	144	151	155	159	162	166	173	176	179	183	186	192	195	200	203	206	212	214	217	220	224	234	/
2A_SB	12	a	145	148	156	160	164	166	170	177	180	184	187	190	196	199	204	207	210	216	218	221	224	228	241	248
2A_SB	12	d	147	150	157	161	165	167	171	178	181	185	188	191	197	200	205	208	211	217	219	222	225	229	243	/
2A_SB	13	a	150	154	161	166	169	171	175	182	185	189	192	196	201	204	209	212	216	222	224	227	230	234	247	254
2A_SB	13	d	152	155	163	167	170	172	176	183	186	190	194	197	202	205	210	213	217	223	225	228	231	235	249	/
2A_SB	14	a	157	161	169	174	178	180	184	190	193	197	200	203	208	211	216	219	223	229	232	236	240	245	258	263
2A_SB	14	d	159	163	171	176	179	181	185	191	194	198	201	204	209	212	217	220	224	231	234	238	242	247	259	/
2A_SB	15	a	165	168	175	179	184	186	190	196	199	203	206	209	215	219	224	228	232	238	240	243	247	251	263	268
2A_SB	15	d	167	169	176	181	185	187	191	197	200	204	207	210	216	220	225	229	233	239	241	244	248	252	264	/
2A_SB	16	a	173	176	183	187	191	193	197	202	206	210	213	217	223	227	234	238	242	248	252	256	261	265	279	286
2A_SB	16	d	175	177	184	188	192	194	198	204	207	211	214	218	224	229	235	239	243	250	254	258	263	267	281	/
3A_SB	1	a	29	35	42	46	50	55	58	62	66	71	74	76	79	82	85	88	91	94
3A_SB	1	d	30	37	44	48	52	57	60	64	68	72	75	77	80	83	86	89	92	/
3A_SB	2	a	37	43	49	53	57	62	65	69	73	78	81	83	86	89	93	97	100	103
3A_SB	2	d	38	45	51	55	59	64	67	71	75	79	82	84	87	90	94	98	101	/
3A_SB	3	a	60	65	71	75	79	82	84	87	91	96	98	101	104	108	112	116	119	122
3A_SB	3	d	61	67	73	77	80	83	86	88	93	97	99	102	105	109	113	117	120	/
3A_SB	4	a	67	72	78	82	85	88	90	92	97	101	103	106	110	114	118	122	125	128
3A_SB	4	d	68	74	79	83	86	89	91	94	98	102	104	107	111	115	119	123	126	/
3A_SB	5	a	73	78	84	88	91	95	97	100	105	109	111	113	117	121	124	127	130	133
3A_SB	5	d	74	79	85	89	92	96	99	102	106	110	112	114	118	122	125	128	131	/
3A_SB	6	a	84	88	96	100	104	107	109	112	115	119	121	124	127	130	133	136	139	143
3A_SB	6	d	85	90	97	101	105	108	110	113	116	120	122	125	128	131	134	137	140	/
3A_SB	7	a	89	94	101	105	109	112	114	118	121	125	127	130	133	136	140	144	148	152
3A_SB	7	d	90	95	102	106	110	113	116	119	122	126	128	131	134	137	141	146	150	/
3A_SB	8	a	104	109	115	119	123	127	131	134	138	143	145	149	153	158	162	166	170	174
3A_SB	8	d	105	110	117	120	124	129	133	135	140	144	147	150	155	159	164	168	172	/
3A_SB	9	a	119	125	132	136	140	143	146	149	153	158	160	162	166	169	173	176	179	183
3A_SB	9	d	120	126	134	137	141	144	147	150	155	159	161	163	167	170	174	177	181	/
3A_SB	10	a	129	135	142	146	150	154	158	161	166	171	173	176	180	183	187	190	194	198
3A_SB	10	d	130	137	144	147	152	156	160	163	168	172	174	177	181	184	188	191	195	/
3A_SB	11	a	143	148	154	158	163	167	171	173	177	181	183	185	188	191	195	198	201	205
3A_SB	11	d	144	149	156	160	165	169	172	174	178	182	184	186	189	192	196	199	202	/
3A_SB	12	a	151	155	162	165	169	173	177	180	185	191	193	195	199	203	206	209	212	215
3A_SB	12	d	152	157	163	167	171	175	179	182	187	192	194	196	200	204	207	210	213	/
3A_SB	13	a	157	161	168	173	177	181	184	187	191	196	198	200	204	208	211	214	217	220
3A_SB	13	d	158	163	170	175	179	182	185	188	192	197	199	201	205	209	212	215	218	/
3A_SB	14	a	163	167	173	178	182	186	189	193	197	201	203	205	209	213	216	219	222	225
3A_SB	14	d	164	168	175	180	184	187	191	195	198	202	204	206	210	214	217	220	223	/
3A_SB	15	a	170	176	183	188	192	196	199	201	204	208	210	212	215	219	222	225	228	231
3A_SB	15	d	171	178	185	190	194	197	200	202	205	209	211	213	216	220	223	226	229	/
3A_SB	16	a	183	188	194	199	202	206	209	212	215	218	220	222	225	229	232	236	239	243
3A_SB	16	d	184	189	196	200	203	207	210	213	216	219	221	223	226	230	233	237	241	/
3A_NB	1	a	4	7	9	12	15	18	21	25	28	32	35	40	43	46	49	52	56	61	67
3A_NB	1	d	5	8	10	13	16	19	22	26	29	33	36	41	44	47	50	53	57	62	/
3A_NB	2	a	9	12	14	17	20	23	26	30	34	38	41	46	49	52	55	58	62	66	72
3A_NB	2	d	10	13	15	19	21	24	27	31	35	39	42	47	50	53	56	59	63	67	/
3A_NB	3	a	14	18	21	24	26	29	32	36	40	44	47	52	55	58	61	64	69	73	81
3A_NB	3	d	15	19	22	25	27	30	33	37	41	45	48	53	56	59	62	65	70	75	/
3A_NB	4	a	19	23	26	29	31	35	38	43	47	50	54	59	64	67	71	74	80	86	94
3A_NB	4	d	20	24	27	30	32	36	40	44	48	52	55	61	65	68	72	76	82	88	/
3A_NB	5	a	47	51	55	57	60	63	67	72	76	80	83	88	92	95	99	102	108	112	118
3A_NB	5	d	48	52	56	58	61	65	69	74	78	82	85	89	93	97	100	103	109	114	/
3A_NB	6	a	76	79	84	87	90	93	96	100	105	109	113	118	122	126	129	132	136	142	148
3A_NB	6	d	77	81	86	88	91	94	97	102	107	111	115	119	123	127	130	133	137	143	/
3A_NB	7	a	93	96	100	103	107	111	115	120	125	130	133	138	142	145	149	151	157	162	167
3A_NB	7	d	94	98	102	105	109	113	117	122	127	132	135	139	143	146	150	152	158	163	/
3A_NB	8	a	98	101	105	108	112	116	120	125	130	135	138	143	147	150	154	156	162	167	173
3A_NB	8	d	99	103	107	110	114	118	122	127	132	137	140	144	148	151	155	157	163	168	/
3A_NB	9	a	103	106	110	113	117	121	126	131	135	140	143	148	152	157	161	163	168	173	179
3A_NB	9	d	104	108	112	115	119	123	128	132	137	142	145	150	154	158	162	165	169	174	/
3A_NB	10	a	115	119	122	124	127	131	135	140	144	149	153	159	162	166	169	172	176	181	187
3A_NB	10	d	116	120	123	125	129	132	137	142	146	151	155	160	163	167	170	173	177	183	/
3A_NB	11	a	139	143	146	148	150	155	160	165	169	173	176	182	185	189	192	194	199	203	209
3A_NB	11	d	140	144	147	149	152	157	162	167	171	175	178	183	186	190	193	196	200	204	/
3A_NB	12	a	145	149	153	156	159	164	168	173	177	181	185	191	194	198	201	203	207	211	219
3A_NB	12	d	146	151	155	158	161	166	170	175	179	183	187	192	195	199	202	204	208	213	/
3A_NB	13	a	152	155	159	162	165	169	173	178	182	187	190	196	199	203	206	208	212	217	224
3A_NB	13	d	153	157	161	164	167	171	175	180	184	188	192	197	200	204	207	209	213	218	/
3A_NB	14	a	158	161	164	167	171	174	178	183	187	192	195	202	205	209	212	214	219	224	230
3A_NB	14	d	159	162	166	169	172	176	180	185	189	193	197	203	206	210	213	215	220	226	/
3A_NB	15	a	165	168	172	174	177	180	184	189	193	197	200	207	210	213	217	219	224	230	236
3A_NB	15	d	166	169	173	175	178	181	186	191	194	199	202	208	211	215	218	220	226	232	/
3A_NB	16	a	175	178	182	185	188	192	196	201	204	207	209	215	218	221	224	227	232	238	244
3A_NB	16	d	176	179	184	187	190	193	198	202	205	208	211	216	219	222	225	228	234	240	/
