RouteID	RunID	Arrivals/Departures	TimePerStop
1A_SB	1	a	4	7	10	20	23	28	34	37	41	45	48	51	61	64	72
1A_SB	1	d	5	8	11	21	25	30	35	38	43	46	49	52	62	66	/
1A_SB	2	a	24	28	32	40	43	47	53	57	62	65	68	71	83	86	95
1A_SB	2	d	25	29	33	41	45	49	55	59	63	66	69	72	84	88	/
1A_SB	3	a	49	54	59	69	73	77	84	88	92	95	98	101	112	117	125
1A_SB	3	d	51	56	61	71	75	79	85	89	93	96	99	102	114	118	/
1A_SB	4	a	63	68	72	81	86	90	96	99	103	106	111	114	123	126	136
1A_SB	4	d	65	69	73	83	88	92	97	100	104	108	112	116	124	128	/
1A_SB	5	a	78	83	87	99	102	105	111	114	118	121	125	128	138	141	148
1A_SB	5	d	80	84	88	100	103	106	112	115	119	122	126	129	139	142	/
1A_SB	6	a	86	91	94	104	107	111	117	120	124	127	131	134	142	146	153
1A_SB	6	d	88	92	95	105	109	112	118	121	125	128	132	135	144	147	/
1A_SB	7	a	100	105	109	118	121	124	131	134	138	142	146	150	160	164	170
1A_SB	7	d	102	107	111	119	122	126	132	135	139	143	147	151	162	165	/
1A_SB	8	a	117	121	125	134	138	142	147	150	154	157	161	165	174	178	184
1A_SB	8	d	119	123	126	135	139	143	148	151	155	158	162	166	175	179	/
1A_SB	9	a	129	134	139	148	152	156	161	164	168	172	175	179	191	195	203
1A_SB	9	d	131	136	141	149	153	157	162	165	169	173	176	181	193	197	/
1A_SB	10	a	144	148	154	162	165	168	173	177	181	185	189	192	203	206	213
1A_SB	10	d	146	150	155	163	166	169	174	178	183	186	190	193	204	207	/
1A_SB	11	a	149	153	159	167	171	174	179	183	187	190	194	197	208	211	219
1A_SB	11	d	151	155	160	168	172	175	180	184	188	191	195	199	209	212	/
1A_SB	12	a	154	158	164	173	177	180	186	190	194	197	200	203	213	217	225
1A_SB	12	d	156	160	165	174	178	181	187	191	195	198	201	204	214	218	/
1A_SB	13	a	159	163	168	178	182	185	191	195	198	202	205	208	218	223	230
1A_SB	13	d	161	165	170	179	183	186	192	196	200	203	206	209	220	225	/
1A_SB	14	a	164	169	174	183	187	190	196	200	203	207	210	214	225	228	235
1A_SB	14	d	166	171	175	184	188	191	197	201	205	208	212	215	226	230	/
1A_SB	15	a	172	177	182	191	195	198	204	208	213	216	219	223	234	237	243
1A_SB	15	d	174	179	184	192	196	200	205	210	214	217	221	225	235	238	/
1A_SB	16	a	178	183	188	197	201	205	210	214	218	221	224	228	239	242	249
1A_SB	16	d	180	185	190	199	203	206	211	215	219	222	226	230	240	243	/
1A_NB	1	a	4	12	15	26	32	36	40	43	46	51	54	58	66	71	76
1A_NB	1	d	5	13	16	27	33	37	41	44	47	52	55	59	68	73	/
1A_NB	2	a	9	17	20	31	36	41	45	49	52	57	60	63	73	77	81
1A_NB	2	d	10	18	21	32	38	42	46	50	53	58	61	65	75	78	/
1A_NB	3	a	13	23	26	37	42	46	50	54	57	62	65	68	78	82	87
1A_NB	3	d	15	24	27	38	43	47	51	55	58	63	66	70	80	84	/
1A_NB	4	a	18	28	32	41	47	51	55	60	63	70	73	76	84	87	92
1A_NB	4	d	20	30	34	43	48	52	57	61	65	71	74	77	85	89	/
1A_NB	5	a	23	33	37	46	52	56	60	65	68	75	79	82	90	94	98
1A_NB	5	d	25	35	39	48	53	57	62	66	70	76	80	83	91	95	/
1A_NB	6	a	31	42	45	53	58	62	66	71	75	80	84	87	95	99	103
1A_NB	6	d	33	43	46	54	60	63	68	73	76	81	85	88	96	100	/
1A_NB	7	a	39	50	55	63	68	72	76	81	84	90	93	96	104	107	112
1A_NB	7	d	41	52	56	65	70	73	77	82	86	91	94	97	105	109	/
1A_NB	8	a	69	78	82	93	99	102	105	109	113	119	122	125	133	137	142
1A_NB	8	d	71	80	84	95	100	103	106	110	114	120	123	126	134	138	/
1A_NB	9	a	78	88	92	104	110	113	116	120	123	130	133	138	147	152	157
1A_NB	9	d	80	90	94	106	111	114	117	121	124	131	135	140	149	154	/
1A_NB	10	a	93	102	106	117	123	128	133	138	142	148	152	156	164	168	172
1A_NB	10	d	95	104	108	119	125	130	135	140	143	149	153	157	165	169	/
1A_NB	11	a	102	111	114	125	130	135	138	143	147	153	156	161	169	173	178
1A_NB	11	d	104	112	116	126	132	136	140	145	148	154	158	162	170	175	/
1A_NB	12	a	109	120	124	134	140	144	147	152	155	162	165	170	178	184	188
1A_NB	12	d	111	122	126	135	141	145	149	153	156	163	167	172	180	185	/
1A_NB	13	a	123	134	137	144	150	153	156	161	164	171	175	179	188	193	197
1A_NB	13	d	125	135	138	145	151	154	158	162	165	172	176	180	189	194	/
1A_NB	14	a	153	163	166	174	179	182	186	191	194	200	203	206	215	219	223
1A_NB	14	d	155	164	167	175	180	183	187	192	195	201	204	208	216	220	/
1A_NB	15	a	158	168	171	179	186	189	193	198	201	207	210	213	224	227	231
1A_NB	15	d	160	169	172	180	187	190	194	199	202	208	211	214	225	228	/
1A_NB	16	a	163	173	176	185	193	196	201	204	208	214	218	222	234	238	242
1A_NB	16	d	165	174	178	187	194	198	202	206	209	216	220	224	236	239	/
2A_NB	1	a	4	7	12	15	18	23	27	30	39	42	47	49	51	54	59	62	65	68
2A_NB	1	d	5	8	13	16	19	24	28	31	40	43	48	50	52	55	60	63	66	/
2A_NB	2	a	9	12	17	21	24	29	32	35	44	47	53	55	57	60	66	69	72	75
2A_NB	2	d	10	13	18	22	25	30	33	36	45	48	54	56	58	61	67	70	73	/
2A_NB	3	a	14	17	22	26	29	34	37	40	49	52	58	60	63	67	73	76	80	84
2A_NB	3	d	15	18	23	27	30	35	38	41	50	53	59	61	64	68	74	77	81	/
2A_NB	4	a	19	22	27	31	34	39	42	45	55	58	64	67	70	74	79	81	85	89
2A_NB	4	d	20	23	28	32	35	40	43	46	56	59	65	68	71	75	80	82	86	/
2A_NB	5	a	24	27	32	36	39	44	48	51	61	65	72	75	77	80	86	89	94	98
2A_NB	5	d	25	28	33	37	40	45	49	52	62	66	73	76	78	82	88	91	96	/
2A_NB	6	a	29	32	37	41	44	49	53	56	66	70	77	79	82	85	91	94	99	103
2A_NB	6	d	30	33	38	42	45	50	54	57	67	71	78	81	83	87	93	96	101	/
2A_NB	7	a	34	37	42	46	49	54	58	61	71	75	81	84	87	91	96	99	104	108
2A_NB	7	d	35	38	43	47	50	55	59	62	72	76	83	86	89	92	98	101	106	/
2A_NB	8	a	39	42	47	51	54	59	63	66	76	80	86	89	93	97	102	104	109	113
2A_NB	8	d	40	43	48	52	55	60	64	67	77	81	88	91	94	98	103	106	111	/
2A_NB	9	a	44	47	53	57	60	66	70	73	82	86	92	95	98	102	107	109	114	118
2A_NB	9	d	45	48	54	58	61	67	71	75	83	87	93	96	99	103	108	111	116	/
2A_NB	10	a	49	52	58	62	65	71	75	78	87	91	97	100	103	107	112	115	119	124
2A_NB	10	d	50	53	60	63	66	72	76	80	88	92	98	101	104	108	114	116	121	/
2A_NB	11	a	54	57	63	67	70	76	79	83	92	96	102	105	107	112	117	120	124	129
2A_NB	11	d	55	58	65	68	71	77	81	85	93	97	103	106	109	113	119	121	126	/
2A_NB	12	a	59	62	68	72	75	80	84	88	97	101	107	111	113	117	122	125	129	134
2A_NB	12	d	60	63	70	73	76	82	86	90	98	102	109	112	114	118	124	126	131	/
2A_NB	13	a	64	67	73	77	80	85	89	93	102	106	112	116	118	122	128	130	134	139
2A_NB	13	d	65	68	75	78	81	87	91	95	103	108	114	117	119	124	129	131	136	/
2A_NB	14	a	69	72	78	82	85	91	95	98	107	112	118	121	125	128	133	135	139	144
2A_NB	14	d	70	73	80	83	87	92	96	100	109	114	120	123	126	129	134	136	141	/
2A_NB	15	a	75	78	83	87	90	97	101	104	114	118	123	126	130	133	138	140	144	149
2A_NB	15	d	76	79	85	88	92	98	102	105	115	119	125	128	131	134	139	141	146	/
2A_NB	16	a	80	83	88	92	96	103	108	112	122	126	131	133	137	140	145	147	151	154
2A_NB	16	d	81	84	90	94	98	105	109	113	123	127	132	135	138	141	146	148	152	/
2A_SB	1	a	19	24	27	30	35	38	41	44	47	53	58	63	66	70	75	80	84	88
2A_SB	1	d	20	25	28	31	36	39	42	45	48	55	60	64	67	71	77	81	85	/
2A_SB	2	a	45	48	51	55	61	64	68	73	77	82	87	92	95	98	103	106	110	113
2A_SB	2	d	46	49	53	57	62	66	69	75	78	84	88	93	96	99	104	107	111	/
2A_SB	3	a	52	56	59	62	68	72	76	80	83	88	92	98	102	105	110	113	117	120
2A_SB	3	d	54	57	60	64	70	74	77	81	84	89	94	100	103	106	111	114	118	/
2A_SB	4	a	63	67	70	74	81	85	89	93	96	101	106	112	115	118	123	126	129	132
2A_SB	4	d	65	69	72	76	83	87	91	94	97	102	107	113	116	119	124	127	130	/
2A_SB	5	a	76	80	84	87	94	97	101	104	109	115	119	125	129	133	139	142	145	148
2A_SB	5	d	78	82	85	89	96	99	102	106	111	117	121	127	130	135	140	143	146	/
2A_SB	6	a	90	94	97	100	106	108	111	114	118	123	127	132	135	139	144	147	150	154
2A_SB	6	d	92	95	98	101	107	109	112	115	119	124	128	133	136	140	145	148	152	/
2A_SB	7	a	97	101	105	109	116	118	122	125	129	136	141	146	150	154	160	164	168	171
2A_SB	7	d	99	103	107	111	117	120	123	127	131	138	143	148	151	155	161	165	169	/
2A_SB	8	a	121	125	128	131	136	138	141	145	148	152	155	160	163	167	172	175	179	183
2A_SB	8	d	123	127	129	132	137	139	142	146	149	153	156	161	164	168	173	176	181	/
2A_SB	9	a	126	130	133	136	142	144	147	151	155	161	165	170	174	178	183	186	190	193
2A_SB	9	d	128	132	134	138	143	145	148	152	157	163	166	172	176	179	184	187	191	/
2A_SB	10	a	132	136	138	142	147	149	153	157	161	167	170	175	179	184	189	192	196	199
2A_SB	10	d	134	137	139	143	148	150	154	158	163	168	171	177	181	185	190	193	197	/
2A_SB	11	a	137	141	144	149	155	157	161	165	170	176	180	186	190	194	200	203	207	210
2A_SB	11	d	139	143	146	150	156	158	162	167	171	178	181	187	191	195	201	204	208	/
2A_SB	12	a	145	149	153	156	163	166	169	173	177	183	187	194	198	202	208	211	215	218
2A_SB	12	d	147	151	154	158	165	167	171	174	178	185	189	196	199	203	209	212	216	/
2A_SB	13	a	163	168	171	174	180	183	187	190	193	199	202	208	211	215	220	223	227	230
2A_SB	13	d	165	169	172	175	181	184	188	191	194	200	203	209	212	216	221	225	228	/
2A_SB	14	a	169	174	177	180	187	190	195	198	203	210	214	220	223	227	232	236	239	242
2A_SB	14	d	171	175	178	182	188	192	196	200	204	211	215	221	224	228	233	237	240	/
2A_SB	15	a	177	182	185	188	194	196	200	203	208	215	219	225	229	232	237	241	244	247
2A_SB	15	d	179	183	186	189	195	197	201	205	209	216	220	226	230	233	238	242	245	/
2A_SB	16	a	184	188	191	195	200	203	208	212	216	223	227	232	236	239	245	249	252	255
2A_SB	16	d	186	189	193	197	202	205	210	214	218	224	228	233	237	240	246	250	253	/
3A_SB	1	a	4	9	13	18	21	24	28	34	37	40	44	46	51	55	60	65	69
3A_SB	1	d	5	10	14	19	22	25	30	35	38	41	45	47	52	56	61	66	/
3A_SB	2	a	10	15	19	26	29	32	36	41	44	48	52	55	61	66	70	75	79
3A_SB	2	d	11	16	20	27	30	33	37	42	45	50	54	57	63	67	71	77	/
3A_SB	3	a	38	42	47	52	56	60	65	69	73	78	82	84	89	93	96	101	104
3A_SB	3	d	39	44	48	54	58	62	67	71	75	79	83	85	90	94	97	102	/
3A_SB	4	a	57	62	65	70	73	78	83	88	92	96	101	103	107	111	115	120	123
3A_SB	4	d	58	63	66	71	75	80	85	90	94	98	102	104	108	112	116	121	/
3A_SB	5	a	67	72	76	83	88	93	97	100	104	109	113	115	118	122	125	129	132
3A_SB	5	d	68	74	78	85	90	95	98	102	106	111	114	116	119	123	126	130	/
3A_SB	6	a	74	80	84	91	96	101	105	109	113	118	122	125	129	133	136	141	145
3A_SB	6	d	75	81	86	93	98	103	107	111	115	120	123	126	130	134	137	142	/
3A_SB	7	a	88	94	98	106	110	114	119	123	126	130	133	136	140	143	146	151	154
3A_SB	7	d	89	96	100	108	111	116	120	124	127	131	135	137	141	144	147	152	/
3A_SB	8	a	107	113	117	123	126	130	134	140	144	148	153	156	160	163	166	171	175
3A_SB	8	d	108	114	119	124	128	132	136	142	146	150	154	157	161	164	167	173	/
3A_SB	9	a	129	136	140	147	151	155	159	163	167	171	174	176	180	183	187	193	197
3A_SB	9	d	130	138	142	149	152	156	160	164	168	172	175	177	181	184	188	194	/
3A_SB	10	a	144	150	154	162	165	169	173	177	180	184	187	190	195	199	205	211	214
3A_SB	10	d	145	151	156	163	166	170	174	178	181	185	188	191	196	201	207	212	/
3A_SB	11	a	157	162	167	173	177	181	184	187	190	194	197	199	204	208	213	219	222
3A_SB	11	d	158	164	169	175	178	182	185	188	191	195	198	200	205	210	214	220	/
3A_SB	12	a	163	168	173	179	184	188	191	194	197	201	204	206	211	214	218	224	228
3A_SB	12	d	164	170	175	181	185	189	192	195	198	202	205	207	212	215	219	225	/
3A_SB	13	a	168	174	179	186	191	195	198	202	205	209	212	215	220	223	227	232	236
3A_SB	13	d	169	176	181	188	192	196	199	203	206	210	213	216	221	224	228	233	/
3A_SB	14	a	173	179	184	191	196	200	203	207	210	214	217	220	225	228	231	237	241
3A_SB	14	d	174	181	186	193	197	201	204	208	211	215	218	221	226	229	233	238	/
3A_SB	15	a	180	185	189	196	201	205	208	212	215	219	222	225	230	233	236	242	246
3A_SB	15	d	181	186	191	198	202	206	209	213	216	220	223	226	231	234	238	243	/
3A_SB	16	a	185	190	194	202	206	210	214	218	221	226	231	233	238	241	245	250	254
3A_SB	16	d	186	191	196	203	207	211	215	219	223	228	232	234	239	242	246	251	/
3A_NB	1	a	15	18	22	26	30	35	40	44	48	52	56	58	60	63	67	70	73	77
3A_NB	1	d	16	20	24	28	32	37	42	45	49	53	57	59	61	64	68	71	75	/
3A_NB	2	a	21	24	28	33	38	43	47	50	55	60	65	69	72	75	79	83	88	92
3A_NB	2	d	22	26	30	35	40	45	49	52	57	62	67	71	73	77	81	85	90	/
3A_NB	3	a	48	52	56	60	64	69	73	77	82	87	91	93	96	100	103	106	110	114
3A_NB	3	d	49	54	58	62	66	71	75	79	83	88	92	94	97	101	104	107	111	/
3A_NB	4	a	55	59	62	67	70	74	79	83	88	93	97	99	102	106	109	112	116	120
3A_NB	4	d	56	60	64	68	71	76	81	85	89	94	98	100	103	107	110	113	117	/
3A_NB	5	a	69	73	77	82	86	92	95	97	101	107	111	115	118	121	124	129	132	137
3A_NB	5	d	70	75	79	84	88	93	96	98	102	108	113	117	119	122	126	130	134	/
3A_NB	6	a	79	83	87	92	97	102	106	109	114	120	124	127	129	133	136	140	143	147
3A_NB	6	d	80	85	89	94	99	104	108	111	115	121	125	128	130	134	137	141	144	/
3A_NB	7	a	88	92	96	101	106	110	115	118	123	129	133	136	138	143	147	151	154	157
3A_NB	7	d	89	94	98	103	108	112	117	120	124	130	134	137	140	144	148	152	155	/
3A_NB	8	a	100	104	107	112	117	121	126	129	134	140	144	147	149	152	155	159	162	165
3A_NB	8	d	101	105	109	114	119	123	128	131	135	141	145	148	150	153	156	160	163	/
3A_NB	9	a	108	112	115	120	124	128	133	136	141	148	153	156	159	162	165	168	172	176
3A_NB	9	d	109	113	117	122	126	130	135	138	143	150	155	158	160	163	166	169	173	/
3A_NB	10	a	120	124	127	133	136	141	145	148	153	158	162	164	166	170	173	176	181	184
3A_NB	10	d	121	125	129	134	138	143	147	150	154	159	163	165	168	171	174	178	182	/
3A_NB	11	a	126	130	133	138	142	147	150	153	158	163	167	170	172	175	178	181	186	190
3A_NB	11	d	127	131	135	140	144	148	152	155	159	164	168	171	173	176	179	183	188	/
3A_NB	12	a	148	152	156	161	165	170	174	177	182	186	190	193	196	199	203	206	210	213
3A_NB	12	d	149	153	158	163	167	172	176	179	183	187	191	194	197	200	204	207	211	/
3A_NB	13	a	154	157	161	166	171	175	179	182	187	191	195	198	201	204	208	211	215	218
3A_NB	13	d	155	158	163	168	172	177	181	184	188	192	196	199	202	205	209	213	216	/
3A_NB	14	a	161	164	169	174	178	182	186	188	192	196	201	204	207	210	213	216	220	224
3A_NB	14	d	162	166	171	175	179	184	187	189	193	197	202	205	208	211	214	218	222	/
3A_NB	15	a	170	173	177	181	185	188	191	193	197	202	207	210	213	216	219	222	225	230
3A_NB	15	d	171	174	178	182	186	189	192	194	198	203	208	211	214	217	220	223	227	/
3A_NB	16	a	183	187	191	195	200	204	207	209	212	218	222	224	226	229	232	235	238	242
3A_NB	16	d	184	188	192	197	201	205	208	210	213	219	223	225	227	230	233	236	240	/
