RouteID	RunID	Arrivals/Departures	TimePerStop
1A_SB	1	a	4	10	18	20	23	28	30	34	38	42	46	49	52	62	68	72
1A_SB	1	d	5	11	19	21	24	29	31	35	39	43	47	50	53	63	69	/
1A_SB	2	a	9	15	23	26	29	36	40	45	49	53	58	62	65	75	80	83
1A_SB	2	d	10	17	25	27	31	38	42	47	51	55	60	63	66	76	81	/
1A_SB	3	a	36	42	51	53	57	63	67	71	74	77	80	83	86	95	100	104
1A_SB	3	d	37	43	52	54	59	65	68	72	75	78	81	84	87	96	101	/
1A_SB	4	a	57	64	74	77	81	86	88	92	95	98	101	104	107	118	122	126
1A_SB	4	d	59	66	76	78	82	87	89	93	96	99	102	105	108	119	123	/
1A_SB	5	a	75	82	90	93	97	103	106	111	114	118	122	125	129	139	144	147
1A_SB	5	d	77	84	92	94	99	105	108	112	116	120	123	126	131	140	145	/
1A_SB	6	a	83	90	99	102	107	114	117	122	126	130	134	138	143	152	157	161
1A_SB	6	d	85	92	101	104	109	116	119	124	128	132	136	140	145	153	158	/
1A_SB	7	a	103	110	120	124	127	133	135	140	144	148	151	155	160	168	174	177
1A_SB	7	d	105	111	122	125	128	134	137	141	145	149	152	157	161	170	175	/
1A_SB	8	a	116	123	133	136	141	146	149	154	158	162	165	169	172	181	186	190
1A_SB	8	d	118	124	135	138	142	148	151	156	159	163	166	170	173	182	187	/
1A_SB	9	a	133	139	147	150	154	160	164	169	172	176	179	182	185	196	201	204
1A_SB	9	d	135	141	149	152	156	162	165	170	173	177	180	183	186	197	202	/
1A_SB	10	a	162	169	177	179	182	187	189	193	197	200	203	206	210	218	224	228
1A_SB	10	d	164	171	178	180	183	188	190	195	198	201	204	207	211	219	225	/
1A_SB	11	a	179	185	194	197	200	206	209	214	218	222	226	231	234	243	248	252
1A_SB	11	d	181	187	196	198	201	207	210	215	219	224	228	232	235	244	249	/
1A_SB	12	a	188	194	203	206	210	217	220	225	228	231	234	238	241	250	255	260
1A_SB	12	d	190	195	205	208	211	218	221	226	229	232	235	239	242	251	257	/
1A_SB	13	a	196	204	213	217	221	229	233	239	244	248	251	255	259	269	274	278
1A_SB	13	d	198	205	215	219	223	231	235	241	246	249	252	257	260	271	275	/
1A_SB	14	a	221	228	238	241	245	250	253	258	263	267	271	275	278	287	293	298
1A_SB	14	d	223	229	240	242	246	251	254	260	265	268	273	276	279	289	295	/
1A_SB	15	a	237	244	253	255	259	265	269	274	279	282	285	289	292	300	305	309
1A_SB	15	d	239	246	254	257	261	267	270	276	280	283	286	290	293	301	306	/
1A_SB	16	a	246	253	261	263	266	271	273	279	284	287	290	294	297	305	310	314
1A_SB	16	d	248	254	262	264	267	272	275	281	285	288	291	295	298	306	311	/
1A_SB	17	a	251	258	267	270	274	281	284	290	294	298	303	307	312	321	326	329
1A_SB	17	d	253	259	269	272	276	283	286	292	296	300	305	309	313	322	327	/
1A_SB	18	a	264	271	280	282	285	290	293	298	301	304	309	313	317	327	333	338
1A_SB	18	d	266	272	281	283	286	291	294	299	302	306	311	315	319	329	335	/
1A_SB	19	a	277	284	292	295	298	303	305	309	313	316	321	325	328	337	344	348
1A_SB	19	d	279	286	293	296	299	304	306	310	314	318	323	326	329	339	346	/
1A_SB	20	a	282	289	297	300	304	310	312	316	320	323	327	330	334	343	350	353
1A_SB	20	d	284	291	298	301	305	311	313	317	321	324	328	331	336	345	351	/
1A_SB	21	a	287	294	302	304	309	315	317	321	325	328	332	336	340	348	355	359
1A_SB	21	d	289	296	303	306	310	316	318	322	326	329	333	337	341	350	357	/
1A_SB	22	a	292	299	307	309	314	319	322	326	330	334	337	341	345	355	361	364
1A_SB	22	d	294	301	308	311	315	321	323	327	331	335	338	342	346	356	362	/
1A_SB	23	a	297	304	312	314	318	324	327	331	335	339	342	346	350	360	365	369
1A_SB	23	d	299	306	313	316	320	326	328	333	336	340	343	347	351	361	367	/
1A_SB	24	a	302	310	317	319	323	329	332	337	340	344	348	352	356	366	371	374
1A_SB	24	d	304	311	318	321	325	331	333	338	341	345	349	353	357	367	372	/
1A_SB	25	a	307	315	322	324	328	335	337	342	345	348	353	357	362	373	378	381
1A_SB	25	d	309	316	323	326	330	336	338	343	346	350	354	359	363	374	379	/
1A_SB	26	a	313	319	327	329	333	340	342	348	351	354	359	363	367	378	384	387
1A_SB	26	d	315	321	328	331	335	341	344	349	352	356	360	364	368	379	385	/
1A_SB	27	a	318	324	332	335	339	345	348	352	356	359	363	368	373	382	389	393
1A_SB	27	d	320	326	333	337	340	346	349	354	357	361	365	370	375	384	390	/
1A_SB	28	a	323	329	339	342	345	350	353	358	361	365	368	373	378	387	394	398
1A_SB	28	d	325	331	340	343	346	351	355	359	363	366	370	375	380	389	395	/
1A_SB	29	a	328	335	344	346	350	355	358	364	369	372	375	378	383	392	399	403
1A_SB	29	d	330	336	345	348	351	356	360	366	370	373	376	380	385	394	400	/
1A_SB	30	a	334	341	350	352	356	362	365	370	374	377	380	383	388	397	404	408
1A_SB	30	d	336	342	351	354	358	364	366	371	375	378	381	385	390	399	405	/
1A_SB	31	a	342	349	358	360	364	369	372	378	383	387	391	396	399	408	415	419
1A_SB	31	d	344	350	359	362	365	371	374	380	385	389	393	397	401	410	416	/
1A_SB	32	a	347	355	365	368	372	378	382	388	394	398	402	406	410	418	424	428
1A_SB	32	d	349	357	367	370	374	380	384	390	395	400	403	407	411	419	425	/
1A_NB	1	a	4	8	15	23	28	32	35	39	42	48	52	57	59	63	72	79
1A_NB	1	d	5	9	16	24	29	33	36	40	43	49	53	58	60	64	73	/
1A_NB	2	a	9	13	20	28	33	37	41	45	48	53	57	62	65	69	78	84
1A_NB	2	d	10	14	21	29	34	39	42	46	49	54	58	63	66	70	79	/
1A_NB	3	a	14	20	25	33	40	44	48	51	54	59	62	67	71	75	83	90
1A_NB	3	d	16	21	26	35	41	46	49	52	55	60	64	69	72	77	85	/
1A_NB	4	a	41	46	51	57	63	66	70	74	78	85	88	94	98	103	110	115
1A_NB	4	d	43	47	52	58	64	67	71	75	80	86	90	96	100	105	111	/
1A_NB	5	a	66	71	78	87	92	96	100	104	107	112	115	119	121	125	133	140
1A_NB	5	d	68	73	80	88	93	97	101	105	108	113	116	120	122	126	134	/
1A_NB	6	a	74	79	84	93	98	103	107	110	113	118	121	125	127	131	139	146
1A_NB	6	d	76	80	86	94	100	104	108	111	114	119	122	126	128	132	140	/
1A_NB	7	a	79	84	90	99	104	108	112	115	118	125	129	134	137	142	150	156
1A_NB	7	d	81	86	91	100	105	109	113	116	120	127	131	136	139	144	152	/
1A_NB	8	a	93	99	105	113	118	122	126	129	132	138	141	145	147	151	160	165
1A_NB	8	d	95	101	107	114	119	123	127	130	133	139	142	146	148	152	161	/
1A_NB	9	a	99	105	111	118	123	127	131	134	138	143	146	150	152	156	165	170
1A_NB	9	d	101	106	112	119	124	128	132	136	139	144	147	151	153	157	166	/
1A_NB	10	a	127	133	138	144	149	152	156	159	162	168	171	175	177	181	189	195
1A_NB	10	d	129	134	139	146	150	153	157	160	163	169	172	176	178	182	190	/
1A_NB	11	a	138	144	148	154	160	164	169	174	179	185	189	193	195	198	205	210
1A_NB	11	d	140	145	149	156	162	166	171	176	181	187	190	194	196	199	206	/
1A_NB	12	a	166	171	178	185	191	195	199	203	207	212	215	219	223	226	232	237
1A_NB	12	d	168	173	179	186	192	196	200	204	208	213	216	221	224	227	233	/
1A_NB	13	a	184	189	194	201	206	209	213	217	220	225	228	233	235	238	244	249
1A_NB	13	d	186	190	195	202	207	210	214	218	221	226	229	234	236	239	245	/
1A_NB	14	a	189	194	200	207	212	215	219	223	226	231	234	239	242	245	253	260
1A_NB	14	d	191	195	201	208	213	216	220	224	227	232	235	240	243	246	255	/
1A_NB	15	a	194	200	207	215	220	223	227	230	235	240	244	249	253	256	265	272
1A_NB	15	d	196	202	209	216	221	224	228	232	236	242	246	251	254	258	267	/
1A_NB	16	a	215	220	226	234	241	246	250	254	258	263	266	270	273	276	283	289
1A_NB	16	d	217	222	228	236	243	247	252	256	259	264	267	271	274	277	284	/
1A_NB	17	a	221	226	233	240	246	251	255	260	263	268	271	275	278	281	288	295
1A_NB	17	d	223	228	234	242	248	252	257	261	264	269	272	276	279	282	290	/
1A_NB	18	a	242	247	253	260	267	271	276	280	283	288	291	296	300	304	312	318
1A_NB	18	d	244	248	255	262	268	273	277	281	285	289	292	298	301	306	314	/
1A_NB	19	a	248	253	259	266	273	278	282	286	290	295	298	303	307	311	318	324
1A_NB	19	d	250	254	261	268	275	279	283	287	292	296	299	305	308	312	319	/
1A_NB	20	a	271	276	283	291	297	302	306	309	313	318	322	326	329	333	341	347
1A_NB	20	d	273	277	284	293	299	303	307	311	314	320	323	327	331	334	342	/
1A_NB	21	a	278	283	290	297	303	308	313	318	322	327	330	335	337	340	349	354
1A_NB	21	d	280	284	291	299	305	310	315	319	323	328	331	336	338	342	350	/
1A_NB	22	a	286	291	298	307	312	316	320	324	328	333	336	341	343	346	354	359
1A_NB	22	d	288	293	300	308	313	317	321	325	330	334	337	342	344	348	355	/
1A_NB	23	a	292	297	304	313	318	321	325	329	333	338	341	346	349	352	359	365
1A_NB	23	d	294	299	306	314	319	322	326	331	335	339	342	347	350	353	360	/
1A_NB	24	a	297	302	309	318	324	328	332	335	338	343	346	351	355	359	367	373
1A_NB	24	d	299	304	311	320	326	329	333	336	340	344	348	353	357	360	368	/
1A_NB	25	a	307	313	319	327	333	338	343	347	352	358	361	365	368	372	380	387
1A_NB	25	d	309	314	321	329	335	340	345	349	353	359	362	366	369	373	381	/
1A_NB	26	a	317	322	328	337	342	346	350	354	359	364	367	371	374	378	385	393
1A_NB	26	d	319	324	330	338	343	347	352	356	360	365	368	372	375	380	387	/
1A_NB	27	a	324	329	334	342	347	351	356	359	364	369	372	376	380	384	390	396
1A_NB	27	d	326	330	335	343	348	353	357	361	365	370	373	378	381	385	392	/
1A_NB	28	a	335	339	345	353	359	363	368	371	375	382	386	390	394	398	406	412
1A_NB	28	d	337	341	347	354	360	365	369	372	377	383	387	392	395	399	408	/
1A_NB	29	a	361	366	373	383	388	392	396	399	403	408	411	415	417	421	428	434
1A_NB	29	d	363	368	375	384	389	393	397	400	404	409	412	416	418	422	429	/
1A_NB	30	a	367	372	379	388	394	398	402	405	408	414	417	421	424	429	436	442
1A_NB	30	d	369	374	380	390	395	399	403	406	409	415	418	422	425	430	437	/
1A_NB	31	a	375	380	385	394	399	403	407	410	413	419	422	425	429	434	442	449
1A_NB	31	d	377	381	386	395	400	404	408	411	414	420	423	427	430	435	444	/
1A_NB	32	a	380	385	390	400	405	409	413	416	419	423	427	431	434	438	447	454
1A_NB	32	d	382	386	391	401	406	410	414	417	420	425	429	432	435	440	449	/
2A_NB	1	a	4	8	15	18	20	23	30	33	37	45	48	53	55	57	60	66	70	73	76	80	89	94
2A_NB	1	d	5	9	16	19	21	24	31	34	38	46	49	54	56	58	61	67	71	74	77	81	91	/
2A_NB	2	a	9	13	20	23	25	28	35	38	42	50	53	58	60	62	65	71	75	78	82	86	95	99
2A_NB	2	d	10	14	21	24	26	29	36	39	43	51	54	59	61	63	66	72	76	79	83	87	96	/
2A_NB	3	a	14	17	25	28	30	33	40	43	47	54	58	63	66	68	71	77	80	83	87	91	99	104
2A_NB	3	d	15	19	26	29	31	35	41	44	49	56	59	64	67	69	72	78	81	84	88	92	101	/
2A_NB	4	a	19	22	30	33	36	39	45	48	52	59	63	68	71	73	76	82	85	88	92	96	104	108
2A_NB	4	d	20	24	31	34	37	40	46	50	54	61	64	69	72	74	77	83	86	89	93	97	106	/
2A_NB	5	a	26	29	35	39	42	46	53	57	61	68	72	77	80	82	86	92	95	98	102	106	113	116
2A_NB	5	d	27	31	37	40	44	48	55	59	63	70	73	78	81	83	87	93	96	99	103	107	114	/
2A_NB	6	a	31	34	40	44	47	52	59	63	67	74	78	84	87	89	93	99	102	105	109	112	119	123
2A_NB	6	d	32	36	42	45	49	54	61	65	69	76	79	85	88	90	94	100	103	106	110	113	121	/
2A_NB	7	a	36	39	45	49	52	57	64	68	72	79	83	89	92	94	98	104	107	110	114	117	124	128
2A_NB	7	d	37	41	47	50	54	59	66	70	74	81	84	90	93	95	99	105	108	111	115	118	126	/
2A_NB	8	a	42	45	51	54	58	63	69	73	77	85	88	94	97	99	103	109	112	115	119	123	130	134
2A_NB	8	d	43	47	52	56	60	65	71	75	79	86	89	95	98	100	104	110	113	116	120	124	132	/
2A_NB	9	a	47	50	56	60	63	68	74	79	83	91	96	102	105	108	112	118	121	125	129	133	140	143
2A_NB	9	d	48	52	58	62	65	70	76	81	85	93	97	103	106	109	113	119	122	126	130	134	141	/
2A_NB	10	a	52	55	61	65	68	73	80	84	88	96	101	107	110	113	117	123	126	130	134	138	145	148
2A_NB	10	d	53	57	63	67	70	75	81	86	90	98	102	108	111	114	118	124	127	131	135	139	146	/
2A_NB	11	a	57	60	66	70	73	78	85	89	93	101	106	112	115	118	122	127	131	135	138	143	150	153
2A_NB	11	d	58	62	68	72	75	80	86	91	95	103	107	113	116	119	123	129	132	136	140	144	151	/
2A_NB	12	a	62	66	71	75	79	83	90	94	98	106	110	117	120	122	127	132	136	140	143	148	155	158
2A_NB	12	d	63	67	73	77	80	85	91	96	100	108	112	118	121	124	128	134	137	141	145	149	156	/
2A_NB	13	a	79	82	88	90	94	98	105	109	113	122	126	131	135	137	141	147	151	155	158	161	167	172
2A_NB	13	d	80	83	89	92	96	100	106	111	115	123	127	133	136	138	142	148	152	156	159	162	169	/
2A_NB	14	a	109	112	117	121	124	128	134	139	143	151	155	162	164	166	170	176	180	184	188	191	198	201
2A_NB	14	d	110	113	119	122	126	130	136	141	145	153	157	163	165	168	172	178	181	185	189	192	199	/
2A_NB	15	a	137	140	147	150	153	158	164	168	173	182	186	191	194	196	200	206	209	212	215	219	228	232
2A_NB	15	d	138	142	149	152	155	160	166	170	175	183	187	192	195	197	201	207	210	213	216	220	229	/
2A_NB	16	a	165	169	176	179	182	185	193	198	203	211	215	220	223	225	228	233	237	242	245	248	255	258
2A_NB	16	d	166	171	178	181	183	187	195	200	205	213	216	221	224	226	229	234	239	243	246	249	256	/
2A_NB	17	a	170	174	181	185	187	191	198	203	208	218	221	226	229	232	235	240	243	247	250	253	260	264
2A_NB	17	d	171	176	183	186	189	192	200	205	210	219	222	227	230	233	236	241	244	248	251	254	262	/
2A_NB	18	a	175	179	186	190	192	196	203	208	213	223	226	232	235	238	241	247	250	254	258	262	270	273
2A_NB	18	d	176	181	188	191	194	198	205	210	215	224	227	233	236	239	242	248	251	255	259	263	271	/
2A_NB	19	a	182	185	191	195	197	201	208	213	218	228	231	237	240	243	247	253	256	259	263	267	275	278
2A_NB	19	d	183	186	193	196	199	203	210	215	220	229	232	238	241	244	248	254	257	260	264	268	276	/
2A_NB	20	a	188	191	198	201	204	208	215	220	225	232	236	242	244	248	252	258	262	265	269	272	280	283
2A_NB	20	d	189	193	199	203	206	210	217	222	227	234	237	243	246	249	253	259	263	266	270	273	281	/
2A_NB	21	a	193	196	202	206	209	214	221	226	230	237	241	247	250	253	257	262	267	270	274	277	285	289
2A_NB	21	d	194	198	204	208	211	216	223	228	232	239	242	249	251	254	258	264	268	271	275	278	286	/
2A_NB	22	a	198	201	207	211	215	219	226	231	235	242	247	253	255	258	262	267	272	275	279	283	290	294
2A_NB	22	d	199	203	209	213	216	221	228	233	237	244	248	254	257	259	263	269	273	276	281	285	291	/
2A_NB	23	a	203	206	212	216	220	225	232	236	240	248	252	258	261	263	267	272	278	281	285	289	295	299
2A_NB	23	d	204	208	214	218	222	226	233	238	242	249	253	259	262	264	268	274	279	282	286	290	296	/
2A_NB	24	a	208	211	217	221	225	229	237	241	245	253	257	263	266	268	272	278	283	286	289	294	300	304
2A_NB	24	d	209	213	219	223	227	231	238	243	247	254	258	264	267	269	273	279	284	287	291	295	301	/
2A_NB	25	a	214	218	224	227	230	234	242	246	250	258	262	268	271	274	278	284	288	291	295	299	306	310
2A_NB	25	d	215	220	226	229	232	236	243	248	252	259	263	269	272	275	279	285	289	293	296	300	307	/
2A_NB	26	a	219	223	229	232	235	239	246	251	255	265	269	276	279	282	286	293	297	300	303	306	313	317
2A_NB	26	d	220	225	231	234	237	241	248	253	257	266	270	277	280	283	287	294	298	301	304	307	314	/
2A_NB	27	a	224	228	234	237	240	244	251	256	260	270	273	281	284	286	290	298	302	305	308	311	318	322
2A_NB	27	d	225	230	236	239	242	246	253	258	262	271	275	282	285	288	292	299	303	306	309	312	319	/
2A_NB	28	a	234	238	243	246	249	253	261	264	267	276	280	287	290	292	295	303	307	310	313	316	324	328
2A_NB	28	d	235	239	245	248	251	255	262	265	268	278	281	289	291	293	297	305	308	311	314	317	325	/
2A_NB	29	a	250	254	260	264	268	272	278	282	286	293	298	304	307	309	313	319	324	329	332	335	343	347
2A_NB	29	d	251	256	262	266	270	274	280	284	288	295	299	305	308	310	315	321	326	330	333	336	344	/
2A_NB	30	a	258	262	268	271	273	277	283	287	291	298	303	309	312	314	318	324	329	333	337	341	349	353
2A_NB	30	d	259	264	270	272	275	279	285	289	293	300	304	310	313	316	320	326	331	335	339	342	350	/
2A_NB	31	a	264	268	275	277	279	282	288	292	296	303	308	314	318	321	324	329	334	338	342	346	353	358
2A_NB	31	d	265	270	276	278	280	284	290	294	298	305	309	316	319	322	325	331	336	340	344	348	355	/
2A_NB	32	a	288	291	295	298	300	303	310	313	318	325	329	334	338	340	343	349	353	356	359	362	370	374
2A_NB	32	d	289	292	296	299	301	304	311	315	319	327	330	336	339	341	345	350	354	357	360	363	371	/
2A_SB	1	a	4	6	13	16	19	21	25	31	34	37	40	43	50	53	59	62	65	70	73	76	80	83	95	101
2A_SB	1	d	5	7	14	17	20	22	26	32	35	38	41	44	51	54	60	63	66	71	74	77	81	84	96	/
2A_SB	2	a	16	19	28	32	36	40	44	50	54	58	62	65	71	76	83	88	91	96	99	102	105	108	118	122
2A_SB	2	d	17	21	29	34	38	42	46	52	56	60	63	67	73	78	85	89	92	97	100	103	106	109	119	/
2A_SB	3	a	23	26	34	38	42	46	51	57	61	65	69	72	78	82	89	94	99	105	109	113	117	121	133	138
2A_SB	3	d	24	27	36	40	44	48	53	59	63	67	70	74	79	84	91	96	101	107	111	115	119	123	134	/
2A_SB	4	a	46	50	57	61	66	69	73	79	82	85	88	91	97	102	109	112	116	122	125	128	132	135	147	153
2A_SB	4	d	48	52	58	63	68	71	75	80	83	86	89	93	99	104	110	113	117	123	126	129	133	137	148	/
2A_SB	5	a	67	71	79	84	89	91	96	101	103	106	110	113	119	123	127	130	134	140	143	147	150	154	167	172
2A_SB	5	d	69	72	81	86	90	93	97	102	104	108	111	114	120	124	128	131	135	141	144	148	151	155	168	/
2A_SB	6	a	77	81	92	95	99	101	105	112	115	120	124	127	132	136	141	144	147	153	156	159	163	167	179	184
2A_SB	6	d	79	83	93	96	100	102	106	113	117	122	125	128	133	137	142	145	148	154	157	160	164	168	180	/
2A_SB	7	a	96	100	109	114	119	123	127	134	137	141	146	151	158	162	169	173	177	183	186	189	192	195	208	214
2A_SB	7	d	98	102	111	116	121	125	129	135	139	143	148	153	160	164	171	174	178	184	187	190	193	196	209	/
2A_SB	8	a	124	127	135	138	142	145	149	155	158	161	164	167	173	177	182	186	190	196	199	202	206	209	222	227
2A_SB	8	d	126	129	136	139	144	147	150	156	159	162	165	168	174	178	184	187	191	197	200	203	207	210	223	/
2A_SB	9	a	140	143	150	153	158	160	163	169	171	174	177	180	186	190	197	201	206	213	215	218	222	225	237	242
2A_SB	9	d	142	144	151	155	159	161	164	170	172	175	178	182	187	192	199	203	207	214	216	219	223	226	238	/
2A_SB	10	a	151	154	161	165	168	170	173	180	183	186	190	193	198	201	207	210	213	219	221	224	227	231	243	249
2A_SB	10	d	153	156	163	166	169	171	174	181	184	187	191	194	199	202	208	211	214	220	222	225	228	232	245	/
2A_SB	11	a	164	168	176	179	184	187	192	200	203	206	209	213	218	222	229	233	238	244	246	249	253	256	268	273
2A_SB	11	d	166	170	177	181	186	189	194	201	204	207	211	214	219	223	231	235	240	245	247	250	254	257	269	/
2A_SB	12	a	175	179	187	190	194	196	200	208	211	216	221	224	229	233	239	243	247	252	254	257	262	265	278	284
2A_SB	12	d	177	180	188	191	195	197	201	210	213	218	222	225	230	234	240	244	248	253	255	259	263	267	279	/
2A_SB	13	a	198	201	209	213	217	219	222	228	231	235	238	241	246	249	255	260	264	270	272	275	279	282	294	300
2A_SB	13	d	200	203	210	214	218	220	223	229	232	236	239	242	247	250	257	261	265	271	273	276	280	283	295	/
2A_SB	14	a	211	214	222	226	229	232	236	242	245	249	253	257	263	267	273	276	279	286	290	294	297	301	312	317
2A_SB	14	d	213	215	223	227	230	233	237	243	246	250	254	258	264	268	274	277	281	288	291	295	298	302	313	/
2A_SB	15	a	233	237	244	248	251	253	256	262	265	268	272	275	280	284	290	293	297	303	306	310	313	318	332	337
2A_SB	15	d	235	239	246	249	252	254	257	263	266	269	273	276	281	285	291	294	298	304	307	311	315	319	333	/
2A_SB	16	a	250	253	261	265	268	270	275	281	285	289	292	295	300	304	309	313	317	323	326	329	333	337	351	356
2A_SB	16	d	252	254	262	266	269	272	277	283	287	290	293	296	301	305	310	314	318	324	327	330	334	338	352	/
2A_SB	17	a	258	262	268	273	277	279	284	290	293	296	299	302	308	313	318	321	325	331	335	338	343	347	361	367
2A_SB	17	d	260	263	270	274	278	281	285	291	294	297	300	303	310	314	319	322	326	333	336	340	344	348	362	/
2A_SB	18	a	269	273	281	286	289	291	294	300	303	307	310	313	319	323	329	332	336	341	345	349	352	356	370	376
2A_SB	18	d	271	274	283	287	290	292	295	301	304	308	311	315	320	324	330	333	337	343	347	350	354	357	371	/
2A_SB	19	a	282	286	294	298	302	304	308	314	316	319	323	326	331	335	340	343	347	353	356	360	364	368	381	386
2A_SB	19	d	284	288	296	300	303	305	309	315	317	320	324	327	332	336	341	344	348	354	358	362	366	369	382	/
2A_SB	20	a	287	291	299	304	307	309	313	319	322	325	330	334	340	344	350	353	357	363	365	368	371	374	387	393
2A_SB	20	d	289	293	301	305	308	310	314	321	323	327	331	335	341	345	351	354	358	364	366	369	372	376	389	/
2A_SB	21	a	293	297	304	309	312	315	320	325	328	333	337	341	347	350	357	361	365	371	373	376	379	383	396	403
2A_SB	21	d	295	298	306	310	314	317	321	327	330	334	338	342	348	352	359	362	366	372	374	377	381	385	398	/
2A_SB	22	a	298	302	310	314	318	320	325	330	333	338	343	347	354	357	363	366	370	376	379	382	385	388	401	408
2A_SB	22	d	300	304	311	315	319	322	326	332	335	340	345	349	355	358	364	367	371	377	380	383	386	390	403	/
2A_SB	23	a	305	309	316	319	323	325	330	335	338	343	348	352	359	362	367	371	375	380	384	387	390	394	407	413
2A_SB	23	d	307	310	317	320	324	327	331	337	340	345	350	354	360	363	369	372	376	382	385	388	392	396	408	/
2A_SB	24	a	310	314	321	324	328	330	335	341	344	348	353	357	364	367	372	376	380	385	389	392	396	399	412	418
2A_SB	24	d	312	316	322	325	329	332	337	343	346	350	355	359	365	368	374	377	381	387	390	393	397	401	413	/
2A_SB	25	a	317	320	327	331	336	339	344	349	352	355	359	363	368	372	377	381	385	390	393	397	401	404	417	423
2A_SB	25	d	319	322	329	333	338	341	345	350	353	356	360	364	370	373	379	382	386	392	395	398	402	406	418	/
2A_SB	26	a	323	326	332	336	341	344	348	354	357	360	364	368	373	377	382	386	390	395	398	402	406	410	422	428
2A_SB	26	d	325	327	334	338	343	346	350	355	358	361	365	369	375	378	384	387	391	397	400	403	407	411	423	/
2A_SB	27	a	329	333	339	342	347	349	353	359	362	365	369	373	378	382	387	391	394	400	403	407	411	415	427	433
2A_SB	27	d	331	334	340	344	348	351	355	360	363	366	370	374	380	383	389	392	396	402	405	408	412	416	428	/
2A_SB	28	a	334	338	344	347	351	354	358	364	367	370	374	377	384	387	392	396	400	405	409	412	416	420	431	438
2A_SB	28	d	336	339	345	349	353	356	360	365	368	371	375	379	385	388	394	398	401	407	410	413	417	421	433	/
2A_SB	29	a	340	344	350	353	356	359	363	369	372	375	378	382	389	393	398	401	405	411	414	417	421	425	436	443
2A_SB	29	d	342	345	351	354	358	361	365	370	373	376	380	384	391	394	399	403	406	412	415	418	422	426	438	/
2A_SB	30	a	345	349	355	358	361	364	368	374	377	381	384	387	394	398	403	406	410	416	419	423	428	433	444	451
2A_SB	30	d	347	350	356	359	363	366	370	375	379	382	385	389	396	399	404	408	411	417	420	425	430	434	446	/
2A_SB	31	a	352	356	362	365	369	371	374	380	383	386	389	393	400	403	409	412	415	421	424	428	433	437	451	457
2A_SB	31	d	354	357	363	366	370	372	375	381	384	387	391	394	401	405	410	413	416	422	425	430	435	439	453	/
2A_SB	32	a	357	361	367	370	374	376	379	385	388	391	395	398	405	409	414	417	420	427	430	434	439	443	457	463
2A_SB	32	d	359	362	368	371	375	377	380	386	389	392	396	399	406	410	415	418	421	428	431	436	441	445	459	/
3A_SB	1	a	4	10	15	18	22	25	27	30	34	37	39	42	47	50	53	57	60	63
3A_SB	1	d	5	11	16	19	23	26	28	31	35	38	40	44	48	51	54	58	61	/
3A_SB	2	a	9	15	21	24	28	31	34	38	43	46	49	52	56	60	63	67	70	74
3A_SB	2	d	10	16	22	25	29	33	36	40	44	48	50	53	58	61	64	68	72	/
3A_SB	3	a	36	42	48	51	56	61	65	68	72	77	79	81	85	89	93	96	100	104
3A_SB	3	d	37	44	49	53	58	63	66	70	74	78	80	82	86	90	94	97	101	/
3A_SB	4	a	61	66	72	75	78	82	85	88	91	95	98	101	105	108	111	114	118	121
3A_SB	4	d	62	67	73	76	79	83	86	89	93	96	99	102	106	109	112	115	119	/
3A_SB	5	a	66	71	77	80	83	87	90	93	96	100	103	106	110	113	116	119	123	126
3A_SB	5	d	67	72	78	81	84	88	91	94	98	101	104	108	111	114	117	120	124	/
3A_SB	6	a	81	87	92	96	101	105	108	110	113	117	119	121	125	128	132	135	139	143
3A_SB	6	d	82	88	94	98	102	106	109	111	115	118	120	122	126	129	133	136	140	/
3A_SB	7	a	89	96	102	105	110	115	119	123	127	131	133	135	138	141	144	148	152	155
3A_SB	7	d	90	97	103	107	112	117	121	125	129	132	134	136	139	142	146	150	153	/
3A_SB	8	a	99	106	112	115	119	123	125	128	132	136	139	142	145	149	153	157	161	165
3A_SB	8	d	100	107	113	116	120	124	126	130	134	137	141	143	147	151	154	159	163	/
3A_SB	9	a	119	124	132	136	140	145	148	151	155	159	161	164	168	171	174	177	180	184
3A_SB	9	d	120	126	134	137	142	146	149	152	156	160	162	165	169	172	175	178	182	/
3A_SB	10	a	128	133	140	144	149	154	158	162	167	172	174	177	181	184	187	190	193	196
3A_SB	10	d	129	135	142	146	151	156	160	164	169	173	175	178	182	185	188	191	194	/
3A_SB	11	a	145	149	156	160	164	169	172	176	181	185	188	190	194	197	201	204	207	210
3A_SB	11	d	146	151	158	162	166	170	174	178	182	186	189	191	195	198	202	205	208	/
3A_SB	12	a	158	163	169	173	177	182	185	189	193	198	200	202	206	209	212	216	220	223
3A_SB	12	d	159	164	171	175	179	184	187	191	195	199	201	203	207	210	213	217	221	/
3A_SB	13	a	182	187	194	197	200	204	208	211	215	220	222	224	227	231	234	237	241	244
3A_SB	13	d	183	188	195	198	202	206	209	213	217	221	223	225	228	232	235	238	242	/
3A_SB	14	a	201	206	214	218	221	224	226	228	232	235	237	240	244	248	251	254	257	260
3A_SB	14	d	202	208	216	219	222	225	227	229	233	236	238	241	245	249	252	255	258	/
3A_SB	15	a	209	214	220	223	226	231	234	237	242	245	247	249	253	257	261	264	267	270
3A_SB	15	d	210	215	221	224	228	233	236	239	243	246	248	250	254	258	262	265	268	/
3A_SB	16	a	226	231	239	243	246	250	252	255	259	262	265	268	273	276	280	283	286	289
3A_SB	16	d	227	233	241	244	247	251	253	256	260	264	266	270	274	277	281	284	287	/
3A_SB	17	a	246	252	259	263	267	271	273	276	279	282	284	286	290	294	298	302	305	308
3A_SB	17	d	247	253	260	264	268	272	274	277	280	283	285	287	291	295	299	303	306	/
3A_SB	18	a	257	264	271	275	279	284	287	291	295	300	302	304	308	312	317	320	323	326
3A_SB	18	d	258	266	273	277	281	286	289	293	297	301	303	305	309	313	318	321	324	/
3A_SB	19	a	266	273	279	283	286	289	292	296	300	304	307	309	313	317	322	325	329	332
3A_SB	19	d	267	274	281	284	287	291	294	298	302	306	308	310	314	319	323	327	330	/
3A_SB	20	a	277	283	289	294	298	303	306	309	313	317	320	323	327	330	334	337	340	343
3A_SB	20	d	278	284	291	296	300	305	308	311	315	318	321	324	328	331	335	338	341	/
3A_SB	21	a	282	288	295	299	303	308	311	314	318	322	325	328	332	335	339	342	345	348
3A_SB	21	d	283	290	296	301	305	310	313	316	320	323	326	329	333	336	340	343	346	/
3A_SB	22	a	298	304	310	313	316	319	321	324	327	330	332	335	339	342	346	349	353	356
3A_SB	22	d	299	305	311	314	317	320	322	325	328	331	333	336	340	343	347	350	354	/
3A_SB	23	a	304	309	316	321	324	327	329	332	335	338	340	343	347	350	353	356	360	363
3A_SB	23	d	305	311	318	322	325	328	330	333	336	339	341	344	348	351	354	357	361	/
3A_SB	24	a	309	314	321	326	329	332	334	338	341	344	346	348	351	355	358	361	364	368
3A_SB	24	d	310	316	323	327	330	333	336	339	342	345	347	349	353	356	359	362	366	/
3A_SB	25	a	314	320	326	331	335	338	340	343	346	350	352	354	357	360	364	368	371	374
3A_SB	25	d	315	321	328	332	336	339	341	344	347	351	353	355	358	361	365	369	372	/
3A_SB	26	a	319	325	331	336	340	343	345	348	351	355	357	359	362	366	371	376	380	383
3A_SB	26	d	320	326	333	337	341	344	346	349	352	356	358	360	363	368	373	378	381	/
3A_SB	27	a	324	330	336	341	345	349	352	355	358	362	364	366	369	373	377	381	385	388
3A_SB	27	d	325	331	338	342	346	350	353	356	359	363	365	367	370	374	378	383	386	/
3A_SB	28	a	329	335	341	346	349	354	357	360	363	367	369	371	375	378	381	386	390	393
3A_SB	28	d	330	336	343	347	351	355	358	361	364	368	370	373	376	379	383	388	391	/
3A_SB	29	a	334	340	346	350	354	359	362	365	368	372	374	377	380	383	386	391	395	398
3A_SB	29	d	335	341	348	352	356	360	363	366	369	373	375	378	381	384	388	393	396	/
3A_SB	30	a	339	345	351	355	359	364	367	370	373	377	379	382	385	388	391	396	400	403
3A_SB	30	d	340	346	353	357	361	365	368	371	374	378	380	383	386	389	393	398	401	/
3A_SB	31	a	346	351	357	360	364	369	372	375	378	381	384	387	391	394	398	403	406	411
3A_SB	31	d	347	352	358	362	366	370	373	376	379	383	385	389	392	395	400	404	408	/
3A_SB	32	a	353	358	364	368	371	375	378	381	384	388	390	394	398	401	405	410	415	420
3A_SB	32	d	354	359	366	369	372	376	379	382	386	389	392	395	399	402	407	412	417	/
3A_NB	1	a	4	8	11	13	17	21	24	27	30	34	37	42	46	49	52	55	59	64	70
3A_NB	1	d	5	9	12	14	18	22	25	28	31	35	38	43	47	50	53	56	60	65	/
3A_NB	2	a	9	13	16	18	21	26	29	33	37	41	44	49	52	55	58	61	66	71	77
3A_NB	2	d	10	14	17	19	23	27	30	34	38	42	45	50	53	56	59	62	67	72	/
3A_NB	3	a	14	17	21	23	26	31	35	39	43	47	50	55	58	61	64	66	71	76	81
3A_NB	3	d	15	19	22	24	28	32	36	40	44	48	51	56	59	62	65	67	72	77	/
3A_NB	4	a	22	25	28	30	33	36	40	45	48	52	55	60	64	68	71	74	80	86	92
3A_NB	4	d	23	26	29	31	34	37	42	46	49	53	56	61	65	69	73	76	82	88	/
3A_NB	5	a	45	48	52	55	57	61	65	70	75	79	83	88	93	96	100	103	108	115	122
3A_NB	5	d	46	49	53	56	59	62	67	72	77	81	85	90	94	98	101	104	110	116	/
3A_NB	6	a	73	76	80	83	86	90	94	99	104	109	113	119	123	126	130	133	137	142	147
3A_NB	6	d	74	78	82	85	88	92	96	101	106	111	115	120	124	127	131	134	138	143	/
3A_NB	7	a	87	91	95	98	102	106	111	115	120	124	127	132	136	139	142	144	148	153	158
3A_NB	7	d	88	93	97	100	104	108	113	117	121	126	129	133	137	140	143	145	149	154	/
3A_NB	8	a	95	99	103	107	110	114	119	123	128	133	136	141	146	150	154	157	162	168	174
3A_NB	8	d	96	101	105	109	112	116	121	125	130	135	138	143	148	152	156	159	164	169	/
3A_NB	9	a	117	120	124	127	129	133	137	141	145	149	152	157	161	165	168	171	175	180	185
3A_NB	9	d	118	122	125	128	130	134	138	142	146	150	153	158	162	166	169	172	176	181	/
3A_NB	10	a	127	130	134	138	141	145	149	154	159	164	167	172	177	181	185	188	193	199	204
3A_NB	10	d	128	132	136	140	143	147	151	156	161	166	168	174	179	183	187	190	195	200	/
3A_NB	11	a	136	140	145	149	153	158	163	168	173	177	180	185	189	193	196	199	203	208	213
3A_NB	11	d	137	142	147	151	155	160	165	170	175	179	182	186	190	194	197	200	204	209	/
3A_NB	12	a	143	147	152	156	160	165	168	173	178	182	186	190	195	198	201	204	208	214	220
3A_NB	12	d	144	149	154	158	162	166	170	175	180	184	187	192	196	199	202	205	210	216	/
3A_NB	13	a	173	177	181	185	188	192	196	201	206	210	213	219	223	226	229	232	236	241	247
3A_NB	13	d	174	179	183	187	190	194	198	203	208	212	215	220	224	227	230	233	237	243	/
3A_NB	14	a	203	206	210	214	216	220	223	228	232	237	241	247	250	253	257	260	265	270	275
3A_NB	14	d	204	208	212	215	218	221	225	230	234	239	243	248	251	255	258	261	266	271	/
3A_NB	15	a	222	226	230	232	235	239	243	247	250	254	257	263	267	270	274	277	283	289	294
3A_NB	15	d	223	228	231	234	237	240	244	248	251	256	259	264	268	272	276	279	285	290	/
3A_NB	16	a	234	237	241	243	247	251	256	261	266	271	275	281	285	288	293	296	302	307	312
3A_NB	16	d	235	239	242	245	248	253	258	263	268	273	277	282	286	290	294	297	303	308	/
3A_NB	17	a	248	251	256	259	263	267	272	277	281	284	288	293	298	301	306	310	316	322	327
3A_NB	17	d	249	253	258	261	265	269	274	279	282	286	290	295	299	303	308	312	318	323	/
3A_NB	18	a	254	258	261	264	268	273	277	282	286	291	295	300	304	309	313	316	321	327	332
3A_NB	18	d	255	259	263	266	270	275	279	284	288	293	297	301	306	310	314	318	323	328	/
3A_NB	19	a	261	265	269	272	275	280	284	289	294	299	302	307	311	315	319	322	326	332	338
3A_NB	19	d	262	267	271	274	277	282	286	291	296	301	304	308	312	316	320	323	328	334	/
3A_NB	20	a	277	280	284	286	288	293	297	301	305	309	312	317	321	325	329	332	338	343	348
3A_NB	20	d	278	281	285	287	290	294	298	303	307	311	314	318	322	326	330	334	339	344	/
3A_NB	21	a	287	290	295	298	300	304	309	314	318	323	326	331	334	337	340	343	348	353	358
3A_NB	21	d	288	292	297	299	302	306	311	316	320	325	328	332	335	338	341	344	349	354	/
3A_NB	22	a	292	295	300	303	307	311	315	320	324	328	332	337	341	344	347	350	356	362	368
3A_NB	22	d	293	297	302	305	309	312	317	322	325	330	333	339	342	345	348	352	358	364	/
3A_NB	23	a	298	301	306	309	312	316	320	325	329	334	338	344	348	352	355	358	364	369	375
3A_NB	23	d	299	303	308	310	314	318	322	327	331	336	340	346	350	353	356	360	365	371	/
3A_NB	24	a	303	306	311	314	317	322	325	330	334	339	343	349	353	357	361	365	370	375	381
3A_NB	24	d	304	308	313	316	319	323	327	332	336	341	345	351	355	359	363	366	371	376	/
3A_NB	25	a	308	311	316	319	322	327	330	335	339	344	348	354	358	363	367	370	375	380	386
3A_NB	25	d	309	313	318	321	324	328	332	337	341	346	350	356	360	364	368	371	376	381	/
3A_NB	26	a	313	316	321	324	327	332	335	340	344	349	353	359	363	368	372	375	379	385	391
3A_NB	26	d	314	318	323	326	329	333	337	342	346	351	355	361	365	369	373	376	381	386	/
3A_NB	27	a	319	322	327	330	333	337	341	346	350	355	359	364	368	373	377	380	384	390	395
3A_NB	27	d	320	324	329	331	335	339	343	348	352	357	361	366	370	374	378	381	386	391	/
3A_NB	28	a	326	329	333	336	340	344	348	352	356	361	364	369	373	377	381	385	389	395	400
3A_NB	28	d	327	331	335	338	342	345	349	354	358	363	366	371	375	379	383	386	391	396	/
3A_NB	29	a	333	336	339	342	345	349	354	358	361	366	369	374	379	382	386	390	394	400	405
3A_NB	29	d	334	337	341	343	347	351	355	359	363	368	371	376	380	384	388	391	396	401	/
3A_NB	30	a	338	341	344	348	350	354	359	362	367	371	374	379	384	387	391	394	399	405	410
3A_NB	30	d	339	342	346	349	352	356	360	364	368	373	376	381	385	389	393	396	401	406	/
3A_NB	31	a	343	346	350	354	356	359	363	367	372	377	380	384	389	392	396	399	404	410	416
3A_NB	31	d	344	348	352	355	357	361	365	369	374	378	381	386	390	394	398	401	406	412	/
3A_NB	32	a	348	352	355	359	361	365	368	372	377	381	385	390	394	398	402	404	409	415	421
3A_NB	32	d	349	353	357	360	363	366	370	374	379	383	387	392	396	400	403	406	411	417	/
