RouteID	RunID	Arrivals/Departures	TimePerStop
1A_SB	1	a	6	10	13	23	26	30	35	39	44	48	52	56	67	71	79
1A_SB	1	d	8	11	15	24	27	31	37	41	46	50	54	58	69	73	/
1A_SB	2	a	24	29	34	43	48	52	58	63	68	72	76	80	92	96	104
1A_SB	2	d	26	31	36	45	50	54	60	65	70	74	77	81	93	97	/
1A_SB	3	a	52	57	62	72	75	79	86	91	96	100	104	107	115	119	128
1A_SB	3	d	54	59	64	73	77	81	88	93	98	102	105	108	116	120	/
1A_SB	4	a	64	69	73	82	87	90	96	99	103	106	110	114	122	125	135
1A_SB	4	d	66	70	74	84	88	92	97	100	104	107	112	115	123	127	/
1A_SB	5	a	78	83	87	99	102	105	111	114	118	121	125	128	138	141	148
1A_SB	5	d	80	84	88	100	103	106	112	115	119	122	126	129	139	142	/
1A_SB	6	a	86	91	94	104	107	110	116	120	124	127	131	134	143	147	154
1A_SB	6	d	88	92	95	105	108	111	118	121	125	128	132	136	145	148	/
1A_SB	7	a	104	108	111	119	122	125	131	134	138	142	146	150	160	163	170
1A_SB	7	d	106	109	112	120	123	126	132	135	139	143	147	151	161	165	/
1A_SB	8	a	117	121	125	134	138	142	147	150	155	159	164	168	177	181	189
1A_SB	8	d	119	123	126	135	139	143	148	152	157	161	165	169	178	183	/
1A_SB	9	a	129	134	139	148	152	156	161	164	168	172	175	179	190	193	201
1A_SB	9	d	131	136	141	149	153	157	162	165	169	173	176	180	191	195	/
1A_SB	10	a	142	146	150	158	162	167	172	176	180	183	188	191	202	205	212
1A_SB	10	d	144	147	151	160	164	168	173	177	181	185	189	192	203	206	/
1A_SB	11	a	148	152	157	166	171	174	179	183	187	190	194	197	207	211	220
1A_SB	11	d	150	153	159	168	172	175	180	184	188	191	195	198	209	213	/
1A_SB	12	a	153	157	162	171	176	179	185	189	193	196	199	202	212	217	225
1A_SB	12	d	155	158	164	173	177	180	186	190	194	197	200	203	214	218	/
1A_SB	13	a	158	162	167	177	181	184	190	194	198	201	204	207	218	223	231
1A_SB	13	d	160	163	169	178	182	185	191	196	199	202	205	209	220	224	/
1A_SB	14	a	163	168	172	182	186	189	195	199	203	206	209	213	225	229	236
1A_SB	14	d	165	169	174	183	187	190	196	201	204	207	211	215	227	231	/
1A_SB	15	a	168	173	177	187	191	194	199	204	208	212	216	219	230	234	241
1A_SB	15	d	170	174	179	188	192	195	201	206	210	214	217	220	232	236	/
1A_SB	16	a	176	181	185	193	197	200	205	210	214	217	221	224	235	239	247
1A_SB	16	d	178	182	186	194	198	201	207	211	215	219	222	226	237	241	/
1A_NB	1	a	3	12	15	26	32	36	40	43	46	51	54	58	66	70	74
1A_NB	1	d	5	13	16	27	33	37	41	44	47	52	55	59	67	71	/
1A_NB	2	a	8	17	20	31	36	41	45	49	52	57	60	63	72	76	80
1A_NB	2	d	10	18	21	32	38	42	46	50	53	58	61	64	73	77	/
1A_NB	3	a	13	23	26	37	42	46	50	54	57	62	65	68	77	80	85
1A_NB	3	d	15	24	27	38	43	47	51	55	58	63	66	69	78	82	/
1A_NB	4	a	18	28	32	41	47	51	55	59	62	68	71	74	83	86	90
1A_NB	4	d	20	30	34	43	48	52	56	60	63	69	72	76	84	87	/
1A_NB	5	a	23	33	37	46	52	56	60	64	67	73	76	80	89	94	99
1A_NB	5	d	25	35	39	48	53	57	61	65	68	74	78	82	91	96	/
1A_NB	6	a	46	57	61	71	75	78	81	86	89	95	99	102	110	113	118
1A_NB	6	d	48	58	62	72	76	79	82	87	91	97	100	103	111	115	/
1A_NB	7	a	76	86	89	100	105	108	111	115	119	126	129	132	140	144	149
1A_NB	7	d	78	87	90	101	106	109	112	116	120	127	130	133	141	145	/
1A_NB	8	a	86	96	100	112	118	123	128	133	137	143	147	151	159	163	167
1A_NB	8	d	88	98	102	114	120	125	130	135	138	144	148	152	160	164	/
1A_NB	9	a	100	109	112	122	127	131	135	139	142	148	152	157	165	169	174
1A_NB	9	d	102	110	113	123	128	132	136	140	143	150	154	158	166	171	/
1A_NB	10	a	109	120	124	134	140	144	147	151	154	161	164	168	175	179	183
1A_NB	10	d	111	122	126	135	141	145	148	152	155	162	165	169	176	180	/
1A_NB	11	a	115	126	129	139	146	151	154	158	161	168	173	177	184	189	193
1A_NB	11	d	117	127	131	141	148	152	155	159	162	170	174	178	185	190	/
1A_NB	12	a	128	139	143	151	157	161	164	168	171	179	183	187	197	202	208
1A_NB	12	d	130	141	145	153	159	162	165	169	173	181	184	189	199	204	/
1A_NB	13	a	157	167	170	179	186	189	193	197	200	206	209	212	223	227	232
1A_NB	13	d	159	168	172	180	187	190	195	198	201	207	210	213	225	229	/
1A_NB	14	a	162	172	175	184	192	196	201	205	209	215	219	222	234	238	243
1A_NB	14	d	164	173	177	186	194	198	203	207	210	217	220	224	236	240	/
1A_NB	15	a	171	181	184	193	200	204	209	213	216	222	226	230	239	243	248
1A_NB	15	d	173	182	185	194	202	206	210	214	217	224	228	232	241	245	/
1A_NB	16	a	194	206	210	219	225	228	232	236	240	246	249	252	262	265	269
1A_NB	16	d	196	208	211	220	226	229	233	237	241	247	250	253	263	266	/
2A_NB	1	a	3	7	12	15	18	23	27	30	39	42	47	49	51	54	59	62	65	68
2A_NB	1	d	5	8	13	16	19	24	28	31	40	43	48	50	52	55	60	63	66	/
2A_NB	2	a	8	12	17	21	24	29	32	35	44	47	53	55	57	61	67	70	73	76
2A_NB	2	d	10	13	18	22	25	30	33	36	45	48	54	56	59	62	68	71	74	/
2A_NB	3	a	13	17	22	26	29	34	37	40	49	52	58	60	63	68	74	76	80	84
2A_NB	3	d	15	18	23	27	30	35	38	41	50	53	59	61	65	69	75	77	81	/
2A_NB	4	a	18	22	27	31	34	39	42	45	55	58	64	67	70	74	79	81	85	89
2A_NB	4	d	20	23	28	32	35	40	43	46	56	59	65	68	71	75	80	82	86	/
2A_NB	5	a	23	27	32	36	39	44	48	51	61	65	72	75	77	81	86	88	92	95
2A_NB	5	d	25	28	33	37	40	45	49	52	62	66	73	76	79	82	87	89	93	/
2A_NB	6	a	28	32	37	41	44	49	53	56	66	70	77	79	82	86	91	93	97	100
2A_NB	6	d	30	33	38	42	45	50	54	57	67	71	78	81	84	87	92	94	98	/
2A_NB	7	a	33	37	42	46	49	54	58	61	71	75	81	84	87	91	96	98	102	105
2A_NB	7	d	35	38	43	47	50	55	59	62	72	76	83	86	89	92	97	99	103	/
2A_NB	8	a	38	42	47	51	54	59	63	66	76	81	87	89	93	97	102	104	108	111
2A_NB	8	d	40	43	48	52	55	60	64	67	78	82	88	91	94	98	103	105	109	/
2A_NB	9	a	43	47	53	57	60	66	70	73	82	86	92	95	98	102	107	109	113	116
2A_NB	9	d	45	48	54	58	61	67	71	75	83	87	93	96	99	103	108	110	114	/
2A_NB	10	a	48	52	58	62	65	71	75	78	87	91	97	100	103	107	112	114	118	121
2A_NB	10	d	50	53	59	63	66	72	76	80	88	92	98	101	104	108	113	115	119	/
2A_NB	11	a	54	58	64	67	71	77	80	83	92	96	102	105	107	112	117	119	123	127
2A_NB	11	d	56	59	65	69	72	78	81	85	93	97	103	106	109	113	118	120	124	/
2A_NB	12	a	59	63	69	73	76	81	85	89	97	101	107	110	112	117	122	124	128	132
2A_NB	12	d	61	64	71	74	77	83	87	90	98	102	108	111	114	118	123	125	129	/
2A_NB	13	a	64	68	74	78	82	88	93	96	104	108	113	116	118	122	127	129	133	137
2A_NB	13	d	66	69	76	80	84	90	94	97	105	109	114	117	119	123	128	130	134	/
2A_NB	14	a	70	74	79	83	87	93	98	102	111	116	122	125	129	133	139	142	146	150
2A_NB	14	d	72	75	81	85	89	95	100	104	113	118	124	127	131	135	141	143	147	/
2A_NB	15	a	97	101	107	111	115	121	126	130	139	144	151	155	159	163	170	172	175	179
2A_NB	15	d	99	102	109	113	117	123	128	132	141	146	153	157	161	165	171	173	176	/
2A_NB	16	a	102	106	112	116	120	127	132	135	144	149	156	160	164	168	175	177	180	183
2A_NB	16	d	104	108	114	118	122	129	133	137	146	151	158	162	166	170	176	178	181	/
2A_SB	1	a	18	24	27	30	35	38	41	44	47	53	58	63	67	72	78	83	88	92
2A_SB	1	d	20	25	28	31	36	39	42	45	48	55	60	65	69	74	80	85	90	/
2A_SB	2	a	40	45	49	53	59	63	67	73	77	82	86	91	94	97	102	105	109	112
2A_SB	2	d	42	47	51	55	61	65	69	75	78	83	87	92	95	98	103	106	110	/
2A_SB	3	a	61	65	67	70	75	78	81	85	88	93	99	105	109	112	117	120	123	126
2A_SB	3	d	63	66	68	71	76	79	82	86	89	95	101	107	110	113	118	121	124	/
2A_SB	4	a	66	70	72	75	82	85	89	93	96	101	106	112	115	118	123	126	129	132
2A_SB	4	d	68	71	73	77	83	87	91	94	97	102	107	113	116	119	124	127	130	/
2A_SB	5	a	78	82	85	88	94	97	101	105	109	115	119	125	129	133	139	142	145	148
2A_SB	5	d	80	83	86	89	96	99	103	106	111	117	121	127	130	134	140	143	146	/
2A_SB	6	a	90	94	97	100	106	108	111	114	118	123	127	132	135	139	144	147	150	154
2A_SB	6	d	92	95	98	101	107	109	112	115	119	124	128	133	136	140	145	148	152	/
2A_SB	7	a	98	102	105	109	116	118	122	125	128	134	138	142	145	149	155	159	163	167
2A_SB	7	d	100	103	107	111	117	120	123	126	129	135	139	143	146	150	156	160	165	/
2A_SB	8	a	110	114	116	119	124	126	129	132	135	139	143	147	150	154	160	164	168	172
2A_SB	8	d	112	115	117	120	125	127	130	133	136	140	144	148	151	155	161	165	170	/
2A_SB	9	a	121	125	128	131	136	138	141	145	148	152	155	160	163	167	172	175	179	182
2A_SB	9	d	123	127	129	132	137	139	142	146	149	153	156	161	164	168	173	176	180	/
2A_SB	10	a	126	130	133	138	143	145	149	154	159	165	169	175	179	184	189	192	196	199
2A_SB	10	d	128	132	135	139	144	147	151	156	161	167	171	177	181	185	190	193	197	/
2A_SB	11	a	137	141	144	149	156	158	162	166	170	176	179	185	189	193	198	201	205	209
2A_SB	11	d	139	143	146	151	157	159	163	167	171	177	180	186	190	194	199	202	207	/
2A_SB	12	a	143	147	150	154	161	163	167	170	175	181	184	190	194	198	204	207	211	214
2A_SB	12	d	145	149	152	156	162	164	168	172	176	182	185	191	195	199	205	208	212	/
2A_SB	13	a	148	153	157	160	166	168	171	175	180	186	189	195	198	203	209	212	216	219
2A_SB	13	d	150	155	158	161	167	169	173	177	181	187	190	196	200	204	210	213	217	/
2A_SB	14	a	163	168	171	174	180	183	187	190	193	199	202	208	211	215	220	223	227	231
2A_SB	14	d	165	169	172	175	181	184	188	191	194	200	203	209	212	216	221	225	229	/
2A_SB	15	a	168	173	176	179	185	188	192	195	199	206	209	215	218	223	228	232	235	238
2A_SB	15	d	170	174	177	180	186	189	193	196	200	207	210	216	220	224	229	233	236	/
2A_SB	16	a	177	182	186	189	195	197	201	204	208	215	219	225	229	232	237	241	245	249
2A_SB	16	d	179	184	187	190	196	198	202	205	209	216	220	226	230	233	238	243	247	/
3A_SB	1	a	6	12	16	24	27	31	36	42	45	49	52	54	59	63	67	72	76
3A_SB	1	d	8	13	18	25	29	33	38	43	46	50	53	55	60	64	68	73	/
3A_SB	2	a	36	41	46	52	56	60	65	69	73	78	82	84	89	93	96	101	104
3A_SB	2	d	38	43	48	54	58	62	67	71	75	79	83	85	90	94	97	102	/
3A_SB	3	a	56	62	66	72	76	81	86	91	94	97	101	103	107	111	115	120	124
3A_SB	3	d	58	64	68	74	78	83	88	92	95	98	102	105	108	112	116	122	/
3A_SB	4	a	67	73	76	83	88	93	97	101	105	109	113	115	118	122	125	129	132
3A_SB	4	d	69	74	78	85	90	95	99	103	106	111	114	116	119	123	126	130	/
3A_SB	5	a	76	83	87	94	98	102	106	110	114	118	122	125	129	133	136	141	145
3A_SB	5	d	78	84	89	95	99	104	108	112	115	120	123	126	130	134	137	142	/
3A_SB	6	a	81	88	92	100	105	110	115	119	123	128	132	135	139	142	145	150	154
3A_SB	6	d	83	89	94	102	107	112	117	121	125	130	133	136	140	143	146	152	/
3A_SB	7	a	99	107	112	117	120	124	127	131	134	137	140	142	146	149	152	159	163
3A_SB	7	d	101	109	113	118	122	125	128	132	135	138	141	143	147	150	154	161	/
3A_SB	8	a	107	114	118	123	126	130	134	140	144	148	153	156	160	163	166	171	175
3A_SB	8	d	109	115	119	124	128	132	136	142	146	150	154	157	161	164	167	173	/
3A_SB	9	a	128	136	140	147	151	155	159	163	167	171	174	176	180	183	187	193	197
3A_SB	9	d	130	138	142	149	152	156	160	165	168	172	175	177	181	184	188	194	/
3A_SB	10	a	144	151	155	162	165	169	173	177	180	184	187	190	195	199	205	211	214
3A_SB	10	d	146	152	156	163	166	170	174	178	181	185	188	191	196	201	207	212	/
3A_SB	11	a	155	161	166	172	176	180	183	186	189	193	197	199	204	208	213	219	222
3A_SB	11	d	157	163	168	174	177	181	184	187	190	195	198	200	205	209	214	220	/
3A_SB	12	a	162	168	173	179	184	188	191	194	197	201	204	206	211	214	218	224	228
3A_SB	12	d	164	170	175	181	185	189	192	195	198	202	205	207	212	215	219	225	/
3A_SB	13	a	167	174	178	185	190	194	197	201	204	208	211	214	219	222	227	232	236
3A_SB	13	d	169	175	180	187	191	195	198	202	205	209	212	215	220	224	228	233	/
3A_SB	14	a	172	179	183	190	195	199	203	207	210	214	217	220	225	228	232	237	241
3A_SB	14	d	174	180	185	192	196	201	204	208	211	215	218	221	226	230	233	238	/
3A_SB	15	a	178	184	189	195	200	205	208	213	216	220	223	226	232	235	238	243	248
3A_SB	15	d	180	186	190	197	202	206	210	214	217	221	224	228	233	236	239	245	/
3A_SB	16	a	185	191	195	202	206	210	214	219	223	227	231	234	239	243	247	253	257
3A_SB	16	d	187	192	196	203	207	211	216	221	225	228	233	235	240	244	249	254	/
3A_NB	1	a	3	8	11	15	18	21	25	27	31	36	40	43	45	49	52	55	58	62
3A_NB	1	d	5	9	12	16	19	22	26	28	32	37	41	44	46	50	53	56	60	/
3A_NB	2	a	20	24	28	31	36	40	45	47	52	57	61	64	66	69	74	77	82	86
3A_NB	2	d	22	26	29	33	37	42	46	49	54	58	62	65	67	71	75	79	84	/
3A_NB	3	a	49	54	58	61	65	69	73	77	82	87	91	93	96	100	103	106	110	114
3A_NB	3	d	51	56	59	63	66	71	75	79	83	88	92	94	97	101	104	107	111	/
3A_NB	4	a	55	60	63	67	70	74	79	83	87	92	96	98	101	105	108	111	115	119
3A_NB	4	d	57	61	64	68	71	76	81	84	88	93	97	99	102	106	109	112	116	/
3A_NB	5	a	62	67	70	74	77	82	86	89	93	99	103	105	107	110	113	116	121	126
3A_NB	5	d	64	68	71	75	78	83	87	90	94	100	104	106	108	111	114	118	123	/
3A_NB	6	a	78	83	87	92	97	102	106	109	114	120	124	127	129	133	136	141	144	148
3A_NB	6	d	80	85	89	94	99	104	108	111	115	121	125	128	130	134	138	142	145	/
3A_NB	7	a	88	93	97	101	106	110	115	118	123	129	133	136	138	142	147	152	156	160
3A_NB	7	d	90	95	98	103	108	112	117	120	124	130	134	137	139	144	149	154	158	/
3A_NB	8	a	98	103	107	111	116	120	125	128	133	139	143	146	148	152	155	159	162	165
3A_NB	8	d	100	105	108	113	118	122	127	130	134	140	144	147	149	153	156	160	163	/
3A_NB	9	a	107	112	115	119	123	127	132	135	140	147	152	155	158	162	165	168	172	176
3A_NB	9	d	109	113	116	121	125	129	134	137	142	149	154	157	160	163	166	169	173	/
3A_NB	10	a	118	123	127	133	136	141	145	148	153	158	162	164	166	169	172	175	179	182
3A_NB	10	d	120	125	129	134	138	143	147	150	154	159	163	165	167	170	173	176	180	/
3A_NB	11	a	125	130	134	139	142	147	151	153	158	163	168	171	173	176	180	183	187	190
3A_NB	11	d	127	132	136	140	144	149	152	155	159	165	169	172	174	178	181	184	188	/
3A_NB	12	a	132	137	141	145	148	152	156	159	163	168	173	176	178	183	187	190	194	199
3A_NB	12	d	134	138	142	146	149	154	158	160	164	170	174	177	180	184	188	191	196	/
3A_NB	13	a	151	155	160	164	169	174	178	180	185	189	193	196	199	202	206	209	212	215
3A_NB	13	d	153	157	161	166	171	176	179	182	186	190	194	197	200	203	207	210	213	/
3A_NB	14	a	159	163	167	171	175	179	183	185	190	194	199	202	205	208	212	215	218	221
3A_NB	14	d	161	164	168	172	176	181	184	187	191	195	200	203	206	209	213	216	219	/
3A_NB	15	a	165	169	173	177	181	184	188	190	195	200	205	208	211	214	217	220	223	226
3A_NB	15	d	167	170	174	178	182	186	189	192	196	201	206	209	212	215	218	221	224	/
3A_NB	16	a	177	181	186	191	196	201	205	208	212	218	222	224	226	229	232	235	238	242
3A_NB	16	d	179	183	188	193	198	203	207	210	213	219	223	225	227	230	233	236	240	/
