RouteID	RunID	Arrivals/Departures	TimePerStop
1A_SB	1	a	3	10	18	20	23	28	30	34	38	42	46	49	52	62	68	72
1A_SB	1	d	5	11	19	21	24	29	31	35	39	43	47	50	53	63	69	/
1A_SB	2	a	9	16	23	25	28	35	38	42	46	49	53	56	59	69	75	79
1A_SB	2	d	11	17	24	26	30	36	39	43	47	50	54	57	60	70	77	/
1A_SB	3	a	32	39	49	52	57	63	67	71	74	77	80	83	87	96	102	107
1A_SB	3	d	34	41	51	54	59	65	68	72	75	78	81	85	88	98	104	/
1A_SB	4	a	57	64	74	77	81	86	88	92	95	98	101	104	107	119	125	130
1A_SB	4	d	59	66	76	78	82	87	89	93	96	99	102	105	109	121	127	/
1A_SB	5	a	76	83	91	93	97	103	106	111	115	119	122	125	129	138	143	146
1A_SB	5	d	78	85	92	94	99	105	108	113	117	120	123	126	130	139	144	/
1A_SB	6	a	87	94	103	106	111	117	119	125	128	131	135	139	143	152	158	163
1A_SB	6	d	89	96	105	108	112	118	121	126	129	133	137	140	145	154	160	/
1A_SB	7	a	116	123	133	136	140	146	149	154	158	162	165	169	172	181	186	190
1A_SB	7	d	118	124	134	137	142	148	151	156	159	163	166	170	173	182	187	/
1A_SB	8	a	126	132	143	146	151	157	161	166	170	175	179	183	187	198	203	206
1A_SB	8	d	128	134	145	148	153	159	163	168	172	177	181	185	188	199	204	/
1A_SB	9	a	136	142	149	152	156	162	166	172	176	181	186	190	193	204	210	214
1A_SB	9	d	138	143	151	154	158	164	168	174	178	183	188	191	195	206	212	/
1A_SB	10	a	162	169	177	179	182	187	189	193	197	200	203	206	210	218	224	228
1A_SB	10	d	164	171	178	180	183	188	190	194	198	201	204	207	211	219	225	/
1A_SB	11	a	170	177	185	187	191	197	201	206	209	213	216	219	223	233	240	245
1A_SB	11	d	172	179	186	189	193	199	202	207	210	214	217	220	225	235	242	/
1A_SB	12	a	186	192	201	204	208	216	220	225	228	231	234	238	241	250	255	259
1A_SB	12	d	188	194	203	206	210	218	221	226	229	232	235	239	242	251	256	/
1A_SB	13	a	196	204	214	217	221	229	233	239	244	248	251	255	259	269	273	278
1A_SB	13	d	198	206	215	219	223	231	235	241	246	249	252	257	260	270	275	/
1A_SB	14	a	220	227	238	241	245	250	253	258	263	266	270	273	277	286	291	295
1A_SB	14	d	222	229	240	242	246	251	254	260	264	267	271	275	278	287	292	/
1A_SB	15	a	237	244	253	255	259	265	269	275	279	282	285	289	292	301	307	312
1A_SB	15	d	239	246	254	257	261	267	271	276	280	283	286	290	294	303	309	/
1A_SB	16	a	247	254	264	267	270	276	279	284	288	292	295	299	303	312	317	320
1A_SB	16	d	249	256	266	268	271	278	280	286	290	293	296	300	304	313	318	/
1A_SB	17	a	255	262	271	273	276	282	285	291	294	297	300	303	308	318	324	327
1A_SB	17	d	257	263	272	274	277	284	287	292	295	298	301	305	310	320	325	/
1A_SB	18	a	277	284	292	295	298	303	305	309	313	316	320	323	326	335	341	345
1A_SB	18	d	279	286	293	296	299	304	306	310	314	317	321	324	327	336	342	/
1A_SB	19	a	282	289	297	300	304	310	312	316	320	324	329	333	337	345	351	354
1A_SB	19	d	284	291	298	301	305	311	313	317	322	326	330	334	338	346	352	/
1A_SB	20	a	292	299	307	309	314	319	321	325	329	333	336	340	344	354	360	363
1A_SB	20	d	294	301	308	311	315	320	322	326	330	334	337	341	345	355	361	/
1A_SB	21	a	297	304	312	314	318	324	326	330	334	339	343	348	352	362	368	372
1A_SB	21	d	299	306	313	316	320	325	327	332	336	341	345	349	353	364	370	/
1A_SB	22	a	302	310	317	320	324	329	331	337	340	345	349	354	358	368	374	378
1A_SB	22	d	304	311	319	322	325	330	333	338	342	346	351	355	359	370	376	/
1A_SB	23	a	307	315	322	325	329	336	339	344	347	351	355	359	363	374	380	383
1A_SB	23	d	309	316	324	327	331	338	340	345	349	352	356	360	364	375	381	/
1A_SB	24	a	315	321	329	332	335	341	344	348	352	356	360	364	368	379	385	388
1A_SB	24	d	317	323	330	333	336	343	345	350	354	357	361	365	369	380	386	/
1A_SB	25	a	323	329	339	342	345	351	355	360	364	367	370	374	379	388	395	399
1A_SB	25	d	325	331	340	343	347	353	357	361	365	368	371	376	381	390	396	/
1A_SB	26	a	342	349	359	362	366	371	374	379	383	387	390	394	397	406	412	416
1A_SB	26	d	344	351	361	364	367	373	375	380	385	388	391	395	399	407	413	/
1A_SB	27	a	359	365	374	377	380	386	389	395	400	404	408	412	416	425	430	434
1A_SB	27	d	361	366	376	378	382	387	391	396	401	405	409	413	418	426	431	/
1A_SB	28	a	379	386	395	398	402	408	412	418	422	426	431	436	439	448	453	457
1A_SB	28	d	381	388	397	400	404	410	414	420	424	427	433	437	440	449	454	/
1A_SB	29	a	384	391	400	403	407	414	417	423	427	431	436	441	444	453	458	462
1A_SB	29	d	386	393	402	405	409	415	419	425	429	432	438	442	445	454	459	/
1A_SB	30	a	392	399	407	410	413	420	423	428	432	436	441	446	449	457	463	467
1A_SB	30	d	394	400	408	411	415	421	424	430	434	438	443	447	450	459	464	/
1A_SB	31	a	403	409	418	421	425	432	435	439	442	446	450	455	460	468	473	477
1A_SB	31	d	405	411	420	423	427	433	436	440	443	447	452	457	461	469	474	/
1A_SB	32	a	408	414	423	426	430	437	440	444	448	452	456	461	466	476	481	485
1A_SB	32	d	410	416	425	428	432	438	441	446	450	454	458	463	467	477	482	/
1A_NB	1	a	3	8	15	23	28	32	36	40	43	49	53	58	60	64	73	80
1A_NB	1	d	5	9	16	24	29	34	37	41	45	50	54	59	61	65	74	/
1A_NB	2	a	8	13	19	28	33	38	41	46	49	54	58	63	66	70	79	85
1A_NB	2	d	10	15	21	29	35	39	43	47	50	55	59	64	67	71	80	/
1A_NB	3	a	14	20	25	33	39	43	46	50	54	59	62	67	71	75	83	90
1A_NB	3	d	16	21	26	34	40	44	48	52	55	60	64	69	72	77	85	/
1A_NB	4	a	21	27	32	39	45	49	52	55	59	65	68	72	76	80	88	94
1A_NB	4	d	23	28	33	40	46	50	53	57	60	66	69	74	78	82	90	/
1A_NB	5	a	26	32	37	44	50	54	58	61	66	72	75	79	83	87	94	100
1A_NB	5	d	28	33	38	45	51	56	59	63	67	73	76	81	85	88	96	/
1A_NB	6	a	42	47	52	58	64	67	71	75	79	85	88	92	96	101	108	114
1A_NB	6	d	44	48	53	59	65	68	72	76	80	86	89	94	98	103	110	/
1A_NB	7	a	66	71	78	87	93	97	101	105	108	114	117	121	123	128	137	144
1A_NB	7	d	68	73	80	89	94	98	102	106	110	115	118	122	125	130	138	/
1A_NB	8	a	93	99	105	113	118	122	126	129	132	138	142	146	148	152	161	166
1A_NB	8	d	95	101	107	114	119	123	127	130	133	140	143	147	149	153	162	/
1A_NB	9	a	99	105	112	119	125	130	135	140	143	149	153	157	159	163	172	177
1A_NB	9	d	101	107	113	121	127	132	137	141	145	150	154	158	160	164	173	/
1A_NB	10	a	123	129	135	141	146	151	156	159	162	168	171	175	177	181	190	196
1A_NB	10	d	125	131	136	143	148	153	157	160	163	169	172	176	178	183	191	/
1A_NB	11	a	142	148	152	159	164	169	173	177	181	187	190	195	197	200	208	213
1A_NB	11	d	144	149	153	160	166	170	174	178	183	188	192	196	198	202	209	/
1A_NB	12	a	167	172	179	188	195	198	202	206	210	215	219	224	227	230	236	242
1A_NB	12	d	169	174	181	190	196	199	203	207	211	217	221	226	228	231	238	/
1A_NB	13	a	188	193	200	208	213	216	220	224	228	233	236	241	244	247	255	261
1A_NB	13	d	190	195	202	209	214	217	221	225	229	234	237	242	245	248	256	/
1A_NB	14	a	196	202	208	215	221	224	228	231	235	240	243	247	250	254	263	270
1A_NB	14	d	198	203	209	217	222	225	229	232	236	241	244	248	252	256	265	/
1A_NB	15	a	215	220	226	233	240	245	250	254	258	263	266	270	273	276	283	289
1A_NB	15	d	217	222	227	235	242	247	252	256	259	264	267	271	274	277	284	/
1A_NB	16	a	240	245	252	259	266	271	276	280	283	288	291	296	299	303	310	315
1A_NB	16	d	242	247	254	261	268	273	277	281	284	289	292	297	300	304	311	/
1A_NB	17	a	246	251	258	265	272	277	282	287	291	295	298	303	306	310	317	323
1A_NB	17	d	248	253	260	267	274	279	284	288	292	296	299	304	307	311	318	/
1A_NB	18	a	260	265	271	280	285	290	295	299	303	308	312	318	321	324	333	339
1A_NB	18	d	262	266	273	281	287	292	297	301	304	309	314	319	322	325	334	/
1A_NB	19	a	281	286	293	301	306	310	314	318	322	327	330	335	337	340	348	353
1A_NB	19	d	283	288	295	302	307	311	315	319	323	328	331	336	338	341	349	/
1A_NB	20	a	286	291	298	307	312	316	320	324	328	333	337	342	344	347	354	359
1A_NB	20	d	288	293	300	308	313	317	321	325	329	335	338	343	345	348	355	/
1A_NB	21	a	295	300	307	316	321	324	329	332	335	339	343	348	351	354	361	367
1A_NB	21	d	297	302	309	317	322	326	330	333	336	341	345	349	352	355	362	/
1A_NB	22	a	300	306	312	321	326	329	334	337	341	346	350	355	358	361	369	375
1A_NB	22	d	302	307	314	322	327	331	335	339	343	348	352	356	359	362	370	/
1A_NB	23	a	305	311	317	325	331	335	339	343	348	354	357	361	364	368	376	383
1A_NB	23	d	307	312	319	327	332	336	341	345	349	355	358	362	365	369	377	/
1A_NB	24	a	310	316	322	330	336	340	345	348	353	359	362	367	370	375	381	389
1A_NB	24	d	312	318	324	332	337	342	346	350	354	360	364	368	372	376	383	/
1A_NB	25	a	322	327	332	340	346	350	355	358	363	368	371	375	379	384	391	396
1A_NB	25	d	324	328	333	342	347	352	356	360	364	369	372	377	381	386	392	/
1A_NB	26	a	330	334	340	349	355	359	363	367	371	376	380	384	387	391	400	405
1A_NB	26	d	332	336	342	350	356	360	365	368	372	377	381	385	388	393	401	/
1A_NB	27	a	335	339	345	353	360	364	368	372	376	382	386	390	393	397	405	410
1A_NB	27	d	337	341	347	355	361	365	370	373	377	383	387	391	394	398	406	/
1A_NB	28	a	342	346	352	360	365	369	374	377	381	387	391	396	399	403	411	416
1A_NB	28	d	344	347	354	361	366	371	375	378	382	388	392	397	400	404	412	/
1A_NB	29	a	353	358	364	372	378	382	386	390	395	401	405	410	413	418	426	433
1A_NB	29	d	355	359	366	374	379	383	388	392	397	403	407	412	415	420	428	/
1A_NB	30	a	362	367	373	383	388	393	398	402	407	413	416	420	423	428	435	441
1A_NB	30	d	364	368	375	384	390	395	400	404	408	414	417	421	424	429	436	/
1A_NB	31	a	373	378	383	392	397	401	406	409	412	418	421	425	428	433	440	446
1A_NB	31	d	375	379	384	393	398	403	407	410	413	419	423	426	429	434	441	/
1A_NB	32	a	378	383	388	397	402	407	411	414	418	424	427	430	433	438	446	452
1A_NB	32	d	380	384	389	398	404	408	412	416	419	425	428	431	434	439	447	/
2A_NB	1	a	3	8	15	18	20	23	30	33	37	45	48	53	55	57	60	66	70	73	76	80	89	94
2A_NB	1	d	5	9	16	19	21	24	31	34	38	46	49	54	56	58	61	67	71	74	77	81	91	/
2A_NB	2	a	8	13	20	23	25	28	35	38	42	50	53	58	60	62	65	71	75	78	82	86	95	99
2A_NB	2	d	10	14	21	24	26	29	36	39	43	51	54	59	61	63	66	72	76	79	83	87	96	/
2A_NB	3	a	13	17	25	28	30	33	40	44	48	54	58	63	66	68	71	77	80	83	87	91	99	104
2A_NB	3	d	15	19	26	29	31	35	42	46	49	56	59	64	67	69	72	78	81	84	88	92	101	/
2A_NB	4	a	19	23	30	33	36	39	45	49	53	59	63	68	71	73	76	82	85	88	93	98	106	109
2A_NB	4	d	21	24	31	34	37	40	47	51	54	61	64	69	72	74	77	83	86	90	95	99	107	/
2A_NB	5	a	26	30	36	40	44	49	55	58	62	69	73	78	82	85	89	95	99	102	107	110	117	120
2A_NB	5	d	28	32	38	42	46	50	56	60	64	71	74	80	84	86	90	97	100	104	108	111	118	/
2A_NB	6	a	48	52	57	61	64	69	75	79	83	91	96	102	105	109	113	119	123	128	133	138	145	148
2A_NB	6	d	50	53	59	63	66	71	76	81	85	93	97	103	107	110	114	121	125	130	135	139	146	/
2A_NB	7	a	53	57	62	66	69	74	81	85	88	96	101	107	110	114	119	125	129	134	138	143	150	154
2A_NB	7	d	55	58	64	68	71	76	82	86	90	98	102	108	112	116	121	127	131	136	140	144	152	/
2A_NB	8	a	78	82	89	93	96	100	107	111	115	124	128	133	136	138	142	148	152	156	159	162	168	172
2A_NB	8	d	80	84	91	94	98	102	108	113	117	125	129	134	137	139	143	149	153	157	160	163	169	/
2A_NB	9	a	108	112	118	121	125	129	135	140	144	152	156	162	164	166	169	175	179	183	187	190	197	201
2A_NB	9	d	110	114	120	123	127	131	137	142	146	154	157	163	165	167	171	177	180	184	188	191	199	/
2A_NB	10	a	133	137	144	147	150	154	160	164	169	178	183	189	193	196	200	206	209	212	215	219	228	232
2A_NB	10	d	135	139	146	149	151	156	162	166	171	180	185	191	195	197	201	207	210	213	216	220	229	/
2A_NB	11	a	144	148	154	156	159	164	171	175	180	189	194	199	202	204	209	216	220	223	228	232	239	243
2A_NB	11	d	146	149	155	158	161	166	173	177	182	191	195	200	203	206	211	217	221	225	230	234	241	/
2A_NB	12	a	165	170	177	180	183	187	195	200	205	213	217	222	225	228	231	236	240	244	247	250	257	260
2A_NB	12	d	167	172	179	182	185	189	197	202	207	215	218	223	226	229	232	237	241	245	248	251	258	/
2A_NB	13	a	170	175	182	186	189	192	200	205	210	220	223	228	231	234	237	242	245	249	252	255	263	266
2A_NB	13	d	172	177	184	188	190	194	202	207	212	221	224	229	232	235	238	243	246	250	253	256	264	/
2A_NB	14	a	175	180	187	191	194	198	205	210	215	225	228	234	237	241	246	252	255	258	262	266	274	277
2A_NB	14	d	177	182	189	193	196	200	207	212	217	226	229	235	239	243	247	253	256	259	263	267	275	/
2A_NB	15	a	182	186	192	196	199	203	210	215	220	230	233	240	243	247	251	258	262	265	269	272	280	283
2A_NB	15	d	184	187	194	198	201	205	212	217	222	231	235	242	245	248	253	259	263	266	270	273	281	/
2A_NB	16	a	196	200	205	208	212	216	222	227	231	237	241	248	250	253	257	263	268	271	276	280	289	293
2A_NB	16	d	198	201	206	210	213	217	224	229	232	239	243	249	251	254	259	265	269	273	278	282	290	/
2A_NB	17	a	207	211	217	221	224	227	234	238	241	248	252	259	262	264	268	273	279	283	287	291	297	301
2A_NB	17	d	209	213	219	222	225	228	235	239	242	249	254	260	263	265	269	275	281	285	288	292	298	/
2A_NB	18	a	213	218	224	227	229	232	239	243	246	253	257	264	267	269	273	280	286	290	293	298	304	308
2A_NB	18	d	215	220	226	228	230	233	240	244	247	254	259	265	268	270	275	282	288	291	295	299	305	/
2A_NB	19	a	222	227	233	236	239	242	248	252	255	264	268	274	278	281	285	292	296	299	302	305	312	316
2A_NB	19	d	224	229	235	238	240	243	249	253	256	265	269	276	279	282	286	293	297	300	303	306	313	/
2A_NB	20	a	227	232	238	241	244	247	253	257	261	270	273	280	283	286	289	297	301	304	308	312	320	324
2A_NB	20	d	229	234	240	243	245	248	254	259	262	271	274	281	284	287	291	298	302	306	310	314	321	/
2A_NB	21	a	233	238	243	246	249	253	261	264	267	276	280	287	290	293	296	303	307	311	315	320	328	332
2A_NB	21	d	235	239	245	248	251	255	262	265	268	278	281	289	292	294	297	305	309	313	317	321	329	/
2A_NB	22	a	238	243	250	253	257	261	268	271	275	282	285	292	295	298	301	308	312	316	321	325	333	337
2A_NB	22	d	240	245	252	255	258	262	269	273	276	283	287	294	297	299	303	310	314	318	322	326	334	/
2A_NB	23	a	253	258	264	268	271	274	279	283	287	294	298	304	307	309	313	319	323	327	331	335	343	347
2A_NB	23	d	255	260	266	270	272	275	281	285	289	295	299	305	308	310	314	320	324	328	333	336	344	/
2A_NB	24	a	265	270	277	279	282	286	293	297	301	309	314	322	325	328	331	336	340	343	346	350	356	360
2A_NB	24	d	267	272	278	281	284	288	295	299	303	311	316	323	326	329	332	337	341	344	347	351	357	/
2A_NB	25	a	273	277	283	285	288	292	299	303	307	315	319	327	330	333	336	341	345	348	351	355	361	365
2A_NB	25	d	275	278	284	287	290	294	301	305	309	317	321	328	332	334	337	342	346	349	352	356	362	/
2A_NB	26	a	284	288	293	297	300	304	312	316	320	328	332	337	340	343	346	351	355	358	361	364	372	376
2A_NB	26	d	286	290	295	299	302	306	314	317	322	330	333	338	342	344	347	352	356	359	362	365	373	/
2A_NB	27	a	307	312	317	321	323	327	334	338	342	349	353	358	362	364	368	374	377	381	385	388	396	401
2A_NB	27	d	309	313	319	322	325	328	336	340	344	351	354	360	363	365	369	375	379	382	386	389	398	/
2A_NB	28	a	312	317	324	328	330	334	340	344	349	356	360	365	368	370	374	380	384	387	391	394	402	406
2A_NB	28	d	314	319	326	329	331	336	342	346	350	358	361	366	369	371	375	382	385	388	392	395	403	/
2A_NB	29	a	321	326	332	335	338	342	348	352	357	364	368	373	376	378	383	389	392	396	400	403	411	415
2A_NB	29	d	323	327	334	336	339	344	349	354	358	365	369	374	377	380	384	390	393	397	401	404	412	/
2A_NB	30	a	351	355	361	365	367	371	377	382	386	393	398	403	406	409	412	417	421	426	429	433	441	445
2A_NB	30	d	353	356	363	366	369	372	379	384	388	395	399	404	407	410	413	418	423	427	430	434	442	/
2A_NB	31	a	377	381	389	393	395	399	406	410	414	424	427	432	434	436	440	445	449	452	455	458	465	468
2A_NB	31	d	379	383	391	394	397	401	408	411	416	425	428	433	435	437	441	446	450	453	456	459	466	/
2A_NB	32	a	382	386	394	398	401	404	412	415	419	429	433	438	441	443	447	452	456	459	462	465	472	475
2A_NB	32	d	384	388	396	400	402	406	413	416	421	431	434	439	442	444	448	453	457	460	463	467	473	/
2A_SB	1	a	3	6	13	16	20	22	26	33	37	40	43	46	53	56	62	65	68	73	76	79	83	86	98	104
2A_SB	1	d	5	7	14	18	21	23	28	35	38	41	44	47	54	57	63	66	69	74	77	80	84	87	99	/
2A_SB	2	a	18	22	31	35	39	43	46	52	56	60	63	66	72	77	83	88	91	96	99	102	105	108	118	124
2A_SB	2	d	20	24	33	37	41	44	48	54	58	61	64	68	74	78	85	89	92	97	100	103	106	109	120	/
2A_SB	3	a	29	32	40	43	47	50	54	60	62	65	69	72	77	82	89	94	98	103	106	109	112	115	125	131
2A_SB	3	d	31	33	41	45	48	51	56	61	63	67	70	73	79	84	91	95	99	104	107	110	113	116	127	/
2A_SB	4	a	48	52	59	64	68	70	73	79	82	85	88	91	97	102	109	113	118	124	127	130	134	138	149	155
2A_SB	4	d	50	54	61	65	69	71	74	80	83	86	89	93	99	104	111	115	119	125	128	131	135	139	150	/
2A_SB	5	a	63	67	76	81	86	89	94	99	102	106	110	113	119	123	127	130	134	140	143	147	150	154	167	172
2A_SB	5	d	65	69	78	83	88	91	95	101	104	108	111	114	120	124	128	131	135	141	144	148	151	155	168	/
2A_SB	6	a	77	81	92	95	99	101	105	112	116	120	124	127	132	136	141	144	147	153	156	159	163	167	179	184
2A_SB	6	d	79	83	93	96	100	102	106	114	117	122	125	128	133	137	142	145	148	154	157	160	164	168	180	/
2A_SB	7	a	91	95	103	106	110	112	115	122	125	129	132	135	141	144	149	152	156	162	166	170	174	179	192	198
2A_SB	7	d	93	96	104	107	111	113	116	123	126	130	133	136	142	145	150	153	158	164	168	172	176	181	194	/
2A_SB	8	a	111	114	121	126	130	134	137	142	145	148	152	155	161	165	170	173	177	183	186	189	192	196	210	216
2A_SB	8	d	113	116	123	128	132	135	138	143	146	149	153	156	163	166	171	174	178	184	187	190	194	198	212	/
2A_SB	9	a	127	130	138	142	147	150	154	161	165	169	172	175	181	185	191	194	198	205	208	211	215	218	231	236
2A_SB	9	d	129	132	140	144	149	152	156	163	167	170	173	176	182	186	192	195	199	206	209	212	216	219	232	/
2A_SB	10	a	151	154	161	165	168	170	173	180	183	186	190	193	198	201	207	210	213	219	221	224	227	231	243	249
2A_SB	10	d	153	156	163	166	169	171	174	181	184	187	191	195	199	202	208	211	214	220	222	225	228	232	245	/
2A_SB	11	a	163	167	175	179	184	187	192	200	203	206	209	212	218	223	230	233	237	244	246	249	253	256	268	273
2A_SB	11	d	165	169	177	181	186	189	194	201	204	207	210	214	220	225	231	234	239	245	247	250	254	257	269	/
2A_SB	12	a	173	177	185	188	193	196	200	209	211	216	221	224	229	233	239	243	247	252	254	258	263	267	280	287
2A_SB	12	d	175	179	186	190	195	197	202	210	213	218	222	225	230	234	240	244	248	253	256	260	265	269	282	/
2A_SB	13	a	198	201	209	213	217	219	222	228	231	235	238	241	246	249	255	260	264	270	272	275	279	282	294	300
2A_SB	13	d	200	203	210	214	218	220	223	229	232	236	239	242	247	250	257	261	265	271	273	276	280	283	295	/
2A_SB	14	a	211	214	222	226	229	232	236	242	245	249	253	257	263	267	274	277	280	286	289	293	296	301	313	319
2A_SB	14	d	213	215	223	227	230	233	237	243	246	250	255	258	264	269	275	278	281	287	290	294	298	303	315	/
2A_SB	15	a	222	225	232	236	240	243	247	255	259	263	267	271	277	282	289	293	297	303	306	311	315	320	334	339
2A_SB	15	d	224	227	234	238	242	245	249	257	261	264	269	273	279	284	291	294	298	304	308	313	317	321	335	/
2A_SB	16	a	241	244	253	258	262	265	269	274	277	281	285	288	293	297	304	308	312	318	321	324	328	332	346	351
2A_SB	16	d	243	246	255	260	264	267	270	275	278	282	286	289	295	299	305	309	313	319	322	325	329	333	347	/
2A_SB	17	a	258	262	269	274	278	280	284	290	293	296	299	302	309	313	318	321	325	332	336	339	343	347	361	368
2A_SB	17	d	260	264	271	275	279	281	285	291	294	297	300	304	310	314	319	322	327	334	337	340	344	348	363	/
2A_SB	18	a	268	272	281	286	289	291	294	300	303	307	310	313	319	323	329	333	337	342	345	348	351	354	368	375
2A_SB	18	d	270	274	283	287	290	292	295	301	304	308	311	314	320	324	331	334	338	343	346	349	352	355	370	/
2A_SB	19	a	283	287	294	298	302	304	308	314	316	319	323	326	331	335	340	343	347	353	356	359	362	365	378	383
2A_SB	19	d	285	288	296	300	303	305	309	315	317	320	324	327	332	336	341	344	348	354	357	360	363	366	379	/
2A_SB	20	a	288	292	300	304	307	309	313	319	321	324	328	333	339	343	348	351	355	361	364	367	370	374	387	392
2A_SB	20	d	290	294	301	305	308	310	314	320	322	325	330	334	340	344	349	352	356	363	365	368	372	376	388	/
2A_SB	21	a	293	297	305	309	312	314	318	323	326	330	334	338	344	347	354	357	361	367	370	374	377	381	394	401
2A_SB	21	d	295	299	306	310	313	315	319	325	328	331	335	339	345	349	355	358	362	369	372	375	379	383	396	/
2A_SB	22	a	298	302	310	315	319	321	325	330	332	336	340	344	351	355	362	366	371	377	381	385	388	392	404	410
2A_SB	22	d	300	304	312	316	320	322	326	331	333	337	341	346	353	357	364	368	372	379	383	386	390	393	405	/
2A_SB	23	a	308	312	319	322	327	329	333	339	342	347	351	355	361	364	369	372	377	383	386	390	394	397	409	415
2A_SB	23	d	310	313	320	324	328	330	335	341	344	348	353	356	362	365	370	374	379	384	388	391	395	398	410	/
2A_SB	24	a	313	316	323	327	332	334	339	345	349	352	357	360	365	369	375	379	384	389	391	395	399	402	415	421
2A_SB	24	d	315	318	325	329	333	336	341	347	350	354	358	361	367	371	377	381	385	390	393	396	400	404	416	/
2A_SB	25	a	327	330	337	341	346	349	353	358	362	366	370	375	381	384	389	392	395	400	402	405	410	415	428	435
2A_SB	25	d	329	332	339	343	348	351	354	360	364	367	372	376	382	385	390	393	396	401	403	407	412	417	430	/
2A_SB	26	a	334	338	344	348	352	355	359	365	369	373	377	381	387	390	396	400	403	408	412	415	419	423	434	441
2A_SB	26	d	336	339	346	350	354	357	361	367	371	375	379	382	388	392	398	401	404	410	413	416	420	424	436	/
2A_SB	27	a	357	361	368	372	377	380	384	391	395	399	404	408	414	418	423	427	430	437	440	443	447	451	464	471
2A_SB	27	d	359	363	370	374	379	382	386	393	397	401	406	409	415	419	424	428	431	438	441	444	449	453	466	/
2A_SB	28	a	369	372	378	383	388	390	394	400	404	409	414	418	424	429	436	441	445	453	456	460	463	466	479	484
2A_SB	28	d	371	373	380	385	389	391	395	402	406	411	416	420	426	431	438	442	446	454	457	461	464	467	480	/
2A_SB	29	a	374	377	383	388	392	395	400	407	410	415	420	424	430	435	441	446	450	457	461	465	469	473	486	491
2A_SB	29	d	376	378	385	390	394	397	402	409	412	417	422	426	432	437	443	447	452	459	462	466	470	474	487	/
2A_SB	30	a	387	390	397	402	405	408	413	421	425	430	435	440	445	449	454	457	461	467	470	473	477	481	494	500
2A_SB	30	d	389	391	399	403	407	410	415	423	427	432	437	441	446	450	455	458	462	468	471	474	478	483	496	/
2A_SB	31	a	396	399	406	409	413	416	420	427	431	436	441	446	452	455	460	463	468	474	477	481	486	491	504	510
2A_SB	31	d	398	400	407	411	415	417	422	429	433	438	443	448	453	456	461	465	469	475	479	483	488	493	506	/
2A_SB	32	a	407	410	418	423	427	430	434	441	444	449	453	458	465	469	476	480	484	491	495	500	504	509	523	529
2A_SB	32	d	409	412	420	425	429	432	436	443	446	451	455	460	467	471	478	482	486	493	497	502	506	510	525	/
3A_SB	1	a	28	35	41	45	50	55	58	62	66	71	73	75	79	83	87	91	95	99
3A_SB	1	d	30	37	43	47	52	57	60	64	68	72	74	76	80	84	88	92	96	/
3A_SB	2	a	33	40	46	50	55	60	64	68	72	77	79	81	85	89	93	96	100	104
3A_SB	2	d	35	42	48	52	57	62	66	70	74	78	80	82	86	90	94	97	101	/
3A_SB	3	a	39	46	53	57	62	66	69	73	77	82	85	88	92	97	102	106	110	113
3A_SB	3	d	41	47	55	59	63	67	71	75	79	84	87	89	94	99	104	107	111	/
3A_SB	4	a	53	59	66	70	74	79	83	87	91	95	98	101	105	108	111	114	118	121
3A_SB	4	d	55	61	68	72	76	81	85	89	93	96	99	102	106	109	112	115	119	/
3A_SB	5	a	58	64	71	75	79	84	88	92	96	100	103	107	110	113	116	119	124	127
3A_SB	5	d	60	66	73	77	81	86	90	94	98	101	105	108	111	114	117	121	125	/
3A_SB	6	a	80	87	93	96	101	106	109	111	114	117	119	121	125	128	132	136	141	146
3A_SB	6	d	82	89	94	98	103	107	110	112	115	118	120	122	126	129	134	138	143	/
3A_SB	7	a	92	100	106	110	114	118	121	124	127	131	133	135	138	141	144	147	151	154
3A_SB	7	d	94	101	108	111	115	119	122	125	129	132	134	136	139	142	145	148	152	/
3A_SB	8	a	98	106	112	115	119	124	126	129	132	136	139	141	145	148	152	157	161	165
3A_SB	8	d	100	107	113	116	121	125	127	130	134	137	140	143	146	150	154	159	163	/
3A_SB	9	a	116	124	132	136	140	145	148	152	156	160	162	166	171	175	179	183	186	190
3A_SB	9	d	118	126	134	137	142	146	150	153	157	161	164	168	173	177	181	184	188	/
3A_SB	10	a	142	147	154	158	161	165	168	171	175	180	183	185	189	192	195	198	201	204
3A_SB	10	d	144	149	156	159	162	166	169	172	177	181	184	186	190	193	196	199	202	/
3A_SB	11	a	156	162	169	173	177	182	185	189	193	198	200	202	206	209	212	216	220	223
3A_SB	11	d	158	164	171	175	179	184	187	191	195	199	201	203	207	210	213	217	221	/
3A_SB	12	a	179	185	193	197	200	203	206	209	212	217	219	221	225	229	232	235	239	242
3A_SB	12	d	181	187	195	198	201	204	207	210	214	218	220	222	226	230	233	236	240	/
3A_SB	13	a	185	191	198	202	206	209	212	215	218	222	224	227	230	234	237	240	243	247
3A_SB	13	d	187	192	200	204	207	211	213	216	219	223	225	228	231	235	238	241	245	/
3A_SB	14	a	194	200	207	210	213	216	218	222	225	228	230	233	236	240	243	247	251	255
3A_SB	14	d	196	201	208	211	214	217	220	223	226	229	231	234	237	241	245	249	253	/
3A_SB	15	a	213	219	225	230	233	237	239	242	245	248	250	252	256	260	264	267	270	273
3A_SB	15	d	215	220	227	231	234	238	240	243	246	249	251	253	257	261	265	268	271	/
3A_SB	16	a	227	233	240	243	246	250	253	256	260	263	265	268	272	275	279	282	285	288
3A_SB	16	d	229	234	241	244	247	252	254	257	261	264	266	269	273	276	280	283	286	/
3A_SB	17	a	245	252	259	263	267	271	273	276	279	282	284	286	290	294	298	302	305	308
3A_SB	17	d	247	253	260	264	268	272	274	277	280	283	285	287	291	295	299	303	306	/
3A_SB	18	a	256	264	270	273	276	280	282	286	289	293	295	297	301	305	310	314	317	320
3A_SB	18	d	258	265	271	274	277	281	284	287	290	294	296	298	302	306	311	315	318	/
3A_SB	19	a	270	277	284	289	292	295	297	300	303	306	308	310	314	317	321	324	327	330
3A_SB	19	d	272	279	286	290	293	296	298	301	304	307	309	311	315	318	322	325	328	/
3A_SB	20	a	276	283	289	294	298	303	306	309	313	317	320	323	327	330	334	337	340	343
3A_SB	20	d	278	284	291	296	300	305	308	311	315	318	321	324	328	331	335	338	341	/
3A_SB	21	a	290	297	304	307	311	316	319	322	326	330	332	335	339	342	346	349	353	356
3A_SB	21	d	292	299	305	309	313	318	320	324	328	331	333	336	340	343	347	350	354	/
3A_SB	22	a	295	302	309	313	317	321	324	327	331	335	337	340	344	347	350	354	358	361
3A_SB	22	d	297	304	311	315	319	323	325	329	333	336	338	341	345	348	352	355	359	/
3A_SB	23	a	301	307	314	319	323	327	329	333	336	340	342	346	349	352	355	359	363	366
3A_SB	23	d	303	309	316	321	325	328	331	334	338	341	344	347	350	353	357	361	364	/
3A_SB	24	a	307	313	319	324	328	332	334	338	342	346	349	352	355	358	361	365	368	371
3A_SB	24	d	309	314	321	326	330	333	336	340	344	348	351	353	356	359	362	366	369	/
3A_SB	25	a	314	321	327	332	336	339	341	344	347	352	355	357	360	364	368	372	375	378
3A_SB	25	d	316	322	329	333	337	340	342	345	349	354	356	358	361	365	369	373	376	/
3A_SB	26	a	319	326	332	337	341	344	347	350	353	357	360	363	366	371	375	380	383	386
3A_SB	26	d	321	327	334	338	342	345	348	351	354	359	362	364	368	372	377	381	384	/
3A_SB	27	a	327	334	340	344	347	351	354	357	360	364	366	368	372	377	381	386	389	392
3A_SB	27	d	329	335	341	345	348	352	355	358	361	365	367	370	374	379	383	387	390	/
3A_SB	28	a	343	349	356	360	364	369	373	377	381	384	387	390	394	397	401	405	409	413
3A_SB	28	d	345	351	358	362	366	371	375	379	382	386	388	391	395	398	402	406	410	/
3A_SB	29	a	352	358	365	369	373	378	382	386	390	395	398	402	407	410	414	419	423	427
3A_SB	29	d	354	360	367	371	375	380	384	388	392	397	400	404	408	411	416	421	424	/
3A_SB	30	a	358	365	371	374	379	384	388	392	396	401	404	407	412	415	420	425	429	433
3A_SB	30	d	360	366	372	376	381	386	390	393	398	403	406	409	413	417	422	427	430	/
3A_SB	31	a	387	393	399	403	407	410	414	418	421	425	428	431	435	439	442	445	449	452
3A_SB	31	d	389	395	400	404	408	412	416	419	422	427	430	432	436	440	443	446	450	/
3A_SB	32	a	394	402	408	412	416	419	421	424	427	431	434	437	441	445	448	451	455	459
3A_SB	32	d	396	404	410	414	417	420	422	425	428	433	435	438	442	446	449	452	457	/
3A_NB	1	a	3	8	11	13	17	21	24	27	30	34	37	42	46	49	52	55	59	64	70
3A_NB	1	d	5	9	12	14	18	22	25	28	31	35	38	43	47	50	53	56	60	65	/
3A_NB	2	a	8	13	16	18	22	26	29	33	37	41	44	49	52	55	58	61	66	71	77
3A_NB	2	d	10	14	17	20	23	27	30	34	38	42	45	50	53	56	60	62	67	72	/
3A_NB	3	a	14	18	21	23	27	31	35	39	43	47	50	55	58	61	64	66	71	76	81
3A_NB	3	d	16	19	22	25	28	32	36	40	44	48	51	56	59	62	65	67	72	77	/
3A_NB	4	a	33	37	40	42	46	49	52	57	60	63	65	69	73	77	80	83	88	93	98
3A_NB	4	d	35	38	41	44	47	50	54	58	61	64	66	70	74	78	82	84	89	94	/
3A_NB	5	a	55	59	63	66	69	72	77	82	86	89	91	96	100	103	106	109	115	122	130
3A_NB	5	d	57	61	64	67	70	74	79	83	87	90	92	97	101	104	108	111	117	124	/
3A_NB	6	a	72	76	80	83	86	90	94	99	104	109	113	119	123	126	131	134	139	144	149
3A_NB	6	d	74	78	82	85	88	92	96	101	106	111	115	120	124	128	132	136	140	145	/
3A_NB	7	a	86	91	94	97	101	105	110	114	119	124	127	132	136	139	142	145	150	155	160
3A_NB	7	d	88	92	96	99	103	107	112	116	121	126	129	133	137	140	144	147	151	156	/
3A_NB	8	a	96	101	104	108	111	115	119	123	128	133	135	140	144	147	150	152	157	162	167
3A_NB	8	d	98	102	106	110	113	116	121	125	130	134	137	141	145	148	151	154	158	163	/
3A_NB	9	a	105	109	112	115	117	120	125	128	133	138	140	145	150	154	157	159	163	168	175
3A_NB	9	d	107	110	113	116	118	122	126	130	135	139	142	147	151	155	158	160	164	170	/
3A_NB	10	a	118	122	126	130	133	137	141	145	149	153	156	161	165	168	172	176	181	187	192
3A_NB	10	d	120	124	128	132	135	139	142	146	150	154	157	162	166	170	174	178	183	188	/
3A_NB	11	a	138	143	148	151	154	158	162	166	171	174	176	181	185	189	192	194	198	203	208
3A_NB	11	d	140	145	149	152	155	159	163	168	172	175	177	182	186	190	193	195	199	204	/
3A_NB	12	a	152	156	160	164	168	173	177	182	187	191	194	198	201	205	209	213	218	224	229
3A_NB	12	d	154	158	162	166	170	175	179	184	189	192	195	199	203	207	211	215	220	225	/
3A_NB	13	a	174	179	184	187	189	193	196	201	206	210	213	218	222	225	228	231	235	241	246
3A_NB	13	d	176	181	185	188	191	194	198	203	208	212	214	219	223	226	229	232	237	242	/
3A_NB	14	a	191	195	198	202	206	210	214	219	223	228	232	238	242	245	249	252	256	261	266
3A_NB	14	d	193	196	200	204	207	212	216	221	225	230	234	239	243	246	250	253	257	262	/
3A_NB	15	a	200	204	208	212	215	219	223	228	232	237	241	247	250	253	257	261	267	272	278
3A_NB	15	d	202	206	210	214	217	221	225	230	234	239	243	248	251	254	259	263	268	274	/
3A_NB	16	a	206	210	214	218	220	224	228	233	237	242	246	252	255	259	263	267	273	278	283
3A_NB	16	d	208	211	216	219	222	226	230	235	239	244	248	253	257	261	265	269	274	279	/
3A_NB	17	a	222	227	230	233	236	239	243	247	251	256	258	263	267	270	274	277	283	289	295
3A_NB	17	d	224	228	232	235	237	240	244	249	253	257	259	264	268	272	276	279	285	291	/
3A_NB	18	a	233	237	241	243	247	252	256	261	265	269	272	277	281	284	289	293	300	306	311
3A_NB	18	d	235	239	242	245	249	253	258	262	266	270	273	278	282	286	291	295	302	307	/
3A_NB	19	a	249	253	257	260	264	268	272	277	280	284	287	292	297	301	306	310	316	322	327
3A_NB	19	d	251	255	259	262	266	269	274	278	282	285	289	294	299	303	308	312	318	323	/
3A_NB	20	a	262	267	271	274	277	282	286	291	295	299	302	307	311	315	319	323	327	333	338
3A_NB	20	d	264	269	273	276	279	284	288	292	296	301	304	308	312	316	321	324	329	334	/
3A_NB	21	a	285	289	294	297	300	304	309	314	318	323	326	331	334	337	340	343	348	353	358
3A_NB	21	d	287	291	296	299	302	306	311	316	320	325	328	332	335	338	341	344	349	354	/
3A_NB	22	a	290	294	299	302	306	310	315	319	323	328	332	337	340	343	346	349	354	359	365
3A_NB	22	d	292	296	301	304	308	312	316	321	325	330	333	338	341	344	347	350	355	361	/
3A_NB	23	a	295	299	304	307	311	315	319	324	328	333	337	342	345	348	351	354	359	364	370
3A_NB	23	d	297	301	306	309	313	317	321	326	330	335	338	343	346	349	352	355	360	366	/
3A_NB	24	a	301	305	309	312	316	321	324	329	333	338	342	347	350	353	356	359	364	369	375
3A_NB	24	d	303	306	311	314	318	322	326	331	335	340	343	348	351	354	357	360	365	371	/
3A_NB	25	a	307	311	315	318	321	326	329	334	338	343	347	352	355	358	361	364	369	374	381
3A_NB	25	d	309	312	317	320	323	327	331	336	340	345	348	353	356	359	362	365	370	376	/
3A_NB	26	a	312	316	320	323	326	331	334	339	343	348	352	357	360	364	368	371	376	381	388
3A_NB	26	d	314	317	322	325	328	332	336	341	345	350	353	358	361	365	369	372	377	383	/
3A_NB	27	a	317	321	325	328	332	335	339	344	348	353	357	362	365	369	373	376	380	386	393
3A_NB	27	d	319	322	327	330	333	337	341	346	350	355	358	363	366	370	374	377	382	388	/
3A_NB	28	a	322	326	330	333	337	340	344	349	353	358	361	366	370	375	378	381	385	391	397
3A_NB	28	d	324	327	332	335	338	342	346	351	355	360	363	368	372	376	379	382	387	393	/
3A_NB	29	a	327	331	335	338	342	345	350	355	358	363	366	371	375	379	383	387	391	396	402
3A_NB	29	d	329	333	337	340	343	347	352	356	360	365	368	373	377	381	385	388	392	398	/
3A_NB	30	a	332	336	340	343	346	350	355	360	365	370	373	378	382	386	389	391	396	401	407
3A_NB	30	d	334	338	342	345	348	352	357	362	367	372	375	379	384	387	390	393	397	403	/
3A_NB	31	a	337	341	345	349	352	356	361	365	370	375	379	383	388	391	394	396	401	406	412
3A_NB	31	d	339	343	347	351	354	358	363	367	372	377	380	385	389	392	395	398	402	408	/
3A_NB	32	a	347	352	355	358	361	365	368	372	377	381	385	390	393	397	401	404	409	415	420
3A_NB	32	d	349	353	356	360	363	366	370	374	379	383	387	391	395	399	403	406	411	416	/
