RouteID	RunID	Arrivals/Departures	TimePerStop
1A_SB	1	a	3	10	18	20	23	28	30	34	38	42	46	49	52	62	68	72
1A_SB	1	d	5	11	19	21	24	29	31	35	39	43	47	50	53	63	69	/
1A_SB	2	a	9	16	23	25	28	33	37	41	46	49	53	56	59	70	77	81
1A_SB	2	d	11	17	24	26	29	35	38	43	47	50	54	57	61	72	79	/
1A_SB	3	a	32	39	49	52	57	63	67	71	74	78	82	86	89	99	104	107
1A_SB	3	d	34	41	51	54	59	65	68	72	76	80	84	87	90	100	105	/
1A_SB	4	a	57	64	74	77	81	86	88	92	95	98	101	104	107	118	122	126
1A_SB	4	d	59	66	76	78	82	87	89	93	96	99	102	105	108	119	123	/
1A_SB	5	a	75	82	90	93	97	103	106	111	114	118	122	125	129	138	143	146
1A_SB	5	d	77	84	92	94	99	105	108	112	116	120	123	126	130	139	144	/
1A_SB	6	a	86	93	101	103	107	114	117	122	126	130	134	138	143	152	158	163
1A_SB	6	d	88	94	102	104	109	116	119	124	128	132	136	140	145	154	160	/
1A_SB	7	a	99	107	118	122	125	131	133	138	142	146	149	153	157	165	171	174
1A_SB	7	d	101	109	120	123	126	132	134	139	143	147	150	154	158	167	172	/
1A_SB	8	a	117	124	135	138	142	148	150	155	158	162	165	169	172	182	188	193
1A_SB	8	d	119	126	137	139	144	149	152	156	159	163	166	170	174	184	190	/
1A_SB	9	a	133	139	147	150	154	160	164	169	172	176	179	182	185	197	203	207
1A_SB	9	d	135	141	149	152	156	162	165	170	173	177	180	183	187	199	205	/
1A_SB	10	a	151	158	167	170	174	180	183	188	193	197	201	205	209	217	223	226
1A_SB	10	d	153	160	169	172	176	182	185	190	195	199	203	206	210	218	224	/
1A_SB	11	a	162	169	177	179	182	187	189	194	198	202	206	210	214	223	230	235
1A_SB	11	d	164	171	178	180	183	188	191	196	200	204	208	211	216	225	232	/
1A_SB	12	a	179	185	194	197	200	206	209	214	218	222	225	229	232	241	246	250
1A_SB	12	d	181	187	196	198	201	207	210	215	219	223	226	230	233	242	247	/
1A_SB	13	a	194	202	212	215	218	225	228	233	236	239	242	247	251	260	265	269
1A_SB	13	d	196	204	213	216	219	226	229	234	237	240	244	248	252	261	266	/
1A_SB	14	a	201	209	217	221	224	230	234	239	244	248	251	255	259	270	275	280
1A_SB	14	d	203	210	219	222	225	232	235	241	246	249	252	257	261	272	277	/
1A_SB	15	a	220	227	238	241	245	250	253	258	263	266	270	273	276	285	291	295
1A_SB	15	d	222	229	240	242	246	251	254	260	264	267	271	274	277	287	292	/
1A_SB	16	a	238	245	254	257	260	265	268	274	279	282	285	289	292	301	307	312
1A_SB	16	d	240	247	256	258	261	266	270	276	280	283	286	290	294	303	309	/
1A_SB	17	a	249	256	266	269	273	280	283	288	291	294	297	301	305	314	320	323
1A_SB	17	d	251	258	268	271	275	282	284	289	292	295	298	302	306	316	321	/
1A_SB	18	a	255	262	271	274	278	285	289	294	297	300	304	307	311	320	325	328
1A_SB	18	d	257	263	273	276	280	287	290	295	298	301	305	308	312	321	326	/
1A_SB	19	a	282	289	297	300	304	310	312	316	320	323	327	330	334	342	348	351
1A_SB	19	d	284	291	298	301	305	311	313	317	321	324	328	331	335	343	349	/
1A_SB	20	a	287	294	302	305	309	315	317	321	325	328	332	336	340	348	354	357
1A_SB	20	d	289	296	304	306	310	316	318	322	326	329	333	337	341	349	355	/
1A_SB	21	a	292	299	307	310	314	319	322	326	330	334	338	343	347	357	363	366
1A_SB	21	d	294	301	309	311	315	321	323	327	331	336	340	344	348	358	364	/
1A_SB	22	a	298	306	313	316	319	324	327	331	335	340	344	348	353	363	369	372
1A_SB	22	d	300	307	315	317	320	326	328	333	337	342	345	350	354	365	370	/
1A_SB	23	a	303	311	318	321	324	330	332	338	342	346	350	354	358	368	374	378
1A_SB	23	d	305	312	320	322	326	331	334	340	343	347	351	355	359	370	376	/
1A_SB	24	a	313	319	326	329	333	340	343	348	351	354	358	362	366	377	383	386
1A_SB	24	d	315	320	328	331	335	342	345	349	352	355	359	363	367	378	384	/
1A_SB	25	a	318	324	331	335	339	346	349	354	357	360	363	367	371	382	388	391
1A_SB	25	d	320	325	333	337	341	347	351	355	358	361	364	368	372	383	389	/
1A_SB	26	a	324	330	340	344	347	352	355	359	363	366	369	373	377	386	393	398
1A_SB	26	d	326	332	342	345	348	353	356	360	364	367	370	374	379	388	395	/
1A_SB	27	a	331	338	347	349	352	358	361	366	371	374	378	382	386	394	400	404
1A_SB	27	d	333	339	348	350	354	360	362	368	372	376	380	383	387	395	401	/
1A_SB	28	a	338	345	355	357	361	366	368	373	378	382	386	390	394	402	408	413
1A_SB	28	d	340	347	356	359	362	367	369	375	380	384	388	392	395	403	410	/
1A_SB	29	a	343	351	360	362	366	372	374	379	383	387	391	396	399	408	415	420
1A_SB	29	d	345	352	361	364	368	373	375	380	385	389	393	397	401	410	417	/
1A_SB	30	a	348	356	365	368	372	378	382	388	392	396	399	403	406	414	420	425
1A_SB	30	d	350	357	367	370	374	380	384	389	393	397	400	404	407	415	422	/
1A_SB	31	a	377	384	392	395	399	405	409	415	419	422	427	431	434	443	448	452
1A_SB	31	d	379	385	394	397	401	407	411	416	420	423	428	432	435	444	449	/
1A_SB	32	a	387	394	403	407	410	417	421	426	429	432	437	441	444	453	458	463
1A_SB	32	d	389	396	405	408	412	419	422	427	430	433	438	442	445	454	460	/
1A_NB	1	a	3	8	15	23	28	32	35	39	42	48	52	57	59	63	72	79
1A_NB	1	d	5	9	16	24	29	33	36	40	43	49	53	58	60	64	73	/
1A_NB	2	a	8	13	20	28	33	37	40	44	47	52	57	62	65	69	78	84
1A_NB	2	d	10	14	21	29	34	38	41	45	48	54	58	63	66	70	79	/
1A_NB	3	a	13	19	24	33	40	44	48	51	54	59	62	66	70	74	82	89
1A_NB	3	d	15	20	26	35	41	46	49	52	55	60	63	68	71	76	84	/
1A_NB	4	a	28	33	38	46	53	58	63	68	73	79	82	86	89	93	99	104
1A_NB	4	d	30	34	40	48	55	60	65	70	74	80	83	87	90	94	100	/
1A_NB	5	a	49	55	61	68	75	80	85	89	93	98	101	106	109	113	119	126
1A_NB	5	d	51	57	63	70	77	82	87	91	94	99	102	107	110	114	120	/
1A_NB	6	a	65	70	76	85	90	95	99	103	106	111	114	118	121	125	133	140
1A_NB	6	d	67	71	78	86	92	96	100	104	107	112	115	119	122	126	134	/
1A_NB	7	a	94	100	105	113	118	122	126	129	132	139	142	146	148	152	161	166
1A_NB	7	d	96	101	107	114	119	123	127	130	134	140	143	147	149	153	162	/
1A_NB	8	a	100	106	112	119	124	129	133	136	139	144	147	151	153	157	166	171
1A_NB	8	d	102	107	113	120	126	130	134	137	140	145	148	152	154	158	167	/
1A_NB	9	a	122	128	134	141	146	151	156	159	162	168	171	175	177	181	189	195
1A_NB	9	d	124	130	136	143	148	153	157	160	163	169	172	176	178	182	190	/
1A_NB	10	a	129	135	140	147	152	156	161	165	169	175	178	182	184	188	196	201
1A_NB	10	d	131	137	142	149	154	158	163	166	170	176	179	183	185	189	197	/
1A_NB	11	a	134	140	145	152	158	162	167	171	175	181	184	188	190	194	201	206
1A_NB	11	d	136	142	147	154	160	164	168	172	176	182	185	189	191	195	202	/
1A_NB	12	a	141	147	152	160	166	170	174	178	183	188	191	195	197	200	207	213
1A_NB	12	d	143	149	154	162	167	171	175	180	184	189	192	196	198	201	209	/
1A_NB	13	a	165	170	177	185	191	195	199	203	207	212	215	219	222	226	232	237
1A_NB	13	d	167	172	179	186	192	196	200	204	208	213	216	220	224	227	233	/
1A_NB	14	a	186	191	197	205	211	215	220	225	230	235	238	243	247	251	259	266
1A_NB	14	d	188	193	199	207	213	217	222	227	231	236	239	245	249	252	261	/
1A_NB	15	a	216	221	226	233	240	245	250	254	258	263	266	270	273	276	283	289
1A_NB	15	d	218	222	227	235	242	247	252	256	259	264	267	271	274	277	284	/
1A_NB	16	a	242	247	253	259	266	271	276	280	283	288	291	296	299	303	310	315
1A_NB	16	d	244	248	254	261	268	273	277	281	284	289	292	297	300	304	311	/
1A_NB	17	a	255	260	267	274	280	284	289	292	296	300	305	310	313	317	326	332
1A_NB	17	d	257	262	269	276	281	286	290	293	297	302	306	311	314	318	327	/
1A_NB	18	a	285	290	297	305	310	314	318	322	326	331	334	339	341	344	352	357
1A_NB	18	d	287	292	299	306	311	315	319	323	327	332	335	340	342	346	353	/
1A_NB	19	a	290	295	302	311	316	320	325	330	333	337	340	345	348	351	358	363
1A_NB	19	d	292	297	304	312	318	322	327	331	334	338	341	346	349	352	359	/
1A_NB	20	a	295	300	307	316	322	325	330	334	338	342	346	350	353	356	363	369
1A_NB	20	d	297	302	309	318	323	327	332	336	339	344	347	351	354	357	364	/
1A_NB	21	a	303	309	315	322	328	333	337	341	345	351	354	358	361	365	373	379
1A_NB	21	d	305	310	316	324	330	334	339	343	346	352	355	359	362	366	374	/
1A_NB	22	a	317	322	327	335	340	345	349	352	356	362	365	369	372	376	382	389
1A_NB	22	d	319	323	329	336	342	346	350	353	357	363	366	370	373	377	383	/
1A_NB	23	a	325	330	335	343	348	352	356	359	363	369	373	378	382	387	394	400
1A_NB	23	d	327	331	336	344	349	353	357	360	365	371	375	380	384	389	396	/
1A_NB	24	a	335	339	345	353	360	364	369	373	378	385	389	394	397	401	409	414
1A_NB	24	d	337	341	347	355	361	366	371	375	380	386	390	395	398	402	410	/
1A_NB	25	a	342	346	352	360	366	371	376	380	385	391	394	399	402	406	414	419
1A_NB	25	d	344	347	354	362	368	373	378	382	386	392	395	400	403	408	415	/
1A_NB	26	a	359	364	371	379	385	390	395	399	404	410	413	417	419	424	431	437
1A_NB	26	d	361	366	373	381	387	392	397	401	405	411	414	418	420	425	432	/
1A_NB	27	a	364	369	376	386	391	396	401	405	409	415	418	422	426	432	439	446
1A_NB	27	d	366	371	378	387	393	398	403	407	410	416	419	424	428	433	441	/
1A_NB	28	a	379	384	389	400	406	411	416	420	425	429	432	435	438	442	450	456
1A_NB	28	d	381	385	391	402	408	413	418	422	426	430	433	436	439	443	451	/
1A_NB	29	a	385	390	396	406	411	416	421	426	430	434	438	442	445	449	457	463
1A_NB	29	d	387	391	397	407	413	418	423	427	431	435	439	443	446	450	458	/
1A_NB	30	a	390	395	401	411	416	421	426	431	435	440	444	448	452	456	465	470
1A_NB	30	d	392	396	402	412	418	423	428	432	436	441	445	450	453	458	466	/
1A_NB	31	a	396	401	407	415	421	426	431	436	440	445	449	454	457	461	470	475
1A_NB	31	d	398	402	409	417	423	428	433	437	441	446	450	455	458	463	471	/
1A_NB	32	a	402	407	413	421	427	432	437	442	446	451	455	460	463	467	475	480
1A_NB	32	d	404	409	415	423	429	434	439	443	447	452	456	461	464	469	476	/
2A_NB	1	a	3	8	15	18	20	23	30	33	37	45	48	53	55	57	60	66	70	73	76	80	89	93
2A_NB	1	d	5	9	16	19	21	24	31	34	38	46	49	54	56	58	61	67	71	74	77	81	90	/
2A_NB	2	a	8	13	20	23	25	28	35	38	42	50	53	58	60	62	65	71	75	78	82	86	95	99
2A_NB	2	d	10	14	21	24	26	29	36	39	43	51	54	59	61	63	66	72	76	79	83	87	96	/
2A_NB	3	a	20	24	31	34	37	40	46	50	54	61	65	71	75	78	82	89	92	95	99	103	111	114
2A_NB	3	d	22	25	32	35	38	41	48	52	56	63	67	73	77	79	84	90	93	96	100	104	112	/
2A_NB	4	a	47	51	56	60	63	68	74	79	83	91	96	102	105	108	112	118	121	125	129	133	140	143
2A_NB	4	d	49	52	58	62	65	70	76	81	85	93	97	103	106	109	113	119	122	126	130	134	141	/
2A_NB	5	a	52	56	62	66	69	74	80	85	88	96	101	107	110	113	118	124	127	131	135	139	146	149
2A_NB	5	d	54	58	64	68	71	75	82	86	90	98	102	108	111	115	119	125	128	132	136	140	147	/
2A_NB	6	a	57	61	67	71	74	79	86	91	95	103	107	113	116	120	124	129	132	137	140	144	152	155
2A_NB	6	d	59	63	69	73	76	81	88	93	97	104	108	114	118	121	125	130	134	138	141	146	153	/
2A_NB	7	a	65	70	75	78	82	86	93	98	102	110	114	120	123	125	129	134	138	142	145	150	156	160
2A_NB	7	d	67	71	77	80	83	88	95	100	104	112	115	121	124	126	130	135	139	143	147	151	158	/
2A_NB	8	a	85	89	95	98	101	105	111	116	119	127	132	137	140	142	146	152	156	160	163	166	173	177
2A_NB	8	d	87	90	96	99	103	107	113	117	121	129	133	138	141	143	147	153	157	161	164	167	174	/
2A_NB	9	a	107	111	117	121	125	129	134	139	143	151	155	162	165	168	172	177	180	184	188	192	200	204
2A_NB	9	d	109	113	119	123	127	130	136	141	145	153	157	164	167	170	173	178	181	185	190	194	202	/
2A_NB	10	a	136	140	147	150	153	158	164	168	173	182	186	191	194	196	201	207	210	213	216	221	230	234
2A_NB	10	d	138	142	149	152	155	160	166	170	175	183	187	192	195	198	202	208	211	214	218	222	231	/
2A_NB	11	a	163	168	175	178	181	185	193	198	203	211	215	220	223	225	228	233	237	241	244	247	254	257
2A_NB	11	d	165	170	177	180	183	187	195	200	205	213	216	221	224	226	229	234	238	242	245	248	255	/
2A_NB	12	a	168	173	180	184	187	190	198	203	208	218	221	226	229	232	235	240	243	247	250	253	262	265
2A_NB	12	d	170	175	182	186	188	192	200	205	210	219	222	227	230	233	236	241	244	248	251	255	263	/
2A_NB	13	a	173	178	185	189	192	196	203	208	213	223	226	232	235	238	241	247	250	254	258	262	270	273
2A_NB	13	d	175	180	187	191	194	198	205	210	215	224	227	233	236	239	242	248	251	255	259	263	271	/
2A_NB	14	a	189	193	199	203	206	209	216	220	224	230	234	240	242	245	249	255	259	262	266	270	278	281
2A_NB	14	d	191	195	201	205	207	211	217	221	225	232	235	241	243	246	250	256	260	263	267	271	279	/
2A_NB	15	a	195	199	205	209	213	217	223	228	232	238	243	249	251	254	258	263	267	270	274	277	285	289
2A_NB	15	d	197	201	207	211	214	218	225	230	233	240	244	250	252	255	259	264	268	271	275	278	286	/
2A_NB	16	a	200	204	210	214	218	222	228	233	237	243	248	254	257	259	263	268	272	275	279	282	290	294
2A_NB	16	d	202	206	212	216	219	223	230	235	238	245	249	255	258	260	264	269	273	276	280	283	291	/
2A_NB	17	a	206	210	215	219	223	227	234	238	242	249	253	259	262	264	268	273	278	281	285	289	295	299
2A_NB	17	d	208	211	217	221	224	228	235	240	243	250	254	260	263	265	269	274	279	282	286	290	296	/
2A_NB	18	a	213	218	223	226	229	232	239	243	247	254	258	264	267	269	273	279	284	287	290	294	300	305
2A_NB	18	d	215	219	224	228	230	233	240	245	248	255	259	265	268	270	274	280	285	288	291	295	302	/
2A_NB	19	a	238	243	249	251	254	259	266	270	274	282	286	292	295	298	303	309	312	315	319	323	331	335
2A_NB	19	d	240	244	250	253	256	260	268	272	276	284	287	294	297	300	304	310	313	316	320	324	332	/
2A_NB	20	a	243	248	254	258	262	266	273	276	280	288	292	298	300	303	308	315	319	324	329	332	341	346
2A_NB	20	d	245	249	256	260	263	267	274	278	282	289	293	299	302	305	310	316	321	326	330	334	343	/
2A_NB	21	a	261	266	272	275	278	282	288	292	296	303	308	314	317	320	323	328	332	335	338	341	349	353
2A_NB	21	d	263	268	274	277	280	284	290	294	298	305	309	315	318	321	324	329	333	336	339	342	350	/
2A_NB	22	a	266	271	278	280	283	287	294	298	302	309	313	319	322	326	329	334	338	341	344	348	354	359
2A_NB	22	d	268	273	279	282	285	289	296	300	303	310	314	320	324	327	330	335	339	342	345	349	356	/
2A_NB	23	a	274	278	284	287	289	293	300	303	307	315	319	326	329	331	334	339	343	346	349	353	359	364
2A_NB	23	d	276	279	285	288	291	295	301	305	309	317	320	327	330	332	335	340	344	347	350	354	361	/
2A_NB	24	a	279	283	289	293	296	299	307	310	314	321	324	331	334	336	339	344	348	351	354	358	367	372
2A_NB	24	d	281	284	291	295	297	301	308	312	315	322	325	332	335	337	340	345	349	352	355	360	369	/
2A_NB	25	a	285	289	294	298	302	305	313	318	323	331	335	340	343	345	348	353	357	361	365	369	378	382
2A_NB	25	d	287	291	296	300	303	307	315	320	325	333	336	341	344	346	349	354	359	363	367	371	380	/
2A_NB	26	a	290	294	299	303	307	311	319	324	329	336	340	345	347	350	353	358	362	366	370	374	383	387
2A_NB	26	d	292	296	301	305	309	313	321	326	331	338	341	346	349	351	354	359	364	368	372	376	385	/
2A_NB	27	a	296	300	306	310	314	318	326	331	334	341	345	351	353	355	359	365	370	373	376	380	389	394
2A_NB	27	d	298	302	308	312	316	320	328	332	336	343	347	352	354	357	360	367	371	374	378	382	391	/
2A_NB	28	a	303	308	313	317	320	324	332	336	340	346	350	356	358	360	365	372	377	381	386	390	399	404
2A_NB	28	d	305	309	315	319	322	326	334	338	341	348	352	357	359	362	367	374	379	383	388	392	401	/
2A_NB	29	a	329	334	339	341	344	348	354	358	362	369	373	378	380	382	386	392	395	399	403	406	413	418
2A_NB	29	d	331	335	340	342	345	349	355	359	364	370	374	379	381	383	387	393	396	400	404	408	415	/
2A_NB	30	a	353	357	364	368	370	373	379	384	387	394	399	404	407	410	413	418	422	426	429	433	441	445
2A_NB	30	d	355	359	366	369	371	374	381	385	389	396	400	405	408	411	414	419	423	427	430	434	442	/
2A_NB	31	a	376	380	388	392	394	397	403	407	411	421	425	430	432	435	439	444	448	452	455	458	465	468
2A_NB	31	d	378	382	390	393	395	398	405	408	413	423	426	431	433	436	440	445	449	453	456	459	466	/
2A_NB	32	a	387	391	397	400	403	407	415	418	422	431	435	440	443	445	449	455	460	463	466	470	476	479
2A_NB	32	d	389	392	398	402	405	409	416	419	423	433	436	441	444	446	450	457	461	464	467	471	477	/
2A_SB	1	a	3	6	13	16	19	21	25	32	35	38	41	44	51	54	60	63	66	71	74	77	81	84	96	103
2A_SB	1	d	5	7	14	17	20	22	27	33	36	39	42	45	52	55	61	64	67	72	75	78	82	85	98	/
2A_SB	2	a	16	20	29	33	37	41	45	51	55	59	63	67	72	76	82	86	89	94	97	100	103	106	116	120
2A_SB	2	d	18	22	31	35	39	43	47	53	57	61	65	68	73	77	83	87	90	95	98	101	104	107	117	/
2A_SB	3	a	26	30	38	41	45	48	52	57	61	65	69	72	77	81	87	91	95	100	103	106	109	112	122	128
2A_SB	3	d	28	31	39	43	46	49	53	59	63	67	70	73	78	82	88	92	96	101	104	107	110	113	124	/
2A_SB	4	a	45	49	56	61	66	69	73	79	82	85	88	91	96	100	106	109	113	119	122	125	129	132	143	149
2A_SB	4	d	47	51	58	63	68	71	75	80	83	86	89	92	97	101	107	110	114	120	123	126	130	133	144	/
2A_SB	5	a	68	72	81	86	90	92	96	101	103	106	110	113	119	123	127	130	134	140	143	147	150	154	167	172
2A_SB	5	d	70	74	83	87	91	93	97	102	104	108	111	114	120	124	128	131	135	141	144	148	151	155	168	/
2A_SB	6	a	77	81	92	95	99	101	105	112	116	121	125	129	134	137	142	145	148	154	157	160	164	169	182	188
2A_SB	6	d	79	83	93	96	100	102	106	114	118	123	127	130	135	138	143	146	149	155	158	161	166	171	184	/
2A_SB	7	a	96	100	109	114	119	123	127	134	138	142	147	151	158	162	169	173	177	183	186	189	192	195	208	214
2A_SB	7	d	98	102	111	116	121	125	129	136	140	144	148	153	160	164	171	174	178	184	187	190	193	196	209	/
2A_SB	8	a	115	118	126	131	135	138	142	148	152	156	160	164	171	176	182	186	190	196	199	202	206	209	222	227
2A_SB	8	d	117	120	128	133	137	140	144	150	154	158	162	166	173	178	184	187	191	197	200	203	207	210	223	/
2A_SB	9	a	130	133	140	144	148	150	154	161	165	169	172	175	181	185	191	194	198	205	208	211	215	218	231	236
2A_SB	9	d	132	134	142	145	149	152	156	163	167	170	173	176	182	186	192	195	199	206	209	212	216	219	232	/
2A_SB	10	a	151	154	161	165	168	170	173	180	183	186	190	193	198	201	207	210	213	219	221	224	227	231	243	249
2A_SB	10	d	153	156	163	166	169	171	174	181	184	187	191	195	199	202	208	211	214	220	222	225	228	232	245	/
2A_SB	11	a	163	167	175	179	184	187	192	200	203	206	209	213	218	222	229	232	236	242	244	247	251	254	266	271
2A_SB	11	d	165	169	177	181	186	189	194	201	204	207	211	214	219	223	230	233	237	243	245	248	252	255	267	/
2A_SB	12	a	187	190	199	203	208	211	214	220	222	226	230	233	238	242	248	252	256	262	265	268	272	275	287	293
2A_SB	12	d	189	192	201	205	210	212	215	221	223	228	231	234	240	243	249	253	257	263	266	269	273	276	288	/
2A_SB	13	a	198	201	209	213	217	219	222	228	231	235	238	241	246	249	255	260	264	270	272	275	279	283	297	303
2A_SB	13	d	200	203	210	214	218	220	223	229	232	236	239	242	247	250	257	261	265	271	273	276	281	285	298	/
2A_SB	14	a	211	214	222	226	229	232	236	242	245	249	254	257	263	267	273	276	279	285	288	292	295	299	310	316
2A_SB	14	d	213	215	223	227	230	233	237	243	246	251	255	258	264	268	274	277	280	286	289	293	296	300	312	/
2A_SB	15	a	222	225	232	236	240	243	247	255	258	262	267	271	277	282	289	293	297	303	306	310	313	317	331	336
2A_SB	15	d	224	227	234	238	242	245	249	256	260	264	269	273	279	284	291	294	298	304	307	311	314	318	332	/
2A_SB	16	a	243	246	255	259	262	265	269	274	277	281	285	288	293	296	302	306	310	316	319	322	326	330	344	349
2A_SB	16	d	245	248	256	260	264	267	270	275	278	282	286	289	294	297	303	307	311	317	320	323	327	331	345	/
2A_SB	17	a	258	262	269	274	278	280	284	290	293	296	299	302	308	312	317	320	324	330	333	336	340	344	358	363
2A_SB	17	d	260	264	271	275	279	281	285	291	294	297	300	303	309	313	318	321	325	331	334	337	341	345	359	/
2A_SB	18	a	268	272	281	286	289	291	294	300	303	307	310	313	319	323	329	332	336	341	344	347	350	353	367	373
2A_SB	18	d	270	274	283	287	290	292	295	301	304	308	311	315	320	324	330	333	337	342	345	348	351	354	368	/
2A_SB	19	a	282	286	294	298	302	304	308	314	316	319	323	326	331	335	340	343	347	353	356	359	362	365	378	384
2A_SB	19	d	284	288	296	300	303	305	309	315	317	320	324	327	332	336	341	344	348	354	357	360	363	366	380	/
2A_SB	20	a	294	298	306	310	314	316	320	325	327	330	334	338	345	348	354	357	361	367	369	372	375	378	390	396
2A_SB	20	d	296	300	307	312	315	317	321	326	328	331	335	340	346	349	355	358	362	368	370	373	376	379	391	/
2A_SB	21	a	309	313	320	324	329	331	335	341	343	347	351	354	360	363	368	371	375	380	383	386	389	392	404	410
2A_SB	21	d	311	315	322	326	330	332	337	342	345	348	352	355	361	364	369	372	376	381	384	387	390	393	405	/
2A_SB	22	a	318	321	328	331	335	337	341	346	349	352	356	359	365	368	373	376	380	385	388	391	395	398	410	416
2A_SB	22	d	320	323	329	332	336	338	342	347	350	353	357	361	366	369	374	377	381	386	389	392	396	399	411	/
2A_SB	23	a	329	333	340	343	347	349	352	358	361	365	370	374	380	384	389	392	395	400	402	405	409	413	425	431
2A_SB	23	d	331	335	341	345	348	350	354	359	363	367	371	375	382	385	390	393	396	401	403	406	410	414	426	/
2A_SB	24	a	343	347	353	356	359	362	365	370	373	376	380	383	389	392	397	400	403	408	411	414	418	422	433	439
2A_SB	24	d	345	348	354	357	361	363	366	371	374	378	381	384	390	393	398	401	404	409	412	415	419	423	434	/
2A_SB	25	a	355	359	365	369	373	375	379	385	388	392	396	400	407	411	416	419	422	429	432	436	440	443	456	462
2A_SB	25	d	357	360	367	370	374	377	380	386	390	393	398	401	408	412	417	420	423	430	433	437	441	444	458	/
2A_SB	26	a	382	385	391	396	399	401	405	413	416	421	426	430	435	439	444	448	452	458	461	465	469	473	486	491
2A_SB	26	d	384	386	393	397	400	402	407	415	418	423	428	431	436	440	445	449	453	459	462	466	470	474	487	/
2A_SB	27	a	390	393	400	405	409	412	417	425	429	433	437	442	448	452	457	460	464	470	473	476	480	484	496	502
2A_SB	27	d	392	394	402	407	411	414	419	427	430	434	439	444	450	453	458	461	465	471	474	477	481	485	498	/
2A_SB	28	a	407	410	418	423	426	429	433	440	443	448	452	456	462	465	471	474	478	484	487	491	495	499	511	516
2A_SB	28	d	409	412	420	424	428	431	435	442	445	450	453	457	463	466	472	475	479	485	488	492	496	500	512	/
2A_SB	29	a	412	415	423	428	431	434	438	445	448	453	457	461	467	470	476	479	482	489	493	498	502	507	519	525
2A_SB	29	d	414	417	425	429	433	436	440	447	450	455	458	462	468	471	477	480	484	491	495	500	504	508	521	/
2A_SB	30	a	418	421	428	433	436	439	443	450	453	458	462	466	472	475	481	485	488	495	499	504	507	512	526	531
2A_SB	30	d	420	423	430	434	438	441	445	452	455	460	463	467	473	476	482	486	490	497	501	505	509	513	527	/
2A_SB	31	a	423	426	433	437	441	444	448	455	458	463	467	472	478	481	486	491	494	500	504	509	512	516	531	536
2A_SB	31	d	425	428	435	439	443	446	450	457	460	465	469	473	479	482	488	492	495	502	506	510	514	518	532	/
2A_SB	32	a	430	433	440	443	446	449	453	460	463	468	472	477	483	487	493	497	501	508	511	515	518	521	536	541
2A_SB	32	d	432	435	441	444	448	451	455	462	465	470	474	478	484	489	494	498	503	509	513	516	519	523	537	/
3A_SB	1	a	3	10	15	18	22	25	27	30	34	37	39	42	46	49	52	56	59	62
3A_SB	1	d	5	11	16	19	23	26	28	31	35	38	40	43	47	50	53	57	60	/
3A_SB	2	a	8	15	21	24	28	31	34	38	43	46	49	52	57	60	63	67	71	74
3A_SB	2	d	10	16	22	25	29	33	36	40	44	48	50	54	58	61	64	69	72	/
3A_SB	3	a	33	40	46	50	55	60	64	68	72	77	79	81	85	89	93	96	100	104
3A_SB	3	d	35	42	48	52	57	62	66	70	74	78	80	82	86	90	94	97	101	/
3A_SB	4	a	58	64	71	75	78	82	85	88	91	95	98	101	105	108	111	114	118	121
3A_SB	4	d	60	66	73	76	79	83	86	89	93	96	99	102	106	109	112	115	119	/
3A_SB	5	a	65	71	77	80	83	87	90	93	96	100	103	107	110	113	117	121	125	128
3A_SB	5	d	67	72	78	81	84	88	91	94	98	101	105	108	111	115	119	122	126	/
3A_SB	6	a	80	87	93	96	100	104	107	110	113	117	119	121	125	128	132	135	139	143
3A_SB	6	d	82	89	94	97	101	105	109	111	115	118	120	122	126	129	133	136	140	/
3A_SB	7	a	97	105	111	115	119	123	125	128	131	134	137	139	142	145	148	151	154	157
3A_SB	7	d	99	106	113	116	120	124	126	129	132	135	138	140	143	146	149	152	155	/
3A_SB	8	a	117	125	133	136	140	144	147	150	154	158	160	163	167	170	173	176	179	182
3A_SB	8	d	119	127	134	137	141	145	148	151	155	159	161	164	168	171	174	177	180	/
3A_SB	9	a	125	131	139	142	146	151	155	159	164	169	171	174	178	181	184	187	190	193
3A_SB	9	d	127	133	140	143	148	153	157	161	166	170	172	175	179	182	185	188	191	/
3A_SB	10	a	139	144	150	153	157	162	166	170	175	180	183	185	189	192	195	198	201	204
3A_SB	10	d	141	145	151	155	159	164	168	172	177	181	184	186	190	193	196	199	202	/
3A_SB	11	a	156	162	169	173	176	180	182	185	188	192	195	197	201	204	208	211	215	218
3A_SB	11	d	158	164	171	174	177	181	183	186	189	193	196	198	202	205	209	212	216	/
3A_SB	12	a	162	168	175	178	181	185	187	190	194	198	200	202	206	209	212	217	221	224
3A_SB	12	d	164	169	176	179	182	186	188	192	195	199	201	203	207	210	214	218	222	/
3A_SB	13	a	180	186	194	198	201	204	208	211	215	220	222	224	227	231	234	237	241	244
3A_SB	13	d	182	188	196	199	202	206	209	213	217	221	223	225	228	232	235	238	242	/
3A_SB	14	a	202	208	215	218	222	226	228	230	234	237	239	241	245	249	252	255	258	261
3A_SB	14	d	204	209	216	220	224	227	229	231	235	238	240	242	246	250	253	256	259	/
3A_SB	15	a	221	227	234	238	241	245	247	250	253	256	258	261	265	269	273	276	279	283
3A_SB	15	d	223	228	235	239	242	246	248	251	254	257	259	262	266	270	274	277	281	/
3A_SB	16	a	244	251	259	263	267	271	273	276	279	282	284	286	290	294	298	302	305	308
3A_SB	16	d	246	253	260	264	268	272	274	277	280	283	285	287	291	295	299	303	306	/
3A_SB	17	a	252	259	265	269	272	277	280	284	288	293	295	297	301	305	310	314	317	320
3A_SB	17	d	254	260	266	270	274	279	282	286	290	294	296	298	302	306	311	315	318	/
3A_SB	18	a	264	272	279	283	287	291	294	298	302	306	308	310	314	317	321	324	327	330
3A_SB	18	d	266	274	281	285	289	293	296	300	304	307	309	311	315	318	322	325	328	/
3A_SB	19	a	275	282	288	293	296	299	302	304	307	311	313	315	319	322	326	329	332	335
3A_SB	19	d	277	283	290	294	297	301	303	305	309	312	314	316	320	323	327	330	333	/
3A_SB	20	a	281	288	294	298	301	306	309	311	314	317	320	323	327	330	334	337	340	344
3A_SB	20	d	283	289	295	299	303	308	310	312	315	318	321	324	328	331	335	338	342	/
3A_SB	21	a	289	296	303	306	310	315	318	322	326	330	332	335	339	342	346	349	353	356
3A_SB	21	d	291	298	304	308	312	317	320	324	328	331	333	336	340	343	347	350	354	/
3A_SB	22	a	305	311	317	321	324	327	329	332	335	338	341	345	348	352	355	358	362	366
3A_SB	22	d	307	312	318	322	325	328	330	333	336	340	343	346	350	353	356	360	364	/
3A_SB	23	a	324	331	338	343	347	351	354	357	360	364	366	368	371	375	378	382	385	388
3A_SB	23	d	326	333	340	345	348	352	355	358	361	365	367	369	372	376	379	383	386	/
3A_SB	24	a	335	342	348	351	355	359	362	365	368	372	374	377	380	383	386	390	393	396
3A_SB	24	d	337	343	349	353	356	360	363	366	369	373	375	378	381	384	387	391	394	/
3A_SB	25	a	342	349	356	360	364	369	373	377	380	383	385	388	391	395	399	403	406	410
3A_SB	25	d	344	351	358	362	366	371	375	378	381	384	386	389	393	396	400	404	407	/
3A_SB	26	a	363	370	376	380	385	390	393	396	400	404	406	408	412	415	419	424	427	431
3A_SB	26	d	365	371	377	382	387	391	394	397	401	405	407	409	413	416	421	425	428	/
3A_SB	27	a	389	397	403	407	411	415	418	422	425	429	431	433	437	441	444	447	452	455
3A_SB	27	d	391	399	405	409	413	416	420	423	426	430	432	434	438	442	445	449	453	/
3A_SB	28	a	394	402	408	412	416	420	423	427	430	434	436	439	443	447	450	454	458	461
3A_SB	28	d	396	404	410	414	418	422	425	428	431	435	437	440	444	448	451	455	459	/
3A_SB	29	a	400	408	415	418	421	425	428	432	435	439	441	444	448	452	456	460	464	468
3A_SB	29	d	402	409	416	419	423	427	430	433	436	440	442	445	449	453	457	461	465	/
3A_SB	30	a	405	412	420	423	426	430	433	436	441	445	447	450	453	457	461	465	468	473
3A_SB	30	d	407	414	421	424	428	432	435	438	442	446	448	451	455	458	462	466	470	/
3A_SB	31	a	411	418	425	428	432	435	439	442	446	450	452	455	459	462	466	470	473	478
3A_SB	31	d	413	419	426	430	433	437	441	443	447	451	453	457	460	463	467	471	475	/
3A_SB	32	a	416	423	430	433	438	442	446	449	454	458	460	463	466	469	472	476	479	482
3A_SB	32	d	418	424	431	435	440	444	448	451	455	459	461	464	467	470	473	477	480	/
3A_NB	1	a	3	8	11	13	17	21	24	27	30	35	38	43	47	50	53	56	60	65	71
3A_NB	1	d	5	9	12	14	18	22	25	28	32	36	39	45	48	51	54	57	61	66	/
3A_NB	2	a	8	13	16	18	22	26	29	33	37	41	44	49	53	57	60	63	69	74	79
3A_NB	2	d	10	14	17	20	23	27	30	34	38	42	45	51	55	58	62	65	70	75	/
3A_NB	3	a	18	22	26	28	31	34	38	43	47	52	56	61	65	70	73	76	81	87	93
3A_NB	3	d	20	24	27	29	32	35	40	45	49	54	57	62	67	71	75	77	83	89	/
3A_NB	4	a	40	44	49	53	56	60	65	70	75	79	83	88	93	97	101	105	111	118	125
3A_NB	4	d	42	46	51	55	58	62	67	72	77	81	85	90	95	99	103	107	113	119	/
3A_NB	5	a	46	50	54	58	62	66	71	76	81	84	88	94	99	103	108	110	116	123	131
3A_NB	5	d	48	51	56	60	64	68	73	78	82	86	90	96	101	105	109	112	118	125	/
3A_NB	6	a	74	79	83	86	89	93	97	102	107	111	114	119	123	126	131	135	139	144	149
3A_NB	6	d	76	81	85	88	91	95	99	104	108	112	115	120	124	128	133	136	140	145	/
3A_NB	7	a	97	102	106	110	112	116	121	125	130	135	137	141	146	150	154	157	162	168	174
3A_NB	7	d	99	104	108	111	114	118	123	127	132	136	138	143	148	152	156	159	164	169	/
3A_NB	8	a	108	112	116	120	123	128	133	138	143	148	152	157	161	165	168	171	175	180	185
3A_NB	8	d	110	114	118	122	125	130	135	140	145	150	153	158	162	166	169	172	176	181	/
3A_NB	9	a	120	124	128	132	134	137	140	145	149	154	157	162	166	170	173	177	182	188	193
3A_NB	9	d	122	126	130	133	135	138	142	146	151	155	158	163	168	171	175	179	184	189	/
3A_NB	10	a	134	139	144	148	150	155	160	164	169	173	176	181	185	189	192	194	198	203	208
3A_NB	10	d	136	141	146	149	152	157	161	166	171	175	177	182	186	190	193	195	199	204	/
3A_NB	11	a	150	154	158	162	166	171	175	180	185	189	193	198	201	204	207	210	214	219	224
3A_NB	11	d	152	156	160	164	168	173	177	182	187	191	195	199	202	205	208	211	215	220	/
3A_NB	12	a	172	177	181	185	188	192	196	201	206	210	213	219	223	226	229	232	236	241	246
3A_NB	12	d	174	179	183	187	190	194	198	203	208	212	215	220	224	227	230	233	237	242	/
3A_NB	13	a	192	196	200	204	207	212	216	220	224	229	233	239	242	245	250	253	257	262	267
3A_NB	13	d	194	198	202	205	209	214	217	222	226	231	235	240	243	247	251	254	258	263	/
3A_NB	14	a	200	204	207	211	214	217	221	226	230	235	239	244	248	252	256	259	265	271	276
3A_NB	14	d	202	205	209	213	215	219	223	228	232	237	240	246	250	253	257	261	267	272	/
3A_NB	15	a	221	226	229	232	234	237	241	246	250	255	257	263	267	270	274	277	283	289	294
3A_NB	15	d	223	227	231	233	235	239	243	248	252	256	259	264	268	272	276	279	285	290	/
3A_NB	16	a	228	232	236	239	243	248	253	258	263	268	272	277	281	284	288	291	297	302	307
3A_NB	16	d	230	234	238	241	245	250	255	260	265	270	273	278	282	285	289	292	298	303	/
3A_NB	17	a	249	253	257	260	263	266	271	275	279	283	287	292	297	301	306	310	316	322	327
3A_NB	17	d	251	255	259	261	264	268	272	277	281	285	289	294	299	303	308	312	318	323	/
3A_NB	18	a	261	266	270	272	275	280	284	289	294	299	302	307	311	315	319	322	326	331	336
3A_NB	18	d	263	268	271	274	277	282	286	291	296	301	304	308	312	316	320	323	327	332	/
3A_NB	19	a	268	272	277	280	283	288	292	297	302	305	307	312	316	320	324	327	331	336	341
3A_NB	19	d	270	274	279	282	285	289	294	299	303	306	309	313	317	321	325	328	332	337	/
3A_NB	20	a	275	279	284	287	289	294	299	303	307	311	313	317	322	326	330	333	338	343	348
3A_NB	20	d	277	281	286	288	291	296	300	305	309	312	314	319	323	327	331	334	339	344	/
3A_NB	21	a	281	285	289	292	295	299	304	309	312	316	319	323	328	332	335	338	343	348	354
3A_NB	21	d	283	286	291	294	296	301	306	310	314	318	320	325	330	333	336	339	344	350	/
3A_NB	22	a	286	290	294	297	300	304	309	314	318	323	326	331	334	337	340	343	348	353	359
3A_NB	22	d	288	291	296	299	302	306	311	316	320	325	328	332	335	338	341	344	349	355	/
3A_NB	23	a	291	295	299	302	306	310	314	319	323	328	332	337	340	343	346	349	354	359	364
3A_NB	23	d	293	296	301	304	308	311	316	321	325	330	333	338	341	344	347	350	355	360	/
3A_NB	24	a	296	300	304	307	311	315	319	324	328	333	337	342	345	348	351	354	359	365	370
3A_NB	24	d	298	301	306	309	313	317	321	326	330	335	338	343	346	349	352	355	361	366	/
3A_NB	25	a	301	305	309	312	316	321	324	329	333	338	342	347	350	353	356	359	365	370	375
3A_NB	25	d	303	306	311	314	318	322	326	331	335	340	343	348	351	354	357	361	366	371	/
3A_NB	26	a	306	310	315	318	321	326	329	334	338	343	347	352	355	358	361	364	370	376	383
3A_NB	26	d	308	312	317	320	323	327	331	336	340	345	348	353	356	359	362	366	372	378	/
3A_NB	27	a	311	315	320	323	326	331	335	340	344	349	352	357	360	364	369	373	378	383	390
3A_NB	27	d	313	317	322	325	328	333	337	342	346	350	353	358	361	366	371	374	379	385	/
3A_NB	28	a	318	322	326	329	333	337	341	345	349	354	358	363	366	370	375	378	382	388	394
3A_NB	28	d	320	323	328	331	335	339	342	347	351	356	359	364	367	372	376	379	384	390	/
3A_NB	29	a	324	328	332	334	338	342	346	350	354	359	362	367	371	376	379	383	387	393	399
3A_NB	29	d	326	329	333	336	340	344	347	352	356	361	364	369	373	377	381	384	389	395	/
3A_NB	30	a	332	336	339	341	345	348	353	357	361	366	368	372	376	380	384	388	392	398	404
3A_NB	30	d	334	337	340	343	346	350	354	359	363	367	369	374	378	382	386	389	394	400	/
3A_NB	31	a	342	346	350	353	355	358	362	366	371	376	380	385	390	394	398	401	406	412	417
3A_NB	31	d	344	348	351	354	356	359	364	368	373	378	382	387	392	396	400	403	408	413	/
3A_NB	32	a	357	362	366	369	372	376	381	385	390	395	399	405	409	413	417	421	427	433	438
3A_NB	32	d	359	364	368	371	374	378	383	387	392	397	401	407	411	415	419	423	429	434	/
