RouteID	RunID	Arrivals/Departures	TimePerStop
1A_SB	1	a	3	10	16	20	23	26	31	34	40	44	47	56	61	65
1A_SB	1	d	5	11	17	21	24	27	32	35	42	45	48	57	63	/
1A_SB	2	a	25	32	39	43	46	50	56	60	66	70	74	85	90	94
1A_SB	2	d	27	34	41	44	48	52	58	62	67	71	75	86	91	/
1A_SB	3	a	30	37	44	48	52	56	61	66	71	75	79	90	94	99
1A_SB	3	d	32	39	46	50	54	57	63	67	72	76	80	91	96	/
1A_SB	4	a	58	65	75	78	82	86	91	95	101	104	108	117	122	126
1A_SB	4	d	60	67	76	80	84	87	92	96	102	105	109	118	123	/
1A_SB	5	a	70	77	87	90	95	100	106	109	114	118	123	132	138	142
1A_SB	5	d	72	79	88	92	97	102	107	110	116	120	125	134	140	/
1A_SB	6	a	95	103	113	117	122	127	132	135	142	146	151	159	165	169
1A_SB	6	d	97	104	115	119	124	129	133	137	144	148	152	160	166	/
1A_SB	7	a	107	113	123	126	129	133	137	141	147	151	155	164	170	174
1A_SB	7	d	109	115	124	127	130	134	138	142	149	153	157	165	171	/
1A_SB	8	a	117	123	134	139	143	146	150	154	159	163	168	178	186	191
1A_SB	8	d	119	125	136	141	144	147	151	155	160	165	169	180	188	/
1A_SB	9	a	134	140	150	154	159	163	170	174	182	186	190	199	205	208
1A_SB	9	d	136	142	152	156	161	165	171	176	183	187	191	200	206	/
1A_SB	10	a	141	147	156	160	164	168	175	180	187	191	195	205	212	216
1A_SB	10	d	143	148	158	161	166	170	177	182	188	192	197	207	214	/
1A_SB	11	a	167	175	184	187	190	194	200	204	210	213	216	224	228	231
1A_SB	11	d	169	176	185	188	191	195	201	205	211	214	217	225	229	/
1A_SB	12	a	175	183	194	198	202	207	214	219	225	229	234	243	248	251
1A_SB	12	d	177	185	196	200	204	209	216	221	227	231	236	244	249	/
1A_SB	13	a	193	200	209	213	217	222	229	233	240	243	246	255	260	264
1A_SB	13	d	195	202	211	215	219	224	231	235	241	244	247	256	261	/
1A_SB	14	a	199	206	214	218	222	227	234	238	245	248	251	260	266	271
1A_SB	14	d	201	207	216	220	224	229	236	240	246	249	252	262	268	/
1A_SB	15	a	226	233	242	245	248	251	256	259	264	268	271	280	286	291
1A_SB	15	d	228	235	243	246	249	252	257	260	265	269	273	282	288	/
1A_SB	16	a	239	246	255	259	263	267	272	275	283	287	290	299	304	308
1A_SB	16	d	241	248	257	261	264	268	273	277	285	288	291	300	305	/
1A_SB	17	a	250	257	268	272	275	280	286	290	298	303	307	315	321	325
1A_SB	17	d	252	259	270	273	277	282	288	292	300	305	308	316	322	/
1A_SB	18	a	257	265	275	278	281	285	292	296	304	309	313	321	327	332
1A_SB	18	d	259	266	276	279	282	287	294	298	306	311	314	322	329	/
1A_SB	19	a	264	272	280	284	288	292	299	302	309	314	318	327	333	336
1A_SB	19	d	266	274	282	286	290	294	300	304	311	316	320	328	334	/
1A_SB	20	a	273	280	288	293	297	301	307	311	318	322	326	335	341	344
1A_SB	20	d	275	282	290	295	299	302	309	313	320	324	328	336	342	/
1A_SB	21	a	287	294	302	305	308	311	317	320	325	328	331	342	348	351
1A_SB	21	d	289	295	303	306	309	312	318	321	326	329	333	343	349	/
1A_SB	22	a	292	299	307	310	313	316	323	326	331	334	337	347	354	357
1A_SB	22	d	294	301	308	311	314	317	324	327	332	335	338	348	355	/
1A_SB	23	a	311	318	326	331	335	338	344	349	355	360	364	373	380	384
1A_SB	23	d	313	319	328	332	336	339	346	351	357	362	366	375	381	/
1A_SB	24	a	319	326	335	339	344	348	354	359	366	369	372	380	386	390
1A_SB	24	d	321	328	336	341	345	349	356	361	367	370	373	381	387	/
1A_SB	25	a	349	355	364	369	373	377	383	388	394	397	400	408	413	418
1A_SB	25	d	351	357	366	371	375	379	385	390	395	398	401	409	415	/
1A_SB	26	a	370	376	386	390	394	397	403	406	412	415	419	429	435	439
1A_SB	26	d	372	377	387	391	395	398	404	407	413	417	420	430	436	/
1A_SB	27	a	384	391	399	403	407	410	417	420	426	430	434	442	447	452
1A_SB	27	d	386	393	401	405	408	411	418	421	427	431	435	443	449	/
1A_SB	28	a	404	410	419	424	429	432	438	441	448	451	455	463	469	474
1A_SB	28	d	406	412	421	426	430	433	439	442	449	452	456	464	471	/
1A_SB	29	a	431	438	448	453	456	460	466	469	474	478	483	493	498	502
1A_SB	29	d	433	440	450	454	458	461	467	470	476	480	485	494	499	/
1A_SB	30	a	459	466	476	480	484	489	494	498	503	508	512	523	528	531
1A_SB	30	d	461	468	478	482	486	490	495	499	505	510	513	524	529	/
1A_SB	31	a	467	474	484	488	492	497	504	509	514	518	521	532	537	540
1A_SB	31	d	469	476	486	490	494	499	506	510	515	519	522	533	538	/
1A_SB	32	a	472	479	489	493	497	502	509	513	519	524	527	537	542	545
1A_SB	32	d	474	481	491	495	499	504	511	515	521	525	528	538	543	/
1A_NB	1	a	3	9	14	22	28	31	36	39	45	48	52	55	62	67
1A_NB	1	d	5	10	15	23	29	32	37	40	46	49	53	56	63	/
1A_NB	2	a	8	14	19	27	33	36	41	44	51	54	58	61	68	73
1A_NB	2	d	10	15	20	28	34	37	42	45	52	55	59	62	69	/
1A_NB	3	a	14	19	24	32	38	41	46	50	57	60	64	67	74	79
1A_NB	3	d	16	20	25	33	39	42	47	51	58	61	65	68	76	/
1A_NB	4	a	34	39	44	51	57	60	66	70	76	81	85	88	94	98
1A_NB	4	d	36	40	45	52	58	61	67	71	78	83	86	89	95	/
1A_NB	5	a	45	50	57	65	72	76	82	87	94	99	104	108	116	122
1A_NB	5	d	47	52	59	67	74	78	84	89	96	101	106	110	118	/
1A_NB	6	a	70	75	81	90	96	100	105	109	116	121	124	127	134	139
1A_NB	6	d	72	77	83	91	97	101	106	111	118	122	125	128	135	/
1A_NB	7	a	94	99	105	112	118	122	127	131	136	140	144	147	155	160
1A_NB	7	d	96	100	106	113	119	123	129	132	137	141	145	148	157	/
1A_NB	8	a	120	125	130	138	144	147	152	156	162	165	169	172	180	186
1A_NB	8	d	122	126	131	139	145	148	153	157	163	166	170	173	181	/
1A_NB	9	a	125	130	136	143	149	152	158	162	168	171	175	178	186	193
1A_NB	9	d	127	132	138	144	150	153	159	163	169	172	176	179	188	/
1A_NB	10	a	143	148	155	163	169	172	177	181	188	191	195	198	205	211
1A_NB	10	d	145	150	156	165	170	173	178	182	189	192	196	199	206	/
1A_NB	11	a	148	153	160	168	174	177	182	186	193	197	201	204	211	217
1A_NB	11	d	150	155	161	170	175	178	183	187	195	198	202	205	212	/
1A_NB	12	a	168	174	179	185	191	195	202	207	214	219	223	227	235	243
1A_NB	12	d	170	175	180	186	192	197	204	209	216	221	224	228	237	/
1A_NB	13	a	188	194	200	207	212	215	221	225	232	236	239	242	249	254
1A_NB	13	d	190	195	201	208	213	217	222	226	233	237	240	243	250	/
1A_NB	14	a	193	198	205	212	218	221	226	230	237	241	244	247	254	259
1A_NB	14	d	195	200	206	213	219	222	227	231	238	242	245	248	255	/
1A_NB	15	a	198	203	210	217	224	227	231	235	242	246	249	252	259	264
1A_NB	15	d	200	205	211	219	225	228	232	236	243	247	250	253	260	/
1A_NB	16	a	218	223	230	236	243	248	254	258	265	269	272	276	283	290
1A_NB	16	d	220	225	231	238	245	250	256	259	266	270	273	278	285	/
1A_NB	17	a	238	243	248	254	259	263	268	271	277	282	285	288	295	302
1A_NB	17	d	240	244	249	255	260	264	269	272	279	283	286	289	297	/
1A_NB	18	a	263	268	274	282	287	290	295	299	306	309	312	316	322	327
1A_NB	18	d	265	269	275	283	288	291	296	300	307	310	313	317	323	/
1A_NB	19	a	268	274	280	288	294	297	302	305	312	315	319	322	328	334
1A_NB	19	d	270	275	281	289	295	298	303	306	313	316	320	323	330	/
1A_NB	20	a	277	283	289	298	304	307	312	316	321	324	328	331	338	343
1A_NB	20	d	279	285	291	300	305	308	314	317	322	325	329	332	339	/
1A_NB	21	a	282	288	294	303	309	312	318	322	328	332	336	339	346	352
1A_NB	21	d	284	290	296	305	310	314	320	324	330	333	337	340	348	/
1A_NB	22	a	310	315	322	330	337	340	347	351	358	362	365	368	377	382
1A_NB	22	d	312	317	324	332	338	342	348	353	360	363	366	369	378	/
1A_NB	23	a	316	321	328	336	342	345	352	357	364	367	370	373	381	387
1A_NB	23	d	318	323	330	337	343	347	354	359	365	368	371	375	383	/
1A_NB	24	a	343	348	354	362	368	372	377	381	388	391	394	398	405	411
1A_NB	24	d	345	349	355	363	369	373	378	382	389	392	396	399	407	/
1A_NB	25	a	366	371	377	385	391	395	401	405	412	416	419	423	433	439
1A_NB	25	d	368	373	379	387	393	397	402	406	414	417	421	425	435	/
1A_NB	26	a	381	386	392	400	405	408	414	419	425	429	432	435	442	447
1A_NB	26	d	383	388	394	401	406	409	415	420	427	430	433	436	443	/
1A_NB	27	a	405	410	415	423	429	433	439	442	447	450	454	457	464	470
1A_NB	27	d	407	411	417	425	431	435	440	443	448	451	455	458	465	/
1A_NB	28	a	416	421	427	435	442	446	452	456	462	465	469	473	481	486
1A_NB	28	d	418	423	429	437	444	448	454	457	463	466	470	474	482	/
1A_NB	29	a	421	427	433	441	448	453	457	461	467	471	475	479	485	491
1A_NB	29	d	423	429	435	443	450	454	459	462	468	472	476	480	487	/
1A_NB	30	a	448	453	458	467	473	478	485	488	494	497	500	503	509	515
1A_NB	30	d	450	454	460	469	475	480	486	489	495	498	501	504	510	/
1A_NB	31	a	465	470	477	484	490	493	499	504	510	514	519	523	531	536
1A_NB	31	d	467	472	479	486	491	494	501	506	512	516	521	525	532	/
1A_NB	32	a	472	477	484	492	497	502	508	513	519	523	527	530	538	546
1A_NB	32	d	474	479	486	493	499	504	510	515	521	525	528	532	540	/
2A_NB	1	a	3	7	12	18	20	24	30	33	36	46	52	55	58	61	65	68	71	74	78	82	86	89	93	99
2A_NB	1	d	5	8	13	19	21	25	31	34	37	47	53	56	59	62	66	69	72	75	79	83	87	90	94	/
2A_NB	2	a	9	13	18	23	26	30	35	38	41	51	58	61	63	66	70	73	76	78	83	87	91	94	98	104
2A_NB	2	d	11	14	19	25	27	31	36	39	42	53	59	62	64	67	71	74	77	80	84	88	92	95	99	/
2A_NB	3	a	16	20	24	29	32	35	40	43	46	57	63	66	68	71	75	78	81	83	88	92	96	99	103	109
2A_NB	3	d	18	21	25	30	33	36	41	44	47	58	64	67	69	72	76	79	82	85	89	93	97	100	104	/
2A_NB	4	a	38	43	47	52	54	57	63	67	71	83	88	91	94	97	100	103	106	108	112	116	120	124	127	134
2A_NB	4	d	40	45	48	53	55	58	64	69	73	84	89	92	95	98	101	104	107	109	113	117	121	125	128	/
2A_NB	5	a	68	72	75	81	83	86	91	94	97	106	111	113	115	119	122	125	128	130	134	138	142	146	149	158
2A_NB	5	d	70	73	76	82	84	87	92	95	98	107	112	114	116	120	123	126	129	131	135	139	144	147	150	/
2A_NB	6	a	73	78	82	88	90	93	98	101	104	113	118	120	122	125	128	131	134	136	140	144	148	151	155	165
2A_NB	6	d	75	79	83	89	91	94	99	102	105	114	119	121	123	126	129	132	135	137	141	145	149	153	157	/
2A_NB	7	a	78	83	87	93	95	98	103	106	109	118	123	126	128	131	134	137	140	142	146	150	154	158	161	170
2A_NB	7	d	80	84	88	94	96	99	104	107	110	119	124	127	129	132	135	138	141	143	147	151	155	159	162	/
2A_NB	8	a	85	90	94	98	100	103	108	112	115	124	130	133	135	138	142	145	148	150	154	158	162	166	169	176
2A_NB	8	d	87	91	95	99	101	104	109	113	116	125	131	134	136	139	143	146	149	151	155	159	163	167	170	/
2A_NB	9	a	93	97	102	107	110	113	119	123	127	135	142	145	147	151	154	156	161	164	167	171	175	179	183	191
2A_NB	9	d	95	99	104	109	111	115	121	125	129	137	144	146	149	152	155	158	162	165	169	172	176	180	184	/
2A_NB	10	a	119	124	129	135	138	142	148	152	156	164	173	175	178	181	184	187	191	194	198	201	205	208	211	218
2A_NB	10	d	121	126	131	137	140	144	150	154	157	166	174	176	179	182	185	188	192	195	199	202	206	209	212	/
2A_NB	11	a	148	152	157	164	167	172	178	182	186	194	201	204	206	210	214	216	219	221	225	228	231	235	239	247
2A_NB	11	d	150	154	159	166	169	173	179	184	187	196	202	205	207	211	215	217	220	222	226	229	233	236	240	/
2A_NB	12	a	178	182	187	194	197	201	207	213	216	225	231	233	235	238	242	245	248	250	254	258	262	265	268	276
2A_NB	12	d	180	184	189	196	199	203	209	214	217	226	232	234	236	239	243	246	249	251	255	259	263	266	269	/
2A_NB	13	a	188	192	196	203	206	210	216	221	225	235	241	243	246	250	254	257	261	263	266	270	274	278	281	288
2A_NB	13	d	190	193	198	205	208	212	218	223	227	236	242	244	247	251	255	258	262	264	267	271	275	279	282	/
2A_NB	14	a	193	197	201	208	212	216	222	226	231	240	247	249	252	256	260	263	267	269	272	275	279	283	286	293
2A_NB	14	d	195	198	203	210	213	218	223	228	232	241	248	250	253	257	261	264	268	270	273	276	280	284	287	/
2A_NB	15	a	198	202	206	213	217	221	227	231	236	245	252	254	257	260	265	268	272	274	277	280	284	287	292	299
2A_NB	15	d	200	203	208	215	218	223	228	233	237	246	253	255	258	262	266	269	273	275	278	281	285	289	293	/
2A_NB	16	a	203	207	211	218	222	226	233	237	242	249	257	260	263	266	270	273	276	279	282	285	289	292	297	304
2A_NB	16	d	205	208	213	220	223	228	234	239	243	251	258	261	264	267	271	274	278	280	283	286	290	294	298	/
2A_NB	17	a	209	214	218	225	227	231	238	242	246	254	261	265	268	271	275	278	281	284	288	292	296	299	302	309
2A_NB	17	d	211	216	220	226	228	233	239	244	248	256	263	266	269	272	276	279	283	285	289	293	297	300	303	/
2A_NB	18	a	214	219	223	229	232	237	243	248	252	260	267	270	273	276	280	283	286	289	293	297	301	305	308	315
2A_NB	18	d	216	221	225	231	234	238	245	250	254	262	268	271	274	277	281	284	288	290	294	298	302	306	309	/
2A_NB	19	a	229	233	238	243	246	251	258	263	268	280	288	291	293	297	300	302	305	307	311	315	318	321	325	334
2A_NB	19	d	231	235	239	245	248	253	260	265	270	281	289	292	294	298	301	303	306	308	312	316	319	322	326	/
2A_NB	20	a	245	250	255	261	265	268	274	278	281	292	299	301	304	308	311	313	317	320	324	329	334	339	343	352
2A_NB	20	d	247	252	257	263	266	270	275	279	282	293	300	302	305	309	312	315	318	321	326	331	336	341	345	/
2A_NB	21	a	260	264	268	274	277	281	287	291	295	305	311	313	316	320	324	326	329	332	336	339	343	347	350	358
2A_NB	21	d	262	265	270	276	278	283	288	292	297	306	312	314	317	321	325	327	330	333	337	340	344	348	351	/
2A_NB	22	a	274	279	283	288	290	293	299	304	309	320	326	328	330	333	336	339	342	345	349	353	356	359	363	371
2A_NB	22	d	276	281	284	289	291	295	301	306	311	321	327	329	331	334	337	340	343	346	350	354	357	361	364	/
2A_NB	23	a	288	293	298	303	306	309	315	318	323	332	339	343	346	349	353	355	358	360	364	368	371	374	378	385
2A_NB	23	d	290	295	299	304	307	310	316	320	325	334	341	345	347	350	354	356	359	361	365	369	372	376	380	/
2A_NB	24	a	307	312	317	324	328	333	338	342	346	354	362	365	368	373	378	381	384	386	390	394	397	400	403	409
2A_NB	24	d	309	314	319	326	330	334	340	343	347	356	364	367	370	375	379	382	385	387	391	395	398	401	404	/
2A_NB	25	a	319	323	328	334	338	343	350	354	358	366	372	374	376	379	383	386	389	391	395	399	402	405	408	414
2A_NB	25	d	321	325	330	336	340	345	351	355	359	367	373	375	377	380	384	387	390	392	396	400	403	406	409	/
2A_NB	26	a	335	340	345	351	354	358	364	367	371	381	388	390	392	397	401	405	410	413	418	423	426	429	433	440
2A_NB	26	d	337	342	347	353	356	360	365	368	372	383	389	391	394	399	403	407	412	415	420	424	427	430	434	/
2A_NB	27	a	356	360	364	371	375	379	386	390	394	406	413	416	419	423	427	431	436	440	444	448	452	455	458	465
2A_NB	27	d	358	362	366	373	377	381	388	392	396	407	415	418	421	425	429	433	438	442	446	450	453	456	459	/
2A_NB	28	a	386	391	395	400	403	407	414	419	423	432	437	440	442	445	449	453	457	460	465	469	473	476	479	486
2A_NB	28	d	388	392	396	402	405	409	416	421	425	433	438	441	443	446	451	455	459	462	467	470	474	477	480	/
2A_NB	29	a	392	396	401	407	410	414	421	426	429	438	445	448	451	454	457	461	464	467	471	474	478	481	484	491
2A_NB	29	d	394	398	403	409	412	416	423	427	431	440	446	450	452	455	459	462	466	468	472	475	479	482	485	/
2A_NB	30	a	419	424	429	435	439	443	451	455	459	467	475	478	481	484	488	491	495	497	500	503	507	510	514	520
2A_NB	30	d	421	426	431	437	441	445	453	457	461	469	476	480	482	485	489	492	496	498	501	504	508	511	515	/
2A_NB	31	a	429	434	439	444	448	453	460	463	468	478	486	488	490	493	497	500	503	505	508	511	515	519	523	529
2A_NB	31	d	431	436	440	446	450	455	461	465	470	480	487	489	491	494	498	501	504	506	509	512	517	520	524	/
2A_NB	32	a	456	460	464	469	471	475	481	486	490	501	507	510	514	519	523	526	530	532	535	538	541	546	549	556
2A_NB	32	d	458	461	465	470	472	477	483	488	492	502	509	512	516	520	525	527	531	533	536	539	543	547	550	/
2A_SB	1	a	3	10	16	19	23	25	28	32	36	41	46	48	52	55	59	67	73	76	80	86	88	92	95	98	108
2A_SB	1	d	5	11	17	20	24	26	29	33	38	43	47	49	53	56	60	68	74	77	81	87	89	93	96	99	/
2A_SB	2	a	11	18	24	27	32	36	40	44	49	53	58	61	66	70	74	82	87	91	94	100	102	106	110	114	122
2A_SB	2	d	13	20	25	29	34	38	42	46	50	55	60	63	68	72	75	83	88	92	95	101	103	107	111	115	/
2A_SB	3	a	30	36	42	46	50	53	57	61	66	70	76	79	83	87	91	98	104	109	113	119	121	126	129	133	145
2A_SB	3	d	32	38	44	48	52	55	59	63	67	72	78	80	84	88	92	99	106	110	114	120	122	127	130	135	/
2A_SB	4	a	48	55	62	66	69	73	77	81	85	89	93	95	98	102	106	115	121	124	127	134	137	141	145	148	157
2A_SB	4	d	50	57	64	67	71	75	78	82	86	90	94	96	99	103	107	116	122	125	128	135	138	142	146	150	/
2A_SB	5	a	63	69	76	79	83	86	89	93	97	100	104	106	109	112	116	125	131	134	137	142	145	149	153	157	165
2A_SB	5	d	65	71	77	80	84	87	90	94	98	101	105	107	110	113	117	126	132	135	138	143	146	150	154	158	/
2A_SB	6	a	78	84	90	94	98	100	104	109	114	119	123	125	129	133	138	147	155	158	161	166	169	173	176	179	188
2A_SB	6	d	80	86	92	96	99	102	106	111	116	121	124	126	131	135	140	149	156	159	162	167	170	174	177	180	/
2A_SB	7	a	97	104	111	115	120	124	128	132	136	141	144	146	150	154	158	167	175	178	182	189	193	198	201	205	214
2A_SB	7	d	99	106	113	117	122	126	130	134	138	142	145	147	151	155	159	168	176	179	184	191	195	199	202	206	/
2A_SB	8	a	114	120	128	133	137	140	142	146	150	154	157	160	164	167	170	179	186	191	195	202	205	209	212	216	228
2A_SB	8	d	116	122	130	135	138	141	143	148	151	155	158	162	165	168	171	181	188	192	196	203	206	210	213	217	/
2A_SB	9	a	123	129	137	141	145	149	152	156	160	165	168	170	173	176	180	188	194	198	202	209	212	216	219	223	234
2A_SB	9	d	125	131	139	143	147	151	154	157	162	166	169	171	174	178	181	189	195	199	203	210	213	217	220	225	/
2A_SB	10	a	144	151	157	161	166	169	173	177	181	186	190	192	195	198	202	208	213	216	220	226	229	234	239	243	253
2A_SB	10	d	146	153	159	163	168	171	175	179	183	188	191	193	196	199	203	209	214	217	222	228	231	236	241	245	/
2A_SB	11	a	161	168	174	179	183	187	191	195	198	202	205	208	211	214	218	225	231	235	239	245	247	252	256	259	268
2A_SB	11	d	163	169	176	181	185	189	193	196	199	203	207	209	212	215	219	226	232	236	240	246	248	253	257	260	/
2A_SB	12	a	183	190	195	199	203	206	209	212	215	218	222	224	228	231	235	242	248	252	255	261	263	267	271	276	286
2A_SB	12	d	185	191	196	200	204	207	210	213	216	219	223	225	229	232	236	243	249	253	256	262	264	268	273	277	/
2A_SB	13	a	198	203	208	213	218	220	222	226	229	233	237	240	244	249	253	261	268	272	275	281	283	287	291	295	304
2A_SB	13	d	200	204	210	215	219	221	224	227	230	234	238	242	246	251	255	263	270	273	276	282	284	288	292	296	/
2A_SB	14	a	213	219	224	227	230	232	234	237	240	244	248	250	253	257	260	267	273	277	280	286	288	292	296	300	312
2A_SB	14	d	215	220	225	228	231	233	235	238	241	245	249	251	254	258	261	268	275	278	281	287	289	293	297	302	/
2A_SB	15	a	227	234	240	243	246	248	251	254	257	261	265	267	270	274	278	286	293	297	301	306	308	312	316	319	328
2A_SB	15	d	229	235	241	244	247	249	252	255	258	262	266	268	271	275	279	287	294	298	302	307	309	313	317	320	/
2A_SB	16	a	240	247	253	257	262	264	267	270	273	276	280	282	285	288	291	300	306	309	313	318	321	326	330	333	341
2A_SB	16	d	242	249	255	259	263	265	268	271	274	277	281	283	286	289	292	301	307	310	314	319	322	327	331	334	/
2A_SB	17	a	250	257	262	265	269	271	273	276	279	282	286	288	292	295	298	306	312	315	319	325	328	333	336	339	347
2A_SB	17	d	252	258	263	266	270	272	274	277	280	283	287	289	293	296	300	307	313	316	320	326	329	334	337	340	/
2A_SB	18	a	264	271	278	282	286	290	292	295	298	302	306	308	312	316	319	325	331	335	339	345	348	352	356	359	368
2A_SB	18	d	266	273	280	284	288	291	293	296	299	303	307	309	313	317	320	326	332	336	340	346	349	353	357	360	/
2A_SB	19	a	272	278	285	289	293	296	298	301	305	310	315	318	323	326	329	336	341	345	348	355	358	363	366	370	379
2A_SB	19	d	274	280	287	290	294	297	299	302	307	312	316	320	324	327	330	337	342	346	350	356	360	364	367	371	/
2A_SB	20	a	278	284	291	294	298	301	303	306	311	316	321	325	330	334	338	345	352	356	359	365	368	372	375	379	387
2A_SB	20	d	280	285	292	295	299	302	304	308	313	318	323	327	332	336	339	346	353	357	360	366	369	373	376	380	/
2A_SB	21	a	288	294	301	306	311	314	317	322	325	330	333	337	341	344	348	356	363	367	371	377	379	383	387	391	401
2A_SB	21	d	290	295	303	308	312	316	319	323	327	331	335	338	342	345	349	357	364	368	372	378	380	384	388	392	/
2A_SB	22	a	293	299	307	311	316	319	322	327	331	335	338	342	346	349	354	362	367	372	376	382	384	388	393	397	407
2A_SB	22	d	295	301	308	313	317	321	324	329	333	336	340	343	347	351	355	363	369	373	377	383	385	390	394	398	/
2A_SB	23	a	323	329	336	341	345	347	350	354	359	363	367	370	373	376	381	388	394	397	401	408	411	416	420	424	432
2A_SB	23	d	325	331	338	342	346	348	352	356	360	364	369	371	374	378	382	389	395	398	402	409	412	417	421	425	/
2A_SB	24	a	352	358	365	368	372	375	379	384	388	393	396	399	403	407	410	417	423	426	429	435	438	444	449	453	462
2A_SB	24	d	354	360	366	370	374	377	381	386	390	394	397	401	404	408	411	418	424	427	430	436	440	446	450	454	/
2A_SB	25	a	357	363	370	374	377	381	384	389	394	398	401	405	409	412	415	422	428	431	434	439	443	449	454	458	467
2A_SB	25	d	359	365	372	375	379	382	386	391	395	399	403	406	410	413	416	423	429	432	435	441	445	451	455	459	/
2A_SB	26	a	370	377	385	389	394	397	400	404	408	412	417	421	425	428	433	441	447	450	453	460	463	467	471	474	485
2A_SB	26	d	372	379	387	391	395	399	402	406	410	414	419	423	426	430	435	442	448	451	454	461	464	468	472	475	/
2A_SB	27	a	377	384	391	394	399	403	407	411	414	417	422	426	430	434	438	446	452	456	459	467	470	474	478	481	490
2A_SB	27	d	379	385	392	396	401	405	408	412	415	419	424	428	432	436	440	447	453	457	461	468	471	475	479	482	/
2A_SB	28	a	383	390	395	399	404	408	412	416	419	423	427	431	435	439	443	451	457	461	464	471	475	479	483	486	495
2A_SB	28	d	385	391	397	401	406	410	413	417	421	425	429	433	437	441	445	452	458	462	466	473	476	480	484	487	/
2A_SB	29	a	388	396	401	405	409	413	417	422	426	429	433	436	441	445	449	457	463	467	470	476	480	483	488	492	501
2A_SB	29	d	390	397	403	407	411	415	419	424	427	431	434	438	443	447	450	458	465	468	471	478	481	485	490	493	/
2A_SB	30	a	411	418	425	429	433	437	440	444	448	452	457	460	465	469	473	482	488	491	494	499	502	506	510	513	524
2A_SB	30	d	413	420	427	431	435	438	442	446	450	454	459	462	467	471	474	483	489	492	495	500	503	507	511	514	/
2A_SB	31	a	424	431	438	443	447	450	452	456	461	465	469	473	478	483	487	494	500	503	507	512	515	519	523	526	535
2A_SB	31	d	426	433	440	445	448	451	454	458	463	467	471	475	480	484	488	495	501	504	508	513	516	520	524	527	/
2A_SB	32	a	437	445	451	455	460	463	466	470	474	479	483	487	492	497	501	509	516	521	525	531	534	538	542	545	555
2A_SB	32	d	439	447	453	457	462	465	468	472	476	481	485	489	494	499	503	511	518	523	526	532	535	539	543	546	/
3A_SB	1	a	3	8	12	16	19	22	25	29	33	35	39	42	45	50	53
3A_SB	1	d	5	9	13	17	20	23	26	30	34	36	40	43	46	51	/
3A_SB	2	a	8	13	17	21	24	27	30	34	38	40	44	47	50	55	58
3A_SB	2	d	10	14	18	22	25	28	31	35	39	41	45	48	51	56	/
3A_SB	3	a	14	20	24	29	33	37	41	45	49	52	56	60	63	70	73
3A_SB	3	d	16	22	26	31	35	39	42	46	50	53	58	61	64	71	/
3A_SB	4	a	41	48	53	58	63	67	70	74	79	81	86	90	93	99	103
3A_SB	4	d	43	50	55	60	65	68	72	76	80	82	87	91	94	100	/
3A_SB	5	a	58	65	69	74	79	83	86	91	96	99	104	108	111	116	121
3A_SB	5	d	60	67	71	76	81	85	88	93	97	100	105	109	112	118	/
3A_SB	6	a	73	79	84	89	93	97	101	106	111	113	117	121	124	130	134
3A_SB	6	d	75	81	86	91	95	99	103	108	112	114	118	122	125	131	/
3A_SB	7	a	86	92	95	100	104	108	112	116	121	123	128	131	134	140	144
3A_SB	7	d	88	93	97	102	106	110	114	118	122	124	129	132	135	142	/
3A_SB	8	a	101	107	112	115	118	122	124	128	132	135	141	145	149	154	158
3A_SB	8	d	103	109	113	116	120	123	125	130	134	136	143	147	150	155	/
3A_SB	9	a	130	137	141	145	149	151	154	158	163	165	169	172	176	181	184
3A_SB	9	d	132	139	142	146	150	152	155	160	164	166	170	173	177	182	/
3A_SB	10	a	143	150	154	158	162	164	167	170	175	177	181	184	187	193	196
3A_SB	10	d	145	152	155	159	163	165	168	172	176	178	182	185	188	194	/
3A_SB	11	a	153	160	163	167	170	173	177	180	184	186	191	194	197	203	207
3A_SB	11	d	155	161	165	168	172	175	178	182	185	187	192	195	198	204	/
3A_SB	12	a	172	178	183	188	192	195	198	202	207	209	214	218	221	226	229
3A_SB	12	d	174	180	185	189	194	197	200	204	208	210	215	219	222	227	/
3A_SB	13	a	178	184	188	193	197	200	203	207	212	214	219	223	226	231	234
3A_SB	13	d	180	185	190	194	199	202	205	209	213	215	220	224	227	232	/
3A_SB	14	a	195	201	205	209	212	214	217	220	224	226	230	233	236	241	244
3A_SB	14	d	197	202	206	210	213	215	218	221	225	227	231	234	237	242	/
3A_SB	15	a	204	210	214	219	223	227	230	235	239	242	246	249	252	258	263
3A_SB	15	d	206	211	216	221	225	229	232	237	240	243	247	250	253	260	/
3A_SB	16	a	226	233	237	243	247	251	255	260	264	267	271	274	278	284	288
3A_SB	16	d	228	234	239	245	249	253	257	262	265	268	272	275	279	286	/
3A_SB	17	a	249	256	261	264	268	270	274	279	283	285	291	294	297	304	308
3A_SB	17	d	251	258	262	266	269	272	276	280	284	286	292	295	298	305	/
3A_SB	18	a	266	272	277	281	284	287	289	292	296	299	304	307	310	317	321
3A_SB	18	d	268	274	278	282	285	288	290	293	297	300	305	308	311	318	/
3A_SB	19	a	271	277	282	286	290	293	295	298	303	305	310	313	316	322	326
3A_SB	19	d	273	279	283	287	291	294	296	300	304	306	311	314	317	323	/
3A_SB	20	a	277	283	287	290	295	298	300	303	308	310	315	319	322	328	332
3A_SB	20	d	279	284	288	292	296	299	301	305	309	311	316	320	323	329	/
3A_SB	21	a	286	292	297	300	303	306	308	311	315	317	321	325	328	334	337
3A_SB	21	d	288	294	298	301	304	307	309	312	316	318	322	326	329	335	/
3A_SB	22	a	291	297	302	306	309	312	314	319	323	325	329	332	335	341	344
3A_SB	22	d	293	299	303	307	310	313	316	321	324	326	330	333	336	342	/
3A_SB	23	a	296	302	306	311	314	316	319	324	328	330	335	338	341	347	350
3A_SB	23	d	298	304	308	312	315	318	321	326	329	331	336	339	342	348	/
3A_SB	24	a	301	308	311	316	319	321	324	329	334	337	342	345	348	353	356
3A_SB	24	d	303	309	313	317	320	323	326	331	335	338	343	346	349	354	/
3A_SB	25	a	311	318	322	326	329	332	334	338	342	346	351	354	358	365	368
3A_SB	25	d	313	319	323	327	330	333	335	339	344	347	352	356	360	366	/
3A_SB	26	a	321	328	333	337	341	345	349	353	358	362	366	369	373	379	382
3A_SB	26	d	323	330	335	339	343	347	351	355	360	363	367	370	374	380	/
3A_SB	27	a	326	333	338	342	346	350	354	358	363	367	371	374	377	383	387
3A_SB	27	d	328	335	340	344	348	352	356	360	365	368	372	375	379	385	/
3A_SB	28	a	331	338	343	348	352	355	359	363	368	372	376	379	382	388	392
3A_SB	28	d	333	340	345	349	353	357	361	365	370	373	377	380	384	390	/
3A_SB	29	a	352	358	363	367	371	373	376	380	384	386	391	394	397	403	406
3A_SB	29	d	354	360	364	369	372	375	377	381	385	387	392	395	398	404	/
3A_SB	30	a	358	363	368	372	376	378	381	385	389	392	397	400	403	409	413
3A_SB	30	d	360	365	369	374	377	380	382	386	390	393	398	401	404	410	/
3A_SB	31	a	363	368	373	377	381	383	386	390	394	397	403	407	410	417	421
3A_SB	31	d	365	370	374	379	382	385	387	391	395	399	405	408	411	418	/
3A_SB	32	a	373	379	383	387	390	392	394	397	401	404	409	412	415	422	425
3A_SB	32	d	375	380	384	388	391	393	395	398	402	405	410	413	416	423	/
3A_NB	1	a	3	8	12	15	18	21	25	28	30	35	39	42	45	48	53	57	60
3A_NB	1	d	5	9	13	16	19	22	26	29	31	36	40	43	46	50	54	58	/
3A_NB	2	a	8	13	17	20	23	26	30	33	35	40	44	48	51	54	58	63	67
3A_NB	2	d	10	14	18	21	24	27	31	34	36	41	45	49	52	55	60	64	/
3A_NB	3	a	30	35	39	43	47	50	54	57	60	65	69	73	77	81	87	92	95
3A_NB	3	d	32	37	40	45	48	51	55	58	61	66	70	74	79	83	89	93	/
3A_NB	4	a	39	44	49	54	58	62	66	70	74	79	83	86	90	92	96	100	104
3A_NB	4	d	41	46	51	56	60	64	68	72	76	80	84	87	91	93	97	102	/
3A_NB	5	a	55	60	65	70	74	79	83	87	91	96	100	104	107	110	114	118	121
3A_NB	5	d	57	62	67	72	76	81	85	89	93	97	101	105	108	111	115	119	/
3A_NB	6	a	70	74	79	83	87	92	97	102	106	113	117	121	124	127	131	134	138
3A_NB	6	d	72	76	81	85	89	94	99	104	108	114	118	122	125	128	132	135	/
3A_NB	7	a	85	89	92	96	99	102	107	112	116	123	127	131	134	137	141	145	149
3A_NB	7	d	87	90	93	97	100	104	109	114	118	124	128	132	135	138	142	146	/
3A_NB	8	a	109	114	118	122	125	129	132	136	139	143	147	151	154	156	160	164	168
3A_NB	8	d	111	116	120	123	126	130	133	137	140	144	148	152	155	157	161	165	/
3A_NB	9	a	125	129	133	137	142	146	150	154	158	163	166	170	173	176	181	185	189
3A_NB	9	d	127	131	135	139	144	148	152	156	160	164	167	171	174	177	182	186	/
3A_NB	10	a	140	144	148	153	157	160	164	167	170	176	179	182	185	187	192	196	200
3A_NB	10	d	142	146	150	154	158	161	165	168	172	177	180	183	186	188	193	197	/
3A_NB	11	a	148	152	155	159	164	169	173	177	181	185	189	193	198	201	207	212	217
3A_NB	11	d	150	153	156	161	166	170	175	179	182	187	191	195	200	203	209	214	/
3A_NB	12	a	167	172	176	180	185	189	194	198	202	208	211	215	218	220	225	229	232
3A_NB	12	d	169	174	178	182	187	191	196	200	204	209	212	216	219	221	226	230	/
3A_NB	13	a	187	191	195	199	202	206	211	215	218	223	227	230	234	237	241	245	249
3A_NB	13	d	189	192	196	200	204	207	213	217	220	224	228	231	235	238	242	247	/
3A_NB	14	a	207	211	215	220	223	226	229	233	235	241	244	247	250	253	258	261	264
3A_NB	14	d	209	213	217	222	224	227	231	234	237	242	245	248	251	254	259	262	/
3A_NB	15	a	219	224	228	232	236	241	245	250	253	258	262	266	270	272	276	280	284
3A_NB	15	d	221	226	230	234	238	243	247	252	255	259	263	267	271	273	277	281	/
3A_NB	16	a	235	239	243	248	251	254	257	261	263	267	271	275	278	281	285	288	292
3A_NB	16	d	237	241	245	249	252	255	258	262	264	268	272	276	280	282	286	289	/
3A_NB	17	a	249	253	257	262	265	268	271	275	279	283	286	289	293	295	298	301	305
3A_NB	17	d	251	255	259	263	266	269	273	277	280	284	287	290	294	296	299	303	/
3A_NB	18	a	260	264	268	273	277	281	284	288	292	296	300	304	307	309	313	316	320
3A_NB	18	d	262	266	270	274	279	282	285	290	293	297	301	305	308	310	314	317	/
3A_NB	19	a	271	275	278	282	286	289	292	296	299	303	307	311	314	317	321	324	328
3A_NB	19	d	273	276	279	283	287	290	293	297	300	304	308	312	315	318	322	325	/
3A_NB	20	a	287	292	297	300	303	308	311	316	319	325	328	332	336	339	343	346	350
3A_NB	20	d	289	294	298	301	305	309	313	317	321	326	329	333	337	340	344	347	/
3A_NB	21	a	296	301	305	308	311	315	318	322	325	330	333	337	341	345	350	354	359
3A_NB	21	d	298	303	306	309	312	316	319	323	326	331	334	338	343	347	352	356	/
3A_NB	22	a	301	306	310	313	316	320	323	327	330	334	338	342	346	350	355	359	364
3A_NB	22	d	303	308	311	314	318	321	324	328	331	336	339	343	348	352	357	361	/
3A_NB	23	a	306	311	315	318	322	325	328	332	334	339	343	347	351	355	360	365	369
3A_NB	23	d	308	313	316	319	323	326	329	333	336	341	344	348	353	357	362	366	/
3A_NB	24	a	328	333	338	343	348	352	355	358	360	365	368	373	378	380	384	388	391
3A_NB	24	d	330	335	340	345	349	353	356	359	361	366	370	375	379	381	385	389	/
3A_NB	25	a	357	361	365	369	373	377	381	384	388	393	398	403	408	410	414	418	421
3A_NB	25	d	359	363	367	371	375	379	382	386	390	395	400	405	409	411	415	419	/
3A_NB	26	a	362	367	370	374	379	382	386	389	393	398	403	408	413	415	419	422	427
3A_NB	26	d	364	368	372	376	380	384	387	391	395	400	405	410	414	416	420	424	/
3A_NB	27	a	370	375	379	384	389	392	396	399	402	407	410	415	420	422	426	429	434
3A_NB	27	d	372	377	381	386	390	394	397	400	404	408	412	417	421	423	427	431	/
3A_NB	28	a	400	404	409	413	418	423	426	429	432	437	441	444	448	451	456	460	464
3A_NB	28	d	402	406	411	415	420	424	427	430	433	438	442	445	449	452	457	461	/
3A_NB	29	a	408	412	416	419	423	428	431	434	437	441	446	450	453	456	461	465	468
3A_NB	29	d	410	413	417	421	425	429	432	435	438	443	448	451	454	457	462	466	/
3A_NB	30	a	432	436	440	444	448	453	456	459	463	468	472	475	479	482	486	489	493
3A_NB	30	d	434	438	442	446	450	454	457	461	465	469	473	476	480	483	487	490	/
3A_NB	31	a	437	442	446	449	453	458	462	465	468	473	477	480	484	487	491	495	499
3A_NB	31	d	439	444	447	451	455	460	463	466	470	474	478	481	485	488	493	497	/
3A_NB	32	a	443	448	451	454	458	463	468	471	474	478	482	486	490	493	497	501	504
3A_NB	32	d	445	449	452	456	460	465	469	472	475	479	483	487	491	494	498	502	/
