RouteID	RunID	Arrivals/Departures	TimePerStop
1A_SB	1	a	16	24	35	40	43	47	53	58	64	67	71	81	87	90
1A_SB	1	d	18	25	37	41	45	49	55	60	65	68	73	83	88	/
1A_SB	2	a	34	40	49	54	59	63	70	74	81	84	88	98	104	108
1A_SB	2	d	36	41	51	56	61	65	72	76	82	85	89	100	105	/
1A_SB	3	a	60	66	74	78	82	86	91	94	99	103	107	118	124	128
1A_SB	3	d	62	67	76	80	84	87	92	95	100	104	109	120	125	/
1A_SB	4	a	68	74	83	87	91	94	100	103	108	111	115	125	130	134
1A_SB	4	d	70	76	85	89	92	95	101	104	109	112	116	126	131	/
1A_SB	5	a	76	82	90	94	97	100	107	112	118	121	126	137	144	148
1A_SB	5	d	78	83	91	95	98	102	109	114	119	123	128	139	146	/
1A_SB	6	a	95	102	110	113	116	120	126	131	138	142	146	155	159	163
1A_SB	6	d	97	103	111	114	117	121	128	133	139	143	147	156	160	/
1A_SB	7	a	107	113	122	126	130	134	140	143	148	153	157	165	170	173
1A_SB	7	d	109	115	123	127	131	135	141	144	150	154	158	166	171	/
1A_SB	8	a	113	119	127	131	135	139	145	149	155	159	163	173	178	181
1A_SB	8	d	115	120	128	132	137	140	147	150	156	160	165	174	179	/
1A_SB	9	a	118	125	134	139	144	147	153	157	164	168	171	181	185	189
1A_SB	9	d	120	127	136	141	145	148	155	159	166	169	173	182	187	/
1A_SB	10	a	130	137	148	152	155	158	164	167	172	175	178	187	191	194
1A_SB	10	d	132	139	149	153	156	159	165	168	173	176	179	188	192	/
1A_SB	11	a	135	143	153	157	161	165	170	174	180	183	186	194	199	203
1A_SB	11	d	137	144	154	159	163	167	172	176	181	184	187	195	200	/
1A_SB	12	a	140	148	158	163	167	171	176	179	184	188	191	199	204	208
1A_SB	12	d	142	149	160	165	168	173	177	181	186	189	192	200	205	/
1A_SB	13	a	149	155	164	168	172	177	182	186	191	194	198	206	211	215
1A_SB	13	d	151	157	166	170	174	179	183	188	192	196	199	207	212	/
1A_SB	14	a	167	174	182	185	188	192	197	200	204	207	210	220	226	231
1A_SB	14	d	169	175	183	186	189	193	198	201	205	208	211	221	227	/
1A_SB	15	a	172	179	188	191	194	197	202	205	209	212	216	226	234	239
1A_SB	15	d	174	180	189	192	195	198	203	206	210	213	217	228	235	/
1A_SB	16	a	177	184	193	196	199	202	207	211	216	219	223	233	240	244
1A_SB	16	d	179	185	194	197	200	203	209	212	217	220	224	234	241	/
1A_NB	1	a	3	9	15	21	27	30	35	38	43	47	51	55	63	68
1A_NB	1	d	5	10	16	22	28	31	36	39	44	48	52	56	64	/
1A_NB	2	a	8	14	20	26	33	38	43	46	53	57	62	66	74	80
1A_NB	2	d	10	16	21	28	35	39	44	48	54	59	64	68	75	/
1A_NB	3	a	14	19	25	32	38	43	48	52	58	62	67	71	79	85
1A_NB	3	d	16	21	27	34	40	44	49	53	59	64	69	73	80	/
1A_NB	4	a	43	49	55	63	69	72	78	81	86	90	93	97	104	111
1A_NB	4	d	45	50	56	64	70	74	79	82	87	91	95	99	106	/
1A_NB	5	a	48	54	60	67	74	77	82	86	92	96	100	104	113	120
1A_NB	5	d	50	55	62	69	75	79	84	88	93	98	102	106	115	/
1A_NB	6	a	56	62	69	76	82	86	91	94	100	104	108	112	120	125
1A_NB	6	d	58	64	71	78	84	88	92	95	101	106	109	113	121	/
1A_NB	7	a	61	67	74	82	88	92	98	102	108	113	116	121	131	136
1A_NB	7	d	63	69	76	84	90	94	100	103	110	114	118	123	132	/
1A_NB	8	a	68	74	80	87	93	97	103	108	115	119	123	128	138	145
1A_NB	8	d	70	75	81	89	95	99	105	110	116	121	125	130	140	/
1A_NB	9	a	88	93	99	107	113	116	120	123	130	133	136	140	148	154
1A_NB	9	d	90	95	100	108	114	117	121	124	131	134	137	142	149	/
1A_NB	10	a	118	123	129	135	140	144	148	152	158	162	166	169	177	184
1A_NB	10	d	120	124	130	136	141	145	149	153	159	163	167	170	179	/
1A_NB	11	a	123	128	134	141	146	151	157	161	168	173	178	182	190	196
1A_NB	11	d	125	129	135	142	148	153	159	163	170	175	180	183	191	/
1A_NB	12	a	128	133	139	147	153	157	163	166	174	179	183	187	196	202
1A_NB	12	d	130	134	141	149	155	159	164	168	176	181	185	189	198	/
1A_NB	13	a	143	149	155	161	166	170	177	181	188	192	196	200	206	212
1A_NB	13	d	145	150	156	162	167	172	178	183	189	194	198	201	208	/
1A_NB	14	a	148	153	160	167	172	177	184	187	193	197	202	205	212	218
1A_NB	14	d	150	155	162	168	174	179	185	188	194	199	203	207	214	/
1A_NB	15	a	154	159	166	173	178	182	188	192	199	202	207	211	218	223
1A_NB	15	d	156	161	168	174	179	184	190	194	200	204	209	212	219	/
1A_NB	16	a	162	167	174	181	187	191	196	200	207	210	213	216	223	228
1A_NB	16	d	164	169	176	182	189	192	197	201	208	211	214	217	224	/
2A_NB	1	a	3	8	11	17	20	24	29	32	35	45	52	54	57	60	64	67	71	74	77	81	84	88	91	97
2A_NB	1	d	5	9	12	18	21	25	30	33	36	46	53	55	58	61	65	68	72	75	78	82	85	89	92	/
2A_NB	2	a	8	13	16	22	26	30	34	37	41	51	58	60	63	66	70	73	77	80	83	87	90	94	97	103
2A_NB	2	d	10	14	18	24	27	31	35	39	42	52	59	61	64	67	71	74	78	81	84	88	91	95	98	/
2A_NB	3	a	13	19	23	28	31	35	39	42	46	56	64	66	69	72	76	79	82	85	88	92	96	100	103	109
2A_NB	3	d	15	20	24	29	32	36	40	44	48	58	65	67	70	73	77	80	83	86	89	93	97	101	104	/
2A_NB	4	a	18	24	28	33	35	40	44	48	53	63	69	71	74	77	80	84	87	90	94	98	102	106	110	116
2A_NB	4	d	20	25	29	34	37	41	45	50	55	65	70	72	75	78	82	85	88	91	95	99	103	108	111	/
2A_NB	5	a	23	29	33	39	41	45	50	54	59	69	75	77	80	83	87	90	94	96	101	105	109	112	115	122
2A_NB	5	d	25	30	35	40	42	46	51	56	61	71	76	79	81	85	88	92	95	98	102	106	110	113	117	/
2A_NB	6	a	40	45	49	54	56	61	66	71	75	86	93	96	100	104	107	110	113	115	118	122	127	130	133	140
2A_NB	6	d	42	46	50	55	58	63	68	72	77	88	95	98	102	105	108	111	114	116	119	124	128	131	134	/
2A_NB	7	a	46	50	54	60	63	67	72	76	80	91	99	102	106	109	112	115	118	120	124	128	132	135	138	144
2A_NB	7	d	48	51	56	62	64	69	73	78	82	93	101	104	107	110	113	116	119	121	125	129	133	136	139	/
2A_NB	8	a	58	62	66	71	73	78	83	87	90	99	106	108	111	115	119	123	128	131	135	138	142	145	148	154
2A_NB	8	d	60	63	67	72	75	79	84	88	91	100	107	109	113	117	121	125	129	132	136	139	143	146	149	/
2A_NB	9	a	63	67	71	76	79	83	88	92	96	105	110	113	117	120	125	129	134	137	141	144	148	151	154	161
2A_NB	9	d	65	68	72	77	80	84	89	93	97	106	112	115	118	122	127	131	136	138	142	145	149	152	155	/
2A_NB	10	a	69	73	79	85	88	92	97	101	105	113	118	121	124	128	133	137	140	142	146	149	154	157	160	167
2A_NB	10	d	71	75	81	86	90	93	98	102	106	114	120	122	125	130	135	138	141	143	147	151	155	158	161	/
2A_NB	11	a	78	82	88	93	96	99	105	108	111	120	126	128	131	135	138	142	145	147	151	155	159	162	165	173
2A_NB	11	d	80	84	89	94	97	101	106	109	113	122	127	129	132	136	140	143	146	148	152	156	160	163	166	/
2A_NB	12	a	83	87	93	98	102	106	110	114	117	125	131	134	138	143	146	149	152	155	159	163	167	171	175	184
2A_NB	12	d	85	89	94	100	104	107	112	115	118	127	133	136	140	144	147	150	153	156	160	164	169	173	177	/
2A_NB	13	a	89	94	99	105	109	112	117	120	124	132	137	140	143	148	152	154	157	160	164	169	174	178	182	188
2A_NB	13	d	91	96	101	107	110	114	118	122	125	133	138	141	145	150	153	155	158	161	166	171	176	180	183	/
2A_NB	14	a	96	101	105	111	114	117	122	126	129	137	144	147	151	154	157	159	162	165	170	175	179	183	187	193
2A_NB	14	d	98	102	107	112	115	119	123	127	130	139	145	149	152	155	158	160	163	167	172	176	181	185	188	/
2A_NB	15	a	107	112	117	123	126	129	136	139	142	148	154	158	161	165	169	173	177	180	184	188	193	196	201	209
2A_NB	15	d	109	114	119	125	127	131	137	140	143	149	156	159	163	166	171	175	179	182	185	190	194	198	203	/
2A_NB	16	a	120	125	130	135	138	141	148	153	156	163	170	172	174	178	182	185	188	190	193	197	201	204	208	215
2A_NB	16	d	122	127	131	137	139	143	150	154	157	164	171	173	175	179	183	186	189	191	194	198	202	205	209	/
2A_SB	1	a	16	23	28	31	35	38	41	44	49	54	59	62	66	70	75	82	88	92	96	102	105	110	114	117	129
2A_SB	1	d	18	24	29	32	36	39	42	46	51	56	61	64	68	72	76	83	89	93	97	103	106	111	115	118	/
2A_SB	2	a	30	35	42	46	49	53	56	61	66	71	76	79	82	86	89	98	103	107	112	119	121	126	130	135	145
2A_SB	2	d	32	37	44	47	51	54	58	63	68	73	78	80	83	87	91	99	104	109	114	120	122	127	132	137	/
2A_SB	3	a	43	49	56	60	65	68	71	75	79	83	86	88	91	94	98	106	111	115	119	125	128	133	137	142	152
2A_SB	3	d	45	50	57	62	67	70	73	77	80	84	87	89	92	95	99	107	112	116	121	127	129	134	139	144	/
2A_SB	4	a	64	69	76	80	83	86	88	92	95	98	101	104	107	110	113	121	126	130	134	140	142	148	152	156	167
2A_SB	4	d	66	71	77	81	84	87	89	93	96	99	103	105	108	111	114	122	127	131	135	141	144	149	153	158	/
2A_SB	5	a	78	84	91	94	97	99	102	106	110	114	117	119	122	125	129	138	144	147	151	157	159	164	167	170	180
2A_SB	5	d	80	86	92	95	98	100	103	107	111	115	118	120	123	126	130	139	145	148	152	158	160	165	168	171	/
2A_SB	6	a	83	89	96	99	103	105	108	111	115	120	124	127	131	135	139	149	155	158	161	167	170	175	178	182	193
2A_SB	6	d	85	91	97	101	104	106	109	112	117	122	126	129	133	137	141	150	156	159	162	168	171	176	180	183	/
2A_SB	7	a	93	99	106	110	114	117	121	124	128	131	134	137	141	144	147	157	163	167	172	181	184	188	191	194	204
2A_SB	7	d	95	101	107	111	116	119	122	125	129	132	135	138	142	145	149	158	165	169	174	183	185	189	192	195	/
2A_SB	8	a	107	114	120	123	126	128	131	134	138	141	145	148	152	155	159	166	174	178	182	188	190	194	198	201	211
2A_SB	8	d	109	115	121	124	127	129	132	135	139	142	146	150	153	156	161	168	176	180	183	189	191	195	199	202	/
2A_SB	9	a	117	124	129	133	137	140	143	147	151	155	159	161	164	167	171	177	184	188	191	197	200	205	209	212	222
2A_SB	9	d	119	125	131	135	138	142	145	148	152	156	160	162	165	168	172	178	185	189	192	198	202	206	210	213	/
2A_SB	10	a	122	129	134	139	142	146	148	152	157	161	165	167	170	173	177	183	190	194	197	203	206	210	214	217	227
2A_SB	10	d	124	130	136	140	144	147	150	154	158	162	166	168	171	174	178	184	191	195	198	204	207	211	215	218	/
2A_SB	11	a	127	134	141	145	148	151	154	158	162	166	170	172	175	178	182	190	198	201	204	210	213	217	221	224	233
2A_SB	11	d	129	135	142	146	149	152	156	159	163	167	171	173	176	180	183	192	199	202	205	211	214	218	222	225	/
2A_SB	12	a	139	146	154	158	162	165	167	170	174	178	182	184	187	190	193	201	208	211	214	219	222	226	229	233	242
2A_SB	12	d	141	148	156	160	163	166	168	171	175	179	183	185	188	191	194	202	209	212	215	220	223	227	230	234	/
2A_SB	13	a	147	154	160	163	168	170	172	175	179	183	187	189	192	195	199	207	214	218	221	226	229	233	237	241	252
2A_SB	13	d	149	155	161	165	169	171	173	176	180	184	188	190	193	196	200	208	215	219	222	227	230	235	238	242	/
2A_SB	14	a	152	159	165	169	173	175	177	181	184	188	192	194	197	200	204	212	218	223	226	232	235	239	243	246	257
2A_SB	14	d	154	160	167	170	174	176	179	182	185	189	193	195	198	201	205	213	220	224	227	233	236	240	244	247	/
2A_SB	15	a	157	164	171	174	178	180	183	186	189	193	197	199	202	205	209	218	224	227	231	237	240	244	248	251	262
2A_SB	15	d	159	165	172	175	179	181	184	187	190	195	198	200	203	206	210	219	225	229	232	238	241	245	249	252	/
2A_SB	16	a	162	169	176	179	183	185	188	191	195	199	202	204	207	210	213	223	229	232	236	242	245	249	253	256	267
2A_SB	16	d	164	170	177	181	184	186	189	193	196	200	203	205	208	211	215	224	230	234	237	243	246	250	254	258	/
3A_SB	1	a	3	9	13	18	22	25	28	31	35	37	41	44	47	54	58
3A_SB	1	d	5	10	15	19	23	26	29	32	36	38	42	45	48	55	/
3A_SB	2	a	16	22	26	31	35	39	42	46	51	53	57	61	65	73	77
3A_SB	2	d	18	23	28	33	37	41	44	48	52	54	58	63	67	75	/
3A_SB	3	a	45	50	54	59	63	67	71	75	79	81	85	88	91	96	99
3A_SB	3	d	47	52	56	61	65	69	73	77	80	82	86	89	92	97	/
3A_SB	4	a	59	64	69	73	77	81	85	89	94	96	101	104	107	113	116
3A_SB	4	d	61	66	70	75	79	83	87	91	95	97	102	105	108	114	/
3A_SB	5	a	82	88	92	98	101	104	108	113	118	121	125	128	131	137	140
3A_SB	5	d	84	89	94	99	103	106	110	115	119	122	126	129	132	138	/
3A_SB	6	a	93	100	104	108	111	113	116	120	123	126	130	133	136	142	145
3A_SB	6	d	95	102	105	109	112	114	117	121	124	127	131	134	137	143	/
3A_SB	7	a	100	107	111	115	119	122	125	129	133	136	140	143	146	152	156
3A_SB	7	d	102	109	112	117	121	124	127	131	134	137	141	144	147	153	/
3A_SB	8	a	112	118	121	124	128	131	134	139	144	147	151	155	158	165	168
3A_SB	8	d	114	119	122	126	130	133	136	141	145	148	152	156	159	166	/
3A_SB	9	a	120	127	130	133	136	139	142	146	150	152	156	160	164	170	174
3A_SB	9	d	122	128	131	134	138	140	143	147	151	153	157	162	165	172	/
3A_SB	10	a	133	140	144	147	151	154	156	160	164	166	171	175	178	184	188
3A_SB	10	d	135	142	145	148	152	155	157	161	165	167	172	176	179	185	/
3A_SB	11	a	139	146	149	153	157	160	162	166	170	172	177	181	184	190	194
3A_SB	11	d	141	147	150	154	158	161	163	168	171	173	178	182	185	191	/
3A_SB	12	a	147	154	158	162	166	168	170	173	176	178	183	186	189	195	199
3A_SB	12	d	149	155	159	163	167	169	171	174	177	179	184	187	190	196	/
3A_SB	13	a	152	159	163	167	171	173	175	178	181	183	188	191	194	200	204
3A_SB	13	d	154	160	164	168	172	174	176	179	182	184	189	192	195	201	/
3A_SB	14	a	164	170	175	179	182	184	187	191	195	198	204	207	211	218	222
3A_SB	14	d	166	172	176	180	183	185	189	193	197	200	205	209	213	219	/
3A_SB	15	a	173	179	182	185	189	191	195	199	203	205	210	213	217	223	227
3A_SB	15	d	175	180	183	187	190	193	196	201	204	206	211	214	218	225	/
3A_SB	16	a	192	198	202	206	210	212	215	219	223	225	230	233	236	242	246
3A_SB	16	d	194	199	203	207	211	213	216	220	224	226	231	234	237	243	/
3A_NB	1	a	3	7	11	14	17	20	23	27	30	35	39	43	47	51	57	60	64
3A_NB	1	d	5	8	12	15	18	21	24	28	31	36	40	45	49	53	58	62	/
3A_NB	2	a	22	27	32	36	40	44	48	52	56	62	68	72	77	81	86	90	94
3A_NB	2	d	24	29	34	38	42	46	50	54	57	64	70	74	79	83	88	92	/
3A_NB	3	a	42	46	50	54	58	62	67	71	75	81	84	87	91	95	99	103	106
3A_NB	3	d	44	48	52	55	59	64	69	73	77	82	85	88	93	96	100	104	/
3A_NB	4	a	53	58	61	66	71	75	80	85	89	94	97	101	105	108	113	117	120
3A_NB	4	d	55	59	63	68	73	77	82	87	91	95	98	102	107	110	114	118	/
3A_NB	5	a	66	71	75	78	83	88	92	95	98	103	106	110	114	116	120	124	129
3A_NB	5	d	68	73	76	80	85	90	93	96	100	104	107	111	115	117	121	126	/
3A_NB	6	a	86	91	94	97	100	103	106	110	113	118	122	126	129	132	136	140	144
3A_NB	6	d	88	92	95	98	101	104	107	112	115	120	123	127	130	133	137	142	/
3A_NB	7	a	95	100	104	108	112	117	121	126	129	134	138	142	146	149	154	157	160
3A_NB	7	d	97	102	106	110	114	119	123	127	131	135	139	144	148	150	155	158	/
3A_NB	8	a	106	110	114	118	122	125	130	135	139	145	149	153	157	160	165	169	173
3A_NB	8	d	108	112	116	120	123	127	132	137	141	146	150	154	158	161	166	171	/
3A_NB	9	a	115	119	123	127	131	135	140	144	147	153	157	161	165	168	173	177	181
3A_NB	9	d	117	121	125	129	133	137	141	145	149	154	158	162	166	169	174	179	/
3A_NB	10	a	127	132	136	139	142	145	149	152	155	159	163	167	170	173	178	182	187
3A_NB	10	d	129	134	137	140	143	146	150	153	156	160	164	168	171	174	179	184	/
3A_NB	11	a	143	147	150	153	157	160	163	167	171	176	180	184	188	191	196	200	203
3A_NB	11	d	145	148	151	154	158	161	165	169	173	177	181	185	189	192	197	201	/
3A_NB	12	a	149	152	156	159	163	166	170	173	177	182	185	189	194	196	200	205	209
3A_NB	12	d	151	154	157	160	164	168	171	175	179	183	186	191	195	197	202	207	/
3A_NB	13	a	156	159	162	166	170	173	177	180	183	188	191	195	199	201	205	210	215
3A_NB	13	d	158	160	164	168	171	175	178	181	184	189	192	196	200	202	207	212	/
3A_NB	14	a	163	167	170	173	177	181	186	190	193	198	202	205	209	212	216	220	224
3A_NB	14	d	165	168	171	175	179	183	188	191	195	199	203	206	210	213	217	221	/
3A_NB	15	a	168	172	175	178	183	187	192	196	200	204	208	211	216	220	225	229	234
3A_NB	15	d	170	173	176	180	184	189	194	198	201	205	209	213	218	222	227	231	/
3A_NB	16	a	175	179	183	187	191	195	198	202	205	209	213	217	222	226	232	236	241
3A_NB	16	d	177	181	185	188	192	196	199	203	206	210	214	219	224	228	234	238	/
