RouteID	RunID	Arrivals/Departures	TimePerStop
1A_SB	1	a	4	11	19	23	28	35	38	43	47	51	54	58	62	72	77	80
1A_SB	1	d	6	12	21	25	30	37	39	44	48	52	55	59	63	73	78	/
1A_SB	2	a	34	40	49	52	56	63	66	71	75	78	81	84	87	96	102	106
1A_SB	2	d	36	42	51	54	58	65	67	72	76	79	82	85	88	98	104	/
1A_SB	3	a	52	58	66	69	72	77	81	85	88	93	98	102	105	112	116	120
1A_SB	3	d	54	59	68	70	73	79	82	86	90	95	99	103	106	113	117	/
1A_SB	4	a	59	65	74	77	81	87	90	95	99	103	107	110	113	120	125	129
1A_SB	4	d	61	67	76	78	82	88	91	96	100	104	108	111	114	121	126	/
1A_SB	5	a	75	82	93	95	98	104	107	111	114	118	122	125	128	135	139	143
1A_SB	5	d	77	84	94	96	99	106	108	112	115	120	123	126	129	136	140	/
1A_SB	6	a	84	91	100	102	105	111	114	119	124	128	132	135	139	148	153	157
1A_SB	6	d	86	93	101	103	106	113	116	121	126	130	133	137	141	150	154	/
1A_SB	7	a	107	112	120	123	128	134	137	142	145	149	152	156	159	169	173	177
1A_SB	7	d	109	114	122	125	129	135	139	143	146	150	153	157	161	170	174	/
1A_SB	8	a	118	124	131	134	138	145	149	154	159	162	165	169	172	179	184	188
1A_SB	8	d	120	125	133	136	140	147	151	156	160	163	166	170	173	180	185	/
1A_SB	9	a	127	133	143	145	148	154	157	161	165	168	172	176	179	188	193	197
1A_SB	9	d	129	135	144	146	149	156	158	162	166	169	173	177	180	189	194	/
1A_SB	10	a	132	138	148	150	155	160	163	167	170	173	177	181	185	194	199	203
1A_SB	10	d	134	140	149	152	156	162	164	168	171	174	178	182	186	195	200	/
1A_SB	11	a	137	143	153	156	160	165	168	172	175	178	182	186	190	199	204	209
1A_SB	11	d	139	145	154	157	161	167	169	173	176	179	183	187	191	200	206	/
1A_SB	12	a	143	149	159	163	167	171	174	178	181	184	187	191	195	207	213	218
1A_SB	12	d	145	151	161	165	168	173	175	179	182	185	188	192	197	209	215	/
1A_SB	13	a	157	164	174	178	182	187	189	194	197	200	204	207	211	221	226	230
1A_SB	13	d	159	166	176	180	183	188	190	195	198	201	205	208	212	222	227	/
1A_SB	14	a	165	171	181	184	187	192	194	198	202	205	209	213	219	229	235	239
1A_SB	14	d	167	173	183	185	188	193	195	200	203	206	211	215	220	231	236	/
1A_SB	15	a	171	177	187	190	194	200	202	207	211	216	220	223	228	240	244	247
1A_SB	15	d	173	179	189	192	196	201	204	209	213	218	221	225	230	241	245	/
1A_SB	16	a	177	183	193	195	199	205	208	213	216	221	225	228	233	245	249	252
1A_SB	16	d	179	184	194	197	201	207	210	214	218	223	226	230	235	246	250	/
1A_NB	1	a	3	8	14	22	27	30	34	39	43	48	52	56	59	63	72	76
1A_NB	1	d	5	9	15	23	28	31	36	41	45	49	53	57	60	64	73	/
1A_NB	2	a	8	13	19	27	32	36	40	45	50	54	58	62	66	71	80	85
1A_NB	2	d	10	14	20	28	33	37	42	47	51	55	59	64	68	72	81	/
1A_NB	3	a	13	18	25	33	39	43	47	51	55	59	63	68	71	76	85	90
1A_NB	3	d	15	19	26	34	40	44	48	52	56	61	64	69	73	77	86	/
1A_NB	4	a	18	23	30	38	45	49	54	59	62	67	70	75	78	82	91	98
1A_NB	4	d	20	24	31	40	47	51	56	60	63	68	71	76	79	83	92	/
1A_NB	5	a	24	29	35	44	51	55	60	64	67	72	75	80	83	87	96	103
1A_NB	5	d	26	31	37	46	53	57	62	65	68	73	76	81	84	88	97	/
1A_NB	6	a	40	46	52	60	68	72	78	82	86	91	94	98	101	105	111	118
1A_NB	6	d	42	47	54	62	69	74	80	84	87	92	95	99	102	106	112	/
1A_NB	7	a	52	58	64	70	77	81	85	88	91	97	100	104	106	111	118	125
1A_NB	7	d	54	59	65	71	78	82	86	89	92	98	101	105	108	113	120	/
1A_NB	8	a	64	70	75	83	89	94	98	102	106	112	117	122	126	130	137	144
1A_NB	8	d	66	71	76	85	91	96	100	104	108	114	119	124	127	131	138	/
1A_NB	9	a	75	80	86	95	99	103	108	112	117	123	126	132	135	140	148	155
1A_NB	9	d	77	82	88	96	100	105	110	114	119	124	128	133	137	142	150	/
1A_NB	10	a	88	93	99	106	111	115	120	124	127	133	137	142	145	149	157	164
1A_NB	10	d	90	95	101	107	112	117	122	125	128	135	139	143	146	151	159	/
1A_NB	11	a	95	100	105	113	118	122	126	129	132	139	143	148	151	156	164	170
1A_NB	11	d	97	101	107	114	119	123	127	130	134	141	145	150	153	158	166	/
1A_NB	12	a	106	111	117	124	130	135	140	144	148	154	157	162	165	170	179	186
1A_NB	12	d	108	112	118	126	132	137	142	145	149	155	159	164	167	172	181	/
1A_NB	13	a	122	127	134	142	147	151	155	158	161	167	170	175	178	182	191	198
1A_NB	13	d	124	128	136	144	149	153	156	159	162	168	171	177	179	183	193	/
1A_NB	14	a	137	143	149	156	161	164	168	172	176	183	188	193	196	201	212	218
1A_NB	14	d	139	144	151	157	162	165	170	173	178	185	190	194	198	203	214	/
1A_NB	15	a	146	152	158	165	170	175	180	184	189	195	200	205	207	211	218	223
1A_NB	15	d	148	154	160	167	172	177	182	186	191	197	201	206	208	212	219	/
1A_NB	16	a	165	170	177	185	190	194	199	203	208	215	220	226	229	234	244	249
1A_NB	16	d	167	172	179	186	192	196	200	205	210	217	222	228	231	236	245	/
2A_NB	1	a	3	7	12	15	18	22	27	30	34	42	45	51	53	55	58	64	67	71	74	77	83	87
2A_NB	1	d	5	8	13	16	19	23	28	31	35	43	46	52	54	56	59	65	68	72	75	78	84	/
2A_NB	2	a	8	12	17	20	23	27	32	35	39	47	50	56	58	61	65	71	74	77	80	83	90	95
2A_NB	2	d	10	13	18	21	24	28	33	36	40	48	51	57	60	62	66	72	75	78	81	85	92	/
2A_NB	3	a	13	17	23	26	29	33	38	41	45	53	56	62	64	66	70	76	80	83	86	89	96	100
2A_NB	3	d	15	18	24	27	30	34	39	42	46	54	57	63	65	67	71	77	81	84	87	90	97	/
2A_NB	4	a	18	22	28	31	34	38	43	46	49	58	61	67	69	71	75	81	85	88	91	94	101	105
2A_NB	4	d	20	23	29	32	35	39	44	47	51	59	62	68	70	72	76	82	86	89	92	95	102	/
2A_NB	5	a	23	27	33	36	39	43	48	51	54	63	67	73	75	77	80	86	90	94	98	101	108	112
2A_NB	5	d	25	28	34	37	40	44	49	52	56	64	68	74	76	78	81	87	91	95	99	102	109	/
2A_NB	6	a	28	32	38	41	44	47	54	57	60	67	72	78	80	82	85	91	95	99	103	106	115	119
2A_NB	6	d	30	33	39	42	45	49	55	58	62	69	73	79	81	83	86	92	96	100	104	107	116	/
2A_NB	7	a	33	37	43	46	48	52	59	62	65	72	77	82	85	87	90	96	100	104	107	112	121	125
2A_NB	7	d	35	38	44	47	50	54	60	63	67	74	78	84	86	88	91	97	101	105	109	113	122	/
2A_NB	8	a	38	42	48	51	53	57	64	67	70	77	82	87	90	92	97	104	108	111	114	118	129	133
2A_NB	8	d	40	43	49	52	55	59	65	68	72	79	83	89	91	94	99	105	109	112	115	120	130	/
2A_NB	9	a	47	51	58	62	66	70	77	82	85	92	96	102	105	109	112	118	122	125	129	133	143	147
2A_NB	9	d	49	53	60	64	68	72	79	83	86	94	97	103	107	110	113	119	123	126	130	134	145	/
2A_NB	10	a	52	56	63	67	71	75	83	87	90	98	102	109	113	117	120	126	130	133	137	140	149	152
2A_NB	10	d	54	58	65	69	73	77	84	88	91	100	104	111	115	118	121	127	131	134	138	142	150	/
2A_NB	11	a	59	63	68	72	76	80	88	93	96	105	110	118	121	123	126	133	137	140	143	146	154	158
2A_NB	11	d	61	64	70	74	78	82	90	94	98	107	112	120	122	124	128	135	138	141	144	147	156	/
2A_NB	12	a	64	68	74	78	82	86	94	99	103	113	118	127	130	133	138	143	146	149	152	155	162	165
2A_NB	12	d	66	70	76	80	84	88	96	101	105	115	120	129	132	135	139	144	147	150	153	156	163	/
2A_NB	13	a	88	92	98	101	104	107	113	117	121	130	133	141	144	147	151	156	160	163	166	170	177	180
2A_NB	13	d	90	93	99	102	105	108	114	118	122	131	134	142	145	148	152	157	161	164	167	171	178	/
2A_NB	14	a	117	121	127	130	132	136	141	145	148	156	160	167	169	173	178	184	188	192	195	199	207	210
2A_NB	14	d	119	123	128	131	134	137	143	146	150	157	161	168	171	175	180	185	189	193	196	200	208	/
2A_NB	15	a	144	148	155	157	159	162	168	172	175	181	185	190	192	194	198	204	207	211	214	217	226	230
2A_NB	15	d	146	150	156	158	160	163	169	173	176	182	186	191	193	195	199	205	208	212	215	218	227	/
2A_NB	16	a	162	167	173	177	179	182	187	191	195	204	208	213	216	219	222	228	231	234	238	242	249	252
2A_NB	16	d	164	169	175	178	180	183	189	193	197	205	209	214	217	220	223	229	232	235	239	243	250	/
2A_SB	1	a	11	14	21	25	29	31	36	44	48	52	56	61	68	73	79	83	87	93	96	100	103	106	116	122
2A_SB	1	d	13	15	22	27	30	33	38	46	50	53	58	63	70	74	81	85	88	94	97	101	104	107	117	/
2A_SB	2	a	17	20	27	31	35	37	41	49	53	57	62	66	73	78	85	88	92	99	102	106	110	114	124	130
2A_SB	2	d	19	21	28	33	36	38	43	51	55	59	64	68	75	79	86	90	93	100	103	107	111	115	125	/
2A_SB	3	a	27	30	36	40	43	45	49	57	61	65	70	73	78	83	91	95	98	106	109	113	117	121	131	138
2A_SB	3	d	29	31	37	41	44	47	51	59	63	67	71	75	80	85	92	96	100	107	110	114	118	123	133	/
2A_SB	4	a	48	52	58	61	65	68	72	79	81	84	88	91	96	99	105	108	112	120	123	127	132	136	147	152
2A_SB	4	d	50	53	59	63	67	70	74	80	82	85	89	92	97	100	106	109	113	121	124	129	134	137	148	/
2A_SB	5	a	58	62	69	72	76	80	84	90	93	97	101	106	112	117	125	129	132	138	141	145	149	153	162	167
2A_SB	5	d	60	63	70	74	78	82	85	91	95	99	103	108	114	119	127	130	133	139	142	146	150	154	163	/
2A_SB	6	a	78	81	88	92	95	97	101	108	111	114	117	120	126	129	136	140	144	149	152	155	159	163	172	178
2A_SB	6	d	80	83	89	93	96	98	102	109	112	115	118	121	127	130	137	141	145	150	153	156	160	164	174	/
2A_SB	7	a	91	95	101	105	108	111	114	121	124	127	130	133	139	143	148	152	156	162	165	169	173	176	187	192
2A_SB	7	d	93	96	102	106	109	112	115	122	125	128	131	134	140	144	149	153	157	163	166	170	174	177	188	/
2A_SB	8	a	111	114	121	126	131	133	136	141	144	147	150	153	159	163	170	173	176	181	183	186	189	194	208	213
2A_SB	8	d	113	115	123	128	132	134	137	142	145	148	151	154	161	165	171	174	177	182	184	187	191	195	209	/
2A_SB	9	a	121	124	132	137	142	145	149	155	157	160	163	166	171	174	181	185	190	196	199	203	207	210	220	225
2A_SB	9	d	123	126	134	139	144	147	150	156	158	161	164	167	172	176	183	187	191	197	200	204	208	211	221	/
2A_SB	10	a	126	129	137	142	147	150	155	162	165	169	173	176	181	184	190	193	197	202	205	209	212	215	225	231
2A_SB	10	d	128	131	139	144	149	152	157	164	167	170	174	177	182	185	191	194	198	203	206	210	213	216	226	/
2A_SB	11	a	139	142	149	154	158	161	165	172	175	178	182	185	191	194	199	203	206	212	214	218	222	226	239	245
2A_SB	11	d	141	144	151	155	159	162	166	173	176	179	183	186	192	195	201	204	208	213	216	220	224	227	240	/
2A_SB	12	a	145	148	156	160	164	166	170	177	180	184	187	190	197	200	205	208	211	218	220	224	228	233	246	252
2A_SB	12	d	147	150	157	161	165	167	171	178	181	185	188	192	198	201	206	209	213	219	222	226	230	234	247	/
2A_SB	13	a	150	154	161	166	169	171	175	182	186	190	193	196	202	205	210	213	217	223	225	229	233	238	251	257
2A_SB	13	d	152	155	163	167	170	172	176	184	187	191	194	198	203	206	211	214	218	224	227	231	235	239	252	/
2A_SB	14	a	157	161	169	174	178	180	184	190	193	197	200	203	208	211	216	219	223	229	231	235	239	243	256	262
2A_SB	14	d	159	163	171	176	179	181	185	191	194	198	201	204	209	212	217	220	224	230	233	237	240	245	258	/
2A_SB	15	a	162	166	174	179	184	186	190	196	199	203	206	209	215	219	224	228	232	238	240	243	247	251	263	269
2A_SB	15	d	164	168	176	181	185	187	191	197	200	204	207	210	216	220	225	229	233	239	241	244	248	252	265	/
2A_SB	16	a	169	172	180	184	189	191	195	200	204	208	211	215	222	226	232	237	241	247	250	253	257	260	273	280
2A_SB	16	d	171	174	181	186	190	192	196	202	205	209	212	217	223	227	234	238	242	248	251	254	258	261	275	/
3A_SB	1	a	28	35	42	46	50	55	58	62	66	71	74	76	79	82	85	88	91	94
3A_SB	1	d	30	37	44	48	52	57	60	64	68	72	75	77	80	83	86	89	92	/
3A_SB	2	a	35	42	49	53	57	62	65	69	73	78	81	83	86	89	93	97	100	103
3A_SB	2	d	37	44	51	55	59	64	67	71	75	79	82	84	87	90	94	98	101	/
3A_SB	3	a	59	65	71	75	78	81	84	87	91	96	98	101	104	108	112	116	119	122
3A_SB	3	d	61	67	73	76	79	83	86	88	93	97	99	102	105	109	113	117	120	/
3A_SB	4	a	64	70	76	81	84	87	89	92	96	101	103	106	110	114	118	122	125	128
3A_SB	4	d	66	72	78	82	85	88	91	93	98	102	104	107	111	115	119	123	126	/
3A_SB	5	a	72	78	85	90	94	98	100	102	106	111	113	115	119	122	125	128	131	134
3A_SB	5	d	74	80	87	91	95	99	101	103	108	112	114	116	120	123	126	129	132	/
3A_SB	6	a	83	88	96	100	104	107	109	112	115	119	121	124	127	130	133	136	139	143
3A_SB	6	d	85	90	97	101	105	108	110	113	116	120	122	125	128	131	134	137	140	/
3A_SB	7	a	88	94	101	105	109	113	115	118	121	125	127	130	133	136	140	144	147	151
3A_SB	7	d	90	95	102	106	111	114	116	119	122	126	128	131	134	137	141	145	148	/
3A_SB	8	a	100	106	112	115	119	124	127	130	133	138	140	143	147	150	154	158	161	164
3A_SB	8	d	102	107	113	116	121	125	129	131	135	139	141	144	148	151	156	159	162	/
3A_SB	9	a	118	125	132	136	140	143	146	149	154	158	160	162	166	169	173	176	179	182
3A_SB	9	d	120	126	134	137	141	144	147	151	155	159	161	163	167	170	174	177	180	/
3A_SB	10	a	129	136	142	146	150	154	158	161	166	171	173	176	180	183	187	190	194	198
3A_SB	10	d	131	137	144	147	152	156	160	163	168	172	174	177	181	184	188	191	195	/
3A_SB	11	a	141	147	154	158	162	165	169	171	176	181	183	185	188	191	195	199	203	208
3A_SB	11	d	143	149	156	159	163	167	170	173	178	182	184	186	189	192	197	201	205	/
3A_SB	12	a	150	155	162	165	169	173	177	180	185	191	193	195	199	203	206	209	212	215
3A_SB	12	d	152	157	163	167	171	175	179	182	187	192	194	196	200	204	207	210	213	/
3A_SB	13	a	155	160	167	172	175	178	182	186	191	196	198	200	204	208	211	214	218	221
3A_SB	13	d	157	162	169	173	176	180	184	188	192	197	199	201	205	209	212	216	219	/
3A_SB	14	a	162	167	173	177	180	183	187	191	196	201	203	205	209	213	216	219	223	226
3A_SB	14	d	164	168	174	178	181	185	189	193	198	202	204	206	210	214	217	221	224	/
3A_SB	15	a	171	178	184	188	192	195	198	200	203	208	210	212	215	219	222	225	228	231
3A_SB	15	d	173	179	185	190	193	196	199	201	205	209	211	213	216	220	223	226	229	/
3A_SB	16	a	183	189	195	199	202	206	209	212	215	218	220	222	225	229	232	237	241	244
3A_SB	16	d	185	190	196	200	203	207	210	213	216	219	221	223	226	230	234	239	242	/
3A_NB	1	a	3	7	9	12	15	18	21	25	28	32	35	40	43	46	49	52	56	61	68
3A_NB	1	d	5	8	10	13	16	19	22	26	29	33	36	41	44	47	50	53	57	63	/
3A_NB	2	a	8	12	14	18	20	23	26	30	34	38	41	46	49	52	55	58	62	66	73
3A_NB	2	d	10	13	16	19	21	24	27	31	35	39	42	47	50	53	56	59	63	68	/
3A_NB	3	a	13	18	21	24	26	29	32	36	40	44	47	52	55	58	63	66	72	77	85
3A_NB	3	d	15	19	22	25	27	30	33	37	41	45	48	53	56	60	64	68	74	79	/
3A_NB	4	a	24	29	33	37	40	45	49	54	58	61	64	68	72	76	81	85	91	96	101
3A_NB	4	d	26	31	35	39	42	47	51	55	59	62	65	69	74	78	83	87	92	97	/
3A_NB	5	a	51	56	60	63	67	71	75	79	83	87	90	96	100	103	106	109	114	119	126
3A_NB	5	d	53	57	62	65	69	73	77	81	85	89	92	97	101	104	108	111	116	121	/
3A_NB	6	a	78	82	87	90	94	98	102	107	112	116	120	125	129	133	136	139	144	150	155
3A_NB	6	d	80	84	89	92	96	100	104	109	114	118	122	126	130	134	137	140	145	151	/
3A_NB	7	a	92	96	100	103	107	111	115	120	125	130	133	138	142	145	149	151	157	162	167
3A_NB	7	d	94	98	102	105	109	113	117	122	127	132	135	139	143	146	150	152	158	163	/
3A_NB	8	a	97	101	105	108	112	116	120	125	130	135	138	143	147	150	154	156	162	167	173
3A_NB	8	d	99	103	107	110	114	118	122	127	132	137	140	144	148	151	155	157	163	168	/
3A_NB	9	a	102	106	110	113	117	121	126	131	135	140	143	148	152	156	161	164	168	173	179
3A_NB	9	d	104	108	112	115	119	123	128	132	137	142	145	150	153	158	163	165	169	174	/
3A_NB	10	a	110	115	119	122	126	130	135	140	144	149	153	159	162	166	169	172	177	183	188
3A_NB	10	d	112	117	121	124	128	132	137	142	146	151	155	160	163	167	170	174	179	184	/
3A_NB	11	a	115	120	124	127	131	135	140	145	149	154	158	164	167	171	174	177	182	187	193
3A_NB	11	d	117	122	126	129	133	137	142	147	151	156	160	165	168	172	175	179	184	189	/
3A_NB	12	a	135	140	144	147	150	155	160	165	169	173	176	182	185	189	192	195	199	203	209
3A_NB	12	d	137	142	146	149	152	157	162	167	171	175	178	183	186	190	194	196	200	204	/
3A_NB	13	a	144	149	153	156	159	164	168	173	177	181	185	191	194	198	201	203	207	211	218
3A_NB	13	d	146	151	155	158	161	166	170	175	179	183	187	192	195	199	202	204	208	212	/
3A_NB	14	a	151	155	159	162	165	169	173	178	182	187	190	196	199	203	206	208	212	217	224
3A_NB	14	d	153	157	161	164	167	171	175	180	184	188	192	197	200	204	207	209	213	218	/
3A_NB	15	a	170	174	178	181	183	186	190	194	197	200	202	208	211	214	217	219	225	231	236
3A_NB	15	d	172	175	180	182	184	187	191	195	198	201	203	209	212	215	218	221	227	232	/
3A_NB	16	a	175	179	184	186	188	192	196	201	204	208	210	215	218	221	224	227	232	237	242
3A_NB	16	d	177	180	185	187	190	193	198	202	206	209	211	216	219	222	225	228	233	238	/
