RouteID	RunID	Arrivals/Departures	TimePerStop
1A_SB	1	a	16	24	32	35	38	43	45	49	52	55	58	61	65	75	80	84
1A_SB	1	d	18	25	33	36	39	44	46	50	53	56	59	62	66	76	81	/
1A_SB	2	a	29	36	44	46	50	56	59	64	68	71	75	78	82	92	96	100
1A_SB	2	d	31	37	45	47	51	57	60	65	69	72	76	79	83	93	97	/
1A_SB	3	a	43	49	57	59	63	69	71	76	79	83	86	89	92	101	105	109
1A_SB	3	d	45	50	58	60	64	70	72	77	80	84	87	90	93	102	106	/
1A_SB	4	a	58	64	74	77	80	84	87	92	96	99	103	106	110	120	125	128
1A_SB	4	d	60	65	75	78	81	85	88	93	97	100	104	107	111	121	126	/
1A_SB	5	a	73	80	88	91	94	99	101	105	108	111	115	118	122	131	136	140
1A_SB	5	d	75	81	89	92	95	100	102	106	109	112	116	119	123	132	137	/
1A_SB	6	a	87	94	101	103	106	111	114	119	123	126	130	134	138	147	152	155
1A_SB	6	d	89	95	102	104	107	112	115	120	124	127	131	135	139	148	153	/
1A_SB	7	a	103	109	118	120	123	129	131	136	140	143	147	150	153	163	169	173
1A_SB	7	d	105	110	119	121	124	130	132	137	141	144	148	151	154	164	170	/
1A_SB	8	a	121	128	138	141	144	150	152	156	160	163	167	170	174	182	187	190
1A_SB	8	d	123	129	139	142	145	151	153	157	161	164	168	171	175	183	188	/
1A_SB	9	a	139	146	154	157	160	166	169	173	176	179	182	185	188	198	204	208
1A_SB	9	d	141	147	155	158	161	167	170	174	177	180	183	186	189	199	205	/
1A_SB	10	a	154	161	169	172	175	181	183	187	190	194	198	202	206	216	221	224
1A_SB	10	d	156	162	170	173	176	182	184	188	191	195	199	203	207	217	222	/
1A_SB	11	a	170	177	184	187	190	195	197	202	205	208	212	215	218	226	232	235
1A_SB	11	d	172	178	185	188	191	196	198	203	206	209	213	216	219	227	233	/
1A_SB	12	a	187	193	199	202	205	211	213	217	220	223	226	229	232	240	246	249
1A_SB	12	d	189	194	200	203	206	212	214	218	221	224	227	230	233	241	247	/
1A_SB	13	a	204	210	220	222	225	230	232	236	239	242	246	250	254	262	268	272
1A_SB	13	d	206	211	221	223	226	231	233	237	240	243	247	251	255	263	269	/
1A_SB	14	a	222	228	235	237	240	246	248	252	256	260	264	267	270	280	286	290
1A_SB	14	d	224	229	236	238	241	247	249	253	257	261	265	268	271	281	287	/
1A_SB	15	a	237	243	251	253	256	262	264	269	273	276	280	283	287	297	302	305
1A_SB	15	d	239	244	252	254	257	263	265	270	274	277	281	284	288	298	303	/
1A_SB	16	a	253	259	267	269	272	277	280	286	289	292	296	299	303	313	319	322
1A_SB	16	d	255	260	268	270	273	278	281	287	290	293	297	300	304	314	320	/
1A_SB	17	a	268	275	285	287	290	296	298	303	307	310	313	316	319	328	333	337
1A_SB	17	d	270	276	286	288	291	297	299	304	308	311	314	317	320	329	334	/
1A_SB	18	a	285	291	299	301	304	309	311	315	318	321	325	328	331	338	343	347
1A_SB	18	d	287	292	300	302	305	310	312	316	319	322	326	329	332	339	344	/
1A_SB	19	a	301	308	316	318	322	328	330	335	339	342	345	348	352	361	366	370
1A_SB	19	d	303	309	317	319	323	329	331	336	340	343	346	349	353	362	367	/
1A_SB	20	a	314	321	329	331	334	339	341	346	350	353	356	359	362	372	377	381
1A_SB	20	d	316	322	330	332	335	340	342	347	351	354	357	360	363	373	378	/
1A_SB	21	a	330	337	347	350	353	359	362	366	369	372	375	378	381	390	396	399
1A_SB	21	d	332	338	348	351	354	360	363	367	370	373	376	379	382	391	397	/
1A_SB	22	a	347	354	364	367	370	376	379	383	387	390	394	397	401	409	415	419
1A_SB	22	d	349	355	365	368	371	377	380	384	388	391	395	398	402	410	416	/
1A_SB	23	a	361	368	376	378	381	386	389	393	397	400	404	407	410	420	425	428
1A_SB	23	d	363	369	377	379	382	387	390	394	398	401	405	408	411	421	426	/
1A_SB	24	a	376	383	392	394	398	403	406	411	415	418	421	424	428	436	441	444
1A_SB	24	d	378	384	393	395	399	404	407	412	416	419	422	425	429	437	442	/
1A_SB	25	a	391	398	407	410	414	418	421	426	430	433	437	440	443	451	456	459
1A_SB	25	d	393	399	408	411	415	419	422	427	431	434	438	441	444	452	457	/
1A_SB	26	a	409	416	424	426	429	433	436	441	445	449	453	456	459	467	473	476
1A_SB	26	d	411	417	425	427	430	434	437	442	446	450	454	457	460	468	474	/
1A_SB	27	a	424	431	438	440	444	449	452	456	460	463	467	470	474	483	487	491
1A_SB	27	d	426	432	439	441	445	450	453	457	461	464	468	471	475	484	488	/
1A_SB	28	a	437	444	451	454	458	464	466	471	474	478	482	485	489	499	504	507
1A_SB	28	d	439	445	452	455	459	465	467	472	475	479	483	486	490	500	505	/
1A_SB	29	a	450	457	464	467	471	477	479	483	487	490	493	496	499	507	512	516
1A_SB	29	d	452	458	465	468	472	478	480	484	488	491	494	497	500	508	513	/
1A_SB	30	a	465	472	481	483	486	492	495	500	504	507	511	514	518	528	533	536
1A_SB	30	d	467	473	482	484	487	493	496	501	505	508	512	515	519	529	534	/
1A_SB	31	a	482	488	496	498	502	508	510	515	519	522	526	529	532	543	548	552
1A_SB	31	d	484	489	497	499	503	509	511	516	520	523	527	530	533	544	549	/
1A_SB	32	a	498	505	513	516	520	525	527	531	534	538	542	545	549	557	562	565
1A_SB	32	d	500	506	514	517	521	526	528	532	535	539	543	546	550	558	563	/
1A_SB	33	a	515	523	534	536	540	546	548	552	555	558	562	565	568	578	583	586
1A_SB	33	d	517	524	535	537	541	547	549	553	556	559	563	566	569	579	584	/
1A_SB	34	a	528	534	543	545	548	554	556	561	565	568	572	576	580	589	595	599
1A_SB	34	d	530	535	544	546	549	555	557	562	566	569	573	577	581	590	596	/
1A_SB	35	a	541	548	555	557	561	567	569	573	577	581	585	589	592	600	605	609
1A_SB	35	d	543	549	556	558	562	568	570	574	578	582	586	590	593	601	606	/
1A_SB	36	a	555	562	571	574	578	584	586	591	595	598	602	606	609	618	623	627
1A_SB	36	d	557	563	572	575	579	585	587	592	596	599	603	607	610	619	624	/
1A_SB	37	a	571	578	585	588	592	597	599	603	607	610	614	617	620	629	635	638
1A_SB	37	d	573	579	586	589	593	598	600	604	608	611	615	618	621	630	636	/
1A_SB	38	a	589	597	606	609	612	616	618	622	625	628	632	635	639	648	654	658
1A_SB	38	d	591	598	607	610	613	617	619	623	626	629	633	636	640	649	655	/
1A_SB	39	a	603	610	619	621	624	629	632	637	640	643	647	651	654	663	669	672
1A_SB	39	d	605	611	620	622	625	630	633	638	641	644	648	652	655	664	670	/
1A_SB	40	a	616	622	631	633	637	643	646	650	654	658	662	665	669	677	682	685
1A_SB	40	d	618	623	632	634	638	644	647	651	655	659	663	666	670	678	683	/
1A_SB	41	a	630	637	645	648	651	657	659	664	668	672	676	680	683	692	697	701
1A_SB	41	d	632	638	646	649	652	658	660	665	669	673	677	681	684	693	698	/
1A_SB	42	a	643	650	658	661	664	669	672	677	680	683	687	691	695	703	708	712
1A_SB	42	d	645	651	659	662	665	670	673	678	681	684	688	692	696	704	709	/
1A_SB	43	a	661	668	678	680	684	689	692	696	700	703	706	709	713	722	727	731
1A_SB	43	d	663	669	679	681	685	690	693	697	701	704	707	710	714	723	728	/
1A_SB	44	a	674	680	689	691	695	701	704	708	711	714	718	721	725	734	739	742
1A_SB	44	d	676	681	690	692	696	702	705	709	712	715	719	722	726	735	740	/
1A_SB	45	a	689	696	703	705	708	715	717	721	724	727	730	733	737	745	750	753
1A_SB	45	d	691	697	704	706	709	716	718	722	725	728	731	734	738	746	751	/
1A_SB	46	a	704	711	719	721	724	730	732	736	740	743	746	749	753	762	768	772
1A_SB	46	d	706	712	720	722	725	731	733	737	741	744	747	750	754	763	769	/
1A_SB	47	a	717	724	733	735	739	745	747	752	755	758	762	766	769	777	783	787
1A_SB	47	d	719	725	734	736	740	746	748	753	756	759	763	767	770	778	784	/
1A_SB	48	a	732	738	747	749	753	759	761	765	769	772	776	779	782	791	797	800
1A_SB	48	d	734	739	748	750	754	760	762	766	770	773	777	780	783	792	798	/
1A_SB	49	a	748	754	765	767	770	775	778	783	787	790	793	797	800	808	813	817
1A_SB	49	d	750	755	766	768	771	776	779	784	788	791	794	798	801	809	814	/
1A_SB	50	a	765	772	780	782	785	790	792	797	801	804	808	811	814	823	829	832
1A_SB	50	d	767	773	781	783	786	791	793	798	802	805	809	812	815	824	830	/
1A_SB	51	a	781	788	796	798	801	807	810	815	819	823	827	831	834	844	849	852
1A_SB	51	d	783	789	797	799	802	808	811	816	820	824	828	832	835	845	850	/
1A_SB	52	a	799	805	813	815	818	824	827	832	836	840	843	846	849	858	863	866
1A_SB	52	d	801	806	814	816	819	825	828	833	837	841	844	847	850	859	864	/
1A_SB	53	a	813	820	828	830	833	839	841	846	850	854	857	860	863	871	876	880
1A_SB	53	d	815	821	829	831	834	840	842	847	851	855	858	861	864	872	877	/
1A_SB	54	a	830	837	844	847	850	856	859	864	867	870	874	877	880	889	894	897
1A_SB	54	d	832	838	845	848	851	857	860	865	868	871	875	878	881	890	895	/
1A_SB	55	a	846	853	861	864	867	872	874	878	882	886	890	893	897	905	910	913
1A_SB	55	d	848	854	862	865	868	873	875	879	883	887	891	894	898	906	911	/
1A_SB	56	a	864	871	878	880	884	890	893	897	901	904	907	911	915	925	930	933
1A_SB	56	d	866	872	879	881	885	891	894	898	902	905	908	912	916	926	931	/
1A_SB	57	a	878	884	893	896	899	905	908	913	917	921	924	928	932	942	947	950
1A_SB	57	d	880	885	894	897	900	906	909	914	918	922	925	929	933	943	948	/
1A_SB	58	a	891	897	906	909	912	918	921	925	929	932	935	939	942	952	957	960
1A_SB	58	d	893	898	907	910	913	919	922	926	930	933	936	940	943	953	958	/
1A_SB	59	a	907	913	922	924	927	932	934	938	942	945	949	952	955	965	969	973
1A_SB	59	d	909	914	923	925	928	933	935	939	943	946	950	953	956	966	970	/
1A_SB	60	a	923	929	937	939	943	949	951	955	958	961	965	969	972	980	985	988
1A_SB	60	d	925	930	938	940	944	950	952	956	959	962	966	970	973	981	986	/
1A_SB	61	a	941	947	954	956	959	965	967	971	975	978	982	985	988	997	1001	1004
1A_SB	61	d	943	948	955	957	960	966	968	972	976	979	983	986	989	998	1002	/
1A_SB	62	a	957	964	972	974	977	983	986	990	994	997	1001	1004	1007	1017	1022	1025
1A_SB	62	d	959	965	973	975	978	984	987	991	995	998	1002	1005	1008	1018	1023	/
1A_SB	63	a	973	979	989	992	996	1001	1004	1009	1013	1016	1019	1022	1025	1035	1040	1044
1A_SB	63	d	975	980	990	993	997	1002	1005	1010	1014	1017	1020	1023	1026	1036	1041	/
1A_SB	64	a	989	995	1002	1005	1008	1013	1015	1020	1024	1028	1031	1034	1038	1047	1052	1056
1A_SB	64	d	991	996	1003	1006	1009	1014	1016	1021	1025	1029	1032	1035	1039	1048	1053	/
1A_NB	1	a	16	22	27	34	39	43	47	50	53	58	61	65	68	72	80	85
1A_NB	1	d	18	23	28	35	40	44	48	51	54	59	62	66	69	73	81	/
1A_NB	2	a	30	35	41	49	54	58	62	65	69	74	78	83	85	89	96	102
1A_NB	2	d	32	36	42	50	55	59	63	66	70	75	79	84	86	90	97	/
1A_NB	3	a	44	50	56	63	68	71	75	78	82	87	91	96	98	102	109	115
1A_NB	3	d	46	51	57	64	69	72	76	79	83	88	92	97	99	103	110	/
1A_NB	4	a	57	63	68	74	80	84	88	91	95	100	103	108	111	115	122	127
1A_NB	4	d	59	64	69	75	81	85	89	92	96	101	104	109	112	116	123	/
1A_NB	5	a	73	78	83	89	94	97	101	104	108	115	118	123	126	130	138	144
1A_NB	5	d	75	79	84	90	95	98	102	105	109	116	119	124	127	131	139	/
1A_NB	6	a	89	94	99	107	113	117	120	124	128	134	138	142	145	149	157	163
1A_NB	6	d	91	95	100	108	114	118	121	125	129	135	139	143	146	150	158	/
1A_NB	7	a	106	111	116	123	129	132	136	140	144	150	153	158	161	164	172	177
1A_NB	7	d	108	112	117	124	130	133	137	141	145	151	154	159	162	165	173	/
1A_NB	8	a	123	128	133	140	145	148	152	155	158	162	165	170	173	177	185	191
1A_NB	8	d	125	129	134	141	146	149	153	156	159	163	166	171	174	178	186	/
1A_NB	9	a	136	141	147	155	159	162	166	169	173	178	181	185	187	191	198	204
1A_NB	9	d	138	142	148	156	160	163	167	170	174	179	182	186	188	192	199	/
1A_NB	10	a	153	158	163	172	177	181	185	188	192	198	201	206	209	212	218	223
1A_NB	10	d	155	159	164	173	178	182	186	189	193	199	202	207	210	213	219	/
1A_NB	11	a	167	172	178	185	191	195	199	203	206	211	214	219	222	225	233	238
1A_NB	11	d	169	173	179	186	192	196	200	204	207	212	215	220	223	226	234	/
1A_NB	12	a	185	190	195	201	206	210	215	219	223	227	230	234	236	240	247	253
1A_NB	12	d	187	191	196	202	207	211	216	220	224	228	231	235	237	241	248	/
1A_NB	13	a	201	206	212	218	224	228	232	235	239	243	247	252	254	258	267	272
1A_NB	13	d	203	207	213	219	225	229	233	236	240	244	248	253	255	259	268	/
1A_NB	14	a	219	224	230	238	243	247	251	254	258	263	266	270	273	277	284	290
1A_NB	14	d	221	225	231	239	244	248	252	255	259	264	267	271	274	278	285	/
1A_NB	15	a	232	237	243	251	256	259	263	266	270	275	279	284	287	291	299	304
1A_NB	15	d	234	238	244	252	257	260	264	267	271	276	280	285	288	292	300	/
1A_NB	16	a	250	255	260	268	273	276	280	283	286	291	294	299	301	305	311	316
1A_NB	16	d	252	256	261	269	274	277	281	284	287	292	295	300	302	306	312	/
1A_NB	17	a	267	272	277	285	291	295	298	302	306	312	315	319	321	325	332	338
1A_NB	17	d	269	273	278	286	292	296	299	303	307	313	316	320	322	326	333	/
1A_NB	18	a	281	287	292	298	304	308	312	315	319	324	327	331	333	337	344	349
1A_NB	18	d	283	288	293	299	305	309	313	316	320	325	328	332	334	338	345	/
1A_NB	19	a	296	302	307	314	320	323	327	331	335	340	343	348	350	354	362	367
1A_NB	19	d	298	303	308	315	321	324	328	332	336	341	344	349	351	355	363	/
1A_NB	20	a	311	316	323	331	336	339	343	347	351	357	360	365	367	371	379	384
1A_NB	20	d	313	317	324	332	337	340	344	348	352	358	361	366	368	372	380	/
1A_NB	21	a	329	334	339	346	351	355	358	362	366	372	375	380	382	386	394	399
1A_NB	21	d	331	335	340	347	352	356	359	363	367	373	376	381	383	387	395	/
1A_NB	22	a	342	347	353	359	365	369	373	376	380	384	387	392	395	399	406	412
1A_NB	22	d	344	348	354	360	366	370	374	377	381	385	388	393	396	400	407	/
1A_NB	23	a	360	365	371	378	384	387	392	396	400	406	410	415	418	422	431	437
1A_NB	23	d	362	366	372	379	385	388	393	397	401	407	411	416	419	423	432	/
1A_NB	24	a	376	381	386	393	398	402	405	409	412	418	422	426	428	432	441	447
1A_NB	24	d	378	382	387	394	399	403	406	410	413	419	423	427	429	433	442	/
1A_NB	25	a	389	394	399	407	413	417	421	424	428	433	436	440	442	446	455	461
1A_NB	25	d	391	395	400	408	414	418	422	425	429	434	437	441	443	447	456	/
1A_NB	26	a	407	413	418	424	429	433	437	441	444	449	453	457	459	463	470	475
1A_NB	26	d	409	414	419	425	430	434	438	442	445	450	454	458	460	464	471	/
1A_NB	27	a	425	430	436	444	450	454	458	462	465	471	474	479	482	486	494	499
1A_NB	27	d	427	431	437	445	451	455	459	463	466	472	475	480	483	487	495	/
1A_NB	28	a	443	448	454	462	468	472	475	478	481	487	490	495	498	502	510	516
1A_NB	28	d	445	449	455	463	469	473	476	479	482	488	491	496	499	503	511	/
1A_NB	29	a	457	462	468	476	482	486	489	492	496	501	504	508	511	515	522	528
1A_NB	29	d	459	463	469	477	483	487	490	493	497	502	505	509	512	516	523	/
1A_NB	30	a	471	476	482	490	494	497	501	505	509	515	518	522	524	527	534	539
1A_NB	30	d	473	477	483	491	495	498	502	506	510	516	519	523	525	528	535	/
1A_NB	31	a	488	493	498	506	511	515	518	521	525	530	533	537	540	544	552	558
1A_NB	31	d	490	494	499	507	512	516	519	522	526	531	534	538	541	545	553	/
1A_NB	32	a	506	511	517	524	530	534	538	541	545	549	552	557	560	564	572	577
1A_NB	32	d	508	512	518	525	531	535	539	542	546	550	553	558	561	565	573	/
1A_NB	33	a	524	530	536	545	551	555	559	562	566	571	575	580	582	586	595	600
1A_NB	33	d	526	531	537	546	552	556	560	563	567	572	576	581	583	587	596	/
1A_NB	34	a	541	546	552	559	565	568	572	576	579	584	587	591	593	597	606	611
1A_NB	34	d	543	547	553	560	566	569	573	577	580	585	588	592	594	598	607	/
1A_NB	35	a	559	564	571	579	584	588	592	595	598	602	606	610	613	617	624	629
1A_NB	35	d	561	565	572	580	585	589	593	596	599	603	607	611	614	618	625	/
1A_NB	36	a	573	578	583	591	597	601	605	609	613	618	621	626	628	632	639	644
1A_NB	36	d	575	579	584	592	598	602	606	610	614	619	622	627	629	633	640	/
1A_NB	37	a	586	591	597	605	610	614	618	621	625	630	633	637	639	643	650	656
1A_NB	37	d	588	592	598	606	611	615	619	622	626	631	634	638	640	644	651	/
1A_NB	38	a	599	604	610	618	624	628	632	635	638	643	646	651	653	657	664	669
1A_NB	38	d	601	605	611	619	625	629	633	636	639	644	647	652	654	658	665	/
1A_NB	39	a	616	621	627	636	641	645	648	651	654	659	662	667	669	673	680	685
1A_NB	39	d	618	622	628	637	642	646	649	652	655	660	663	668	670	674	681	/
1A_NB	40	a	633	638	644	650	656	660	664	668	671	676	679	684	686	689	696	702
1A_NB	40	d	635	639	645	651	657	661	665	669	672	677	680	685	687	690	697	/
1A_NB	41	a	649	655	661	668	672	676	680	683	687	692	696	700	703	707	715	721
1A_NB	41	d	651	656	662	669	673	677	681	684	688	693	697	701	704	708	716	/
1A_NB	42	a	664	670	676	682	687	691	694	697	700	705	708	712	714	718	726	733
1A_NB	42	d	666	671	677	683	688	692	695	698	701	706	709	713	715	719	727	/
1A_NB	43	a	680	686	690	696	701	705	709	712	716	720	723	728	731	734	744	749
1A_NB	43	d	682	687	691	697	702	706	710	713	717	721	724	729	732	735	745	/
1A_NB	44	a	695	701	706	714	720	723	726	730	733	738	742	746	748	752	760	765
1A_NB	44	d	697	702	707	715	721	724	727	731	734	739	743	747	749	753	761	/
1A_NB	45	a	708	713	719	726	732	735	739	743	747	752	755	760	762	767	776	782
1A_NB	45	d	710	714	720	727	733	736	740	744	748	753	756	761	763	768	777	/
1A_NB	46	a	725	730	736	744	750	754	758	762	765	770	774	778	781	785	793	799
1A_NB	46	d	727	731	737	745	751	755	759	763	766	771	775	779	782	786	794	/
1A_NB	47	a	742	748	754	762	768	772	776	779	783	788	792	796	799	802	809	815
1A_NB	47	d	744	749	755	763	769	773	777	780	784	789	793	797	800	803	810	/
1A_NB	48	a	758	764	769	777	782	786	790	793	797	803	807	811	813	817	825	830
1A_NB	48	d	760	765	770	778	783	787	791	794	798	804	808	812	814	818	826	/
1A_NB	49	a	773	778	783	791	796	799	803	807	810	814	818	823	825	829	837	842
1A_NB	49	d	775	779	784	792	797	800	804	808	811	815	819	824	826	830	838	/
1A_NB	50	a	790	796	801	808	814	818	822	825	828	833	836	840	843	847	855	861
1A_NB	50	d	792	797	802	809	815	819	823	826	829	834	837	841	844	848	856	/
1A_NB	51	a	804	809	814	822	827	831	834	838	841	846	850	854	856	860	869	875
1A_NB	51	d	806	810	815	823	828	832	835	839	842	847	851	855	857	861	870	/
1A_NB	52	a	818	823	828	835	840	844	847	850	853	858	861	865	867	871	878	884
1A_NB	52	d	820	824	829	836	841	845	848	851	854	859	862	866	868	872	879	/
1A_NB	53	a	832	837	843	851	856	860	863	866	870	875	879	884	887	891	898	903
1A_NB	53	d	834	838	844	852	857	861	864	867	871	876	880	885	888	892	899	/
1A_NB	54	a	849	854	859	868	873	876	880	883	886	891	894	899	902	905	912	917
1A_NB	54	d	851	855	860	869	874	877	881	884	887	892	895	900	903	906	913	/
1A_NB	55	a	864	869	875	882	887	891	895	899	903	908	911	916	918	922	929	934
1A_NB	55	d	866	870	876	883	888	892	896	900	904	909	912	917	919	923	930	/
1A_NB	56	a	877	882	888	895	901	905	908	911	915	921	924	928	930	934	942	947
1A_NB	56	d	879	883	889	896	902	906	909	912	916	922	925	929	931	935	943	/
1A_NB	57	a	890	896	902	909	915	919	922	926	929	935	938	943	945	949	957	962
1A_NB	57	d	892	897	903	910	916	920	923	927	930	936	939	944	946	950	958	/
1A_NB	58	a	908	913	919	926	931	935	938	941	945	951	955	959	961	965	972	978
1A_NB	58	d	910	914	920	927	932	936	939	942	946	952	956	960	962	966	973	/
1A_NB	59	a	923	929	935	943	949	952	956	959	963	968	971	976	979	982	988	994
1A_NB	59	d	925	930	936	944	950	953	957	960	964	969	972	977	980	983	989	/
1A_NB	60	a	940	945	950	956	961	965	969	973	977	982	986	990	992	995	1002	1007
1A_NB	60	d	942	946	951	957	962	966	970	974	978	983	987	991	993	996	1003	/
1A_NB	61	a	958	963	968	975	981	985	989	993	997	1002	1005	1009	1011	1015	1022	1027
1A_NB	61	d	960	964	969	976	982	986	990	994	998	1003	1006	1010	1012	1016	1023	/
1A_NB	62	a	972	977	984	991	997	1000	1004	1008	1012	1017	1021	1025	1027	1031	1038	1043
1A_NB	62	d	974	978	985	992	998	1001	1005	1009	1013	1018	1022	1026	1028	1032	1039	/
1A_NB	63	a	988	993	999	1006	1012	1016	1020	1024	1028	1033	1036	1040	1042	1047	1054	1059
1A_NB	63	d	990	994	1000	1007	1013	1017	1021	1025	1029	1034	1037	1041	1043	1048	1055	/
1A_NB	64	a	1005	1011	1016	1023	1028	1032	1036	1039	1043	1049	1053	1058	1060	1064	1071	1076
1A_NB	64	d	1007	1012	1017	1024	1029	1033	1037	1040	1044	1050	1054	1059	1061	1065	1072	/
2A_NB	1	a	12	16	21	23	26	29	34	37	41	49	52	58	60	62	66	71	74	78	82	85	92	95
2A_NB	1	d	13	17	22	24	27	30	35	38	42	50	53	59	61	63	67	72	75	79	83	86	93	/
2A_NB	2	a	29	32	37	40	43	46	52	55	58	66	70	77	79	81	85	91	94	97	100	103	110	114
2A_NB	2	d	30	33	38	41	44	47	53	56	59	67	71	78	80	82	86	92	95	98	101	104	111	/
2A_NB	3	a	42	45	51	54	56	60	67	71	75	82	86	92	94	96	100	106	110	113	116	120	128	131
2A_NB	3	d	43	46	52	55	57	61	68	72	76	83	87	93	95	97	101	107	111	114	117	121	129	/
2A_NB	4	a	58	62	68	70	73	76	83	87	91	98	102	108	110	112	116	122	126	130	133	136	143	147
2A_NB	4	d	59	63	69	71	74	77	84	88	92	99	103	109	111	113	117	123	127	131	134	137	144	/
2A_NB	5	a	75	79	84	87	90	93	99	103	106	114	117	123	126	128	132	137	140	144	147	151	159	163
2A_NB	5	d	76	80	85	88	91	94	100	104	107	115	118	124	127	129	133	138	141	145	148	152	160	/
2A_NB	6	a	92	95	101	104	106	109	114	118	121	127	130	136	138	140	143	148	151	155	158	162	170	174
2A_NB	6	d	93	96	102	105	107	110	115	119	122	128	131	137	139	141	144	149	152	156	159	163	171	/
2A_NB	7	a	106	109	115	118	120	124	130	134	137	145	149	154	157	159	162	167	171	174	178	181	189	192
2A_NB	7	d	107	110	116	119	121	125	131	135	138	146	150	155	158	160	163	168	172	175	179	182	190	/
2A_NB	8	a	121	124	129	132	135	138	145	149	152	160	163	168	170	172	176	182	185	188	192	195	202	205
2A_NB	8	d	122	125	130	133	136	139	146	150	153	161	164	169	171	173	177	183	186	189	193	196	203	/
2A_NB	9	a	136	139	145	148	151	155	161	165	168	174	178	184	187	189	192	197	201	205	209	212	218	221
2A_NB	9	d	137	140	146	149	152	156	162	166	169	175	179	185	188	190	193	198	202	206	210	213	219	/
2A_NB	10	a	152	156	161	164	167	170	177	180	183	190	193	199	202	204	207	213	217	221	225	228	235	239
2A_NB	10	d	153	157	162	165	168	171	178	181	184	191	194	200	203	205	208	214	218	222	226	229	236	/
2A_NB	11	a	166	169	174	176	179	182	189	193	196	203	206	213	215	217	221	227	230	233	236	239	246	249
2A_NB	11	d	167	170	175	177	180	183	190	194	197	204	207	214	216	218	222	228	231	234	237	240	247	/
2A_NB	12	a	182	185	190	193	196	199	205	209	213	220	224	231	233	235	239	245	249	253	256	260	267	271
2A_NB	12	d	183	186	191	194	197	200	206	210	214	221	225	232	234	236	240	246	250	254	257	261	268	/
2A_NB	13	a	195	199	204	206	208	211	217	222	226	233	236	243	246	249	253	259	262	265	268	272	281	284
2A_NB	13	d	196	200	205	207	209	212	218	223	227	234	237	244	247	250	254	260	263	266	269	273	282	/
2A_NB	14	a	210	214	220	223	225	228	234	237	240	248	251	257	260	263	267	273	277	280	284	288	294	298
2A_NB	14	d	211	215	221	224	226	229	235	238	241	249	252	258	261	264	268	274	278	281	285	289	295	/
2A_NB	15	a	228	232	238	240	243	246	252	256	259	266	269	276	278	280	284	290	294	297	300	304	311	314
2A_NB	15	d	229	233	239	241	244	247	253	257	260	267	270	277	279	281	285	291	295	298	301	305	312	/
2A_NB	16	a	245	249	254	256	259	262	268	271	274	280	283	290	293	295	298	304	308	312	316	319	327	331
2A_NB	16	d	246	250	255	257	260	263	269	272	275	281	284	291	294	296	299	305	309	313	317	320	328	/
2A_NB	17	a	259	262	268	270	273	276	283	287	290	298	302	309	311	314	317	323	327	331	335	338	346	350
2A_NB	17	d	260	263	269	271	274	277	284	288	291	299	303	310	312	315	318	324	328	332	336	339	347	/
2A_NB	18	a	275	278	285	288	290	293	299	303	307	315	318	323	325	327	330	335	339	343	347	351	358	362
2A_NB	18	d	276	279	286	289	291	294	300	304	308	316	319	324	326	328	331	336	340	344	348	352	359	/
2A_NB	19	a	291	294	300	302	305	308	315	319	323	329	332	338	341	344	348	353	356	360	363	366	373	376
2A_NB	19	d	292	295	301	303	306	309	316	320	324	330	333	339	342	345	349	354	357	361	364	367	374	/
2A_NB	20	a	308	311	316	319	321	324	330	333	337	344	347	353	356	358	362	368	372	375	378	381	388	392
2A_NB	20	d	309	312	317	320	322	325	331	334	338	345	348	354	357	359	363	369	373	376	379	382	389	/
2A_NB	21	a	325	329	336	339	341	344	350	354	357	365	369	374	377	379	382	386	390	393	397	400	406	410
2A_NB	21	d	326	330	337	340	342	345	351	355	358	366	370	375	378	380	383	387	391	394	398	401	407	/
2A_NB	22	a	339	342	349	352	355	358	364	368	372	379	382	388	391	394	398	403	406	409	412	415	423	426
2A_NB	22	d	340	343	350	353	356	359	365	369	373	380	383	389	392	395	399	404	407	410	413	416	424	/
2A_NB	23	a	352	355	361	364	367	371	377	380	383	389	393	398	401	404	408	414	418	421	425	429	437	441
2A_NB	23	d	353	356	362	365	368	372	378	381	384	390	394	399	402	405	409	415	419	422	426	430	438	/
2A_NB	24	a	370	373	378	380	383	386	393	397	400	407	410	416	418	420	423	428	432	435	439	442	450	454
2A_NB	24	d	371	374	379	381	384	387	394	398	401	408	411	417	419	421	424	429	433	436	440	443	451	/
2A_NB	25	a	383	386	391	394	397	401	407	410	414	421	424	430	433	436	440	445	449	452	455	458	465	468
2A_NB	25	d	384	387	392	395	398	402	408	411	415	422	425	431	434	437	441	446	450	453	456	459	466	/
2A_NB	26	a	400	404	410	412	414	417	423	426	429	436	440	447	449	451	455	460	464	467	471	474	482	485
2A_NB	26	d	401	405	411	413	415	418	424	427	430	437	441	448	450	452	456	461	465	468	472	475	483	/
2A_NB	27	a	414	418	424	427	429	433	441	445	449	457	460	466	468	470	474	480	483	486	489	492	499	502
2A_NB	27	d	415	419	425	428	430	434	442	446	450	458	461	467	469	471	475	481	484	487	490	493	500	/
2A_NB	28	a	431	435	441	443	445	448	455	458	462	470	474	480	482	484	488	495	499	502	505	509	517	520
2A_NB	28	d	432	436	442	444	446	449	456	459	463	471	475	481	483	485	489	496	500	503	506	510	518	/
2A_NB	29	a	448	452	458	461	463	466	472	475	479	487	491	496	499	501	504	510	513	517	520	523	531	535
2A_NB	29	d	449	453	459	462	464	467	473	476	480	488	492	497	500	502	505	511	514	518	521	524	532	/
2A_NB	30	a	463	466	471	474	476	479	486	490	493	501	505	510	512	515	518	524	528	531	534	537	544	548
2A_NB	30	d	464	467	472	475	477	480	487	491	494	502	506	511	513	516	519	525	529	532	535	538	545	/
2A_NB	31	a	480	483	489	492	495	498	505	509	512	521	525	531	533	535	539	545	548	551	554	558	566	569
2A_NB	31	d	481	484	490	493	496	499	506	510	513	522	526	532	534	536	540	546	549	552	555	559	567	/
2A_NB	32	a	497	501	506	508	511	514	519	523	526	533	536	542	544	546	549	555	558	561	565	569	576	579
2A_NB	32	d	498	502	507	509	512	515	520	524	527	534	537	543	545	547	550	556	559	562	566	570	577	/
2A_NB	33	a	510	514	520	523	526	530	535	538	542	550	553	559	562	564	567	574	578	581	584	588	597	601
2A_NB	33	d	511	515	521	524	527	531	536	539	543	551	554	560	563	565	568	575	579	582	585	589	598	/
2A_NB	34	a	526	529	534	536	539	542	548	551	555	561	564	570	573	575	579	584	588	592	596	600	607	611
2A_NB	34	d	527	530	535	537	540	543	549	552	556	562	565	571	574	576	580	585	589	593	597	601	608	/
2A_NB	35	a	544	547	552	555	558	561	567	570	574	581	584	590	593	595	599	605	609	612	615	618	625	629
2A_NB	35	d	545	548	553	556	559	562	568	571	575	582	585	591	594	596	600	606	610	613	616	619	626	/
2A_NB	36	a	559	562	567	570	573	576	582	585	588	597	600	605	608	611	615	621	625	629	633	636	643	646
2A_NB	36	d	560	563	568	571	574	577	583	586	589	598	601	606	609	612	616	622	626	630	634	637	644	/
2A_NB	37	a	575	579	584	587	590	593	600	604	607	615	618	624	626	628	632	638	641	645	648	652	660	664
2A_NB	37	d	576	580	585	588	591	594	601	605	608	616	619	625	627	629	633	639	642	646	649	653	661	/
2A_NB	38	a	591	594	599	602	604	608	614	618	622	629	632	638	641	643	646	652	656	660	664	667	674	677
2A_NB	38	d	592	595	600	603	605	609	615	619	623	630	633	639	642	644	647	653	657	661	665	668	675	/
2A_NB	39	a	605	609	615	618	621	625	633	637	640	648	652	658	661	664	668	674	677	680	684	688	697	700
2A_NB	39	d	606	610	616	619	622	626	634	638	641	649	653	659	662	665	669	675	678	681	685	689	698	/
2A_NB	40	a	623	626	631	634	636	640	646	650	654	662	666	672	674	676	680	687	690	693	696	699	706	709
2A_NB	40	d	624	627	632	635	637	641	647	651	655	663	667	673	675	677	681	688	691	694	697	700	707	/
2A_NB	41	a	639	642	647	650	652	656	662	666	669	676	680	686	688	690	694	700	703	706	709	713	720	724
2A_NB	41	d	640	643	648	651	653	657	663	667	670	677	681	687	689	691	695	701	704	707	710	714	721	/
2A_NB	42	a	655	658	662	664	667	670	676	679	682	689	692	698	700	703	707	713	717	720	723	727	734	738
2A_NB	42	d	656	659	663	665	668	671	677	680	683	690	693	699	701	704	708	714	718	721	724	728	735	/
2A_NB	43	a	672	675	680	682	684	688	693	697	701	708	711	716	718	721	725	732	736	739	743	746	754	758
2A_NB	43	d	673	676	681	683	685	689	694	698	702	709	712	717	719	722	726	733	737	740	744	747	755	/
2A_NB	44	a	689	693	698	701	704	708	714	718	721	728	731	737	740	743	748	753	757	761	764	768	776	780
2A_NB	44	d	690	694	699	702	705	709	715	719	722	729	732	738	741	744	749	754	758	762	765	769	777	/
2A_NB	45	a	703	707	713	715	718	722	728	732	735	742	745	751	754	756	759	765	769	773	777	781	787	791
2A_NB	45	d	704	708	714	716	719	723	729	733	736	743	746	752	755	757	760	766	770	774	778	782	788	/
2A_NB	46	a	720	723	729	732	735	739	745	748	752	759	762	769	771	773	776	783	787	791	794	797	804	808
2A_NB	46	d	721	724	730	733	736	740	746	749	753	760	763	770	772	774	777	784	788	792	795	798	805	/
2A_NB	47	a	733	736	742	745	747	751	758	761	765	772	776	782	785	787	791	799	803	807	811	815	823	827
2A_NB	47	d	734	737	743	746	748	752	759	762	766	773	777	783	786	788	792	800	804	808	812	816	824	/
2A_NB	48	a	749	752	757	760	763	767	774	777	780	787	790	796	798	800	804	810	814	818	821	825	832	836
2A_NB	48	d	750	753	758	761	764	768	775	778	781	788	791	797	799	801	805	811	815	819	822	826	833	/
2A_NB	49	a	765	768	773	776	779	782	788	791	795	802	805	812	815	817	821	827	831	835	839	842	850	854
2A_NB	49	d	766	769	774	777	780	783	789	792	796	803	806	813	816	818	822	828	832	836	840	843	851	/
2A_NB	50	a	780	783	789	792	795	798	804	808	812	819	822	828	830	832	835	840	844	847	851	854	862	866
2A_NB	50	d	781	784	790	793	796	799	805	809	813	820	823	829	831	833	836	841	845	848	852	855	863	/
2A_NB	51	a	793	796	802	805	808	811	817	821	825	834	837	845	848	850	854	860	864	867	871	874	882	885
2A_NB	51	d	794	797	803	806	809	812	818	822	826	835	838	846	849	851	855	861	865	868	872	875	883	/
2A_NB	52	a	806	809	815	818	821	824	829	833	836	845	849	856	859	862	866	872	875	879	882	885	892	895
2A_NB	52	d	807	810	816	819	822	825	830	834	837	846	850	857	860	863	867	873	876	880	883	886	893	/
2A_NB	53	a	824	827	833	836	838	842	848	852	855	864	867	873	876	878	881	887	891	895	899	903	911	914
2A_NB	53	d	825	828	834	837	839	843	849	853	856	865	868	874	877	879	882	888	892	896	900	904	912	/
2A_NB	54	a	841	845	851	854	856	860	866	869	872	879	883	889	892	895	899	905	909	912	915	919	926	930
2A_NB	54	d	842	846	852	855	857	861	867	870	873	880	884	890	893	896	900	906	910	913	916	920	927	/
2A_NB	55	a	855	859	865	868	870	873	879	882	885	893	896	901	904	906	909	915	918	921	924	928	935	939
2A_NB	55	d	856	860	866	869	871	874	880	883	886	894	897	902	905	907	910	916	919	922	925	929	936	/
2A_NB	56	a	868	872	878	881	883	886	892	895	898	906	909	915	917	920	924	930	934	937	940	943	951	955
2A_NB	56	d	869	873	879	882	884	887	893	896	899	907	910	916	918	921	925	931	935	938	941	944	952	/
2A_NB	57	a	886	889	895	898	900	903	909	912	916	925	928	934	937	939	943	949	953	957	961	965	971	975
2A_NB	57	d	887	890	896	899	901	904	910	913	917	926	929	935	938	940	944	950	954	958	962	966	972	/
2A_NB	58	a	904	907	913	915	918	922	928	931	934	940	943	948	950	952	956	961	965	968	971	975	983	987
2A_NB	58	d	905	908	914	916	919	923	929	932	935	941	944	949	951	953	957	962	966	969	972	976	984	/
2A_NB	59	a	918	921	927	930	932	936	943	946	950	957	961	968	971	973	977	983	987	991	994	997	1005	1009
2A_NB	59	d	919	922	928	931	933	937	944	947	951	958	962	969	972	974	978	984	988	992	995	998	1006	/
2A_NB	60	a	934	937	943	946	948	951	957	960	963	971	975	980	983	986	989	994	997	1000	1003	1006	1015	1019
2A_NB	60	d	935	938	944	947	949	952	958	961	964	972	976	981	984	987	990	995	998	1001	1004	1007	1016	/
2A_NB	61	a	951	954	959	962	965	968	975	978	981	990	994	1000	1003	1006	1010	1016	1020	1023	1026	1030	1038	1041
2A_NB	61	d	952	955	960	963	966	969	976	979	982	991	995	1001	1004	1007	1011	1017	1021	1024	1027	1031	1039	/
2A_NB	62	a	967	970	975	978	981	985	991	994	997	1005	1009	1015	1017	1019	1023	1029	1033	1036	1039	1042	1049	1053
2A_NB	62	d	968	971	976	979	982	986	992	995	998	1006	1010	1016	1018	1020	1024	1030	1034	1037	1040	1043	1050	/
2A_NB	63	a	981	984	989	992	995	998	1003	1006	1010	1017	1021	1028	1030	1033	1037	1042	1046	1049	1052	1056	1065	1069
2A_NB	63	d	982	985	990	993	996	999	1004	1007	1011	1018	1022	1029	1031	1034	1038	1043	1047	1050	1053	1057	1066	/
2A_NB	64	a	996	1000	1005	1007	1009	1012	1018	1021	1024	1033	1037	1042	1044	1047	1051	1056	1060	1063	1066	1070	1078	1082
2A_NB	64	d	997	1001	1006	1008	1010	1013	1019	1022	1025	1034	1038	1043	1045	1048	1052	1057	1061	1064	1067	1071	1079	/
2A_SB	1	a	15	18	26	29	32	35	39	44	47	50	54	57	62	66	71	74	77	84	87	91	95	98	109	114
2A_SB	1	d	17	19	27	30	33	36	40	45	48	51	55	58	63	67	72	75	78	85	88	92	96	99	110	/
2A_SB	2	a	33	37	44	48	51	53	57	63	65	68	73	76	82	86	92	95	99	105	108	111	114	118	128	133
2A_SB	2	d	35	38	45	49	52	54	58	64	66	69	74	77	83	87	93	96	100	106	109	112	115	119	129	/
2A_SB	3	a	51	55	62	65	68	71	75	81	83	86	90	93	99	103	108	112	115	122	125	128	132	135	145	150
2A_SB	3	d	53	56	63	66	69	72	76	82	84	87	91	94	100	104	109	113	116	123	126	129	133	136	146	/
2A_SB	4	a	66	69	75	78	81	83	86	92	95	99	102	105	110	114	120	123	126	132	135	138	142	145	155	161
2A_SB	4	d	68	70	76	79	82	84	87	93	96	100	103	106	111	115	121	124	127	133	136	139	143	146	156	/
2A_SB	5	a	79	82	89	93	96	98	102	108	110	113	116	119	125	129	134	137	141	147	150	153	157	160	171	177
2A_SB	5	d	81	83	90	94	97	99	103	109	111	114	117	120	126	130	135	138	142	148	151	154	158	161	172	/
2A_SB	6	a	94	98	106	109	112	115	118	125	128	131	134	138	144	147	153	156	160	166	168	171	175	178	190	196
2A_SB	6	d	96	99	107	110	113	116	119	126	129	132	135	139	145	148	154	157	161	167	169	172	176	179	191	/
2A_SB	7	a	108	112	120	124	128	131	134	139	142	145	148	152	157	160	166	169	173	178	180	183	186	190	202	208
2A_SB	7	d	110	113	121	125	129	132	135	140	143	146	149	153	158	161	167	170	174	179	181	184	187	191	203	/
2A_SB	8	a	126	129	136	139	143	145	149	155	158	161	165	169	174	178	185	189	192	197	199	202	205	209	222	228
2A_SB	8	d	128	130	137	140	144	146	150	156	159	162	166	170	175	179	186	190	193	198	200	203	206	210	223	/
2A_SB	9	a	142	146	154	158	162	164	168	174	176	179	182	185	190	193	198	202	206	212	215	219	222	225	240	246
2A_SB	9	d	144	147	155	159	163	165	169	175	177	180	183	186	191	194	199	203	207	213	216	220	223	226	241	/
2A_SB	10	a	156	159	166	169	173	176	180	186	189	192	195	198	204	207	212	215	219	225	228	232	235	238	253	259
2A_SB	10	d	158	160	167	170	174	177	181	187	190	193	196	199	205	208	213	216	220	226	229	233	236	239	254	/
2A_SB	11	a	171	174	180	183	187	189	193	199	202	205	208	211	217	221	227	230	233	239	242	246	249	252	264	269
2A_SB	11	d	173	175	181	184	188	190	194	200	203	206	209	212	218	222	228	231	234	240	243	247	250	253	265	/
2A_SB	12	a	187	190	198	202	206	208	211	217	219	223	227	231	236	240	246	250	253	259	262	266	269	272	282	287
2A_SB	12	d	189	191	199	203	207	209	212	218	220	224	228	232	237	241	247	251	254	260	263	267	270	273	283	/
2A_SB	13	a	201	205	210	213	216	218	222	228	230	233	237	241	247	250	256	259	263	269	272	276	279	282	292	297
2A_SB	13	d	203	206	211	214	217	219	223	229	231	234	238	242	248	251	257	260	264	270	273	277	280	283	293	/
2A_SB	14	a	216	219	225	228	232	235	238	244	246	249	253	257	263	267	272	275	279	285	288	291	295	299	311	316
2A_SB	14	d	218	220	226	229	233	236	239	245	247	250	254	258	264	268	273	276	280	286	289	292	296	300	312	/
2A_SB	15	a	230	234	241	244	248	251	254	260	263	266	270	274	279	283	289	293	297	303	306	309	313	316	325	331
2A_SB	15	d	232	235	242	245	249	252	255	261	264	267	271	275	280	284	290	294	298	304	307	310	314	317	326	/
2A_SB	16	a	243	247	254	258	262	265	268	274	276	280	284	288	293	297	303	306	310	315	317	321	325	328	337	343
2A_SB	16	d	245	248	255	259	263	266	269	275	277	281	285	289	294	298	304	307	311	316	318	322	326	329	338	/
2A_SB	17	a	258	262	270	273	276	279	282	287	290	293	296	300	305	309	315	319	322	328	330	334	338	341	352	357
2A_SB	17	d	260	263	271	274	277	280	283	288	291	294	297	301	306	310	316	320	323	329	331	335	339	342	353	/
2A_SB	18	a	275	278	285	289	292	295	299	305	308	312	315	318	324	327	333	336	340	346	349	353	357	360	373	378
2A_SB	18	d	277	279	286	290	293	296	300	306	309	313	316	319	325	328	334	337	341	347	350	354	358	361	374	/
2A_SB	19	a	290	294	301	305	308	311	315	321	323	326	329	332	337	340	347	350	354	360	363	366	370	373	386	391
2A_SB	19	d	292	295	302	306	309	312	316	322	324	327	330	333	338	341	348	351	355	361	364	367	371	374	387	/
2A_SB	20	a	307	310	316	320	323	326	330	336	338	342	345	349	354	357	362	365	369	374	377	380	384	388	401	406
2A_SB	20	d	309	311	317	321	324	327	331	337	339	343	346	350	355	358	363	366	370	375	378	381	385	389	402	/
2A_SB	21	a	322	325	332	335	338	340	344	351	353	356	359	363	368	371	376	380	384	389	392	396	400	403	414	421
2A_SB	21	d	324	326	333	336	339	341	345	352	354	357	360	364	369	372	377	381	385	390	393	397	401	404	415	/
2A_SB	22	a	335	338	344	347	351	353	357	364	367	370	374	377	382	385	390	394	397	404	407	411	414	418	432	437
2A_SB	22	d	337	339	345	348	352	354	358	365	368	371	375	378	383	386	391	395	398	405	408	412	415	419	433	/
2A_SB	23	a	349	353	359	363	366	368	371	377	379	383	387	390	395	398	404	408	412	418	421	424	428	432	446	452
2A_SB	23	d	351	354	360	364	367	369	372	378	380	384	388	391	396	399	405	409	413	419	422	425	429	433	447	/
2A_SB	24	a	367	371	377	381	384	386	390	396	398	401	405	409	414	418	424	428	431	437	440	444	448	452	463	468
2A_SB	24	d	369	372	378	382	385	387	391	397	399	402	406	410	415	419	425	429	432	438	441	445	449	453	464	/
2A_SB	25	a	380	384	392	395	398	400	403	409	412	415	419	423	429	433	439	443	447	453	455	459	463	466	477	482
2A_SB	25	d	382	385	393	396	399	401	404	410	413	416	420	424	430	434	440	444	448	454	456	460	464	467	478	/
2A_SB	26	a	398	402	411	414	417	420	423	428	430	434	438	441	447	451	457	460	464	470	473	477	481	484	496	501
2A_SB	26	d	400	403	412	415	418	421	424	429	431	435	439	442	448	452	458	461	465	471	474	478	482	485	497	/
2A_SB	27	a	411	414	420	424	428	431	434	439	441	444	448	451	456	459	465	469	473	479	482	485	488	491	503	508
2A_SB	27	d	413	415	421	425	429	432	435	440	442	445	449	452	457	460	466	470	474	480	483	486	489	492	504	/
2A_SB	28	a	425	429	436	440	443	445	448	453	456	459	463	466	472	476	481	484	488	493	496	499	502	505	516	521
2A_SB	28	d	427	430	437	441	444	446	449	454	457	460	464	467	473	477	482	485	489	494	497	500	503	506	517	/
2A_SB	29	a	442	445	452	455	459	461	464	470	473	476	480	483	488	491	497	500	504	510	513	516	519	523	534	539
2A_SB	29	d	444	446	453	456	460	462	465	471	474	477	481	484	489	492	498	501	505	511	514	517	520	524	535	/
2A_SB	30	a	457	460	467	471	475	478	481	487	490	494	498	502	508	512	519	522	526	531	533	536	539	542	554	560
2A_SB	30	d	459	461	468	472	476	479	482	488	491	495	499	503	509	513	520	523	527	532	534	537	540	543	555	/
2A_SB	31	a	470	473	480	483	487	489	492	498	501	505	509	512	518	522	529	533	537	542	544	547	551	554	569	575
2A_SB	31	d	472	474	481	484	488	490	493	499	502	506	510	513	519	523	530	534	538	543	545	548	552	555	570	/
2A_SB	32	a	483	487	494	498	502	504	507	512	515	519	523	526	532	535	540	543	547	553	555	558	562	566	581	587
2A_SB	32	d	485	488	495	499	503	505	508	513	516	520	524	527	533	536	541	544	548	554	556	559	563	567	582	/
2A_SB	33	a	497	501	508	512	515	517	521	526	529	532	536	539	545	548	554	558	562	568	570	573	577	581	593	598
2A_SB	33	d	499	502	509	513	516	518	522	527	530	533	537	540	546	549	555	559	563	569	571	574	578	582	594	/
2A_SB	34	a	511	514	521	524	528	530	533	539	542	546	550	553	559	562	568	572	576	582	584	587	591	595	606	612
2A_SB	34	d	513	515	522	525	529	531	534	540	543	547	551	554	560	563	569	573	577	583	585	588	592	596	607	/
2A_SB	35	a	529	533	539	543	547	549	553	558	561	565	569	573	579	582	587	591	594	600	603	606	609	612	622	627
2A_SB	35	d	531	534	540	544	548	550	554	559	562	566	570	574	580	583	588	592	595	601	604	607	610	613	623	/
2A_SB	36	a	543	546	553	557	560	562	565	570	573	576	580	584	589	593	598	602	606	611	614	617	620	623	633	638
2A_SB	36	d	545	547	554	558	561	563	566	571	574	577	581	585	590	594	599	603	607	612	615	618	621	624	634	/
2A_SB	37	a	561	564	571	574	577	579	583	589	592	595	598	601	607	611	618	621	625	631	634	637	641	644	656	662
2A_SB	37	d	563	565	572	575	578	580	584	590	593	596	599	602	608	612	619	622	626	632	635	638	642	645	657	/
2A_SB	38	a	578	581	589	593	596	598	601	607	610	613	616	619	625	628	634	638	641	648	651	655	660	663	674	679
2A_SB	38	d	580	582	590	594	597	599	602	608	611	614	617	620	626	629	635	639	642	649	652	656	661	664	675	/
2A_SB	39	a	594	597	604	607	611	613	617	624	627	630	633	636	642	645	651	655	659	664	666	670	674	677	687	692
2A_SB	39	d	596	598	605	608	612	614	618	625	628	631	634	637	643	646	652	656	660	665	667	671	675	678	688	/
2A_SB	40	a	609	613	621	624	628	630	634	640	642	645	648	651	656	660	666	669	673	678	681	684	687	690	701	707
2A_SB	40	d	611	614	622	625	629	631	635	641	643	646	649	652	657	661	667	670	674	679	682	685	688	691	702	/
2A_SB	41	a	627	630	636	639	642	644	647	654	657	660	663	666	670	674	679	683	687	694	697	700	703	707	718	724
2A_SB	41	d	629	631	637	640	643	645	648	655	658	661	664	667	671	675	680	684	688	695	698	701	704	708	719	/
2A_SB	42	a	644	647	654	657	660	662	665	671	674	677	680	684	690	694	700	703	707	712	714	718	722	726	738	743
2A_SB	42	d	646	648	655	658	661	663	666	672	675	678	681	685	691	695	701	704	708	713	715	719	723	727	739	/
2A_SB	43	a	657	660	667	671	675	677	681	687	690	693	696	700	706	709	716	719	722	727	730	733	737	740	752	758
2A_SB	43	d	659	661	668	672	676	678	682	688	691	694	697	701	707	710	717	720	723	728	731	734	738	741	753	/
2A_SB	44	a	670	673	680	683	686	688	692	699	702	705	709	713	718	721	727	731	734	740	743	746	750	753	762	768
2A_SB	44	d	672	674	681	684	687	689	693	700	703	706	710	714	719	722	728	732	735	741	744	747	751	754	763	/
2A_SB	45	a	685	688	695	699	703	705	709	715	718	721	725	728	733	737	742	745	749	756	759	763	767	770	782	787
2A_SB	45	d	687	689	696	700	704	706	710	716	719	722	726	729	734	738	743	746	750	757	760	764	768	771	783	/
2A_SB	46	a	699	702	709	712	716	719	723	730	733	736	740	743	749	753	759	762	766	772	775	778	782	785	795	800
2A_SB	46	d	701	703	710	713	717	720	724	731	734	737	741	744	750	754	760	763	767	773	776	779	783	786	796	/
2A_SB	47	a	717	720	729	732	735	737	740	747	750	753	757	761	766	770	776	779	783	789	792	795	798	801	811	816
2A_SB	47	d	719	721	730	733	736	738	741	748	751	754	758	762	767	771	777	780	784	790	793	796	799	802	812	/
2A_SB	48	a	734	737	745	749	753	755	759	766	769	772	776	779	785	789	794	797	801	807	810	813	817	820	832	838
2A_SB	48	d	736	738	746	750	754	756	760	767	770	773	777	780	786	790	795	798	802	808	811	814	818	821	833	/
2A_SB	49	a	747	750	758	761	765	767	771	777	780	783	786	790	796	799	804	807	811	818	820	823	827	830	843	848
2A_SB	49	d	749	751	759	762	766	768	772	778	781	784	787	791	797	800	805	808	812	819	821	824	828	831	844	/
2A_SB	50	a	761	765	771	774	777	779	783	789	792	795	798	801	806	809	815	818	821	828	830	833	837	840	853	858
2A_SB	50	d	763	766	772	775	778	780	784	790	793	796	799	802	807	810	816	819	822	829	831	834	838	841	854	/
2A_SB	51	a	776	779	786	790	793	796	799	804	807	810	813	817	823	826	831	834	838	844	846	849	853	857	868	874
2A_SB	51	d	778	780	787	791	794	797	800	805	808	811	814	818	824	827	832	835	839	845	847	850	854	858	869	/
2A_SB	52	a	791	794	802	805	808	810	813	819	822	825	828	831	838	841	846	849	853	858	860	863	866	870	883	889
2A_SB	52	d	793	795	803	806	809	811	814	820	823	826	829	832	839	842	847	850	854	859	861	864	867	871	884	/
2A_SB	53	a	807	811	819	822	826	828	831	838	840	843	847	850	856	859	864	867	871	877	879	882	886	889	903	908
2A_SB	53	d	809	812	820	823	827	829	832	839	841	844	848	851	857	860	865	868	872	878	880	883	887	890	904	/
2A_SB	54	a	821	825	832	836	840	842	846	852	855	858	862	865	870	874	880	883	887	893	896	899	903	906	919	925
2A_SB	54	d	823	826	833	837	841	843	847	853	856	859	863	866	871	875	881	884	888	894	897	900	904	907	920	/
2A_SB	55	a	836	839	846	850	854	857	860	865	868	871	874	877	882	886	892	896	900	906	909	912	916	919	931	937
2A_SB	55	d	838	840	847	851	855	858	861	866	869	872	875	878	883	887	893	897	901	907	910	913	917	920	932	/
2A_SB	56	a	852	856	863	867	871	873	877	883	885	888	892	895	901	904	910	914	918	925	928	932	936	939	952	958
2A_SB	56	d	854	857	864	868	872	874	878	884	886	889	893	896	902	905	911	915	919	926	929	933	937	940	953	/
2A_SB	57	a	870	873	880	884	887	889	893	899	902	905	909	912	918	921	927	930	934	939	942	946	950	954	966	971
2A_SB	57	d	872	874	881	885	888	890	894	900	903	906	910	913	919	922	928	931	935	940	943	947	951	955	967	/
2A_SB	58	a	885	888	894	897	900	902	906	911	914	917	920	923	929	933	939	942	946	952	955	958	962	966	976	981
2A_SB	58	d	887	889	895	898	901	903	907	912	915	918	921	924	930	934	940	943	947	953	956	959	963	967	977	/
2A_SB	59	a	900	903	911	914	917	919	923	929	931	934	937	940	946	950	956	959	963	968	971	974	977	981	993	999
2A_SB	59	d	902	904	912	915	918	920	924	930	932	935	938	941	947	951	957	960	964	969	972	975	978	982	994	/
2A_SB	60	a	917	920	929	933	936	938	941	947	950	953	957	960	965	969	974	978	982	987	990	993	997	1000	1013	1018
2A_SB	60	d	919	921	930	934	937	939	942	948	951	954	958	961	966	970	975	979	983	988	991	994	998	1001	1014	/
2A_SB	61	a	931	935	942	946	949	951	955	962	965	968	971	974	980	983	990	994	998	1003	1006	1010	1013	1016	1028	1033
2A_SB	61	d	933	936	943	947	950	952	956	963	966	969	972	975	981	984	991	995	999	1004	1007	1011	1014	1017	1029	/
2A_SB	62	a	948	951	957	960	964	966	969	974	977	980	983	987	993	997	1003	1007	1011	1017	1019	1022	1026	1029	1042	1047
2A_SB	62	d	950	952	958	961	965	967	970	975	978	981	984	988	994	998	1004	1008	1012	1018	1020	1023	1027	1030	1043	/
2A_SB	63	a	965	968	976	980	983	985	988	993	995	998	1001	1004	1009	1013	1018	1022	1025	1032	1035	1039	1042	1046	1057	1062
2A_SB	63	d	967	969	977	981	984	986	989	994	996	999	1002	1005	1010	1014	1019	1023	1026	1033	1036	1040	1043	1047	1058	/
2A_SB	64	a	983	986	993	997	1001	1004	1007	1013	1016	1019	1023	1026	1032	1035	1041	1044	1047	1053	1056	1060	1064	1067	1080	1086
2A_SB	64	d	985	987	994	998	1002	1005	1008	1014	1017	1020	1024	1027	1033	1036	1042	1045	1048	1054	1057	1061	1065	1068	1081	/
3A_SB	1	a	14	20	26	30	33	37	39	42	45	49	51	53	56	59	62	65	69	72
3A_SB	1	d	15	21	27	31	34	38	40	43	46	50	52	54	57	60	63	66	70	/
3A_SB	2	a	27	33	39	42	45	49	51	54	57	61	63	65	69	72	75	79	82	85
3A_SB	2	d	28	34	40	43	46	50	52	55	58	62	64	66	70	73	76	80	83	/
3A_SB	3	a	43	49	55	58	62	66	68	71	74	77	80	83	86	89	93	97	100	103
3A_SB	3	d	44	50	56	59	63	67	69	72	75	78	81	84	87	90	94	98	101	/
3A_SB	4	a	59	65	71	74	77	80	82	85	88	91	93	96	100	103	107	110	113	116
3A_SB	4	d	60	66	72	75	78	81	83	86	89	92	94	97	101	104	108	111	114	/
3A_SB	5	a	77	83	90	94	97	101	104	106	109	113	115	118	122	125	128	131	134	138
3A_SB	5	d	78	84	91	95	98	102	105	107	110	114	116	119	123	126	129	132	135	/
3A_SB	6	a	93	99	104	108	111	114	116	118	121	124	126	129	133	136	140	144	148	152
3A_SB	6	d	94	100	105	109	112	115	117	119	122	125	127	130	134	137	141	145	149	/
3A_SB	7	a	107	113	119	122	126	129	132	135	138	141	143	146	149	152	155	159	162	165
3A_SB	7	d	108	114	120	123	127	130	133	136	139	142	144	147	150	153	156	160	163	/
3A_SB	8	a	122	127	133	136	139	143	145	148	151	155	157	160	164	167	171	175	178	181
3A_SB	8	d	123	128	134	137	140	144	146	149	152	156	158	161	165	168	172	176	179	/
3A_SB	9	a	136	142	148	151	155	159	161	164	168	172	174	176	179	183	187	190	194	198
3A_SB	9	d	137	143	149	152	156	160	162	165	169	173	175	177	180	184	188	191	195	/
3A_SB	10	a	150	155	161	164	167	171	174	177	181	185	187	190	194	198	202	205	208	212
3A_SB	10	d	151	156	162	165	168	172	175	178	182	186	188	191	195	199	203	206	209	/
3A_SB	11	a	165	171	178	181	184	188	190	193	197	200	203	205	209	213	217	221	224	227
3A_SB	11	d	166	172	179	182	185	189	191	194	198	201	204	206	210	214	218	222	225	/
3A_SB	12	a	179	185	191	195	198	201	204	207	210	214	216	218	222	226	230	234	237	240
3A_SB	12	d	180	186	192	196	199	202	205	208	211	215	217	219	223	227	231	235	238	/
3A_SB	13	a	193	199	204	207	210	213	216	219	222	226	228	230	234	238	242	246	249	252
3A_SB	13	d	194	200	205	208	211	214	217	220	223	227	229	231	235	239	243	247	250	/
3A_SB	14	a	206	212	218	221	224	228	230	233	237	241	243	246	250	254	257	260	263	266
3A_SB	14	d	207	213	219	222	225	229	231	234	238	242	244	247	251	255	258	261	264	/
3A_SB	15	a	224	230	236	239	242	245	247	249	253	257	259	261	264	267	270	273	276	279
3A_SB	15	d	225	231	237	240	243	246	248	250	254	258	260	262	265	268	271	274	277	/
3A_SB	16	a	241	248	254	257	260	263	265	267	271	275	277	280	284	287	291	294	297	300
3A_SB	16	d	242	249	255	258	261	264	266	268	272	276	278	281	285	288	292	295	298	/
3A_SB	17	a	257	262	267	270	274	277	279	282	285	289	291	293	297	300	305	308	312	315
3A_SB	17	d	258	263	268	271	275	278	280	283	286	290	292	294	298	301	306	309	313	/
3A_SB	18	a	270	276	282	286	289	293	295	297	300	304	306	309	313	316	320	324	327	330
3A_SB	18	d	271	277	283	287	290	294	296	298	301	305	307	310	314	317	321	325	328	/
3A_SB	19	a	284	290	296	300	304	308	311	314	317	320	322	325	329	332	335	339	342	346
3A_SB	19	d	285	291	297	301	305	309	312	315	318	321	323	326	330	333	336	340	343	/
3A_SB	20	a	302	308	314	318	322	325	327	330	333	336	339	341	344	347	351	355	358	362
3A_SB	20	d	303	309	315	319	323	326	328	331	334	337	340	342	345	348	352	356	359	/
3A_SB	21	a	317	323	329	333	336	340	343	346	349	353	356	358	362	366	370	373	376	379
3A_SB	21	d	318	324	330	334	337	341	344	347	350	354	357	359	363	367	371	374	377	/
3A_SB	22	a	334	339	344	347	350	354	357	360	364	368	370	372	376	379	383	386	389	392
3A_SB	22	d	335	340	345	348	351	355	358	361	365	369	371	373	377	380	384	387	390	/
3A_SB	23	a	352	358	363	366	370	374	377	380	384	388	390	392	395	399	403	406	409	412
3A_SB	23	d	353	359	364	367	371	375	378	381	385	389	391	393	396	400	404	407	410	/
3A_SB	24	a	365	371	377	381	384	388	391	394	397	401	403	405	409	412	416	419	423	426
3A_SB	24	d	366	372	378	382	385	389	392	395	398	402	404	406	410	413	417	420	424	/
3A_SB	25	a	379	385	391	394	397	400	403	406	410	414	416	418	422	425	429	432	436	440
3A_SB	25	d	380	386	392	395	398	401	404	407	411	415	417	419	423	426	430	433	437	/
3A_SB	26	a	397	402	408	411	414	418	421	424	427	430	432	434	437	440	444	448	451	454
3A_SB	26	d	398	403	409	412	415	419	422	425	428	431	433	435	438	441	445	449	452	/
3A_SB	27	a	415	420	426	429	433	436	438	440	443	447	449	452	456	460	464	468	472	475
3A_SB	27	d	416	421	427	430	434	437	439	441	444	448	450	453	457	461	465	469	473	/
3A_SB	28	a	433	439	444	448	451	454	457	460	463	467	469	471	475	478	482	485	488	491
3A_SB	28	d	434	440	445	449	452	455	458	461	464	468	470	472	476	479	483	486	489	/
3A_SB	29	a	450	456	461	464	468	471	474	476	479	482	485	487	491	494	497	500	503	506
3A_SB	29	d	451	457	462	465	469	472	475	477	480	483	486	488	492	495	498	501	504	/
3A_SB	30	a	467	472	479	482	485	488	490	493	496	499	501	503	507	511	514	517	520	524
3A_SB	30	d	468	473	480	483	486	489	491	494	497	500	502	504	508	512	515	518	521	/
3A_SB	31	a	485	490	497	500	504	508	510	513	516	519	521	523	526	530	533	537	541	545
3A_SB	31	d	486	491	498	501	505	509	511	514	517	520	522	524	527	531	534	538	542	/
3A_SB	32	a	503	508	515	519	522	526	528	531	534	538	540	543	547	550	554	557	560	563
3A_SB	32	d	504	509	516	520	523	527	529	532	535	539	541	544	548	551	555	558	561	/
3A_SB	33	a	517	522	529	532	535	539	541	544	547	551	553	556	560	564	568	571	575	578
3A_SB	33	d	518	523	530	533	536	540	542	545	548	552	554	557	561	565	569	572	576	/
3A_SB	34	a	530	535	541	544	547	550	552	555	558	562	564	566	570	573	577	580	584	587
3A_SB	34	d	531	536	542	545	548	551	553	556	559	563	565	567	571	574	578	581	585	/
3A_SB	35	a	545	551	557	560	564	568	571	574	578	581	583	585	589	593	597	600	604	607
3A_SB	35	d	546	552	558	561	565	569	572	575	579	582	584	586	590	594	598	601	605	/
3A_SB	36	a	562	567	574	578	581	585	587	589	593	597	599	601	604	607	611	615	618	621
3A_SB	36	d	563	568	575	579	582	586	588	590	594	598	600	602	605	608	612	616	619	/
3A_SB	37	a	579	584	589	592	595	598	600	603	606	610	612	614	617	620	624	628	631	635
3A_SB	37	d	580	585	590	593	596	599	601	604	607	611	613	615	618	621	625	629	632	/
3A_SB	38	a	597	603	609	612	616	620	622	625	628	631	633	636	640	643	647	650	653	656
3A_SB	38	d	598	604	610	613	617	621	623	626	629	632	634	637	641	644	648	651	654	/
3A_SB	39	a	614	620	626	630	633	636	639	642	645	649	651	654	658	662	666	670	673	676
3A_SB	39	d	615	621	627	631	634	637	640	643	646	650	652	655	659	663	667	671	674	/
3A_SB	40	a	627	633	639	642	645	649	652	655	659	663	666	669	673	676	679	683	686	689
3A_SB	40	d	628	634	640	643	646	650	653	656	660	664	667	670	674	677	680	684	687	/
3A_SB	41	a	641	647	653	656	660	663	665	667	671	675	677	679	683	687	690	693	696	699
3A_SB	41	d	642	648	654	657	661	664	666	668	672	676	678	680	684	688	691	694	697	/
3A_SB	42	a	657	663	669	673	677	681	683	686	689	693	696	698	702	705	709	712	716	720
3A_SB	42	d	658	664	670	674	678	682	684	687	690	694	697	699	703	706	710	713	717	/
3A_SB	43	a	672	679	685	688	692	695	697	700	703	707	709	711	715	718	722	725	728	731
3A_SB	43	d	673	680	686	689	693	696	698	701	704	708	710	712	716	719	723	726	729	/
3A_SB	44	a	689	695	701	704	707	711	714	717	720	724	726	729	732	736	739	742	745	748
3A_SB	44	d	690	696	702	705	708	712	715	718	721	725	727	730	733	737	740	743	746	/
3A_SB	45	a	705	711	717	720	724	727	730	733	736	739	741	743	746	749	753	756	759	762
3A_SB	45	d	706	712	718	721	725	728	731	734	737	740	742	744	747	750	754	757	760	/
3A_SB	46	a	718	724	731	734	737	741	743	745	748	751	753	756	759	762	766	770	773	776
3A_SB	46	d	719	725	732	735	738	742	744	746	749	752	754	757	760	763	767	771	774	/
3A_SB	47	a	733	738	744	748	751	755	757	759	762	766	768	770	774	777	781	784	787	790
3A_SB	47	d	734	739	745	749	752	756	758	760	763	767	769	771	775	778	782	785	788	/
3A_SB	48	a	746	751	758	761	764	768	770	773	776	780	782	784	788	792	795	798	801	804
3A_SB	48	d	747	752	759	762	765	769	771	774	777	781	783	785	789	793	796	799	802	/
3A_SB	49	a	762	767	773	777	781	784	786	789	792	796	798	800	803	807	810	814	817	820
3A_SB	49	d	763	768	774	778	782	785	787	790	793	797	799	801	804	808	811	815	818	/
3A_SB	50	a	780	785	792	796	800	803	805	808	812	815	818	820	824	827	830	834	838	841
3A_SB	50	d	781	786	793	797	801	804	806	809	813	816	819	821	825	828	831	835	839	/
3A_SB	51	a	795	800	808	811	814	818	820	822	825	829	832	834	838	841	844	847	851	855
3A_SB	51	d	796	801	809	812	815	819	821	823	826	830	833	835	839	842	845	848	852	/
3A_SB	52	a	808	813	820	824	828	831	833	836	839	842	844	846	849	852	855	858	861	864
3A_SB	52	d	809	814	821	825	829	832	834	837	840	843	845	847	850	853	856	859	862	/
3A_SB	53	a	824	830	836	839	842	845	847	849	852	855	857	859	863	867	870	874	877	880
3A_SB	53	d	825	831	837	840	843	846	848	850	853	856	858	860	864	868	871	875	878	/
3A_SB	54	a	842	848	854	858	861	865	868	870	873	876	878	880	884	887	891	895	898	901
3A_SB	54	d	843	849	855	859	862	866	869	871	874	877	879	881	885	888	892	896	899	/
3A_SB	55	a	860	865	872	875	879	883	885	888	892	896	898	900	903	907	911	914	917	920
3A_SB	55	d	861	866	873	876	880	884	886	889	893	897	899	901	904	908	912	915	918	/
3A_SB	56	a	874	880	885	888	891	894	897	900	904	908	910	913	916	920	923	926	929	932
3A_SB	56	d	875	881	886	889	892	895	898	901	905	909	911	914	917	921	924	927	930	/
3A_SB	57	a	888	894	899	902	905	909	911	914	917	921	923	926	929	932	935	939	942	945
3A_SB	57	d	889	895	900	903	906	910	912	915	918	922	924	927	930	933	936	940	943	/
3A_SB	58	a	905	910	915	918	921	924	926	929	932	936	938	940	943	946	949	952	956	959
3A_SB	58	d	906	911	916	919	922	925	927	930	933	937	939	941	944	947	950	953	957	/
3A_SB	59	a	920	926	931	934	938	941	943	946	949	952	954	956	960	963	966	970	974	977
3A_SB	59	d	921	927	932	935	939	942	944	947	950	953	955	957	961	964	967	971	975	/
3A_SB	60	a	936	942	948	951	954	957	959	962	966	970	972	974	978	982	986	989	993	997
3A_SB	60	d	937	943	949	952	955	958	960	963	967	971	973	975	979	983	987	990	994	/
3A_SB	61	a	954	960	966	969	973	977	980	982	985	988	990	992	995	999	1002	1006	1010	1013
3A_SB	61	d	955	961	967	970	974	978	981	983	986	989	991	993	996	1000	1003	1007	1011	/
3A_SB	62	a	970	976	982	985	988	992	995	998	1001	1004	1006	1009	1013	1016	1019	1023	1026	1030
3A_SB	62	d	971	977	983	986	989	993	996	999	1002	1005	1007	1010	1014	1017	1020	1024	1027	/
3A_SB	63	a	987	993	1000	1003	1006	1010	1013	1016	1019	1023	1025	1028	1032	1035	1039	1042	1045	1048
3A_SB	63	d	988	994	1001	1004	1007	1011	1014	1017	1020	1024	1026	1029	1033	1036	1040	1043	1046	/
3A_SB	64	a	1002	1008	1014	1018	1021	1024	1026	1029	1032	1036	1038	1040	1044	1048	1052	1055	1058	1061
3A_SB	64	d	1003	1009	1015	1019	1022	1025	1027	1030	1033	1037	1039	1041	1045	1049	1053	1056	1059	/
3A_NB	1	a	14	17	20	23	26	30	34	38	42	45	48	52	55	58	61	64	68	73	78
3A_NB	1	d	15	18	21	24	27	31	35	39	43	46	49	53	56	59	62	65	69	74	/
3A_NB	2	a	32	36	39	42	45	48	51	54	58	62	64	68	71	74	77	79	83	89	95
3A_NB	2	d	33	37	40	43	46	49	52	55	59	63	65	69	72	75	78	80	84	90	/
3A_NB	3	a	46	50	53	56	59	62	65	68	72	76	79	83	86	89	92	95	99	104	109
3A_NB	3	d	47	51	54	57	60	63	66	69	73	77	80	84	87	90	93	96	100	105	/
3A_NB	4	a	62	65	69	71	74	77	81	85	88	92	94	98	102	106	110	113	118	124	130
3A_NB	4	d	63	66	70	72	75	78	82	86	89	93	95	99	103	107	111	114	119	125	/
3A_NB	5	a	76	79	82	84	87	90	93	97	100	104	106	111	115	119	123	126	131	137	143
3A_NB	5	d	77	80	83	85	88	91	94	98	101	105	107	112	116	120	124	127	132	138	/
3A_NB	6	a	92	95	98	100	102	106	109	113	117	121	123	127	130	134	137	140	145	151	157
3A_NB	6	d	93	96	99	101	103	107	110	114	118	122	124	128	131	135	138	141	146	152	/
3A_NB	7	a	105	108	111	114	117	121	124	128	131	135	137	142	146	149	153	156	160	166	172
3A_NB	7	d	106	109	112	115	118	122	125	129	132	136	138	143	147	150	154	157	161	167	/
3A_NB	8	a	121	124	128	130	133	136	139	143	146	150	153	158	162	166	170	173	177	182	187
3A_NB	8	d	122	125	129	131	134	137	140	144	147	151	154	159	163	167	171	174	178	183	/
3A_NB	9	a	137	140	143	146	149	152	155	159	163	167	170	174	178	182	185	188	192	197	203
3A_NB	9	d	138	141	144	147	150	153	156	160	164	168	171	175	179	183	186	189	193	198	/
3A_NB	10	a	155	158	162	164	167	170	173	177	181	185	188	192	196	199	202	204	208	213	219
3A_NB	10	d	156	159	163	165	168	171	174	178	182	186	189	193	197	200	203	205	209	214	/
3A_NB	11	a	172	175	179	181	184	188	192	196	200	204	207	211	215	218	221	224	228	233	238
3A_NB	11	d	173	176	180	182	185	189	193	197	201	205	208	212	216	219	222	225	229	234	/
3A_NB	12	a	185	188	191	193	196	200	204	207	211	215	218	223	227	231	235	238	242	247	253
3A_NB	12	d	186	189	192	194	197	201	205	208	212	216	219	224	228	232	236	239	243	248	/
3A_NB	13	a	199	203	206	209	212	215	219	223	227	231	234	239	243	247	251	253	258	263	269
3A_NB	13	d	200	204	207	210	213	216	220	224	228	232	235	240	244	248	252	254	259	264	/
3A_NB	14	a	212	215	219	221	224	227	231	235	239	243	246	252	256	259	263	266	271	276	282
3A_NB	14	d	213	216	220	222	225	228	232	236	240	244	247	253	257	260	264	267	272	277	/
3A_NB	15	a	226	229	232	235	237	240	244	248	252	256	258	263	267	270	273	275	279	284	290
3A_NB	15	d	227	230	233	236	238	241	245	249	253	257	259	264	268	271	274	276	280	285	/
3A_NB	16	a	239	243	246	248	251	254	258	262	265	268	270	275	279	283	286	289	293	298	304
3A_NB	16	d	240	244	247	249	252	255	259	263	266	269	271	276	280	284	287	290	294	299	/
3A_NB	17	a	252	256	259	261	264	267	271	275	279	283	286	290	293	296	299	302	306	311	316
3A_NB	17	d	253	257	260	262	265	268	272	276	280	284	287	291	294	297	300	303	307	312	/
3A_NB	18	a	268	271	274	276	278	282	285	289	293	297	299	303	306	309	312	315	319	325	330
3A_NB	18	d	269	272	275	277	279	283	286	290	294	298	300	304	307	310	313	316	320	326	/
3A_NB	19	a	281	285	288	291	293	296	300	304	308	311	313	317	321	324	328	330	334	339	344
3A_NB	19	d	282	286	289	292	294	297	301	305	309	312	314	318	322	325	329	331	335	340	/
3A_NB	20	a	297	301	305	308	311	314	318	322	326	329	332	336	339	342	346	349	353	358	363
3A_NB	20	d	298	302	306	309	312	315	319	323	327	330	333	337	340	343	347	350	354	359	/
3A_NB	21	a	314	317	320	323	325	329	332	336	340	343	346	351	355	358	361	364	369	375	381
3A_NB	21	d	315	318	321	324	326	330	333	337	341	344	347	352	356	359	362	365	370	376	/
3A_NB	22	a	331	334	338	340	343	347	350	354	358	362	365	369	373	376	379	381	385	390	397
3A_NB	22	d	332	335	339	341	344	348	351	355	359	363	366	370	374	377	380	382	386	391	/
3A_NB	23	a	346	349	353	355	358	361	364	368	372	376	379	383	387	391	394	396	400	406	411
3A_NB	23	d	347	350	354	356	359	362	365	369	373	377	380	384	388	392	395	397	401	407	/
3A_NB	24	a	364	368	371	373	376	379	382	385	388	392	394	399	404	408	411	414	418	424	430
3A_NB	24	d	365	369	372	374	377	380	383	386	389	393	395	400	405	409	412	415	419	425	/
3A_NB	25	a	377	380	383	386	389	392	395	399	402	405	407	412	416	420	423	426	431	436	442
3A_NB	25	d	378	381	384	387	390	393	396	400	403	406	408	413	417	421	424	427	432	437	/
3A_NB	26	a	390	393	396	398	401	404	408	411	415	419	421	426	430	433	436	439	444	449	455
3A_NB	26	d	391	394	397	399	402	405	409	412	416	420	422	427	431	434	437	440	445	450	/
3A_NB	27	a	408	411	414	416	419	423	426	429	433	437	439	443	447	451	454	457	461	466	472
3A_NB	27	d	409	412	415	417	420	424	427	430	434	438	440	444	448	452	455	458	462	467	/
3A_NB	28	a	423	426	430	432	435	439	442	445	448	452	455	460	464	468	472	474	478	484	489
3A_NB	28	d	424	427	431	433	436	440	443	446	449	453	456	461	465	469	473	475	479	485	/
3A_NB	29	a	436	439	443	445	448	452	456	460	464	468	470	475	479	483	487	489	493	497	503
3A_NB	29	d	437	440	444	446	449	453	457	461	465	469	471	476	480	484	488	490	494	498	/
3A_NB	30	a	454	458	461	464	466	469	472	476	479	483	486	491	495	499	502	504	508	513	518
3A_NB	30	d	455	459	462	465	467	470	473	477	480	484	487	492	496	500	503	505	509	514	/
3A_NB	31	a	467	471	475	477	479	483	487	491	494	498	501	505	508	512	516	519	524	530	535
3A_NB	31	d	468	472	476	478	480	484	488	492	495	499	502	506	509	513	517	520	525	531	/
3A_NB	32	a	480	484	488	491	494	498	501	504	508	512	514	519	523	526	529	532	537	543	549
3A_NB	32	d	481	485	489	492	495	499	502	505	509	513	515	520	524	527	530	533	538	544	/
3A_NB	33	a	496	499	503	506	509	513	516	520	523	527	529	534	538	541	544	547	551	556	562
3A_NB	33	d	497	500	504	507	510	514	517	521	524	528	530	535	539	542	545	548	552	557	/
3A_NB	34	a	509	512	516	519	521	525	529	532	535	539	542	546	550	554	558	560	564	570	576
3A_NB	34	d	510	513	517	520	522	526	530	533	536	540	543	547	551	555	559	561	565	571	/
3A_NB	35	a	523	526	530	532	534	538	542	546	549	553	556	560	564	567	571	574	578	584	590
3A_NB	35	d	524	527	531	533	535	539	543	547	550	554	557	561	565	568	572	575	579	585	/
3A_NB	36	a	540	544	548	550	552	556	560	564	567	570	573	577	581	584	588	591	596	601	607
3A_NB	36	d	541	545	549	551	553	557	561	565	568	571	574	578	582	585	589	592	597	602	/
3A_NB	37	a	557	560	563	565	567	570	574	578	581	585	588	592	596	600	603	606	611	616	623
3A_NB	37	d	558	561	564	566	568	571	575	579	582	586	589	593	597	601	604	607	612	617	/
3A_NB	38	a	570	573	576	578	581	584	588	592	596	600	603	607	611	614	618	621	626	632	637
3A_NB	38	d	571	574	577	579	582	585	589	593	597	601	604	608	612	615	619	622	627	633	/
3A_NB	39	a	585	589	592	594	597	600	603	606	610	613	616	621	625	628	632	635	641	647	652
3A_NB	39	d	586	590	593	595	598	601	604	607	611	614	617	622	626	629	633	636	642	648	/
3A_NB	40	a	598	602	606	608	611	615	619	623	626	630	633	638	641	644	648	651	656	661	666
3A_NB	40	d	599	603	607	609	612	616	620	624	627	631	634	639	642	645	649	652	657	662	/
3A_NB	41	a	613	616	620	622	624	627	631	635	639	642	645	651	655	658	662	665	669	675	681
3A_NB	41	d	614	617	621	623	625	628	632	636	640	643	646	652	656	659	663	666	670	676	/
3A_NB	42	a	628	632	636	638	640	644	648	652	656	659	661	666	669	672	675	678	682	687	693
3A_NB	42	d	629	633	637	639	641	645	649	653	657	660	662	667	670	673	676	679	683	688	/
3A_NB	43	a	644	647	650	653	656	659	663	667	671	675	677	682	685	688	692	695	699	704	709
3A_NB	43	d	645	648	651	654	657	660	664	668	672	676	678	683	686	689	693	696	700	705	/
3A_NB	44	a	658	661	665	667	670	673	677	681	685	689	692	696	699	702	705	708	713	718	723
3A_NB	44	d	659	662	666	668	671	674	678	682	686	690	693	697	700	703	706	709	714	719	/
3A_NB	45	a	673	676	679	681	683	686	689	693	697	700	703	707	711	714	717	720	724	729	734
3A_NB	45	d	674	677	680	682	684	687	690	694	698	701	704	708	712	715	718	721	725	730	/
3A_NB	46	a	691	695	699	702	705	709	713	717	721	724	726	731	735	738	741	744	749	754	760
3A_NB	46	d	692	696	700	703	706	710	714	718	722	725	727	732	736	739	742	745	750	755	/
3A_NB	47	a	709	713	717	719	722	726	729	733	736	740	743	749	753	756	759	762	766	771	775
3A_NB	47	d	710	714	718	720	723	727	730	734	737	741	744	750	754	757	760	763	767	772	/
3A_NB	48	a	725	728	731	733	736	739	743	747	751	755	758	762	766	769	772	775	780	785	790
3A_NB	48	d	726	729	732	734	737	740	744	748	752	756	759	763	767	770	773	776	781	786	/
3A_NB	49	a	742	746	749	751	754	757	761	765	768	772	774	778	782	786	789	792	796	801	806
3A_NB	49	d	743	747	750	752	755	758	762	766	769	773	775	779	783	787	790	793	797	802	/
3A_NB	50	a	760	764	767	769	772	775	778	782	786	790	792	797	801	805	808	810	815	820	825
3A_NB	50	d	761	765	768	770	773	776	779	783	787	791	793	798	802	806	809	811	816	821	/
3A_NB	51	a	778	781	785	788	791	794	797	800	803	807	809	813	817	820	823	826	830	836	841
3A_NB	51	d	779	782	786	789	792	795	798	801	804	808	810	814	818	821	824	827	831	837	/
3A_NB	52	a	796	800	804	806	808	811	814	818	821	825	827	832	836	840	843	846	851	856	862
3A_NB	52	d	797	801	805	807	809	812	815	819	822	826	828	833	837	841	844	847	852	857	/
3A_NB	53	a	813	817	820	822	824	827	830	834	837	840	842	847	851	855	859	862	866	872	878
3A_NB	53	d	814	818	821	823	825	828	831	835	838	841	843	848	852	856	860	863	867	873	/
3A_NB	54	a	830	833	836	838	840	843	846	850	854	857	859	864	868	871	875	878	882	888	893
3A_NB	54	d	831	834	837	839	841	844	847	851	855	858	860	865	869	872	876	879	883	889	/
3A_NB	55	a	843	847	851	853	856	859	863	867	870	874	876	881	885	889	892	895	899	904	910
3A_NB	55	d	844	848	852	854	857	860	864	868	871	875	877	882	886	890	893	896	900	905	/
3A_NB	56	a	860	864	868	870	873	877	881	885	889	892	895	899	903	906	909	911	916	922	927
3A_NB	56	d	861	865	869	871	874	878	882	886	890	893	896	900	904	907	910	912	917	923	/
3A_NB	57	a	876	880	883	885	888	892	895	899	902	906	908	912	916	919	923	926	931	937	943
3A_NB	57	d	877	881	884	886	889	893	896	900	903	907	909	913	917	920	924	927	932	938	/
3A_NB	58	a	894	897	901	903	905	908	912	915	918	922	924	929	933	936	939	942	946	951	956
3A_NB	58	d	895	898	902	904	906	909	913	916	919	923	925	930	934	937	940	943	947	952	/
3A_NB	59	a	910	913	916	918	921	924	927	930	933	937	940	945	949	953	956	958	962	967	973
3A_NB	59	d	911	914	917	919	922	925	928	931	934	938	941	946	950	954	957	959	963	968	/
3A_NB	60	a	928	932	935	937	939	942	946	949	952	955	957	961	965	968	971	974	978	983	989
3A_NB	60	d	929	933	936	938	940	943	947	950	953	956	958	962	966	969	972	975	979	984	/
3A_NB	61	a	943	947	950	952	955	959	963	967	971	975	978	982	985	988	991	994	998	1003	1008
3A_NB	61	d	944	948	951	953	956	960	964	968	972	976	979	983	986	989	992	995	999	1004	/
3A_NB	62	a	957	960	963	965	968	972	976	979	982	986	989	993	997	1001	1005	1008	1012	1018	1023
3A_NB	62	d	958	961	964	966	969	973	977	980	983	987	990	994	998	1002	1006	1009	1013	1019	/
3A_NB	63	a	972	975	979	982	985	989	992	995	998	1002	1004	1008	1011	1014	1018	1021	1026	1032	1038
3A_NB	63	d	973	976	980	983	986	990	993	996	999	1003	1005	1009	1012	1015	1019	1022	1027	1033	/
3A_NB	64	a	989	992	995	998	1000	1004	1008	1012	1015	1019	1022	1026	1029	1032	1035	1037	1041	1047	1052
3A_NB	64	d	990	993	996	999	1001	1005	1009	1013	1016	1020	1023	1027	1030	1033	1036	1038	1042	1048	/
