RouteID	RunID	Arrivals/Departures	TimePerStop
1A_SB	1	a	9	16	25	30	33	37	43	46	52	55	58	67	73	77
1A_SB	1	d	11	18	27	31	34	38	44	47	53	56	59	69	75	/
1A_SB	2	a	17	24	33	36	39	44	50	53	59	63	67	77	83	87
1A_SB	2	d	19	26	34	37	41	46	51	54	60	64	68	79	85	/
1A_SB	3	a	43	49	57	60	65	68	73	77	84	87	91	100	104	107
1A_SB	3	d	45	50	58	62	66	69	74	79	85	88	92	101	105	/
1A_SB	4	a	56	62	71	74	77	80	85	88	95	98	101	110	116	120
1A_SB	4	d	58	63	72	75	78	81	86	90	96	99	102	112	118	/
1A_SB	5	a	70	77	87	91	96	100	106	110	116	120	125	133	138	141
1A_SB	5	d	72	79	89	93	97	102	108	112	118	122	126	134	139	/
1A_SB	6	a	84	90	100	104	108	111	116	119	125	129	133	141	147	150
1A_SB	6	d	86	91	101	105	109	112	117	120	126	130	135	142	148	/
1A_SB	7	a	104	110	119	122	125	129	133	138	145	149	153	161	167	171
1A_SB	7	d	106	111	120	123	126	130	135	140	147	151	154	162	168	/
1A_SB	8	a	118	125	136	141	144	148	155	160	166	169	173	184	192	196
1A_SB	8	d	120	127	138	142	146	150	157	162	167	170	175	186	193	/
1A_SB	9	a	130	137	147	151	156	160	167	172	180	184	188	197	203	206
1A_SB	9	d	132	139	148	153	158	162	169	174	181	185	189	198	204	/
1A_SB	10	a	144	150	159	163	167	170	177	182	189	194	199	209	216	220
1A_SB	10	d	146	152	161	165	168	172	179	184	191	196	201	211	218	/
1A_SB	11	a	164	172	181	184	187	191	197	201	207	210	213	221	227	230
1A_SB	11	d	166	173	182	185	188	192	198	202	208	211	214	222	228	/
1A_SB	12	a	170	178	189	193	197	202	209	213	218	221	225	233	237	241
1A_SB	12	d	172	180	191	195	199	204	210	214	219	223	226	234	239	/
1A_SB	13	a	187	194	203	207	211	216	222	227	234	238	242	251	256	260
1A_SB	13	d	189	196	205	209	213	217	224	229	236	240	243	252	257	/
1A_SB	14	a	200	207	216	220	223	227	234	238	245	248	251	260	265	269
1A_SB	14	d	202	209	218	221	225	229	236	240	246	249	252	261	266	/
1A_SB	15	a	224	231	239	242	246	249	255	258	264	269	273	281	286	290
1A_SB	15	d	226	232	240	244	247	251	256	260	266	271	274	282	287	/
1A_SB	16	a	238	245	254	258	261	265	271	275	283	287	290	299	304	309
1A_SB	16	d	240	247	256	259	262	267	273	277	285	288	291	300	306	/
1A_SB	17	a	253	261	272	275	278	283	290	293	301	306	309	317	323	327
1A_SB	17	d	255	263	273	276	280	285	291	295	303	307	310	318	324	/
1A_SB	18	a	262	270	278	282	286	289	295	299	306	311	314	323	330	334
1A_SB	18	d	264	272	280	284	287	290	297	301	308	312	316	325	332	/
1A_SB	19	a	287	294	302	305	308	311	317	320	325	328	331	341	347	350
1A_SB	19	d	289	295	303	306	309	312	318	321	326	329	332	342	348	/
1A_SB	20	a	306	313	322	326	331	334	341	345	350	355	359	367	373	376
1A_SB	20	d	308	315	323	328	332	336	343	346	352	356	360	368	374	/
1A_SB	21	a	316	323	332	337	341	344	350	354	359	362	365	373	379	384
1A_SB	21	d	318	325	334	338	342	345	351	355	360	363	366	374	381	/
1A_SB	22	a	337	343	352	356	360	363	369	373	379	384	388	397	401	405
1A_SB	22	d	339	345	353	357	361	364	370	375	381	386	390	398	403	/
1A_SB	23	a	348	354	362	366	369	372	378	383	388	392	395	404	410	415
1A_SB	23	d	350	355	363	367	370	373	380	384	390	393	397	406	412	/
1A_SB	24	a	366	372	380	384	389	393	400	403	408	411	415	425	432	436
1A_SB	24	d	368	373	381	386	391	395	401	404	409	413	416	427	433	/
1A_SB	25	a	381	388	396	399	404	407	414	418	424	428	432	443	449	454
1A_SB	25	d	383	390	397	401	405	408	416	419	425	429	434	445	451	/
1A_SB	26	a	394	401	409	413	417	421	428	431	438	442	446	454	461	465
1A_SB	26	d	396	403	411	415	419	423	429	433	440	443	447	456	462	/
1A_SB	27	a	400	407	416	419	423	426	433	437	445	449	454	462	468	473
1A_SB	27	d	402	409	417	420	424	428	435	439	447	451	455	463	470	/
1A_SB	28	a	423	430	441	445	449	453	460	463	468	471	475	483	488	491
1A_SB	28	d	425	432	442	447	451	455	461	464	469	472	476	484	489	/
1A_SB	29	a	436	444	454	458	462	465	472	475	480	484	489	499	505	509
1A_SB	29	d	438	446	455	460	463	467	473	476	482	486	491	501	506	/
1A_SB	30	a	453	460	468	471	475	478	484	487	493	496	501	511	517	521
1A_SB	30	d	455	461	469	472	476	479	485	488	494	498	503	513	519	/
1A_SB	31	a	466	473	483	486	489	493	500	505	511	516	520	531	536	539
1A_SB	31	d	468	475	484	487	490	495	502	507	513	518	521	532	537	/
1A_SB	32	a	486	494	502	507	511	515	520	523	528	531	534	544	550	553
1A_SB	32	d	488	495	504	509	512	516	521	524	529	532	535	545	551	/
1A_NB	1	a	3	9	14	22	28	31	36	40	47	50	54	57	64	70
1A_NB	1	d	5	10	15	23	29	32	38	42	48	51	55	58	66	/
1A_NB	2	a	10	16	21	29	35	38	43	46	54	57	62	66	74	78
1A_NB	2	d	12	17	22	30	36	39	44	48	55	59	64	68	75	/
1A_NB	3	a	32	37	42	51	58	62	68	72	79	84	88	92	100	104
1A_NB	3	d	34	38	44	53	60	63	69	74	81	86	90	94	101	/
1A_NB	4	a	56	61	67	75	81	84	90	95	101	105	108	111	118	123
1A_NB	4	d	58	63	69	76	82	86	92	96	102	106	109	112	119	/
1A_NB	5	a	63	68	74	83	89	94	99	103	109	113	116	119	126	131
1A_NB	5	d	65	70	76	84	91	95	100	104	110	114	117	120	127	/
1A_NB	6	a	68	73	79	88	95	99	104	108	114	118	121	124	131	136
1A_NB	6	d	70	75	81	90	96	100	105	109	115	119	122	125	132	/
1A_NB	7	a	89	94	100	108	114	118	123	126	131	135	139	142	150	154
1A_NB	7	d	91	95	101	109	115	119	124	127	132	136	140	143	151	/
1A_NB	8	a	119	124	129	137	143	146	151	155	161	164	169	172	180	186
1A_NB	8	d	121	125	130	138	144	147	152	156	162	166	170	173	181	/
1A_NB	9	a	127	132	137	143	149	153	160	165	171	174	178	181	189	195
1A_NB	9	d	129	133	138	144	151	155	162	166	172	175	179	182	190	/
1A_NB	10	a	146	151	158	167	172	175	180	184	191	194	198	201	208	214
1A_NB	10	d	148	153	160	168	173	176	181	185	192	195	199	202	209	/
1A_NB	11	a	166	172	178	185	191	195	202	207	213	217	220	224	232	239
1A_NB	11	d	168	174	180	186	192	197	204	208	214	218	221	225	233	/
1A_NB	12	a	181	187	193	201	206	209	214	218	224	228	231	234	242	247
1A_NB	12	d	183	189	195	202	207	210	215	219	225	229	232	235	243	/
1A_NB	13	a	197	202	209	217	223	226	230	234	241	245	248	251	258	263
1A_NB	13	d	199	204	211	218	224	227	231	235	242	246	249	252	259	/
1A_NB	14	a	205	210	215	222	228	232	237	242	249	253	256	259	265	270
1A_NB	14	d	207	211	216	223	230	234	239	243	250	254	257	260	266	/
1A_NB	15	a	235	240	245	251	256	260	265	268	275	279	282	286	293	299
1A_NB	15	d	237	241	246	252	257	261	266	269	276	280	283	287	294	/
1A_NB	16	a	241	246	252	258	263	268	275	278	284	287	291	294	302	309
1A_NB	16	d	243	248	253	259	265	270	276	279	285	288	292	296	304	/
1A_NB	17	a	263	268	275	283	288	291	296	300	307	310	313	317	323	328
1A_NB	17	d	265	270	276	284	289	292	297	301	308	311	314	318	324	/
1A_NB	18	a	270	276	283	292	298	301	306	309	316	319	324	327	333	339
1A_NB	18	d	272	278	285	293	299	302	307	310	317	321	325	328	335	/
1A_NB	19	a	277	283	289	298	304	308	314	318	324	328	333	336	343	348
1A_NB	19	d	279	285	291	300	306	310	316	320	326	330	334	337	344	/
1A_NB	20	a	303	308	313	321	327	330	336	340	345	348	351	354	363	369
1A_NB	20	d	305	309	315	322	328	331	337	341	346	349	352	355	364	/
1A_NB	21	a	323	328	334	342	348	351	357	361	367	370	373	376	383	388
1A_NB	21	d	325	330	336	343	349	352	358	362	368	371	374	377	384	/
1A_NB	22	a	337	343	348	356	362	367	373	378	385	388	392	395	402	407
1A_NB	22	d	339	344	349	358	364	369	375	379	386	390	393	396	403	/
1A_NB	23	a	346	351	357	365	371	375	380	384	391	394	397	400	407	412
1A_NB	23	d	348	352	358	366	372	376	381	385	392	395	398	401	408	/
1A_NB	24	a	356	361	367	374	380	385	391	396	403	406	409	413	421	425
1A_NB	24	d	358	363	368	376	382	387	393	397	404	407	410	414	422	/
1A_NB	25	a	379	384	389	396	401	404	411	416	424	427	430	433	441	446
1A_NB	25	d	381	385	390	397	402	406	412	418	425	428	431	435	442	/
1A_NB	26	a	391	397	404	411	416	419	425	429	435	438	442	445	452	458
1A_NB	26	d	393	399	405	412	417	420	426	430	436	439	443	446	453	/
1A_NB	27	a	408	413	418	425	430	434	440	444	449	452	456	459	466	472
1A_NB	27	d	410	414	419	426	432	436	442	445	450	453	457	460	467	/
1A_NB	28	a	422	428	433	441	447	451	456	460	466	470	474	478	486	491
1A_NB	28	d	424	429	435	442	449	453	458	461	467	471	475	479	487	/
1A_NB	29	a	446	451	456	464	469	473	478	481	487	492	495	498	504	510
1A_NB	29	d	448	452	457	465	470	474	479	482	489	493	496	499	505	/
1A_NB	30	a	459	464	470	476	481	484	490	493	499	502	505	508	514	520
1A_NB	30	d	461	465	471	477	482	485	491	495	500	503	506	509	515	/
1A_NB	31	a	465	470	476	482	487	490	496	500	505	508	511	514	520	526
1A_NB	31	d	467	471	477	483	488	491	497	501	506	509	512	515	521	/
1A_NB	32	a	477	482	489	497	503	508	513	518	523	526	529	532	539	546
1A_NB	32	d	479	484	491	499	505	509	515	519	524	527	530	533	540	/
2A_NB	1	a	12	16	20	26	28	32	37	40	43	53	59	62	64	67	71	74	77	80	84	89	94	98	103	111
2A_NB	1	d	14	17	22	27	30	33	38	41	44	54	60	63	65	68	72	75	79	81	86	91	96	100	105	/
2A_NB	2	a	25	29	33	39	43	47	53	56	61	73	78	81	84	88	91	94	97	99	103	106	111	116	120	128
2A_NB	2	d	27	30	34	41	45	48	54	58	63	74	79	82	85	89	92	95	98	100	104	108	113	118	122	/
2A_NB	3	a	34	39	43	49	52	56	63	67	70	82	87	90	93	96	99	102	105	107	111	115	119	124	128	135
2A_NB	3	d	36	40	45	51	54	58	64	68	72	83	88	91	94	97	100	103	106	108	112	116	121	126	129	/
2A_NB	4	a	61	65	69	75	78	82	88	92	95	104	109	112	114	118	121	124	127	129	133	137	141	144	147	155
2A_NB	4	d	63	67	70	77	80	84	90	93	96	105	111	113	115	119	122	125	128	130	134	138	142	145	148	/
2A_NB	5	a	68	72	76	83	86	89	95	98	102	111	116	118	120	123	126	129	132	134	138	142	146	149	153	163
2A_NB	5	d	70	74	78	85	87	91	96	100	103	112	117	119	121	124	127	130	133	135	139	143	147	151	155	/
2A_NB	6	a	88	92	96	101	103	106	111	115	119	126	132	135	137	140	144	147	150	153	157	161	165	169	172	180
2A_NB	6	d	90	93	98	102	104	107	112	117	120	127	133	136	138	141	145	148	151	154	158	162	166	170	174	/
2A_NB	7	a	101	105	110	116	119	124	130	134	137	145	151	153	155	158	161	163	167	170	173	176	180	183	187	195
2A_NB	7	d	103	107	112	118	121	126	132	135	139	146	152	154	156	159	162	164	168	171	174	177	181	184	188	/
2A_NB	8	a	118	123	127	132	134	137	142	145	148	157	164	166	169	172	175	178	181	184	188	192	196	199	202	209
2A_NB	8	d	120	124	128	133	135	138	143	146	150	158	165	167	170	173	176	179	182	185	189	193	197	200	204	/
2A_NB	9	a	139	143	148	155	157	160	166	171	174	184	191	194	196	200	203	205	208	210	214	218	222	226	231	240
2A_NB	9	d	141	145	150	156	158	161	168	172	175	185	192	195	197	201	204	206	209	211	216	220	224	228	232	/
2A_NB	10	a	151	155	160	166	168	173	179	183	186	194	200	203	205	209	213	215	218	220	224	227	230	233	237	246
2A_NB	10	d	153	157	161	167	170	174	180	184	187	195	201	204	206	210	214	216	219	221	225	228	231	234	238	/
2A_NB	11	a	174	178	183	189	191	194	199	205	209	218	225	227	229	232	236	239	242	244	248	252	256	259	262	270
2A_NB	11	d	176	180	184	190	192	195	201	206	210	219	226	228	230	233	237	240	243	245	249	253	257	260	263	/
2A_NB	12	a	190	194	199	205	208	211	217	221	224	234	240	242	245	249	253	256	260	262	265	269	273	277	280	288
2A_NB	12	d	192	196	200	207	209	213	218	222	226	235	241	243	246	250	254	257	261	263	266	270	274	278	282	/
2A_NB	13	a	209	214	218	224	226	230	236	240	243	250	257	260	263	266	270	273	276	278	281	284	288	291	295	302
2A_NB	13	d	211	216	219	225	227	231	237	241	244	251	258	261	264	267	271	274	277	279	282	285	289	292	296	/
2A_NB	14	a	223	227	231	236	238	242	248	252	255	265	271	274	277	280	284	287	291	293	297	301	304	308	311	318
2A_NB	14	d	225	228	232	237	239	243	249	253	257	266	272	275	278	281	285	288	292	294	298	302	305	309	312	/
2A_NB	15	a	228	232	236	241	243	247	253	257	261	270	278	281	284	288	291	294	298	300	304	309	313	317	321	330
2A_NB	15	d	230	233	237	242	244	248	254	258	262	271	279	282	285	289	292	295	299	301	306	311	315	318	322	/
2A_NB	16	a	254	258	263	269	271	275	280	284	288	297	304	306	309	313	316	318	321	324	328	332	336	340	343	350
2A_NB	16	d	256	260	265	270	272	276	281	285	289	298	305	307	310	314	317	319	322	325	329	333	337	341	344	/
2A_NB	17	a	267	271	274	280	283	287	292	296	300	310	316	318	320	324	328	330	333	336	340	343	347	350	353	362
2A_NB	17	d	269	272	276	282	285	288	293	297	301	311	317	319	321	325	329	331	334	337	341	344	348	351	355	/
2A_NB	18	a	275	280	284	290	293	296	302	306	311	322	328	330	333	336	339	342	345	347	351	355	358	361	364	372
2A_NB	18	d	277	282	286	292	294	298	303	308	313	323	329	331	334	337	340	343	346	348	352	356	359	362	365	/
2A_NB	19	a	282	287	292	298	302	306	312	316	320	328	334	337	340	343	346	348	351	353	357	361	364	367	370	378
2A_NB	19	d	284	289	294	300	304	307	313	317	321	329	335	338	341	344	347	349	352	354	358	362	365	368	371	/
2A_NB	20	a	311	316	321	328	332	336	341	344	348	356	363	365	367	371	375	378	381	383	387	390	393	396	399	405
2A_NB	20	d	313	318	323	330	333	337	342	345	349	357	364	366	368	372	376	379	382	384	388	391	394	397	400	/
2A_NB	21	a	328	333	338	343	346	349	355	359	364	374	380	382	384	387	391	394	397	399	403	407	411	414	417	423
2A_NB	21	d	330	335	339	345	347	350	356	361	365	375	381	383	385	388	392	395	398	400	404	408	412	415	418	/
2A_NB	22	a	335	340	345	351	354	358	364	367	371	381	387	389	391	395	398	401	404	406	410	414	418	421	425	433
2A_NB	22	d	337	342	347	353	356	360	365	368	372	382	388	390	392	396	399	402	405	407	411	415	419	422	427	/
2A_NB	23	a	349	353	358	365	369	373	380	384	388	400	406	408	410	413	416	419	423	425	428	432	435	438	441	448
2A_NB	23	d	351	355	360	367	371	375	382	386	390	401	407	409	411	414	417	420	424	426	429	433	436	439	442	/
2A_NB	24	a	356	360	364	371	375	379	386	389	393	405	412	414	416	419	422	425	429	431	434	437	441	444	447	455
2A_NB	24	d	358	362	366	373	377	381	387	391	395	406	413	415	417	420	423	426	430	432	435	438	442	445	449	/
2A_NB	25	a	382	387	391	396	399	403	410	414	418	427	432	435	437	440	444	446	449	451	455	458	461	464	467	475
2A_NB	25	d	384	388	392	398	401	405	411	415	420	428	433	436	438	441	445	447	450	452	456	459	462	465	468	/
2A_NB	26	a	390	394	399	405	408	412	419	424	428	437	443	446	448	451	454	457	460	462	466	469	473	476	479	486
2A_NB	26	d	392	396	401	407	410	414	421	426	430	438	444	447	449	452	455	458	461	463	467	470	474	477	480	/
2A_NB	27	a	407	411	415	421	424	428	435	439	444	453	460	463	465	469	473	476	480	482	486	489	493	497	500	506
2A_NB	27	d	409	412	417	423	426	430	437	441	446	454	461	464	466	470	474	477	481	483	487	490	494	498	501	/
2A_NB	28	a	429	434	439	445	449	454	460	464	469	478	485	488	491	495	500	504	507	509	513	516	520	523	527	534
2A_NB	28	d	431	436	441	447	451	455	462	466	470	479	487	490	493	497	502	505	508	510	514	517	521	524	528	/
2A_NB	29	a	440	445	450	456	459	464	470	474	479	490	497	499	502	506	510	513	517	520	524	527	530	533	537	544
2A_NB	29	d	442	447	452	458	461	466	472	476	481	491	498	500	503	507	511	514	518	521	525	528	531	534	538	/
2A_NB	30	a	446	451	456	462	465	470	476	480	484	495	501	504	507	511	516	520	524	526	529	532	535	538	542	549
2A_NB	30	d	448	453	458	464	467	472	478	482	486	496	503	505	508	513	518	521	525	527	530	533	536	539	543	/
2A_NB	31	a	452	456	461	467	470	475	481	486	489	500	506	509	513	518	523	526	530	532	535	538	541	545	548	555
2A_NB	31	d	454	458	463	469	472	477	483	487	491	501	508	511	515	520	525	527	531	533	536	539	542	546	549	/
2A_NB	32	a	457	461	466	472	475	480	486	491	494	504	511	515	518	523	528	531	535	537	540	544	547	551	554	561
2A_NB	32	d	459	463	468	474	477	482	488	492	496	506	513	516	520	525	530	532	536	538	541	545	548	552	555	/
2A_SB	1	a	11	18	24	27	31	34	37	41	45	50	54	57	62	66	70	78	83	87	91	97	99	103	106	110	118
2A_SB	1	d	13	20	25	28	32	35	39	42	47	51	56	59	64	68	71	79	84	88	92	98	100	104	107	111	/
2A_SB	2	a	22	28	34	37	41	45	48	52	56	60	65	68	73	78	82	90	96	100	103	110	112	116	120	124	134
2A_SB	2	d	24	30	35	38	43	46	50	53	57	61	67	70	75	79	83	91	97	101	105	111	113	117	121	125	/
2A_SB	3	a	39	45	52	56	59	63	65	68	72	77	82	85	90	95	99	106	112	116	120	127	130	135	139	142	153
2A_SB	3	d	41	47	53	57	61	64	66	69	74	79	84	87	92	96	100	107	113	117	121	129	131	136	140	143	/
2A_SB	4	a	51	58	65	69	73	77	80	85	90	94	99	102	105	108	112	121	127	130	133	139	142	146	150	154	162
2A_SB	4	d	53	60	67	71	75	78	82	87	92	96	101	103	106	109	113	122	128	131	135	140	143	147	151	155	/
2A_SB	5	a	65	71	77	81	85	88	91	96	101	105	110	112	116	120	125	134	141	144	147	152	154	158	162	166	175
2A_SB	5	d	67	72	79	82	86	89	93	98	103	107	111	114	118	122	126	135	142	145	148	153	155	159	163	167	/
2A_SB	6	a	80	86	92	95	98	101	105	110	115	120	124	126	131	135	140	148	155	158	161	166	169	173	176	179	188
2A_SB	6	d	82	88	93	96	100	103	107	112	117	122	125	128	133	137	141	149	156	159	162	167	170	174	177	180	/
2A_SB	7	a	96	103	110	113	117	119	122	126	130	134	137	140	145	150	154	164	172	176	180	186	189	192	195	199	208
2A_SB	7	d	98	105	111	114	118	120	124	128	131	135	139	142	147	151	156	165	174	177	181	187	190	193	196	200	/
2A_SB	8	a	115	121	129	134	137	140	143	147	150	154	157	160	163	167	170	179	185	189	193	199	202	206	209	213	225
2A_SB	8	d	117	123	131	135	138	142	144	148	151	155	158	161	165	168	171	180	186	190	194	200	203	207	210	214	/
2A_SB	9	a	131	137	145	148	153	156	159	163	167	170	173	175	178	181	185	193	199	203	208	214	217	221	224	228	239
2A_SB	9	d	133	139	146	150	155	158	161	165	168	171	174	176	179	182	186	194	200	205	210	215	218	222	226	230	/
2A_SB	10	a	144	151	157	161	166	169	173	177	181	186	190	192	195	198	202	208	213	217	221	226	228	232	236	239	249
2A_SB	10	d	146	153	159	163	168	171	175	179	183	188	191	193	196	199	203	209	215	218	222	227	229	233	237	241	/
2A_SB	11	a	163	169	175	180	184	188	191	195	198	202	205	208	211	215	219	226	232	236	240	246	248	253	257	260	269
2A_SB	11	d	165	170	177	182	186	189	193	196	199	203	207	209	213	216	220	227	233	237	241	247	249	254	258	261	/
2A_SB	12	a	174	180	185	190	194	198	202	206	210	214	219	222	226	230	234	241	247	251	254	260	262	266	270	274	284
2A_SB	12	d	176	181	187	192	196	200	204	208	212	216	221	223	228	231	235	242	248	252	255	261	263	267	271	275	/
2A_SB	13	a	197	202	208	213	218	220	222	225	228	232	236	239	242	246	249	255	261	265	268	274	276	280	284	288	297
2A_SB	13	d	199	204	210	215	219	221	223	226	229	233	237	240	243	247	250	256	262	266	269	275	277	281	285	289	/
2A_SB	14	a	213	219	224	227	230	232	234	237	240	244	248	250	253	257	260	267	273	276	279	285	287	291	295	299	310
2A_SB	14	d	215	220	225	228	231	233	235	238	241	245	249	251	254	258	261	268	274	277	280	286	288	292	296	300	/
2A_SB	15	a	227	234	240	243	246	248	251	254	257	261	265	267	270	274	278	286	293	297	301	306	308	312	316	319	328
2A_SB	15	d	229	235	241	244	247	249	252	255	258	262	266	268	271	275	279	287	294	298	302	307	309	313	317	320	/
2A_SB	16	a	241	248	254	257	262	264	267	270	273	276	281	283	286	289	292	301	307	310	314	320	323	329	332	335	343
2A_SB	16	d	243	250	255	259	263	265	268	271	274	278	282	284	287	290	293	302	308	311	315	321	325	330	333	336	/
2A_SB	17	a	253	260	265	268	272	274	276	279	282	286	290	293	298	303	307	314	320	323	327	333	336	340	343	347	356
2A_SB	17	d	255	261	266	270	273	275	277	280	284	287	292	295	300	305	308	315	321	324	328	334	337	341	345	348	/
2A_SB	18	a	273	279	285	289	293	296	298	301	305	309	313	315	320	323	326	333	339	344	348	355	358	362	366	371	381
2A_SB	18	d	275	280	287	290	294	297	299	302	306	310	314	317	321	324	328	335	341	346	350	356	359	364	368	373	/
2A_SB	19	a	285	291	299	303	308	312	315	320	324	328	332	335	339	342	345	353	360	365	369	375	377	381	385	389	399
2A_SB	19	d	287	293	300	305	310	314	317	322	325	330	333	336	340	343	346	354	362	366	370	376	378	382	386	390	/
2A_SB	20	a	293	299	306	311	316	320	322	327	331	335	339	343	347	350	355	364	369	373	377	384	387	391	395	400	411
2A_SB	20	d	295	300	308	313	318	321	324	329	333	337	341	345	348	352	357	365	370	374	379	386	388	392	397	402	/
2A_SB	21	a	320	326	332	337	341	344	347	351	355	360	364	366	369	372	375	382	388	392	396	403	405	410	414	418	429
2A_SB	21	d	322	327	334	338	342	345	349	352	357	361	365	367	370	373	376	383	390	393	397	404	406	411	415	419	/
2A_SB	22	a	329	335	341	345	348	351	355	358	362	366	371	373	376	380	384	391	396	399	403	410	414	419	423	428	437
2A_SB	22	d	331	336	342	346	350	353	356	360	363	368	372	374	377	381	385	392	397	400	404	412	415	420	425	430	/
2A_SB	23	a	341	347	352	357	361	364	368	372	376	381	386	389	392	396	399	407	413	417	422	428	431	436	440	443	454
2A_SB	23	d	343	348	354	359	363	366	370	374	378	383	388	390	393	397	401	408	415	419	423	429	432	437	441	444	/
2A_SB	24	a	354	360	367	370	373	375	379	384	388	392	395	399	403	407	411	419	425	428	431	437	441	447	452	457	467
2A_SB	24	d	356	362	368	371	374	377	381	386	389	393	397	401	405	409	413	420	426	429	432	439	443	449	454	459	/
2A_SB	25	a	364	371	377	381	385	388	391	395	399	403	406	410	415	418	423	431	437	440	443	448	451	455	459	463	472
2A_SB	25	d	366	372	379	383	386	390	393	396	400	404	408	412	416	420	424	432	438	441	444	449	452	456	460	464	/
2A_SB	26	a	378	385	392	395	400	404	408	412	415	419	422	426	429	433	437	444	450	454	457	464	467	471	475	478	489
2A_SB	26	d	380	386	393	397	402	406	409	413	417	420	424	427	431	435	438	445	451	455	458	465	468	472	476	479	/
2A_SB	27	a	386	393	399	403	407	410	413	417	421	425	429	433	436	439	442	449	455	459	463	470	473	477	481	484	493
2A_SB	27	d	388	395	401	405	408	411	414	419	423	427	431	434	437	440	443	450	456	461	465	471	474	478	482	485	/
2A_SB	28	a	410	417	424	427	430	433	437	440	444	448	453	455	459	462	465	474	480	484	487	494	498	503	507	511	522
2A_SB	28	d	412	419	425	428	431	435	438	442	446	450	454	456	460	463	466	475	482	485	488	496	500	504	509	512	/
2A_SB	29	a	431	438	444	449	453	455	457	461	465	470	474	477	481	486	491	499	505	508	512	518	521	525	529	532	541
2A_SB	29	d	433	440	446	450	454	456	459	462	467	472	475	478	483	488	493	500	506	509	513	519	522	526	530	533	/
2A_SB	30	a	445	453	460	463	467	469	471	475	479	483	486	489	493	497	500	507	513	517	520	527	531	536	541	545	556
2A_SB	30	d	447	455	461	465	468	470	473	477	480	484	487	490	494	498	501	508	514	518	522	529	533	538	543	547	/
2A_SB	31	a	463	469	475	479	484	487	491	494	498	502	506	508	512	515	518	525	533	537	541	547	550	554	557	560	569
2A_SB	31	d	465	471	476	481	485	489	492	495	499	503	507	510	513	516	519	526	535	538	542	548	551	555	558	561	/
2A_SB	32	a	485	492	498	502	506	508	511	515	519	524	528	531	535	538	542	547	553	556	561	567	570	575	578	582	593
2A_SB	32	d	487	494	500	504	507	510	512	517	521	526	530	532	536	540	543	548	554	557	562	568	571	576	579	583	/
3A_SB	1	a	6	11	15	19	22	25	28	32	36	38	42	45	48	53	56
3A_SB	1	d	8	12	16	20	23	26	29	33	37	39	43	46	49	54	/
3A_SB	2	a	24	30	33	38	41	44	46	50	54	57	61	64	67	74	78
3A_SB	2	d	26	31	35	39	42	45	47	51	55	58	62	65	68	75	/
3A_SB	3	a	29	36	40	44	47	49	51	56	60	63	69	73	77	83	87
3A_SB	3	d	31	38	41	45	48	50	53	57	62	65	71	75	78	84	/
3A_SB	4	a	43	50	54	58	61	64	67	70	75	77	82	86	89	95	100
3A_SB	4	d	45	51	55	59	62	65	68	72	76	78	83	87	90	97	/
3A_SB	5	a	62	69	73	78	82	85	88	93	97	100	105	109	112	117	121
3A_SB	5	d	64	71	75	79	83	87	90	94	98	101	106	110	113	118	/
3A_SB	6	a	71	78	82	86	90	93	96	100	104	106	110	114	117	122	126
3A_SB	6	d	73	79	83	87	91	94	97	101	105	107	111	115	118	123	/
3A_SB	7	a	80	86	91	96	100	104	108	112	117	119	124	127	130	136	139
3A_SB	7	d	82	88	93	98	102	106	110	114	118	120	125	128	131	137	/
3A_SB	8	a	101	107	111	114	117	120	122	126	129	131	136	139	142	148	151
3A_SB	8	d	103	108	112	115	118	121	123	127	130	132	137	140	143	149	/
3A_SB	9	a	118	125	130	134	138	140	143	146	149	151	156	159	163	168	171
3A_SB	9	d	120	127	131	135	139	141	144	147	150	152	157	160	164	169	/
3A_SB	10	a	127	134	137	141	145	147	150	154	158	160	165	168	173	179	183
3A_SB	10	d	129	135	138	142	146	148	151	155	159	161	166	170	175	181	/
3A_SB	11	a	148	155	159	163	167	169	172	175	179	181	186	189	192	198	202
3A_SB	11	d	150	157	160	165	168	170	173	176	180	182	187	190	193	199	/
3A_SB	12	a	160	167	170	173	176	178	181	186	189	191	196	199	202	208	212
3A_SB	12	d	162	168	171	174	177	179	183	187	190	192	197	200	203	209	/
3A_SB	13	a	173	179	183	187	192	195	198	202	207	209	214	218	221	226	229
3A_SB	13	d	175	180	184	189	194	197	200	204	208	210	215	219	222	227	/
3A_SB	14	a	193	199	203	207	210	212	215	219	224	226	230	233	236	241	245
3A_SB	14	d	195	200	204	208	211	213	217	221	225	227	231	234	237	243	/
3A_SB	15	a	204	210	214	219	223	227	230	234	238	240	244	247	250	256	260
3A_SB	15	d	206	211	216	221	225	229	231	236	239	241	245	248	251	257	/
3A_SB	16	a	216	222	227	233	237	241	245	249	253	256	260	263	266	272	276
3A_SB	16	d	218	224	229	235	239	243	247	251	254	257	261	264	267	274	/
3A_SB	17	a	227	234	239	243	247	251	255	260	264	267	271	274	278	284	287
3A_SB	17	d	229	236	240	245	249	253	257	262	265	268	272	275	279	285	/
3A_SB	18	a	249	256	260	263	266	269	273	278	283	285	291	294	297	304	309
3A_SB	18	d	251	257	261	264	268	271	275	280	284	286	292	295	298	306	/
3A_SB	19	a	265	271	276	280	283	286	288	292	297	300	305	308	311	318	322
3A_SB	19	d	267	273	277	281	284	287	290	294	298	301	306	309	312	319	/
3A_SB	20	a	285	291	295	298	302	305	307	310	314	316	320	324	327	333	337
3A_SB	20	d	287	292	296	299	303	306	308	311	315	317	321	325	328	335	/
3A_SB	21	a	297	303	307	312	316	319	321	326	330	333	338	341	344	349	353
3A_SB	21	d	299	305	309	314	318	320	323	328	331	334	339	342	345	351	/
3A_SB	22	a	310	317	322	326	329	332	334	338	343	346	351	354	357	362	365
3A_SB	22	d	312	319	323	327	330	333	335	340	345	347	352	355	358	363	/
3A_SB	23	a	315	322	327	332	335	339	342	347	351	353	358	361	365	371	374
3A_SB	23	d	317	324	329	333	337	341	344	348	352	354	359	362	366	372	/
3A_SB	24	a	320	327	332	336	340	344	348	352	357	359	363	366	370	376	379
3A_SB	24	d	322	329	334	338	342	346	350	354	358	360	364	367	371	377	/
3A_SB	25	a	325	332	337	341	345	349	353	357	362	365	369	372	376	381	384
3A_SB	25	d	327	334	339	343	347	351	355	359	363	366	370	373	377	382	/
3A_SB	26	a	330	337	342	346	351	354	358	362	367	370	374	377	380	386	389
3A_SB	26	d	332	339	344	348	352	356	360	364	368	371	375	378	382	387	/
3A_SB	27	a	343	349	352	356	360	363	366	369	373	376	381	384	387	392	395
3A_SB	27	d	345	350	353	357	362	365	367	370	374	377	382	385	388	393	/
3A_SB	28	a	358	363	367	371	374	376	378	382	386	388	393	396	399	405	409
3A_SB	28	d	360	364	368	372	375	377	379	383	387	389	394	397	400	406	/
3A_SB	29	a	371	376	380	385	389	392	395	399	404	407	412	415	418	425	429
3A_SB	29	d	373	377	382	387	391	394	397	401	405	408	413	416	419	427	/
3A_SB	30	a	380	386	391	396	400	403	406	411	416	419	424	427	431	437	440
3A_SB	30	d	382	388	393	398	402	405	408	413	417	420	425	428	432	438	/
3A_SB	31	a	395	400	404	409	413	416	419	423	427	429	434	437	440	446	449
3A_SB	31	d	397	402	406	411	415	418	421	425	428	430	435	438	441	447	/
3A_SB	32	a	400	405	410	415	418	421	424	428	432	434	440	443	446	452	455
3A_SB	32	d	402	407	412	416	420	423	426	430	433	435	441	444	447	453	/
3A_NB	1	a	3	8	12	15	18	21	25	28	30	35	39	42	45	48	52	56	59
3A_NB	1	d	5	9	13	16	19	22	26	29	31	36	40	43	46	49	53	57	/
3A_NB	2	a	15	20	25	28	32	36	39	43	45	49	54	58	63	66	72	77	80
3A_NB	2	d	17	22	26	30	33	37	41	44	46	51	55	60	64	68	74	78	/
3A_NB	3	a	38	43	48	53	56	60	63	67	70	76	81	85	89	91	95	99	102
3A_NB	3	d	40	45	50	54	58	61	65	68	72	78	83	86	90	92	96	100	/
3A_NB	4	a	53	58	63	67	70	73	76	79	82	86	90	94	97	99	103	107	111
3A_NB	4	d	55	60	64	68	71	74	77	80	83	87	91	95	98	100	104	109	/
3A_NB	5	a	68	72	77	81	84	88	91	96	100	104	108	112	115	118	122	125	130
3A_NB	5	d	70	74	79	82	85	89	93	98	101	105	109	113	116	119	123	127	/
3A_NB	6	a	81	85	90	95	99	103	108	112	115	121	125	130	133	137	141	145	149
3A_NB	6	d	83	87	92	97	101	105	109	113	116	122	127	131	135	138	142	146	/
3A_NB	7	a	99	103	107	111	115	119	122	126	129	133	138	143	148	151	155	159	162
3A_NB	7	d	101	105	108	113	116	120	123	127	130	135	140	145	150	152	156	160	/
3A_NB	8	a	118	122	125	128	131	135	138	142	145	149	152	156	159	161	165	168	172
3A_NB	8	d	120	123	126	129	132	136	139	143	146	150	153	157	160	162	166	169	/
3A_NB	9	a	125	129	132	135	140	144	148	152	155	159	163	168	171	175	180	184	188
3A_NB	9	d	127	130	133	137	142	146	150	153	156	161	165	169	173	176	181	185	/
3A_NB	10	a	141	145	149	154	159	163	168	172	175	180	183	187	190	193	199	203	207
3A_NB	10	d	143	147	151	156	161	165	170	173	176	181	185	188	192	195	200	204	/
3A_NB	11	a	151	155	159	164	168	173	178	183	186	190	193	196	200	202	207	212	216
3A_NB	11	d	153	157	161	166	170	175	180	185	187	191	194	197	201	203	209	213	/
3A_NB	12	a	170	175	179	182	187	191	196	199	202	208	211	215	218	220	225	229	232
3A_NB	12	d	172	177	180	184	189	193	197	200	204	209	212	216	219	221	226	230	/
3A_NB	13	a	189	193	197	202	206	209	213	217	220	224	228	231	235	238	242	246	249
3A_NB	13	d	191	195	199	204	207	210	215	219	221	225	229	232	236	239	243	247	/
3A_NB	14	a	207	211	214	219	222	226	229	233	235	240	243	246	250	254	259	262	265
3A_NB	14	d	209	212	216	221	224	227	231	234	236	241	244	248	252	255	260	263	/
3A_NB	15	a	218	223	226	230	234	239	243	247	250	254	258	263	268	271	275	279	283
3A_NB	15	d	220	224	228	232	236	241	244	249	251	255	260	265	270	272	276	280	/
3A_NB	16	a	231	235	239	244	247	250	253	258	260	265	269	273	276	278	282	286	291
3A_NB	16	d	233	237	241	245	248	251	255	259	262	266	270	274	277	279	283	288	/
3A_NB	17	a	247	251	255	259	263	267	271	275	279	283	286	289	293	295	298	301	305
3A_NB	17	d	249	253	256	261	265	269	273	277	280	284	287	290	294	296	299	303	/
3A_NB	18	a	261	265	269	273	278	281	285	289	292	297	301	305	308	311	315	318	322
3A_NB	18	d	263	267	270	275	279	283	286	290	294	298	302	306	310	312	316	319	/
3A_NB	19	a	274	278	282	287	291	295	299	304	308	313	317	321	326	329	333	336	340
3A_NB	19	d	276	280	284	288	293	297	301	306	310	315	318	323	327	330	334	337	/
3A_NB	20	a	289	294	299	303	306	310	314	318	322	327	330	334	338	341	345	349	354
3A_NB	20	d	291	296	301	304	307	312	315	320	323	328	331	335	339	342	347	351	/
3A_NB	21	a	313	318	322	325	329	333	336	339	341	345	348	352	356	359	363	367	371
3A_NB	21	d	315	319	323	326	330	334	337	340	342	346	349	353	357	360	364	368	/
3A_NB	22	a	328	333	337	341	344	348	351	354	356	360	363	367	371	373	378	382	386
3A_NB	22	d	330	334	338	342	345	349	352	355	357	361	364	369	372	375	379	384	/
3A_NB	23	a	343	347	351	354	358	362	366	370	373	378	381	385	389	391	396	400	404
3A_NB	23	d	345	348	352	355	359	364	368	372	375	379	382	386	390	393	397	401	/
3A_NB	24	a	362	367	371	374	378	382	385	388	392	396	400	404	408	410	414	418	423
3A_NB	24	d	364	369	372	375	380	383	386	390	393	397	401	405	409	411	415	420	/
3A_NB	25	a	367	372	376	381	385	388	392	396	400	404	408	412	416	418	423	426	431
3A_NB	25	d	369	374	378	382	386	390	394	398	401	406	409	413	417	420	424	428	/
3A_NB	26	a	387	391	396	401	405	410	415	419	422	427	430	433	436	439	444	447	451
3A_NB	26	d	389	393	398	403	407	412	417	420	423	428	431	434	437	440	445	448	/
3A_NB	27	a	403	407	412	416	421	426	430	434	437	441	445	448	452	455	460	464	467
3A_NB	27	d	405	409	414	418	423	428	432	435	438	442	446	449	453	456	461	465	/
3A_NB	28	a	417	421	426	430	433	437	440	444	447	451	454	459	463	467	472	476	479
3A_NB	28	d	419	423	428	431	435	438	442	445	448	452	456	461	465	469	473	477	/
3A_NB	29	a	422	426	431	435	439	442	445	449	453	457	460	465	470	473	478	482	487
3A_NB	29	d	424	428	433	437	440	443	447	451	454	458	462	467	471	475	480	484	/
3A_NB	30	a	448	452	456	459	463	468	472	475	478	482	486	490	494	496	500	504	507
3A_NB	30	d	450	454	457	461	465	469	473	476	479	483	487	491	495	497	501	505	/
3A_NB	31	a	461	465	469	474	478	482	485	488	490	494	498	502	505	507	511	515	519
3A_NB	31	d	463	467	471	476	480	483	486	489	491	495	499	503	506	508	512	517	/
3A_NB	32	a	468	473	476	480	484	487	490	493	495	499	503	507	510	513	518	522	526
3A_NB	32	d	470	474	477	482	485	488	491	494	496	500	504	508	511	514	519	524	/
