RouteID	RunID	Arrivals/Departures	TimePerStop
1A_SB	1	a	3	11	20	23	26	30	35	38	45	49	52	62	68	72
1A_SB	1	d	5	12	21	24	27	31	36	39	46	50	53	63	69	/
1A_SB	2	a	28	34	41	44	47	51	57	60	65	70	73	83	90	95
1A_SB	2	d	30	35	42	45	48	52	58	61	67	71	74	85	92	/
1A_SB	3	a	42	48	55	58	63	66	72	76	82	85	89	99	105	108
1A_SB	3	d	44	49	56	60	64	67	73	78	83	86	90	100	106	/
1A_SB	4	a	60	67	75	79	84	88	94	98	105	110	115	122	128	131
1A_SB	4	d	62	68	77	81	86	90	95	100	107	112	116	123	129	/
1A_SB	5	a	75	82	91	95	99	103	109	114	121	124	127	136	141	144
1A_SB	5	d	77	83	92	97	100	105	111	116	122	125	128	137	142	/
1A_SB	6	a	89	96	104	107	110	113	118	123	128	132	135	143	148	151
1A_SB	6	d	91	97	105	108	111	114	120	124	130	133	136	144	149	/
1A_SB	7	a	105	113	121	125	128	131	137	140	146	149	152	163	168	171
1A_SB	7	d	107	115	122	126	129	133	138	141	147	150	153	164	169	/
1A_SB	8	a	118	125	134	138	142	145	151	154	161	165	169	178	184	188
1A_SB	8	d	120	127	136	140	143	147	152	155	162	166	170	179	185	/
1A_SB	9	a	133	141	150	153	156	160	166	170	177	181	186	195	201	204
1A_SB	9	d	135	142	151	154	158	162	168	172	179	183	187	196	202	/
1A_SB	10	a	154	161	170	173	176	179	184	189	195	199	204	214	221	224
1A_SB	10	d	156	162	171	174	177	180	186	190	197	201	205	215	222	/
1A_SB	11	a	167	174	184	187	190	194	200	204	210	214	218	228	233	237
1A_SB	11	d	169	175	185	188	191	195	201	205	211	215	219	229	234	/
1A_SB	12	a	178	185	194	198	203	206	212	216	222	227	232	242	249	252
1A_SB	12	d	180	187	196	200	204	207	214	218	224	229	233	243	250	/
1A_SB	13	a	194	201	210	213	218	222	228	232	238	241	245	254	259	263
1A_SB	13	d	196	203	211	215	220	224	229	233	239	242	246	255	261	/
1A_SB	14	a	208	215	224	228	232	236	241	244	250	254	259	268	274	278
1A_SB	14	d	210	216	225	229	233	237	242	245	251	256	260	270	275	/
1A_SB	15	a	227	233	241	245	249	253	259	263	270	275	280	290	295	299
1A_SB	15	d	229	235	243	246	250	254	261	265	272	277	282	291	297	/
1A_SB	16	a	239	246	255	259	264	268	273	277	283	287	291	300	306	310
1A_SB	16	d	241	248	257	261	265	269	274	278	284	288	292	301	307	/
1A_SB	17	a	253	260	268	272	276	279	285	288	293	296	300	309	316	320
1A_SB	17	d	255	261	270	274	277	280	286	289	294	297	301	311	318	/
1A_SB	18	a	263	270	280	284	288	291	297	301	306	310	313	322	328	331
1A_SB	18	d	265	272	282	286	289	293	299	302	308	311	314	323	329	/
1A_SB	19	a	283	289	299	302	305	309	314	317	322	327	332	341	345	348
1A_SB	19	d	285	290	300	303	306	310	315	318	324	329	333	342	346	/
1A_SB	20	a	300	306	315	320	323	328	334	339	345	350	354	363	368	371
1A_SB	20	d	302	307	317	321	325	329	336	341	347	352	355	364	369	/
1A_SB	21	a	314	320	328	332	335	338	345	350	356	360	364	373	378	382
1A_SB	21	d	316	321	330	333	336	340	347	351	357	361	365	374	380	/
1A_SB	22	a	332	338	345	349	353	356	360	363	369	373	377	387	392	396
1A_SB	22	d	334	339	347	350	354	357	361	364	370	374	378	388	394	/
1A_SB	23	a	347	354	363	367	371	374	380	384	390	393	397	406	412	415
1A_SB	23	d	349	355	364	369	372	375	381	385	391	394	398	407	413	/
1A_SB	24	a	360	367	375	380	384	388	394	398	403	406	410	419	424	427
1A_SB	24	d	362	369	377	382	386	389	395	399	404	407	411	420	425	/
1A_SB	25	a	377	384	394	398	402	406	411	416	423	427	431	438	443	446
1A_SB	25	d	379	386	395	400	403	407	413	418	424	428	432	439	444	/
1A_SB	26	a	397	404	412	416	419	422	428	432	439	442	447	456	461	465
1A_SB	26	d	399	405	414	417	420	423	429	434	440	444	448	457	462	/
1A_SB	27	a	413	421	430	434	437	441	447	450	456	459	462	472	478	482
1A_SB	27	d	415	422	432	435	438	443	448	451	457	460	463	473	479	/
1A_SB	28	a	428	435	444	448	453	457	463	467	473	476	480	490	495	500
1A_SB	28	d	430	436	445	450	455	458	464	469	474	477	481	491	497	/
1A_SB	29	a	442	448	456	459	463	466	473	476	481	485	489	499	504	508
1A_SB	29	d	444	450	457	460	464	468	474	477	482	486	490	500	505	/
1A_SB	30	a	457	463	472	476	480	484	490	493	498	501	505	515	520	523
1A_SB	30	d	459	465	474	478	482	486	491	494	499	502	506	516	521	/
1A_SB	31	a	476	483	491	494	497	501	507	511	517	520	523	530	535	538
1A_SB	31	d	478	484	492	495	499	502	508	512	518	521	524	531	536	/
1A_SB	32	a	490	498	507	511	515	519	524	528	534	537	540	549	554	558
1A_SB	32	d	492	500	509	513	517	520	525	530	535	538	541	550	556	/
1A_SB	33	a	503	510	518	523	526	531	536	540	546	551	555	563	568	571
1A_SB	33	d	505	512	520	524	528	532	537	542	548	552	556	564	569	/
1A_SB	34	a	520	526	534	538	542	546	552	555	561	564	568	576	581	584
1A_SB	34	d	522	528	536	540	544	547	553	556	562	565	570	577	582	/
1A_SB	35	a	538	545	553	557	560	564	569	573	579	582	586	594	600	605
1A_SB	35	d	540	547	555	558	561	565	570	574	580	583	587	595	602	/
1A_SB	36	a	555	561	570	574	577	580	587	591	597	600	603	613	618	621
1A_SB	36	d	557	563	572	575	578	581	588	592	598	601	604	614	619	/
1A_SB	37	a	568	575	584	587	590	593	599	603	609	613	616	625	631	636
1A_SB	37	d	570	577	585	588	591	594	601	605	610	614	618	626	633	/
1A_SB	38	a	583	589	598	603	607	611	616	619	624	627	631	639	645	648
1A_SB	38	d	585	591	600	604	608	612	617	620	625	628	632	640	646	/
1A_SB	39	a	598	606	614	617	621	625	631	635	641	644	647	654	659	663
1A_SB	39	d	600	607	615	619	622	626	633	637	642	645	648	655	660	/
1A_SB	40	a	613	620	628	632	635	638	643	646	652	657	660	667	673	677
1A_SB	40	d	615	621	630	633	636	639	644	648	654	658	661	668	674	/
1A_SB	41	a	626	633	644	647	650	654	659	663	668	672	676	685	691	695
1A_SB	41	d	628	635	645	648	652	655	660	664	669	673	677	686	692	/
1A_SB	42	a	643	650	659	662	665	668	674	677	682	685	688	699	705	709
1A_SB	42	d	645	651	660	663	666	669	675	678	683	686	690	700	707	/
1A_SB	43	a	651	658	667	670	674	678	685	689	695	698	701	711	716	719
1A_SB	43	d	653	660	668	672	675	679	687	690	696	699	702	712	717	/
1A_SB	44	a	674	681	689	692	696	700	706	709	715	718	721	731	736	739
1A_SB	44	d	676	682	690	693	697	701	707	710	716	719	722	732	737	/
1A_SB	45	a	690	697	706	709	712	715	721	724	730	733	736	745	751	755
1A_SB	45	d	692	698	707	710	713	716	722	725	731	734	737	747	752	/
1A_SB	46	a	701	708	718	722	726	729	735	738	744	747	750	759	764	769
1A_SB	46	d	703	709	720	723	727	730	736	739	745	748	751	760	766	/
1A_SB	47	a	718	725	734	737	741	744	751	754	759	763	767	776	781	784
1A_SB	47	d	720	726	735	738	742	745	752	755	761	764	768	777	782	/
1A_SB	48	a	730	737	746	750	753	757	764	767	772	775	779	787	793	798
1A_SB	48	d	732	739	748	751	754	758	765	768	773	776	780	788	795	/
1A_SB	49	a	751	758	766	769	772	775	781	784	790	793	797	807	812	815
1A_SB	49	d	753	759	767	770	773	777	782	785	791	794	798	808	813	/
1A_SB	50	a	763	769	779	782	786	789	794	798	804	807	811	819	825	829
1A_SB	50	d	765	771	780	783	787	790	796	799	805	808	812	820	826	/
1A_SB	51	a	778	784	794	798	802	805	811	816	823	827	832	839	846	850
1A_SB	51	d	780	785	795	799	803	806	813	817	824	829	833	841	847	/
1A_SB	52	a	793	800	808	812	816	821	826	831	836	840	844	853	859	863
1A_SB	52	d	795	802	810	813	818	822	827	832	837	841	845	854	860	/
1A_SB	53	a	808	814	823	827	831	835	841	845	850	854	857	866	872	875
1A_SB	53	d	810	816	825	828	832	836	842	846	851	855	858	867	873	/
1A_SB	54	a	822	828	838	841	845	849	854	857	862	865	868	877	882	885
1A_SB	54	d	824	830	839	843	847	850	855	858	863	866	870	878	883	/
1A_SB	55	a	838	845	854	857	860	863	868	872	878	881	884	892	898	901
1A_SB	55	d	840	846	855	858	861	864	870	873	879	882	885	893	899	/
1A_SB	56	a	850	857	868	872	875	878	883	886	892	896	900	910	915	918
1A_SB	56	d	852	859	870	873	876	879	884	887	894	898	901	911	916	/
1A_SB	57	a	868	875	884	887	890	893	898	902	908	911	914	923	928	931
1A_SB	57	d	870	876	885	888	891	894	899	904	909	912	916	924	929	/
1A_SB	58	a	878	885	893	896	899	903	909	912	917	920	924	933	938	942
1A_SB	58	d	880	887	894	897	900	904	910	913	918	921	926	934	939	/
1A_SB	59	a	898	904	911	915	918	922	928	931	937	941	944	953	958	962
1A_SB	59	d	900	905	913	916	919	923	929	932	938	942	945	954	959	/
1A_SB	60	a	912	918	928	933	936	940	946	950	958	962	965	974	980	983
1A_SB	60	d	914	920	930	934	937	941	948	951	960	963	966	975	981	/
1A_SB	61	a	929	935	945	950	954	958	964	968	975	978	981	993	998	1002
1A_SB	61	d	931	937	947	952	956	960	965	969	976	979	982	994	999	/
1A_SB	62	a	943	949	959	964	968	972	978	982	988	992	995	1004	1009	1013
1A_SB	62	d	945	951	961	966	970	974	980	984	990	993	996	1005	1010	/
1A_SB	63	a	964	971	979	983	986	989	995	999	1006	1009	1013	1023	1029	1032
1A_SB	63	d	966	972	980	984	987	991	997	1001	1007	1010	1014	1025	1030	/
1A_SB	64	a	978	985	993	996	1000	1004	1010	1014	1019	1022	1027	1035	1041	1045
1A_SB	64	d	980	986	994	998	1001	1005	1011	1015	1020	1024	1028	1036	1042	/
1A_NB	1	a	3	9	15	22	28	31	36	40	45	49	52	55	61	67
1A_NB	1	d	5	10	16	23	29	32	37	41	46	50	53	56	62	/
1A_NB	2	a	15	20	26	34	41	44	50	54	60	64	68	72	79	83
1A_NB	2	d	17	22	28	35	42	45	51	55	61	65	69	73	80	/
1A_NB	3	a	40	45	51	58	64	67	72	76	82	85	88	93	101	106
1A_NB	3	d	42	47	52	60	65	68	73	77	83	86	90	94	102	/
1A_NB	4	a	58	63	68	74	79	82	87	91	97	102	107	110	118	123
1A_NB	4	d	60	64	69	75	80	83	88	92	99	104	108	111	119	/
1A_NB	5	a	69	74	80	88	93	97	103	107	114	118	121	124	132	138
1A_NB	5	d	71	76	82	89	94	98	104	108	116	119	122	125	133	/
1A_NB	6	a	85	90	95	101	107	111	116	120	127	130	133	136	143	149
1A_NB	6	d	87	91	96	102	108	112	117	121	128	131	134	137	144	/
1A_NB	7	a	98	103	110	117	124	128	136	139	146	150	153	156	163	168
1A_NB	7	d	100	105	111	119	126	130	137	140	147	151	154	157	164	/
1A_NB	8	a	113	118	124	130	136	139	146	149	155	158	161	164	171	177
1A_NB	8	d	115	120	125	131	137	141	147	150	156	159	162	165	172	/
1A_NB	9	a	123	129	134	142	149	152	156	159	166	169	172	175	182	188
1A_NB	9	d	125	130	135	144	150	153	157	161	167	170	173	176	183	/
1A_NB	10	a	145	150	156	163	169	173	179	182	188	191	195	199	206	212
1A_NB	10	d	147	151	157	165	170	175	180	183	189	192	196	200	207	/
1A_NB	11	a	154	159	166	175	181	186	194	197	203	206	209	213	220	225
1A_NB	11	d	156	161	168	177	183	188	195	198	204	207	210	214	221	/
1A_NB	12	a	175	180	185	194	200	204	209	213	219	223	226	229	236	242
1A_NB	12	d	177	181	187	195	202	205	211	214	220	224	227	230	238	/
1A_NB	13	a	188	194	201	208	214	217	223	226	232	235	239	243	250	255
1A_NB	13	d	190	196	203	209	215	218	224	227	233	236	241	244	251	/
1A_NB	14	a	203	208	215	222	227	231	237	241	247	250	255	258	266	271
1A_NB	14	d	205	210	216	223	229	232	238	242	248	252	256	259	267	/
1A_NB	15	a	214	219	225	232	239	242	247	251	257	260	263	266	274	280
1A_NB	15	d	216	220	226	233	240	243	248	252	258	261	264	267	275	/
1A_NB	16	a	228	233	238	245	251	254	259	263	268	271	274	277	285	290
1A_NB	16	d	230	234	239	246	252	256	260	264	269	272	275	278	286	/
1A_NB	17	a	244	250	257	263	268	271	276	280	286	289	293	296	303	307
1A_NB	17	d	246	252	258	264	269	272	277	281	287	290	294	297	304	/
1A_NB	18	a	263	268	273	280	286	289	294	298	303	306	310	313	319	324
1A_NB	18	d	265	269	274	281	287	290	295	299	304	307	311	314	320	/
1A_NB	19	a	277	283	289	296	302	305	310	314	321	324	328	331	339	344
1A_NB	19	d	279	285	290	297	303	306	311	315	322	325	329	333	340	/
1A_NB	20	a	292	297	302	309	315	319	324	327	334	338	342	346	353	360
1A_NB	20	d	294	298	303	310	316	321	325	328	335	339	343	347	354	/
1A_NB	21	a	307	313	319	327	332	336	342	346	352	356	359	362	369	375
1A_NB	21	d	309	315	320	328	334	338	343	347	353	357	360	363	370	/
1A_NB	22	a	324	329	334	341	345	348	353	357	363	366	370	373	380	385
1A_NB	22	d	326	330	335	342	346	349	354	358	364	367	371	374	381	/
1A_NB	23	a	342	347	353	361	367	370	376	379	385	388	391	394	401	406
1A_NB	23	d	344	349	355	362	368	371	377	380	386	389	392	395	402	/
1A_NB	24	a	359	364	369	378	384	387	392	395	401	404	407	411	418	423
1A_NB	24	d	361	365	370	379	385	388	393	396	402	405	409	412	419	/
1A_NB	25	a	373	378	383	391	396	399	405	409	415	418	423	427	435	442
1A_NB	25	d	375	379	384	392	397	400	406	410	416	420	425	429	437	/
1A_NB	26	a	388	393	399	406	413	416	421	426	434	437	441	444	451	456
1A_NB	26	d	390	394	400	407	414	417	423	428	435	438	442	445	452	/
1A_NB	27	a	400	405	411	418	425	429	435	440	447	450	453	456	462	467
1A_NB	27	d	402	407	413	419	427	431	437	441	448	451	454	457	463	/
1A_NB	28	a	422	427	434	442	448	452	457	461	466	469	472	475	482	488
1A_NB	28	d	424	429	435	444	450	453	458	462	467	470	473	476	483	/
1A_NB	29	a	443	448	453	459	465	468	474	477	483	486	490	493	500	505
1A_NB	29	d	445	449	454	460	466	469	475	478	484	487	491	494	501	/
1A_NB	30	a	457	462	468	475	480	483	489	493	499	502	506	509	517	524
1A_NB	30	d	459	463	469	476	481	484	490	494	500	503	507	510	519	/
1A_NB	31	a	473	478	485	493	499	502	508	512	519	524	528	532	540	546
1A_NB	31	d	475	480	486	494	500	503	509	514	521	525	529	533	541	/
1A_NB	32	a	495	500	506	514	519	522	528	532	538	541	545	548	557	563
1A_NB	32	d	497	501	507	515	520	523	529	533	539	542	546	549	559	/
1A_NB	33	a	508	513	519	526	532	535	540	544	550	553	558	561	568	574
1A_NB	33	d	510	514	520	527	533	536	541	545	551	555	559	562	570	/
1A_NB	34	a	524	529	535	541	547	550	555	559	565	568	572	576	582	588
1A_NB	34	d	526	530	536	542	548	551	556	560	566	569	573	577	584	/
1A_NB	35	a	538	544	551	558	564	568	573	577	585	590	595	599	606	612
1A_NB	35	d	540	545	552	559	565	569	574	579	587	592	597	600	607	/
1A_NB	36	a	548	554	561	568	574	577	583	588	595	599	603	606	613	619
1A_NB	36	d	550	556	562	570	575	579	585	590	596	600	604	607	614	/
1A_NB	37	a	564	569	575	582	587	592	597	602	609	612	617	621	628	633
1A_NB	37	d	566	570	576	583	589	593	599	604	610	614	619	622	629	/
1A_NB	38	a	580	585	591	599	604	607	613	616	621	625	628	631	639	644
1A_NB	38	d	582	586	592	600	605	609	614	617	622	626	629	632	640	/
1A_NB	39	a	598	603	608	614	619	622	627	631	637	641	645	649	657	663
1A_NB	39	d	600	604	609	615	620	623	628	632	638	642	646	651	659	/
1A_NB	40	a	611	616	621	628	633	637	643	647	655	659	663	666	673	678
1A_NB	40	d	613	617	622	629	634	638	644	649	656	660	664	667	674	/
1A_NB	41	a	626	631	636	643	648	651	656	660	668	671	675	678	685	692
1A_NB	41	d	628	632	637	644	649	652	657	661	669	672	676	679	687	/
1A_NB	42	a	639	644	650	656	662	665	671	675	681	684	688	691	698	705
1A_NB	42	d	641	645	651	657	663	666	672	676	682	685	689	692	699	/
1A_NB	43	a	652	657	663	670	675	678	683	687	693	696	700	703	710	715
1A_NB	43	d	654	658	664	671	676	679	684	688	694	697	701	704	711	/
1A_NB	44	a	663	669	675	682	688	692	697	701	707	710	714	718	726	732
1A_NB	44	d	665	671	677	684	690	693	698	702	708	711	715	720	727	/
1A_NB	45	a	681	687	693	701	707	712	718	721	727	730	734	737	745	751
1A_NB	45	d	683	688	694	703	709	713	719	722	728	731	735	739	746	/
1A_NB	46	a	697	703	709	717	723	727	733	736	742	746	749	752	760	766
1A_NB	46	d	699	705	710	718	724	728	734	737	743	747	750	753	761	/
1A_NB	47	a	712	718	725	733	738	741	747	750	755	759	763	766	774	780
1A_NB	47	d	714	720	726	734	739	742	748	751	756	760	764	767	775	/
1A_NB	48	a	724	729	735	742	748	752	759	764	769	773	776	779	785	791
1A_NB	48	d	726	730	736	744	750	754	761	765	770	774	777	780	786	/
1A_NB	49	a	744	749	756	763	770	774	780	783	789	793	796	799	804	808
1A_NB	49	d	746	750	757	765	771	776	781	784	790	794	797	800	805	/
1A_NB	50	a	763	768	774	782	787	790	795	799	805	809	813	816	823	828
1A_NB	50	d	765	769	775	783	788	791	796	800	806	810	814	817	824	/
1A_NB	51	a	777	782	788	795	800	804	809	813	818	822	826	829	835	841
1A_NB	51	d	779	783	789	796	801	805	810	814	820	823	827	830	836	/
1A_NB	52	a	793	799	805	813	818	823	829	833	840	843	847	850	857	862
1A_NB	52	d	795	800	807	814	820	825	830	834	841	844	848	851	858	/
1A_NB	53	a	808	813	819	827	832	835	840	844	850	853	857	860	867	872
1A_NB	53	d	810	814	820	828	833	836	841	845	851	855	858	861	868	/
1A_NB	54	a	820	825	831	838	843	846	851	855	861	864	867	870	877	882
1A_NB	54	d	822	827	833	840	844	847	852	856	862	865	868	871	878	/
1A_NB	55	a	835	841	847	854	859	863	868	872	879	884	887	890	896	902
1A_NB	55	d	837	843	849	855	860	864	869	874	881	885	888	891	897	/
1A_NB	56	a	850	855	861	868	873	876	881	885	892	896	899	902	909	915
1A_NB	56	d	852	857	862	869	874	877	882	887	893	897	900	903	910	/
1A_NB	57	a	859	865	871	879	886	891	898	903	910	914	918	921	928	934
1A_NB	57	d	861	867	872	881	888	893	900	904	911	915	919	922	930	/
1A_NB	58	a	884	890	895	902	909	912	917	921	927	930	933	936	943	948
1A_NB	58	d	886	891	896	903	910	913	918	922	928	931	934	937	944	/
1A_NB	59	a	895	901	907	916	921	924	929	932	938	942	946	949	957	962
1A_NB	59	d	897	903	909	917	922	925	930	933	939	944	947	950	958	/
1A_NB	60	a	913	918	924	931	938	943	949	952	958	962	966	970	977	982
1A_NB	60	d	915	919	925	933	940	945	950	953	959	963	967	971	978	/
1A_NB	61	a	937	942	947	953	958	961	966	970	977	981	984	987	993	999
1A_NB	61	d	939	943	948	954	959	962	967	971	978	982	985	988	995	/
1A_NB	62	a	945	950	957	963	971	974	979	983	990	995	1000	1003	1011	1017
1A_NB	62	d	947	952	958	965	972	975	980	985	992	997	1001	1004	1012	/
1A_NB	63	a	962	967	972	980	985	989	995	1000	1007	1011	1015	1018	1026	1032
1A_NB	63	d	964	968	973	981	986	991	997	1001	1008	1012	1016	1019	1028	/
1A_NB	64	a	978	984	988	994	1000	1004	1011	1015	1022	1025	1030	1034	1040	1045
1A_NB	64	d	980	985	989	995	1001	1006	1012	1016	1023	1027	1031	1035	1041	/
2A_NB	1	a	8	13	17	23	25	28	34	39	43	52	58	60	62	65	68	71	74	77	80	84	88	91	95	102
2A_NB	1	d	10	14	18	24	26	30	35	41	45	53	59	61	63	66	69	72	75	78	81	85	89	92	96	/
2A_NB	2	a	26	31	35	42	45	48	55	59	62	71	77	79	81	84	88	91	94	97	101	104	108	112	115	122
2A_NB	2	d	28	32	37	43	46	50	56	60	63	72	78	80	82	86	90	92	95	98	102	105	109	113	116	/
2A_NB	3	a	43	48	52	58	62	66	73	76	81	91	99	103	106	109	113	116	119	121	125	128	132	135	139	147
2A_NB	3	d	45	49	54	60	64	68	74	78	83	93	101	105	107	111	114	117	120	122	126	129	133	136	140	/
2A_NB	4	a	64	69	74	79	82	85	91	94	98	107	113	116	118	121	124	127	130	132	136	140	144	147	151	158
2A_NB	4	d	66	71	75	80	83	86	92	95	99	108	114	117	119	122	125	128	131	133	137	141	145	148	152	/
2A_NB	5	a	83	88	92	96	98	101	108	112	115	122	128	130	133	136	140	143	146	149	153	156	160	163	167	175
2A_NB	5	d	85	90	93	97	99	103	109	113	116	123	129	131	134	137	141	144	147	150	154	157	161	164	168	/
2A_NB	6	a	91	95	99	104	107	112	118	122	125	133	139	143	145	150	153	157	161	164	168	171	175	179	182	190
2A_NB	6	d	93	97	101	106	109	114	120	123	126	134	141	144	147	151	155	158	163	165	169	172	176	180	183	/
2A_NB	7	a	111	116	120	125	129	133	139	144	148	157	164	166	169	173	177	180	183	185	189	193	196	199	203	211
2A_NB	7	d	113	118	121	127	131	135	141	145	150	159	165	167	171	174	179	181	184	186	190	194	197	200	204	/
2A_NB	8	a	131	135	140	145	147	150	156	160	163	171	178	180	183	186	190	193	196	198	202	206	210	213	216	224
2A_NB	8	d	133	137	141	146	148	152	157	161	164	172	179	181	184	187	191	194	197	199	203	207	211	214	217	/
2A_NB	9	a	143	148	152	158	160	163	168	173	178	189	195	198	201	206	209	212	216	219	222	226	230	233	236	244
2A_NB	9	d	145	150	153	159	161	164	170	175	180	190	196	199	203	207	210	213	217	220	223	227	231	234	237	/
2A_NB	10	a	161	166	171	176	178	182	187	191	194	203	210	213	215	219	223	226	230	232	237	241	245	248	251	259
2A_NB	10	d	163	168	172	177	179	183	188	192	195	204	211	214	216	220	224	228	231	234	238	242	246	249	252	/
2A_NB	11	a	175	179	183	189	192	195	201	204	207	216	222	225	227	230	234	238	241	243	246	250	254	258	261	268
2A_NB	11	d	177	180	184	190	193	196	202	205	208	217	223	226	228	231	236	239	242	244	247	251	255	259	262	/
2A_NB	12	a	188	193	198	204	206	210	215	218	221	230	236	239	241	244	247	250	253	255	259	263	267	272	276	282
2A_NB	12	d	190	195	199	205	207	211	216	219	222	231	238	240	242	245	248	251	254	256	260	265	269	273	277	/
2A_NB	13	a	205	210	213	219	222	225	232	235	239	248	255	257	261	264	267	270	274	276	279	283	287	290	293	300
2A_NB	13	d	207	211	214	220	223	226	233	236	240	249	256	259	262	265	268	271	275	277	280	284	288	291	294	/
2A_NB	14	a	223	228	232	237	239	242	248	252	256	266	271	274	277	281	284	287	292	294	298	302	305	308	311	319
2A_NB	14	d	225	229	233	238	240	243	249	253	257	267	273	276	279	282	285	289	293	295	299	303	306	309	312	/
2A_NB	15	a	237	242	247	252	254	257	261	265	269	280	286	289	291	295	299	301	305	307	310	313	316	319	323	329
2A_NB	15	d	239	244	248	253	255	258	262	266	270	281	287	290	292	296	300	302	306	308	311	314	317	320	324	/
2A_NB	16	a	255	260	264	269	271	274	279	283	287	296	302	304	306	310	313	315	318	321	325	329	334	337	340	347
2A_NB	16	d	257	261	265	270	272	275	280	284	288	297	303	305	307	311	314	316	319	322	326	331	335	338	341	/
2A_NB	17	a	268	273	278	284	288	291	296	300	304	314	320	323	325	329	332	335	338	341	345	348	352	355	358	366
2A_NB	17	d	270	275	280	286	289	292	297	302	306	315	321	324	326	330	333	336	339	342	346	349	353	356	359	/
2A_NB	18	a	281	286	289	296	300	305	311	315	320	328	335	338	341	344	348	351	354	356	360	363	367	370	374	381
2A_NB	18	d	283	287	291	298	302	306	312	317	321	330	336	340	342	345	349	352	355	357	361	364	368	371	375	/
2A_NB	19	a	300	305	309	314	316	319	325	329	333	343	349	351	353	356	360	363	366	368	371	374	377	381	385	392
2A_NB	19	d	302	306	310	315	317	320	326	331	335	344	350	352	354	357	361	364	367	369	372	375	378	382	386	/
2A_NB	20	a	314	318	323	330	334	338	343	348	352	361	367	370	373	376	381	384	389	391	396	400	403	406	410	417
2A_NB	20	d	316	320	325	332	336	339	345	349	353	362	368	371	374	378	383	386	390	393	397	401	404	408	411	/
2A_NB	21	a	333	337	341	347	350	353	359	362	367	377	384	386	388	391	394	396	399	401	405	409	413	416	419	429
2A_NB	21	d	335	338	342	348	351	354	360	364	369	379	385	387	389	392	395	397	400	402	406	410	414	417	421	/
2A_NB	22	a	351	355	358	364	366	369	375	380	384	394	400	403	405	408	411	414	417	419	423	426	430	434	437	444
2A_NB	22	d	353	356	359	365	367	370	377	381	385	395	401	404	406	409	412	415	418	420	424	427	431	435	438	/
2A_NB	23	a	366	370	374	379	382	386	391	394	397	405	412	414	418	423	426	428	431	433	438	441	445	448	452	460
2A_NB	23	d	368	371	375	380	383	387	392	395	398	406	413	416	420	424	427	429	432	435	439	442	446	450	453	/
2A_NB	24	a	380	385	389	394	397	400	406	410	414	422	428	431	434	437	441	444	447	450	454	457	461	465	469	478
2A_NB	24	d	382	386	390	395	398	401	407	411	415	423	429	432	435	438	442	445	448	451	455	458	462	467	471	/
2A_NB	25	a	396	400	404	409	411	415	421	425	429	438	443	446	449	453	457	460	464	466	469	472	476	480	483	491
2A_NB	25	d	398	401	405	410	412	416	422	426	430	439	444	447	450	454	458	462	465	467	470	473	477	481	484	/
2A_NB	26	a	415	419	423	428	431	435	441	445	449	458	463	466	468	471	475	478	481	483	487	490	494	498	501	508
2A_NB	26	d	417	420	424	429	432	436	442	446	450	459	464	467	469	472	476	479	482	484	488	491	495	499	502	/
2A_NB	27	a	433	437	441	447	449	453	458	462	466	475	481	484	486	489	493	495	498	500	504	507	511	514	517	524
2A_NB	27	d	435	438	442	448	450	454	459	463	467	476	482	485	487	490	494	496	499	501	505	508	512	515	518	/
2A_NB	28	a	444	448	453	458	460	464	469	472	475	484	490	493	495	498	501	504	507	509	513	517	520	524	529	536
2A_NB	28	d	446	450	454	459	461	465	470	473	476	485	491	494	496	499	502	505	508	510	514	518	522	526	530	/
2A_NB	29	a	462	466	470	476	478	482	488	491	495	506	512	515	517	521	524	527	531	534	537	542	547	551	555	562
2A_NB	29	d	464	467	471	477	479	483	489	493	497	507	513	516	518	522	525	529	532	535	539	544	549	553	557	/
2A_NB	30	a	478	483	487	494	497	501	506	510	514	526	533	535	537	541	544	547	551	553	556	562	565	568	571	578
2A_NB	30	d	480	484	489	495	498	502	507	511	515	528	534	536	538	542	545	548	552	554	558	563	566	569	572	/
2A_NB	31	a	493	498	502	507	510	513	518	521	525	535	541	544	546	550	553	556	559	561	564	569	573	577	580	587
2A_NB	31	d	495	499	503	508	511	514	519	522	526	536	542	545	547	551	554	557	560	562	565	570	574	578	581	/
2A_NB	32	a	508	512	516	521	523	526	531	535	539	549	554	557	560	564	568	571	575	578	582	586	589	593	597	603
2A_NB	32	d	510	513	517	522	524	527	532	536	540	550	555	559	562	566	569	572	576	579	583	587	590	594	598	/
2A_NB	33	a	525	530	534	540	542	546	552	556	560	571	577	579	581	584	587	589	592	594	597	600	604	608	611	618
2A_NB	33	d	527	531	535	541	543	547	553	557	561	572	578	580	582	585	588	590	593	595	598	601	605	609	612	/
2A_NB	34	a	540	544	548	554	557	560	566	569	572	580	586	589	591	595	598	600	604	607	611	614	618	622	625	634
2A_NB	34	d	542	545	549	556	558	561	567	570	573	581	588	590	593	596	599	601	605	608	612	615	620	623	626	/
2A_NB	35	a	558	562	568	573	577	580	585	589	593	602	609	612	614	617	621	623	626	628	632	636	639	643	646	653
2A_NB	35	d	560	564	569	575	578	581	586	590	594	603	610	613	615	618	622	624	627	629	633	637	640	644	648	/
2A_NB	36	a	570	575	579	584	587	590	596	600	603	611	618	621	623	626	630	632	635	637	641	645	648	651	654	660
2A_NB	36	d	572	576	580	585	588	591	597	601	604	612	619	622	624	627	631	633	636	638	642	646	649	652	655	/
2A_NB	37	a	588	593	598	605	608	611	616	620	623	630	637	640	643	646	649	652	656	658	662	666	670	673	676	684
2A_NB	37	d	590	594	600	606	609	612	617	621	624	632	638	641	644	647	650	653	657	659	663	667	671	674	678	/
2A_NB	38	a	604	609	614	620	622	625	631	635	638	647	654	656	659	663	666	669	673	675	680	684	688	692	696	704
2A_NB	38	d	606	610	615	621	623	626	632	636	639	649	655	657	661	664	667	670	674	677	681	686	690	693	697	/
2A_NB	39	a	616	621	625	631	633	637	642	646	649	659	664	667	669	672	675	677	681	684	688	692	696	699	703	711
2A_NB	39	d	618	622	626	632	634	638	643	647	650	660	665	668	670	673	676	678	682	685	689	693	697	700	705	/
2A_NB	40	a	634	638	643	649	652	655	660	663	666	674	680	682	685	688	692	695	699	703	706	711	716	719	722	730
2A_NB	40	d	636	640	645	650	653	656	661	664	667	675	681	683	686	689	693	696	701	704	708	713	717	720	723	/
2A_NB	41	a	648	652	656	661	663	666	671	674	678	686	693	696	699	703	706	708	712	715	719	723	727	730	733	741
2A_NB	41	d	650	653	657	662	664	667	672	675	679	688	694	697	700	704	707	709	713	716	720	724	728	731	734	/
2A_NB	42	a	659	663	667	672	674	678	685	690	694	703	711	714	718	721	725	728	731	734	737	741	745	748	751	759
2A_NB	42	d	661	664	668	673	676	680	687	692	696	705	713	716	719	722	726	729	732	735	738	742	746	749	752	/
2A_NB	43	a	681	686	690	695	698	702	707	711	714	721	728	730	733	736	739	742	746	748	751	755	758	762	765	771
2A_NB	43	d	683	687	691	696	699	703	708	712	715	722	729	731	734	737	740	743	747	749	752	756	759	763	766	/
2A_NB	44	a	695	699	703	709	711	715	721	725	729	738	744	747	749	752	755	758	761	764	768	772	775	778	781	789
2A_NB	44	d	697	700	705	710	712	716	722	726	730	739	745	748	750	753	756	759	762	765	769	773	776	779	783	/
2A_NB	45	a	715	720	724	729	731	735	740	744	748	755	760	762	765	769	772	775	779	781	785	789	793	796	799	806
2A_NB	45	d	717	721	725	730	732	736	741	745	749	756	761	763	766	770	773	776	780	782	786	790	794	797	800	/
2A_NB	46	a	728	733	737	743	746	749	755	759	764	772	777	779	781	785	788	791	795	797	801	804	808	812	815	823
2A_NB	46	d	730	734	738	744	747	750	756	761	765	773	778	780	782	786	789	792	796	798	802	805	809	813	816	/
2A_NB	47	a	744	749	753	759	762	766	772	776	780	788	794	796	799	803	806	808	811	813	817	821	824	827	831	837
2A_NB	47	d	746	750	754	760	763	768	773	777	781	789	795	797	800	804	807	809	812	814	818	822	825	829	832	/
2A_NB	48	a	759	763	768	774	776	779	784	787	791	799	806	808	812	815	819	822	825	827	830	834	838	841	844	851
2A_NB	48	d	761	765	769	775	777	780	785	788	792	801	807	810	813	816	820	823	826	828	831	835	839	842	845	/
2A_NB	49	a	773	778	782	788	790	794	800	805	809	819	825	829	833	837	842	845	849	852	855	859	862	865	868	875
2A_NB	49	d	775	779	783	789	791	796	802	806	810	820	827	831	834	839	843	846	850	853	856	860	863	866	869	/
2A_NB	50	a	787	791	795	801	805	809	815	818	822	832	838	841	843	848	852	855	859	862	865	869	872	876	880	888
2A_NB	50	d	789	792	796	803	807	810	816	819	823	833	839	842	845	849	853	856	860	863	866	870	873	877	881	/
2A_NB	51	a	804	808	812	818	820	824	829	833	837	847	852	854	857	861	864	867	871	873	877	881	884	889	892	898
2A_NB	51	d	806	809	813	819	821	825	830	834	838	848	853	855	858	862	865	868	872	874	878	882	886	890	893	/
2A_NB	52	a	813	817	821	827	830	834	839	842	845	854	861	864	868	872	876	879	883	886	889	893	898	902	905	913
2A_NB	52	d	815	818	822	828	831	835	840	843	846	856	863	866	870	874	877	880	885	887	890	895	899	903	906	/
2A_NB	53	a	835	839	843	849	852	855	861	865	868	876	881	883	886	890	893	896	900	902	906	910	914	917	920	927
2A_NB	53	d	837	840	844	850	853	856	862	866	869	877	882	885	887	891	894	897	901	903	907	911	915	918	921	/
2A_NB	54	a	846	851	856	862	864	868	876	880	885	895	901	903	905	909	913	916	920	922	927	932	937	940	943	952
2A_NB	54	d	848	853	858	863	865	870	877	882	886	896	902	904	906	910	914	917	921	924	929	934	938	941	944	/
2A_NB	55	a	862	867	871	877	880	884	889	893	897	907	913	915	918	922	925	928	932	934	938	942	946	949	952	961
2A_NB	55	d	864	868	872	879	881	885	890	895	898	908	914	916	919	923	926	929	933	935	939	943	947	950	953	/
2A_NB	56	a	875	879	884	890	892	895	900	904	907	917	923	926	929	932	935	938	943	946	950	955	958	961	965	972
2A_NB	56	d	877	881	885	891	893	896	901	905	908	918	924	927	930	933	936	940	945	947	952	956	959	962	966	/
2A_NB	57	a	890	894	898	904	907	911	917	921	925	933	939	943	946	950	953	956	959	961	965	968	971	974	978	985
2A_NB	57	d	892	895	900	905	908	912	918	922	926	934	941	945	947	951	954	957	960	962	966	969	972	975	979	/
2A_NB	58	a	907	912	916	921	924	927	932	937	940	951	958	961	963	966	969	973	977	979	982	986	989	993	996	1002
2A_NB	58	d	909	913	917	922	925	928	934	938	942	952	960	962	964	967	971	975	978	980	983	987	990	994	997	/
2A_NB	59	a	928	932	936	942	944	947	952	955	959	968	974	976	979	982	985	988	991	993	997	1000	1003	1007	1011	1019
2A_NB	59	d	930	933	937	943	945	948	953	956	960	969	975	977	980	983	986	989	992	994	998	1001	1004	1008	1012	/
2A_NB	60	a	943	948	952	958	961	964	969	972	975	982	988	990	993	997	1000	1002	1005	1007	1011	1015	1018	1022	1026	1035
2A_NB	60	d	945	949	953	959	962	965	970	973	976	983	989	991	994	998	1001	1003	1006	1008	1012	1016	1019	1024	1028	/
2A_NB	61	a	958	963	967	973	977	981	986	990	994	1003	1010	1014	1018	1023	1027	1030	1033	1036	1041	1045	1048	1052	1055	1062
2A_NB	61	d	960	964	968	975	978	982	987	991	995	1004	1012	1016	1020	1024	1028	1031	1034	1038	1042	1046	1049	1053	1056	/
2A_NB	62	a	974	979	983	988	991	995	1000	1004	1008	1019	1026	1028	1032	1037	1040	1042	1045	1048	1052	1057	1060	1064	1067	1076
2A_NB	62	d	976	980	984	989	992	996	1001	1005	1009	1020	1027	1030	1034	1038	1041	1043	1046	1049	1054	1058	1062	1065	1069	/
2A_NB	63	a	987	992	997	1003	1007	1012	1018	1022	1026	1037	1043	1046	1048	1051	1054	1057	1061	1064	1068	1071	1075	1078	1081	1087
2A_NB	63	d	989	994	999	1005	1009	1014	1020	1023	1027	1038	1044	1047	1049	1052	1055	1058	1062	1065	1069	1073	1076	1079	1082	/
2A_NB	64	a	1000	1005	1009	1014	1017	1021	1026	1029	1033	1043	1049	1051	1054	1059	1063	1066	1070	1074	1079	1082	1086	1090	1093	1099
2A_NB	64	d	1002	1006	1010	1015	1018	1022	1027	1030	1035	1044	1050	1053	1056	1061	1064	1067	1072	1076	1080	1083	1087	1091	1094	/
2A_SB	1	a	10	17	23	27	31	33	35	38	41	46	50	54	58	63	66	72	78	81	85	90	93	97	101	104	115
2A_SB	1	d	12	19	24	28	32	34	36	39	43	47	52	56	60	64	67	73	79	82	86	91	94	98	102	106	/
2A_SB	2	a	31	38	43	48	51	53	55	59	63	67	71	74	77	80	83	90	95	98	103	109	112	116	120	123	132
2A_SB	2	d	33	39	45	49	52	54	56	60	64	68	72	75	78	81	84	91	96	100	104	110	113	117	121	124	/
2A_SB	3	a	43	50	55	59	62	65	67	71	75	79	83	86	90	94	98	106	112	116	120	126	129	134	138	141	151
2A_SB	3	d	45	51	56	60	63	66	68	72	76	80	85	88	92	95	99	107	113	117	121	127	130	135	139	142	/
2A_SB	4	a	63	70	76	80	83	85	87	91	95	99	103	107	111	115	118	125	131	135	139	144	148	152	156	160	170
2A_SB	4	d	65	71	77	81	84	86	88	92	96	100	105	108	112	116	119	126	132	136	140	146	149	153	157	161	/
2A_SB	5	a	78	84	90	94	98	101	103	107	111	115	118	121	126	130	134	141	147	151	155	161	163	167	172	175	184
2A_SB	5	d	80	85	92	95	100	102	105	109	112	116	120	123	128	132	135	142	148	152	156	162	164	169	173	176	/
2A_SB	6	a	94	100	106	110	114	116	118	122	125	129	132	134	138	141	144	151	156	159	163	169	172	176	180	183	193
2A_SB	6	d	96	101	108	112	115	117	120	123	126	130	133	135	139	142	145	152	157	160	164	170	173	177	181	184	/
2A_SB	7	a	110	117	123	127	130	133	136	139	142	146	150	152	156	160	165	173	179	182	186	193	196	201	204	207	217
2A_SB	7	d	112	118	125	128	132	135	137	140	143	147	151	153	158	162	166	174	180	183	187	194	197	202	205	209	/
2A_SB	8	a	120	127	134	137	141	143	145	148	152	157	161	164	168	171	175	183	188	191	195	201	204	209	213	216	225
2A_SB	8	d	122	129	135	139	142	144	146	150	154	158	163	165	169	172	176	184	189	192	196	202	205	210	214	217	/
2A_SB	9	a	138	143	149	153	156	159	161	164	168	171	176	179	182	186	189	196	202	205	209	216	219	223	227	230	240
2A_SB	9	d	140	145	150	154	157	160	162	165	169	173	177	180	184	187	190	197	203	206	210	217	220	224	228	231	/
2A_SB	10	a	154	160	165	170	173	175	178	183	186	190	194	196	200	204	209	216	222	225	228	235	238	243	246	249	260
2A_SB	10	d	156	161	167	171	174	176	180	184	187	191	195	197	202	206	210	217	223	226	229	236	239	244	247	250	/
2A_SB	11	a	168	174	180	184	187	189	192	196	200	204	207	209	212	217	220	227	233	236	239	244	247	252	256	260	270
2A_SB	11	d	170	175	182	185	188	190	193	197	201	205	208	210	214	218	221	228	234	237	240	246	249	254	258	261	/
2A_SB	12	a	183	190	196	199	202	205	208	212	215	219	223	226	230	235	239	247	253	257	261	266	268	273	276	280	289
2A_SB	12	d	185	191	197	200	203	207	210	213	216	220	225	227	232	237	240	248	254	258	262	267	270	274	277	281	/
2A_SB	13	a	202	208	214	217	221	224	226	229	233	238	243	246	249	252	256	262	268	272	276	281	284	289	293	297	308
2A_SB	13	d	204	209	215	219	222	225	227	231	235	240	244	247	250	254	257	263	269	273	277	282	285	290	294	298	/
2A_SB	14	a	217	223	230	234	238	241	244	248	251	254	258	261	265	268	273	281	288	291	295	301	304	309	313	318	329
2A_SB	14	d	219	225	231	235	239	242	245	249	252	255	259	262	266	270	274	282	289	292	296	302	305	310	315	319	/
2A_SB	15	a	231	238	245	249	252	255	258	261	264	267	271	273	276	280	285	293	298	301	304	310	313	318	322	326	338
2A_SB	15	d	233	240	246	250	253	256	259	262	265	268	272	274	277	282	286	294	299	302	305	311	314	320	323	328	/
2A_SB	16	a	245	251	258	261	265	269	273	276	280	284	287	289	293	296	300	308	315	319	323	328	331	335	339	343	352
2A_SB	16	d	247	253	259	263	267	271	274	277	282	285	288	290	294	297	301	309	316	320	324	329	332	336	340	344	/
2A_SB	17	a	263	269	274	277	281	284	287	290	294	297	300	302	305	310	313	321	328	332	335	341	344	348	351	355	366
2A_SB	17	d	265	270	275	278	282	285	288	291	295	298	301	303	307	311	314	322	329	333	336	342	345	349	352	356	/
2A_SB	18	a	277	283	289	292	295	297	300	303	306	309	312	315	320	324	328	336	341	344	348	354	356	360	363	367	377
2A_SB	18	d	279	285	290	293	296	298	301	304	307	310	314	317	322	326	330	337	342	345	349	355	357	361	364	368	/
2A_SB	19	a	291	298	305	309	313	317	320	323	327	331	334	337	341	344	348	356	363	367	370	377	379	383	386	389	400
2A_SB	19	d	293	300	307	311	315	318	321	324	328	332	335	338	342	345	349	357	364	368	371	378	380	384	387	390	/
2A_SB	20	a	307	313	321	324	328	332	335	339	343	347	351	353	358	362	365	372	377	380	384	391	394	398	401	404	413
2A_SB	20	d	309	315	322	325	330	333	336	340	344	348	352	355	360	363	366	373	378	381	385	392	395	399	402	405	/
2A_SB	21	a	328	335	341	344	348	351	353	356	360	364	368	370	374	377	381	389	395	398	402	408	411	416	420	423	434
2A_SB	21	d	330	336	342	345	349	352	354	357	361	365	369	371	375	378	382	390	396	399	403	409	412	417	421	424	/
2A_SB	22	a	343	349	356	359	362	365	368	371	374	378	381	384	388	391	394	402	408	411	415	420	422	426	430	433	443
2A_SB	22	d	345	350	357	360	363	366	369	372	375	379	382	385	389	392	395	403	409	412	416	421	423	427	431	435	/
2A_SB	23	a	359	366	373	378	381	384	387	391	395	399	403	406	410	414	418	425	432	435	438	444	446	451	455	459	468
2A_SB	23	d	361	368	375	379	382	385	388	392	396	400	404	407	411	415	419	426	433	436	439	445	447	452	457	460	/
2A_SB	24	a	373	380	385	389	393	396	399	402	406	410	413	416	420	423	428	435	442	447	450	456	458	463	467	470	480
2A_SB	24	d	375	381	386	390	394	397	400	403	407	411	414	417	421	425	429	437	444	448	451	457	459	464	468	472	/
2A_SB	25	a	388	394	399	402	407	410	413	416	420	424	428	430	433	437	442	450	456	460	464	472	476	481	484	488	499
2A_SB	25	d	390	395	400	404	408	411	414	417	421	425	429	431	435	439	443	451	457	461	466	474	477	482	485	489	/
2A_SB	26	a	403	409	415	420	424	428	432	436	440	443	447	449	452	456	460	466	473	476	480	486	489	493	496	499	509
2A_SB	26	d	405	410	417	421	426	430	434	437	441	444	448	450	454	458	461	468	474	477	481	487	490	494	497	501	/
2A_SB	27	a	424	430	435	438	442	445	448	451	455	458	462	464	467	471	475	482	488	491	495	500	503	508	513	516	525
2A_SB	27	d	426	431	436	439	443	446	449	452	456	459	463	465	468	472	476	483	489	492	496	501	504	510	514	517	/
2A_SB	28	a	437	443	450	454	457	459	461	464	468	472	476	478	481	484	488	496	502	506	509	515	518	523	527	530	540
2A_SB	28	d	439	445	452	455	458	460	462	465	469	473	477	479	482	485	489	497	503	507	510	516	519	524	528	531	/
2A_SB	29	a	456	463	470	474	478	480	483	486	490	494	497	499	502	506	509	516	522	525	528	533	536	541	545	548	559
2A_SB	29	d	458	465	471	475	479	481	484	487	491	495	498	500	503	507	510	517	523	526	529	534	537	542	546	549	/
2A_SB	30	a	470	476	482	485	488	490	493	497	500	504	507	509	513	516	519	526	531	534	537	542	545	550	554	558	569
2A_SB	30	d	472	477	483	486	489	491	495	498	501	505	508	510	514	517	520	527	532	535	538	543	546	551	555	560	/
2A_SB	31	a	486	493	500	505	509	511	514	517	520	524	528	532	536	539	542	549	554	558	562	567	569	573	576	580	589
2A_SB	31	d	488	495	502	507	510	512	515	518	521	525	530	533	537	540	543	550	555	559	563	568	570	574	577	581	/
2A_SB	32	a	508	515	522	526	529	532	535	538	541	545	549	552	556	559	564	571	576	579	583	588	591	595	598	601	609
2A_SB	32	d	510	516	523	527	530	533	536	539	543	546	550	553	557	561	565	572	577	580	584	589	592	596	599	602	/
2A_SB	33	a	516	523	530	535	539	541	543	547	551	554	557	559	563	566	570	577	582	585	589	596	599	603	607	610	618
2A_SB	33	d	518	525	532	537	540	542	545	548	552	555	558	561	564	567	571	578	583	586	590	597	600	604	608	611	/
2A_SB	34	a	538	544	550	553	558	560	563	566	570	573	576	578	581	585	588	597	603	607	611	616	619	623	626	630	639
2A_SB	34	d	540	545	551	555	559	561	564	567	571	574	577	579	582	586	589	598	604	608	612	617	620	624	627	631	/
2A_SB	35	a	555	562	568	572	575	577	580	583	586	590	593	595	599	602	606	613	619	622	626	631	634	639	643	647	655
2A_SB	35	d	557	563	569	573	576	578	581	584	587	591	594	596	600	603	607	614	620	623	627	632	635	640	644	648	/
2A_SB	36	a	569	575	582	587	591	594	597	601	604	608	612	614	617	621	624	630	636	639	643	649	652	657	661	666	674
2A_SB	36	d	571	577	584	588	592	595	599	602	605	609	613	615	618	622	625	631	637	640	644	650	653	659	663	667	/
2A_SB	37	a	584	591	596	599	602	605	608	611	614	618	622	624	627	631	634	641	647	650	653	660	664	669	673	677	687
2A_SB	37	d	586	592	597	600	603	606	609	612	615	619	623	625	628	632	635	642	648	651	655	662	666	671	674	679	/
2A_SB	38	a	596	603	610	613	617	620	622	625	629	633	637	639	642	646	649	657	664	668	671	677	680	685	688	691	699
2A_SB	38	d	598	604	611	615	618	621	623	627	631	634	638	640	643	647	650	659	665	669	672	678	682	686	689	692	/
2A_SB	39	a	615	621	629	633	636	639	642	646	649	653	657	659	663	667	671	679	684	687	691	696	699	703	707	711	720
2A_SB	39	d	617	623	631	634	637	640	643	647	650	654	658	660	664	668	673	680	685	688	692	697	700	704	708	712	/
2A_SB	40	a	630	637	643	647	650	653	656	659	662	666	670	672	676	679	682	689	694	697	700	705	708	712	716	720	730
2A_SB	40	d	632	638	645	648	651	654	657	660	663	668	671	673	677	680	683	690	695	698	701	706	709	713	717	721	/
2A_SB	41	a	643	649	656	659	662	665	669	673	677	681	685	687	691	694	699	707	714	717	721	726	728	733	737	740	751
2A_SB	41	d	645	651	657	660	664	667	671	675	678	682	686	688	692	696	701	709	715	718	722	727	729	734	738	741	/
2A_SB	42	a	665	671	677	681	684	688	691	695	699	703	706	708	711	714	718	727	732	736	740	746	749	753	757	760	770
2A_SB	42	d	667	672	679	682	686	689	692	696	700	704	707	709	712	715	719	728	733	737	741	747	750	755	758	761	/
2A_SB	43	a	681	688	695	698	701	704	707	710	713	717	720	722	726	730	733	740	745	748	752	757	760	764	769	773	783
2A_SB	43	d	683	690	696	699	702	705	708	711	714	718	721	723	727	731	734	741	746	749	753	758	761	766	771	774	/
2A_SB	44	a	692	698	704	708	713	716	719	722	727	732	735	737	742	746	751	757	763	766	770	776	778	782	785	789	799
2A_SB	44	d	694	699	706	710	715	717	720	724	729	733	736	739	744	748	752	758	764	767	771	777	779	783	786	790	/
2A_SB	45	a	712	718	725	729	733	736	739	742	746	750	755	757	760	763	767	775	781	785	789	796	799	804	808	812	822
2A_SB	45	d	714	720	727	731	735	737	740	743	748	752	756	758	761	764	768	776	782	786	790	797	800	805	809	814	/
2A_SB	46	a	728	734	739	742	745	747	750	753	757	761	765	768	772	775	778	786	791	795	798	804	807	813	817	821	830
2A_SB	46	d	730	735	740	743	746	748	751	754	758	762	766	769	773	776	780	787	792	796	799	805	809	814	818	822	/
2A_SB	47	a	742	748	755	759	762	764	767	771	774	778	781	783	787	790	794	801	807	810	813	820	823	828	831	835	844
2A_SB	47	d	744	750	756	760	763	765	768	772	775	779	782	784	788	791	795	802	808	811	814	821	824	829	832	836	/
2A_SB	48	a	758	765	770	774	778	781	783	787	790	794	798	801	805	808	811	818	824	828	831	837	840	844	847	850	859
2A_SB	48	d	760	766	772	776	780	782	784	788	791	795	799	802	806	809	812	819	825	829	832	838	841	845	848	851	/
2A_SB	49	a	778	785	790	793	796	798	801	804	808	812	815	817	821	824	827	833	840	844	847	853	856	861	864	867	876
2A_SB	49	d	780	786	791	794	797	799	802	805	809	813	816	818	822	825	828	834	841	845	848	854	857	862	865	868	/
2A_SB	50	a	793	800	806	809	812	815	818	822	825	829	833	835	838	842	845	854	860	863	867	873	876	880	883	887	897
2A_SB	50	d	795	801	807	810	813	816	819	823	826	830	834	836	840	843	847	856	861	864	868	874	877	881	884	888	/
2A_SB	51	a	808	814	820	824	827	830	833	836	839	843	847	849	852	855	858	867	873	877	880	886	889	893	897	901	912
2A_SB	51	d	810	815	821	825	828	831	834	837	840	844	848	850	853	856	860	869	874	878	881	887	890	894	899	903	/
2A_SB	52	a	824	831	838	842	845	848	850	853	856	860	864	866	869	872	876	882	888	892	896	902	905	909	913	916	924
2A_SB	52	d	826	832	840	843	846	849	851	854	857	861	865	867	870	873	877	883	889	893	897	903	906	910	914	917	/
2A_SB	53	a	838	844	850	854	857	859	862	866	870	874	878	881	884	887	890	898	905	908	912	918	921	926	929	933	942
2A_SB	53	d	840	846	852	855	858	860	863	867	871	875	879	882	885	888	892	900	906	909	914	919	922	927	930	934	/
2A_SB	54	a	852	858	864	868	873	876	880	884	888	892	896	898	901	905	909	916	922	925	929	935	937	941	945	948	959
2A_SB	54	d	854	860	866	870	875	878	882	885	889	893	897	899	902	906	910	917	923	926	930	936	938	942	946	949	/
2A_SB	55	a	870	876	883	888	892	895	897	901	904	908	913	915	919	923	926	933	938	941	944	949	952	957	961	966	978
2A_SB	55	d	872	878	885	889	893	896	898	902	905	909	914	916	920	924	927	934	939	942	945	950	953	958	963	967	/
2A_SB	56	a	886	892	899	903	906	908	911	914	918	922	926	928	932	935	938	945	950	954	957	962	965	970	973	977	987
2A_SB	56	d	888	894	900	904	907	909	912	915	919	923	927	929	933	936	939	946	952	955	958	963	966	971	974	978	/
2A_SB	57	a	904	910	915	919	923	926	928	932	935	938	942	944	948	953	957	965	971	974	978	984	987	991	995	999	1008
2A_SB	57	d	906	911	916	920	924	927	930	933	936	939	943	945	950	954	959	967	972	975	979	985	988	993	996	1000	/
2A_SB	58	a	918	925	931	935	938	941	944	948	953	956	960	963	967	971	975	982	987	990	994	1000	1003	1007	1011	1014	1026
2A_SB	58	d	920	926	932	936	939	942	946	950	954	957	961	964	968	973	976	983	988	991	995	1001	1004	1008	1012	1015	/
2A_SB	59	a	935	941	947	950	954	958	961	964	968	972	976	979	982	985	988	995	1001	1005	1009	1015	1018	1023	1027	1030	1041
2A_SB	59	d	937	942	948	952	956	959	962	965	969	973	977	980	983	986	989	996	1002	1006	1011	1017	1019	1024	1028	1031	/
2A_SB	60	a	946	951	957	961	965	968	970	974	978	981	984	987	990	993	997	1005	1010	1013	1017	1022	1025	1029	1033	1036	1047
2A_SB	60	d	948	952	959	963	967	969	972	975	979	982	985	988	991	994	998	1006	1011	1014	1018	1024	1026	1030	1034	1038	/
2A_SB	61	a	960	967	972	976	980	984	988	993	996	1000	1003	1005	1009	1012	1016	1022	1027	1030	1033	1039	1042	1046	1049	1053	1062
2A_SB	61	d	962	968	974	978	982	986	990	994	997	1001	1004	1006	1010	1013	1017	1023	1028	1031	1035	1040	1043	1047	1050	1054	/
2A_SB	62	a	983	990	995	998	1002	1005	1007	1010	1013	1017	1020	1022	1025	1029	1032	1039	1044	1048	1052	1058	1062	1067	1070	1074	1083
2A_SB	62	d	985	991	996	999	1003	1006	1008	1011	1014	1018	1021	1023	1026	1030	1033	1040	1045	1049	1054	1060	1063	1068	1072	1075	/
2A_SB	63	a	998	1006	1012	1015	1018	1021	1023	1026	1030	1034	1038	1040	1043	1047	1051	1058	1064	1068	1072	1079	1082	1087	1090	1094	1103
2A_SB	63	d	1000	1007	1013	1016	1019	1022	1024	1027	1031	1035	1039	1041	1044	1048	1052	1059	1065	1069	1073	1080	1083	1088	1091	1095	/
2A_SB	64	a	1013	1019	1025	1029	1032	1035	1038	1041	1045	1049	1053	1055	1059	1062	1065	1072	1078	1082	1086	1093	1096	1101	1104	1108	1117
2A_SB	64	d	1015	1020	1026	1030	1033	1036	1039	1042	1046	1050	1054	1056	1060	1063	1066	1073	1079	1083	1088	1094	1097	1102	1105	1109	/
3A_SB	1	a	3	10	13	16	19	22	24	28	32	35	39	43	46	53	56
3A_SB	1	d	5	11	14	17	20	23	25	29	33	36	40	44	47	54	/
3A_SB	2	a	8	15	19	22	25	28	32	36	40	43	47	50	53	60	64
3A_SB	2	d	10	17	20	23	26	30	33	37	41	44	48	51	54	62	/
3A_SB	3	a	34	40	45	50	55	58	61	65	69	71	76	79	83	90	93
3A_SB	3	d	36	42	47	52	56	60	62	66	70	72	77	80	84	91	/
3A_SB	4	a	47	54	59	63	66	68	70	74	78	80	85	88	92	98	101
3A_SB	4	d	49	56	60	64	67	69	71	75	79	81	86	90	93	99	/
3A_SB	5	a	65	71	74	78	81	83	85	89	93	95	100	103	106	112	115
3A_SB	5	d	67	72	75	79	82	84	86	90	94	96	101	104	107	113	/
3A_SB	6	a	77	84	89	93	96	98	101	104	107	109	114	117	120	125	129
3A_SB	6	d	79	86	90	94	97	99	102	105	108	110	115	118	121	126	/
3A_SB	7	a	92	99	104	108	112	114	116	120	124	127	132	135	138	143	146
3A_SB	7	d	94	101	105	109	113	115	117	121	125	128	133	136	139	144	/
3A_SB	8	a	103	109	113	117	121	124	126	130	134	136	141	144	147	152	156
3A_SB	8	d	105	111	114	118	123	125	127	131	135	137	142	145	148	153	/
3A_SB	9	a	121	127	130	134	138	140	142	145	148	150	155	158	161	167	172
3A_SB	9	d	123	128	131	136	139	141	143	146	149	151	156	159	162	169	/
3A_SB	10	a	133	139	142	145	149	152	155	158	163	166	171	175	178	184	188
3A_SB	10	d	135	140	143	147	151	153	156	160	165	167	172	176	180	185	/
3A_SB	11	a	151	157	160	165	168	170	173	176	180	182	186	189	193	198	201
3A_SB	11	d	153	158	162	166	169	171	174	177	181	183	187	190	194	199	/
3A_SB	12	a	168	174	178	182	185	187	190	194	197	199	204	207	210	216	220
3A_SB	12	d	170	175	180	183	186	188	191	195	198	200	205	208	211	218	/
3A_SB	13	a	183	190	194	198	201	204	206	210	214	216	221	225	229	234	237
3A_SB	13	d	185	191	195	199	202	205	207	211	215	217	222	226	230	235	/
3A_SB	14	a	194	201	205	209	213	216	218	221	225	228	234	238	242	248	252
3A_SB	14	d	196	202	206	210	214	217	219	222	227	230	236	240	243	249	/
3A_SB	15	a	211	217	220	225	230	234	238	242	245	247	252	255	259	265	268
3A_SB	15	d	213	218	222	227	232	236	240	243	246	248	253	256	260	266	/
3A_SB	16	a	225	231	235	240	243	247	250	253	258	260	265	268	272	278	281
3A_SB	16	d	227	232	237	241	245	249	251	255	259	261	266	269	273	279	/
3A_SB	17	a	247	254	258	262	266	269	272	276	280	283	288	292	295	300	303
3A_SB	17	d	249	255	259	263	267	270	273	277	282	285	289	293	296	301	/
3A_SB	18	a	265	271	274	278	283	287	289	293	296	298	302	306	309	315	318
3A_SB	18	d	267	272	275	280	285	288	290	294	297	299	303	307	310	316	/
3A_SB	19	a	277	283	286	291	295	299	302	306	310	312	317	320	323	328	331
3A_SB	19	d	279	284	288	293	297	300	303	307	311	313	318	321	324	329	/
3A_SB	20	a	293	298	301	305	308	310	313	317	321	323	328	331	336	343	348
3A_SB	20	d	295	299	302	306	309	311	315	318	322	324	329	333	338	345	/
3A_SB	21	a	313	318	322	326	329	331	333	336	340	342	346	349	352	357	361
3A_SB	21	d	315	319	323	327	330	332	334	337	341	343	347	350	353	358	/
3A_SB	22	a	330	336	340	344	347	350	353	356	360	362	367	370	373	379	383
3A_SB	22	d	332	337	342	345	348	351	354	357	361	363	368	371	374	380	/
3A_SB	23	a	340	346	350	354	358	361	364	368	373	376	381	385	388	394	398
3A_SB	23	d	342	347	351	356	360	363	366	370	375	377	382	386	389	395	/
3A_SB	24	a	358	364	367	371	374	377	379	383	387	389	394	398	401	408	411
3A_SB	24	d	360	365	368	372	375	378	380	384	388	390	396	399	403	409	/
3A_SB	25	a	370	376	380	385	389	392	394	398	402	404	409	412	415	420	425
3A_SB	25	d	372	377	382	387	391	393	396	399	403	405	410	413	416	422	/
3A_SB	26	a	382	389	392	397	401	404	406	410	414	416	421	425	429	436	440
3A_SB	26	d	384	390	394	399	403	405	407	411	415	417	423	427	431	438	/
3A_SB	27	a	403	409	413	417	420	423	426	429	433	437	441	444	448	454	457
3A_SB	27	d	405	410	414	418	421	424	427	430	435	438	442	445	449	455	/
3A_SB	28	a	418	424	427	432	435	439	442	446	449	451	455	458	461	469	473
3A_SB	28	d	420	425	429	433	437	440	443	447	450	452	456	459	462	471	/
3A_SB	29	a	432	438	442	447	450	452	456	460	465	468	472	475	478	485	489
3A_SB	29	d	434	439	444	448	451	454	458	462	467	469	473	476	480	486	/
3A_SB	30	a	451	457	460	464	468	471	474	478	482	484	489	492	495	501	504
3A_SB	30	d	453	458	461	466	470	473	475	480	483	485	490	493	496	502	/
3A_SB	31	a	472	479	482	485	488	491	493	496	499	501	506	510	513	518	522
3A_SB	31	d	474	480	483	486	489	492	494	497	500	502	507	511	514	519	/
3A_SB	32	a	487	494	499	503	508	511	514	518	522	524	529	533	537	544	547
3A_SB	32	d	489	496	500	505	510	512	515	519	523	525	530	535	539	545	/
3A_SB	33	a	501	508	513	517	520	523	526	530	535	538	545	548	551	556	559
3A_SB	33	d	503	510	514	518	522	525	528	532	537	540	546	549	552	557	/
3A_SB	34	a	519	525	529	534	538	541	544	547	551	553	559	563	567	573	576
3A_SB	34	d	521	526	531	535	540	542	545	548	552	555	560	564	568	574	/
3A_SB	35	a	535	541	545	549	553	556	558	562	566	570	576	580	583	588	593
3A_SB	35	d	537	542	547	551	555	557	559	563	568	571	577	581	584	590	/
3A_SB	36	a	556	562	565	569	573	575	577	581	585	587	591	594	597	603	608
3A_SB	36	d	558	563	566	570	574	576	578	582	586	588	592	595	598	605	/
3A_SB	37	a	568	574	578	583	587	590	592	596	600	603	608	611	614	619	622
3A_SB	37	d	570	575	580	585	588	591	593	597	602	604	609	612	615	620	/
3A_SB	38	a	589	595	599	603	606	609	612	616	620	622	626	630	634	640	644
3A_SB	38	d	591	596	600	604	607	610	614	617	621	623	627	632	635	641	/
3A_SB	39	a	596	602	606	611	614	616	619	623	628	632	637	640	643	649	652
3A_SB	39	d	598	603	608	612	615	617	621	625	630	633	638	641	645	650	/
3A_SB	40	a	615	622	626	630	633	636	638	641	645	648	653	656	660	666	670
3A_SB	40	d	617	624	627	631	634	637	639	642	646	649	654	657	661	667	/
3A_SB	41	a	624	631	634	637	640	643	647	650	655	658	664	667	670	676	679
3A_SB	41	d	626	632	635	638	641	645	648	652	656	660	665	668	671	677	/
3A_SB	42	a	644	651	655	659	663	665	668	672	675	678	682	685	688	695	698
3A_SB	42	d	646	652	656	660	664	667	669	673	676	679	683	686	689	696	/
3A_SB	43	a	663	669	673	677	680	682	685	688	692	695	701	705	709	716	719
3A_SB	43	d	665	670	674	678	681	683	686	689	694	697	703	707	711	717	/
3A_SB	44	a	679	685	689	692	695	698	702	707	712	715	720	723	726	731	734
3A_SB	44	d	681	686	690	693	696	700	704	709	713	716	721	724	727	732	/
3A_SB	45	a	696	703	706	710	713	716	718	722	727	730	734	737	740	746	749
3A_SB	45	d	698	704	707	711	714	717	720	724	728	731	735	738	741	747	/
3A_SB	46	a	708	714	718	723	726	729	733	738	742	744	749	752	756	762	765
3A_SB	46	d	710	715	720	724	727	731	735	739	743	745	750	753	757	763	/
3A_SB	47	a	727	733	737	740	743	745	747	751	755	757	762	766	771	778	781
3A_SB	47	d	729	735	738	741	744	746	748	752	756	758	764	768	773	779	/
3A_SB	48	a	745	751	755	760	765	768	770	774	778	780	785	790	794	801	805
3A_SB	48	d	747	752	757	762	767	769	771	775	779	782	787	792	796	802	/
3A_SB	49	a	756	763	767	771	774	776	779	783	787	789	793	798	802	808	812
3A_SB	49	d	758	764	768	772	775	778	780	784	788	790	795	800	803	810	/
3A_SB	50	a	772	779	783	788	793	796	799	802	807	810	816	819	822	828	832
3A_SB	50	d	774	780	785	790	795	797	800	804	809	812	817	820	823	830	/
3A_SB	51	a	789	796	800	804	807	809	811	815	820	822	827	830	833	838	841
3A_SB	51	d	791	797	801	805	808	810	812	817	821	823	828	831	834	839	/
3A_SB	52	a	803	809	814	818	821	823	826	831	836	839	844	847	850	856	860
3A_SB	52	d	805	811	815	819	822	825	828	833	838	841	845	848	851	858	/
3A_SB	53	a	823	829	833	837	840	842	844	847	851	853	857	861	864	870	873
3A_SB	53	d	825	830	834	838	841	843	845	848	852	854	858	862	865	871	/
3A_SB	54	a	836	842	847	850	855	858	860	863	866	868	873	876	879	886	889
3A_SB	54	d	838	844	848	852	857	859	861	864	867	869	874	877	880	887	/
3A_SB	55	a	851	857	862	866	870	873	875	878	882	884	889	893	896	902	905
3A_SB	55	d	853	859	863	867	871	874	876	879	883	885	890	894	897	903	/
3A_SB	56	a	865	871	875	879	883	886	889	892	896	898	903	906	909	915	919
3A_SB	56	d	867	872	876	880	884	887	890	893	897	899	904	907	910	916	/
3A_SB	57	a	883	890	894	898	901	903	906	909	913	915	921	925	928	934	938
3A_SB	57	d	885	892	895	899	902	904	907	910	914	916	922	926	929	935	/
3A_SB	58	a	898	904	908	911	915	918	920	924	928	931	936	939	943	950	953
3A_SB	58	d	900	905	909	912	916	919	921	925	930	932	937	940	945	951	/
3A_SB	59	a	915	921	924	928	931	934	937	940	944	947	951	955	958	964	969
3A_SB	59	d	917	922	925	929	932	935	938	941	945	948	953	956	959	966	/
3A_SB	60	a	928	934	938	942	945	947	949	953	957	960	965	968	971	977	981
3A_SB	60	d	930	935	939	943	946	948	951	954	958	961	966	969	972	978	/
3A_SB	61	a	946	952	955	959	963	965	968	971	975	978	982	985	988	995	999
3A_SB	61	d	948	953	956	961	964	966	969	972	977	979	983	986	989	996	/
3A_SB	62	a	958	964	968	972	976	979	982	986	990	993	999	1003	1007	1012	1015
3A_SB	62	d	960	965	969	974	977	980	983	988	992	995	1001	1005	1008	1013	/
3A_SB	63	a	980	987	991	994	998	1001	1003	1007	1010	1012	1016	1019	1023	1029	1032
3A_SB	63	d	982	988	992	995	999	1002	1004	1008	1011	1013	1017	1020	1024	1030	/
3A_SB	64	a	992	999	1003	1008	1012	1015	1018	1022	1026	1028	1033	1037	1040	1046	1049
3A_SB	64	d	994	1000	1005	1009	1013	1016	1020	1023	1027	1029	1035	1038	1041	1047	/
3A_NB	1	a	3	8	12	15	18	22	27	30	33	37	40	44	48	50	54	58	61
3A_NB	1	d	5	9	13	16	19	24	28	32	34	38	41	45	49	51	55	59	/
3A_NB	2	a	21	26	30	34	39	43	48	52	55	59	63	67	71	74	79	82	86
3A_NB	2	d	23	28	32	36	41	45	49	53	56	60	64	68	72	75	80	83	/
3A_NB	3	a	41	46	50	54	58	62	66	69	71	75	78	82	85	88	93	97	100
3A_NB	3	d	43	47	52	56	60	63	67	70	72	76	79	83	86	90	94	98	/
3A_NB	4	a	58	62	66	69	73	77	81	85	88	93	96	100	103	105	110	113	117
3A_NB	4	d	60	63	67	70	75	78	82	86	89	94	97	101	104	106	111	114	/
3A_NB	5	a	69	73	77	82	85	88	93	97	99	103	106	110	115	119	124	128	131
3A_NB	5	d	71	75	79	83	86	90	95	98	100	104	108	112	117	120	125	129	/
3A_NB	6	a	86	90	94	98	101	104	109	113	116	120	124	128	131	133	138	142	146
3A_NB	6	d	88	92	95	99	102	106	110	114	117	121	125	129	132	134	140	143	/
3A_NB	7	a	103	107	110	113	116	119	123	127	129	133	137	141	145	148	153	156	160
3A_NB	7	d	105	108	111	114	117	120	124	128	130	134	138	142	146	149	154	157	/
3A_NB	8	a	118	123	127	130	133	136	140	143	145	149	153	157	160	162	166	170	174
3A_NB	8	d	120	124	128	131	134	137	141	144	146	150	154	158	161	163	167	171	/
3A_NB	9	a	123	128	133	138	141	145	149	152	155	159	163	167	170	173	178	183	187
3A_NB	9	d	125	130	135	139	143	146	150	153	156	160	165	168	172	174	180	184	/
3A_NB	10	a	148	153	157	160	163	167	171	175	177	181	184	187	191	194	199	202	205
3A_NB	10	d	150	154	158	161	165	168	172	176	178	182	185	188	192	195	200	203	/
3A_NB	11	a	163	167	171	174	177	180	183	186	189	194	197	200	204	206	211	215	218
3A_NB	11	d	165	168	172	175	178	181	184	187	190	195	198	201	205	207	212	216	/
3A_NB	12	a	174	178	182	185	189	192	195	199	201	205	208	211	214	216	220	224	228
3A_NB	12	d	176	180	183	186	190	193	196	200	202	206	209	212	215	217	221	225	/
3A_NB	13	a	189	194	198	201	205	209	212	215	218	223	227	231	234	237	241	245	249
3A_NB	13	d	191	196	199	202	206	210	213	216	219	225	228	232	235	238	242	246	/
3A_NB	14	a	203	208	212	216	219	223	228	232	235	239	243	247	250	253	257	260	264
3A_NB	14	d	205	210	214	217	220	225	229	234	236	240	244	248	251	254	258	261	/
3A_NB	15	a	220	224	229	232	235	239	242	245	248	253	257	261	264	266	271	274	278
3A_NB	15	d	222	226	230	233	236	240	243	246	249	254	258	262	265	267	272	275	/
3A_NB	16	a	238	243	246	249	252	255	259	263	265	269	273	277	281	284	288	291	294
3A_NB	16	d	240	244	247	250	253	256	260	264	266	270	274	278	282	285	289	292	/
3A_NB	17	a	249	254	258	262	265	269	272	275	277	281	285	288	291	294	298	301	305
3A_NB	17	d	251	256	259	263	266	270	273	276	278	282	286	289	292	295	299	303	/
3A_NB	18	a	259	264	268	272	275	279	282	285	289	294	299	302	306	309	314	318	322
3A_NB	18	d	261	266	270	273	277	280	283	287	291	296	300	303	307	311	315	319	/
3A_NB	19	a	274	279	283	286	290	295	300	304	307	313	318	321	324	327	331	335	339
3A_NB	19	d	276	281	284	288	292	297	301	305	309	315	319	322	325	328	332	336	/
3A_NB	20	a	293	298	302	307	310	314	317	320	322	326	330	333	336	340	344	348	351
3A_NB	20	d	295	300	304	308	311	315	318	321	323	327	331	334	338	341	345	349	/
3A_NB	21	a	314	319	322	325	329	332	335	338	340	344	347	351	354	356	361	365	368
3A_NB	21	d	316	320	323	326	330	333	336	339	341	345	348	352	355	357	362	366	/
3A_NB	22	a	326	331	335	338	341	344	347	350	352	356	359	363	366	368	373	377	381
3A_NB	22	d	328	333	336	339	342	345	348	351	353	357	360	364	367	369	374	379	/
3A_NB	23	a	343	347	350	353	356	360	363	366	369	373	377	381	385	388	392	396	400
3A_NB	23	d	345	348	351	354	357	361	364	367	370	375	378	382	386	389	393	397	/
3A_NB	24	a	358	362	365	368	371	374	377	381	384	388	392	396	400	403	408	411	414
3A_NB	24	d	360	363	366	369	372	375	378	382	385	390	393	397	401	405	409	412	/
3A_NB	25	a	374	378	381	385	389	392	396	400	403	408	412	416	419	422	426	430	434
3A_NB	25	d	376	379	383	386	390	393	397	401	404	409	413	417	420	423	427	431	/
3A_NB	26	a	388	393	396	399	403	406	409	413	416	421	424	428	431	434	439	443	446
3A_NB	26	d	390	394	397	400	404	407	410	414	417	422	425	429	432	435	440	444	/
3A_NB	27	a	403	408	411	414	417	420	424	428	431	436	440	445	449	451	455	459	462
3A_NB	27	d	405	409	412	415	418	421	425	429	432	437	442	446	450	452	456	460	/
3A_NB	28	a	420	425	429	432	436	439	442	446	449	453	456	459	463	465	470	474	478
3A_NB	28	d	422	427	430	433	437	440	443	447	450	454	457	460	464	466	471	475	/
3A_NB	29	a	435	440	444	447	451	455	458	462	464	468	471	474	478	480	484	488	493
3A_NB	29	d	437	441	445	448	452	456	459	463	465	469	472	475	479	481	485	490	/
3A_NB	30	a	449	454	458	462	465	469	472	475	478	483	487	491	495	498	503	507	511
3A_NB	30	d	451	455	459	463	466	470	473	476	480	484	488	492	496	499	504	508	/
3A_NB	31	a	463	468	471	474	477	481	484	487	490	494	498	502	505	508	513	516	520
3A_NB	31	d	465	469	472	475	478	482	485	488	491	495	499	503	506	509	514	518	/
3A_NB	32	a	478	482	485	489	493	496	499	503	506	510	514	518	521	523	528	532	536
3A_NB	32	d	480	483	486	490	494	497	500	504	507	511	515	519	522	524	529	533	/
3A_NB	33	a	490	494	497	500	504	507	510	514	517	521	525	529	532	534	538	543	546
3A_NB	33	d	492	495	498	501	505	508	511	515	518	522	526	530	533	535	540	544	/
3A_NB	34	a	497	501	505	509	513	516	519	524	528	533	538	542	545	548	552	556	560
3A_NB	34	d	499	503	507	511	514	517	521	526	530	535	540	543	546	549	553	557	/
3A_NB	35	a	516	521	525	530	534	538	542	545	547	551	555	559	563	565	570	573	577
3A_NB	35	d	518	523	527	532	535	540	543	546	548	552	556	560	564	566	571	574	/
3A_NB	36	a	529	534	539	543	546	549	552	555	558	562	565	569	573	576	581	584	588
3A_NB	36	d	531	536	540	544	547	550	553	556	559	563	566	570	574	577	582	585	/
3A_NB	37	a	545	550	554	557	560	563	566	569	571	575	578	582	586	589	593	597	601
3A_NB	37	d	547	551	555	558	561	564	567	570	572	576	579	583	587	590	594	598	/
3A_NB	38	a	561	566	569	572	575	579	582	585	588	593	596	600	603	605	610	614	619
3A_NB	38	d	563	567	570	573	576	580	583	586	589	594	597	601	604	606	611	616	/
3A_NB	39	a	571	576	580	583	587	591	595	598	602	606	609	614	617	620	625	629	633
3A_NB	39	d	573	577	581	585	588	592	596	600	603	607	611	615	618	621	626	630	/
3A_NB	40	a	586	591	595	598	602	605	608	613	617	621	625	629	632	634	639	643	647
3A_NB	40	d	588	592	596	600	603	606	610	615	618	622	626	630	633	635	640	644	/
3A_NB	41	a	603	607	612	616	619	623	626	629	631	636	639	643	646	649	653	658	661
3A_NB	41	d	605	609	613	617	620	624	627	630	633	637	640	644	647	650	655	659	/
3A_NB	42	a	617	621	625	629	634	638	641	644	647	651	655	659	663	665	670	674	679
3A_NB	42	d	619	622	627	631	635	639	642	645	648	652	656	660	664	667	671	676	/
3A_NB	43	a	632	637	641	644	647	651	654	657	660	665	668	671	675	678	682	686	690
3A_NB	43	d	634	639	642	645	648	652	655	658	661	666	669	672	676	679	683	687	/
3A_NB	44	a	647	651	655	659	662	666	670	674	677	681	684	688	692	695	700	704	707
3A_NB	44	d	649	652	656	660	663	667	671	675	678	682	686	690	693	696	701	705	/
3A_NB	45	a	663	667	671	674	678	681	684	688	691	695	699	703	706	709	714	718	721
3A_NB	45	d	665	668	672	675	679	682	685	689	692	696	700	704	707	711	715	719	/
3A_NB	46	a	674	679	683	688	692	695	699	702	705	709	712	715	719	721	726	730	734
3A_NB	46	d	676	681	685	690	693	696	700	703	706	710	713	716	720	722	727	731	/
3A_NB	47	a	689	694	697	700	704	707	710	713	717	721	725	730	735	739	744	748	753
3A_NB	47	d	691	695	698	702	705	708	711	715	718	723	727	732	737	740	745	750	/
3A_NB	48	a	705	710	714	718	723	727	730	734	736	740	743	747	750	753	758	762	767
3A_NB	48	d	707	712	716	720	724	728	732	735	737	741	744	748	751	754	759	764	/
3A_NB	49	a	722	726	729	732	737	740	743	747	749	753	757	761	764	767	772	775	779
3A_NB	49	d	724	727	730	734	738	741	744	748	750	754	758	762	765	768	773	776	/
3A_NB	50	a	735	739	743	748	752	756	759	762	765	769	773	777	780	783	788	793	796
3A_NB	50	d	737	741	745	750	753	757	760	763	766	770	774	778	782	785	790	794	/
3A_NB	51	a	749	753	756	759	762	766	770	773	776	780	784	788	792	794	799	803	807
3A_NB	51	d	751	754	757	760	763	767	771	774	777	781	785	789	793	795	800	804	/
3A_NB	52	a	766	771	774	778	782	785	789	792	795	799	803	806	809	811	816	819	824
3A_NB	52	d	768	772	775	779	783	786	790	793	796	800	804	807	810	812	817	820	/
3A_NB	53	a	780	784	788	792	795	798	802	805	808	812	816	820	824	826	830	833	837
3A_NB	53	d	782	785	789	793	796	799	803	806	809	813	817	821	825	827	831	834	/
3A_NB	54	a	796	801	806	810	814	817	821	824	827	831	836	840	845	849	853	858	863
3A_NB	54	d	798	803	807	811	815	819	822	826	828	833	837	842	847	850	855	860	/
3A_NB	55	a	813	818	823	827	831	834	838	841	844	848	851	855	859	861	865	869	874
3A_NB	55	d	815	820	825	828	832	835	839	842	845	849	852	856	860	862	866	871	/
3A_NB	56	a	825	830	835	838	842	845	848	851	854	859	863	867	872	875	880	883	887
3A_NB	56	d	827	832	836	839	843	846	849	852	855	861	864	869	874	877	881	884	/
3A_NB	57	a	840	845	849	853	857	860	864	867	869	874	879	884	889	891	896	901	905
3A_NB	57	d	842	847	851	855	858	861	865	868	871	876	881	886	890	893	898	902	/
3A_NB	58	a	857	861	865	868	871	876	879	883	886	891	894	898	903	905	909	912	916
3A_NB	58	d	859	862	866	869	873	877	880	885	888	892	895	900	904	906	910	913	/
3A_NB	59	a	873	878	881	884	888	892	896	899	902	907	910	914	919	922	927	932	936
3A_NB	59	d	875	879	882	886	889	893	897	900	904	908	911	916	921	923	929	934	/
3A_NB	60	a	891	895	898	901	905	908	911	914	917	921	924	928	932	934	939	943	946
3A_NB	60	d	893	896	899	903	906	909	912	915	918	922	925	929	933	936	941	944	/
3A_NB	61	a	901	906	910	913	917	920	924	928	931	935	939	943	947	950	955	959	964
3A_NB	61	d	903	907	911	915	918	921	926	930	932	936	940	944	948	951	956	961	/
3A_NB	62	a	913	917	922	926	930	935	940	943	947	951	955	959	963	966	970	974	977
3A_NB	62	d	915	919	924	928	932	937	941	945	948	952	956	960	964	967	971	975	/
3A_NB	63	a	930	934	939	943	948	953	958	963	966	970	973	977	981	984	988	992	996
3A_NB	63	d	932	936	941	945	950	955	960	964	967	971	975	978	982	985	989	993	/
3A_NB	64	a	948	952	955	959	963	967	970	974	977	982	987	990	994	996	1000	1004	1008
3A_NB	64	d	950	953	957	960	964	968	971	975	979	984	988	991	995	997	1001	1006	/
