RouteID	RunID	Arrivals/Departures	TimePerStop
1A_SB	1	a	4	7	10	19	24	28	35	38	42	46	51	54	62	67	74
1A_SB	1	d	5	8	11	21	25	30	36	40	44	48	52	55	64	69	/
1A_SB	2	a	23	27	31	41	45	50	57	62	66	69	73	78	88	91	98
1A_SB	2	d	24	28	33	43	47	52	59	63	67	71	75	79	89	92	/
1A_SB	3	a	53	57	61	70	75	79	86	91	95	99	104	108	117	121	128
1A_SB	3	d	54	58	63	72	77	81	88	93	97	101	105	109	119	122	/
1A_SB	4	a	73	78	82	92	96	100	107	111	116	120	124	128	139	143	151
1A_SB	4	d	75	79	83	93	97	102	109	113	118	121	125	129	140	144	/
1A_SB	5	a	86	91	95	104	107	111	119	122	126	130	134	137	148	152	160
1A_SB	5	d	88	92	96	105	109	113	120	123	127	131	135	139	149	153	/
1A_SB	6	a	95	99	104	115	119	124	132	135	139	143	146	149	158	162	171
1A_SB	6	d	97	101	106	117	121	126	133	136	140	144	147	150	160	164	/
1A_SB	7	a	117	121	126	136	139	143	150	155	160	164	168	172	182	187	195
1A_SB	7	d	119	123	127	137	140	144	152	157	162	166	170	174	184	188	/
1A_SB	8	a	130	135	139	148	151	155	160	164	168	171	175	179	189	194	201
1A_SB	8	d	132	137	141	149	152	156	161	165	169	173	177	180	191	195	/
1A_SB	9	a	139	144	148	159	162	167	173	176	180	184	187	190	201	204	212
1A_SB	9	d	141	146	150	160	164	169	174	177	181	185	188	192	202	206	/
1A_SB	10	a	145	150	154	164	167	172	178	181	185	189	192	196	206	210	219
1A_SB	10	d	147	152	155	165	169	174	179	182	186	190	194	198	208	211	/
1A_SB	11	a	153	158	162	173	176	180	185	189	194	198	202	206	216	219	228
1A_SB	11	d	155	160	164	174	177	181	186	191	196	199	203	208	217	220	/
1A_SB	12	a	169	174	179	188	192	197	203	207	210	213	217	220	228	231	239
1A_SB	12	d	171	176	181	190	194	199	204	208	211	214	218	221	229	232	/
1A_SB	13	a	185	188	193	201	206	210	216	220	224	227	230	233	241	245	251
1A_SB	13	d	186	190	194	203	208	212	217	221	225	228	231	234	242	246	/
1A_SB	14	a	199	203	207	215	219	223	228	233	237	240	243	247	257	262	270
1A_SB	14	d	201	204	208	217	221	224	229	235	238	241	245	249	259	264	/
1A_SB	15	a	206	210	214	223	226	230	236	241	245	248	251	254	264	268	275
1A_SB	15	d	208	211	215	224	227	231	237	243	246	249	252	256	265	269	/
1A_SB	16	a	218	223	228	238	242	245	250	253	256	259	264	268	277	282	290
1A_SB	16	d	220	225	229	239	243	246	251	254	257	261	266	270	279	284	/
1A_SB	17	a	237	241	245	256	259	263	269	273	277	281	284	287	296	299	307
1A_SB	17	d	238	243	246	257	260	264	270	274	278	282	285	288	297	300	/
1A_SB	18	a	243	248	251	262	265	269	274	278	282	287	291	295	304	307	315
1A_SB	18	d	245	249	252	263	266	270	275	279	284	289	293	296	305	308	/
1A_SB	19	a	248	253	256	266	270	274	279	284	289	293	297	301	309	313	321
1A_SB	19	d	250	254	258	268	271	275	281	286	290	295	299	302	311	314	/
1A_SB	20	a	258	261	266	275	279	283	288	291	295	299	303	307	315	318	327
1A_SB	20	d	259	263	267	276	280	284	289	292	296	300	304	308	316	320	/
1A_SB	21	a	263	266	271	280	284	288	294	298	302	305	310	314	324	327	335
1A_SB	21	d	264	268	273	281	285	289	296	299	303	307	311	315	325	328	/
1A_SB	22	a	269	273	277	286	290	294	300	305	309	312	316	320	331	336	342
1A_SB	22	d	270	274	279	288	291	295	302	306	310	313	318	322	333	337	/
1A_SB	23	a	274	278	283	291	295	300	305	310	315	319	324	327	337	342	348
1A_SB	23	d	275	280	284	293	297	302	307	312	316	321	325	328	339	343	/
1A_SB	24	a	280	284	289	300	303	307	311	316	320	324	329	333	342	347	354
1A_SB	24	d	281	286	290	301	304	308	313	317	321	326	331	334	344	348	/
1A_SB	25	a	286	290	295	306	309	313	317	321	325	330	335	338	348	352	359
1A_SB	25	d	287	292	296	307	310	314	318	322	327	332	336	340	350	353	/
1A_SB	26	a	294	298	302	310	314	318	324	328	332	336	340	343	354	357	364
1A_SB	26	d	295	299	303	312	315	319	325	329	333	337	341	345	355	358	/
1A_SB	27	a	300	304	308	316	320	324	330	334	337	342	346	350	360	363	369
1A_SB	27	d	301	305	309	318	321	325	331	335	339	343	347	351	361	364	/
1A_SB	28	a	305	309	313	321	325	329	335	339	342	347	350	355	365	368	374
1A_SB	28	d	306	310	314	323	326	330	336	340	344	348	352	356	366	369	/
1A_SB	29	a	310	314	318	328	331	334	340	344	348	351	355	360	370	373	379
1A_SB	29	d	311	315	319	329	332	335	341	345	349	353	357	362	371	374	/
1A_SB	30	a	324	328	332	340	344	347	352	356	361	364	368	373	382	386	393
1A_SB	30	d	325	329	333	342	345	348	354	358	362	366	370	375	383	387	/
1A_SB	31	a	331	335	340	349	352	356	362	366	371	375	379	383	392	396	404
1A_SB	31	d	332	336	342	350	354	358	364	368	373	376	381	385	394	398	/
1A_SB	32	a	348	352	357	366	370	374	381	385	390	393	396	401	410	413	419
1A_SB	32	d	349	354	359	368	371	376	383	387	391	394	398	402	411	414	/
1A_NB	1	a	6	16	19	28	33	37	41	45	48	54	57	61	69	74	79
1A_NB	1	d	7	17	20	29	35	39	42	46	50	55	58	63	71	76	/
1A_NB	2	a	20	31	35	45	50	54	58	63	68	74	78	81	89	93	97
1A_NB	2	d	21	33	37	46	52	55	60	65	70	76	79	82	90	94	/
1A_NB	3	a	27	38	41	51	56	60	64	69	74	79	83	86	94	98	103
1A_NB	3	d	28	39	43	52	58	61	66	71	75	81	84	87	95	100	/
1A_NB	4	a	33	44	48	59	66	69	73	77	80	85	88	91	100	104	107
1A_NB	4	d	34	46	50	61	67	70	74	78	81	86	89	92	101	105	/
1A_NB	5	a	51	61	64	74	81	84	88	92	95	101	104	107	118	123	128
1A_NB	5	d	53	62	66	76	82	85	89	93	96	102	105	109	120	125	/
1A_NB	6	a	77	88	92	102	108	112	117	121	125	131	134	137	148	151	155
1A_NB	6	d	79	89	93	103	109	114	119	123	126	132	135	138	149	152	/
1A_NB	7	a	87	98	103	113	119	123	126	130	133	139	143	146	157	160	164
1A_NB	7	d	89	100	104	114	120	124	127	131	135	141	144	147	158	161	/
1A_NB	8	a	96	105	108	119	124	128	131	135	138	144	148	152	161	165	168
1A_NB	8	d	98	106	109	120	125	129	132	136	140	146	150	154	163	166	/
1A_NB	9	a	101	110	113	124	129	133	136	140	143	149	154	158	167	171	174
1A_NB	9	d	103	111	114	125	130	134	138	141	145	151	156	160	169	172	/
1A_NB	10	a	110	121	125	138	144	147	151	156	159	165	168	171	179	182	186
1A_NB	10	d	112	123	127	139	145	148	153	157	160	166	169	172	180	183	/
1A_NB	11	a	116	127	130	143	149	154	158	162	165	171	174	177	186	190	195
1A_NB	11	d	118	128	132	144	151	155	159	163	166	172	175	179	188	192	/
1A_NB	12	a	123	134	138	149	155	159	164	169	174	180	183	187	197	202	206
1A_NB	12	d	125	136	140	151	156	161	166	171	175	181	185	189	199	204	/
1A_NB	13	a	154	165	169	179	184	187	190	193	196	200	203	206	214	217	221
1A_NB	13	d	155	166	170	180	185	188	191	194	197	201	204	207	215	218	/
1A_NB	14	a	158	170	174	184	190	193	196	200	204	208	211	215	225	229	233
1A_NB	14	d	160	171	175	186	191	194	197	201	205	209	212	216	227	230	/
1A_NB	15	a	170	179	183	195	201	205	210	214	218	224	228	232	242	247	252
1A_NB	15	d	172	181	185	197	202	207	211	215	220	226	230	233	244	249	/
1A_NB	16	a	196	206	209	219	225	228	231	235	238	245	248	251	259	262	267
1A_NB	16	d	198	207	210	220	226	229	232	236	239	246	249	252	260	264	/
1A_NB	17	a	212	221	226	238	245	249	253	258	262	269	272	275	283	287	291
1A_NB	17	d	214	223	228	240	247	251	255	260	263	270	273	276	284	288	/
1A_NB	18	a	227	236	239	247	253	256	259	263	267	274	277	280	288	292	296
1A_NB	18	d	229	237	240	248	254	257	260	265	268	275	278	281	289	293	/
1A_NB	19	a	232	241	244	252	258	261	264	268	272	279	282	285	293	297	301
1A_NB	19	d	234	242	245	253	259	262	265	270	274	280	283	286	294	298	/
1A_NB	20	a	237	246	250	258	263	266	270	274	278	284	287	290	298	302	306
1A_NB	20	d	239	248	251	259	264	268	271	276	279	285	288	291	299	303	/
1A_NB	21	a	242	252	255	263	268	271	275	279	283	289	292	295	303	308	312
1A_NB	21	d	244	253	256	264	269	273	276	281	284	290	293	296	305	309	/
1A_NB	22	a	258	268	272	280	285	288	292	295	298	303	306	309	317	321	324
1A_NB	22	d	260	270	273	281	286	289	293	296	299	304	307	310	318	322	/
1A_NB	23	a	263	273	277	285	291	294	298	301	305	310	313	316	325	329	333
1A_NB	23	d	265	275	278	286	292	295	299	302	306	311	314	317	326	330	/
1A_NB	24	a	273	283	286	295	302	307	312	316	321	327	331	335	346	350	354
1A_NB	24	d	275	284	287	297	304	309	314	318	323	329	333	337	348	351	/
1A_NB	25	a	278	288	292	301	307	312	317	322	327	332	336	340	351	355	360
1A_NB	25	d	280	290	293	303	309	314	319	324	328	334	338	342	353	357	/
1A_NB	26	a	296	307	310	319	326	329	334	339	342	348	352	355	364	369	374
1A_NB	26	d	298	308	311	321	327	331	336	340	343	350	353	356	366	371	/
1A_NB	27	a	303	316	320	330	335	339	343	347	351	357	361	364	373	378	383
1A_NB	27	d	305	318	322	331	337	340	344	348	353	359	362	365	375	380	/
1A_NB	28	a	325	336	339	350	356	360	364	368	371	377	381	386	395	400	404
1A_NB	28	d	326	337	341	352	358	361	366	369	373	379	383	387	396	401	/
1A_NB	29	a	351	359	362	373	378	382	386	390	395	401	404	409	418	422	426
1A_NB	29	d	352	360	364	374	379	384	388	392	396	402	406	411	420	423	/
1A_NB	30	a	359	368	371	382	387	392	396	401	405	412	417	421	429	433	437
1A_NB	30	d	360	369	373	383	389	394	398	402	407	414	418	422	431	434	/
1A_NB	31	a	367	376	380	390	394	398	402	406	410	417	422	426	435	439	444
1A_NB	31	d	368	378	381	391	396	400	403	407	412	419	424	428	436	441	/
1A_NB	32	a	376	386	390	400	405	409	413	417	421	428	432	435	444	449	453
1A_NB	32	d	377	388	391	402	407	410	414	418	423	429	433	437	446	450	/
2A_NB	1	a	4	7	12	16	20	25	29	33	42	45	51	54	57	61	66	68	71	74
2A_NB	1	d	5	8	14	17	21	27	31	34	43	47	52	55	58	62	67	69	72	/
2A_NB	2	a	9	12	17	22	26	31	35	38	47	52	58	61	64	68	73	75	78	81
2A_NB	2	d	10	13	19	23	27	32	36	39	49	54	60	62	65	69	74	76	79	/
2A_NB	3	a	14	18	24	28	32	38	42	45	54	59	64	66	69	74	78	80	83	86
2A_NB	3	d	15	19	25	29	33	39	43	46	56	60	65	67	71	75	79	81	84	/
2A_NB	4	a	21	25	32	35	38	45	48	52	61	64	69	71	75	80	84	86	89	94
2A_NB	4	d	22	27	33	36	40	46	49	53	62	65	70	73	77	81	85	87	91	/
2A_NB	5	a	28	32	37	41	44	49	53	57	66	70	76	78	81	86	90	94	98	103
2A_NB	5	d	29	34	39	42	45	51	54	58	68	72	77	79	83	87	92	95	100	/
2A_NB	6	a	34	37	42	46	50	56	59	63	73	76	83	86	89	94	100	104	108	112
2A_NB	6	d	35	39	44	47	52	57	60	64	74	78	85	87	91	96	102	105	110	/
2A_NB	7	a	41	44	49	52	56	62	66	70	81	86	92	94	98	103	108	111	115	118
2A_NB	7	d	42	45	50	53	58	63	67	72	83	87	93	96	100	104	109	112	116	/
2A_NB	8	a	46	50	55	59	63	69	74	77	86	91	97	99	103	108	114	118	123	127
2A_NB	8	d	47	51	57	61	64	71	75	79	88	92	98	101	105	110	116	120	124	/
2A_NB	9	a	56	60	65	68	71	78	81	84	92	96	103	105	109	114	120	123	128	133
2A_NB	9	d	57	61	66	69	73	79	82	85	93	98	104	107	111	116	121	125	130	/
2A_NB	10	a	63	66	71	75	79	84	88	91	97	102	108	111	115	119	125	128	133	137
2A_NB	10	d	64	67	73	77	80	86	89	92	99	103	109	113	116	121	126	130	135	/
2A_NB	11	a	69	72	77	80	84	89	94	98	105	109	115	119	123	128	133	136	139	142
2A_NB	11	d	70	73	78	82	85	91	95	100	107	111	117	121	125	129	135	137	140	/
2A_NB	12	a	74	77	82	85	89	95	99	103	112	116	121	125	129	133	138	141	144	148
2A_NB	12	d	75	78	83	87	90	96	100	105	114	117	123	127	130	134	140	142	146	/
2A_NB	13	a	79	82	87	90	95	101	105	108	117	121	127	130	134	139	145	148	152	157
2A_NB	13	d	80	83	88	92	96	102	106	110	119	123	128	132	136	141	147	150	154	/
2A_NB	14	a	84	87	93	96	100	106	110	114	122	127	133	136	140	145	151	154	158	163
2A_NB	14	d	85	89	94	97	101	108	112	115	124	129	135	138	142	147	153	156	160	/
2A_NB	15	a	89	92	98	101	105	111	115	119	127	132	138	141	145	150	156	159	163	168
2A_NB	15	d	90	94	99	102	107	113	117	121	129	134	140	143	147	152	158	161	165	/
2A_NB	16	a	96	99	104	108	113	119	124	128	136	140	147	150	154	159	165	167	171	175
2A_NB	16	d	97	100	106	110	115	121	126	130	137	142	149	152	156	161	166	168	172	/
2A_NB	17	a	101	104	110	114	119	126	131	135	145	149	156	159	163	167	173	175	180	185
2A_NB	17	d	102	105	112	116	121	128	133	137	146	150	157	161	164	169	174	177	182	/
2A_NB	18	a	117	121	126	130	133	139	143	146	156	161	168	172	176	180	187	190	193	198
2A_NB	18	d	118	122	127	131	134	140	144	148	158	162	170	174	177	182	189	191	195	/
2A_NB	19	a	129	133	139	142	145	152	157	160	168	172	180	183	187	190	196	200	204	209
2A_NB	19	d	130	135	140	143	147	154	158	161	169	174	182	185	188	191	198	202	206	/
2A_NB	20	a	137	141	147	151	156	162	166	169	177	182	188	190	193	196	203	206	210	214
2A_NB	20	d	138	143	149	153	158	163	167	170	179	183	189	191	194	197	204	208	211	/
2A_NB	21	a	162	166	172	175	178	184	188	192	201	205	210	213	216	220	227	230	233	237
2A_NB	21	d	163	167	173	176	179	186	189	194	203	206	211	214	217	222	229	231	235	/
2A_NB	22	a	175	178	184	189	192	198	203	207	215	219	226	230	233	237	243	247	251	256
2A_NB	22	d	176	179	186	190	194	200	205	209	216	221	228	232	234	238	245	248	253	/
2A_NB	23	a	203	206	213	216	221	228	231	234	244	249	254	256	258	262	269	273	277	282
2A_NB	23	d	204	208	214	218	223	229	232	236	246	250	255	257	259	264	271	275	279	/
2A_NB	24	a	233	236	242	246	250	256	259	263	273	276	281	284	288	292	298	301	304	307
2A_NB	24	d	234	238	244	247	251	257	261	265	274	277	283	286	289	293	299	302	305	/
2A_NB	25	a	261	265	272	275	280	286	289	294	301	306	312	314	317	322	327	331	334	338
2A_NB	25	d	262	266	273	277	281	287	291	295	303	307	313	316	319	323	329	332	335	/
2A_NB	26	a	291	294	301	305	309	315	320	324	332	335	342	345	348	351	357	360	364	367
2A_NB	26	d	292	296	303	307	311	317	321	325	333	337	343	346	349	353	359	361	365	/
2A_NB	27	a	321	324	330	334	339	345	349	353	362	365	372	375	377	381	387	390	394	398
2A_NB	27	d	322	326	332	336	341	347	351	355	363	367	373	376	378	383	389	391	395	/
2A_NB	28	a	351	354	359	364	369	375	379	383	391	395	400	403	407	411	418	420	423	426
2A_NB	28	d	352	355	361	366	371	377	381	385	393	396	402	405	408	412	419	421	424	/
2A_NB	29	a	378	381	386	389	393	400	405	409	418	423	430	433	435	440	447	449	453	456
2A_NB	29	d	379	382	387	390	395	402	406	410	420	425	431	434	437	442	448	450	454	/
2A_NB	30	a	405	409	416	419	422	428	431	435	443	447	452	455	457	460	465	469	474	479
2A_NB	30	d	406	411	417	420	423	429	432	437	445	448	453	456	458	461	467	471	476	/
2A_NB	31	a	431	434	439	442	447	452	457	461	470	473	478	481	483	486	492	495	500	503
2A_NB	31	d	432	435	440	444	448	454	459	462	471	474	480	482	484	488	494	497	501	/
2A_NB	32	a	454	457	462	466	471	477	481	486	493	497	504	507	510	514	520	522	526	531
2A_NB	32	d	455	458	463	468	473	478	483	487	494	499	506	508	511	515	521	523	528	/
2A_SB	1	a	17	20	24	27	32	36	41	46	50	55	58	63	67	72	79	82	86	89
2A_SB	1	d	18	22	25	28	34	38	43	48	52	56	59	65	69	74	80	83	87	/
2A_SB	2	a	44	48	51	55	61	64	69	73	77	83	86	91	95	98	103	107	110	114
2A_SB	2	d	45	49	53	57	63	66	71	75	78	84	87	92	96	99	105	108	111	/
2A_SB	3	a	63	68	71	75	82	85	89	93	96	101	104	109	112	116	121	125	128	131
2A_SB	3	d	65	69	72	77	84	87	91	94	97	102	105	110	113	117	122	126	129	/
2A_SB	4	a	77	81	84	87	93	97	102	105	108	114	118	125	128	132	138	141	144	147
2A_SB	4	d	79	82	85	88	95	99	103	106	110	116	120	126	130	133	139	142	145	/
2A_SB	5	a	90	94	96	99	105	107	110	114	118	124	129	135	139	143	149	152	156	160
2A_SB	5	d	92	95	97	100	106	108	112	116	120	126	130	136	140	144	150	153	157	/
2A_SB	6	a	100	104	107	111	116	118	122	125	128	134	139	146	151	154	160	163	167	171
2A_SB	6	d	102	105	109	112	117	120	123	126	130	136	141	148	152	156	161	164	169	/
2A_SB	7	a	121	125	129	132	136	138	141	144	147	153	158	163	167	170	176	180	184	187
2A_SB	7	d	123	127	130	133	137	139	142	145	148	155	159	165	168	171	177	181	185	/
2A_SB	8	a	128	132	136	139	145	148	151	155	158	164	168	175	179	183	188	192	196	199
2A_SB	8	d	130	134	137	141	147	149	153	156	159	165	170	177	181	184	189	193	197	/
2A_SB	9	a	136	140	144	148	153	156	159	162	165	171	175	181	184	188	193	197	202	206
2A_SB	9	d	138	142	146	149	154	157	160	163	166	172	176	182	186	189	194	199	204	/
2A_SB	10	a	149	153	155	158	164	166	170	173	178	184	187	193	196	200	206	209	214	217
2A_SB	10	d	150	154	156	160	165	167	171	175	179	185	188	194	197	201	207	211	215	/
2A_SB	11	a	159	163	166	171	177	180	184	188	193	199	202	208	213	217	223	226	230	234
2A_SB	11	d	160	165	168	173	179	182	186	190	194	200	204	210	214	218	224	227	231	/
2A_SB	12	a	163	168	171	176	182	186	190	194	199	207	211	217	222	226	232	235	239	243
2A_SB	12	d	165	170	173	178	184	188	192	196	201	209	213	219	223	227	233	236	241	/
2A_SB	13	a	177	182	184	188	193	196	200	204	208	215	219	225	229	233	239	242	245	248
2A_SB	13	d	179	183	185	189	194	197	201	205	210	217	221	227	230	234	240	243	246	/
2A_SB	14	a	182	187	189	193	198	201	205	209	213	220	224	231	234	238	245	249	253	258
2A_SB	14	d	184	188	190	194	199	202	206	210	215	222	226	232	235	240	247	251	255	/
2A_SB	15	a	190	195	197	201	207	210	214	218	223	229	233	239	243	247	253	256	260	265
2A_SB	15	d	192	196	198	202	208	211	216	220	224	230	234	240	244	248	254	257	262	/
2A_SB	16	a	195	199	202	207	213	217	222	225	228	234	239	244	248	252	258	261	265	270
2A_SB	16	d	197	201	204	208	215	219	223	226	230	236	240	245	249	253	259	262	267	/
2A_SB	17	a	210	215	218	221	226	229	233	236	239	243	247	252	256	260	266	269	273	276
2A_SB	17	d	212	216	219	222	227	230	234	237	240	244	248	253	257	261	267	271	274	/
2A_SB	18	a	215	220	223	226	231	235	239	243	246	250	254	260	264	268	274	278	282	286
2A_SB	18	d	217	221	224	227	233	236	240	244	247	251	255	261	265	269	275	280	284	/
2A_SB	19	a	220	225	228	231	237	240	244	248	251	255	258	265	269	273	280	284	288	292
2A_SB	19	d	222	226	229	233	238	242	245	249	252	256	260	266	270	274	281	285	289	/
2A_SB	20	a	227	232	236	240	246	250	254	258	262	267	270	274	278	282	289	292	296	300
2A_SB	20	d	229	234	238	242	248	252	255	260	263	268	271	275	279	283	290	293	297	/
2A_SB	21	a	236	240	243	246	251	255	260	264	267	273	277	281	286	291	299	303	308	312
2A_SB	21	d	237	241	244	247	253	257	261	265	269	274	278	283	288	293	301	305	309	/
2A_SB	22	a	241	245	249	252	257	260	265	269	272	279	284	290	295	300	306	309	313	317
2A_SB	22	d	242	247	250	253	258	262	266	270	274	281	286	292	297	301	307	310	315	/
2A_SB	23	a	258	262	264	268	273	275	278	281	284	290	293	298	302	305	311	314	319	322
2A_SB	23	d	259	263	266	269	274	276	279	282	285	291	294	299	303	306	312	316	320	/
2A_SB	24	a	265	270	273	277	283	285	289	293	296	302	306	311	315	319	326	329	333	337
2A_SB	24	d	267	271	275	278	284	287	291	294	297	303	307	312	316	320	327	331	335	/
2A_SB	25	a	271	276	279	282	289	292	296	299	302	308	312	317	320	324	331	334	338	342
2A_SB	25	d	273	277	280	284	291	294	297	300	303	309	313	318	321	325	332	336	340	/
2A_SB	26	a	283	288	291	294	300	303	307	311	314	321	324	330	333	338	344	348	353	356
2A_SB	26	d	285	289	292	295	301	304	308	312	315	322	325	331	335	340	346	350	354	/
2A_SB	27	a	297	302	305	308	313	316	320	324	328	335	339	344	348	353	359	364	368	371
2A_SB	27	d	299	303	306	309	314	317	321	325	329	336	340	345	350	354	361	365	369	/
2A_SB	28	a	303	307	310	313	318	321	326	331	334	340	344	349	353	358	366	370	374	378
2A_SB	28	d	305	308	311	314	320	323	328	332	335	341	345	350	355	360	367	371	375	/
2A_SB	29	a	311	315	318	321	326	328	332	335	339	346	350	356	361	365	373	377	380	384
2A_SB	29	d	313	316	319	322	327	329	333	337	341	348	352	358	363	367	375	378	381	/
2A_SB	30	a	316	321	324	327	332	336	340	343	346	352	356	362	366	370	378	382	385	390
2A_SB	30	d	318	322	325	328	334	338	341	344	348	354	358	364	368	372	380	383	387	/
2A_SB	31	a	327	332	336	340	346	350	354	359	363	369	373	379	383	387	392	396	400	403
2A_SB	31	d	329	334	338	342	348	352	356	361	365	371	375	380	384	388	393	397	401	/
2A_SB	32	a	337	341	345	349	354	358	361	365	369	374	379	384	388	392	398	402	406	410
2A_SB	32	d	338	343	347	350	356	359	362	367	370	376	380	385	389	393	399	403	408	/
3A_SB	1	a	9	15	19	25	28	32	37	42	45	48	53	56	61	64	68	73	76
3A_SB	1	d	10	17	21	26	29	34	39	43	46	50	54	57	62	65	69	74	/
3A_SB	2	a	32	38	42	50	54	59	64	69	73	77	81	84	89	93	98	103	107
3A_SB	2	d	33	39	44	52	56	61	66	71	75	79	82	85	90	94	99	104	/
3A_SB	3	a	54	60	64	70	74	79	84	88	92	96	101	104	109	112	117	122	126
3A_SB	3	d	55	62	66	72	76	81	86	90	94	98	102	105	110	113	118	123	/
3A_SB	4	a	66	71	75	81	85	90	94	99	103	108	113	116	121	124	128	134	138
3A_SB	4	d	67	73	77	83	87	92	96	101	105	110	114	117	122	125	129	136	/
3A_SB	5	a	74	80	85	91	95	100	104	109	113	118	123	125	130	133	137	142	146
3A_SB	5	d	75	82	87	92	97	102	106	111	115	120	124	126	131	134	138	144	/
3A_SB	6	a	82	88	93	100	105	110	114	119	123	128	133	135	139	143	147	152	155
3A_SB	6	d	83	90	95	102	107	111	116	121	125	130	134	136	140	144	148	153	/
3A_SB	7	a	103	108	112	119	124	128	132	137	142	147	151	153	158	162	166	171	176
3A_SB	7	d	104	109	113	121	126	130	134	139	144	149	152	154	159	163	167	173	/
3A_SB	8	a	126	132	136	144	148	151	156	159	162	165	169	172	176	180	183	188	192
3A_SB	8	d	127	133	138	145	149	153	157	160	163	167	170	173	177	181	184	189	/
3A_SB	9	a	132	138	142	150	154	157	161	164	167	170	174	177	181	185	188	193	197
3A_SB	9	d	133	139	144	152	155	158	162	165	168	172	175	178	182	186	189	194	/
3A_SB	10	a	146	151	155	161	164	167	171	174	177	180	184	187	191	195	198	205	208
3A_SB	10	d	147	152	156	162	165	168	172	175	178	181	185	188	192	196	200	206	/
3A_SB	11	a	163	168	173	178	182	186	189	192	196	200	203	205	209	213	216	221	224
3A_SB	11	d	164	170	174	180	183	187	190	193	197	201	204	206	210	214	217	222	/
3A_SB	12	a	171	176	180	186	189	193	196	199	202	206	209	212	216	220	223	230	234
3A_SB	12	d	172	177	181	187	190	194	197	200	203	207	210	213	217	221	225	232	/
3A_SB	13	a	185	191	195	202	206	210	215	219	223	228	232	234	238	241	245	250	253
3A_SB	13	d	186	193	197	204	208	212	216	220	225	230	233	235	239	242	246	251	/
3A_SB	14	a	193	199	203	210	215	219	224	229	234	239	243	246	250	254	258	263	266
3A_SB	14	d	194	201	205	212	217	221	226	231	236	241	244	247	251	255	259	264	/
3A_SB	15	a	207	213	218	225	228	232	237	242	246	251	255	258	262	266	270	275	279
3A_SB	15	d	208	215	220	226	230	234	239	244	248	253	256	259	263	267	271	276	/
3A_SB	16	a	220	225	230	236	240	245	250	254	258	262	266	269	273	277	281	286	290
3A_SB	16	d	221	227	232	238	242	247	251	255	259	264	267	270	274	278	282	288	/
3A_SB	17	a	232	237	241	246	251	255	259	262	267	272	276	279	283	287	291	296	300
3A_SB	17	d	233	238	242	248	252	256	260	264	269	274	277	280	285	288	292	298	/
3A_SB	18	a	238	243	248	254	259	263	268	272	276	279	282	285	290	293	297	302	305
3A_SB	18	d	239	245	250	256	260	265	270	274	277	280	283	286	291	294	298	303	/
3A_SB	19	a	247	252	257	263	267	271	274	277	281	284	288	290	295	299	302	307	310
3A_SB	19	d	248	254	258	264	268	272	275	279	282	286	289	291	297	300	303	308	/
3A_SB	20	a	255	261	264	270	274	278	281	284	287	291	294	296	302	306	309	314	318
3A_SB	20	d	256	262	265	271	275	279	282	285	288	292	295	298	303	307	310	315	/
3A_SB	21	a	263	269	274	279	284	287	290	293	296	300	303	306	310	314	317	322	327
3A_SB	21	d	264	271	275	281	285	288	291	294	297	301	304	307	311	315	318	324	/
3A_SB	22	a	272	279	283	288	292	295	298	301	304	307	310	313	317	321	325	330	335
3A_SB	22	d	273	280	284	290	293	296	299	302	305	308	311	314	319	323	326	332	/
3A_SB	23	a	278	285	289	294	298	301	305	309	312	315	318	320	325	328	331	337	342
3A_SB	23	d	279	286	290	296	299	302	306	310	313	316	319	321	326	329	332	339	/
3A_SB	24	a	285	290	294	300	305	309	313	317	321	325	328	330	334	338	341	347	350
3A_SB	24	d	286	291	296	302	306	310	314	318	322	326	329	331	335	339	342	348	/
3A_SB	25	a	290	295	299	306	310	314	318	322	326	330	333	335	339	343	346	352	355
3A_SB	25	d	291	296	301	307	311	315	319	323	327	331	334	336	340	344	348	353	/
3A_SB	26	a	297	302	306	312	316	319	323	327	331	335	338	340	344	349	352	358	361
3A_SB	26	d	298	303	307	313	317	320	324	328	332	336	339	341	346	350	354	359	/
3A_SB	27	a	306	311	315	322	326	329	333	336	340	345	348	350	355	359	363	368	372
3A_SB	27	d	307	312	316	323	327	330	334	338	342	346	349	351	356	360	364	369	/
3A_SB	28	a	311	316	319	327	331	335	339	342	345	349	353	355	360	364	368	373	377
3A_SB	28	d	312	317	321	328	332	336	340	343	347	351	354	356	361	365	369	374	/
3A_SB	29	a	316	321	325	332	335	340	344	348	352	355	358	360	364	369	373	378	381
3A_SB	29	d	317	323	326	333	337	341	345	349	353	356	359	361	366	370	374	379	/
3A_SB	30	a	326	331	335	340	343	347	351	355	359	363	367	369	374	377	381	387	391
3A_SB	30	d	327	332	336	341	344	349	352	356	360	365	368	371	375	379	383	389	/
3A_SB	31	a	333	339	344	351	355	358	363	367	370	375	378	382	388	393	396	401	404
3A_SB	31	d	334	341	346	352	356	360	364	368	372	376	380	384	390	394	397	402	/
3A_SB	32	a	342	348	351	358	362	367	371	376	380	384	388	391	397	402	406	411	414
3A_SB	32	d	343	349	353	360	364	368	373	378	381	386	389	393	399	404	407	412	/
3A_NB	1	a	26	29	33	38	42	46	50	54	59	66	71	73	76	81	86	91	96	99
3A_NB	1	d	27	31	35	39	44	48	52	56	61	68	72	75	78	83	88	93	97	/
3A_NB	2	a	52	55	58	63	66	70	73	77	81	86	89	92	94	98	101	104	108	112
3A_NB	2	d	53	56	60	64	67	71	75	79	82	87	90	93	95	99	102	105	109	/
3A_NB	3	a	72	75	79	83	87	92	95	97	101	106	110	112	114	118	121	125	129	134
3A_NB	3	d	73	76	80	84	89	93	96	98	102	107	111	113	115	119	123	126	131	/
3A_NB	4	a	82	85	90	94	99	102	106	109	112	118	122	125	128	132	135	139	143	146
3A_NB	4	d	83	87	91	96	100	104	108	110	113	120	123	126	129	133	137	141	144	/
3A_NB	5	a	90	93	98	103	107	111	115	118	123	129	132	136	139	143	148	151	155	158
3A_NB	5	d	91	95	100	104	108	113	117	120	124	130	134	138	141	145	149	152	156	/
3A_NB	6	a	100	103	107	112	117	121	125	128	133	139	143	146	148	151	154	157	161	164
3A_NB	6	d	101	104	109	114	118	123	127	130	134	140	144	147	149	152	155	158	162	/
3A_NB	7	a	108	111	116	121	125	130	134	136	141	147	152	155	157	161	164	167	171	174
3A_NB	7	d	109	113	118	123	127	132	135	138	142	149	154	156	159	162	165	168	172	/
3A_NB	8	a	118	121	126	131	135	140	144	147	152	157	161	163	165	169	172	175	179	183
3A_NB	8	d	119	123	128	133	137	142	146	149	153	158	162	164	167	170	173	176	180	/
3A_NB	9	a	130	133	138	142	145	150	153	155	161	167	171	173	175	178	181	184	188	193
3A_NB	9	d	131	135	139	143	147	151	154	157	163	169	172	174	176	179	182	186	190	/
3A_NB	10	a	152	156	160	165	168	172	176	179	183	188	192	194	196	200	204	208	211	215
3A_NB	10	d	153	158	162	166	169	174	177	180	184	189	193	195	197	201	205	209	212	/
3A_NB	11	a	163	167	172	177	181	185	189	193	198	203	206	209	212	215	219	223	226	230
3A_NB	11	d	164	169	174	179	183	187	191	195	199	204	207	210	213	216	220	224	227	/
3A_NB	12	a	182	186	190	195	198	201	205	208	213	219	223	225	227	231	235	239	242	246
3A_NB	12	d	183	187	192	196	199	203	207	210	214	220	224	226	228	232	237	240	243	/
3A_NB	13	a	187	191	196	200	203	206	210	213	218	224	228	231	233	237	241	244	248	252
3A_NB	13	d	188	193	197	201	204	208	212	215	219	225	229	232	234	238	242	246	249	/
3A_NB	14	a	192	196	200	205	208	211	216	218	223	229	233	236	239	243	247	250	253	257
3A_NB	14	d	193	198	202	206	209	213	217	220	224	230	234	238	240	244	248	251	254	/
3A_NB	15	a	198	202	205	210	214	219	224	228	233	238	242	244	246	251	255	260	264	268
3A_NB	15	d	199	203	207	212	216	221	226	230	234	239	243	245	248	252	257	262	266	/
3A_NB	16	a	208	212	217	222	226	230	235	239	243	249	253	255	257	262	267	271	274	277
3A_NB	16	d	209	214	219	224	228	232	237	241	244	250	254	256	259	264	268	272	275	/
3A_NB	17	a	214	218	223	229	233	237	242	246	250	256	260	262	264	268	272	275	279	282
3A_NB	17	d	215	220	225	231	235	239	244	248	251	257	261	263	265	269	273	277	280	/
3A_NB	18	a	224	228	232	238	242	246	249	253	258	263	268	271	275	279	284	287	290	294
3A_NB	18	d	225	230	234	240	243	247	251	255	259	265	270	273	277	281	285	288	292	/
3A_NB	19	a	238	242	246	251	255	260	264	267	272	277	281	283	286	289	293	296	299	303
3A_NB	19	d	239	244	248	253	257	262	265	269	273	278	282	284	287	290	294	297	300	/
3A_NB	20	a	247	250	253	257	260	265	269	272	277	282	286	288	290	294	298	301	305	309
3A_NB	20	d	248	251	254	258	262	267	271	274	278	283	287	289	292	295	299	302	306	/
3A_NB	21	a	252	255	259	263	266	271	274	277	282	287	291	293	295	299	302	306	310	315
3A_NB	21	d	253	256	260	264	268	272	276	279	283	288	292	294	297	300	304	307	312	/
3A_NB	22	a	257	261	265	269	272	275	279	282	287	293	297	299	301	304	307	311	316	319
3A_NB	22	d	258	262	266	270	273	277	281	284	288	294	298	300	302	305	309	313	317	/
3A_NB	23	a	262	266	270	274	278	282	286	289	294	301	305	308	310	313	316	319	322	325
3A_NB	23	d	263	267	271	276	280	284	288	291	296	302	306	309	311	314	317	320	323	/
3A_NB	24	a	267	271	276	281	285	289	293	296	301	308	312	315	318	321	324	327	330	334
3A_NB	24	d	268	273	278	283	287	291	295	298	302	309	313	316	319	322	325	328	331	/
3A_NB	25	a	272	276	281	286	290	294	298	301	305	313	317	319	323	326	329	332	336	340
3A_NB	25	d	273	278	283	288	292	296	300	303	307	314	318	321	324	327	330	333	337	/
3A_NB	26	a	283	287	292	297	301	306	309	312	316	321	326	329	332	337	341	345	349	353
3A_NB	26	d	284	289	294	299	303	307	311	314	317	323	328	331	334	339	343	346	350	/
3A_NB	27	a	293	297	301	305	309	314	318	321	324	329	334	337	339	344	347	350	354	359
3A_NB	27	d	294	298	302	306	311	316	320	322	325	331	335	338	341	345	348	351	356	/
3A_NB	28	a	300	304	308	313	317	321	325	328	333	338	342	345	347	350	353	356	360	363
3A_NB	28	d	301	306	310	315	319	323	327	330	334	339	343	346	348	351	354	357	361	/
3A_NB	29	a	323	327	331	334	338	342	345	347	352	357	361	364	366	370	373	376	379	382
3A_NB	29	d	324	329	332	335	340	343	346	349	354	358	363	365	367	371	374	377	380	/
3A_NB	30	a	329	333	336	339	344	349	352	354	358	362	366	369	372	377	381	385	388	391
3A_NB	30	d	330	334	337	341	346	350	353	355	359	364	368	371	374	379	382	386	389	/
3A_NB	31	a	344	348	352	355	359	363	366	369	374	379	382	386	390	394	398	403	407	411
3A_NB	31	d	345	349	353	356	361	364	368	371	375	380	384	388	391	395	400	404	409	/
3A_NB	32	a	352	356	360	363	367	370	373	377	381	386	390	393	396	400	404	409	413	417
3A_NB	32	d	353	357	361	365	368	371	375	378	382	388	391	394	397	401	406	411	415	/
