RouteID	RunID	Arrivals/Departures	TimePerStop
1A_SB	1	a	19	26	37	42	46	50	56	61	67	70	74	84	89	92
1A_SB	1	d	20	27	39	44	48	52	58	63	68	71	75	85	90	/
1A_SB	2	a	29	34	43	48	52	56	62	66	72	75	80	91	97	101
1A_SB	2	d	30	35	45	49	54	58	64	68	73	77	82	93	99	/
1A_SB	3	a	46	51	59	62	66	70	77	81	88	93	97	110	115	119
1A_SB	3	d	47	52	60	63	68	72	79	83	90	94	98	111	116	/
1A_SB	4	a	64	69	77	80	84	88	95	99	105	109	114	125	131	136
1A_SB	4	d	65	70	78	82	86	90	97	101	107	111	116	127	133	/
1A_SB	5	a	71	76	84	87	91	94	100	104	110	114	119	130	136	140
1A_SB	5	d	72	77	85	89	92	95	102	106	112	116	121	132	138	/
1A_SB	6	a	76	82	90	94	97	100	107	112	118	122	127	138	145	149
1A_SB	6	d	78	83	91	95	98	102	109	114	120	124	129	140	147	/
1A_SB	7	a	95	102	110	113	116	120	126	131	137	142	146	155	159	163
1A_SB	7	d	97	103	111	114	117	121	128	132	139	143	147	156	160	/
1A_SB	8	a	104	110	118	121	125	129	135	138	143	148	152	160	164	167
1A_SB	8	d	106	111	119	122	126	130	136	139	145	149	153	161	165	/
1A_SB	9	a	113	119	127	131	135	138	144	147	152	156	161	169	174	177
1A_SB	9	d	115	120	128	132	136	139	145	148	153	158	162	170	175	/
1A_SB	10	a	118	125	134	139	144	147	153	157	163	167	170	179	183	186
1A_SB	10	d	120	127	136	141	145	148	155	158	164	168	171	180	184	/
1A_SB	11	a	130	137	148	152	155	158	164	167	172	175	178	187	191	194
1A_SB	11	d	132	139	149	153	156	159	165	168	173	176	179	188	192	/
1A_SB	12	a	135	143	153	157	160	163	168	172	177	180	184	193	197	202
1A_SB	12	d	137	144	154	158	161	165	170	173	178	182	186	194	199	/
1A_SB	13	a	140	148	158	162	165	169	174	177	182	185	189	198	204	208
1A_SB	13	d	142	149	159	163	166	171	175	178	183	187	191	200	205	/
1A_SB	14	a	154	159	168	171	174	178	184	189	194	198	201	210	216	220
1A_SB	14	d	155	161	169	172	175	180	186	191	196	199	203	211	217	/
1A_SB	15	a	167	174	182	185	188	192	197	201	206	210	215	225	232	237
1A_SB	15	d	169	175	183	186	189	193	199	203	208	212	216	226	233	/
1A_SB	16	a	172	179	188	192	195	198	204	208	214	218	222	232	239	243
1A_SB	16	d	174	180	190	193	196	200	206	210	216	219	223	233	240	/
1A_NB	1	a	5	10	17	24	31	36	41	45	51	55	59	63	71	76
1A_NB	1	d	6	12	19	26	33	37	43	46	52	56	61	65	72	/
1A_NB	2	a	23	27	32	39	44	48	52	56	62	67	71	75	81	87
1A_NB	2	d	24	28	33	40	45	49	53	57	64	68	73	76	82	/
1A_NB	3	a	29	34	40	47	53	58	64	68	74	79	83	87	93	99
1A_NB	3	d	30	36	41	49	55	60	65	69	76	80	85	88	95	/
1A_NB	4	a	38	43	48	57	63	66	72	76	81	86	90	93	99	105
1A_NB	4	d	39	44	50	59	64	68	73	77	83	87	91	94	101	/
1A_NB	5	a	45	50	56	64	70	73	78	81	87	92	95	98	104	111
1A_NB	5	d	46	51	57	65	71	75	79	83	89	93	96	99	106	/
1A_NB	6	a	53	58	64	70	76	79	83	86	92	97	100	103	109	116
1A_NB	6	d	54	59	65	71	77	80	84	88	94	98	101	104	111	/
1A_NB	7	a	61	66	72	78	84	87	91	94	100	104	107	112	121	126
1A_NB	7	d	62	67	73	80	85	88	92	95	101	105	109	114	122	/
1A_NB	8	a	68	73	80	87	93	97	103	108	114	118	121	126	136	143
1A_NB	8	d	69	75	81	89	95	99	105	109	115	119	123	128	138	/
1A_NB	9	a	82	86	93	101	106	109	113	117	123	126	129	133	142	148
1A_NB	9	d	83	88	94	102	107	110	114	118	124	127	130	134	143	/
1A_NB	10	a	99	104	110	117	123	127	133	136	142	145	148	152	159	164
1A_NB	10	d	101	106	112	118	125	129	134	138	143	146	149	153	160	/
1A_NB	11	a	118	123	129	135	140	144	148	152	158	162	166	169	177	183
1A_NB	11	d	120	124	130	136	141	145	149	153	159	163	167	170	178	/
1A_NB	12	a	123	128	134	141	146	150	155	158	164	168	172	175	183	189
1A_NB	12	d	125	129	135	142	147	151	156	159	165	169	173	176	184	/
1A_NB	13	a	128	133	139	146	151	155	160	163	169	173	177	180	188	195
1A_NB	13	d	130	134	140	147	153	156	161	164	170	174	178	181	190	/
1A_NB	14	a	133	139	146	153	158	161	166	171	178	182	186	189	198	203
1A_NB	14	d	135	140	147	154	159	162	168	172	179	184	187	191	199	/
1A_NB	15	a	143	149	155	161	166	170	176	180	186	190	193	196	203	208
1A_NB	15	d	145	150	156	162	167	171	177	181	187	191	194	198	204	/
1A_NB	16	a	148	153	160	167	172	177	183	187	194	197	201	204	210	216
1A_NB	16	d	150	155	162	168	174	178	185	189	195	198	202	205	212	/
2A_NB	1	a	10	14	18	23	26	30	34	37	40	51	59	61	65	69	73	77	80	83	86	91	95	99	103	110
2A_NB	1	d	11	15	19	24	27	31	35	38	42	53	60	63	67	70	75	78	81	84	88	92	96	101	105	/
2A_NB	2	a	16	21	25	30	33	38	42	45	50	59	64	67	71	75	79	83	86	90	94	98	103	107	110	117
2A_NB	2	d	17	22	26	32	35	39	43	47	51	60	66	69	73	77	81	84	88	91	95	100	104	108	112	/
2A_NB	3	a	21	26	30	35	38	43	47	51	56	66	72	74	77	80	84	88	91	94	99	103	108	111	115	122
2A_NB	3	d	22	27	31	37	40	44	48	53	58	68	73	76	78	82	86	89	93	96	100	105	109	113	117	/
2A_NB	4	a	46	49	53	58	60	64	68	72	76	86	92	95	99	103	106	109	113	115	118	123	127	130	133	140
2A_NB	4	d	47	50	54	59	61	65	69	73	77	87	94	97	101	104	107	111	114	116	120	124	128	131	134	/
2A_NB	5	a	51	54	59	65	68	72	76	80	83	93	101	103	106	109	112	115	119	122	126	130	135	138	142	148
2A_NB	5	d	52	56	61	67	69	73	77	81	84	95	102	104	107	110	113	117	120	123	127	132	136	140	143	/
2A_NB	6	a	62	66	71	76	79	83	88	92	96	105	110	112	115	118	121	124	128	132	137	141	145	148	152	160
2A_NB	6	d	64	68	72	77	80	84	89	93	97	106	111	113	116	119	122	125	130	134	139	142	146	150	154	/
2A_NB	7	a	68	72	76	82	86	90	96	101	105	113	119	121	124	128	132	135	138	140	144	147	151	154	158	165
2A_NB	7	d	70	73	78	84	87	92	98	102	106	115	120	122	125	129	133	136	139	141	145	148	152	156	159	/
2A_NB	8	a	73	77	82	87	91	95	101	106	110	118	124	126	129	133	137	140	143	145	149	153	157	160	163	170
2A_NB	8	d	75	78	83	89	93	97	103	108	111	120	125	127	130	134	138	141	144	146	150	154	158	161	164	/
2A_NB	9	a	87	91	95	101	105	108	112	115	118	126	131	134	137	141	145	149	153	156	160	165	169	172	175	184
2A_NB	9	d	89	92	97	103	106	109	113	116	119	127	133	135	138	143	147	151	154	157	162	166	170	173	177	/
2A_NB	10	a	93	97	102	108	112	115	119	123	127	135	142	145	149	152	155	158	161	164	169	173	177	180	183	189
2A_NB	10	d	94	99	104	110	113	116	120	125	128	137	143	147	150	153	157	159	162	166	170	174	178	181	184	/
2A_NB	11	a	99	103	108	114	118	122	128	133	137	144	151	155	158	161	165	168	172	175	179	183	187	190	193	199
2A_NB	11	d	100	105	110	116	120	123	130	135	139	146	153	156	159	163	166	170	174	176	180	184	188	191	194	/
2A_NB	12	a	129	133	138	142	145	149	155	160	164	174	180	182	185	188	191	195	198	201	205	209	214	218	223	230
2A_NB	12	d	130	135	139	144	147	151	157	162	166	175	181	183	186	189	193	196	199	203	207	211	216	219	224	/
2A_NB	13	a	159	162	166	172	174	177	182	187	191	199	206	209	213	216	219	223	227	230	234	238	242	246	249	255
2A_NB	13	d	160	163	168	173	175	178	184	188	192	201	208	211	214	217	221	224	229	232	235	239	243	247	250	/
2A_NB	14	a	180	184	188	195	197	202	209	213	218	228	234	236	239	243	247	251	255	258	262	265	269	272	276	283
2A_NB	14	d	181	185	190	196	199	204	211	215	220	229	235	237	240	244	249	252	256	259	263	266	270	273	277	/
2A_NB	15	a	209	212	217	224	227	231	238	241	245	254	262	266	269	272	277	279	284	286	290	294	299	302	305	312
2A_NB	15	d	210	214	219	226	229	233	239	242	246	256	264	267	270	274	278	281	285	287	291	296	300	303	306	/
2A_NB	16	a	238	242	246	251	254	259	265	269	273	281	288	292	295	299	304	307	310	312	317	321	326	330	335	345
2A_NB	16	d	239	244	247	253	256	260	266	270	274	283	290	294	296	301	306	308	311	313	319	323	328	332	336	/
2A_SB	1	a	6	13	19	22	25	28	32	35	39	42	46	49	52	55	59	68	75	79	82	88	92	96	99	102	113
2A_SB	1	d	7	14	20	23	26	30	33	36	40	43	47	50	53	56	60	69	76	80	84	90	93	97	100	104	/
2A_SB	2	a	11	18	24	28	33	37	40	43	47	52	57	61	65	69	73	82	88	92	96	102	106	112	117	120	130
2A_SB	2	d	12	20	26	30	35	38	41	44	49	54	59	63	67	70	74	83	89	93	97	104	108	114	118	122	/
2A_SB	3	a	28	34	40	44	48	51	54	58	62	67	71	73	76	80	84	91	96	100	104	110	113	118	122	126	136
2A_SB	3	d	29	35	42	46	49	52	55	59	64	68	72	74	77	82	85	92	97	101	105	111	114	119	123	128	/
2A_SB	4	a	43	47	55	60	65	68	71	75	78	82	85	88	91	94	98	106	111	115	119	124	126	131	135	139	148
2A_SB	4	d	44	49	57	62	67	70	73	76	79	83	87	89	92	95	99	107	112	116	120	125	127	132	136	140	/
2A_SB	5	a	48	53	60	65	70	73	76	81	84	88	91	93	96	99	103	111	117	122	126	131	133	138	143	147	156
2A_SB	5	d	49	54	62	67	72	75	78	82	85	89	92	94	97	100	104	113	119	123	127	132	134	140	144	148	/
2A_SB	6	a	65	69	76	80	83	86	88	92	95	98	101	104	107	110	113	121	126	130	134	140	142	147	151	155	165
2A_SB	6	d	66	71	77	81	84	87	89	93	96	99	103	105	108	111	114	122	127	131	135	141	143	148	152	156	/
2A_SB	7	a	77	82	89	93	97	99	102	106	110	114	117	119	122	125	129	138	144	147	151	157	159	164	167	170	180
2A_SB	7	d	78	84	91	95	98	100	103	107	111	115	118	120	123	126	130	139	145	148	152	158	160	165	168	171	/
2A_SB	8	a	82	87	94	98	102	104	108	111	115	119	122	124	127	131	135	144	150	153	156	162	164	169	172	176	186
2A_SB	8	d	83	89	96	100	103	106	109	112	116	120	123	125	129	132	136	145	151	154	157	163	165	170	174	177	/
2A_SB	9	a	93	99	105	109	113	115	118	121	125	128	131	133	136	139	143	152	159	162	165	173	176	181	184	187	198
2A_SB	9	d	95	100	106	110	114	116	119	122	126	129	132	134	137	141	144	154	160	163	166	174	177	182	185	188	/
2A_SB	10	a	98	104	110	114	118	120	123	126	130	133	136	140	144	147	150	157	164	167	171	179	182	186	189	192	203
2A_SB	10	d	100	105	111	115	119	121	124	127	131	134	138	141	145	148	152	159	165	168	172	181	183	187	190	193	/
2A_SB	11	a	107	114	120	123	126	128	131	134	138	141	145	148	152	155	159	166	174	178	182	188	190	194	198	202	212
2A_SB	11	d	109	115	121	124	127	129	132	135	139	142	146	149	153	156	161	168	176	180	183	189	191	195	200	203	/
2A_SB	12	a	112	119	125	129	133	137	139	142	146	149	153	155	158	161	165	172	180	185	188	194	197	202	206	210	221
2A_SB	12	d	114	121	127	131	135	138	140	143	147	150	154	156	159	162	167	174	182	186	189	195	199	203	208	212	/
2A_SB	13	a	120	127	133	138	141	144	146	149	153	157	161	163	166	169	173	179	186	190	193	199	202	207	212	216	227
2A_SB	13	d	122	129	135	139	142	145	147	150	154	158	162	164	167	170	174	180	187	191	194	200	204	209	214	218	/
2A_SB	14	a	126	132	138	143	146	150	153	156	160	164	168	170	173	176	180	189	196	199	203	210	214	219	224	228	237
2A_SB	14	d	127	134	140	144	148	151	154	157	161	165	169	171	174	177	182	190	197	201	205	212	216	221	225	229	/
2A_SB	15	a	147	153	159	162	166	169	171	174	178	182	186	188	191	194	198	206	213	217	220	225	228	232	235	239	250
2A_SB	15	d	148	154	160	164	168	170	172	175	179	183	187	189	192	195	199	207	214	218	221	226	229	233	236	240	/
2A_SB	16	a	153	159	165	169	173	175	177	180	183	187	191	193	196	199	203	211	217	222	225	231	234	238	241	245	257
2A_SB	16	d	154	160	167	170	174	176	178	181	184	188	192	194	197	200	204	212	219	223	226	232	235	239	243	247	/
3A_SB	1	a	16	21	26	31	34	38	41	44	48	50	54	58	61	68	72
3A_SB	1	d	17	23	28	32	36	40	42	45	49	51	55	59	62	70	/
3A_SB	2	a	43	48	52	57	61	65	69	73	77	79	83	86	89	94	97
3A_SB	2	d	44	50	54	59	63	67	71	75	78	80	84	87	90	95	/
3A_SB	3	a	69	73	77	81	85	89	93	98	103	105	109	112	115	121	125
3A_SB	3	d	70	74	78	83	87	91	95	100	104	106	110	113	116	123	/
3A_SB	4	a	74	79	84	88	92	95	99	103	108	111	115	118	121	127	131
3A_SB	4	d	75	81	85	90	94	97	100	105	109	112	116	119	122	129	/
3A_SB	5	a	83	88	92	98	102	104	108	113	118	121	125	128	131	137	140
3A_SB	5	d	84	90	94	100	103	106	110	115	119	122	126	129	132	138	/
3A_SB	6	a	94	100	104	108	111	113	117	122	126	130	134	137	141	147	151
3A_SB	6	d	95	102	105	109	112	115	119	124	128	131	135	139	142	149	/
3A_SB	7	a	101	107	111	116	120	123	126	130	134	137	142	145	148	154	158
3A_SB	7	d	102	109	113	118	122	125	128	132	135	139	143	146	149	155	/
3A_SB	8	a	121	127	130	133	136	138	141	145	149	151	155	159	162	169	172
3A_SB	8	d	122	128	131	134	137	139	142	146	150	152	156	160	163	170	/
3A_SB	9	a	130	136	139	143	148	152	155	159	164	166	171	175	178	184	188
3A_SB	9	d	131	137	141	145	150	154	156	161	165	167	172	176	179	185	/
3A_SB	10	a	138	144	148	151	155	158	160	165	169	171	176	180	183	189	194
3A_SB	10	d	139	146	149	152	156	159	162	167	170	172	177	181	184	191	/
3A_SB	11	a	147	153	158	162	166	169	171	174	177	179	184	187	190	196	200
3A_SB	11	d	148	155	159	163	168	170	172	175	178	180	185	188	191	197	/
3A_SB	12	a	152	158	163	167	172	175	177	180	184	186	191	194	197	203	207
3A_SB	12	d	153	160	164	169	174	176	178	182	185	187	192	195	198	204	/
3A_SB	13	a	162	168	173	178	182	184	187	190	193	195	200	203	206	212	216
3A_SB	13	d	163	170	175	179	183	185	188	191	194	196	201	204	207	213	/
3A_SB	14	a	169	174	178	182	186	189	193	198	202	204	209	212	216	222	226
3A_SB	14	d	170	175	180	184	188	191	195	200	203	205	210	213	217	223	/
3A_SB	15	a	194	198	202	206	210	212	215	219	223	225	230	233	236	242	246
3A_SB	15	d	195	199	203	207	211	213	216	220	224	226	231	234	237	243	/
3A_SB	16	a	209	214	219	224	227	230	234	239	243	247	252	256	259	267	270
3A_SB	16	d	210	216	221	225	229	232	236	241	245	249	253	257	261	268	/
3A_NB	1	a	27	31	35	39	43	48	52	56	60	66	72	75	79	82	87	90	93
3A_NB	1	d	28	32	37	41	45	50	54	58	62	68	73	76	80	84	88	91	/
3A_NB	2	a	50	54	57	61	66	70	75	80	84	90	93	97	101	104	108	113	117
3A_NB	2	d	51	55	59	63	68	72	77	82	86	91	94	98	102	105	110	115	/
3A_NB	3	a	55	59	62	67	72	76	81	86	90	95	98	103	107	109	114	119	124
3A_NB	3	d	56	60	64	69	74	78	83	88	92	96	100	104	108	111	116	121	/
3A_NB	4	a	70	74	78	81	85	89	92	96	99	103	106	110	114	116	120	124	129
3A_NB	4	d	71	75	79	82	86	90	94	97	100	104	107	111	115	117	121	126	/
3A_NB	5	a	89	93	96	99	102	105	108	112	114	118	122	126	129	132	136	140	143
3A_NB	5	d	90	94	97	100	103	106	109	113	115	120	123	127	130	133	137	141	/
3A_NB	6	a	95	99	103	107	111	116	120	125	129	134	138	142	145	148	154	157	160
3A_NB	6	d	96	101	105	109	113	118	122	127	131	135	139	143	147	150	155	158	/
3A_NB	7	a	103	107	111	115	119	122	126	131	135	141	145	149	153	156	161	164	168
3A_NB	7	d	104	109	113	117	120	123	128	133	137	142	146	150	154	157	162	166	/
3A_NB	8	a	116	119	123	127	130	133	137	141	144	149	153	157	161	164	169	174	177
3A_NB	8	d	117	121	125	128	131	134	138	142	145	150	154	158	162	165	171	175	/
3A_NB	9	a	121	125	128	132	135	138	143	148	151	155	159	163	167	170	175	179	183
3A_NB	9	d	122	126	130	133	136	140	145	149	152	156	160	164	168	171	176	180	/
3A_NB	10	a	142	145	149	153	157	160	163	166	169	173	177	181	185	188	193	196	200
3A_NB	10	d	143	147	151	154	158	161	164	167	170	174	178	182	186	189	194	198	/
3A_NB	11	a	147	150	154	158	162	165	168	171	174	178	182	186	190	193	198	202	205
3A_NB	11	d	148	152	156	159	163	166	169	172	175	179	183	187	191	195	199	203	/
3A_NB	12	a	157	159	163	166	169	172	175	178	181	186	189	193	198	201	205	209	213
3A_NB	12	d	158	161	164	167	170	173	176	179	182	187	190	195	200	202	206	210	/
3A_NB	13	a	169	172	175	178	181	186	191	194	198	203	207	210	214	217	221	225	229
3A_NB	13	d	170	173	176	179	183	188	192	196	200	204	208	211	215	218	222	226	/
3A_NB	14	a	175	178	181	184	189	193	197	201	204	208	212	216	220	224	229	232	237
3A_NB	14	d	176	179	182	186	190	194	198	202	205	209	213	217	222	225	230	234	/
3A_NB	15	a	191	194	198	202	205	209	212	216	219	223	228	232	236	239	245	250	255
3A_NB	15	d	192	195	200	203	206	210	213	217	220	225	229	234	237	240	247	252	/
3A_NB	16	a	201	204	209	214	217	222	225	230	233	239	244	249	253	257	261	264	267
3A_NB	16	d	202	206	211	215	218	223	227	232	235	241	246	251	255	258	262	265	/
