RouteID	RunID	Arrivals/Departures	TimePerStop
1A_SB	1	a	21	27	35	39	42	48	52	56	59	62	67	70	73	83	89	94
1A_SB	1	d	22	29	37	40	43	50	53	57	60	64	68	71	75	85	91	/
1A_SB	2	a	34	40	49	52	57	63	67	72	75	79	82	86	89	99	104	107
1A_SB	2	d	35	41	51	54	59	65	69	73	77	80	84	87	90	100	105	/
1A_SB	3	a	49	55	65	69	74	79	82	86	91	94	97	100	103	113	118	123
1A_SB	3	d	50	57	67	71	75	81	83	88	92	95	98	101	104	115	120	/
1A_SB	4	a	59	65	74	77	81	86	88	92	96	100	103	106	109	120	125	129
1A_SB	4	d	60	66	76	78	82	87	89	94	98	101	104	107	110	121	126	/
1A_SB	5	a	70	76	83	86	90	96	99	103	107	111	114	118	123	133	138	141
1A_SB	5	d	71	77	85	87	92	98	100	105	109	112	116	120	125	134	139	/
1A_SB	6	a	75	82	90	93	98	103	106	111	114	117	120	123	128	138	144	148
1A_SB	6	d	77	84	92	95	99	105	108	112	115	118	121	125	130	140	146	/
1A_SB	7	a	83	90	99	101	106	112	115	120	124	128	131	134	138	147	153	158
1A_SB	7	d	85	92	100	103	107	114	117	122	126	129	132	135	140	149	155	/
1A_SB	8	a	101	109	120	124	128	135	137	141	145	150	154	158	162	170	175	178
1A_SB	8	d	103	111	122	126	130	136	138	142	147	152	155	159	163	171	176	/
1A_SB	9	a	116	123	133	136	141	147	149	154	158	162	165	169	172	181	186	190
1A_SB	9	d	118	124	134	138	143	148	151	156	159	163	166	170	173	182	187	/
1A_SB	10	a	127	133	141	143	147	152	155	159	163	167	171	176	180	191	196	200
1A_SB	10	d	129	135	142	144	148	153	156	161	164	169	173	178	181	192	198	/
1A_SB	11	a	136	142	149	151	155	161	164	169	172	176	179	182	185	197	203	207
1A_SB	11	d	138	143	150	153	157	162	165	170	173	177	180	183	187	199	205	/
1A_SB	12	a	163	169	177	179	182	187	189	193	197	200	203	206	211	220	227	232
1A_SB	12	d	164	171	178	180	183	188	190	195	198	201	204	208	213	222	229	/
1A_SB	13	a	171	177	184	187	191	197	201	206	209	213	216	219	223	231	237	241
1A_SB	13	d	172	178	186	189	193	199	202	207	210	214	217	220	224	232	238	/
1A_SB	14	a	182	187	195	197	200	206	209	214	218	222	225	230	234	244	249	253
1A_SB	14	d	183	188	196	198	201	207	210	215	219	223	227	232	236	245	250	/
1A_SB	15	a	188	193	201	204	208	216	220	225	228	231	234	238	241	251	257	262
1A_SB	15	d	189	194	203	206	210	218	221	226	229	232	235	239	243	253	259	/
1A_SB	16	a	196	203	212	215	218	225	228	233	236	239	243	247	252	261	266	270
1A_SB	16	d	197	204	213	216	219	226	229	234	237	241	244	249	253	262	267	/
1A_SB	17	a	202	209	217	220	223	230	234	239	244	248	251	255	259	269	273	277
1A_SB	17	d	203	210	218	221	225	232	235	241	246	249	252	257	260	270	274	/
1A_SB	18	a	222	228	238	241	245	250	254	260	264	267	271	274	277	287	292	296
1A_SB	18	d	223	229	240	242	246	252	256	261	265	268	272	275	279	288	293	/
1A_SB	19	a	236	243	251	253	257	262	265	270	274	277	280	283	286	294	299	304
1A_SB	19	d	238	244	252	254	258	263	266	271	275	278	281	284	287	295	301	/
1A_SB	20	a	241	248	257	259	262	267	270	275	279	282	285	289	292	301	307	312
1A_SB	20	d	243	250	258	260	263	268	271	276	280	283	286	290	294	303	309	/
1A_SB	21	a	247	254	263	265	268	273	275	280	285	288	291	296	299	308	313	317
1A_SB	21	d	249	255	264	266	269	274	276	282	286	289	293	297	300	309	315	/
1A_SB	22	a	254	260	269	271	275	281	283	288	291	294	297	301	305	315	321	325
1A_SB	22	d	255	261	270	273	276	282	284	289	292	295	298	302	307	317	323	/
1A_SB	23	a	278	284	292	295	298	303	305	309	313	316	321	324	327	336	343	347
1A_SB	23	d	279	286	293	296	299	304	306	310	314	318	322	325	328	338	344	/
1A_SB	24	a	283	289	297	300	304	310	312	316	320	323	328	333	337	345	351	354
1A_SB	24	d	284	291	298	301	305	311	313	317	321	325	330	334	338	346	352	/
1A_SB	25	a	289	295	303	305	310	317	320	325	329	333	337	342	346	356	362	365
1A_SB	25	d	290	297	304	307	312	319	322	326	330	335	339	343	347	357	363	/
1A_SB	26	a	294	300	308	311	316	322	325	330	334	339	342	347	351	361	367	370
1A_SB	26	d	295	302	310	313	318	324	327	332	336	340	344	348	352	363	368	/
1A_SB	27	a	299	306	314	317	321	327	330	336	340	344	349	353	357	367	373	376
1A_SB	27	d	300	308	316	319	323	329	332	338	341	346	350	354	358	369	374	/
1A_SB	28	a	305	312	320	323	327	333	336	342	346	349	354	358	362	373	378	381
1A_SB	28	d	306	314	322	325	329	335	338	344	347	351	355	359	363	374	379	/
1A_SB	29	a	311	318	325	328	332	339	341	347	351	355	360	365	369	380	386	389
1A_SB	29	d	312	319	327	330	334	340	343	349	353	357	362	366	370	381	387	/
1A_SB	30	a	323	328	335	338	342	349	353	358	363	366	370	375	380	388	394	398
1A_SB	30	d	324	329	336	340	344	351	355	360	364	368	372	377	381	389	395	/
1A_SB	31	a	347	354	363	365	368	373	375	380	385	389	393	398	402	410	417	421
1A_SB	31	d	348	355	364	366	369	374	376	382	387	391	395	400	403	412	418	/
1A_SB	32	a	374	380	388	390	394	400	403	408	413	417	422	427	431	440	446	451
1A_SB	32	d	375	381	389	392	396	402	404	410	415	419	424	429	433	442	448	/
1A_NB	1	a	4	8	15	23	28	32	35	39	42	48	52	57	59	63	72	79
1A_NB	1	d	5	9	16	24	29	33	36	40	43	49	53	58	60	64	73	/
1A_NB	2	a	9	13	20	28	33	37	40	44	47	52	57	62	65	69	78	84
1A_NB	2	d	10	14	21	29	34	38	41	45	48	54	58	63	66	70	79	/
1A_NB	3	a	14	19	25	33	39	43	46	49	52	57	62	66	70	74	82	89
1A_NB	3	d	15	21	26	34	40	44	47	50	53	59	63	68	71	76	84	/
1A_NB	4	a	19	24	30	37	44	48	51	54	57	62	66	71	75	79	87	94
1A_NB	4	d	20	26	31	39	45	49	52	55	58	64	68	73	77	81	89	/
1A_NB	5	a	24	29	35	42	49	53	56	59	63	69	72	76	80	84	92	98
1A_NB	5	d	25	31	36	44	50	54	57	60	64	70	73	78	82	86	94	/
1A_NB	6	a	30	34	40	47	54	58	61	65	69	75	78	82	86	90	97	103
1A_NB	6	d	31	36	41	49	55	59	62	66	70	76	79	84	88	92	99	/
1A_NB	7	a	35	39	45	52	59	62	67	71	75	81	84	88	91	96	102	108
1A_NB	7	d	36	41	47	54	60	64	68	72	76	82	85	89	93	97	104	/
1A_NB	8	a	40	44	50	57	64	68	73	77	82	88	91	96	99	103	109	115
1A_NB	8	d	41	46	52	59	66	70	75	79	83	89	92	97	100	104	111	/
1A_NB	9	a	47	52	58	64	71	75	80	83	87	94	97	102	106	110	117	122
1A_NB	9	d	48	54	59	66	73	77	81	84	89	95	98	104	107	112	118	/
1A_NB	10	a	53	59	66	73	79	83	88	93	97	102	105	110	114	118	124	132
1A_NB	10	d	55	61	68	74	80	85	90	95	98	103	107	112	115	119	126	/
1A_NB	11	a	66	71	78	87	93	98	103	107	111	117	120	124	127	132	140	147
1A_NB	11	d	68	73	80	89	95	100	104	109	113	118	121	126	129	133	141	/
1A_NB	12	a	94	100	106	114	119	123	128	131	134	140	144	149	151	156	165	171
1A_NB	12	d	96	102	108	115	120	125	129	132	136	142	146	150	153	157	167	/
1A_NB	13	a	123	128	134	141	146	151	156	159	162	169	173	178	181	185	193	199
1A_NB	13	d	124	130	136	143	148	153	157	160	164	171	175	180	182	186	194	/
1A_NB	14	a	137	142	147	154	160	164	169	173	178	184	188	193	196	200	208	214
1A_NB	14	d	138	144	149	156	162	166	170	175	180	186	190	195	198	202	210	/
1A_NB	15	a	166	171	177	185	191	195	199	203	208	214	218	223	226	230	237	243
1A_NB	15	d	168	172	179	186	192	196	200	205	210	216	220	225	228	232	239	/
1A_NB	16	a	184	189	194	201	207	210	214	219	223	228	231	237	239	242	250	255
1A_NB	16	d	186	190	195	203	208	211	216	221	224	229	233	238	240	243	251	/
1A_NB	17	a	209	214	220	226	233	236	241	245	250	255	259	264	266	270	278	284
1A_NB	17	d	211	216	222	228	234	238	243	247	251	257	261	265	267	272	279	/
1A_NB	18	a	216	221	226	233	239	243	247	251	255	260	264	269	273	276	284	291
1A_NB	18	d	218	222	227	234	240	244	249	252	256	262	266	271	274	278	286	/
1A_NB	19	a	223	229	236	244	249	253	257	262	266	272	276	280	283	288	298	304
1A_NB	19	d	225	231	238	245	250	254	259	264	268	274	277	281	285	290	299	/
1A_NB	20	a	243	247	254	261	268	272	276	280	283	288	292	297	301	306	314	320
1A_NB	20	d	244	249	256	263	269	273	277	281	285	290	293	299	303	308	315	/
1A_NB	21	a	260	264	271	279	284	289	293	297	302	307	311	316	320	323	332	339
1A_NB	21	d	261	266	272	280	286	290	295	299	303	308	312	318	321	324	334	/
1A_NB	22	a	268	272	280	289	294	298	303	306	310	315	318	322	325	328	337	344
1A_NB	22	d	269	274	282	290	295	300	304	308	311	316	319	323	326	329	339	/
1A_NB	23	a	274	278	286	294	299	304	308	311	315	321	324	329	331	335	343	349
1A_NB	23	d	275	280	288	295	301	305	309	313	317	322	326	330	333	336	345	/
1A_NB	24	a	286	291	298	305	310	314	318	322	326	331	334	339	341	344	351	356
1A_NB	24	d	288	293	299	306	311	315	319	323	327	332	335	340	342	345	352	/
1A_NB	25	a	297	302	309	318	323	326	331	335	339	343	347	351	355	358	365	371
1A_NB	25	d	299	304	311	319	324	328	333	337	340	345	348	353	356	359	366	/
1A_NB	26	a	303	309	315	323	328	331	336	340	344	350	353	357	360	365	373	379
1A_NB	26	d	305	310	317	324	329	333	338	342	345	351	354	358	362	366	374	/
1A_NB	27	a	312	317	323	331	336	340	344	347	351	357	360	364	367	371	379	386
1A_NB	27	d	313	319	325	332	337	341	345	348	352	358	361	365	368	372	380	/
1A_NB	28	a	318	322	328	337	342	346	350	353	357	363	366	370	373	377	383	391
1A_NB	28	d	319	324	330	338	343	347	351	354	358	364	367	371	374	378	385	/
1A_NB	29	a	323	327	333	342	347	351	356	359	363	368	371	376	379	383	389	394
1A_NB	29	d	324	329	335	343	348	353	357	360	364	369	373	377	380	384	390	/
1A_NB	30	a	328	332	338	347	353	357	361	364	368	373	376	381	384	388	394	399
1A_NB	30	d	329	334	340	348	354	358	362	365	369	374	378	382	385	389	395	/
1A_NB	31	a	343	346	353	360	366	371	376	380	385	392	395	400	403	408	415	420
1A_NB	31	d	344	348	354	362	368	373	378	382	387	393	396	401	405	409	416	/
1A_NB	32	a	358	362	369	376	382	387	392	396	401	406	409	414	417	422	430	437
1A_NB	32	d	359	364	370	378	384	389	394	398	402	407	411	416	419	424	432	/
2A_NB	1	a	7	11	18	21	23	26	34	37	41	50	53	59	63	65	68	74	78	82	86	90	98	102
2A_NB	1	d	8	12	19	22	24	28	35	38	43	51	55	61	64	66	69	76	80	83	87	91	99	/
2A_NB	2	a	14	17	24	28	32	35	41	45	49	56	59	65	69	71	74	80	84	88	92	96	105	109
2A_NB	2	d	15	18	26	30	33	36	43	47	51	57	61	67	70	72	75	82	86	89	93	98	107	/
2A_NB	3	a	24	27	34	37	40	44	50	54	58	65	68	73	76	79	83	90	93	96	101	105	112	115
2A_NB	3	d	25	28	35	38	42	45	52	56	60	66	69	74	78	80	85	91	94	98	102	106	113	/
2A_NB	4	a	49	52	58	61	64	69	75	79	83	91	96	102	105	108	112	118	121	125	129	133	140	143
2A_NB	4	d	50	54	59	63	66	71	76	81	85	93	97	103	106	109	113	119	122	126	130	134	141	/
2A_NB	5	a	55	58	64	67	69	74	81	86	90	97	101	107	110	113	117	123	126	130	134	138	145	148
2A_NB	5	d	56	60	65	68	71	76	83	88	91	98	102	108	111	114	118	124	127	131	135	139	146	/
2A_NB	6	a	60	64	69	72	74	79	86	91	95	102	106	112	115	118	122	127	131	135	138	143	150	153
2A_NB	6	d	61	65	70	73	76	81	88	93	96	103	107	113	116	119	123	129	132	136	140	144	151	/
2A_NB	7	a	65	69	74	76	80	84	91	96	100	107	111	117	120	122	127	132	136	140	143	148	155	158
2A_NB	7	d	66	70	75	78	81	86	93	98	101	109	112	118	121	124	128	134	137	141	145	149	156	/
2A_NB	8	a	70	74	80	82	85	90	96	101	105	113	117	123	126	128	132	137	142	146	149	152	159	163
2A_NB	8	d	71	75	81	83	87	91	98	103	106	115	118	124	127	129	133	139	143	147	150	154	161	/
2A_NB	9	a	75	78	85	87	90	94	101	106	110	118	123	128	131	133	137	143	147	151	154	157	164	169
2A_NB	9	d	76	80	86	88	92	96	103	108	111	120	124	129	132	134	138	144	148	152	155	159	166	/
2A_NB	10	a	80	83	90	93	96	99	106	111	115	124	128	133	136	138	142	148	152	156	159	162	169	174
2A_NB	10	d	81	85	91	94	97	101	108	113	117	125	129	134	137	139	143	149	153	157	160	164	171	/
2A_NB	11	a	85	88	95	98	101	105	111	116	120	128	133	138	141	143	147	153	157	161	164	167	175	180
2A_NB	11	d	86	90	96	99	103	107	113	118	122	130	134	139	142	144	148	154	158	162	165	169	177	/
2A_NB	12	a	97	101	107	110	113	116	121	126	130	138	142	147	150	152	156	163	167	171	174	177	185	189
2A_NB	12	d	98	102	108	111	114	117	123	128	132	140	143	148	151	153	158	165	168	172	175	179	187	/
2A_NB	13	a	127	130	136	139	141	144	151	154	158	167	171	177	180	182	186	193	197	200	204	208	216	220
2A_NB	13	d	128	132	138	140	142	145	152	155	159	168	172	178	181	183	188	195	198	201	205	209	217	/
2A_NB	14	a	156	159	166	169	171	174	180	183	188	196	200	205	208	210	214	220	224	228	232	235	241	244
2A_NB	14	d	157	161	168	170	172	175	181	185	189	198	201	206	209	211	215	221	225	229	233	236	242	/
2A_NB	15	a	162	165	172	175	178	182	190	193	197	205	209	215	218	220	224	229	233	237	241	245	252	255
2A_NB	15	d	163	167	174	177	180	184	191	194	199	207	211	216	219	221	225	230	234	238	243	246	253	/
2A_NB	16	a	170	174	180	183	185	188	195	199	204	211	215	220	224	228	231	236	240	244	247	250	258	261
2A_NB	16	d	171	175	181	184	186	189	196	201	205	213	216	222	226	229	232	237	241	245	248	252	259	/
2A_NB	17	a	182	185	191	195	198	202	209	214	219	229	233	240	243	246	250	256	260	264	268	272	280	283
2A_NB	17	d	183	186	193	197	200	204	211	216	221	231	235	242	244	247	251	257	262	265	269	273	281	/
2A_NB	18	a	207	210	216	220	223	227	234	238	241	248	252	258	261	263	267	272	278	281	285	289	295	299
2A_NB	18	d	208	212	218	221	225	228	235	239	242	249	253	259	262	264	268	274	279	282	286	290	296	/
2A_NB	19	a	235	239	246	249	251	254	261	264	267	276	280	287	289	291	294	301	304	307	311	315	324	328
2A_NB	19	d	236	241	248	250	252	255	262	265	268	278	281	288	290	292	295	302	305	309	313	317	325	/
2A_NB	20	a	265	269	276	279	281	284	290	293	297	303	307	313	317	321	324	329	333	337	341	345	352	356
2A_NB	20	d	266	271	278	280	282	285	291	295	298	304	308	315	319	322	325	330	335	339	343	347	353	/
2A_NB	21	a	273	276	283	287	289	293	299	302	306	314	317	324	327	331	334	340	345	349	352	357	363	368
2A_NB	21	d	274	278	285	288	291	294	300	304	308	315	318	325	329	332	336	342	347	350	354	358	365	/
2A_NB	22	a	279	282	289	293	295	298	306	310	314	322	325	333	337	339	342	348	353	357	360	364	372	376
2A_NB	22	d	280	284	291	294	296	300	308	312	316	323	327	335	338	340	344	350	355	358	362	365	373	/
2A_NB	23	a	301	305	311	315	318	322	330	334	338	345	349	354	357	360	365	371	376	379	384	388	397	401
2A_NB	23	d	302	307	313	317	320	324	332	336	340	347	350	356	359	362	366	373	377	381	386	390	398	/
2A_NB	24	a	329	333	338	340	344	349	356	361	366	373	377	383	386	389	394	401	405	409	412	416	422	426
2A_NB	24	d	330	334	339	342	346	351	358	363	368	375	378	385	388	391	396	403	406	410	413	417	423	/
2A_NB	25	a	334	338	343	347	350	354	361	366	371	378	382	389	393	396	400	407	411	415	418	422	430	434
2A_NB	25	d	335	339	345	348	351	356	363	368	373	380	384	391	395	397	402	408	412	416	419	423	431	/
2A_NB	26	a	341	345	352	356	360	363	369	373	377	384	388	394	398	401	406	411	416	420	423	427	436	440
2A_NB	26	d	342	347	354	358	361	364	370	375	379	386	389	396	400	403	407	413	417	421	424	429	437	/
2A_NB	27	a	347	350	357	361	364	368	374	378	382	389	394	399	403	407	410	416	421	425	428	432	441	445
2A_NB	27	d	348	352	359	363	366	369	375	380	384	391	395	401	405	408	412	418	422	426	429	434	442	/
2A_NB	28	a	352	355	362	366	369	373	381	385	388	396	400	405	408	412	415	421	426	430	433	437	446	450
2A_NB	28	d	353	357	364	368	371	375	382	386	390	397	401	406	410	413	417	423	427	431	435	439	447	/
2A_NB	29	a	357	360	367	371	374	378	386	390	393	401	405	411	414	417	421	427	431	435	439	442	451	454
2A_NB	29	d	358	362	369	373	376	380	387	391	395	402	406	412	415	419	422	428	432	436	440	444	452	/
2A_NB	30	a	362	365	372	376	380	383	391	394	398	406	410	416	419	422	426	432	436	440	444	448	456	459
2A_NB	30	d	363	367	374	378	381	385	392	396	400	407	411	417	420	424	427	433	437	441	446	449	457	/
2A_NB	31	a	368	371	378	381	385	388	395	399	403	413	417	423	425	428	431	438	442	446	450	454	461	464
2A_NB	31	d	369	373	380	383	386	390	397	401	405	414	418	424	426	429	433	439	443	447	452	455	462	/
2A_NB	32	a	373	376	384	386	390	393	400	404	409	419	423	428	430	433	436	442	447	451	455	459	466	469
2A_NB	32	d	374	378	385	388	391	395	402	406	411	421	424	429	431	434	438	444	448	453	457	460	467	/
2A_SB	1	a	24	27	35	39	42	46	51	57	61	65	69	72	77	81	87	91	95	100	103	106	109	112	122	127
2A_SB	1	d	25	28	37	40	44	48	53	59	63	67	70	73	78	82	88	92	96	101	104	107	110	113	123	/
2A_SB	2	a	48	51	57	61	66	69	73	79	83	87	91	96	101	105	110	113	117	123	126	129	133	138	149	155
2A_SB	2	d	49	52	58	63	68	71	75	81	85	89	93	97	102	106	111	114	118	124	127	130	135	139	150	/
2A_SB	3	a	57	60	69	74	78	80	84	89	92	96	101	106	113	117	123	127	131	138	141	145	148	153	166	171
2A_SB	3	d	58	62	71	75	79	82	85	91	94	98	103	108	114	119	125	128	132	139	142	146	150	154	167	/
2A_SB	4	a	69	72	80	85	90	93	97	102	104	109	113	117	124	129	134	138	142	148	151	154	158	162	175	180
2A_SB	4	d	70	73	82	87	92	94	98	103	106	111	115	119	126	131	136	140	143	149	152	155	159	163	176	/
2A_SB	5	a	78	82	92	95	99	101	105	112	116	121	125	129	134	137	142	145	148	154	157	160	164	168	180	185
2A_SB	5	d	80	83	93	96	100	102	106	114	118	123	127	130	135	138	143	146	150	155	158	161	165	169	181	/
2A_SB	6	a	91	95	103	106	110	112	115	122	125	129	132	135	141	144	149	153	158	164	167	170	173	177	190	195
2A_SB	6	d	93	96	104	107	111	113	116	123	126	130	133	136	142	145	151	155	160	165	168	171	174	179	191	/
2A_SB	7	a	101	105	111	116	120	124	127	134	137	140	144	148	155	158	164	168	172	178	181	184	187	190	202	208
2A_SB	7	d	103	106	113	117	122	125	129	135	138	141	145	150	156	159	166	169	173	179	182	185	188	191	203	/
2A_SB	8	a	116	118	124	128	132	135	138	143	146	149	152	155	161	164	169	173	177	183	186	190	193	196	210	216
2A_SB	8	d	117	119	125	130	133	136	139	144	147	150	153	156	162	165	171	174	178	184	188	191	194	198	212	/
2A_SB	9	a	126	128	135	138	142	145	149	155	158	161	164	167	173	178	183	186	190	196	199	202	206	209	223	229
2A_SB	9	d	127	129	136	139	144	147	150	156	159	162	165	168	175	179	184	187	191	197	200	203	207	211	225	/
2A_SB	10	a	140	142	149	153	157	159	163	169	171	174	177	180	185	190	197	201	206	213	215	218	222	225	237	243
2A_SB	10	d	141	143	151	154	158	161	164	170	172	175	178	181	187	192	199	203	207	214	216	219	223	226	239	/
2A_SB	11	a	152	154	161	165	168	170	173	180	183	186	190	193	198	201	207	210	213	219	221	224	227	231	243	248
2A_SB	11	d	153	156	163	166	169	171	174	181	184	187	191	194	199	202	208	211	214	220	222	225	228	232	244	/
2A_SB	12	a	161	163	171	174	178	180	184	191	194	197	200	204	208	211	218	221	224	231	234	237	240	244	259	264
2A_SB	12	d	162	165	172	176	179	181	185	192	195	198	201	205	209	212	219	222	226	233	235	238	242	245	260	/
2A_SB	13	a	166	169	176	180	185	188	192	200	203	206	209	213	218	222	229	232	236	242	244	247	252	255	267	272
2A_SB	13	d	167	170	178	182	187	189	194	201	204	207	211	214	219	223	230	233	237	243	245	249	253	256	268	/
2A_SB	14	a	173	176	183	186	191	194	199	208	211	216	221	224	229	233	239	243	247	252	254	257	261	264	276	282
2A_SB	14	d	174	177	184	188	193	196	201	210	213	218	222	225	230	234	240	244	248	253	255	258	262	265	277	/
2A_SB	15	a	188	190	198	201	206	208	212	219	221	226	230	233	239	242	248	252	256	262	265	268	272	275	287	293
2A_SB	15	d	189	191	199	203	207	210	214	220	223	228	231	235	240	243	249	253	257	263	266	269	273	276	288	/
2A_SB	16	a	199	201	209	213	217	219	222	228	231	235	238	241	246	249	255	260	264	270	272	275	279	283	295	302
2A_SB	16	d	200	203	210	214	218	220	223	229	232	236	239	242	247	250	257	261	265	271	273	276	281	284	297	/
2A_SB	17	a	204	206	214	218	222	224	228	234	237	241	245	249	254	258	264	268	272	279	282	286	290	295	309	314
2A_SB	17	d	205	208	215	219	223	225	229	235	238	242	246	250	255	259	265	270	274	281	284	288	292	297	310	/
2A_SB	18	a	211	214	222	226	229	232	236	242	245	249	253	257	263	267	273	277	280	286	289	294	298	303	314	319
2A_SB	18	d	213	215	223	227	230	233	237	243	246	250	254	258	264	268	275	278	281	287	291	296	300	304	315	/
2A_SB	19	a	223	225	232	236	240	243	247	255	258	261	265	268	274	278	284	287	291	297	300	305	308	313	324	330
2A_SB	19	d	224	227	234	238	242	245	249	256	259	262	266	269	275	279	285	288	292	298	302	306	310	314	326	/
2A_SB	20	a	232	235	242	246	250	253	256	262	265	268	272	275	280	284	290	293	297	303	306	310	313	318	333	339
2A_SB	20	d	233	237	244	248	252	254	257	263	266	269	273	276	281	285	291	294	298	304	307	311	315	320	335	/
2A_SB	21	a	238	241	249	253	256	258	262	268	271	276	280	283	288	291	297	300	304	310	313	317	321	325	339	345
2A_SB	21	d	239	242	251	254	257	260	263	269	273	277	281	284	289	292	298	301	305	311	314	318	322	326	341	/
2A_SB	22	a	246	248	256	260	263	265	269	274	277	281	285	288	293	296	302	306	310	316	319	322	326	330	345	351
2A_SB	22	d	247	249	257	261	264	267	270	275	278	282	286	289	294	297	303	307	311	317	320	323	327	332	347	/
2A_SB	23	a	251	253	261	265	268	270	275	281	285	289	292	295	300	304	309	314	319	325	328	331	335	339	353	359
2A_SB	23	d	252	254	262	266	269	272	277	283	287	290	293	296	301	305	311	316	320	326	329	332	336	340	355	/
2A_SB	24	a	260	263	269	274	278	280	284	290	293	296	299	302	308	313	318	322	327	334	338	342	347	351	366	373
2A_SB	24	d	261	264	271	275	279	281	285	291	294	297	300	303	310	314	320	324	329	336	340	344	349	353	368	/
2A_SB	25	a	265	268	277	281	285	287	290	296	299	303	306	309	316	320	327	331	335	341	345	349	353	357	371	378
2A_SB	25	d	266	270	278	282	286	288	291	297	300	304	307	311	317	322	329	332	337	343	347	351	355	358	373	/
2A_SB	26	a	272	275	283	287	290	292	295	301	304	308	311	314	320	325	332	336	340	346	350	354	358	362	376	382
2A_SB	26	d	273	276	285	288	291	293	296	302	305	309	312	316	322	327	334	337	342	348	352	356	360	364	378	/
2A_SB	27	a	281	284	292	295	298	300	304	310	313	317	321	324	329	333	338	341	346	353	356	360	363	367	381	387
2A_SB	27	d	282	286	293	296	299	301	305	311	314	318	322	325	330	334	339	343	348	354	358	361	365	369	383	/
2A_SB	28	a	286	289	297	300	304	306	310	316	318	321	326	329	336	341	347	350	355	362	364	367	370	373	386	392
2A_SB	28	d	287	291	298	302	305	307	311	317	319	323	327	331	338	343	348	352	357	363	365	368	371	375	388	/
2A_SB	29	a	314	316	322	326	331	334	339	344	347	351	355	359	364	368	374	378	383	389	391	394	399	402	415	422
2A_SB	29	d	315	317	324	328	333	336	340	345	349	352	357	360	366	370	376	380	385	390	392	396	400	404	417	/
2A_SB	30	a	342	345	352	356	360	363	367	373	377	380	383	386	392	396	402	406	410	417	421	425	429	433	444	450
2A_SB	30	d	343	347	354	358	362	365	369	375	378	381	384	387	394	398	404	408	412	419	422	426	430	434	445	/
2A_SB	31	a	371	373	380	385	390	392	396	402	405	409	413	416	422	426	432	436	440	448	451	455	458	461	473	479
2A_SB	31	d	372	375	382	387	391	393	397	403	406	410	414	417	423	427	433	437	441	449	452	456	459	462	474	/
2A_SB	32	a	401	403	410	414	417	419	423	429	432	437	442	446	451	454	459	463	467	473	476	480	484	489	501	506
2A_SB	32	d	402	404	412	415	418	421	424	430	434	439	443	447	452	455	461	464	468	474	478	481	486	490	502	/
3A_SB	1	a	14	20	26	29	33	37	40	43	47	52	55	59	63	66	69	73	78	81
3A_SB	1	d	15	21	27	30	34	39	41	44	49	54	57	60	64	67	70	75	79	/
3A_SB	2	a	37	43	51	54	58	62	65	68	72	77	79	81	85	89	93	96	100	104
3A_SB	2	d	38	45	52	55	59	63	66	70	74	78	80	82	86	90	94	97	101	/
3A_SB	3	a	60	65	72	76	80	85	89	92	96	100	103	106	109	112	115	118	122	125
3A_SB	3	d	61	67	74	78	82	87	90	94	98	101	104	107	110	113	116	119	123	/
3A_SB	4	a	74	80	86	90	94	98	101	104	107	110	112	115	118	121	125	128	132	136
3A_SB	4	d	75	82	88	91	95	99	102	105	108	111	113	116	119	122	126	129	134	/
3A_SB	5	a	81	87	93	96	100	104	107	109	112	115	117	120	124	127	131	134	138	142
3A_SB	5	d	82	89	94	97	101	105	108	110	113	116	118	121	125	128	132	135	139	/
3A_SB	6	a	99	106	112	115	119	123	125	128	131	134	137	139	142	145	148	153	156	159
3A_SB	6	d	100	107	113	116	120	124	126	129	132	135	138	140	143	146	150	154	157	/
3A_SB	7	a	121	126	134	138	142	146	149	152	156	160	162	165	169	172	175	178	181	184
3A_SB	7	d	122	128	136	139	143	147	150	153	157	161	163	166	170	173	176	179	182	/
3A_SB	8	a	131	136	142	145	149	154	158	162	167	172	174	177	181	184	187	190	193	196
3A_SB	8	d	132	137	143	146	151	156	160	164	169	173	175	178	182	185	188	191	194	/
3A_SB	9	a	148	152	159	163	166	170	173	176	180	185	188	190	194	197	201	204	207	210
3A_SB	9	d	149	154	161	164	167	171	174	177	182	186	189	191	195	198	202	205	208	/
3A_SB	10	a	158	163	169	173	177	182	185	189	193	198	200	202	206	209	212	216	220	223
3A_SB	10	d	159	164	171	175	179	184	187	191	195	199	201	203	207	210	213	217	221	/
3A_SB	11	a	171	176	183	186	189	193	197	200	204	209	211	213	217	221	224	227	231	234
3A_SB	11	d	172	177	184	187	190	195	198	202	206	210	212	214	218	222	225	228	232	/
3A_SB	12	a	182	187	194	197	200	204	208	212	215	220	222	224	227	231	234	237	241	244
3A_SB	12	d	183	188	195	198	202	206	210	213	217	221	223	225	228	232	235	238	242	/
3A_SB	13	a	195	200	207	210	213	216	219	222	225	228	230	233	236	240	243	246	249	252
3A_SB	13	d	196	201	208	211	214	218	220	223	226	229	231	234	237	241	244	247	250	/
3A_SB	14	a	204	209	215	218	221	224	226	228	232	235	237	240	244	249	253	256	259	262
3A_SB	14	d	205	210	216	219	222	225	227	229	233	236	238	241	246	251	254	257	260	/
3A_SB	15	a	211	216	222	226	230	235	237	239	242	245	247	249	253	257	261	264	267	270
3A_SB	15	d	212	217	224	228	232	236	238	240	243	246	248	250	254	258	262	265	268	/
3A_SB	16	a	220	225	233	238	241	246	248	251	255	258	260	263	267	272	277	280	284	287
3A_SB	16	d	221	227	235	239	243	247	249	253	256	259	261	264	269	274	278	282	285	/
3A_SB	17	a	241	247	255	260	264	268	271	274	277	280	282	285	289	293	297	301	304	307
3A_SB	17	d	242	249	257	261	265	269	272	275	278	281	283	286	290	294	298	302	305	/
3A_SB	18	a	248	254	260	265	269	273	276	279	283	288	290	292	296	300	305	309	312	315
3A_SB	18	d	249	255	262	266	270	275	277	281	285	289	291	293	297	301	306	310	313	/
3A_SB	19	a	254	261	267	271	274	278	281	284	288	293	295	297	301	305	310	314	317	320
3A_SB	19	d	255	262	268	272	275	280	282	286	290	294	296	298	302	306	311	315	318	/
3A_SB	20	a	261	268	275	279	283	287	289	292	296	300	302	304	308	312	317	320	323	326
3A_SB	20	d	262	270	277	281	284	288	290	294	297	301	303	305	309	313	318	321	324	/
3A_SB	21	a	269	275	281	284	288	291	294	298	302	306	308	310	314	317	321	325	328	331
3A_SB	21	d	270	276	282	286	289	293	296	300	304	307	309	311	315	318	323	326	329	/
3A_SB	22	a	274	280	286	291	295	299	302	305	309	313	315	318	322	325	329	332	335	338
3A_SB	22	d	275	281	288	293	297	301	304	307	311	314	316	319	323	326	330	333	336	/
3A_SB	23	a	279	285	291	296	300	305	308	311	314	318	321	324	328	331	335	338	341	344
3A_SB	23	d	280	286	293	298	302	307	310	312	316	319	322	325	329	332	336	339	342	/
3A_SB	24	a	288	294	300	304	308	313	316	320	324	328	331	334	338	341	345	348	352	355
3A_SB	24	d	289	295	302	306	310	315	318	322	326	329	332	335	339	342	346	349	353	/
3A_SB	25	a	296	302	309	313	316	319	322	326	329	333	335	339	343	346	350	353	357	360
3A_SB	25	d	297	304	311	314	317	321	324	327	331	334	337	340	344	348	351	354	358	/
3A_SB	26	a	304	309	316	321	324	327	329	332	335	338	341	345	348	352	355	358	362	365
3A_SB	26	d	305	311	318	322	325	328	330	333	336	340	343	346	350	353	356	359	363	/
3A_SB	27	a	309	314	321	326	329	332	334	337	341	344	346	349	353	357	360	364	368	371
3A_SB	27	d	310	316	323	327	330	333	335	339	342	345	348	351	355	358	361	366	369	/
3A_SB	28	a	314	320	327	331	335	338	341	344	347	351	353	355	358	363	367	371	374	378
3A_SB	28	d	315	322	328	332	336	340	342	345	348	352	354	356	360	364	368	372	376	/
3A_SB	29	a	330	336	342	346	349	353	356	359	362	367	370	373	377	381	384	389	392	395
3A_SB	29	d	331	337	343	347	350	354	357	360	364	369	372	375	379	382	386	390	393	/
3A_SB	30	a	359	365	372	375	379	383	386	389	393	397	399	403	407	411	415	419	422	426
3A_SB	30	d	360	367	373	376	380	384	387	390	394	398	401	404	409	412	416	420	423	/
3A_SB	31	a	389	396	401	405	408	412	415	418	421	425	427	430	435	439	442	445	449	452
3A_SB	31	d	390	397	402	406	410	413	416	419	422	426	429	432	436	440	443	446	450	/
3A_SB	32	a	417	423	431	434	439	442	445	447	451	455	457	461	464	467	470	475	478	482
3A_SB	32	d	418	425	432	436	440	443	446	448	452	456	459	462	465	468	472	476	479	/
3A_NB	1	a	8	12	16	18	22	27	31	36	41	45	49	55	58	61	65	68	74	80	85
3A_NB	1	d	9	14	17	20	24	29	33	38	42	47	51	56	59	63	67	70	76	81	/
3A_NB	2	a	35	38	42	44	47	50	54	58	63	66	68	73	78	83	86	88	93	100	105
3A_NB	2	d	36	40	43	46	48	52	55	60	64	67	70	75	80	84	87	89	95	101	/
3A_NB	3	a	55	58	62	66	70	74	77	81	86	89	91	96	100	103	106	108	113	119	127
3A_NB	3	d	56	60	64	68	72	75	78	83	87	90	92	97	101	104	107	109	114	121	/
3A_NB	4	a	65	68	72	76	79	83	87	92	97	101	104	109	114	119	124	128	133	139	144
3A_NB	4	d	66	70	74	78	81	85	89	94	99	103	105	111	116	121	126	130	135	140	/
3A_NB	5	a	74	78	81	83	85	89	93	98	103	108	112	118	122	126	131	134	138	144	149
3A_NB	5	d	75	79	82	84	87	91	95	100	105	110	114	119	124	128	132	135	140	145	/
3A_NB	6	a	81	85	88	90	93	96	99	104	109	114	118	123	127	131	136	138	143	149	154
3A_NB	6	d	82	86	89	91	94	97	101	106	111	116	119	124	129	133	137	140	145	150	/
3A_NB	7	a	92	96	100	103	106	109	114	117	121	126	129	134	138	141	144	147	152	158	163
3A_NB	7	d	93	98	102	105	107	111	115	118	123	128	131	135	139	142	146	149	154	159	/
3A_NB	8	a	97	101	105	109	111	115	119	123	128	132	135	140	144	147	151	154	158	163	170
3A_NB	8	d	98	103	107	110	113	116	121	125	129	134	137	141	145	149	153	155	159	165	/
3A_NB	9	a	103	107	111	114	116	120	125	128	133	137	140	145	149	153	157	159	163	168	175
3A_NB	9	d	104	109	112	115	118	122	126	130	134	139	142	146	150	155	158	160	164	170	/
3A_NB	10	a	111	114	118	122	124	128	133	136	141	146	149	154	158	162	165	168	172	178	184
3A_NB	10	d	112	116	120	123	125	130	134	138	143	148	150	155	159	163	166	169	174	179	/
3A_NB	11	a	130	133	138	141	144	148	153	158	162	167	169	174	178	183	187	189	193	199	204
3A_NB	11	d	131	135	139	143	146	150	155	159	164	168	170	175	180	185	188	190	195	200	/
3A_NB	12	a	139	143	148	151	155	160	164	168	173	177	180	185	189	194	197	201	206	211	217
3A_NB	12	d	140	145	149	153	157	161	165	170	175	179	182	186	191	195	199	203	207	213	/
3A_NB	13	a	146	150	154	158	162	167	171	176	181	185	189	194	197	201	205	209	214	220	225
3A_NB	13	d	147	152	156	160	164	169	173	178	183	187	191	195	199	203	207	211	216	221	/
3A_NB	14	a	174	178	181	185	188	192	196	201	206	210	213	219	223	226	229	232	236	241	246
3A_NB	14	d	175	179	183	187	190	194	198	203	208	212	215	220	224	227	230	233	237	242	/
3A_NB	15	a	179	182	187	191	193	198	202	207	212	217	219	224	228	232	235	238	242	247	252
3A_NB	15	d	180	184	189	192	195	200	204	209	214	218	220	225	229	233	236	239	244	248	/
3A_NB	16	a	203	206	209	212	214	217	220	224	227	231	234	239	243	247	252	256	262	268	274
3A_NB	16	d	204	207	210	213	215	218	221	225	228	232	235	241	245	249	254	258	264	270	/
3A_NB	17	a	211	215	220	223	226	229	233	238	242	246	250	255	259	262	265	268	273	278	283
3A_NB	17	d	212	217	221	225	227	231	235	240	243	248	251	256	260	263	266	269	274	279	/
3A_NB	18	a	223	227	231	233	235	238	241	245	249	254	257	263	267	270	274	277	283	289	294
3A_NB	18	d	224	229	232	234	236	239	242	247	251	256	259	264	268	272	276	279	285	290	/
3A_NB	19	a	234	237	240	243	246	250	254	258	263	267	269	274	278	281	284	287	293	298	303
3A_NB	19	d	235	238	242	244	247	251	255	260	264	268	270	275	279	282	285	288	294	299	/
3A_NB	20	a	250	253	257	260	264	268	272	276	280	284	288	293	298	303	307	311	316	322	327
3A_NB	20	d	251	254	259	262	266	269	273	278	282	286	290	295	300	304	309	312	318	323	/
3A_NB	21	a	256	260	264	267	270	275	279	283	288	292	296	300	304	308	313	316	321	327	332
3A_NB	21	d	257	262	266	268	272	277	280	285	289	294	297	301	305	310	314	318	323	328	/
3A_NB	22	a	261	265	269	272	275	280	284	289	294	299	302	307	311	315	319	322	326	332	338
3A_NB	22	d	262	267	271	274	277	282	286	291	296	301	304	308	312	316	320	323	328	334	/
3A_NB	23	a	288	291	296	299	303	307	312	317	321	326	329	335	338	341	344	347	352	357	362
3A_NB	23	d	289	293	298	301	305	309	314	319	323	328	331	336	339	342	345	348	353	358	/
3A_NB	24	a	293	296	301	304	308	312	317	322	326	331	335	340	343	346	349	352	357	362	367
3A_NB	24	d	294	298	303	306	310	314	319	324	328	333	336	341	344	347	350	353	358	363	/
3A_NB	25	a	298	301	306	309	313	318	322	327	331	336	340	345	348	351	354	357	362	367	372
3A_NB	25	d	299	303	308	311	315	320	324	329	333	338	341	346	349	352	355	358	363	368	/
3A_NB	26	a	304	307	312	315	318	323	327	332	336	341	345	350	353	356	359	362	367	372	377
3A_NB	26	d	305	309	314	317	320	325	329	334	338	343	346	351	354	357	360	363	368	373	/
3A_NB	27	a	309	312	317	320	323	328	332	337	341	346	350	355	358	361	365	368	373	378	384
3A_NB	27	d	310	314	319	322	325	330	334	339	343	348	351	356	359	362	366	369	374	379	/
3A_NB	28	a	315	318	323	326	329	333	337	342	346	351	355	360	363	367	371	374	378	383	389
3A_NB	28	d	316	320	325	328	331	335	339	344	348	353	356	361	364	368	372	375	379	384	/
3A_NB	29	a	320	323	328	331	335	338	342	347	351	356	360	364	368	372	376	379	383	388	394
3A_NB	29	d	321	325	330	333	336	340	344	349	353	358	361	366	369	373	377	380	384	389	/
3A_NB	30	a	336	339	343	347	349	352	356	360	364	368	370	374	378	381	384	388	393	398	403
3A_NB	30	d	337	341	345	348	350	353	357	361	365	369	371	375	379	382	386	390	394	399	/
3A_NB	31	a	359	362	366	369	372	376	380	383	388	391	395	400	403	407	410	414	418	423	429
3A_NB	31	d	360	364	368	371	374	377	381	385	389	393	396	401	405	408	412	415	419	425	/
3A_NB	32	a	364	367	371	374	377	381	385	388	393	397	400	405	409	412	415	419	425	430	435
3A_NB	32	d	365	369	373	376	379	382	386	390	394	398	401	407	410	413	417	421	426	431	/
