RouteID	RunID	Arrivals/Departures	TimePerStop
1A_SB	1	a	18	25	37	42	46	50	56	60	66	70	74	85	90	94
1A_SB	1	d	19	27	39	44	48	52	57	62	68	71	76	86	92	/
1A_SB	2	a	30	35	45	50	55	59	65	68	73	76	80	91	96	100
1A_SB	2	d	31	37	47	52	57	60	66	69	74	77	82	92	98	/
1A_SB	3	a	60	65	74	78	82	86	92	96	102	106	110	120	125	129
1A_SB	3	d	61	67	76	80	84	88	94	98	103	107	111	121	126	/
1A_SB	4	a	71	76	85	89	93	97	104	108	113	116	120	130	135	139
1A_SB	4	d	72	78	87	91	95	99	105	109	114	117	121	131	137	/
1A_SB	5	a	76	81	90	95	98	102	109	113	118	121	125	135	141	144
1A_SB	5	d	77	83	92	96	100	104	110	114	119	122	126	136	142	/
1A_SB	6	a	82	88	97	102	106	110	115	119	125	128	133	143	149	153
1A_SB	6	d	84	90	99	104	107	111	116	120	126	130	135	144	150	/
1A_SB	7	a	95	102	110	113	116	120	126	131	137	142	146	156	161	165
1A_SB	7	d	97	103	111	114	117	121	128	132	139	143	148	158	162	/
1A_SB	8	a	104	110	118	121	125	129	135	138	144	148	152	161	166	169
1A_SB	8	d	106	111	119	122	126	130	136	140	145	149	154	163	167	/
1A_SB	9	a	113	119	128	132	136	139	145	148	155	159	163	171	177	181
1A_SB	9	d	115	121	129	133	137	140	146	150	156	160	164	173	179	/
1A_SB	10	a	120	127	136	140	144	147	153	156	162	166	169	178	183	187
1A_SB	10	d	122	129	137	141	145	148	154	157	163	167	170	179	185	/
1A_SB	11	a	125	132	141	146	150	153	160	163	169	172	175	184	188	192
1A_SB	11	d	127	134	143	147	151	155	161	164	170	173	176	185	190	/
1A_SB	12	a	130	137	148	152	156	159	166	169	174	177	180	188	193	198
1A_SB	12	d	132	139	149	154	157	161	167	170	175	178	181	190	195	/
1A_SB	13	a	135	143	154	158	162	165	170	174	180	183	186	195	200	204
1A_SB	13	d	137	145	155	160	163	167	172	176	181	184	188	196	201	/
1A_SB	14	a	143	150	159	164	168	173	178	183	188	191	194	203	208	212
1A_SB	14	d	144	152	161	166	170	175	180	185	189	192	196	204	209	/
1A_SB	15	a	167	174	182	185	188	192	197	200	205	209	213	224	231	237
1A_SB	15	d	169	175	183	186	189	193	198	202	207	210	215	225	233	/
1A_SB	16	a	178	185	194	198	202	206	212	217	223	227	231	240	245	249
1A_SB	16	d	180	186	196	200	204	208	214	219	225	229	232	241	246	/
1A_NB	1	a	7	12	19	26	32	37	42	45	52	56	60	63	71	76
1A_NB	1	d	8	14	21	27	34	38	43	47	53	57	61	65	72	/
1A_NB	2	a	29	34	40	47	53	58	64	69	75	80	84	88	94	100
1A_NB	2	d	30	36	41	49	55	60	66	70	77	81	86	89	96	/
1A_NB	3	a	38	43	50	59	65	68	73	77	83	88	92	96	103	108
1A_NB	3	d	39	45	52	60	66	69	74	79	85	90	94	98	104	/
1A_NB	4	a	51	56	63	69	75	78	82	86	91	95	98	101	108	114
1A_NB	4	d	52	58	64	70	76	79	84	87	92	96	99	103	109	/
1A_NB	5	a	57	62	69	75	80	83	87	91	97	101	104	108	116	122
1A_NB	5	d	58	64	70	76	81	84	89	92	98	102	105	109	117	/
1A_NB	6	a	68	73	79	87	92	95	100	103	109	113	116	120	129	134
1A_NB	6	d	69	74	81	88	93	96	101	104	110	114	117	121	130	/
1A_NB	7	a	90	94	99	107	113	116	120	124	132	135	138	142	149	154
1A_NB	7	d	91	95	100	108	114	117	122	126	133	136	139	143	150	/
1A_NB	8	a	119	123	129	135	140	144	148	152	158	162	166	169	177	183
1A_NB	8	d	120	124	130	136	141	145	149	153	159	163	167	170	178	/
1A_NB	9	a	123	128	134	142	147	151	156	159	165	169	173	176	184	190
1A_NB	9	d	125	129	136	143	148	152	157	160	166	170	174	177	185	/
1A_NB	10	a	133	139	146	153	158	161	167	172	180	185	189	193	200	205
1A_NB	10	d	135	140	147	154	159	163	169	174	182	187	191	195	201	/
1A_NB	11	a	138	144	151	158	164	168	174	178	185	190	194	198	205	210
1A_NB	11	d	140	145	153	160	165	169	175	179	187	192	196	200	206	/
1A_NB	12	a	143	149	156	163	169	173	180	183	190	195	200	203	210	215
1A_NB	12	d	145	151	158	165	170	175	181	185	192	197	201	205	211	/
1A_NB	13	a	150	155	162	168	174	179	185	189	196	200	205	208	216	221
1A_NB	13	d	152	157	163	170	176	181	187	191	198	202	206	210	217	/
1A_NB	14	a	159	163	170	176	182	186	192	196	204	208	212	215	222	228
1A_NB	14	d	160	165	171	178	184	188	194	198	206	210	213	216	224	/
1A_NB	15	a	180	184	189	197	203	207	213	217	225	229	233	236	244	250
1A_NB	15	d	181	185	191	198	205	208	215	219	227	230	234	237	246	/
1A_NB	16	a	187	191	196	204	211	216	223	227	234	237	242	246	255	261
1A_NB	16	d	188	192	197	206	213	217	225	228	235	239	244	248	256	/
2A_NB	1	a	4	8	11	17	20	24	29	32	35	45	52	54	57	60	64	67	71	74	77	81	84	88	91	97
2A_NB	1	d	5	9	12	18	21	25	30	33	36	46	53	55	58	61	65	68	72	75	78	82	85	89	92	/
2A_NB	2	a	9	13	16	21	25	29	33	37	40	50	57	59	62	65	69	72	76	79	82	86	89	93	96	102
2A_NB	2	d	10	14	17	23	26	30	35	38	41	51	58	60	63	66	70	73	77	80	83	87	90	94	97	/
2A_NB	3	a	14	19	23	28	31	35	40	44	49	59	65	67	71	74	77	80	83	86	89	93	97	102	106	112
2A_NB	3	d	15	20	24	29	32	37	42	46	51	61	66	69	72	75	78	81	84	87	90	94	99	104	107	/
2A_NB	4	a	23	28	33	39	41	46	51	56	61	71	76	79	82	85	88	91	95	98	103	108	112	115	118	124
2A_NB	4	d	24	30	35	40	43	47	53	58	63	72	78	81	83	86	89	93	97	100	105	109	113	116	119	/
2A_NB	5	a	46	49	53	58	60	64	68	72	76	87	94	97	100	104	108	112	115	117	121	125	130	134	137	143
2A_NB	5	d	47	50	54	59	61	65	69	73	78	89	96	98	102	106	110	113	116	119	122	127	132	135	138	/
2A_NB	6	a	61	65	69	74	78	83	88	92	96	105	110	112	115	119	123	126	130	134	139	143	148	152	155	162
2A_NB	6	d	63	66	70	76	80	84	89	93	97	106	111	113	117	120	124	127	132	136	141	145	150	153	156	/
2A_NB	7	a	68	72	76	81	84	88	93	97	101	110	115	117	121	126	131	135	139	142	147	150	155	159	163	172
2A_NB	7	d	70	73	77	82	85	89	94	98	102	111	116	119	123	128	133	137	141	144	148	152	157	161	165	/
2A_NB	8	a	73	77	82	87	90	93	99	104	108	116	122	124	128	133	137	141	145	148	153	158	162	165	169	178
2A_NB	8	d	75	78	83	88	91	95	101	106	109	118	123	126	130	134	139	143	147	150	155	159	163	167	171	/
2A_NB	9	a	86	89	94	99	103	107	112	116	120	129	134	138	141	145	148	151	155	159	164	168	172	175	179	186
2A_NB	9	d	87	91	95	101	105	109	114	118	122	130	136	139	142	146	150	153	157	161	165	169	173	177	181	/
2A_NB	10	a	91	95	99	105	109	112	117	121	125	134	140	143	146	150	154	156	160	164	169	173	177	180	184	191
2A_NB	10	d	92	96	101	107	110	114	119	123	127	135	141	144	147	152	155	158	162	166	170	174	178	182	186	/
2A_NB	11	a	96	100	104	110	114	118	122	127	131	139	146	149	152	156	160	162	166	169	174	178	182	185	189	196
2A_NB	11	d	97	101	106	112	116	119	124	129	132	141	147	150	154	158	161	164	168	171	175	179	183	187	191	/
2A_NB	12	a	101	105	110	116	120	124	131	136	140	147	153	156	159	162	165	168	171	174	179	183	187	190	194	202
2A_NB	12	d	102	107	112	118	122	126	133	138	142	148	154	157	160	163	166	169	173	176	180	184	188	192	196	/
2A_NB	13	a	131	135	140	145	148	152	158	163	167	177	183	185	188	191	194	196	199	202	205	209	214	217	223	230
2A_NB	13	d	132	137	142	147	150	154	160	165	169	178	184	186	189	192	195	197	200	203	207	211	215	219	224	/
2A_NB	14	a	157	160	165	170	172	176	182	187	191	200	207	210	214	217	221	225	229	231	235	240	244	248	251	257
2A_NB	14	d	158	162	166	171	174	178	184	188	193	202	209	212	215	219	223	226	230	233	237	241	245	249	252	/
2A_NB	15	a	187	191	195	200	202	207	213	216	221	230	237	240	244	248	252	255	258	261	265	269	273	277	281	288
2A_NB	15	d	188	192	196	201	204	208	214	218	222	232	239	242	245	249	253	256	259	262	267	271	275	278	282	/
2A_NB	16	a	217	220	225	229	231	235	241	246	251	260	267	271	273	276	281	284	288	290	294	298	303	307	310	317
2A_NB	16	d	218	222	226	230	233	236	243	248	252	261	269	272	274	278	283	285	289	291	295	300	305	308	311	/
2A_SB	1	a	6	13	19	22	25	28	30	34	38	41	45	48	51	54	58	66	74	78	82	88	92	97	101	104	116
2A_SB	1	d	7	15	20	23	26	29	32	35	39	42	46	49	52	55	59	68	75	80	84	90	94	99	102	105	/
2A_SB	2	a	16	22	28	32	37	41	44	49	53	57	61	63	66	70	75	82	88	92	97	103	107	113	118	123	132
2A_SB	2	d	17	24	30	34	39	42	46	50	54	58	62	64	68	72	76	83	89	94	98	105	109	115	120	124	/
2A_SB	3	a	32	36	43	48	52	56	60	63	67	71	76	79	82	86	90	99	105	110	115	121	123	128	133	137	147
2A_SB	3	d	33	38	45	50	54	58	61	64	68	73	78	80	83	88	92	101	107	112	116	122	124	130	134	139	/
2A_SB	4	a	51	56	63	67	71	73	76	80	83	87	91	94	97	100	104	113	119	123	127	132	134	139	143	147	156
2A_SB	4	d	52	57	64	68	72	75	77	81	84	89	93	95	98	101	106	115	120	124	128	133	135	140	144	148	/
2A_SB	5	a	65	69	76	80	83	86	88	92	95	98	101	104	107	110	113	121	126	130	134	140	142	147	151	156	167
2A_SB	5	d	66	71	77	81	84	87	89	93	96	99	103	105	108	111	114	122	127	131	135	141	143	148	153	158	/
2A_SB	6	a	80	85	91	94	97	99	102	106	110	114	117	119	122	125	129	138	144	147	151	157	159	164	167	170	180
2A_SB	6	d	81	86	92	95	98	100	103	107	111	115	118	120	123	126	130	139	145	148	152	158	160	165	168	171	/
2A_SB	7	a	85	91	97	100	103	105	108	111	115	119	122	124	127	131	135	144	150	153	156	162	164	169	172	176	186
2A_SB	7	d	87	92	98	101	104	106	109	112	116	120	123	125	129	132	136	145	151	154	157	163	165	170	174	177	/
2A_SB	8	a	93	99	105	109	114	117	121	124	128	131	134	137	141	144	147	156	162	165	169	177	181	186	189	192	204
2A_SB	8	d	95	100	106	111	116	119	122	125	129	132	135	138	142	145	148	157	163	166	170	179	183	187	190	194	/
2A_SB	9	a	107	114	120	123	126	128	131	134	138	141	145	148	152	155	159	165	172	175	179	185	187	192	196	199	210
2A_SB	9	d	109	115	121	124	127	129	132	135	139	142	146	149	153	156	160	166	173	176	180	186	189	194	197	201	/
2A_SB	10	a	112	119	125	129	133	137	139	142	146	149	153	155	158	161	165	171	178	181	184	190	192	197	202	206	216
2A_SB	10	d	114	121	127	131	135	138	140	143	147	150	154	156	159	162	166	172	179	182	185	191	194	199	204	207	/
2A_SB	11	a	117	124	130	134	138	142	144	147	151	155	159	161	164	167	171	177	184	188	191	197	200	205	209	213	223
2A_SB	11	d	119	126	132	136	140	143	145	148	152	156	160	162	165	168	172	178	185	189	192	198	202	206	211	214	/
2A_SB	12	a	123	129	135	140	144	147	149	152	157	161	165	167	170	173	177	183	190	194	197	203	206	210	214	218	228
2A_SB	12	d	124	131	137	142	145	148	150	154	158	162	166	168	171	174	178	184	191	195	198	204	207	211	216	219	/
2A_SB	13	a	129	135	142	146	149	152	155	158	162	166	170	172	175	178	182	191	199	203	206	212	215	219	223	228	238
2A_SB	13	d	130	136	143	147	150	153	156	159	163	167	171	173	176	179	184	193	201	204	207	213	216	220	225	230	/
2A_SB	14	a	142	148	155	158	162	165	167	170	174	178	182	184	187	190	193	201	208	211	214	219	222	226	229	233	243
2A_SB	14	d	143	149	156	160	163	166	168	171	175	179	183	185	188	191	194	202	209	212	215	220	223	227	230	235	/
2A_SB	15	a	152	158	165	169	173	175	177	180	183	187	191	193	196	199	203	211	218	223	227	233	237	241	245	248	259
2A_SB	15	d	153	160	167	170	174	176	178	181	184	188	192	194	197	200	204	213	220	225	228	235	238	242	246	249	/
2A_SB	16	a	157	163	171	174	178	180	183	186	189	193	197	199	202	205	210	219	226	230	233	239	242	246	250	253	264
2A_SB	16	d	158	165	172	175	179	181	184	187	190	194	198	200	203	207	211	221	228	231	234	240	243	247	251	254	/
3A_SB	1	a	25	30	34	39	42	45	47	51	56	58	64	69	72	80	84
3A_SB	1	d	26	32	36	40	43	46	49	53	57	60	66	70	74	82	/
3A_SB	2	a	46	50	54	59	63	67	71	75	79	81	85	88	91	96	99
3A_SB	2	d	47	52	56	61	65	69	73	77	80	82	86	89	92	97	/
3A_SB	3	a	62	66	70	74	78	82	86	90	95	97	102	105	108	114	118
3A_SB	3	d	63	67	71	76	80	84	88	92	96	98	103	106	109	116	/
3A_SB	4	a	74	79	83	88	92	95	99	104	109	112	116	119	122	128	131
3A_SB	4	d	75	80	85	90	94	97	101	106	110	113	117	120	123	129	/
3A_SB	5	a	87	92	95	101	105	107	110	114	118	121	125	128	131	137	140
3A_SB	5	d	88	93	97	103	106	108	111	115	119	122	126	129	132	138	/
3A_SB	6	a	98	104	108	112	115	117	120	123	126	129	133	136	139	145	148
3A_SB	6	d	99	106	109	113	116	118	121	124	127	130	134	137	140	146	/
3A_SB	7	a	105	110	113	117	120	122	124	128	131	134	138	141	145	152	157
3A_SB	7	d	106	111	114	118	121	123	126	129	132	135	139	143	147	154	/
3A_SB	8	a	120	126	130	133	138	141	144	148	152	154	158	162	165	171	174
3A_SB	8	d	121	128	131	135	140	142	145	149	153	155	159	163	166	172	/
3A_SB	9	a	130	136	139	142	146	148	151	155	159	161	165	170	173	179	183
3A_SB	9	d	131	137	140	143	147	150	152	156	160	162	167	171	174	180	/
3A_SB	10	a	135	141	144	147	151	154	156	160	164	166	171	175	178	184	188
3A_SB	10	d	136	142	145	148	152	155	157	161	165	167	172	176	179	185	/
3A_SB	11	a	140	146	149	153	157	160	162	166	169	171	176	180	183	189	193
3A_SB	11	d	141	147	150	154	158	161	163	167	170	172	177	181	184	190	/
3A_SB	12	a	148	154	158	162	166	168	170	173	176	178	183	186	189	195	199
3A_SB	12	d	149	155	159	163	167	169	171	174	177	179	184	187	190	196	/
3A_SB	13	a	153	159	163	167	171	173	175	178	181	183	188	191	194	200	205
3A_SB	13	d	154	160	164	168	172	174	176	179	182	184	189	192	195	202	/
3A_SB	14	a	166	171	175	180	184	187	191	195	199	202	208	212	216	223	227
3A_SB	14	d	167	172	177	182	186	189	193	197	201	204	210	213	218	225	/
3A_SB	15	a	180	185	188	191	194	197	199	204	207	209	215	218	222	228	232
3A_SB	15	d	181	186	189	192	195	198	201	205	208	210	216	219	223	230	/
3A_SB	16	a	194	198	202	206	210	212	215	219	224	227	233	237	241	248	253
3A_SB	16	d	195	199	203	207	211	213	216	221	226	229	235	239	243	250	/
3A_NB	1	a	7	10	15	18	22	26	30	34	37	42	47	51	55	59	65	69	72
3A_NB	1	d	8	12	16	20	24	28	31	36	38	44	49	53	57	61	67	70	/
3A_NB	2	a	29	32	36	40	43	48	51	55	58	64	70	74	78	81	86	90	93
3A_NB	2	d	30	33	38	41	45	49	53	56	60	66	72	75	79	83	88	91	/
3A_NB	3	a	44	48	52	55	60	64	69	73	76	81	84	87	91	95	100	105	109
3A_NB	3	d	45	50	53	57	62	66	71	74	77	82	85	88	93	97	102	107	/
3A_NB	4	a	55	59	62	67	72	76	81	86	90	95	98	102	106	108	113	117	121
3A_NB	4	d	56	60	64	69	74	78	83	88	92	96	99	103	107	110	114	119	/
3A_NB	5	a	72	76	81	84	88	92	96	100	104	109	113	117	121	124	128	132	137
3A_NB	5	d	73	78	82	85	90	94	98	102	106	110	114	118	122	125	129	134	/
3A_NB	6	a	82	86	91	94	97	100	103	108	110	115	119	123	126	129	133	137	141
3A_NB	6	d	83	88	92	95	98	101	105	109	112	116	120	124	127	130	134	139	/
3A_NB	7	a	87	91	95	99	102	106	110	114	116	120	124	128	131	134	138	142	146
3A_NB	7	d	88	93	97	100	104	108	111	115	117	122	125	129	132	135	139	144	/
3A_NB	8	a	98	102	106	110	114	118	121	126	129	134	138	143	146	148	154	157	160
3A_NB	8	d	99	104	108	112	115	119	123	127	131	135	140	144	147	150	155	158	/
3A_NB	9	a	108	111	115	119	122	125	129	133	136	141	145	149	153	157	163	168	171
3A_NB	9	d	109	113	117	120	123	126	130	134	137	142	146	150	155	159	165	169	/
3A_NB	10	a	118	121	124	127	131	135	140	144	148	153	157	161	165	168	173	177	181
3A_NB	10	d	119	122	125	129	133	137	141	146	149	154	158	162	166	169	174	179	/
3A_NB	11	a	142	145	149	153	157	160	164	168	171	176	180	184	188	191	196	200	203
3A_NB	11	d	143	147	151	154	158	162	166	169	173	177	181	185	189	192	197	201	/
3A_NB	12	a	147	150	154	158	162	166	170	173	177	182	185	189	193	196	200	205	208
3A_NB	12	d	148	152	156	159	164	168	171	175	179	183	186	190	195	197	202	206	/
3A_NB	13	a	157	159	163	167	170	173	176	179	183	188	191	195	200	203	208	213	217
3A_NB	13	d	158	161	165	168	171	174	177	181	184	189	192	197	202	205	210	214	/
3A_NB	14	a	163	165	168	172	176	180	185	189	193	198	202	205	209	212	216	220	224
3A_NB	14	d	164	166	170	174	178	182	187	191	195	199	203	206	210	213	217	221	/
3A_NB	15	a	171	174	177	180	185	190	195	199	203	208	212	216	220	223	229	232	236
3A_NB	15	d	172	175	178	182	187	192	196	201	205	209	213	217	221	225	230	233	/
3A_NB	16	a	180	183	187	190	195	199	203	208	212	217	222	227	230	234	239	244	249
3A_NB	16	d	181	185	188	192	196	201	205	210	214	219	224	228	232	235	241	246	/
