RouteID	RunID	Arrivals/Departures	TimePerStop
1A_SB	1	a	14	21	32	36	39	42	47	51	57	60	65	75	80	84
1A_SB	1	d	15	22	33	37	40	43	48	52	58	62	67	76	82	/
1A_SB	2	a	37	42	51	55	59	62	69	73	80	84	88	98	104	109
1A_SB	2	d	38	43	52	56	60	64	71	75	82	85	89	100	106	/
1A_SB	3	a	63	68	77	81	84	88	95	99	105	109	114	124	129	134
1A_SB	3	d	64	70	79	82	86	90	97	101	107	111	115	125	131	/
1A_SB	4	a	70	75	83	87	91	94	100	104	110	114	119	130	136	140
1A_SB	4	d	71	76	85	89	92	95	102	106	112	116	121	132	138	/
1A_SB	5	a	74	80	88	93	97	100	107	112	118	122	127	138	144	147
1A_SB	5	d	76	81	90	95	98	102	109	114	120	124	129	139	145	/
1A_SB	6	a	95	102	110	113	116	120	126	131	137	142	146	155	159	163
1A_SB	6	d	97	103	111	114	117	121	128	132	139	143	147	156	160	/
1A_SB	7	a	104	110	118	121	125	129	135	138	144	148	152	160	164	167
1A_SB	7	d	106	111	119	122	126	130	136	140	145	149	153	161	165	/
1A_SB	8	a	109	115	123	127	131	136	142	145	150	155	160	169	174	177
1A_SB	8	d	111	116	124	128	133	137	143	146	152	157	162	170	175	/
1A_SB	9	a	114	120	129	134	139	143	149	153	160	164	168	178	183	186
1A_SB	9	d	116	122	131	136	141	144	151	155	161	166	170	180	184	/
1A_SB	10	a	121	128	136	140	145	148	154	158	165	169	173	183	188	191
1A_SB	10	d	123	129	137	142	146	149	156	160	167	171	175	185	189	/
1A_SB	11	a	130	137	148	152	155	158	165	168	173	176	179	188	193	196
1A_SB	11	d	132	139	149	153	156	160	166	169	174	177	181	190	194	/
1A_SB	12	a	136	143	153	158	161	165	170	174	180	183	186	195	200	204
1A_SB	12	d	137	144	155	159	163	167	172	176	181	184	188	196	201	/
1A_SB	13	a	150	155	163	167	171	176	181	186	191	195	199	207	212	216
1A_SB	13	d	151	156	164	169	173	178	183	188	193	197	200	208	213	/
1A_SB	14	a	156	162	171	175	179	184	189	193	197	200	204	212	218	222
1A_SB	14	d	158	164	173	177	181	185	190	194	198	202	205	213	219	/
1A_SB	15	a	167	174	182	185	188	192	197	201	206	210	214	224	231	236
1A_SB	15	d	169	175	183	186	189	193	199	203	208	211	215	225	232	/
1A_SB	16	a	184	191	200	203	207	211	218	222	228	232	236	246	251	256
1A_SB	16	d	186	192	201	205	209	213	219	224	230	234	238	247	253	/
1A_NB	1	a	6	11	17	23	30	34	40	44	50	54	58	62	70	76
1A_NB	1	d	7	12	18	25	31	36	42	45	51	55	59	64	72	/
1A_NB	2	a	15	19	25	32	38	42	47	52	58	63	68	72	79	85
1A_NB	2	d	16	21	27	34	39	43	49	53	60	65	70	73	80	/
1A_NB	3	a	37	42	48	57	62	65	70	75	80	85	90	93	100	106
1A_NB	3	d	38	44	50	58	63	66	72	76	82	87	91	95	102	/
1A_NB	4	a	50	55	62	68	75	79	83	86	91	96	99	103	112	119
1A_NB	4	d	51	57	63	70	77	80	84	87	93	97	101	105	114	/
1A_NB	5	a	56	61	68	75	81	84	88	91	98	102	105	109	118	124
1A_NB	5	d	57	63	70	77	82	85	89	93	99	103	106	111	119	/
1A_NB	6	a	62	67	74	81	86	90	96	99	105	110	113	117	126	131
1A_NB	6	d	63	69	75	82	88	92	97	100	107	111	114	119	127	/
1A_NB	7	a	68	73	80	87	92	95	101	105	111	115	118	122	132	137
1A_NB	7	d	69	75	81	88	93	97	103	106	112	116	119	124	133	/
1A_NB	8	a	84	88	94	103	108	111	115	119	126	129	133	138	145	151
1A_NB	8	d	85	89	96	104	109	112	116	120	127	131	135	139	146	/
1A_NB	9	a	96	100	105	111	118	121	127	131	138	141	145	150	158	163
1A_NB	9	d	97	101	106	113	119	123	129	132	139	143	147	152	159	/
1A_NB	10	a	110	114	119	125	133	138	143	148	155	160	165	169	178	185
1A_NB	10	d	111	115	120	127	135	140	145	150	157	162	167	171	180	/
1A_NB	11	a	119	123	129	135	141	145	149	153	160	165	170	174	183	190
1A_NB	11	d	120	124	130	137	142	146	151	155	162	167	172	176	185	/
1A_NB	12	a	123	128	134	141	146	150	155	158	165	170	175	179	188	195
1A_NB	12	d	125	129	135	142	147	151	156	160	167	172	177	181	190	/
1A_NB	13	a	128	133	139	146	152	156	161	165	172	177	182	185	193	199
1A_NB	13	d	130	134	140	148	154	157	163	166	174	179	183	186	195	/
1A_NB	14	a	133	139	146	153	158	161	167	171	178	182	186	190	199	204
1A_NB	14	d	135	140	147	154	159	163	168	172	179	184	188	192	200	/
1A_NB	15	a	138	144	151	157	163	166	173	177	184	189	193	197	203	209
1A_NB	15	d	140	145	152	159	164	168	174	178	186	191	195	198	205	/
1A_NB	16	a	143	149	156	162	168	172	178	182	189	194	199	203	209	215
1A_NB	16	d	145	151	157	164	169	173	179	184	191	196	201	204	211	/
2A_NB	1	a	4	8	11	17	20	24	29	32	35	45	52	54	57	60	64	67	71	74	77	81	84	88	91	98
2A_NB	1	d	5	9	12	18	21	25	30	33	36	46	53	55	58	61	65	68	72	75	78	82	85	89	93	/
2A_NB	2	a	9	13	16	21	25	29	33	37	40	50	57	59	62	65	69	72	76	79	82	86	89	93	96	103
2A_NB	2	d	10	14	17	23	26	30	35	38	41	51	58	60	63	66	70	73	77	80	83	87	90	94	98	/
2A_NB	3	a	15	20	25	31	33	37	41	44	49	58	64	66	69	72	77	80	83	87	90	94	98	102	106	112
2A_NB	3	d	16	22	27	32	34	38	42	46	50	60	65	67	70	74	78	81	85	88	91	95	99	104	107	/
2A_NB	4	a	23	28	32	37	39	44	49	53	58	67	73	75	78	81	84	87	91	93	97	101	105	108	111	117
2A_NB	4	d	24	29	33	38	41	45	50	55	59	69	74	77	79	82	85	89	92	94	98	102	106	109	112	/
2A_NB	5	a	52	55	60	66	68	73	79	83	86	96	103	105	108	111	114	117	120	123	127	131	135	138	141	147
2A_NB	5	d	53	57	62	67	70	75	80	84	87	97	104	106	109	112	115	118	121	124	128	132	136	139	142	/
2A_NB	6	a	61	64	69	75	79	83	88	92	96	105	110	112	115	118	121	124	128	131	135	138	142	145	149	156
2A_NB	6	d	62	66	71	77	80	84	89	93	97	106	111	113	116	119	122	125	129	132	136	139	143	147	150	/
2A_NB	7	a	69	72	76	81	85	89	94	99	104	113	118	120	123	127	131	134	137	139	143	146	150	153	157	164
2A_NB	7	d	70	73	77	83	86	90	96	101	106	114	119	121	124	128	132	135	138	140	144	147	151	155	158	/
2A_NB	8	a	74	77	82	87	90	94	100	105	109	118	123	125	128	132	136	139	142	144	148	151	155	158	162	169
2A_NB	8	d	75	78	83	88	92	96	102	107	111	119	124	126	129	133	137	140	143	145	149	152	156	160	163	/
2A_NB	9	a	79	82	87	92	96	100	106	110	114	123	128	130	133	137	140	144	147	149	153	157	161	164	167	175
2A_NB	9	d	80	83	88	94	98	102	108	112	116	124	129	131	134	138	142	145	148	150	154	158	162	165	168	/
2A_NB	10	a	85	88	93	98	102	106	111	115	119	128	133	135	139	143	146	149	152	155	159	163	167	170	173	181
2A_NB	10	d	86	90	94	100	104	108	113	117	121	129	134	137	140	144	147	150	153	156	160	164	168	171	174	/
2A_NB	11	a	90	94	98	103	107	111	116	120	124	133	138	141	144	148	151	153	157	160	164	168	172	175	178	186
2A_NB	11	d	91	95	99	105	109	113	118	122	126	134	139	142	145	149	152	155	158	161	165	169	173	176	179	/
2A_NB	12	a	95	99	103	109	113	116	121	126	130	138	144	147	150	153	156	158	162	165	169	173	177	180	183	189
2A_NB	12	d	96	100	105	111	114	118	123	128	131	139	145	148	151	154	157	160	163	166	170	174	178	181	184	/
2A_NB	13	a	100	104	108	114	118	121	128	132	135	142	149	152	155	158	161	163	167	169	174	178	182	185	188	194
2A_NB	13	d	101	105	110	116	119	123	129	133	137	144	150	153	156	159	162	165	168	171	175	179	183	186	189	/
2A_NB	14	a	105	109	113	119	122	126	133	137	140	147	154	157	160	163	166	170	173	175	179	183	187	190	193	199
2A_NB	14	d	106	110	115	121	124	128	134	138	142	149	155	158	161	164	168	171	174	176	180	184	188	191	194	/
2A_NB	15	a	112	116	120	126	128	132	139	143	146	152	160	164	166	170	174	177	180	182	185	189	193	196	200	207
2A_NB	15	d	113	117	122	127	130	134	141	144	147	154	162	165	167	171	175	178	181	183	186	190	194	197	201	/
2A_NB	16	a	133	137	141	146	149	153	159	164	167	177	184	187	191	195	200	202	205	208	212	216	220	223	228	236
2A_NB	16	d	134	138	143	148	151	155	161	165	169	179	186	189	193	197	201	203	206	210	214	217	221	224	230	/
2A_SB	1	a	11	18	24	27	31	35	39	43	47	52	57	61	65	69	73	81	87	91	95	101	104	109	114	118	128
2A_SB	1	d	12	20	25	29	33	37	41	44	49	54	59	63	67	70	75	82	88	92	96	102	105	111	116	120	/
2A_SB	2	a	24	30	36	40	45	49	52	56	61	66	71	73	76	80	83	90	96	101	105	111	115	120	124	128	137
2A_SB	2	d	25	31	38	42	47	50	53	58	63	68	72	74	77	81	84	92	98	102	106	113	116	121	125	129	/
2A_SB	3	a	43	47	55	60	65	68	71	75	78	82	85	87	91	94	98	106	111	115	119	125	127	132	136	141	151
2A_SB	3	d	44	49	57	62	67	70	73	76	79	83	86	89	92	95	99	107	112	116	121	126	128	133	138	143	/
2A_SB	4	a	50	55	63	68	72	74	77	81	84	88	91	94	97	100	104	112	118	123	127	132	134	139	143	147	156
2A_SB	4	d	51	57	65	69	73	76	78	82	85	89	93	95	98	101	105	114	120	124	128	133	135	140	144	148	/
2A_SB	5	a	65	69	76	80	83	86	88	92	95	98	101	104	107	110	113	121	126	130	134	140	142	148	153	158	168
2A_SB	5	d	66	71	77	81	84	87	89	93	96	99	103	105	108	111	114	122	127	131	135	141	144	150	155	159	/
2A_SB	6	a	78	83	89	93	97	99	102	106	110	114	117	119	122	125	129	138	144	147	151	157	159	164	167	170	180
2A_SB	6	d	79	84	91	95	98	100	103	107	111	115	118	120	123	126	130	139	145	148	152	158	160	165	168	171	/
2A_SB	7	a	83	88	94	98	102	105	108	111	115	119	122	124	127	131	135	144	150	153	156	162	164	169	172	176	187
2A_SB	7	d	84	89	96	100	104	106	109	112	116	120	123	125	129	132	136	145	151	154	157	163	165	170	174	178	/
2A_SB	8	a	93	99	105	109	113	115	118	121	125	128	131	133	136	139	142	151	157	160	163	169	173	178	181	184	196
2A_SB	8	d	95	100	106	110	114	116	119	122	126	129	132	134	137	140	143	152	158	161	164	171	174	179	182	186	/
2A_SB	9	a	98	104	110	114	118	120	123	126	130	133	136	139	143	146	149	155	162	165	169	177	181	186	189	192	203
2A_SB	9	d	100	105	111	115	119	121	124	127	131	134	137	140	144	147	150	157	163	166	170	179	183	187	190	193	/
2A_SB	10	a	107	114	120	123	126	128	131	134	138	141	146	149	152	155	159	165	172	175	179	185	187	191	194	197	207
2A_SB	10	d	109	115	121	124	127	129	132	135	139	143	147	150	153	156	160	166	173	176	180	186	188	192	195	198	/
2A_SB	11	a	112	119	124	128	131	133	136	139	143	146	151	153	157	160	164	170	177	180	183	190	192	196	200	203	213
2A_SB	11	d	114	120	126	129	132	134	137	140	144	148	152	155	158	161	165	171	178	181	185	191	193	197	201	204	/
2A_SB	12	a	117	124	129	133	137	140	142	145	149	153	157	159	162	165	169	175	183	188	191	197	200	204	208	211	221
2A_SB	12	d	119	125	131	135	138	141	143	146	150	154	158	160	163	166	170	177	185	189	192	198	201	205	209	212	/
2A_SB	13	a	122	129	134	139	142	145	147	150	154	158	162	164	167	170	174	181	188	193	196	202	205	209	214	218	228
2A_SB	13	d	124	130	136	140	143	146	148	151	155	159	163	165	168	171	176	182	190	194	197	203	206	211	216	219	/
2A_SB	14	a	128	134	141	145	148	151	154	157	161	165	169	171	174	177	181	190	198	202	206	213	216	220	224	229	239
2A_SB	14	d	129	135	142	146	149	152	155	158	162	166	170	172	175	178	183	192	200	204	208	214	217	221	226	231	/
2A_SB	15	a	147	153	159	162	166	169	171	174	178	182	186	188	191	194	198	206	214	219	223	230	233	237	240	244	256
2A_SB	15	d	148	154	160	164	168	170	172	175	179	183	187	189	192	195	199	208	216	221	225	231	234	238	242	246	/
2A_SB	16	a	153	159	166	169	173	175	177	180	183	187	191	193	196	199	203	212	219	224	228	235	238	242	247	251	263
2A_SB	16	d	154	161	167	170	174	176	178	181	184	188	192	194	197	200	205	214	221	226	230	236	239	244	249	253	/
3A_SB	1	a	13	18	23	28	32	36	39	43	48	50	54	58	61	68	71
3A_SB	1	d	14	20	25	30	34	38	41	45	49	51	55	59	62	69	/
3A_SB	2	a	43	48	52	57	61	65	69	73	77	79	83	86	89	94	97
3A_SB	2	d	44	50	54	59	63	67	71	75	78	80	84	87	90	95	/
3A_SB	3	a	68	72	77	82	85	89	93	98	103	105	109	112	115	121	125
3A_SB	3	d	69	74	79	83	87	91	95	100	104	106	110	113	116	123	/
3A_SB	4	a	78	83	87	91	94	97	100	104	109	112	116	119	122	128	131
3A_SB	4	d	79	84	88	92	96	98	101	106	110	113	117	120	123	129	/
3A_SB	5	a	84	89	93	99	103	106	109	113	118	121	125	128	131	137	141
3A_SB	5	d	85	91	95	101	105	107	110	115	119	122	126	129	132	139	/
3A_SB	6	a	94	100	104	108	111	113	116	121	125	128	132	136	139	145	148
3A_SB	6	d	95	102	105	109	112	114	118	123	126	129	134	137	140	146	/
3A_SB	7	a	101	107	111	115	118	120	123	127	130	133	137	141	144	150	154
3A_SB	7	d	102	109	112	116	119	122	125	128	131	134	139	142	145	151	/
3A_SB	8	a	121	127	130	133	136	138	141	145	149	151	155	160	163	170	174
3A_SB	8	d	122	128	131	134	137	139	142	146	150	152	157	161	164	172	/
3A_SB	9	a	130	136	139	142	146	148	151	155	159	161	165	169	172	178	181
3A_SB	9	d	131	137	140	143	147	149	152	156	160	162	166	170	173	179	/
3A_SB	10	a	135	141	144	147	151	154	156	160	164	166	171	175	178	184	189
3A_SB	10	d	136	142	145	148	152	155	157	161	165	167	172	176	179	186	/
3A_SB	11	a	144	150	154	158	162	165	167	170	173	175	180	183	186	192	196
3A_SB	11	d	145	151	155	159	163	166	168	171	174	176	181	184	187	193	/
3A_SB	12	a	149	155	159	163	167	169	172	175	178	180	185	188	191	197	201
3A_SB	12	d	150	156	160	164	168	171	173	176	179	181	186	189	192	198	/
3A_SB	13	a	157	163	167	171	175	177	179	182	185	187	192	195	198	204	209
3A_SB	13	d	158	164	168	172	176	178	180	183	186	188	193	196	199	206	/
3A_SB	14	a	165	170	175	179	182	185	189	192	196	198	203	206	209	215	219
3A_SB	14	d	166	172	176	180	184	187	190	194	197	199	204	207	210	216	/
3A_SB	15	a	170	175	180	183	187	190	194	198	202	204	209	212	216	222	227
3A_SB	15	d	171	177	181	185	189	192	195	200	203	205	210	213	217	224	/
3A_SB	16	a	192	197	202	206	210	212	215	219	223	225	231	234	238	245	249
3A_SB	16	d	193	199	203	207	211	213	216	220	224	227	232	236	240	246	/
3A_NB	1	a	24	28	32	36	40	44	48	52	56	63	69	73	78	81	86	90	93
3A_NB	1	d	25	29	34	38	42	46	50	54	58	65	71	75	79	83	88	91	/
3A_NB	2	a	51	55	58	61	66	70	75	79	83	89	92	96	100	103	107	111	114
3A_NB	2	d	52	56	59	63	68	72	76	81	85	90	93	97	101	104	108	112	/
3A_NB	3	a	65	69	73	77	81	86	91	95	99	103	106	110	114	116	120	124	129
3A_NB	3	d	66	71	75	78	83	88	93	97	100	104	107	111	115	117	121	126	/
3A_NB	4	a	70	74	79	82	87	92	96	100	104	109	113	117	121	124	128	132	136
3A_NB	4	d	71	76	80	84	89	94	98	102	106	110	114	118	122	125	129	133	/
3A_NB	5	a	81	85	89	93	97	101	105	110	113	118	122	126	129	132	136	140	143
3A_NB	5	d	82	86	91	95	99	103	107	112	115	120	123	127	130	133	137	141	/
3A_NB	6	a	86	90	94	98	102	106	110	115	118	123	127	131	135	138	143	148	151
3A_NB	6	d	87	92	96	100	104	108	112	117	120	125	128	133	137	140	145	149	/
3A_NB	7	a	91	95	99	103	107	112	115	120	124	128	132	137	141	144	149	153	156
3A_NB	7	d	92	97	101	105	109	113	117	122	125	130	134	139	143	146	151	154	/
3A_NB	8	a	96	100	104	108	112	117	120	125	129	134	138	142	146	149	155	158	161
3A_NB	8	d	97	102	106	110	114	118	122	127	131	135	139	144	148	151	156	159	/
3A_NB	9	a	104	107	110	114	118	122	126	131	135	141	145	149	153	157	163	168	171
3A_NB	9	d	105	108	112	116	120	123	128	133	137	142	146	150	155	159	165	169	/
3A_NB	10	a	116	119	123	127	130	133	137	141	144	149	153	157	161	164	169	173	176
3A_NB	10	d	117	121	125	128	131	134	138	142	145	150	154	158	162	165	170	174	/
3A_NB	11	a	121	125	128	132	136	139	143	147	150	154	158	162	166	169	174	178	181
3A_NB	11	d	122	126	130	134	137	140	144	148	151	155	159	163	167	170	175	179	/
3A_NB	12	a	143	146	149	153	157	160	163	166	169	174	178	182	186	189	194	198	201
3A_NB	12	d	144	147	151	154	158	161	164	167	171	175	179	183	187	190	195	199	/
3A_NB	13	a	150	152	155	158	162	165	168	172	175	179	182	187	191	194	199	203	206
3A_NB	13	d	151	153	156	159	163	166	170	173	176	180	184	188	192	196	200	204	/
3A_NB	14	a	158	160	163	167	170	173	176	179	182	187	190	195	200	203	208	212	217
3A_NB	14	d	159	161	165	168	171	174	177	180	183	188	192	197	202	205	209	214	/
3A_NB	15	a	167	170	173	176	180	185	190	194	198	203	207	210	214	217	221	225	229
3A_NB	15	d	168	171	174	178	182	187	192	196	200	204	208	211	215	218	222	226	/
3A_NB	16	a	174	177	180	183	188	193	197	201	204	208	212	216	220	224	229	232	236
3A_NB	16	d	175	178	181	185	190	195	198	202	205	209	213	217	222	225	230	233	/
