RouteID	RunID	Arrivals/Departures	TimePerStop
1A_SB	1	a	9	17	29	33	37	41	46	51	57	60	64	73	79	83
1A_SB	1	d	10	19	30	35	39	42	48	52	58	61	65	75	81	/
1A_SB	2	a	38	43	52	57	61	64	70	73	80	83	87	97	102	105
1A_SB	2	d	39	45	54	58	62	65	71	75	81	84	88	98	103	/
1A_SB	3	a	63	68	76	79	82	86	91	94	99	103	107	117	122	126
1A_SB	3	d	64	69	77	80	84	87	92	95	100	104	108	118	123	/
1A_SB	4	a	69	74	83	87	91	94	100	103	108	111	115	125	130	134
1A_SB	4	d	70	76	85	89	92	95	101	104	109	112	116	126	131	/
1A_SB	5	a	73	79	88	93	97	100	107	112	118	122	126	137	144	148
1A_SB	5	d	75	81	90	95	98	102	109	114	120	123	128	139	146	/
1A_SB	6	a	95	102	110	113	116	120	126	131	137	142	146	155	159	163
1A_SB	6	d	97	103	111	114	117	121	128	132	139	143	147	156	160	/
1A_SB	7	a	104	110	118	121	125	129	135	138	144	148	152	160	165	168
1A_SB	7	d	106	111	119	122	126	130	136	140	145	149	153	162	166	/
1A_SB	8	a	113	119	127	131	135	138	144	147	152	156	161	169	174	177
1A_SB	8	d	115	120	128	132	136	139	145	148	153	158	162	170	175	/
1A_SB	9	a	119	126	135	140	144	147	153	156	163	167	170	180	185	189
1A_SB	9	d	121	128	137	141	145	148	154	158	164	168	172	182	187	/
1A_SB	10	a	130	137	148	152	155	159	165	168	173	177	180	188	192	195
1A_SB	10	d	132	139	149	153	157	160	166	169	175	178	181	189	193	/
1A_SB	11	a	137	145	155	159	162	165	170	174	180	184	187	196	202	207
1A_SB	11	d	139	146	156	160	163	167	172	176	182	185	189	198	204	/
1A_SB	12	a	167	174	182	185	188	192	197	200	205	209	214	224	232	238
1A_SB	12	d	169	175	183	186	189	193	198	202	207	211	215	226	234	/
1A_SB	13	a	182	189	198	201	204	207	213	218	224	228	231	240	245	250
1A_SB	13	d	184	190	199	202	205	209	215	220	226	229	232	241	247	/
1A_SB	14	a	212	218	226	230	234	237	243	246	253	257	260	268	275	278
1A_SB	14	d	213	219	228	231	235	238	244	248	254	258	262	270	276	/
1A_SB	15	a	241	246	256	259	262	265	271	275	280	285	288	297	304	308
1A_SB	15	d	242	248	257	260	263	267	272	276	282	286	290	299	306	/
1A_SB	16	a	268	275	283	287	290	294	300	303	309	313	316	324	330	333
1A_SB	16	d	270	277	285	288	292	295	301	305	311	314	317	325	331	/
1A_NB	1	a	9	14	20	27	34	39	44	49	55	60	64	67	75	81
1A_NB	1	d	10	16	22	29	36	40	46	50	57	61	65	69	76	/
1A_NB	2	a	16	20	26	33	39	44	49	54	60	65	69	73	80	86
1A_NB	2	d	17	22	28	35	41	46	51	55	62	66	71	74	81	/
1A_NB	3	a	27	31	36	43	48	52	56	60	66	70	74	78	84	91
1A_NB	3	d	28	32	37	44	49	53	57	61	67	71	76	79	86	/
1A_NB	4	a	45	50	57	66	73	77	82	86	91	95	99	102	108	114
1A_NB	4	d	46	52	59	68	75	79	84	87	92	97	100	103	109	/
1A_NB	5	a	53	58	65	71	78	82	87	91	98	102	106	111	119	124
1A_NB	5	d	54	60	66	73	80	84	89	93	99	104	108	112	120	/
1A_NB	6	a	58	63	70	77	83	87	92	96	103	107	111	116	124	129
1A_NB	6	d	59	65	72	79	85	89	94	98	104	109	113	117	125	/
1A_NB	7	a	67	72	79	87	92	95	100	103	109	114	117	122	131	137
1A_NB	7	d	68	74	81	88	93	96	101	104	111	115	119	123	133	/
1A_NB	8	a	85	89	94	103	110	113	118	122	130	133	136	141	149	155
1A_NB	8	d	86	90	96	105	111	115	119	124	131	134	138	143	151	/
1A_NB	9	a	91	95	101	109	116	119	124	127	135	138	141	146	154	160
1A_NB	9	d	92	97	102	111	117	120	125	129	136	139	143	148	156	/
1A_NB	10	a	118	123	130	137	143	147	151	154	161	165	169	173	181	187
1A_NB	10	d	120	125	132	139	144	148	152	156	162	166	171	174	182	/
1A_NB	11	a	128	133	139	147	152	156	162	165	172	177	182	186	194	200
1A_NB	11	d	130	134	141	148	154	158	163	166	174	179	184	187	196	/
1A_NB	12	a	133	139	146	154	160	164	171	175	183	188	191	195	201	207
1A_NB	12	d	135	140	148	156	162	166	172	177	185	189	193	196	203	/
1A_NB	13	a	143	149	156	162	168	173	179	182	189	193	196	200	206	212
1A_NB	13	d	145	151	157	164	170	174	180	184	190	194	198	201	208	/
1A_NB	14	a	150	155	162	169	175	179	185	189	195	199	203	206	212	218
1A_NB	14	d	152	157	164	171	176	181	187	190	197	200	204	207	214	/
1A_NB	15	a	165	169	175	181	188	192	197	201	209	213	217	220	227	233
1A_NB	15	d	167	170	176	183	190	193	198	203	211	215	218	221	228	/
1A_NB	16	a	188	192	197	206	212	216	223	227	234	237	242	245	254	261
1A_NB	16	d	189	193	199	207	213	217	225	228	235	239	243	247	256	/
2A_NB	1	a	4	8	11	18	21	26	32	35	38	49	57	60	64	67	71	74	77	80	83	88	93	98	102	109
2A_NB	1	d	5	9	13	19	23	28	33	36	40	51	59	62	65	68	72	75	78	81	85	90	95	100	104	/
2A_NB	2	a	9	13	18	23	27	32	37	41	45	55	62	65	69	72	76	79	82	85	88	93	98	103	107	114
2A_NB	2	d	10	15	19	25	29	34	39	43	47	56	64	67	70	73	77	80	83	86	90	95	100	105	109	/
2A_NB	3	a	14	19	23	29	32	37	42	46	51	61	67	70	74	77	80	84	87	90	94	99	104	108	112	119
2A_NB	3	d	15	20	25	31	34	39	44	48	53	63	69	72	75	78	82	85	88	91	96	101	106	110	114	/
2A_NB	4	a	23	28	32	37	39	43	47	52	56	66	72	75	78	82	85	89	92	94	99	104	109	113	117	124
2A_NB	4	d	24	29	33	38	40	44	49	53	58	68	74	77	80	83	87	90	93	96	101	106	111	115	119	/
2A_NB	5	a	29	33	38	44	46	51	56	61	66	76	83	86	88	92	95	98	101	103	107	111	116	119	123	130
2A_NB	5	d	30	35	40	45	48	52	58	63	68	78	85	87	90	93	96	99	102	104	108	113	117	121	124	/
2A_NB	6	a	52	56	60	65	67	71	75	80	83	93	100	103	107	110	113	116	119	122	126	130	134	137	140	146
2A_NB	6	d	54	57	61	66	68	72	77	81	84	94	102	105	108	111	114	117	120	123	127	131	135	138	141	/
2A_NB	7	a	58	62	66	71	73	77	83	87	90	99	106	108	112	116	120	124	129	133	138	142	146	150	153	160
2A_NB	7	d	60	63	67	72	74	79	84	88	91	100	107	110	114	118	122	126	131	135	140	143	148	151	154	/
2A_NB	8	a	63	67	71	76	79	83	88	92	96	105	110	113	117	121	126	130	135	138	143	147	152	155	158	165
2A_NB	8	d	65	68	72	77	80	84	89	93	97	106	112	115	119	123	128	132	137	140	145	149	153	156	159	/
2A_NB	9	a	69	73	77	82	85	89	95	100	104	113	118	121	124	129	134	138	141	144	148	153	157	160	163	170
2A_NB	9	d	71	74	78	83	86	91	97	101	106	114	120	122	126	131	136	139	143	145	150	154	158	161	164	/
2A_NB	10	a	93	98	103	109	112	115	119	123	127	135	142	145	149	153	157	159	162	165	169	173	177	180	183	190
2A_NB	10	d	95	100	105	110	113	116	120	125	128	137	143	147	151	155	158	160	163	166	170	174	178	181	185	/
2A_NB	11	a	98	103	108	114	117	120	127	131	135	141	148	151	155	158	162	165	168	170	174	178	182	185	188	195
2A_NB	11	d	100	105	110	115	118	122	128	133	136	143	149	153	156	160	164	166	169	171	175	179	183	186	190	/
2A_NB	12	a	110	114	119	125	128	132	139	143	146	153	161	165	168	173	178	182	185	187	190	194	198	201	205	212
2A_NB	12	d	111	116	121	127	130	134	141	144	148	155	163	167	170	175	180	183	186	188	191	195	199	202	206	/
2A_NB	13	a	133	137	142	147	150	154	160	165	169	179	186	189	193	197	201	203	206	209	212	216	220	223	228	236
2A_NB	13	d	134	139	144	149	152	156	162	167	171	181	188	191	195	198	202	204	207	210	214	217	221	224	230	/
2A_NB	14	a	153	156	161	166	168	172	178	181	186	194	201	203	205	209	213	217	222	225	229	234	238	241	245	252
2A_NB	14	d	154	158	162	167	170	174	179	183	187	196	202	204	207	211	215	219	224	227	231	235	239	243	247	/
2A_NB	15	a	175	178	183	190	192	196	203	208	212	221	228	230	234	238	243	247	251	254	259	263	268	271	276	283
2A_NB	15	d	176	180	185	191	194	198	205	209	213	222	229	232	236	240	245	248	253	256	261	265	269	273	277	/
2A_NB	16	a	205	208	213	220	222	226	233	236	240	250	256	260	263	268	273	276	281	284	288	293	298	302	305	313
2A_NB	16	d	206	210	215	221	224	228	234	237	242	251	258	261	265	270	275	278	282	285	290	295	299	303	307	/
2A_SB	1	a	11	18	24	28	31	34	38	42	47	52	57	61	65	69	73	81	87	91	95	102	106	111	115	118	130
2A_SB	1	d	12	20	26	29	32	36	40	44	49	54	59	63	67	70	75	82	88	92	97	104	107	112	116	119	/
2A_SB	2	a	22	28	35	38	43	47	51	56	61	66	71	73	76	80	83	91	96	101	106	112	115	120	125	129	138
2A_SB	2	d	23	30	36	40	45	49	53	58	63	68	72	74	77	81	85	92	98	103	107	113	116	122	126	130	/
2A_SB	3	a	28	34	41	45	49	52	56	61	66	71	76	79	82	86	89	98	103	107	112	118	121	126	130	135	144
2A_SB	3	d	29	36	43	47	50	54	58	63	68	73	78	80	83	87	91	99	104	109	113	119	122	127	132	136	/
2A_SB	4	a	51	56	64	68	72	74	76	80	83	87	91	94	97	100	104	112	117	121	125	130	133	139	143	147	156
2A_SB	4	d	52	58	65	69	73	75	77	81	84	89	93	95	98	101	105	113	118	122	126	132	135	140	144	148	/
2A_SB	5	a	65	69	76	80	83	86	88	92	95	98	101	104	107	110	113	121	126	130	134	140	142	148	153	157	167
2A_SB	5	d	66	71	77	81	84	87	89	93	96	99	103	105	108	111	114	122	127	131	135	141	144	150	154	158	/
2A_SB	6	a	77	82	89	93	97	99	102	106	110	114	117	119	122	125	129	138	144	147	151	157	159	164	167	170	180
2A_SB	6	d	78	84	91	95	98	100	103	107	111	115	118	120	123	126	130	139	145	148	152	158	160	165	168	171	/
2A_SB	7	a	83	88	94	98	102	105	108	111	115	119	122	124	128	131	135	144	150	153	156	162	164	169	172	175	185
2A_SB	7	d	84	89	96	100	104	106	109	112	116	120	123	126	129	132	136	145	151	154	157	163	165	170	173	176	/
2A_SB	8	a	94	99	105	109	113	115	118	121	125	128	131	133	136	139	143	153	159	162	165	173	176	181	184	187	198
2A_SB	8	d	95	100	106	110	114	116	119	122	126	129	132	134	137	141	145	154	160	163	166	174	177	182	185	188	/
2A_SB	9	a	98	104	110	114	118	120	123	126	130	133	136	139	143	146	150	157	164	167	171	179	181	185	189	192	203
2A_SB	9	d	100	105	111	115	119	121	124	127	131	134	137	140	144	148	152	159	165	168	172	180	182	187	190	193	/
2A_SB	10	a	107	114	120	123	126	128	131	134	138	141	145	149	152	155	159	165	172	175	179	185	187	191	194	197	207
2A_SB	10	d	109	115	121	124	127	129	132	135	139	142	147	150	153	156	160	166	173	176	180	186	188	192	195	198	/
2A_SB	11	a	115	122	127	131	134	137	139	142	146	149	153	155	158	161	165	171	178	181	184	190	192	196	200	203	213
2A_SB	11	d	117	123	129	132	135	138	140	143	147	150	154	156	159	162	166	172	179	182	185	191	193	197	201	204	/
2A_SB	12	a	121	128	133	138	141	144	146	149	153	157	161	163	166	169	173	179	186	190	193	199	202	206	210	213	224
2A_SB	12	d	123	129	135	139	142	145	147	150	154	158	162	164	167	170	174	180	187	191	194	200	203	207	211	215	/
2A_SB	13	a	126	133	138	143	146	150	153	156	160	164	168	170	173	176	180	189	196	199	203	209	213	217	222	226	236
2A_SB	13	d	128	134	140	144	148	151	154	157	161	165	169	171	174	177	182	190	197	201	204	211	214	219	224	228	/
2A_SB	14	a	140	146	154	158	162	165	167	170	174	178	182	184	187	190	193	201	208	211	215	220	223	227	230	235	245
2A_SB	14	d	141	148	156	160	163	166	168	171	175	179	183	185	188	191	194	202	209	213	216	221	224	228	232	237	/
2A_SB	15	a	146	152	159	163	168	170	172	175	179	183	187	189	192	195	199	208	215	219	222	227	230	234	237	241	252
2A_SB	15	d	147	154	161	165	169	171	173	176	180	184	188	190	193	196	201	209	216	220	223	228	231	235	238	242	/
2A_SB	16	a	155	161	167	170	174	176	178	181	184	188	193	195	198	202	206	214	221	225	229	236	239	244	249	253	264
2A_SB	16	d	156	162	168	171	175	177	179	182	185	190	194	196	200	203	207	216	222	227	231	237	241	246	251	255	/
3A_SB	1	a	4	9	14	19	23	26	29	32	36	38	42	46	50	57	61
3A_SB	1	d	5	11	16	20	24	27	30	33	37	39	44	48	51	58	/
3A_SB	2	a	15	20	24	28	32	36	39	43	48	50	54	58	62	69	72
3A_SB	2	d	16	21	25	30	34	38	41	45	49	51	55	60	63	70	/
3A_SB	3	a	45	49	53	58	61	65	69	73	77	79	83	86	89	94	97
3A_SB	3	d	46	51	55	59	63	67	71	75	78	80	84	87	90	95	/
3A_SB	4	a	64	68	73	77	81	84	87	90	94	96	101	104	107	113	116
3A_SB	4	d	65	70	74	79	82	85	88	91	95	97	102	105	108	114	/
3A_SB	5	a	74	79	84	88	92	95	99	104	109	112	116	119	122	128	131
3A_SB	5	d	75	81	85	90	94	97	101	106	110	113	117	120	123	129	/
3A_SB	6	a	81	86	91	97	101	104	108	113	118	121	125	128	131	137	140
3A_SB	6	d	82	88	93	99	103	106	110	115	119	122	126	129	132	138	/
3A_SB	7	a	94	100	104	108	112	115	119	123	126	130	134	137	140	146	150
3A_SB	7	d	95	102	105	110	114	117	121	124	128	131	135	138	141	148	/
3A_SB	8	a	101	107	111	115	119	121	124	128	132	136	141	145	149	156	160
3A_SB	8	d	102	109	112	117	120	123	126	130	134	138	143	147	150	157	/
3A_SB	9	a	121	127	130	133	136	138	141	145	149	151	155	160	164	171	174
3A_SB	9	d	122	128	131	134	137	139	142	146	150	152	157	162	166	172	/
3A_SB	10	a	130	136	139	143	148	152	154	159	164	166	171	175	178	184	189
3A_SB	10	d	131	137	141	145	150	153	156	161	165	167	172	176	179	186	/
3A_SB	11	a	138	144	148	151	155	158	160	165	169	171	176	180	183	189	194
3A_SB	11	d	139	146	149	152	156	159	162	167	170	172	177	181	184	191	/
3A_SB	12	a	147	153	158	162	167	169	171	174	177	179	184	187	190	196	200
3A_SB	12	d	148	155	159	164	168	170	172	175	178	180	185	188	191	197	/
3A_SB	13	a	152	158	163	167	172	174	177	180	184	186	191	194	197	203	208
3A_SB	13	d	153	160	164	169	173	176	178	182	185	187	192	195	198	205	/
3A_SB	14	a	166	171	175	180	184	186	189	192	196	198	204	208	211	218	223
3A_SB	14	d	167	172	177	182	185	187	190	194	197	200	206	209	213	220	/
3A_SB	15	a	175	180	183	186	190	193	196	200	203	205	210	213	217	223	227
3A_SB	15	d	176	181	184	188	192	195	197	201	204	206	211	214	218	225	/
3A_SB	16	a	194	198	202	206	210	212	215	219	224	227	233	236	240	247	252
3A_SB	16	d	195	199	203	207	211	213	216	221	226	229	234	238	242	249	/
3A_NB	1	a	22	26	31	34	37	40	43	47	50	56	61	65	70	74	79	83	87
3A_NB	1	d	23	28	32	35	38	41	45	48	51	58	63	67	72	76	81	84	/
3A_NB	2	a	27	31	36	39	42	45	48	52	56	62	68	72	77	81	86	90	93
3A_NB	2	d	28	33	37	40	43	46	50	54	57	64	70	74	79	83	88	91	/
3A_NB	3	a	42	45	48	52	56	61	65	68	72	77	80	84	89	93	98	103	107
3A_NB	3	d	43	46	50	53	58	62	66	70	73	78	82	86	91	95	100	105	/
3A_NB	4	a	51	55	59	64	69	72	77	81	84	89	92	96	100	103	107	112	115
3A_NB	4	d	52	57	61	66	70	74	78	82	85	90	93	97	101	104	109	113	/
3A_NB	5	a	62	66	69	73	77	82	87	92	96	101	105	109	113	116	120	124	128
3A_NB	5	d	63	67	70	74	79	84	89	94	98	103	106	110	115	117	121	125	/
3A_NB	6	a	78	82	86	89	92	95	98	101	104	109	113	117	121	124	128	132	137
3A_NB	6	d	79	83	87	90	93	96	99	102	106	110	114	118	122	125	129	134	/
3A_NB	7	a	83	87	92	96	100	104	107	111	114	118	122	126	129	132	136	140	143
3A_NB	7	d	84	89	94	98	102	105	108	113	115	119	123	127	130	133	137	141	/
3A_NB	8	a	96	100	104	107	111	116	120	125	129	134	138	143	147	149	154	157	160
3A_NB	8	d	97	102	105	109	113	118	122	127	131	135	140	145	148	150	155	158	/
3A_NB	9	a	102	106	109	113	117	121	126	131	135	141	145	149	153	156	162	165	168
3A_NB	9	d	103	107	111	115	118	123	128	133	137	142	146	150	154	158	163	166	/
3A_NB	10	a	116	119	123	127	130	133	137	141	144	149	153	157	161	164	169	173	177
3A_NB	10	d	117	121	125	128	131	134	138	142	145	150	154	158	162	165	170	175	/
3A_NB	11	a	123	127	131	134	137	140	144	148	151	155	159	163	167	170	175	179	184
3A_NB	11	d	124	129	132	135	138	141	145	149	152	156	160	164	168	171	176	181	/
3A_NB	12	a	143	146	150	153	157	161	165	169	173	178	182	186	190	193	198	202	205
3A_NB	12	d	144	148	151	154	159	163	167	171	175	180	183	187	191	195	199	203	/
3A_NB	13	a	152	154	157	160	165	169	173	177	181	186	189	193	197	199	204	209	214
3A_NB	13	d	153	155	158	162	167	171	175	179	182	187	190	194	198	201	206	211	/
3A_NB	14	a	162	164	168	172	176	180	185	189	193	198	202	205	209	212	216	220	224
3A_NB	14	d	163	166	170	174	178	182	187	191	195	199	203	206	210	213	217	221	/
3A_NB	15	a	171	174	177	180	185	189	193	196	200	205	209	213	218	221	226	230	234
3A_NB	15	d	172	175	178	182	186	190	194	198	202	206	210	215	219	223	228	231	/
3A_NB	16	a	179	182	185	189	193	197	200	204	207	211	215	219	223	226	232	235	240
3A_NB	16	d	180	183	187	190	194	198	201	205	208	212	216	220	224	228	233	237	/
