RouteID	RunID	Arrivals/Departures	TimePerStop
1A_SB	1	a	4	8	13	22	26	31	37	42	46	49	53	58	68	73	80
1A_SB	1	d	5	10	14	24	28	33	39	43	47	51	55	59	70	74	/
1A_SB	2	a	31	35	38	47	51	55	61	64	69	74	78	83	93	97	104
1A_SB	2	d	32	36	40	49	53	56	62	66	71	75	80	84	95	98	/
1A_SB	3	a	54	58	63	71	74	78	83	86	90	93	97	101	112	117	124
1A_SB	3	d	55	60	64	72	75	79	84	87	91	94	99	103	114	118	/
1A_SB	4	a	78	82	86	94	98	101	107	111	116	120	124	128	139	142	148
1A_SB	4	d	80	83	87	95	99	103	109	113	118	121	126	129	140	143	/
1A_SB	5	a	87	91	95	104	107	111	117	120	124	128	133	138	148	151	157
1A_SB	5	d	89	92	96	105	108	112	118	122	126	130	135	140	149	152	/
1A_SB	6	a	101	106	111	119	123	126	132	135	139	142	146	151	163	167	175
1A_SB	6	d	103	108	112	120	124	128	133	136	140	143	148	153	164	169	/
1A_SB	7	a	123	127	131	139	143	147	152	157	161	165	170	173	184	188	196
1A_SB	7	d	125	128	132	140	144	148	154	159	163	167	171	174	186	189	/
1A_SB	8	a	130	134	139	149	153	156	162	167	171	175	180	183	193	196	203
1A_SB	8	d	132	136	141	150	154	157	164	169	173	177	181	184	194	197	/
1A_SB	9	a	142	146	150	160	164	167	173	177	181	186	189	192	202	205	212
1A_SB	9	d	144	147	151	161	165	168	175	179	183	187	190	193	203	206	/
1A_SB	10	a	147	151	155	166	170	173	179	184	188	192	195	198	207	211	219
1A_SB	10	d	149	152	157	168	171	174	181	186	189	193	196	199	209	213	/
1A_SB	11	a	153	157	162	173	176	180	186	190	193	197	201	204	213	217	224
1A_SB	11	d	155	159	164	174	178	181	187	191	194	198	202	205	215	218	/
1A_SB	12	a	173	177	182	191	195	198	204	207	210	214	217	220	229	232	239
1A_SB	12	d	175	179	183	193	196	199	205	208	211	215	218	221	230	233	/
1A_SB	13	a	188	193	196	206	209	212	219	224	228	232	236	240	249	253	260
1A_SB	13	d	190	194	197	207	210	214	221	226	230	234	238	242	251	254	/
1A_SB	14	a	207	211	216	224	227	230	237	241	245	248	251	256	264	268	278
1A_SB	14	d	209	213	217	225	228	232	238	242	246	249	253	258	266	270	/
1A_SB	15	a	236	241	246	254	257	261	266	269	273	277	280	283	294	298	305
1A_SB	15	d	238	243	247	255	258	262	267	270	275	278	281	285	296	299	/
1A_SB	16	a	250	254	259	268	271	275	281	285	288	291	295	299	309	313	322
1A_SB	16	d	252	256	261	269	272	276	282	286	289	292	296	300	310	315	/
1A_SB	17	a	268	273	277	286	290	294	299	303	308	313	318	321	330	333	342
1A_SB	17	d	270	274	279	288	291	295	301	305	310	315	319	322	331	334	/
1A_SB	18	a	273	278	282	291	295	300	307	311	316	320	325	329	339	343	352
1A_SB	18	d	275	279	284	293	297	302	309	313	318	322	327	331	341	345	/
1A_SB	19	a	301	305	309	321	325	330	338	341	345	349	352	356	365	368	375
1A_SB	19	d	303	307	311	323	327	332	339	343	347	350	354	357	366	369	/
1A_SB	20	a	326	330	335	343	346	349	357	361	364	368	371	374	383	387	395
1A_SB	20	d	328	332	336	344	347	351	358	362	365	369	372	375	384	388	/
1A_SB	21	a	335	339	344	354	359	364	371	374	377	380	384	387	397	401	409
1A_SB	21	d	337	341	346	356	361	366	372	375	378	381	385	389	398	402	/
1A_SB	22	a	353	357	361	369	373	377	382	386	390	394	398	402	411	416	423
1A_SB	22	d	355	358	363	370	374	378	384	388	392	396	400	404	413	417	/
1A_SB	23	a	363	368	372	380	384	387	393	396	399	402	405	408	416	421	429
1A_SB	23	d	365	369	374	381	385	389	394	397	400	403	406	410	418	422	/
1A_SB	24	a	369	374	379	389	392	395	400	403	406	410	415	418	425	429	437
1A_SB	24	d	371	376	381	390	393	396	401	404	408	412	416	419	427	430	/
1A_SB	25	a	386	391	396	406	410	413	418	421	424	427	432	435	445	448	455
1A_SB	25	d	388	393	398	408	411	414	419	422	425	429	433	436	446	450	/
1A_SB	26	a	394	399	404	414	418	421	428	432	436	440	445	449	459	463	470
1A_SB	26	d	396	401	406	416	419	423	430	434	438	442	447	451	460	465	/
1A_SB	27	a	410	414	418	429	434	437	443	446	450	453	457	462	471	475	481
1A_SB	27	d	411	415	420	431	435	439	444	447	451	454	459	463	472	476	/
1A_SB	28	a	425	431	435	444	447	450	456	459	463	466	469	472	483	487	494
1A_SB	28	d	427	432	436	445	448	452	457	460	464	467	470	474	485	488	/
1A_SB	29	a	446	451	455	464	467	471	477	482	486	490	494	498	509	513	522
1A_SB	29	d	448	452	456	465	468	472	479	484	488	492	496	500	511	514	/
1A_SB	30	a	459	464	468	478	481	485	492	495	499	503	508	512	522	525	533
1A_SB	30	d	461	465	469	479	482	487	493	496	500	505	510	513	523	526	/
1A_SB	31	a	478	482	486	495	498	501	507	511	514	517	522	525	534	538	548
1A_SB	31	d	480	483	487	496	499	502	508	512	515	519	523	526	536	540	/
1A_SB	32	a	485	489	494	503	506	509	514	517	520	523	527	530	539	544	553
1A_SB	32	d	487	491	495	504	507	510	515	518	521	524	528	531	541	545	/
1A_SB	33	a	490	494	499	508	511	515	520	523	526	530	535	538	547	551	560
1A_SB	33	d	492	496	500	509	512	516	521	524	527	532	536	539	548	552	/
1A_SB	34	a	496	501	506	515	519	524	531	534	538	542	545	548	557	561	569
1A_SB	34	d	498	503	507	517	521	526	532	535	539	543	546	549	558	562	/
1A_SB	35	a	501	506	511	522	525	529	536	539	543	546	550	554	564	568	576
1A_SB	35	d	503	508	512	523	526	531	537	540	544	548	552	555	565	569	/
1A_SB	36	a	506	511	516	527	530	534	541	545	550	554	557	561	571	574	582
1A_SB	36	d	508	513	517	528	531	536	543	547	552	555	558	562	572	576	/
1A_SB	37	a	516	520	524	534	538	542	548	552	556	561	564	568	578	581	589
1A_SB	37	d	517	521	526	536	539	543	550	553	558	562	565	569	579	583	/
1A_SB	38	a	523	527	531	541	545	549	555	559	564	568	573	576	588	591	599
1A_SB	38	d	524	528	533	543	546	550	556	561	565	570	574	578	589	592	/
1A_SB	39	a	533	537	542	553	556	560	565	569	572	577	582	586	595	598	606
1A_SB	39	d	534	539	543	554	557	561	566	570	574	579	584	587	596	600	/
1A_SB	40	a	540	544	548	559	562	567	572	576	579	583	588	593	603	607	615
1A_SB	40	d	541	545	549	560	564	568	573	577	580	585	590	595	604	609	/
1A_SB	41	a	545	549	553	564	568	572	577	582	585	589	594	599	609	613	621
1A_SB	41	d	546	550	554	566	569	573	579	583	587	591	596	601	610	615	/
1A_SB	42	a	560	563	567	575	578	582	588	592	597	600	605	610	619	624	631
1A_SB	42	d	561	564	568	576	580	584	589	594	598	602	607	611	621	625	/
1A_SB	43	a	567	570	574	581	585	589	596	601	606	610	615	619	629	633	639
1A_SB	43	d	568	571	576	583	587	591	598	603	608	612	617	620	630	634	/
1A_SB	44	a	572	575	580	587	591	595	602	607	612	616	621	624	634	638	644
1A_SB	44	d	573	577	582	589	593	597	604	609	614	618	622	625	635	639	/
1A_SB	45	a	577	580	585	593	597	601	607	612	617	621	626	629	638	643	649
1A_SB	45	d	578	582	587	595	599	603	609	614	619	623	627	630	640	644	/
1A_SB	46	a	582	585	590	598	602	607	612	617	622	626	631	635	644	649	657
1A_SB	46	d	583	587	592	600	604	608	614	619	624	628	633	636	646	650	/
1A_SB	47	a	587	591	596	603	607	612	618	623	628	632	636	640	649	654	662
1A_SB	47	d	588	593	597	605	609	614	620	625	630	634	638	641	651	655	/
1A_SB	48	a	592	596	601	610	613	617	624	628	633	637	641	645	654	659	666
1A_SB	48	d	593	598	602	611	614	619	625	630	635	639	643	646	656	660	/
1A_SB	49	a	610	614	619	629	633	637	645	649	652	655	658	661	671	674	681
1A_SB	49	d	611	616	621	631	635	639	646	650	653	656	659	662	672	675	/
1A_SB	50	a	629	632	636	644	648	652	658	662	665	668	671	674	684	688	697
1A_SB	50	d	630	633	638	646	650	654	660	663	666	669	672	675	686	690	/
1A_SB	51	a	634	637	641	649	653	657	663	667	670	673	676	679	689	693	702
1A_SB	51	d	635	638	643	651	655	659	665	668	671	674	677	680	691	695	/
1A_SB	52	a	640	643	648	657	660	663	668	672	675	678	682	685	696	700	708
1A_SB	52	d	641	645	649	658	661	664	670	673	676	679	683	687	698	701	/
1A_SB	53	a	661	665	670	679	684	687	694	697	702	706	711	715	725	729	736
1A_SB	53	d	662	667	672	681	685	689	695	699	704	708	713	717	727	730	/
1A_SB	54	a	691	694	698	709	713	717	723	727	732	736	740	745	754	759	766
1A_SB	54	d	692	696	700	711	715	719	725	729	734	738	742	747	756	760	/
1A_SB	55	a	720	724	728	737	740	744	751	755	758	763	768	772	782	786	793
1A_SB	55	d	721	725	730	738	741	746	752	756	760	765	770	774	784	788	/
1A_SB	56	a	732	736	741	750	754	758	764	767	772	775	780	784	794	798	805
1A_SB	56	d	733	738	743	752	755	759	765	769	773	777	782	786	796	799	/
1A_SB	57	a	762	766	770	781	784	788	794	798	802	805	809	814	825	828	834
1A_SB	57	d	763	767	772	782	785	789	795	799	803	807	811	816	826	829	/
1A_SB	58	a	792	796	800	810	814	817	823	828	832	835	839	844	853	858	865
1A_SB	58	d	793	797	802	811	815	819	825	829	833	837	841	846	855	859	/
1A_SB	59	a	822	826	830	839	844	847	853	858	862	865	870	873	883	887	893
1A_SB	59	d	823	827	832	841	845	849	855	859	863	867	871	875	885	888	/
1A_SB	60	a	852	856	859	869	873	877	883	887	891	895	899	904	913	917	924
1A_SB	60	d	853	857	861	871	875	879	885	889	893	897	901	905	915	918	/
1A_SB	61	a	882	885	889	898	902	906	912	916	920	924	929	933	944	947	955
1A_SB	61	d	883	887	891	900	903	908	914	918	922	926	931	935	945	948	/
1A_SB	62	a	911	915	919	929	932	935	940	945	950	954	959	963	973	976	984
1A_SB	62	d	912	917	921	930	933	936	942	947	952	956	961	965	974	978	/
1A_SB	63	a	941	945	950	959	962	965	970	975	979	984	989	993	1003	1007	1014
1A_SB	63	d	942	947	951	960	963	966	972	977	981	986	991	995	1004	1008	/
1A_SB	64	a	970	974	978	987	990	993	999	1003	1007	1010	1015	1018	1027	1031	1038
1A_SB	64	d	971	975	980	988	991	994	1000	1004	1008	1012	1016	1020	1029	1032	/
1A_NB	1	a	7	15	20	29	35	40	45	50	54	60	65	68	76	80	83
1A_NB	1	d	8	17	21	31	37	42	47	52	56	62	66	69	78	81	/
1A_NB	2	a	12	20	25	34	40	45	50	55	59	65	70	73	81	85	88
1A_NB	2	d	13	22	26	36	42	47	52	57	61	67	71	74	83	86	/
1A_NB	3	a	17	26	30	41	47	51	56	61	66	71	75	78	87	90	93
1A_NB	3	d	18	27	32	43	49	53	58	63	67	72	76	79	88	91	/
1A_NB	4	a	24	33	37	48	54	57	62	66	71	77	81	85	95	100	103
1A_NB	4	d	25	34	39	50	55	59	64	68	73	79	83	87	97	101	/
1A_NB	5	a	28	39	43	55	60	65	70	74	78	85	88	93	103	108	112
1A_NB	5	d	30	40	45	56	62	67	72	76	80	86	90	94	105	109	/
1A_NB	6	a	37	48	52	64	70	74	78	81	84	90	93	98	108	113	117
1A_NB	6	d	39	50	54	66	71	75	79	82	85	91	95	99	110	114	/
1A_NB	7	a	54	63	67	77	81	84	88	91	95	101	104	109	118	123	127
1A_NB	7	d	55	64	68	78	82	85	89	92	96	102	106	111	120	124	/
1A_NB	8	a	79	90	94	103	109	113	117	121	124	130	134	139	148	152	156
1A_NB	8	d	81	92	96	105	111	115	118	122	126	132	136	141	150	153	/
1A_NB	9	a	90	99	103	115	120	124	128	133	138	145	150	153	162	165	169
1A_NB	9	d	92	101	105	116	121	125	130	135	140	147	151	154	163	166	/
1A_NB	10	a	97	106	109	121	126	130	134	139	144	151	155	158	167	171	175
1A_NB	10	d	99	107	111	122	127	131	136	141	146	153	156	159	168	172	/
1A_NB	11	a	109	120	125	135	140	143	148	152	157	162	165	168	176	181	185
1A_NB	11	d	111	122	127	136	141	145	149	154	158	163	166	169	178	182	/
1A_NB	12	a	133	144	147	156	161	165	170	174	178	183	188	191	200	204	208
1A_NB	12	d	135	145	149	157	162	167	172	176	179	185	189	192	201	205	/
1A_NB	13	a	159	169	174	184	190	194	198	203	207	214	217	221	228	231	235
1A_NB	13	d	161	171	176	186	192	196	200	204	208	215	219	222	229	232	/
1A_NB	14	a	179	187	192	201	207	211	216	221	224	229	233	236	244	247	251
1A_NB	14	d	181	189	194	203	209	213	218	222	225	231	234	237	245	248	/
1A_NB	15	a	198	208	212	222	227	230	234	238	241	247	251	256	265	268	273
1A_NB	15	d	200	210	213	223	228	231	235	239	243	249	253	258	266	270	/
1A_NB	16	a	213	225	229	240	246	250	255	260	265	270	273	276	284	287	291
1A_NB	16	d	215	227	231	242	248	252	257	262	266	271	274	277	285	288	/
1A_NB	17	a	229	239	243	254	259	262	266	270	274	279	282	285	293	296	300
1A_NB	17	d	231	241	245	255	260	263	267	271	275	280	283	286	294	297	/
1A_NB	18	a	245	254	258	268	274	278	281	286	289	295	298	301	311	315	319
1A_NB	18	d	247	256	260	270	276	279	283	287	290	296	299	302	312	316	/
1A_NB	19	a	273	283	287	299	305	308	312	315	319	325	328	331	337	341	345
1A_NB	19	d	275	285	289	300	306	309	313	316	320	326	329	332	338	342	/
1A_NB	20	a	279	289	293	305	311	314	318	322	326	333	337	342	348	351	355
1A_NB	20	d	281	291	295	306	312	315	319	323	328	334	339	343	349	352	/
1A_NB	21	a	297	305	309	318	324	328	332	337	342	348	351	356	364	368	372
1A_NB	21	d	298	307	310	319	325	329	334	339	343	349	353	357	365	370	/
1A_NB	22	a	317	328	333	346	352	356	360	364	368	374	378	383	392	395	399
1A_NB	22	d	319	330	335	348	353	357	361	366	370	376	380	385	393	397	/
1A_NB	23	a	338	347	351	361	367	370	374	379	383	388	393	397	406	410	415
1A_NB	23	d	339	348	352	362	368	371	376	380	384	390	395	398	408	412	/
1A_NB	24	a	349	358	363	374	379	382	385	390	394	401	406	411	420	423	428
1A_NB	24	d	351	360	365	375	380	383	387	392	396	403	408	413	421	425	/
1A_NB	25	a	371	378	382	392	397	401	404	408	411	416	420	423	433	438	442
1A_NB	25	d	372	380	384	393	398	402	405	409	412	418	421	424	435	439	/
1A_NB	26	a	392	402	406	414	420	425	429	434	438	445	448	453	462	466	471
1A_NB	26	d	394	404	407	415	422	426	431	435	440	446	450	454	464	468	/
1A_NB	27	a	400	410	414	423	429	433	438	442	447	453	456	460	470	474	478
1A_NB	27	d	402	412	416	425	430	435	439	444	448	454	457	462	472	475	/
1A_NB	28	a	406	416	420	430	435	439	444	448	453	460	464	468	477	480	484
1A_NB	28	d	407	418	421	431	437	441	445	450	455	462	465	470	478	481	/
1A_NB	29	a	419	427	431	442	449	453	457	461	465	471	475	479	489	492	497
1A_NB	29	d	420	429	433	444	451	454	459	462	467	473	476	481	490	494	/
1A_NB	30	a	428	437	442	452	458	461	465	470	474	479	482	485	495	499	503
1A_NB	30	d	430	439	444	454	459	462	467	472	475	480	483	487	496	500	/
1A_NB	31	a	433	442	447	457	463	467	471	476	480	486	489	492	501	505	510
1A_NB	31	d	435	444	449	459	465	469	473	478	482	487	490	493	502	507	/
1A_NB	32	a	438	447	452	462	468	472	476	481	486	492	495	498	507	511	515
1A_NB	32	d	440	449	454	464	470	474	478	483	488	493	496	500	508	512	/
1A_NB	33	a	450	459	462	472	478	481	486	491	496	502	505	508	517	520	524
1A_NB	33	d	452	460	464	473	479	483	488	493	497	503	506	510	518	521	/
1A_NB	34	a	462	471	474	483	490	494	497	501	505	512	517	521	530	534	538
1A_NB	34	d	464	472	476	485	491	495	498	503	507	514	519	523	531	535	/
1A_NB	35	a	470	481	486	496	501	505	508	512	515	521	526	530	538	542	546
1A_NB	35	d	472	483	488	497	502	506	509	513	516	523	527	531	539	543	/
1A_NB	36	a	496	505	508	521	526	529	534	539	543	548	552	555	564	569	574
1A_NB	36	d	497	506	510	522	527	531	536	540	544	550	553	556	566	570	/
1A_NB	37	a	517	526	530	539	545	548	551	555	558	563	566	570	578	582	587
1A_NB	37	d	519	528	531	540	546	549	552	556	559	564	568	571	580	583	/
1A_NB	38	a	524	534	537	547	553	556	561	565	568	573	577	580	588	592	597
1A_NB	38	d	526	535	539	548	554	558	562	566	569	574	578	581	589	594	/
1A_NB	39	a	550	559	563	573	579	583	587	592	596	602	606	609	618	622	627
1A_NB	39	d	552	561	565	575	581	584	589	593	598	604	607	610	619	624	/
1A_NB	40	a	567	575	579	590	596	599	603	607	610	615	618	621	629	632	636
1A_NB	40	d	568	577	581	592	597	600	604	608	611	616	619	622	630	633	/
1A_NB	41	a	572	581	584	596	601	605	609	613	616	622	625	628	636	639	643
1A_NB	41	d	573	582	586	597	602	606	610	614	617	623	626	629	637	640	/
1A_NB	42	a	591	599	603	612	618	623	628	633	636	641	644	647	655	658	661
1A_NB	42	d	592	601	605	614	620	625	630	634	637	642	645	648	656	659	/
1A_NB	43	a	599	609	612	620	625	629	633	638	641	646	650	653	661	664	668
1A_NB	43	d	600	610	613	621	626	630	635	639	642	647	651	654	662	665	/
1A_NB	44	a	604	614	617	627	632	635	639	643	646	652	656	659	668	671	675
1A_NB	44	d	605	615	618	628	633	636	640	644	647	653	657	660	669	672	/
1A_NB	45	a	617	625	629	638	643	646	651	654	658	664	667	671	680	683	687
1A_NB	45	d	618	627	631	639	644	648	652	656	660	665	668	672	681	684	/
1A_NB	46	a	647	656	659	667	673	677	680	683	687	693	696	699	709	713	717
1A_NB	46	d	648	657	660	668	674	678	681	684	688	694	697	700	710	714	/
1A_NB	47	a	667	677	681	691	698	703	708	712	716	722	725	728	737	741	745
1A_NB	47	d	668	679	683	693	700	705	709	713	717	723	726	729	738	742	/
1A_NB	48	a	696	705	708	718	725	729	732	737	741	748	751	754	764	769	774
1A_NB	48	d	697	706	709	720	726	730	734	739	743	749	752	756	766	771	/
1A_NB	49	a	722	731	735	743	749	752	757	761	765	771	774	778	787	791	795
1A_NB	49	d	723	733	736	745	750	754	758	763	766	772	776	779	788	792	/
1A_NB	50	a	728	737	742	750	755	758	763	768	772	779	783	788	797	801	805
1A_NB	50	d	729	739	743	751	756	760	765	770	774	781	785	790	798	802	/
1A_NB	51	a	743	753	757	767	773	777	780	785	789	795	799	802	809	814	818
1A_NB	51	d	744	755	759	769	774	778	782	786	790	797	800	803	811	815	/
1A_NB	52	a	768	778	782	792	798	802	805	809	814	821	824	827	837	841	845
1A_NB	52	d	769	779	783	794	799	803	806	811	816	822	825	829	838	842	/
1A_NB	53	a	779	790	794	805	810	814	818	822	826	832	835	838	845	850	855
1A_NB	53	d	780	792	795	806	811	815	819	823	828	833	836	840	847	852	/
1A_NB	54	a	784	795	799	810	815	819	823	827	831	837	841	846	853	858	862
1A_NB	54	d	785	797	800	811	816	820	824	828	833	839	843	848	855	859	/
1A_NB	55	a	790	801	805	817	823	827	831	834	838	843	846	851	858	863	867
1A_NB	55	d	791	803	807	819	825	828	832	835	839	844	848	853	860	864	/
1A_NB	56	a	798	808	813	822	828	832	836	839	842	848	851	856	865	869	873
1A_NB	56	d	799	810	815	824	830	833	837	840	844	849	853	858	866	870	/
1A_NB	57	a	824	835	838	848	853	857	862	867	871	878	881	884	893	896	900
1A_NB	57	d	825	836	840	849	855	859	864	869	873	879	882	885	894	898	/
1A_NB	58	a	854	865	868	877	883	888	892	897	902	907	910	913	923	927	931
1A_NB	58	d	855	866	869	878	885	889	894	899	903	908	911	915	924	928	/
1A_NB	59	a	884	893	896	907	913	916	921	925	930	935	939	944	952	956	961
1A_NB	59	d	885	894	897	908	914	918	922	927	931	937	941	945	954	958	/
1A_NB	60	a	911	921	925	936	942	946	950	955	959	965	969	973	983	987	991
1A_NB	60	d	912	923	927	938	944	948	952	957	961	967	971	975	984	988	/
1A_NB	61	a	940	949	953	964	970	975	979	984	988	995	999	1003	1012	1015	1018
1A_NB	61	d	941	951	955	966	972	977	981	986	990	997	1001	1005	1013	1016	/
1A_NB	62	a	953	963	967	976	982	987	991	996	1000	1007	1010	1015	1023	1027	1030
1A_NB	62	d	954	965	969	978	984	989	993	998	1002	1008	1012	1016	1024	1028	/
1A_NB	63	a	981	991	994	1005	1011	1015	1020	1024	1029	1036	1040	1043	1051	1054	1058
1A_NB	63	d	982	992	995	1007	1012	1017	1021	1026	1031	1037	1041	1044	1052	1056	/
1A_NB	64	a	999	1008	1012	1022	1027	1031	1036	1040	1043	1050	1054	1058	1066	1070	1074
1A_NB	64	d	1000	1009	1014	1023	1029	1033	1038	1041	1045	1051	1056	1060	1067	1072	/
2A_NB	1	a	4	8	14	18	22	28	32	35	44	48	53	55	57	61	67	69	73	77
2A_NB	1	d	5	9	15	19	23	29	33	36	45	49	54	56	58	62	68	70	74	/
2A_NB	2	a	9	13	19	23	27	33	37	40	49	53	58	60	63	67	73	75	80	85
2A_NB	2	d	10	14	20	24	28	34	38	41	50	54	59	61	64	68	74	77	82	/
2A_NB	3	a	14	17	24	28	32	39	43	46	54	58	63	66	69	73	79	81	85	90
2A_NB	3	d	15	19	25	30	33	40	44	47	55	59	64	67	70	74	80	82	87	/
2A_NB	4	a	19	22	29	34	37	44	47	52	60	63	68	71	74	77	83	86	90	95
2A_NB	4	d	20	24	31	35	38	45	49	53	61	64	69	72	75	79	85	87	92	/
2A_NB	5	a	24	27	34	39	43	49	52	57	65	68	73	76	79	82	88	92	95	100
2A_NB	5	d	25	29	36	41	45	50	54	58	66	69	75	77	80	84	90	93	97	/
2A_NB	6	a	29	32	39	44	49	54	57	62	69	73	78	81	84	87	93	97	100	105
2A_NB	6	d	30	34	41	46	50	55	59	63	71	74	80	82	85	89	95	98	102	/
2A_NB	7	a	36	39	45	50	55	61	65	70	77	81	87	89	93	97	104	107	111	116
2A_NB	7	d	37	40	47	52	57	63	67	71	78	82	88	91	94	99	106	108	113	/
2A_NB	8	a	61	64	70	74	78	84	87	90	98	101	107	110	113	118	126	128	133	137
2A_NB	8	d	62	65	71	76	80	85	88	91	99	102	109	111	115	120	127	130	135	/
2A_NB	9	a	71	74	81	85	89	95	100	105	113	118	125	128	132	136	143	145	149	152
2A_NB	9	d	72	76	83	87	90	97	102	106	115	120	127	130	134	137	144	146	150	/
2A_NB	10	a	100	103	109	113	118	123	128	132	140	145	150	154	158	163	170	173	178	182
2A_NB	10	d	101	105	111	115	119	125	129	134	142	146	152	156	160	165	172	175	180	/
2A_NB	11	a	130	134	140	144	148	154	157	160	170	175	181	184	187	192	198	200	205	209
2A_NB	11	d	131	135	141	145	149	155	158	162	172	176	182	185	189	193	199	202	207	/
2A_NB	12	a	135	139	145	149	152	159	162	165	175	180	185	189	192	197	203	205	210	214
2A_NB	12	d	136	140	146	150	154	160	163	167	177	181	187	190	194	198	204	207	212	/
2A_NB	13	a	140	144	150	153	157	164	168	171	180	185	190	194	197	202	208	211	215	219
2A_NB	13	d	141	145	151	155	159	165	169	172	182	186	192	195	199	203	210	213	217	/
2A_NB	14	a	145	149	155	158	162	169	173	176	185	190	195	199	202	207	213	216	220	224
2A_NB	14	d	146	150	156	160	164	170	174	177	187	191	197	200	204	208	215	218	222	/
2A_NB	15	a	174	177	183	187	191	197	201	204	213	217	222	226	230	235	241	244	248	251
2A_NB	15	d	175	178	185	189	192	199	202	206	214	218	224	228	232	237	243	245	249	/
2A_NB	16	a	202	205	210	214	219	225	229	232	243	247	252	255	258	262	267	270	273	278
2A_NB	16	d	203	207	212	216	220	226	230	234	244	248	253	256	259	263	269	271	275	/
2A_NB	17	a	231	234	241	244	248	254	259	262	273	277	282	284	287	291	298	300	303	308
2A_NB	17	d	232	236	242	246	250	256	260	264	274	278	283	286	289	293	299	301	305	/
2A_NB	18	a	260	264	271	274	279	285	289	292	302	307	312	314	318	322	327	329	334	338
2A_NB	18	d	261	266	272	276	280	286	290	294	304	308	313	316	319	323	328	331	335	/
2A_NB	19	a	290	294	300	304	308	315	319	323	333	337	342	345	347	350	357	360	364	368
2A_NB	19	d	291	296	302	306	310	316	320	324	334	338	343	346	348	351	358	361	365	/
2A_NB	20	a	317	320	327	332	337	343	348	353	362	365	370	373	377	380	386	388	391	396
2A_NB	20	d	318	322	329	334	338	345	350	354	363	366	372	375	378	381	387	389	393	/
2A_NB	21	a	326	329	335	340	345	351	356	360	367	370	376	378	382	386	392	395	399	403
2A_NB	21	d	327	331	337	342	346	353	357	361	368	372	377	380	384	387	394	396	400	/
2A_NB	22	a	331	335	341	345	350	357	361	365	373	378	383	386	389	393	399	401	405	409
2A_NB	22	d	332	337	342	347	352	358	363	367	375	379	385	387	390	395	400	402	407	/
2A_NB	23	a	337	341	347	351	356	363	367	371	379	384	389	393	395	399	405	408	412	416
2A_NB	23	d	338	343	349	353	358	364	369	373	381	385	391	394	396	401	406	409	414	/
2A_NB	24	a	342	346	353	356	361	367	372	376	384	389	395	398	400	404	411	414	418	421
2A_NB	24	d	343	348	354	358	363	369	374	378	386	390	396	399	401	406	412	415	419	/
2A_NB	25	a	348	351	358	363	367	373	377	381	389	393	400	403	405	409	416	419	422	427
2A_NB	25	d	349	353	360	365	369	375	379	383	391	395	401	404	406	411	417	420	424	/
2A_NB	26	a	356	359	365	370	374	381	385	389	397	401	408	411	414	419	426	429	433	437
2A_NB	26	d	357	361	367	372	376	383	387	391	399	403	410	413	416	421	428	431	435	/
2A_NB	27	a	378	382	388	392	397	404	408	411	420	423	429	433	435	440	446	449	454	458
2A_NB	27	d	379	384	390	394	398	405	409	413	421	425	431	434	437	442	448	451	455	/
2A_NB	28	a	406	410	416	420	424	431	434	438	445	449	454	456	459	462	468	470	474	478
2A_NB	28	d	407	411	418	422	426	432	435	439	447	450	455	457	460	464	469	471	475	/
2A_NB	29	a	412	416	423	427	431	438	441	446	454	459	464	467	471	475	481	484	488	493
2A_NB	29	d	413	418	425	429	433	439	443	448	456	460	466	469	472	476	483	486	490	/
2A_NB	30	a	418	422	428	432	436	444	447	451	459	464	470	472	476	480	486	489	493	498
2A_NB	30	d	419	424	430	434	438	445	448	453	461	465	471	474	477	482	488	491	495	/
2A_NB	31	a	424	427	433	437	442	449	452	456	464	469	475	477	481	485	491	494	498	503
2A_NB	31	d	425	429	435	439	443	450	454	458	466	470	476	479	482	487	493	496	500	/
2A_NB	32	a	429	432	438	442	447	454	457	461	469	474	480	483	485	490	496	499	503	508
2A_NB	32	d	430	434	440	444	448	455	459	463	471	475	481	484	487	492	498	501	505	/
2A_NB	33	a	434	438	443	447	452	458	462	466	475	480	486	489	491	496	501	504	508	513
2A_NB	33	d	435	439	445	449	454	460	464	468	477	481	487	490	493	497	503	506	510	/
2A_NB	34	a	463	466	472	477	480	487	492	496	506	510	516	519	522	526	531	534	538	542
2A_NB	34	d	464	468	474	478	482	489	494	498	507	511	517	520	523	527	532	535	539	/
2A_NB	35	a	493	496	502	506	510	517	522	526	534	538	543	546	550	554	560	564	567	572
2A_NB	35	d	494	498	504	508	512	519	524	528	536	540	545	548	551	556	562	565	569	/
2A_NB	36	a	522	526	532	536	541	547	551	555	565	569	574	576	579	584	590	594	598	602
2A_NB	36	d	523	528	534	538	542	549	553	557	566	570	575	578	581	586	592	595	599	/
2A_NB	37	a	552	556	562	567	570	576	581	585	593	598	603	605	609	614	621	624	627	631
2A_NB	37	d	553	558	564	568	571	578	583	587	595	599	604	607	611	616	622	625	628	/
2A_NB	38	a	557	561	567	572	575	581	586	590	598	603	608	611	615	619	626	629	633	637
2A_NB	38	d	558	563	569	573	576	583	588	592	600	604	610	613	617	621	627	630	634	/
2A_NB	39	a	562	566	572	576	580	586	591	595	603	608	613	616	620	624	631	633	638	642
2A_NB	39	d	563	568	574	578	581	588	593	597	605	609	615	618	622	626	632	635	639	/
2A_NB	40	a	567	571	577	581	585	591	596	600	609	613	618	621	625	629	636	638	643	647
2A_NB	40	d	568	573	579	583	587	593	598	602	610	614	620	623	627	631	637	640	644	/
2A_NB	41	a	572	576	582	586	591	596	601	605	614	617	624	626	630	634	641	643	647	651
2A_NB	41	d	573	578	584	588	592	598	603	607	615	619	625	628	632	636	642	645	649	/
2A_NB	42	a	577	581	587	592	596	602	606	610	619	622	629	631	635	639	646	648	652	656
2A_NB	42	d	578	583	589	593	598	604	608	612	620	624	630	633	637	641	647	650	654	/
2A_NB	43	a	582	586	592	597	601	607	611	615	625	628	634	636	640	644	650	653	657	661
2A_NB	43	d	583	588	594	598	603	609	613	617	626	629	635	638	642	646	652	655	659	/
2A_NB	44	a	603	607	613	618	623	629	633	637	646	650	656	659	661	666	672	675	679	682
2A_NB	44	d	604	609	615	620	624	630	635	639	648	652	657	660	663	668	674	676	680	/
2A_NB	45	a	632	636	642	646	650	655	660	663	671	675	681	685	688	692	699	703	707	711
2A_NB	45	d	633	637	643	647	651	657	661	665	673	677	683	686	689	694	701	704	708	/
2A_NB	46	a	662	666	671	675	679	686	689	693	701	705	711	714	718	722	730	732	736	741
2A_NB	46	d	663	667	673	676	680	687	691	695	703	707	713	716	719	724	731	734	738	/
2A_NB	47	a	692	696	702	705	709	715	719	723	731	735	741	745	747	752	759	762	767	771
2A_NB	47	d	693	697	703	706	710	716	720	724	733	737	743	746	749	754	761	764	768	/
2A_NB	48	a	721	724	731	734	738	744	748	752	761	765	770	772	776	780	786	788	792	795
2A_NB	48	d	722	726	732	735	739	745	749	753	762	766	771	774	777	781	787	790	793	/
2A_NB	49	a	727	730	737	740	744	750	754	758	767	771	776	779	782	787	794	797	802	805
2A_NB	49	d	728	732	738	741	745	751	755	759	768	772	778	780	784	789	796	799	803	/
2A_NB	50	a	732	735	742	745	749	754	759	763	772	776	781	784	787	792	799	802	807	810
2A_NB	50	d	733	737	743	746	750	756	760	764	773	777	783	785	789	794	801	804	808	/
2A_NB	51	a	737	740	747	750	754	759	764	767	776	781	786	789	792	797	804	807	812	816
2A_NB	51	d	738	742	748	751	755	761	765	769	778	782	788	790	794	799	806	809	813	/
2A_NB	52	a	742	745	752	755	759	764	768	772	781	786	791	794	797	802	809	812	816	821
2A_NB	52	d	743	747	753	756	760	766	770	774	783	787	793	795	799	804	811	814	818	/
2A_NB	53	a	767	770	776	780	785	791	795	798	807	812	817	821	824	828	833	835	838	843
2A_NB	53	d	768	772	778	782	786	792	796	800	809	813	819	822	825	829	834	836	840	/
2A_NB	54	a	797	801	806	811	815	821	824	828	837	841	848	851	854	857	862	865	869	873
2A_NB	54	d	798	802	808	812	816	822	826	830	839	843	849	852	855	858	863	866	870	/
2A_NB	55	a	827	830	836	840	844	850	854	857	867	872	877	880	883	887	892	895	899	903
2A_NB	55	d	828	832	838	841	845	852	855	859	869	873	879	881	884	888	893	896	900	/
2A_NB	56	a	856	860	867	870	873	881	884	887	898	901	908	910	912	915	921	924	927	931
2A_NB	56	d	857	862	868	871	875	882	885	889	899	902	909	911	913	916	922	925	928	/
2A_NB	57	a	885	889	895	898	902	908	912	917	927	930	936	938	941	945	950	953	957	961
2A_NB	57	d	886	890	896	900	904	909	914	919	928	931	937	939	943	946	952	955	958	/
2A_NB	58	a	911	915	922	925	929	935	939	943	953	956	962	964	967	971	977	980	985	990
2A_NB	58	d	912	917	923	927	930	936	940	944	954	957	963	966	968	973	979	982	987	/
2A_NB	59	a	926	929	936	940	945	951	956	961	969	974	979	983	986	991	997	1000	1003	1007
2A_NB	59	d	927	931	938	942	946	953	958	963	971	975	981	984	988	993	998	1001	1004	/
2A_NB	60	a	938	941	947	952	956	962	965	970	978	983	989	993	995	999	1004	1007	1012	1016
2A_NB	60	d	939	942	949	953	957	963	967	972	980	985	991	994	996	1000	1006	1009	1014	/
2A_NB	61	a	945	949	955	960	965	972	975	978	988	993	999	1003	1005	1010	1016	1018	1022	1027
2A_NB	61	d	946	951	957	962	966	973	976	980	990	995	1001	1004	1007	1012	1017	1019	1024	/
2A_NB	62	a	975	978	985	988	991	998	1003	1006	1016	1021	1026	1028	1031	1035	1041	1045	1049	1053
2A_NB	62	d	976	980	986	989	993	1000	1004	1008	1018	1022	1027	1030	1032	1037	1043	1046	1050	/
2A_NB	63	a	991	995	1000	1003	1006	1011	1015	1020	1029	1032	1037	1041	1045	1050	1057	1060	1064	1068
2A_NB	63	d	992	996	1001	1004	1007	1012	1017	1022	1030	1033	1039	1043	1047	1052	1058	1061	1065	/
2A_NB	64	a	1007	1010	1016	1021	1024	1029	1034	1038	1046	1050	1056	1058	1061	1066	1073	1077	1081	1085
2A_NB	64	d	1008	1012	1018	1022	1025	1031	1036	1039	1047	1052	1057	1059	1063	1068	1075	1078	1083	/
2A_SB	1	a	12	15	18	22	29	33	38	43	47	52	55	60	64	68	74	77	81	85
2A_SB	1	d	13	17	20	24	31	35	40	45	48	53	56	61	65	69	75	78	83	/
2A_SB	2	a	41	45	49	52	57	59	63	68	72	79	82	88	92	96	102	105	109	112
2A_SB	2	d	42	47	50	53	58	61	65	70	74	80	83	89	93	97	103	106	110	/
2A_SB	3	a	50	54	57	60	65	67	70	75	80	86	90	97	102	106	111	115	119	122
2A_SB	3	d	52	55	58	61	66	68	72	77	82	88	92	99	103	107	112	116	120	/
2A_SB	4	a	61	66	69	72	77	80	85	89	93	98	102	109	113	116	121	124	128	131
2A_SB	4	d	63	67	70	73	78	82	87	91	95	100	104	111	114	117	122	125	129	/
2A_SB	5	a	78	82	84	87	93	97	102	106	109	114	118	124	129	132	137	141	145	148
2A_SB	5	d	80	83	85	89	95	99	103	107	110	116	119	126	130	133	138	142	146	/
2A_SB	6	a	90	94	97	100	105	108	111	114	118	123	127	133	137	141	146	150	153	156
2A_SB	6	d	92	95	98	101	106	109	112	116	119	124	128	135	138	142	147	151	154	/
2A_SB	7	a	98	102	105	109	115	118	123	127	130	136	141	146	150	153	159	163	166	169
2A_SB	7	d	100	103	106	111	116	120	124	128	132	138	142	148	151	155	160	164	167	/
2A_SB	8	a	120	125	129	133	139	141	145	149	153	159	164	169	173	178	184	188	191	195
2A_SB	8	d	122	127	130	135	140	142	146	150	154	161	165	170	175	179	185	189	192	/
2A_SB	9	a	137	141	144	148	154	157	160	165	168	173	176	181	185	189	195	198	201	205
2A_SB	9	d	139	143	146	150	155	158	162	166	169	174	177	182	186	190	196	199	202	/
2A_SB	10	a	143	147	150	155	161	165	169	173	177	183	187	195	200	204	210	213	217	222
2A_SB	10	d	145	149	152	157	163	167	171	175	179	185	189	197	201	205	211	215	219	/
2A_SB	11	a	163	168	172	175	181	185	189	193	197	205	210	217	222	226	233	236	240	243
2A_SB	11	d	165	170	173	177	183	187	191	195	199	207	212	219	223	227	234	237	241	/
2A_SB	12	a	181	186	188	191	197	200	203	206	209	216	220	227	231	236	243	246	249	252
2A_SB	12	d	183	187	189	192	198	201	204	207	211	217	222	229	232	237	244	247	250	/
2A_SB	13	a	193	198	200	205	211	213	217	220	223	229	233	238	241	245	250	254	258	262
2A_SB	13	d	195	199	202	206	212	214	218	221	224	230	234	239	242	246	252	255	259	/
2A_SB	14	a	202	207	209	213	221	223	228	232	236	242	245	251	255	258	264	268	272	275
2A_SB	14	d	204	208	210	215	222	225	230	234	237	243	246	253	256	259	265	269	273	/
2A_SB	15	a	210	216	219	224	230	234	239	243	246	251	255	260	264	268	274	278	283	286
2A_SB	15	d	212	217	221	226	232	236	240	244	247	253	256	261	266	269	276	280	284	/
2A_SB	16	a	236	241	245	249	255	258	261	264	268	273	276	281	284	287	292	295	299	303
2A_SB	16	d	238	243	246	250	256	259	262	265	269	274	277	282	285	288	293	296	300	/
2A_SB	17	a	241	246	250	255	261	265	269	274	278	284	289	295	300	304	310	314	318	321
2A_SB	17	d	243	248	252	257	263	267	271	276	280	286	291	297	301	305	311	315	319	/
2A_SB	18	a	257	261	265	268	273	276	280	284	287	293	297	302	306	310	316	320	324	327
2A_SB	18	d	259	263	266	269	274	277	281	285	288	294	298	303	307	311	317	321	325	/
2A_SB	19	a	267	271	274	279	286	289	294	299	303	309	313	319	322	326	332	336	340	344
2A_SB	19	d	269	273	276	281	288	291	296	301	305	311	315	320	323	327	333	337	342	/
2A_SB	20	a	283	288	290	294	300	302	306	310	313	318	322	328	331	335	341	346	349	353
2A_SB	20	d	285	289	291	295	301	303	307	311	314	320	324	329	333	336	343	347	351	/
2A_SB	21	a	301	306	309	312	317	320	324	328	332	337	340	345	349	352	359	363	366	369
2A_SB	21	d	303	307	310	313	318	321	325	330	333	338	341	346	350	353	360	364	367	/
2A_SB	22	a	306	311	314	317	323	326	331	335	339	344	347	352	357	360	366	370	373	376
2A_SB	22	d	308	312	315	319	324	328	333	337	340	345	348	354	358	361	367	371	374	/
2A_SB	23	a	325	330	334	337	342	344	348	352	356	361	365	371	375	379	385	389	393	396
2A_SB	23	d	327	332	335	338	343	345	350	353	357	363	366	373	376	380	386	390	394	/
2A_SB	24	a	337	341	345	349	356	359	363	367	370	376	380	385	388	392	398	402	406	409
2A_SB	24	d	339	343	347	351	357	360	364	368	371	377	381	386	389	393	399	403	407	/
2A_SB	25	a	360	365	368	371	377	379	383	386	390	395	399	404	409	413	419	422	426	429
2A_SB	25	d	362	367	369	372	378	380	384	388	391	396	400	406	410	414	420	423	427	/
2A_SB	26	a	376	381	384	389	394	396	399	403	406	412	416	422	425	429	435	438	442	445
2A_SB	26	d	378	383	386	390	395	397	400	404	407	413	417	423	426	430	436	439	443	/
2A_SB	27	a	387	392	394	399	404	407	410	413	416	422	427	433	436	440	445	448	452	455
2A_SB	27	d	389	393	396	400	405	408	411	414	417	424	429	434	437	441	446	449	453	/
2A_SB	28	a	417	421	423	426	431	433	436	439	442	449	452	458	462	466	472	475	479	482
2A_SB	28	d	419	422	424	427	432	434	437	440	444	450	454	459	463	467	473	476	480	/
2A_SB	29	a	423	427	430	433	438	441	444	448	452	458	462	468	473	477	483	486	489	492
2A_SB	29	d	425	429	431	434	440	442	446	450	454	460	464	470	474	478	484	487	490	/
2A_SB	30	a	431	435	439	443	450	453	456	459	462	467	471	476	480	484	490	493	496	500
2A_SB	30	d	433	437	441	445	452	454	457	460	463	468	472	477	481	485	491	494	497	/
2A_SB	31	a	450	455	457	460	465	468	472	476	480	487	490	495	499	503	509	512	515	519
2A_SB	31	d	452	456	458	461	466	469	473	477	482	488	491	496	500	504	510	513	517	/
2A_SB	32	a	456	461	464	469	475	478	483	488	492	498	501	508	513	517	523	527	531	534
2A_SB	32	d	458	463	466	471	476	480	485	490	493	499	503	510	514	518	525	528	532	/
2A_SB	33	a	466	471	473	478	484	486	490	495	498	505	508	514	518	523	529	532	536	540
2A_SB	33	d	468	472	475	480	485	487	492	496	500	506	509	515	520	524	530	533	538	/
2A_SB	34	a	477	481	485	489	494	497	502	506	509	515	519	526	530	535	541	544	548	551
2A_SB	34	d	478	483	486	490	495	499	503	507	510	516	521	527	532	536	542	545	549	/
2A_SB	35	a	482	486	490	494	500	504	509	514	518	525	529	535	540	543	549	552	556	560
2A_SB	35	d	483	488	491	496	502	506	511	516	520	527	531	537	541	544	550	553	558	/
2A_SB	36	a	498	501	504	509	514	517	521	526	529	535	538	543	546	549	555	558	562	565
2A_SB	36	d	499	503	506	510	516	518	523	527	530	536	539	544	547	550	556	559	563	/
2A_SB	37	a	507	510	514	518	524	527	531	535	539	544	547	552	555	559	564	567	571	575
2A_SB	37	d	508	512	516	520	525	529	533	537	540	545	548	553	556	560	565	568	572	/
2A_SB	38	a	512	516	520	523	529	532	536	540	545	550	553	558	561	565	570	573	577	581
2A_SB	38	d	514	518	521	525	530	534	538	542	546	551	554	559	562	566	571	574	578	/
2A_SB	39	a	523	527	531	534	539	543	547	551	556	563	566	570	574	578	583	586	590	593
2A_SB	39	d	525	529	532	535	541	545	549	553	558	564	567	572	575	579	584	587	591	/
2A_SB	40	a	537	541	544	548	554	556	559	562	565	571	575	580	583	587	592	595	599	602
2A_SB	40	d	539	542	545	549	555	557	560	563	566	572	576	581	584	588	593	596	600	/
2A_SB	41	a	544	547	551	556	562	564	568	572	576	581	585	591	594	598	603	606	609	612
2A_SB	41	d	545	549	553	558	563	566	570	573	577	582	587	592	595	599	604	607	610	/
2A_SB	42	a	551	554	557	561	567	569	574	577	581	586	590	596	599	603	609	612	615	619
2A_SB	42	d	552	556	559	563	568	571	575	578	582	587	592	597	600	604	610	613	617	/
2A_SB	43	a	556	560	562	566	572	575	579	582	586	591	595	601	604	608	615	619	623	627
2A_SB	43	d	557	561	564	568	573	576	580	583	587	592	597	602	605	610	617	621	625	/
2A_SB	44	a	561	565	567	571	578	581	585	589	592	597	601	607	610	614	621	624	628	632
2A_SB	44	d	562	566	569	573	579	582	586	590	593	598	602	608	611	615	622	626	630	/
2A_SB	45	a	566	570	572	576	583	586	590	594	597	602	605	612	615	619	626	629	634	637
2A_SB	45	d	567	571	574	578	584	587	591	595	598	603	607	613	616	620	627	631	635	/
2A_SB	46	a	571	575	577	581	588	591	595	599	602	608	611	617	620	624	631	634	639	642
2A_SB	46	d	572	576	579	583	589	592	596	600	603	609	612	618	621	625	632	636	640	/
2A_SB	47	a	576	580	582	586	593	596	600	603	607	613	616	621	625	629	635	639	644	647
2A_SB	47	d	577	581	584	588	594	597	601	605	608	614	617	623	626	630	637	641	645	/
2A_SB	48	a	592	596	598	601	606	608	611	614	618	623	628	633	638	642	648	651	654	658
2A_SB	48	d	593	597	599	602	607	609	612	615	619	625	629	635	639	643	649	652	656	/
2A_SB	49	a	605	608	610	614	620	622	626	630	634	641	645	651	654	658	665	669	673	677
2A_SB	49	d	606	609	612	615	621	624	628	631	636	643	647	652	655	659	667	670	674	/
2A_SB	50	a	633	637	640	643	647	650	654	658	662	669	673	679	682	687	694	697	701	705
2A_SB	50	d	634	638	641	644	648	652	656	660	664	670	674	680	684	689	695	698	702	/
2A_SB	51	a	659	662	665	669	676	678	683	688	693	698	702	707	711	716	722	726	729	734
2A_SB	51	d	660	664	667	671	677	680	685	690	694	700	703	709	713	717	724	727	731	/
2A_SB	52	a	689	693	696	699	705	708	713	716	720	727	730	737	740	744	750	753	757	760
2A_SB	52	d	690	694	697	701	707	710	714	718	722	728	732	738	741	745	751	754	758	/
2A_SB	53	a	719	723	726	729	735	738	742	746	750	757	761	766	770	774	779	783	787	791
2A_SB	53	d	720	724	727	731	736	739	744	748	752	758	762	767	771	775	781	784	788	/
2A_SB	54	a	749	752	756	759	765	767	772	776	780	786	790	795	799	803	810	813	817	820
2A_SB	54	d	750	754	757	761	766	769	774	778	782	788	791	796	800	804	811	814	818	/
2A_SB	55	a	779	783	786	790	795	798	802	806	809	816	819	824	829	832	837	841	845	848
2A_SB	55	d	780	784	787	791	796	799	803	807	811	817	820	826	830	833	839	843	846	/
2A_SB	56	a	809	813	815	819	824	827	830	834	839	845	849	855	858	862	868	871	875	878
2A_SB	56	d	810	814	816	820	825	828	832	836	840	846	850	856	859	863	869	872	876	/
2A_SB	57	a	839	843	845	848	853	856	860	864	868	873	876	881	884	888	894	898	902	905
2A_SB	57	d	840	844	846	849	855	858	862	866	869	874	877	882	885	889	896	900	903	/
2A_SB	58	a	844	848	850	853	858	861	865	869	873	878	881	886	890	894	900	904	907	910
2A_SB	58	d	845	849	851	854	860	863	867	871	874	879	882	887	891	895	901	905	908	/
2A_SB	59	a	863	866	869	873	880	883	888	891	895	902	906	913	917	921	928	932	935	939
2A_SB	59	d	864	868	871	875	882	885	889	893	897	904	908	915	918	922	929	933	936	/
2A_SB	60	a	889	893	896	900	906	910	913	918	922	929	933	938	942	945	951	954	957	960
2A_SB	60	d	890	895	898	902	908	911	915	919	923	930	934	939	943	946	952	955	958	/
2A_SB	61	a	917	921	925	930	936	939	943	948	951	957	960	965	968	972	978	982	985	989
2A_SB	61	d	918	923	927	932	938	941	945	949	952	958	961	966	969	973	979	983	986	/
2A_SB	62	a	935	939	942	947	953	956	960	965	970	975	980	985	990	995	1001	1004	1007	1012
2A_SB	62	d	936	941	944	949	955	958	962	967	971	977	981	987	992	996	1002	1005	1009	/
2A_SB	63	a	965	969	972	976	982	985	990	995	999	1005	1009	1015	1020	1024	1030	1033	1038	1042
2A_SB	63	d	966	971	974	977	983	987	992	997	1001	1007	1011	1017	1022	1026	1031	1035	1039	/
2A_SB	64	a	995	999	1002	1006	1011	1014	1019	1023	1027	1032	1037	1042	1046	1050	1057	1062	1067	1071
2A_SB	64	d	996	1001	1004	1007	1013	1016	1020	1025	1028	1034	1038	1044	1047	1052	1059	1064	1068	/
3A_SB	1	a	8	13	17	25	29	34	38	42	46	51	55	58	62	67	71	76	80
3A_SB	1	d	9	14	19	27	31	35	39	44	48	53	56	59	64	68	72	77	/
3A_SB	2	a	38	43	46	53	58	62	67	71	75	80	85	88	93	97	101	106	110
3A_SB	2	d	39	44	48	55	59	64	69	73	77	82	86	89	94	98	102	107	/
3A_SB	3	a	66	71	75	81	84	89	94	99	104	109	114	116	121	125	129	134	138
3A_SB	3	d	67	72	76	82	86	91	96	101	106	111	115	117	122	126	130	135	/
3A_SB	4	a	91	96	99	104	107	111	115	120	125	130	135	137	141	144	148	153	157
3A_SB	4	d	92	97	100	105	109	113	117	122	127	132	136	138	142	145	149	155	/
3A_SB	5	a	101	106	110	117	121	125	128	132	136	139	143	145	149	153	157	163	166
3A_SB	5	d	102	108	112	119	122	126	129	133	137	140	144	146	150	154	158	164	/
3A_SB	6	a	111	118	121	127	131	136	140	145	149	154	157	160	164	168	171	177	181
3A_SB	6	d	112	119	122	128	133	138	142	147	151	155	158	161	165	169	172	178	/
3A_SB	7	a	127	133	137	143	147	152	157	161	165	168	172	175	179	183	187	193	196
3A_SB	7	d	128	134	139	145	149	154	158	162	166	170	173	176	180	184	188	194	/
3A_SB	8	a	138	143	147	153	156	160	164	168	172	175	178	181	185	189	193	199	202
3A_SB	8	d	139	145	149	154	157	161	165	169	173	176	179	182	186	190	194	200	/
3A_SB	9	a	148	153	157	162	166	169	173	177	181	185	188	191	195	199	204	210	214
3A_SB	9	d	149	154	158	164	167	170	174	178	182	186	189	192	196	201	206	212	/
3A_SB	10	a	156	161	166	173	178	181	184	188	192	197	201	203	207	211	215	220	224
3A_SB	10	d	157	163	168	175	179	182	185	189	194	199	202	204	208	212	216	222	/
3A_SB	11	a	163	168	173	180	183	187	190	194	198	202	206	208	212	216	220	225	230
3A_SB	11	d	164	170	175	181	184	188	191	195	200	204	207	209	213	217	221	227	/
3A_SB	12	a	170	176	181	187	190	194	198	202	206	209	213	216	221	225	229	236	240
3A_SB	12	d	171	178	182	188	191	195	199	203	207	210	214	217	222	226	231	237	/
3A_SB	13	a	180	186	190	197	202	207	212	217	220	224	228	230	235	239	243	249	253
3A_SB	13	d	181	188	192	199	204	209	214	218	221	225	229	231	236	240	244	251	/
3A_SB	14	a	198	203	207	213	217	221	226	230	234	238	242	246	251	255	259	265	268
3A_SB	14	d	199	204	209	215	219	223	228	232	236	240	244	247	252	256	260	266	/
3A_SB	15	a	225	230	234	240	244	249	254	259	263	268	273	276	281	284	287	293	297
3A_SB	15	d	226	231	235	242	246	251	256	261	265	270	274	277	282	285	288	294	/
3A_SB	16	a	251	256	260	266	270	273	276	280	283	287	291	294	299	303	307	313	317
3A_SB	16	d	252	258	262	268	271	274	277	281	285	289	292	295	301	304	308	315	/
3A_SB	17	a	267	272	275	281	285	289	292	296	299	303	307	310	314	318	322	327	330
3A_SB	17	d	268	273	277	283	286	290	293	297	300	304	308	311	315	319	323	328	/
3A_SB	18	a	272	277	280	286	290	295	299	304	308	313	317	320	325	329	333	337	340
3A_SB	18	d	273	278	282	288	292	297	301	306	310	315	318	321	326	330	334	338	/
3A_SB	19	a	283	288	292	299	304	307	311	315	319	323	326	329	334	337	341	345	348
3A_SB	19	d	284	289	294	301	305	308	312	316	320	324	327	330	335	338	342	346	/
3A_SB	20	a	292	297	301	307	312	315	319	323	328	332	336	339	344	348	352	357	361
3A_SB	20	d	293	298	303	309	313	316	320	325	330	334	337	340	345	349	353	359	/
3A_SB	21	a	299	304	307	312	317	322	326	331	335	339	343	346	350	354	358	363	366
3A_SB	21	d	300	305	308	314	319	323	328	333	337	341	344	347	351	355	359	364	/
3A_SB	22	a	314	319	323	329	333	338	343	347	352	356	360	362	366	370	373	378	381
3A_SB	22	d	315	320	325	331	335	340	345	349	354	358	361	363	367	371	374	379	/
3A_SB	23	a	333	338	342	348	351	355	358	361	366	370	374	377	381	385	389	394	399
3A_SB	23	d	334	340	344	349	352	356	359	363	368	372	375	378	382	386	390	396	/
3A_SB	24	a	346	351	356	362	366	371	376	381	386	390	394	397	401	404	407	413	417
3A_SB	24	d	347	353	358	364	368	373	378	383	388	392	395	398	402	405	408	415	/
3A_SB	25	a	367	373	377	382	386	389	393	397	402	406	411	413	417	420	424	430	433
3A_SB	25	d	368	375	378	384	387	390	394	399	404	408	412	414	418	421	425	431	/
3A_SB	26	a	379	385	388	393	398	402	406	410	413	417	421	423	428	431	436	442	447
3A_SB	26	d	380	386	389	395	399	403	407	411	414	418	422	424	429	433	438	444	/
3A_SB	27	a	384	390	394	401	405	409	412	416	419	423	427	429	434	438	443	449	453
3A_SB	27	d	385	392	396	402	406	410	413	417	420	424	428	430	435	440	445	451	/
3A_SB	28	a	401	407	412	419	423	427	430	434	438	442	447	450	454	457	461	466	470
3A_SB	28	d	402	409	414	420	424	428	432	436	440	444	448	451	455	458	462	468	/
3A_SB	29	a	414	420	423	429	433	437	440	444	447	450	453	456	460	463	467	474	478
3A_SB	29	d	415	421	424	430	434	438	441	445	448	451	454	457	461	464	469	476	/
3A_SB	30	a	420	425	429	436	440	445	449	453	457	462	466	469	474	477	481	486	490
3A_SB	30	d	421	427	431	438	442	447	451	455	459	464	467	470	475	478	482	487	/
3A_SB	31	a	444	450	454	460	464	468	472	475	478	481	485	488	492	496	500	505	510
3A_SB	31	d	445	451	455	461	465	469	473	476	479	482	486	489	493	497	501	507	/
3A_SB	32	a	450	455	460	467	470	475	480	484	488	493	497	500	504	507	511	516	519
3A_SB	32	d	451	457	462	468	472	477	482	485	490	494	498	501	505	508	512	517	/
3A_SB	33	a	462	467	471	478	481	484	488	491	495	499	502	505	509	513	516	521	524
3A_SB	33	d	463	468	473	479	482	485	489	492	496	500	503	506	510	514	517	522	/
3A_SB	34	a	467	473	478	484	487	491	496	500	504	509	513	515	519	523	526	531	536
3A_SB	34	d	468	475	480	485	489	493	498	502	506	511	514	516	520	524	527	533	/
3A_SB	35	a	491	496	501	507	511	515	519	523	527	530	534	537	541	545	548	553	556
3A_SB	35	d	492	498	503	509	512	516	520	524	528	531	535	538	542	546	549	554	/
3A_SB	36	a	505	511	516	521	524	528	532	536	539	543	546	549	553	557	561	567	571
3A_SB	36	d	506	513	517	522	525	529	533	537	540	544	547	550	555	558	563	569	/
3A_SB	37	a	513	519	524	531	535	539	544	549	552	557	561	563	567	570	574	579	583
3A_SB	37	d	514	521	526	533	536	541	546	550	554	558	562	564	568	571	575	581	/
3A_SB	38	a	525	531	536	542	546	550	554	557	560	564	568	570	575	579	583	589	593
3A_SB	38	d	526	532	537	543	547	551	555	558	561	565	569	571	576	580	585	590	/
3A_SB	39	a	533	539	543	548	553	557	560	563	566	570	573	575	580	585	590	596	601
3A_SB	39	d	534	540	544	550	555	558	561	564	567	571	574	576	582	587	592	598	/
3A_SB	40	a	545	550	555	560	564	567	571	574	578	582	585	588	594	599	603	608	611
3A_SB	40	d	546	552	556	561	565	569	572	575	579	583	587	590	596	600	604	609	/
3A_SB	41	a	550	555	560	565	569	572	577	580	584	589	592	594	600	603	608	613	617
3A_SB	41	d	551	557	561	566	570	574	578	581	586	590	593	596	601	605	609	615	/
3A_SB	42	a	557	561	566	572	576	579	584	588	592	596	600	603	609	612	616	620	623
3A_SB	42	d	558	563	568	574	577	581	585	590	593	598	602	605	610	613	617	621	/
3A_SB	43	a	562	566	571	578	581	585	590	595	598	603	606	609	614	619	623	627	631
3A_SB	43	d	563	568	573	579	583	587	592	596	600	604	608	610	616	620	624	629	/
3A_SB	44	a	567	571	576	583	586	591	595	600	604	608	611	614	619	624	628	632	637
3A_SB	44	d	568	573	578	584	588	592	597	601	605	609	613	615	621	625	629	634	/
3A_SB	45	a	572	577	581	588	592	596	600	604	609	613	616	620	625	629	633	638	642
3A_SB	45	d	573	578	583	589	593	597	602	606	610	614	618	621	626	630	634	639	/
3A_SB	46	a	587	593	598	605	609	613	618	621	624	627	630	633	638	643	648	653	657
3A_SB	46	d	588	595	600	606	610	615	619	622	625	628	631	635	640	645	649	654	/
3A_SB	47	a	592	598	603	610	614	618	623	626	629	633	637	640	644	648	653	658	662
3A_SB	47	d	593	600	605	611	616	620	624	627	630	634	638	641	646	650	654	659	/
3A_SB	48	a	599	604	608	615	619	623	628	631	634	638	642	645	650	653	658	663	666
3A_SB	48	d	600	605	610	617	621	625	629	632	635	639	643	646	651	655	659	664	/
3A_SB	49	a	605	610	615	621	625	629	633	638	641	646	649	653	658	661	664	670	673
3A_SB	49	d	606	612	617	623	627	631	635	639	643	647	651	654	659	662	666	671	/
3A_SB	50	a	634	639	644	651	655	659	663	668	671	676	680	682	686	690	695	700	703
3A_SB	50	d	635	641	645	652	656	660	665	669	673	677	681	683	688	692	696	701	/
3A_SB	51	a	664	670	673	679	684	688	694	698	702	706	709	712	717	721	725	729	733
3A_SB	51	d	665	671	674	681	686	690	695	699	703	707	710	713	718	722	726	730	/
3A_SB	52	a	694	699	702	707	711	715	719	724	728	733	737	739	745	749	754	759	763
3A_SB	52	d	695	700	703	709	713	717	721	726	730	735	738	741	746	751	755	760	/
3A_SB	53	a	716	722	726	733	738	742	746	750	754	758	762	764	768	772	776	782	786
3A_SB	53	d	717	724	728	735	739	743	747	751	755	759	763	765	769	773	777	783	/
3A_SB	54	a	723	728	732	739	744	749	753	758	763	768	772	775	779	783	787	792	796
3A_SB	54	d	724	730	734	741	746	751	755	760	765	769	773	776	780	784	788	793	/
3A_SB	55	a	741	746	751	757	761	766	770	774	777	782	786	789	794	798	803	808	813
3A_SB	55	d	742	748	753	759	763	767	771	775	779	784	788	791	796	800	805	810	/
3A_SB	56	a	771	776	780	787	791	795	799	804	808	812	815	818	824	827	832	838	842
3A_SB	56	d	772	778	782	788	793	797	801	805	809	813	817	820	825	829	834	840	/
3A_SB	57	a	801	806	810	816	820	824	829	833	838	842	846	849	853	858	862	868	872
3A_SB	57	d	802	808	812	818	821	826	831	835	839	843	847	850	855	859	864	870	/
3A_SB	58	a	831	836	840	847	850	854	858	863	867	871	875	879	884	887	892	898	902
3A_SB	58	d	832	838	842	848	851	856	860	865	869	873	877	880	885	889	894	900	/
3A_SB	59	a	860	866	870	876	880	884	887	892	897	901	905	908	913	918	922	929	932
3A_SB	59	d	861	868	872	878	881	885	889	894	899	903	907	910	915	919	924	930	/
3A_SB	60	a	889	895	899	907	910	914	918	922	926	931	935	938	943	948	952	958	962
3A_SB	60	d	890	897	901	908	911	915	919	923	928	933	937	940	945	949	954	960	/
3A_SB	61	a	916	923	927	933	936	941	944	949	953	957	961	964	969	973	978	984	988
3A_SB	61	d	917	924	928	934	938	942	946	950	955	959	963	965	970	975	980	985	/
3A_SB	62	a	946	952	955	961	965	969	973	978	982	987	990	993	998	1002	1006	1012	1017
3A_SB	62	d	947	953	957	962	966	970	975	980	984	988	992	995	999	1003	1008	1014	/
3A_SB	63	a	976	982	985	990	993	997	1001	1005	1010	1014	1018	1022	1026	1030	1034	1039	1044
3A_SB	63	d	977	983	986	991	994	998	1002	1007	1011	1016	1020	1023	1027	1031	1036	1041	/
3A_SB	64	a	987	993	997	1003	1006	1010	1014	1018	1022	1026	1030	1033	1039	1043	1047	1051	1055
3A_SB	64	d	988	994	999	1004	1007	1011	1015	1020	1023	1027	1031	1035	1041	1044	1048	1052	/
3A_NB	1	a	22	26	29	34	38	41	44	47	52	57	61	63	65	68	71	75	79	83
3A_NB	1	d	23	27	30	35	39	42	46	49	53	59	62	64	66	69	72	76	80	/
3A_NB	2	a	29	33	36	41	45	48	51	53	58	65	70	73	76	80	84	88	92	96
3A_NB	2	d	30	34	37	42	46	49	52	55	60	67	72	75	78	82	86	90	93	/
3A_NB	3	a	48	51	55	59	63	67	70	72	77	82	86	89	91	95	99	102	105	108
3A_NB	3	d	49	52	56	60	65	68	71	74	78	83	87	90	92	96	100	103	106	/
3A_NB	4	a	66	69	73	76	80	85	89	93	98	103	107	109	112	115	119	123	127	130
3A_NB	4	d	67	71	74	78	82	87	91	95	99	104	108	110	113	116	120	124	128	/
3A_NB	5	a	81	84	88	93	97	102	106	109	114	118	121	124	127	131	135	139	142	145
3A_NB	5	d	82	86	90	95	99	104	108	111	115	119	122	125	128	132	136	140	143	/
3A_NB	6	a	91	94	98	103	108	111	115	118	122	128	132	135	137	140	143	147	150	153
3A_NB	6	d	92	96	100	105	109	113	117	120	123	129	133	136	138	141	144	148	151	/
3A_NB	7	a	96	99	103	108	113	116	120	123	127	133	138	140	142	145	148	152	156	159
3A_NB	7	d	97	101	105	110	114	118	122	125	128	135	139	141	143	146	149	154	157	/
3A_NB	8	a	101	104	108	113	118	122	127	130	134	140	144	146	148	151	154	158	161	164
3A_NB	8	d	102	106	110	115	120	124	129	132	135	141	145	147	149	152	155	159	162	/
3A_NB	9	a	112	116	120	125	129	133	137	140	145	151	155	157	160	163	166	169	172	175
3A_NB	9	d	113	118	122	127	131	135	138	142	146	152	156	158	161	164	167	170	173	/
3A_NB	10	a	126	129	134	139	143	148	152	154	157	162	166	169	171	175	178	182	185	188
3A_NB	10	d	127	131	136	141	145	150	153	155	158	163	167	170	173	176	180	183	186	/
3A_NB	11	a	156	160	163	166	170	173	176	178	182	187	190	192	194	198	201	204	207	211
3A_NB	11	d	157	161	164	168	171	174	177	179	183	188	191	193	195	199	202	205	208	/
3A_NB	12	a	169	173	177	182	186	191	195	198	201	207	210	212	214	217	220	224	228	232
3A_NB	12	d	170	175	179	184	188	193	196	199	202	208	211	213	215	218	221	225	230	/
3A_NB	13	a	186	190	193	197	200	204	207	210	213	219	223	225	227	230	234	238	243	248
3A_NB	13	d	187	191	194	198	201	205	208	211	214	220	224	226	228	231	235	240	245	/
3A_NB	14	a	209	212	215	220	224	229	233	236	240	245	249	252	254	258	261	264	267	271
3A_NB	14	d	210	213	217	221	226	231	235	238	241	246	250	253	255	259	262	265	268	/
3A_NB	15	a	219	222	225	230	234	239	243	246	251	256	259	261	263	267	270	273	276	279
3A_NB	15	d	220	223	227	232	236	241	245	248	252	257	260	262	264	268	271	274	277	/
3A_NB	16	a	232	235	239	243	246	250	253	255	259	265	269	273	277	281	286	289	292	296
3A_NB	16	d	233	236	240	244	247	251	254	257	260	267	271	275	279	283	287	290	293	/
3A_NB	17	a	240	243	248	253	258	262	265	268	272	278	281	284	287	291	294	297	300	304
3A_NB	17	d	241	245	250	255	259	263	266	270	273	279	282	285	288	292	295	298	302	/
3A_NB	18	a	252	255	258	262	267	271	275	278	282	288	292	295	298	303	306	309	312	315
3A_NB	18	d	253	256	259	264	268	273	277	280	283	289	293	296	300	304	307	310	313	/
3A_NB	19	a	276	279	283	286	290	295	299	303	308	313	317	320	323	326	329	333	337	341
3A_NB	19	d	277	280	284	288	292	297	301	305	309	314	318	321	324	327	330	334	338	/
3A_NB	20	a	286	289	294	298	301	305	309	313	318	323	327	330	332	335	339	343	347	350
3A_NB	20	d	287	291	295	299	302	306	311	315	319	324	328	331	333	336	340	345	348	/
3A_NB	21	a	306	310	315	319	322	325	330	333	337	342	346	349	352	355	358	362	366	370
3A_NB	21	d	307	312	316	320	323	327	331	334	338	343	347	350	353	356	360	363	367	/
3A_NB	22	a	331	334	338	343	347	351	354	357	360	366	371	375	379	383	387	390	393	396
3A_NB	22	d	332	336	340	345	349	352	355	358	362	368	373	377	381	385	388	391	394	/
3A_NB	23	a	349	352	356	360	363	366	369	371	374	379	382	384	387	390	393	396	399	402
3A_NB	23	d	350	353	358	361	364	367	370	372	375	380	383	385	388	391	394	397	400	/
3A_NB	24	a	355	358	362	365	368	371	375	378	382	388	392	396	398	401	404	408	411	416
3A_NB	24	d	356	359	363	366	369	373	377	380	384	390	394	397	399	402	405	409	413	/
3A_NB	25	a	362	366	370	373	378	383	388	390	395	401	404	406	408	412	415	419	423	428
3A_NB	25	d	363	368	371	375	380	385	389	392	396	402	405	407	410	413	416	421	425	/
3A_NB	26	a	388	391	395	400	404	409	413	416	421	427	431	433	435	439	442	446	450	453
3A_NB	26	d	389	393	397	402	406	411	414	418	422	428	432	434	436	440	443	447	451	/
3A_NB	27	a	414	418	421	426	430	435	440	443	447	453	457	459	461	464	468	472	476	480
3A_NB	27	d	415	419	423	428	432	437	442	444	448	454	458	460	462	465	469	473	477	/
3A_NB	28	a	427	431	435	439	443	446	450	453	457	463	467	471	473	477	481	484	489	493
3A_NB	28	d	428	432	437	441	444	447	451	454	458	465	469	472	475	478	482	486	490	/
3A_NB	29	a	453	456	461	466	471	475	478	481	485	490	493	495	498	501	505	508	512	515
3A_NB	29	d	454	458	463	468	473	476	480	482	486	491	494	496	499	502	506	509	513	/
3A_NB	30	a	463	466	470	474	478	481	484	486	490	495	499	501	504	507	511	514	517	521
3A_NB	30	d	464	468	471	475	479	482	485	487	491	496	500	502	505	508	512	515	519	/
3A_NB	31	a	469	472	475	479	482	487	490	492	497	503	507	509	512	515	518	521	524	527
3A_NB	31	d	470	473	476	480	484	488	491	494	498	504	508	510	513	516	519	522	525	/
3A_NB	32	a	475	478	481	485	488	492	495	497	502	508	512	515	518	521	524	528	531	534
3A_NB	32	d	476	479	482	486	489	493	496	499	503	509	513	516	519	522	525	529	532	/
3A_NB	33	a	486	489	493	497	501	505	508	510	513	519	522	525	528	531	534	538	543	547
3A_NB	33	d	487	490	494	499	502	506	509	511	514	520	523	526	529	532	535	540	544	/
3A_NB	34	a	491	494	499	503	507	512	515	518	522	528	531	533	536	539	543	548	552	556
3A_NB	34	d	492	496	501	505	509	513	517	520	523	529	532	534	537	541	545	549	553	/
3A_NB	35	a	497	500	505	509	514	518	521	524	528	533	536	538	541	545	549	553	557	561
3A_NB	35	d	498	502	507	511	516	519	523	525	529	534	537	539	543	547	550	554	558	/
3A_NB	36	a	510	514	519	524	528	533	536	539	544	549	553	556	558	562	566	570	574	578
3A_NB	36	d	511	516	521	526	530	534	537	541	545	550	555	557	559	563	567	571	575	/
3A_NB	37	a	519	523	527	532	536	541	545	548	553	560	565	567	570	574	579	583	588	592
3A_NB	37	d	520	524	529	534	538	543	547	550	555	562	566	569	572	576	581	585	589	/
3A_NB	38	a	537	541	545	550	555	559	562	565	569	575	579	581	583	586	589	593	598	603
3A_NB	38	d	538	543	547	552	557	560	564	567	570	576	580	582	584	587	590	595	600	/
3A_NB	39	a	547	550	553	558	562	566	569	571	575	581	585	588	590	593	596	601	606	610
3A_NB	39	d	548	551	555	559	564	567	570	573	576	582	586	589	591	594	598	603	607	/
3A_NB	40	a	552	555	559	563	567	571	575	577	580	586	590	593	595	598	601	606	611	615
3A_NB	40	d	553	556	560	564	569	572	576	578	581	587	591	594	596	599	603	608	612	/
3A_NB	41	a	557	560	564	568	572	576	580	582	585	591	595	598	600	604	608	612	616	620
3A_NB	41	d	558	561	565	569	574	577	581	583	586	592	596	599	601	605	609	613	617	/
3A_NB	42	a	562	565	569	573	577	581	585	587	590	596	600	602	606	610	614	617	620	625
3A_NB	42	d	563	566	570	574	579	582	586	588	591	597	601	604	607	611	615	618	622	/
3A_NB	43	a	568	571	574	578	582	586	590	592	595	601	604	607	611	615	618	622	625	630
3A_NB	43	d	569	572	575	579	584	588	591	593	596	602	606	609	612	616	620	623	627	/
3A_NB	44	a	573	577	580	584	588	592	595	597	600	605	609	612	616	619	623	627	630	635
3A_NB	44	d	574	578	581	585	589	593	596	598	601	607	611	614	617	621	625	628	632	/
3A_NB	45	a	578	582	585	589	593	597	600	602	606	611	614	617	621	624	628	632	635	640
3A_NB	45	d	579	583	586	590	594	598	601	603	607	612	616	619	622	626	630	633	637	/
3A_NB	46	a	583	587	590	594	598	602	605	607	611	616	619	622	626	629	634	637	640	645
3A_NB	46	d	584	588	591	595	599	603	606	608	612	617	621	624	627	631	635	638	642	/
3A_NB	47	a	595	599	602	607	610	615	619	622	627	633	636	640	642	645	649	653	656	659
3A_NB	47	d	596	600	604	608	612	617	621	624	628	634	638	641	643	646	650	654	657	/
3A_NB	48	a	625	629	632	637	640	645	648	652	656	662	667	669	672	675	679	682	686	690
3A_NB	48	d	626	630	634	638	642	646	650	654	658	664	668	671	673	676	680	683	687	/
3A_NB	49	a	631	634	637	642	645	649	653	657	661	667	672	674	677	681	685	688	692	696
3A_NB	49	d	632	635	639	643	647	651	655	659	663	669	673	676	678	682	686	689	693	/
3A_NB	50	a	636	639	643	648	652	655	659	662	667	672	677	679	682	686	690	693	696	701
3A_NB	50	d	637	641	645	649	653	657	661	664	668	674	678	681	683	687	691	694	698	/
3A_NB	51	a	654	657	661	665	670	674	677	679	683	689	693	697	699	703	707	711	716	720
3A_NB	51	d	655	659	663	667	671	675	678	680	684	691	695	698	701	705	709	713	717	/
3A_NB	52	a	684	688	691	696	699	702	706	709	713	720	724	727	729	733	738	741	745	749
3A_NB	52	d	685	689	693	697	700	704	708	710	714	721	725	728	731	735	739	743	746	/
3A_NB	53	a	714	718	722	726	729	732	737	739	742	748	752	756	759	763	767	771	775	778
3A_NB	53	d	715	719	723	727	730	734	738	740	743	750	754	758	761	765	769	773	776	/
3A_NB	54	a	744	748	752	755	759	763	766	768	772	777	781	785	788	793	798	801	805	809
3A_NB	54	d	745	749	753	756	760	764	767	769	773	778	783	787	790	795	799	803	806	/
3A_NB	55	a	774	778	781	785	788	792	796	798	802	807	811	814	818	823	828	832	835	839
3A_NB	55	d	775	779	782	786	789	793	797	799	803	808	813	816	820	825	829	833	836	/
3A_NB	56	a	804	808	811	815	818	822	825	827	830	837	841	843	846	850	853	857	861	865
3A_NB	56	d	805	809	812	816	819	823	826	828	832	838	842	845	848	851	855	859	862	/
3A_NB	57	a	834	837	841	845	848	851	855	857	861	867	871	873	877	880	884	888	891	895
3A_NB	57	d	835	838	842	846	849	853	856	858	862	868	872	875	878	881	885	889	892	/
3A_NB	58	a	839	843	847	851	854	858	861	863	867	873	877	879	882	885	888	893	896	900
3A_NB	58	d	840	844	848	852	855	859	862	864	868	874	878	880	883	886	890	894	897	/
3A_NB	59	a	844	848	852	856	859	863	866	868	872	877	882	884	887	891	894	898	901	905
3A_NB	59	d	845	849	853	857	860	864	867	869	873	879	883	885	888	892	895	899	902	/
3A_NB	60	a	849	853	857	860	864	868	871	873	876	882	887	890	893	897	900	903	907	911
3A_NB	60	d	850	854	858	862	865	869	872	874	878	884	888	891	894	898	901	904	908	/
3A_NB	61	a	854	858	862	865	869	873	876	878	881	887	892	895	898	902	905	908	912	916
3A_NB	61	d	855	859	863	867	870	874	877	879	883	889	893	896	899	903	906	909	913	/
3A_NB	62	a	859	863	867	870	875	879	882	884	888	894	898	901	903	906	910	913	917	921
3A_NB	62	d	860	864	868	872	876	880	883	885	889	895	899	902	904	908	911	914	918	/
3A_NB	63	a	865	869	873	877	881	886	890	893	898	904	909	912	914	919	923	927	931	936
3A_NB	63	d	866	870	874	878	883	888	891	895	900	906	911	913	916	920	925	929	933	/
3A_NB	64	a	874	877	881	886	890	895	899	901	906	911	915	919	922	926	930	934	938	942
3A_NB	64	d	875	878	883	888	892	897	900	903	907	912	917	921	923	927	932	936	939	/
