RouteID	RunID	Arrivals/Departures	TimePerStop
1A_SB	1	a	17	24	36	41	44	47	52	56	63	66	71	81	86	89
1A_SB	1	d	18	26	38	42	45	48	53	58	64	68	73	82	87	/
1A_SB	2	a	35	40	49	54	58	62	69	73	80	83	88	102	108	112
1A_SB	2	d	36	41	51	55	60	64	71	75	81	85	90	104	109	/
1A_SB	3	a	62	67	76	79	82	86	91	94	99	103	107	117	123	127
1A_SB	3	d	63	69	77	80	84	87	92	95	100	104	108	119	124	/
1A_SB	4	a	68	74	83	87	91	94	100	103	108	111	115	125	130	134
1A_SB	4	d	70	76	85	89	92	95	101	104	109	112	116	126	131	/
1A_SB	5	a	76	82	90	94	97	100	107	112	118	121	125	136	143	147
1A_SB	5	d	78	83	91	95	98	102	109	114	119	122	127	138	145	/
1A_SB	6	a	95	102	110	113	116	120	126	130	137	142	146	155	159	163
1A_SB	6	d	97	103	111	114	117	121	127	132	139	143	147	156	160	/
1A_SB	7	a	104	110	118	121	125	129	135	138	144	148	152	161	166	170
1A_SB	7	d	106	111	119	122	126	130	136	140	145	149	154	163	168	/
1A_SB	8	a	113	119	127	131	135	138	144	147	152	156	160	168	174	178
1A_SB	8	d	115	120	128	132	136	139	145	148	153	157	161	170	176	/
1A_SB	9	a	118	125	134	139	144	147	153	157	164	167	170	179	183	186
1A_SB	9	d	120	127	136	141	145	148	155	159	165	168	171	180	184	/
1A_SB	10	a	130	137	148	152	155	159	165	168	174	177	180	189	193	196
1A_SB	10	d	132	139	149	153	157	160	166	170	175	178	182	190	194	/
1A_SB	11	a	137	145	155	159	162	165	170	174	180	183	187	196	202	207
1A_SB	11	d	139	146	156	160	163	167	172	176	181	185	189	198	204	/
1A_SB	12	a	167	174	182	185	188	192	197	201	206	209	213	223	229	235
1A_SB	12	d	169	175	183	186	189	193	199	203	207	210	214	224	231	/
1A_SB	13	a	180	187	196	199	203	206	212	217	223	227	230	240	246	251
1A_SB	13	d	182	188	197	201	204	208	214	219	225	228	232	242	248	/
1A_SB	14	a	211	217	225	228	232	236	242	246	252	257	260	268	275	278
1A_SB	14	d	212	218	226	229	234	237	244	247	254	258	262	270	276	/
1A_SB	15	a	236	244	254	257	261	264	269	273	279	284	288	296	302	306
1A_SB	15	d	238	246	255	259	262	265	270	275	281	286	289	297	304	/
1A_SB	16	a	256	263	272	276	279	282	289	293	300	303	307	318	325	328
1A_SB	16	d	258	265	273	277	280	284	290	294	301	305	309	320	326	/
1A_NB	1	a	6	11	18	25	31	35	41	45	51	55	60	63	71	77
1A_NB	1	d	7	13	20	26	32	37	43	46	52	57	61	65	73	/
1A_NB	2	a	22	26	31	39	44	49	54	58	64	68	73	77	84	91
1A_NB	2	d	23	27	33	40	46	51	55	59	65	70	75	79	86	/
1A_NB	3	a	27	31	36	44	50	55	60	64	70	74	79	82	89	95
1A_NB	3	d	28	32	38	46	52	57	61	65	71	76	80	84	91	/
1A_NB	4	a	35	40	46	54	59	62	67	72	79	83	88	91	98	104
1A_NB	4	d	36	42	47	55	60	63	69	74	80	85	89	93	100	/
1A_NB	5	a	51	56	63	69	75	78	82	86	92	96	100	103	112	119
1A_NB	5	d	52	58	64	70	76	79	84	88	93	98	101	105	114	/
1A_NB	6	a	68	73	79	87	92	95	100	103	109	113	117	122	132	137
1A_NB	6	d	69	74	81	88	93	96	101	104	110	115	119	124	133	/
1A_NB	7	a	77	81	87	95	100	103	108	112	118	122	125	129	139	145
1A_NB	7	d	78	82	89	96	101	104	109	113	120	123	126	131	140	/
1A_NB	8	a	90	94	100	109	116	119	124	127	135	139	142	146	154	160
1A_NB	8	d	91	96	102	111	117	120	125	129	137	140	143	148	156	/
1A_NB	9	a	119	123	129	135	140	144	148	152	158	162	167	170	178	184
1A_NB	9	d	120	124	130	136	141	145	149	153	159	164	168	171	179	/
1A_NB	10	a	125	130	137	144	150	154	160	163	169	173	177	181	190	196
1A_NB	10	d	127	132	138	146	152	156	161	164	170	174	179	183	191	/
1A_NB	11	a	143	149	155	161	166	170	176	180	186	190	193	196	203	208
1A_NB	11	d	145	150	156	162	167	171	177	181	187	191	194	198	204	/
1A_NB	12	a	160	165	171	178	185	189	195	200	208	212	215	218	225	232
1A_NB	12	d	162	166	173	180	187	191	197	202	210	213	216	219	227	/
1A_NB	13	a	165	169	176	183	190	194	201	205	213	217	220	223	230	237
1A_NB	13	d	167	171	178	185	192	196	202	207	215	218	221	224	232	/
1A_NB	14	a	173	177	183	191	197	201	207	212	219	222	225	228	236	242
1A_NB	14	d	175	178	185	192	199	202	209	213	220	223	226	229	237	/
1A_NB	15	a	198	202	208	216	223	228	234	238	245	249	254	257	263	270
1A_NB	15	d	199	204	209	218	225	230	236	240	247	251	255	258	265	/
1A_NB	16	a	223	228	233	239	245	250	256	259	266	271	276	280	288	294
1A_NB	16	d	225	229	234	240	247	251	257	261	268	273	278	282	289	/
2A_NB	1	a	8	12	15	20	23	27	32	36	40	51	59	61	64	67	72	75	79	83	86	91	95	100	103	109
2A_NB	1	d	9	13	16	21	24	28	34	38	42	53	60	62	65	69	73	77	81	84	88	92	97	101	104	/
2A_NB	2	a	19	24	28	33	36	40	44	49	54	63	68	70	74	77	80	83	86	89	93	97	101	105	109	115
2A_NB	2	d	20	25	29	35	37	41	46	51	55	64	69	72	75	78	81	84	87	90	94	98	102	107	110	/
2A_NB	3	a	25	30	35	40	42	46	52	56	60	69	74	76	79	83	87	90	94	96	101	105	109	112	116	122
2A_NB	3	d	26	32	36	41	43	48	53	57	61	70	75	78	81	85	88	92	95	98	102	106	110	114	117	/
2A_NB	4	a	31	35	40	45	47	51	57	61	65	74	80	82	84	88	92	95	99	101	106	110	114	117	121	128
2A_NB	4	d	32	37	41	46	48	53	58	62	66	75	81	83	86	90	93	97	100	103	107	111	115	119	122	/
2A_NB	5	a	36	40	45	50	52	56	62	66	70	79	85	87	89	93	97	100	104	106	110	115	119	122	126	133
2A_NB	5	d	37	42	46	51	53	58	63	67	71	80	86	88	91	95	98	102	105	108	112	116	120	124	127	/
2A_NB	6	a	41	45	50	55	57	61	66	71	75	85	91	93	96	99	102	105	109	111	115	120	124	127	131	138
2A_NB	6	d	42	47	51	56	58	63	68	72	76	86	92	94	97	100	103	107	110	113	117	121	125	129	132	/
2A_NB	7	a	48	51	55	60	62	66	71	76	79	90	97	99	102	105	108	111	114	117	121	126	131	135	139	145
2A_NB	7	d	49	52	56	61	63	68	73	77	81	91	98	100	103	106	109	112	116	119	123	128	133	137	140	/
2A_NB	8	a	55	58	62	67	69	73	77	81	84	95	102	104	107	110	114	117	121	125	129	133	137	141	145	152
2A_NB	8	d	56	59	63	68	70	74	78	82	86	96	103	105	108	112	115	119	123	126	130	134	139	143	147	/
2A_NB	9	a	61	64	69	74	78	82	88	92	96	105	110	112	116	120	125	129	134	137	141	144	148	151	154	161
2A_NB	9	d	62	66	70	76	79	84	89	93	97	106	111	114	118	122	127	131	136	138	142	145	149	152	155	/
2A_NB	10	a	69	73	79	84	87	91	96	100	104	113	118	121	124	128	132	135	139	142	146	149	153	156	160	167
2A_NB	10	d	71	75	80	85	88	92	97	101	106	114	120	122	125	129	133	137	141	143	147	150	154	158	161	/
2A_NB	11	a	74	78	84	90	94	97	102	106	110	118	124	127	130	135	139	142	145	147	151	156	160	164	168	176
2A_NB	11	d	76	80	86	92	95	98	103	108	111	120	126	128	132	137	140	143	146	148	153	157	162	166	169	/
2A_NB	12	a	86	89	93	98	102	105	110	113	116	124	130	133	136	141	145	149	153	157	161	165	169	172	175	184
2A_NB	12	d	87	90	94	100	103	107	111	114	117	126	132	134	138	143	147	151	155	158	162	166	170	173	177	/
2A_NB	13	a	92	96	101	107	110	113	118	123	126	134	140	144	147	151	155	157	160	164	169	174	178	182	186	192
2A_NB	13	d	93	98	103	108	111	115	120	124	127	135	142	145	148	153	156	158	162	166	171	175	180	184	187	/
2A_NB	14	a	97	101	106	112	116	120	127	131	135	141	147	150	154	158	162	165	168	171	175	180	184	188	191	197
2A_NB	14	d	98	103	108	114	118	122	128	133	136	142	148	152	156	160	164	166	170	172	177	181	186	189	192	/
2A_NB	15	a	108	112	116	122	125	128	135	139	143	150	157	161	164	169	174	177	180	183	187	191	196	199	204	212
2A_NB	15	d	109	113	118	124	126	130	137	141	145	151	159	162	166	171	175	178	182	185	188	193	197	201	206	/
2A_NB	16	a	136	140	144	149	153	156	162	166	169	178	185	188	191	194	198	201	205	208	211	214	219	223	227	235
2A_NB	16	d	137	141	146	151	154	158	163	167	170	180	187	189	192	195	200	203	206	209	212	216	221	225	229	/
2A_SB	1	a	10	17	23	27	31	35	39	43	48	53	58	61	65	69	73	81	87	91	95	101	104	109	113	116	128
2A_SB	1	d	11	19	25	29	33	37	41	45	50	55	60	63	67	70	75	82	88	92	96	102	105	110	114	117	/
2A_SB	2	a	23	29	35	39	44	47	51	56	61	66	71	73	76	80	83	90	95	99	103	109	112	117	122	127	136
2A_SB	2	d	24	30	37	41	45	49	53	58	63	68	72	74	77	81	84	91	96	100	104	110	113	119	124	128	/
2A_SB	3	a	29	33	40	44	48	52	56	61	66	71	76	79	82	86	89	97	103	108	112	119	122	128	133	138	148
2A_SB	3	d	30	35	42	46	50	54	58	63	68	73	78	80	83	87	90	99	105	109	114	121	124	130	135	140	/
2A_SB	4	a	47	52	60	65	70	73	76	81	85	89	92	94	97	100	104	112	118	122	126	131	133	138	142	146	156
2A_SB	4	d	48	54	62	67	72	75	78	83	86	90	93	95	98	101	105	114	119	123	127	132	134	139	143	148	/
2A_SB	5	a	65	69	76	80	83	86	88	92	95	98	101	104	107	110	113	121	126	130	134	140	142	147	151	156	167
2A_SB	5	d	66	71	77	81	84	87	89	93	96	99	103	105	108	111	114	122	127	131	135	141	143	148	153	158	/
2A_SB	6	a	77	82	89	93	97	99	102	106	110	114	117	119	122	125	129	138	144	147	151	157	159	164	167	170	180
2A_SB	6	d	78	84	91	95	98	100	103	107	111	115	118	120	123	126	130	139	145	148	152	158	160	165	168	171	/
2A_SB	7	a	85	90	96	99	102	104	107	110	115	119	122	125	128	131	135	144	150	153	156	162	164	169	172	176	186
2A_SB	7	d	86	91	97	100	103	105	108	112	116	120	124	126	129	132	136	145	151	154	157	163	165	170	174	177	/
2A_SB	8	a	94	99	105	109	113	115	118	121	125	128	131	133	136	139	143	152	159	162	165	173	177	182	185	188	199
2A_SB	8	d	95	100	106	110	114	116	119	122	126	129	132	134	137	141	144	154	160	163	166	175	178	183	186	189	/
2A_SB	9	a	98	104	110	114	118	120	123	126	130	133	136	139	143	146	150	157	164	167	172	180	182	186	190	193	204
2A_SB	9	d	100	105	111	115	119	121	124	127	131	134	137	140	144	148	152	159	165	169	173	181	183	188	191	194	/
2A_SB	10	a	107	114	120	123	126	128	131	134	138	141	145	148	152	155	159	165	172	175	179	185	187	192	196	199	209
2A_SB	10	d	109	115	121	124	127	129	132	135	139	142	146	149	153	156	160	166	173	176	180	186	189	194	197	200	/
2A_SB	11	a	112	119	125	129	133	137	139	142	146	149	153	155	158	161	165	171	178	181	184	190	192	197	202	205	216
2A_SB	11	d	114	121	127	131	135	138	140	143	147	150	154	156	159	162	166	172	179	182	185	191	194	199	203	207	/
2A_SB	12	a	119	126	131	134	138	142	144	147	151	155	159	161	164	167	171	177	184	188	191	197	200	204	208	212	222
2A_SB	12	d	121	127	132	136	140	143	145	148	152	156	160	162	165	168	172	178	185	189	192	198	201	205	210	213	/
2A_SB	13	a	124	131	136	140	144	148	152	156	160	164	168	170	173	176	180	188	195	198	201	207	210	214	218	221	231
2A_SB	13	d	126	132	137	142	146	150	154	157	161	165	169	171	174	177	181	189	196	199	202	208	211	215	219	222	/
2A_SB	14	a	142	148	155	158	162	165	167	170	174	178	182	184	187	190	193	202	209	214	218	223	226	230	233	237	246
2A_SB	14	d	143	150	156	160	163	166	168	171	175	179	183	185	188	191	195	203	211	216	219	224	227	231	234	238	/
2A_SB	15	a	148	154	161	164	168	170	172	175	179	183	187	189	192	195	199	208	215	220	224	231	235	240	245	248	259
2A_SB	15	d	149	156	162	165	169	171	173	176	180	184	188	190	193	196	201	209	217	222	226	233	237	242	246	249	/
2A_SB	16	a	154	160	166	169	173	175	177	180	184	188	192	194	197	200	204	213	220	225	229	236	240	245	250	254	264
2A_SB	16	d	155	161	167	170	174	176	178	182	185	189	193	195	198	201	206	215	222	227	231	238	242	247	252	255	/
3A_SB	1	a	13	18	23	28	32	36	39	43	48	50	54	58	61	68	71
3A_SB	1	d	14	20	25	29	34	38	41	45	49	51	55	59	62	69	/
3A_SB	2	a	43	48	52	57	61	65	69	73	77	79	83	86	89	94	97
3A_SB	2	d	44	50	54	59	63	67	71	75	78	80	84	87	90	95	/
3A_SB	3	a	63	67	72	77	80	83	86	89	94	96	101	104	107	113	116
3A_SB	3	d	64	69	74	78	81	84	87	91	95	97	102	105	108	114	/
3A_SB	4	a	74	79	84	88	92	95	99	104	109	112	116	119	122	128	131
3A_SB	4	d	75	81	85	90	94	97	101	106	110	113	117	120	123	129	/
3A_SB	5	a	86	91	95	100	103	106	109	114	118	121	125	128	131	137	140
3A_SB	5	d	87	93	96	101	105	107	111	115	119	122	126	129	132	138	/
3A_SB	6	a	94	100	104	108	112	115	119	122	125	128	132	135	138	144	147
3A_SB	6	d	95	102	105	110	114	117	120	123	126	129	133	136	139	145	/
3A_SB	7	a	102	108	111	116	119	121	123	127	130	133	137	140	143	150	155
3A_SB	7	d	103	109	113	117	120	122	125	128	131	134	138	141	145	152	/
3A_SB	8	a	121	127	130	133	136	138	141	145	149	151	155	159	162	169	173
3A_SB	8	d	122	128	131	134	137	139	142	146	150	152	156	160	163	171	/
3A_SB	9	a	130	136	139	143	148	152	155	159	164	166	171	175	178	184	188
3A_SB	9	d	131	137	141	145	150	154	156	161	165	167	172	176	179	185	/
3A_SB	10	a	139	145	148	151	155	158	160	165	169	171	176	180	183	189	193
3A_SB	10	d	140	146	149	152	156	159	162	167	170	172	177	181	184	190	/
3A_SB	11	a	148	154	158	162	166	168	170	173	176	178	183	186	189	195	199
3A_SB	11	d	149	155	159	163	167	169	171	174	177	179	184	187	190	196	/
3A_SB	12	a	153	159	163	167	172	175	178	181	184	186	191	194	197	203	207
3A_SB	12	d	154	160	164	169	174	177	179	182	185	187	192	195	198	204	/
3A_SB	13	a	165	170	175	180	184	186	190	193	196	199	205	208	211	217	222
3A_SB	13	d	166	172	177	182	185	188	191	194	198	201	206	209	212	219	/
3A_SB	14	a	174	179	182	186	190	193	196	200	203	205	210	213	217	223	227
3A_SB	14	d	175	180	184	188	192	195	197	201	204	206	211	214	218	225	/
3A_SB	15	a	192	197	202	206	210	212	215	219	223	225	230	233	237	244	249
3A_SB	15	d	193	199	203	207	211	213	216	220	224	226	231	235	239	246	/
3A_SB	16	a	213	218	223	228	231	234	238	242	246	249	254	257	260	268	271
3A_SB	16	d	214	220	225	229	233	236	239	244	247	251	255	258	262	269	/
3A_NB	1	a	22	26	31	35	39	43	47	51	55	62	68	72	77	81	86	90	93
3A_NB	1	d	23	28	33	37	41	45	49	53	57	64	70	74	79	83	88	91	/
3A_NB	2	a	32	35	40	44	49	53	56	60	63	68	74	78	83	87	92	97	100
3A_NB	2	d	33	37	42	46	50	54	58	61	64	70	76	80	85	89	94	98	/
3A_NB	3	a	49	53	57	61	65	69	74	79	83	89	92	96	100	103	107	111	114
3A_NB	3	d	50	55	59	62	67	71	76	81	85	90	93	97	101	104	108	112	/
3A_NB	4	a	69	73	78	82	87	92	96	100	104	109	113	117	121	124	128	132	136
3A_NB	4	d	70	75	80	84	89	94	98	102	106	110	114	118	122	125	129	133	/
3A_NB	5	a	85	89	92	95	98	101	105	110	113	118	122	126	129	132	136	140	143
3A_NB	5	d	86	90	93	96	99	103	107	112	115	119	123	127	130	133	137	141	/
3A_NB	6	a	90	94	97	100	103	106	110	115	118	123	126	131	135	137	141	145	148
3A_NB	6	d	91	95	98	101	104	108	112	117	120	124	128	133	136	138	142	146	/
3A_NB	7	a	96	100	103	107	111	116	120	125	129	134	138	142	146	149	154	157	160
3A_NB	7	d	97	101	105	109	113	118	122	127	131	135	139	144	148	150	155	158	/
3A_NB	8	a	105	108	111	114	117	121	126	131	135	141	145	149	153	156	161	164	167
3A_NB	8	d	106	109	112	115	118	123	128	133	137	142	146	150	154	157	162	165	/
3A_NB	9	a	116	119	123	127	130	133	137	141	144	149	153	157	161	164	169	174	177
3A_NB	9	d	117	121	125	128	131	134	138	142	145	150	154	158	162	165	171	175	/
3A_NB	10	a	121	125	128	132	135	138	142	146	150	155	160	164	167	170	175	179	184
3A_NB	10	d	122	126	130	133	136	139	143	148	152	157	161	165	168	171	176	181	/
3A_NB	11	a	143	146	149	153	157	161	164	168	172	176	180	184	188	191	196	200	203
3A_NB	11	d	144	147	151	154	159	162	166	170	173	177	181	185	189	192	197	201	/
3A_NB	12	a	150	152	156	160	164	168	172	176	180	186	189	193	197	199	203	207	210
3A_NB	12	d	151	154	158	161	166	170	174	178	182	187	190	194	198	200	204	208	/
3A_NB	13	a	155	157	161	165	169	173	177	181	185	191	195	199	204	206	210	214	219
3A_NB	13	d	156	159	163	167	171	175	179	183	187	193	197	201	205	207	211	216	/
3A_NB	14	a	162	164	168	172	176	180	185	189	193	198	202	205	209	212	216	220	224
3A_NB	14	d	163	166	170	174	178	182	187	191	195	199	203	206	210	213	217	221	/
3A_NB	15	a	171	174	178	182	186	191	196	201	204	209	213	217	222	226	231	234	239
3A_NB	15	d	172	176	180	183	188	193	198	202	206	210	214	219	224	227	232	236	/
3A_NB	16	a	183	186	190	194	198	202	205	209	213	218	223	227	230	234	240	245	249
3A_NB	16	d	184	188	192	196	199	203	206	211	215	220	224	228	232	236	242	246	/
