RouteID	RunID	Arrivals/Departures	TimePerStop
1A_SB	1	a	5	11	19	23	28	33	36	41	46	50	53	57	61	72	77	81
1A_SB	1	d	6	12	21	25	29	35	37	43	47	51	54	58	63	73	79	/
1A_SB	2	a	13	19	29	32	35	41	43	48	52	56	60	63	68	78	86	90
1A_SB	2	d	14	21	31	33	36	42	45	49	53	58	61	65	69	80	88	/
1A_SB	3	a	38	43	51	53	56	63	66	71	75	78	81	84	87	97	103	106
1A_SB	3	d	39	44	52	54	58	65	67	72	76	79	82	85	89	99	104	/
1A_SB	4	a	50	55	64	67	71	77	81	86	89	93	97	101	104	111	115	119
1A_SB	4	d	51	57	66	69	73	79	83	87	90	94	98	102	105	112	116	/
1A_SB	5	a	61	66	74	77	81	87	90	95	99	103	107	110	113	120	125	129
1A_SB	5	d	62	67	76	78	82	88	91	96	100	104	108	111	114	121	126	/
1A_SB	6	a	68	73	84	86	90	96	99	104	107	111	115	118	121	128	133	138
1A_SB	6	d	69	75	85	87	91	98	100	105	108	112	116	119	122	129	135	/
1A_SB	7	a	76	82	93	95	98	104	107	111	114	119	122	125	129	137	142	147
1A_SB	7	d	77	84	94	96	99	106	108	112	116	120	123	127	131	139	144	/
1A_SB	8	a	82	88	98	100	103	109	112	116	119	123	127	130	134	143	148	152
1A_SB	8	d	83	89	99	101	104	111	113	117	121	125	128	132	136	145	149	/
1A_SB	9	a	87	93	102	105	109	115	117	121	125	128	132	135	139	148	153	158
1A_SB	9	d	88	95	104	106	110	116	118	122	126	130	133	137	141	150	155	/
1A_SB	10	a	108	112	120	123	127	133	137	141	144	148	151	155	158	167	171	175
1A_SB	10	d	109	114	122	124	128	135	138	142	145	149	152	156	159	168	172	/
1A_SB	11	a	117	121	128	130	134	140	143	147	150	153	156	160	164	172	177	181
1A_SB	11	d	118	122	129	131	135	141	144	148	151	154	157	162	166	174	178	/
1A_SB	12	a	121	127	134	137	141	147	150	155	159	162	165	169	172	180	185	190
1A_SB	12	d	123	128	136	139	142	148	152	156	160	163	166	170	174	181	187	/
1A_SB	13	a	126	132	140	143	147	154	156	161	165	168	172	176	179	188	194	198
1A_SB	13	d	128	134	142	145	149	155	158	162	166	169	173	177	180	190	195	/
1A_SB	14	a	132	138	147	149	154	160	163	167	170	173	177	181	185	195	201	206
1A_SB	14	d	134	139	148	151	156	162	164	168	171	174	178	182	187	197	203	/
1A_SB	15	a	158	165	175	179	182	187	189	194	198	201	205	208	214	225	230	235
1A_SB	15	d	160	167	177	180	183	188	190	196	199	202	206	210	216	226	232	/
1A_SB	16	a	166	171	181	183	187	193	196	200	204	208	212	216	222	233	239	242
1A_SB	16	d	167	173	182	185	189	195	197	202	206	210	214	218	224	235	240	/
1A_NB	1	a	7	11	17	26	32	36	40	44	49	54	58	62	66	71	81	87
1A_NB	1	d	8	12	19	28	33	37	41	46	51	55	59	64	68	73	83	/
1A_NB	2	a	24	28	35	43	49	53	58	62	66	72	75	80	84	89	96	104
1A_NB	2	d	25	29	36	44	51	55	59	64	68	73	76	82	86	90	98	/
1A_NB	3	a	28	34	39	48	55	59	65	69	72	78	81	87	91	95	103	111
1A_NB	3	d	30	35	41	50	57	61	67	70	74	79	83	89	92	97	105	/
1A_NB	4	a	37	43	50	57	64	69	74	78	81	86	89	93	97	102	110	117
1A_NB	4	d	39	45	51	59	66	70	76	79	82	87	90	95	99	104	111	/
1A_NB	5	a	47	53	60	67	74	78	82	85	88	95	99	104	107	111	118	125
1A_NB	5	d	49	55	62	68	75	79	83	86	90	97	101	106	108	113	120	/
1A_NB	6	a	61	67	72	79	84	88	92	95	99	105	109	114	116	120	128	134
1A_NB	6	d	63	68	74	80	85	89	93	97	100	106	111	115	117	122	129	/
1A_NB	7	a	66	72	78	87	92	96	100	103	108	114	119	125	129	134	142	149
1A_NB	7	d	68	74	80	88	93	98	101	105	110	116	121	127	131	136	143	/
1A_NB	8	a	88	93	98	104	110	115	120	123	127	134	138	143	147	151	159	165
1A_NB	8	d	90	94	99	106	112	117	121	125	129	136	140	145	148	153	160	/
1A_NB	9	a	97	101	106	113	118	122	126	129	132	139	143	148	151	156	164	170
1A_NB	9	d	98	102	107	114	119	123	127	130	134	141	145	150	153	158	166	/
1A_NB	10	a	124	128	136	143	147	151	155	158	161	168	172	178	182	186	195	202
1A_NB	10	d	125	130	137	144	149	153	156	159	163	170	174	180	183	187	196	/
1A_NB	11	a	137	143	150	157	163	168	172	175	180	186	190	195	198	203	214	219
1A_NB	11	d	139	145	152	159	165	169	173	177	182	187	192	197	200	205	215	/
1A_NB	12	a	166	171	178	185	190	193	198	202	206	211	215	220	222	227	236	241
1A_NB	12	d	168	173	179	186	191	195	199	203	207	212	216	221	223	228	237	/
1A_NB	13	a	175	180	186	194	200	205	209	214	218	225	229	234	236	240	248	253
1A_NB	13	d	177	182	188	196	202	206	211	215	220	227	231	235	237	241	249	/
1A_NB	14	a	203	208	214	221	228	233	238	242	247	252	256	260	263	267	274	280
1A_NB	14	d	205	209	215	223	229	235	240	244	248	253	257	262	264	269	276	/
1A_NB	15	a	228	234	240	249	256	260	265	270	273	277	281	285	287	292	299	306
1A_NB	15	d	230	236	242	250	257	262	267	271	274	279	282	286	289	293	301	/
1A_NB	16	a	252	258	263	270	276	279	284	288	293	299	303	308	311	315	322	328
1A_NB	16	d	254	259	264	271	277	281	286	290	295	301	304	310	312	316	323	/
2A_NB	1	a	4	7	12	15	18	22	27	30	34	42	45	51	53	55	58	64	67	71	74	77	83	87
2A_NB	1	d	5	8	13	16	19	23	28	31	35	43	46	52	54	56	59	65	68	72	75	78	84	/
2A_NB	2	a	9	12	17	20	23	27	32	35	39	47	50	56	58	60	64	70	73	77	80	84	90	95
2A_NB	2	d	10	13	18	21	24	28	33	36	40	48	51	57	59	61	65	71	75	78	82	85	92	/
2A_NB	3	a	14	17	23	26	29	33	38	41	45	53	56	62	64	66	70	76	80	83	86	89	96	100
2A_NB	3	d	15	18	24	27	30	34	39	42	46	54	57	63	65	67	71	77	81	84	87	90	97	/
2A_NB	4	a	19	22	28	31	34	38	43	46	49	58	61	67	69	71	75	81	85	88	91	94	101	105
2A_NB	4	d	20	23	29	32	35	39	44	47	51	59	62	68	70	72	76	82	86	89	92	95	102	/
2A_NB	5	a	24	27	33	36	39	43	48	52	55	63	67	73	75	77	80	86	90	94	98	101	108	112
2A_NB	5	d	25	28	34	37	40	44	50	53	56	64	68	74	76	78	81	87	91	95	99	102	109	/
2A_NB	6	a	29	32	38	42	45	48	54	57	60	67	72	78	80	82	85	91	95	99	103	106	115	119
2A_NB	6	d	30	33	40	43	46	49	55	58	62	69	73	79	81	83	86	92	96	100	104	107	116	/
2A_NB	7	a	34	37	43	47	49	53	59	62	66	72	77	82	85	87	90	96	100	105	108	112	121	125
2A_NB	7	d	35	38	45	48	51	54	60	64	67	74	78	84	86	88	91	97	102	106	109	113	122	/
2A_NB	8	a	39	42	48	52	54	58	64	67	71	77	82	87	90	92	96	102	106	109	113	118	127	131
2A_NB	8	d	40	43	50	53	56	59	65	69	72	79	83	89	91	93	97	103	107	111	115	119	128	/
2A_NB	9	a	44	47	53	57	59	63	69	72	76	83	87	92	96	98	102	108	112	115	118	123	133	137
2A_NB	9	d	45	48	55	58	61	64	70	74	77	84	88	94	97	99	103	109	113	116	120	124	134	/
2A_NB	10	a	49	52	59	62	65	68	74	78	81	88	92	98	102	104	107	113	117	120	124	128	138	141
2A_NB	10	d	50	54	60	63	66	69	75	79	82	89	93	100	103	105	108	114	118	121	125	129	139	/
2A_NB	11	a	55	58	64	67	70	73	79	83	86	93	96	103	107	110	113	119	123	126	130	134	142	146
2A_NB	11	d	56	59	65	68	71	74	80	84	87	94	98	105	108	111	114	120	124	127	131	135	144	/
2A_NB	12	a	60	63	68	72	75	78	86	90	93	101	104	111	114	117	120	126	130	133	137	140	148	152
2A_NB	12	d	61	64	70	73	76	80	87	91	94	102	105	112	115	118	121	127	131	134	138	141	150	/
2A_NB	13	a	70	73	78	82	86	90	96	101	105	114	118	125	128	130	133	139	143	146	150	154	161	165
2A_NB	13	d	71	74	80	84	88	92	98	103	106	115	119	127	129	131	135	141	144	148	152	155	163	/
2A_NB	14	a	75	79	87	91	95	98	104	109	113	122	126	135	138	141	145	151	156	159	163	166	174	177
2A_NB	14	d	76	81	89	93	96	100	106	110	114	124	128	136	139	142	147	153	157	161	164	168	175	/
2A_NB	15	a	101	104	111	115	119	122	128	131	134	142	145	151	154	156	159	164	169	173	176	181	189	193
2A_NB	15	d	102	106	113	117	120	123	129	132	136	143	146	152	155	157	160	166	170	174	178	182	190	/
2A_NB	16	a	117	120	126	130	132	136	141	145	149	157	161	168	170	174	179	184	188	192	195	200	208	211
2A_NB	16	d	118	122	128	131	134	137	143	147	151	158	162	169	172	176	180	185	189	193	197	201	209	/
2A_SB	1	a	16	18	26	30	33	36	41	49	53	57	62	66	72	76	84	88	91	98	101	105	109	113	123	129
2A_SB	1	d	17	20	27	31	35	38	43	51	55	59	64	67	73	78	86	89	92	99	102	106	110	114	124	/
2A_SB	2	a	27	29	35	40	43	47	50	58	61	65	70	73	78	83	91	95	98	105	109	113	117	121	131	137
2A_SB	2	d	28	30	37	41	45	48	52	59	63	67	71	75	80	85	92	96	99	107	110	114	118	123	132	/
2A_SB	3	a	47	50	57	61	65	68	72	79	81	84	88	91	96	99	105	108	112	120	123	127	131	134	145	150
2A_SB	3	d	48	52	59	63	67	70	74	80	82	85	89	92	97	100	106	109	113	121	124	128	132	135	146	/
2A_SB	4	a	53	56	63	67	71	74	78	85	87	91	94	99	105	110	118	122	125	131	134	138	142	146	157	162
2A_SB	4	d	54	58	65	69	73	76	80	86	89	92	96	101	107	112	120	123	126	132	135	139	143	147	158	/
2A_SB	5	a	60	63	70	73	77	80	83	90	94	97	101	106	112	117	125	129	132	138	141	145	149	154	164	170
2A_SB	5	d	61	64	71	75	78	81	85	92	95	99	103	108	114	119	127	130	133	139	142	146	151	156	166	/
2A_SB	6	a	66	70	77	81	84	87	90	98	102	106	110	113	119	123	130	134	138	143	146	150	154	159	169	175
2A_SB	6	d	68	71	78	82	85	88	92	100	104	108	111	115	121	124	132	135	139	144	147	151	156	161	171	/
2A_SB	7	a	79	82	88	92	95	97	101	108	111	114	117	120	126	129	136	140	144	149	152	155	159	164	176	182
2A_SB	7	d	81	83	89	93	96	98	102	109	112	115	118	121	127	130	137	141	145	150	153	156	161	166	178	/
2A_SB	8	a	91	95	101	105	108	111	114	121	124	127	130	133	139	143	149	153	158	164	166	170	174	177	188	193
2A_SB	8	d	93	96	102	106	109	112	115	122	125	128	131	134	140	145	151	155	159	165	167	171	175	178	189	/
2A_SB	9	a	103	106	113	117	121	123	127	133	136	139	142	145	151	154	161	164	167	172	174	178	182	186	199	204
2A_SB	9	d	105	107	115	119	122	125	129	134	137	140	143	146	152	155	162	165	168	173	175	179	183	187	200	/
2A_SB	10	a	110	113	120	125	130	133	136	141	144	147	150	153	160	164	170	173	176	181	183	186	189	193	206	212
2A_SB	10	d	112	114	122	127	132	134	137	142	145	148	151	155	162	165	171	174	177	182	184	187	190	194	208	/
2A_SB	11	a	121	124	132	137	142	145	149	155	157	160	163	166	171	175	182	185	190	196	199	203	207	210	220	226
2A_SB	11	d	123	126	134	139	144	147	150	156	158	161	164	167	173	177	183	187	191	197	200	204	208	211	222	/
2A_SB	12	a	127	129	137	142	147	150	155	162	165	169	173	176	182	186	192	195	198	204	208	212	215	218	228	235
2A_SB	12	d	128	131	139	144	149	152	157	164	167	170	174	178	184	187	193	196	200	206	210	213	216	219	230	/
2A_SB	13	a	140	142	149	154	158	161	166	173	176	179	182	185	192	195	200	203	206	211	213	217	220	223	233	240
2A_SB	13	d	141	144	151	155	159	163	167	174	177	180	183	187	193	196	201	204	207	212	215	218	221	224	235	/
2A_SB	14	a	150	153	161	166	169	171	175	182	185	189	192	195	200	203	208	211	215	221	223	226	230	234	248	254
2A_SB	14	d	151	155	163	167	170	172	176	183	186	190	193	196	201	204	209	212	216	222	224	228	231	236	249	/
2A_SB	15	a	160	163	170	175	178	180	184	190	193	197	200	203	208	211	216	219	224	231	234	237	241	245	257	263
2A_SB	15	d	161	164	172	176	179	181	185	191	194	198	201	204	209	212	217	221	226	233	235	239	242	246	259	/
2A_SB	16	a	167	169	176	180	184	186	190	196	199	203	206	209	215	219	224	228	232	238	240	243	248	253	267	272
2A_SB	16	d	168	170	177	181	185	187	191	197	200	204	207	210	216	220	225	229	233	239	241	245	250	255	268	/
3A_SB	1	a	29	35	42	46	50	55	58	62	66	71	74	76	79	82	85	89	93	96
3A_SB	1	d	30	37	44	48	52	57	60	64	68	72	75	77	80	83	87	91	94	/
3A_SB	2	a	42	48	53	56	59	64	66	69	73	78	81	83	86	89	93	97	100	104
3A_SB	2	d	43	49	54	57	61	65	67	71	75	79	82	84	87	90	94	98	102	/
3A_SB	3	a	60	65	71	75	79	82	85	87	91	96	98	101	104	108	112	116	119	122
3A_SB	3	d	61	67	73	77	80	84	86	88	93	97	99	102	105	109	113	117	120	/
3A_SB	4	a	65	70	76	81	85	88	90	92	96	101	103	106	110	114	118	122	125	128
3A_SB	4	d	66	72	78	83	86	89	91	93	98	102	104	107	111	115	119	123	126	/
3A_SB	5	a	75	79	86	91	95	99	101	103	107	111	113	115	119	122	125	129	133	136
3A_SB	5	d	76	81	88	92	96	100	102	105	108	112	114	116	120	123	127	131	134	/
3A_SB	6	a	85	89	96	100	104	107	109	112	115	119	121	124	127	131	134	138	141	146
3A_SB	6	d	86	90	97	101	105	108	110	113	116	120	122	125	129	132	135	139	143	/
3A_SB	7	a	90	95	102	106	110	113	115	118	121	125	127	130	133	136	140	145	148	152
3A_SB	7	d	91	96	103	107	111	114	116	119	122	126	128	131	134	137	142	146	149	/
3A_SB	8	a	101	106	112	115	119	124	127	129	133	138	140	143	147	150	154	158	162	166
3A_SB	8	d	102	107	113	116	121	125	128	131	135	139	141	144	148	151	156	160	164	/
3A_SB	9	a	119	125	132	136	140	143	146	149	154	158	160	162	166	169	173	176	179	182
3A_SB	9	d	120	126	134	137	141	144	147	151	155	159	161	163	167	170	174	177	180	/
3A_SB	10	a	128	134	141	145	150	154	158	161	166	171	173	176	180	183	187	190	194	198
3A_SB	10	d	129	136	143	147	152	156	160	163	168	172	174	177	181	184	188	191	195	/
3A_SB	11	a	142	147	154	158	163	167	170	172	176	181	183	185	188	191	195	198	201	205
3A_SB	11	d	143	149	156	160	165	168	171	173	178	182	184	186	189	192	196	199	202	/
3A_SB	12	a	150	154	161	165	169	172	175	177	181	187	189	191	194	198	201	205	208	212
3A_SB	12	d	151	156	163	167	170	173	176	178	183	188	190	192	195	199	203	206	209	/
3A_SB	13	a	155	159	166	171	174	177	180	183	187	192	194	196	200	204	207	210	213	216
3A_SB	13	d	156	161	168	172	175	178	181	184	188	193	195	197	201	205	208	211	214	/
3A_SB	14	a	162	166	173	177	180	183	187	191	195	200	202	204	208	212	215	218	222	226
3A_SB	14	d	163	168	174	178	181	185	189	192	197	201	203	205	209	213	216	220	224	/
3A_SB	15	a	172	178	184	188	191	194	197	199	203	208	210	212	215	219	222	225	229	232
3A_SB	15	d	173	179	185	189	192	195	198	201	205	209	211	213	216	220	223	227	230	/
3A_SB	16	a	182	187	194	199	203	208	211	215	219	222	224	227	232	237	241	244	248	252
3A_SB	16	d	183	189	196	201	205	209	213	217	220	223	226	229	234	239	242	245	250	/
3A_NB	1	a	9	12	15	19	22	26	29	34	39	43	47	52	56	60	65	68	73	79	86
3A_NB	1	d	10	14	17	21	24	27	31	36	40	45	48	54	58	62	66	69	75	80	/
3A_NB	2	a	21	25	29	32	35	39	42	47	51	55	59	64	69	72	76	80	85	91	96
3A_NB	2	d	22	27	30	34	36	40	44	48	53	57	61	66	70	73	78	81	87	92	/
3A_NB	3	a	48	52	56	58	62	66	69	74	78	81	84	88	93	97	101	105	109	114	120
3A_NB	3	d	49	53	57	60	64	67	71	76	79	83	85	90	95	99	103	106	111	116	/
3A_NB	4	a	74	77	82	85	89	93	96	101	105	109	113	118	122	126	129	132	136	142	148
3A_NB	4	d	75	79	84	87	91	94	98	102	107	111	115	119	123	127	130	133	137	143	/
3A_NB	5	a	94	97	101	103	107	111	115	120	125	130	133	138	142	145	149	151	157	162	167
3A_NB	5	d	95	99	102	105	109	113	117	122	127	132	135	139	143	146	150	152	158	163	/
3A_NB	6	a	100	103	107	109	112	116	120	125	130	135	138	143	147	150	154	156	162	167	173
3A_NB	6	d	101	105	108	110	114	118	122	127	132	137	140	144	148	151	155	157	163	168	/
3A_NB	7	a	105	109	112	114	118	122	127	132	137	142	145	150	153	157	161	163	169	174	180
3A_NB	7	d	106	110	113	116	120	124	129	134	139	144	147	151	154	158	162	164	170	175	/
3A_NB	8	a	110	114	117	120	124	128	133	138	142	147	150	156	159	163	167	170	174	179	184
3A_NB	8	d	111	115	119	122	126	130	135	140	144	149	152	157	160	165	168	171	175	180	/
3A_NB	9	a	119	122	125	128	131	135	139	144	147	152	156	161	164	168	172	175	180	184	189
3A_NB	9	d	120	123	127	129	133	136	141	145	149	154	157	162	165	170	173	177	181	185	/
3A_NB	10	a	129	132	135	138	141	144	148	153	156	161	165	171	174	179	182	185	191	195	202
3A_NB	10	d	130	133	137	140	142	145	150	154	158	163	167	172	176	180	184	187	192	197	/
3A_NB	11	a	137	141	144	147	150	155	160	165	169	173	176	182	185	189	192	195	200	205	211
3A_NB	11	d	138	142	146	149	152	157	162	167	171	175	178	183	186	190	194	197	202	206	/
3A_NB	12	a	145	149	153	156	159	164	168	173	177	181	185	191	194	198	201	203	207	211	218
3A_NB	12	d	146	151	155	158	161	166	170	175	179	183	187	192	195	199	202	204	208	212	/
3A_NB	13	a	154	157	160	163	167	170	174	179	183	188	191	196	199	203	206	208	212	218	225
3A_NB	13	d	155	158	162	165	168	172	176	181	185	189	192	197	200	204	207	209	214	219	/
3A_NB	14	a	159	162	166	169	172	176	180	184	188	193	196	202	205	209	212	214	219	225	230
3A_NB	14	d	160	164	168	170	174	178	181	186	190	195	197	203	206	210	213	215	221	226	/
3A_NB	15	a	164	167	172	174	178	182	187	192	195	198	201	207	210	213	217	219	224	230	235
3A_NB	15	d	165	169	173	176	180	184	189	193	196	200	202	208	211	215	218	220	226	231	/
3A_NB	16	a	173	176	181	184	187	191	196	201	204	207	209	215	218	221	224	227	233	238	243
3A_NB	16	d	174	178	183	186	189	193	198	202	205	208	211	216	219	222	225	229	234	239	/
