RouteID	RunID	Arrivals/Departures	TimePerStop
1A_SB	1	a	7	10	13	23	27	31	37	41	45	49	54	58	68	73	80
1A_SB	1	d	8	11	15	24	28	32	39	43	47	51	56	60	70	75	/
1A_SB	2	a	28	32	38	47	51	55	62	66	70	74	77	81	92	96	104
1A_SB	2	d	29	34	39	49	52	57	64	67	72	75	78	83	93	98	/
1A_SB	3	a	52	56	61	70	75	79	86	91	95	99	104	108	117	121	129
1A_SB	3	d	53	58	63	72	77	81	88	93	97	101	105	109	119	123	/
1A_SB	4	a	71	76	81	92	96	100	107	111	116	120	124	128	140	144	152
1A_SB	4	d	73	78	83	93	97	102	109	113	118	121	125	130	141	145	/
1A_SB	5	a	86	91	95	104	107	110	117	120	124	128	133	137	148	152	160
1A_SB	5	d	88	92	96	105	108	111	118	121	125	130	135	139	150	153	/
1A_SB	6	a	100	103	108	118	121	125	132	135	139	143	146	150	160	164	172
1A_SB	6	d	101	105	109	119	122	126	133	136	140	144	148	152	162	166	/
1A_SB	7	a	117	121	126	136	139	143	150	154	158	161	165	168	177	180	188
1A_SB	7	d	119	123	127	137	140	144	151	155	159	162	166	169	178	181	/
1A_SB	8	a	130	135	139	148	151	155	160	164	168	171	174	177	186	191	200
1A_SB	8	d	132	137	141	149	152	156	161	165	169	172	175	178	188	193	/
1A_SB	9	a	142	147	150	160	163	167	172	176	181	186	189	192	202	205	212
1A_SB	9	d	144	148	151	161	164	168	174	178	183	187	190	193	203	206	/
1A_SB	10	a	148	152	155	166	170	174	179	183	187	191	195	199	208	211	220
1A_SB	10	d	149	153	157	168	171	175	180	184	188	193	196	200	209	212	/
1A_SB	11	a	155	159	163	173	176	180	185	189	193	197	201	205	215	218	227
1A_SB	11	d	156	161	165	174	177	181	186	190	195	198	202	207	216	219	/
1A_SB	12	a	172	177	182	191	195	199	205	210	215	219	224	227	235	238	246
1A_SB	12	d	174	179	184	193	197	201	207	212	217	221	225	228	236	239	/
1A_SB	13	a	187	190	194	203	207	210	216	220	224	227	230	233	242	247	254
1A_SB	13	d	188	191	196	204	208	212	217	221	225	228	231	235	244	249	/
1A_SB	14	a	198	202	206	214	218	221	227	233	237	240	243	246	255	259	266
1A_SB	14	d	200	203	207	216	219	223	229	235	238	241	244	247	256	260	/
1A_SB	15	a	206	210	214	223	226	230	236	241	244	247	250	253	263	267	274
1A_SB	15	d	208	211	215	224	227	231	237	242	245	248	251	255	264	268	/
1A_SB	16	a	211	216	220	229	233	238	244	247	250	254	258	261	270	274	281
1A_SB	16	d	213	217	221	230	235	240	245	248	252	255	259	262	271	275	/
1A_SB	17	a	217	221	225	235	240	244	250	253	256	259	263	267	276	280	287
1A_SB	17	d	218	222	226	237	242	246	251	254	257	260	265	268	277	281	/
1A_SB	18	a	238	242	245	256	259	263	269	273	277	281	285	288	297	300	308
1A_SB	18	d	239	243	246	257	260	264	270	274	278	283	286	289	298	301	/
1A_SB	19	a	243	248	251	262	265	269	274	279	283	287	291	295	304	307	315
1A_SB	19	d	245	249	252	263	266	270	276	280	284	289	293	296	305	308	/
1A_SB	20	a	248	253	256	266	270	274	279	284	289	294	297	300	309	313	321
1A_SB	20	d	250	254	258	268	271	275	281	286	291	295	298	302	311	314	/
1A_SB	21	a	257	261	266	275	279	283	288	292	296	300	305	309	317	320	328
1A_SB	21	d	259	263	267	276	280	284	290	293	297	302	306	310	318	321	/
1A_SB	22	a	262	266	271	280	284	288	294	298	302	305	310	314	325	328	335
1A_SB	22	d	264	268	273	281	285	289	296	299	303	307	311	316	326	330	/
1A_SB	23	a	269	273	277	286	290	294	300	304	308	311	315	319	330	334	340
1A_SB	23	d	270	274	279	288	291	295	301	305	309	312	317	321	331	335	/
1A_SB	24	a	274	278	282	291	295	300	305	309	314	319	324	328	338	343	351
1A_SB	24	d	275	279	284	293	297	302	306	311	316	321	326	330	340	345	/
1A_SB	25	a	298	302	307	316	320	325	331	336	339	343	347	351	361	364	370
1A_SB	25	d	299	304	309	318	322	326	333	337	340	344	348	352	362	365	/
1A_SB	26	a	322	326	331	340	344	348	354	358	363	366	369	373	382	386	393
1A_SB	26	d	323	328	333	342	346	350	356	360	364	367	370	374	383	387	/
1A_SB	27	a	328	332	337	345	349	353	359	363	368	371	375	379	387	392	399
1A_SB	27	d	329	333	338	347	351	355	361	365	369	373	377	380	389	393	/
1A_SB	28	a	335	339	345	354	357	360	366	369	374	378	383	386	394	397	405
1A_SB	28	d	336	341	347	355	358	361	367	371	376	380	384	387	395	399	/
1A_SB	29	a	342	346	350	359	363	368	374	378	383	387	391	396	405	408	415
1A_SB	29	d	343	347	352	361	365	369	376	380	385	388	393	397	406	410	/
1A_SB	30	a	352	356	361	369	373	377	383	386	391	395	398	402	411	414	420
1A_SB	30	d	353	358	363	371	375	378	384	388	393	396	399	403	412	415	/
1A_SB	31	a	357	361	366	374	378	382	388	391	396	400	403	407	417	421	428
1A_SB	31	d	358	363	368	376	380	383	389	393	398	401	404	408	419	423	/
1A_SB	32	a	385	389	393	402	405	409	416	420	424	427	431	434	443	446	452
1A_SB	32	d	386	390	394	403	406	410	417	421	425	428	432	435	444	447	/
1A_NB	1	a	5	15	18	28	33	37	41	45	48	54	57	61	68	72	77
1A_NB	1	d	6	16	20	29	35	39	42	46	50	55	58	62	69	74	/
1A_NB	2	a	25	36	39	49	55	59	64	69	74	80	84	88	98	102	107
1A_NB	2	d	26	37	41	51	57	61	66	71	76	82	86	90	99	104	/
1A_NB	3	a	55	64	68	78	85	89	94	99	103	111	114	118	128	132	136
1A_NB	3	d	56	66	70	80	87	91	96	101	105	112	116	120	129	133	/
1A_NB	4	a	76	87	91	101	107	112	116	119	122	129	133	137	148	152	156
1A_NB	4	d	78	88	92	102	109	113	117	120	124	131	135	138	150	153	/
1A_NB	5	a	93	102	107	119	125	130	134	138	142	147	150	153	161	164	168
1A_NB	5	d	95	104	109	121	127	132	136	140	143	148	151	154	162	166	/
1A_NB	6	a	109	120	124	137	143	146	150	154	157	163	167	170	178	182	186
1A_NB	6	d	111	122	126	138	144	147	151	155	158	165	168	171	180	183	/
1A_NB	7	a	114	125	129	142	148	151	155	159	162	168	172	175	183	187	192
1A_NB	7	d	116	127	131	143	149	152	156	160	163	170	173	176	185	189	/
1A_NB	8	a	120	131	135	146	153	157	161	165	169	176	180	184	193	198	202
1A_NB	8	d	122	133	137	148	154	158	162	166	171	178	182	185	195	200	/
1A_NB	9	a	126	137	141	152	158	163	168	173	177	183	186	189	198	203	207
1A_NB	9	d	128	139	143	154	160	165	170	174	178	184	187	190	200	205	/
1A_NB	10	a	136	146	150	161	166	169	173	178	182	188	191	195	203	208	213
1A_NB	10	d	138	148	152	162	167	170	175	179	184	189	193	196	205	210	/
1A_NB	11	a	143	153	157	167	172	175	179	183	187	193	197	201	210	214	219
1A_NB	11	d	145	154	158	168	173	176	181	185	189	195	199	203	212	216	/
1A_NB	12	a	157	169	173	183	189	193	198	203	208	214	218	223	234	237	241
1A_NB	12	d	159	170	174	185	191	195	200	205	210	215	220	225	235	238	/
1A_NB	13	a	167	176	180	191	196	200	204	208	213	219	224	228	239	243	247
1A_NB	13	d	169	177	181	192	197	201	205	210	215	221	226	230	240	244	/
1A_NB	14	a	197	206	209	219	225	228	231	235	238	245	249	252	260	263	267
1A_NB	14	d	198	207	210	220	226	229	232	236	239	247	250	253	261	264	/
1A_NB	15	a	205	214	218	228	234	238	242	247	252	257	260	264	273	277	282
1A_NB	15	d	206	215	219	230	236	240	244	249	253	258	261	265	274	279	/
1A_NB	16	a	212	221	226	238	245	249	253	258	262	270	273	276	284	289	293
1A_NB	16	d	214	223	228	240	247	251	255	260	264	271	274	277	286	290	/
1A_NB	17	a	227	236	239	247	254	258	261	265	269	275	278	282	290	294	298
1A_NB	17	d	229	237	240	249	256	259	262	267	270	276	280	283	291	295	/
1A_NB	18	a	232	241	245	253	259	263	266	271	274	281	284	287	295	299	303
1A_NB	18	d	234	243	246	255	261	264	268	272	276	282	285	288	296	300	/
1A_NB	19	a	238	246	250	258	264	268	271	276	280	286	289	292	300	304	308
1A_NB	19	d	239	248	251	260	266	269	273	278	281	287	290	293	301	305	/
1A_NB	20	a	243	252	255	263	269	273	276	281	285	290	294	297	305	309	313
1A_NB	20	d	244	253	256	265	271	274	278	283	286	292	295	298	306	310	/
1A_NB	21	a	248	257	260	268	274	278	281	286	290	295	299	302	310	314	317
1A_NB	21	d	249	258	261	270	276	279	283	288	291	297	300	303	311	315	/
1A_NB	22	a	252	262	265	273	279	283	288	292	296	302	306	310	319	324	328
1A_NB	22	d	254	263	266	275	281	285	290	294	298	304	308	312	321	326	/
1A_NB	23	a	262	272	276	284	291	295	300	304	308	313	316	319	328	332	336
1A_NB	23	d	264	274	277	286	293	297	302	305	309	314	317	320	329	333	/
1A_NB	24	a	268	278	281	289	296	300	305	309	313	318	322	325	335	339	343
1A_NB	24	d	270	279	282	291	298	302	307	310	314	320	323	327	336	340	/
1A_NB	25	a	273	283	286	295	302	307	312	316	321	326	329	332	343	347	351
1A_NB	25	d	275	284	287	297	304	309	314	318	322	327	330	334	345	348	/
1A_NB	26	a	278	288	291	301	307	312	317	322	327	333	336	340	350	353	357
1A_NB	26	d	280	289	293	303	309	314	319	324	329	334	338	341	351	354	/
1A_NB	27	a	301	313	316	325	331	335	339	343	346	351	354	357	366	370	374
1A_NB	27	d	302	314	317	326	333	336	340	344	347	352	355	358	367	371	/
1A_NB	28	a	312	324	327	336	342	345	350	355	360	365	369	372	382	386	391
1A_NB	28	d	313	325	328	338	343	347	351	357	361	367	370	374	383	388	/
1A_NB	29	a	340	348	352	363	369	373	377	381	385	392	395	400	409	413	417
1A_NB	29	d	341	350	354	365	370	374	379	383	387	393	397	401	410	414	/
1A_NB	30	a	369	378	382	393	398	402	406	411	416	422	426	429	437	441	445
1A_NB	30	d	370	380	384	395	400	404	408	413	417	423	427	430	438	442	/
1A_NB	31	a	396	407	411	421	427	431	435	441	444	450	454	457	466	470	474
1A_NB	31	d	397	409	412	422	429	432	437	442	446	451	455	458	467	471	/
1A_NB	32	a	415	426	429	438	444	448	451	456	459	464	467	472	482	486	491
1A_NB	32	d	416	427	431	440	445	449	453	457	460	465	469	473	483	488	/
2A_NB	1	a	5	8	13	16	20	25	28	31	40	44	50	54	58	62	67	69	72	75
2A_NB	1	d	6	9	14	17	21	26	29	32	42	46	52	56	59	63	68	70	73	/
2A_NB	2	a	16	20	26	31	35	42	46	51	60	63	69	72	76	80	84	86	90	95
2A_NB	2	d	17	21	28	33	37	43	48	52	61	65	71	74	77	81	85	88	92	/
2A_NB	3	a	29	32	36	39	42	48	51	56	66	70	76	79	83	88	94	98	103	107
2A_NB	3	d	30	33	37	40	43	49	53	58	68	72	78	81	85	90	96	100	105	/
2A_NB	4	a	34	37	41	44	48	53	56	61	72	75	82	84	88	93	99	103	108	112
2A_NB	4	d	35	38	42	45	49	54	58	63	73	77	83	86	90	95	101	105	110	/
2A_NB	5	a	39	42	46	49	53	58	61	66	77	81	87	89	93	98	104	108	113	117
2A_NB	5	d	40	43	47	50	54	59	63	68	78	82	88	91	95	100	106	110	115	/
2A_NB	6	a	44	48	53	56	60	66	70	74	82	86	92	94	98	103	109	113	118	123
2A_NB	6	d	45	49	54	57	61	67	71	75	83	87	93	96	100	105	111	115	120	/
2A_NB	7	a	49	53	58	62	66	72	76	79	88	93	99	101	105	110	116	119	124	128
2A_NB	7	d	50	54	60	64	67	73	77	81	90	94	100	103	107	112	117	121	125	/
2A_NB	8	a	60	63	68	71	74	80	83	86	94	99	106	110	113	118	123	127	132	137
2A_NB	8	d	61	64	69	72	76	81	84	87	96	101	108	111	115	119	125	129	134	/
2A_NB	9	a	71	74	80	84	87	93	98	103	112	116	122	126	130	135	141	144	148	153
2A_NB	9	d	72	76	82	85	89	95	100	105	114	118	124	128	132	137	143	146	150	/
2A_NB	10	a	77	80	85	89	94	100	105	109	118	123	129	133	137	142	148	151	154	158
2A_NB	10	d	78	81	87	91	95	102	107	111	120	125	131	135	139	144	150	152	155	/
2A_NB	11	a	87	90	96	100	105	111	115	119	127	132	138	141	145	150	156	159	163	168
2A_NB	11	d	88	92	98	102	107	113	117	121	129	134	140	143	147	152	158	161	165	/
2A_NB	12	a	93	96	102	106	111	117	121	125	133	138	145	148	152	157	163	166	170	174
2A_NB	12	d	94	98	104	108	113	119	123	127	135	140	147	150	154	159	165	167	171	/
2A_NB	13	a	98	101	107	111	116	122	127	130	138	143	150	154	157	162	168	171	175	179
2A_NB	13	d	99	103	109	113	118	124	128	132	140	145	152	155	159	164	170	172	176	/
2A_NB	14	a	103	106	113	116	121	128	132	135	145	149	156	159	162	167	173	176	180	184
2A_NB	14	d	104	108	114	118	123	129	133	137	146	150	157	160	164	169	175	177	181	/
2A_NB	15	a	108	112	118	123	126	133	138	141	150	155	163	167	170	174	179	181	184	189
2A_NB	15	d	109	113	120	124	128	135	139	142	152	157	165	168	171	175	180	182	186	/
2A_NB	16	a	117	121	127	132	136	143	148	151	160	165	173	176	179	182	189	191	194	198
2A_NB	16	d	118	123	129	134	138	145	149	153	162	167	174	177	180	184	190	192	195	/
2A_NB	17	a	147	151	156	161	166	173	177	181	190	195	201	204	208	213	219	221	224	227
2A_NB	17	d	148	152	158	163	168	175	179	183	192	197	203	206	210	214	220	222	225	/
2A_NB	18	a	177	180	186	191	194	199	204	207	214	218	224	228	231	236	242	245	249	253
2A_NB	18	d	178	182	188	192	195	201	205	208	215	219	226	230	233	237	243	246	250	/
2A_NB	19	a	183	187	193	197	200	206	210	214	223	227	232	235	237	241	248	251	255	259
2A_NB	19	d	184	189	195	198	202	207	212	216	224	228	233	236	238	243	249	252	257	/
2A_NB	20	a	194	197	204	207	210	216	219	222	230	234	240	244	248	253	260	263	268	273
2A_NB	20	d	195	199	205	208	211	217	220	223	232	236	242	246	250	255	262	265	270	/
2A_NB	21	a	200	203	209	212	216	222	225	228	238	243	248	252	256	261	268	272	275	279
2A_NB	21	d	201	204	210	213	217	223	226	230	240	244	250	254	258	263	270	273	276	/
2A_NB	22	a	220	223	229	232	236	241	244	248	258	262	267	269	272	276	281	285	289	294
2A_NB	22	d	221	225	230	233	237	242	245	249	259	263	268	270	273	277	283	286	290	/
2A_NB	23	a	244	248	254	258	263	268	272	277	285	290	296	298	301	306	311	314	319	323
2A_NB	23	d	245	250	256	260	264	270	274	279	287	291	297	300	303	307	313	316	320	/
2A_NB	24	a	273	277	283	288	292	298	303	308	316	320	325	328	331	335	342	345	349	353
2A_NB	24	d	274	279	285	290	294	300	304	309	317	321	327	330	333	337	343	346	350	/
2A_NB	25	a	303	307	313	317	321	327	332	336	346	350	355	359	361	366	371	374	379	382
2A_NB	25	d	304	309	315	319	323	329	334	338	347	351	357	360	363	367	373	375	380	/
2A_NB	26	a	333	336	343	348	352	358	361	366	374	378	386	389	392	396	401	404	407	412
2A_NB	26	d	334	338	345	349	353	359	363	368	376	380	387	390	393	397	403	405	409	/
2A_NB	27	a	363	366	372	377	381	387	391	395	404	408	414	418	421	424	432	434	438	442
2A_NB	27	d	364	368	374	379	383	389	393	397	406	410	416	420	422	426	433	435	439	/
2A_NB	28	a	391	395	401	405	409	415	420	425	434	438	444	448	451	454	460	463	468	472
2A_NB	28	d	392	397	403	407	411	417	422	427	436	440	446	450	452	456	462	465	469	/
2A_NB	29	a	419	422	427	432	435	441	446	449	458	463	469	471	474	479	485	488	493	496
2A_NB	29	d	420	423	429	433	437	443	447	450	460	464	470	473	476	481	487	490	494	/
2A_NB	30	a	447	450	455	460	464	470	474	478	486	490	496	498	502	507	513	516	520	525
2A_NB	30	d	448	451	457	462	466	471	476	479	487	492	497	500	504	509	515	517	522	/
2A_NB	31	a	476	479	485	489	493	499	504	507	516	520	525	528	531	535	541	543	547	552
2A_NB	31	d	477	481	487	490	494	501	505	508	517	521	527	529	532	536	542	544	548	/
2A_NB	32	a	498	501	507	511	514	521	525	528	538	542	549	553	556	559	566	569	572	575
2A_NB	32	d	499	503	508	512	516	522	526	530	540	544	551	554	557	561	567	570	573	/
2A_SB	1	a	18	21	25	28	35	38	43	47	51	55	58	64	68	73	79	83	87	90
2A_SB	1	d	19	23	26	30	36	40	44	49	52	56	60	66	70	74	81	84	88	/
2A_SB	2	a	43	47	51	55	61	64	69	73	77	83	86	91	95	98	103	106	109	113
2A_SB	2	d	44	49	53	57	63	66	71	75	78	84	87	92	96	99	104	107	110	/
2A_SB	3	a	61	66	69	73	78	81	85	89	93	99	103	108	111	115	120	124	127	130
2A_SB	3	d	63	67	70	74	80	83	87	91	95	101	104	109	112	116	121	125	128	/
2A_SB	4	a	75	79	82	86	93	97	102	105	108	114	118	125	128	132	138	142	146	150
2A_SB	4	d	77	80	84	88	95	99	103	106	110	116	120	126	130	133	140	144	148	/
2A_SB	5	a	90	94	96	99	105	107	110	113	116	122	127	134	138	142	148	151	155	159
2A_SB	5	d	92	95	97	100	106	108	111	114	118	124	129	135	139	143	149	152	156	/
2A_SB	6	a	99	103	107	110	116	118	122	125	128	134	139	146	151	154	159	162	166	169
2A_SB	6	d	101	105	108	112	117	120	123	126	130	136	141	148	152	155	160	163	167	/
2A_SB	7	a	107	112	116	120	125	127	131	134	138	144	148	154	159	162	167	171	175	178
2A_SB	7	d	109	114	118	122	126	129	132	136	139	145	149	156	160	163	168	172	176	/
2A_SB	8	a	121	125	129	132	136	138	141	144	147	154	159	164	167	170	176	180	184	188
2A_SB	8	d	123	127	130	133	137	139	142	145	149	156	160	165	168	171	177	181	186	/
2A_SB	9	a	126	130	134	137	142	145	148	151	155	162	167	174	178	181	186	190	194	197
2A_SB	9	d	128	132	135	138	144	146	149	153	157	164	169	176	179	182	187	191	195	/
2A_SB	10	a	131	135	139	142	148	150	154	158	161	168	173	180	184	187	192	196	200	203
2A_SB	10	d	133	137	140	144	149	152	156	159	163	170	175	182	185	188	193	197	201	/
2A_SB	11	a	140	143	146	150	155	158	161	165	169	176	181	188	192	195	201	204	208	212
2A_SB	11	d	141	144	148	151	156	159	163	166	171	178	183	190	193	196	202	205	210	/
2A_SB	12	a	150	154	156	159	164	166	170	173	177	184	188	195	199	203	209	212	217	220
2A_SB	12	d	151	155	157	160	165	167	171	174	179	186	190	197	200	204	210	214	218	/
2A_SB	13	a	164	168	170	174	179	182	185	188	192	199	203	208	213	217	223	227	231	235
2A_SB	13	d	165	169	171	175	180	183	186	189	194	201	204	210	214	218	225	228	232	/
2A_SB	14	a	168	173	175	179	184	187	190	193	198	206	210	216	221	226	232	236	240	243
2A_SB	14	d	170	174	176	180	185	188	191	195	200	208	212	218	223	227	234	237	241	/
2A_SB	15	a	177	182	184	188	193	196	200	204	208	215	219	225	229	233	239	242	245	248
2A_SB	15	d	179	183	185	189	194	197	201	205	210	217	221	227	230	234	240	243	246	/
2A_SB	16	a	182	187	189	193	198	201	205	209	213	220	224	231	234	238	245	248	251	254
2A_SB	16	d	184	188	190	194	199	202	206	210	215	222	226	232	235	240	246	249	252	/
2A_SB	17	a	197	201	203	207	213	217	222	225	228	233	238	244	248	252	258	261	265	269
2A_SB	17	d	199	202	204	208	215	219	223	226	229	235	239	245	249	253	259	262	266	/
2A_SB	18	a	206	210	214	217	222	225	229	232	235	240	244	250	255	259	265	268	272	275
2A_SB	18	d	208	212	215	218	223	226	230	233	236	241	246	252	256	260	266	269	273	/
2A_SB	19	a	211	216	219	223	228	231	235	238	241	246	251	257	262	266	272	276	279	283
2A_SB	19	d	213	217	221	224	229	232	236	239	243	248	253	259	263	267	273	277	281	/
2A_SB	20	a	216	221	225	229	235	238	242	246	249	253	257	263	268	272	279	283	286	290
2A_SB	20	d	218	223	227	231	236	240	243	247	250	255	258	265	269	273	280	284	287	/
2A_SB	21	a	226	230	234	238	244	248	251	255	258	264	268	273	277	281	288	291	295	299
2A_SB	21	d	227	232	236	240	246	249	252	256	260	266	270	274	278	282	289	292	296	/
2A_SB	22	a	233	237	241	245	251	255	260	264	267	272	276	280	284	289	297	301	305	309
2A_SB	22	d	234	239	243	247	253	257	261	265	268	273	277	281	286	291	299	302	306	/
2A_SB	23	a	241	245	249	252	257	260	265	269	272	279	284	290	295	300	306	309	313	317
2A_SB	23	d	242	247	250	253	258	262	266	270	274	281	286	292	297	301	307	310	314	/
2A_SB	24	a	258	262	264	268	273	275	278	281	284	290	293	298	302	305	311	314	319	322
2A_SB	24	d	259	263	266	269	274	276	279	282	285	291	294	299	303	306	312	316	320	/
2A_SB	25	a	265	269	272	275	282	285	289	293	296	302	306	311	315	319	326	329	332	335
2A_SB	25	d	266	270	273	277	284	287	291	294	297	303	307	312	316	320	327	330	333	/
2A_SB	26	a	272	276	279	282	288	290	294	298	301	307	311	316	319	324	331	334	338	341
2A_SB	26	d	273	277	280	283	289	292	296	299	302	308	312	317	321	325	332	336	339	/
2A_SB	27	a	283	288	291	294	300	303	307	311	314	322	326	333	337	342	348	352	357	361
2A_SB	27	d	285	289	292	295	301	304	308	312	316	324	328	335	339	344	350	354	359	/
2A_SB	28	a	290	295	298	301	306	310	314	319	323	331	335	340	344	349	355	358	363	366
2A_SB	28	d	292	296	299	302	308	311	316	320	325	332	336	342	346	350	356	360	364	/
2A_SB	29	a	297	302	306	309	314	316	320	324	328	335	340	346	351	356	362	366	370	373
2A_SB	29	d	299	304	307	310	315	317	321	325	330	337	342	348	353	357	363	367	371	/
2A_SB	30	a	321	326	329	333	339	343	347	352	357	362	365	372	375	379	384	387	391	395
2A_SB	30	d	323	327	331	335	341	345	349	354	358	363	366	373	376	380	385	389	393	/
2A_SB	31	a	350	353	357	361	366	369	374	379	383	390	394	400	404	408	413	417	420	424
2A_SB	31	d	351	355	359	362	368	371	376	381	385	391	396	402	405	409	414	418	421	/
2A_SB	32	a	380	384	387	391	397	399	404	408	413	419	424	430	433	437	443	446	450	453
2A_SB	32	d	381	385	389	392	398	401	405	410	415	421	426	431	434	439	444	448	451	/
3A_SB	1	a	16	22	25	30	33	36	40	44	48	51	55	58	63	66	70	75	78
3A_SB	1	d	17	23	26	31	34	37	41	45	49	52	56	60	64	67	71	76	/
3A_SB	2	a	36	42	47	54	57	62	66	71	74	78	82	86	91	95	100	105	109
3A_SB	2	d	37	44	49	55	59	63	68	72	76	80	84	87	92	96	101	106	/
3A_SB	3	a	66	71	75	81	85	90	94	99	103	108	113	116	121	124	128	134	137
3A_SB	3	d	67	73	77	83	87	92	96	101	105	110	114	117	122	125	129	135	/
3A_SB	4	a	73	78	83	89	94	99	103	108	111	116	121	123	128	131	135	140	144
3A_SB	4	d	74	80	85	91	96	101	105	109	113	118	122	124	129	132	136	142	/
3A_SB	5	a	85	91	95	101	105	109	114	119	123	128	133	135	139	143	147	152	156
3A_SB	5	d	86	92	96	102	106	111	116	121	125	130	134	136	140	144	148	154	/
3A_SB	6	a	99	104	109	117	122	125	128	132	135	139	142	145	149	153	157	162	165
3A_SB	6	d	100	106	111	119	123	126	129	133	136	140	143	146	150	154	158	163	/
3A_SB	7	a	105	111	115	122	127	130	133	138	143	148	151	153	158	162	166	171	175
3A_SB	7	d	106	112	116	124	128	131	135	140	145	149	152	154	159	163	167	172	/
3A_SB	8	a	131	137	142	150	154	157	161	164	167	170	173	176	180	184	187	192	196
3A_SB	8	d	132	139	144	152	155	158	162	165	168	171	174	177	181	185	188	193	/
3A_SB	9	a	144	149	154	160	164	167	171	174	177	180	184	187	191	195	198	204	207
3A_SB	9	d	145	151	155	162	165	168	172	175	178	181	185	188	192	196	199	205	/
3A_SB	10	a	157	162	167	172	177	180	183	186	190	193	197	199	203	206	209	214	217
3A_SB	10	d	158	164	168	174	178	181	184	187	191	194	198	200	204	207	210	215	/
3A_SB	11	a	163	168	173	179	183	187	190	193	197	201	204	206	210	214	217	222	225
3A_SB	11	d	164	170	175	181	184	188	191	194	198	202	205	207	211	215	218	223	/
3A_SB	12	a	168	173	178	185	189	193	196	199	202	206	209	212	216	220	223	228	232
3A_SB	12	d	169	175	180	187	190	194	197	200	203	207	210	213	217	221	224	230	/
3A_SB	13	a	183	189	193	200	204	208	213	218	223	228	232	234	238	241	245	250	253
3A_SB	13	d	184	191	195	202	206	210	215	220	225	230	233	235	239	242	246	251	/
3A_SB	14	a	190	196	200	207	211	215	220	225	230	235	239	242	246	250	254	259	263
3A_SB	14	d	191	198	202	209	213	217	222	227	232	237	240	243	247	251	255	261	/
3A_SB	15	a	203	209	214	221	226	230	235	240	244	249	253	256	260	264	268	273	278
3A_SB	15	d	204	211	216	223	228	232	237	242	246	251	254	257	261	265	269	275	/
3A_SB	16	a	220	225	230	236	240	244	248	252	255	259	262	265	269	273	277	283	287
3A_SB	16	d	221	227	232	238	241	245	249	253	256	260	263	266	270	274	279	284	/
3A_SB	17	a	229	234	239	244	249	253	258	262	267	272	276	279	283	287	291	296	300
3A_SB	17	d	230	236	240	246	250	255	260	264	269	274	277	280	285	288	292	298	/
3A_SB	18	a	243	248	253	258	263	268	272	276	280	284	288	290	295	298	302	307	310
3A_SB	18	d	244	250	254	260	265	270	274	278	282	286	289	291	296	300	303	308	/
3A_SB	19	a	254	260	263	269	274	278	281	284	287	291	294	296	301	305	308	313	318
3A_SB	19	d	255	261	264	271	275	279	282	285	288	292	295	297	302	306	309	315	/
3A_SB	20	a	263	269	274	280	284	287	290	293	296	300	303	306	310	314	317	323	327
3A_SB	20	d	264	271	276	281	285	288	291	294	297	301	304	307	311	315	319	324	/
3A_SB	21	a	271	278	282	288	292	295	298	301	304	307	310	313	317	320	323	328	332
3A_SB	21	d	272	279	284	290	293	296	299	302	305	308	311	314	318	321	324	329	/
3A_SB	22	a	276	283	288	294	298	301	305	309	312	315	318	320	325	328	331	337	341
3A_SB	22	d	277	285	290	296	299	302	306	310	313	316	319	321	326	329	332	338	/
3A_SB	23	a	283	290	294	300	305	309	313	317	321	325	328	330	334	338	341	347	350
3A_SB	23	d	284	291	296	302	306	310	314	318	322	326	329	331	335	339	342	348	/
3A_SB	24	a	289	294	299	306	310	314	318	322	326	330	333	335	339	343	346	351	355
3A_SB	24	d	290	296	301	307	311	315	319	323	327	331	334	336	340	344	347	353	/
3A_SB	25	a	295	300	304	311	315	318	323	327	331	335	338	340	344	348	351	356	360
3A_SB	25	d	296	301	306	312	316	320	324	328	332	336	339	341	345	349	352	358	/
3A_SB	26	a	300	305	309	316	320	323	328	332	335	340	343	345	350	354	357	362	366
3A_SB	26	d	301	306	311	317	321	325	329	333	337	341	344	346	351	355	358	363	/
3A_SB	27	a	305	310	314	322	326	329	333	336	340	345	348	350	355	359	363	368	372
3A_SB	27	d	306	311	316	323	327	330	334	338	342	346	349	351	356	360	364	369	/
3A_SB	28	a	310	315	319	327	331	335	339	342	345	349	353	355	360	364	368	373	377
3A_SB	28	d	311	317	321	328	332	336	340	343	347	351	354	356	361	365	369	374	/
3A_SB	29	a	315	320	324	332	335	340	344	348	352	355	358	360	364	369	373	378	381
3A_SB	29	d	316	322	326	333	337	341	345	349	353	356	359	361	366	370	374	379	/
3A_SB	30	a	321	326	330	336	340	345	348	353	357	360	363	365	369	374	377	383	386
3A_SB	30	d	322	328	332	338	342	346	350	354	358	361	364	366	371	375	379	384	/
3A_SB	31	a	345	351	354	360	363	368	373	377	380	384	388	392	398	402	406	412	416
3A_SB	31	d	346	352	355	361	365	370	374	378	381	386	390	394	399	404	408	414	/
3A_SB	32	a	374	380	384	390	394	398	402	406	409	413	418	422	427	431	436	442	446
3A_SB	32	d	375	381	385	391	395	400	404	407	410	415	420	424	428	433	438	444	/
3A_NB	1	a	24	27	30	34	38	41	44	47	52	58	61	64	66	69	72	76	80	84
3A_NB	1	d	25	28	31	35	39	42	45	49	53	59	63	65	67	70	74	77	81	/
3A_NB	2	a	50	53	56	61	65	69	73	77	81	86	89	92	94	98	101	104	108	112
3A_NB	2	d	51	54	58	63	66	71	75	79	82	87	90	93	95	99	102	105	109	/
3A_NB	3	a	67	70	73	77	81	85	90	93	98	103	107	110	113	118	122	126	130	134
3A_NB	3	d	68	71	74	78	82	87	92	95	99	104	109	112	115	120	124	127	131	/
3A_NB	4	a	79	82	87	92	97	101	105	108	112	118	122	125	128	132	135	138	141	144
3A_NB	4	d	80	84	89	94	99	103	107	110	113	119	123	126	129	133	136	139	142	/
3A_NB	5	a	86	89	94	99	104	109	113	116	120	126	129	132	135	138	142	145	148	151
3A_NB	5	d	87	91	96	101	106	111	115	118	121	127	130	133	136	139	143	146	149	/
3A_NB	6	a	92	95	100	105	110	115	119	122	126	132	135	138	140	143	147	150	154	157
3A_NB	6	d	93	97	102	107	112	117	121	123	127	133	136	139	141	144	148	151	155	/
3A_NB	7	a	99	102	107	112	117	121	125	128	133	139	143	146	148	151	154	157	161	164
3A_NB	7	d	100	104	109	114	118	123	127	130	134	140	144	147	149	152	155	158	162	/
3A_NB	8	a	106	109	114	119	123	128	131	134	138	144	148	151	153	156	159	162	166	169
3A_NB	8	d	107	111	116	121	125	129	133	135	139	145	150	152	154	157	160	163	167	/
3A_NB	9	a	115	118	122	126	129	133	137	139	144	150	154	156	158	161	164	167	171	174
3A_NB	9	d	116	119	123	127	130	135	138	141	145	151	155	157	159	162	165	168	172	/
3A_NB	10	a	121	124	128	132	136	140	144	147	152	157	161	163	165	169	173	177	181	186
3A_NB	10	d	122	125	129	134	137	142	146	149	153	158	162	164	167	171	175	178	183	/
3A_NB	11	a	150	154	157	161	164	169	173	177	182	187	191	193	195	199	203	207	210	214
3A_NB	11	d	151	155	158	162	166	171	175	179	183	188	192	194	196	200	204	208	211	/
3A_NB	12	a	156	160	163	167	171	176	180	184	189	195	198	201	203	208	213	217	220	224
3A_NB	12	d	157	161	164	169	173	178	182	186	191	196	199	202	205	210	214	218	221	/
3A_NB	13	a	174	177	181	185	189	193	197	199	203	208	211	213	217	220	224	227	231	235
3A_NB	13	d	175	178	182	187	191	195	198	200	204	209	212	215	218	221	225	229	232	/
3A_NB	14	a	179	183	188	193	197	201	205	208	213	219	223	225	227	231	235	238	242	246
3A_NB	14	d	180	185	190	195	199	203	207	210	214	220	224	226	228	232	236	240	243	/
3A_NB	15	a	189	193	197	201	204	207	211	214	218	224	228	231	233	237	242	245	249	254
3A_NB	15	d	190	194	198	202	205	209	213	215	219	225	229	232	234	239	243	247	251	/
3A_NB	16	a	199	203	207	212	216	221	225	228	233	238	242	244	246	250	255	259	262	265
3A_NB	16	d	200	205	209	214	218	222	226	230	234	239	243	245	247	252	256	260	263	/
3A_NB	17	a	205	209	214	219	223	227	232	236	240	246	250	252	254	258	262	267	270	273
3A_NB	17	d	206	211	216	221	225	229	234	237	241	247	251	253	255	259	264	268	271	/
3A_NB	18	a	213	217	221	226	230	234	238	242	245	251	255	257	259	263	267	272	275	278
3A_NB	18	d	214	218	223	228	232	235	240	243	246	252	256	258	260	264	269	273	276	/
3A_NB	19	a	220	224	228	234	238	243	246	250	253	259	263	265	267	271	275	278	281	284
3A_NB	19	d	221	226	230	236	240	244	248	251	255	260	264	266	268	272	276	279	282	/
3A_NB	20	a	228	232	235	240	244	249	253	257	261	266	270	272	276	279	284	287	290	293
3A_NB	20	d	229	233	236	242	246	251	255	258	262	267	271	274	277	281	285	288	291	/
3A_NB	21	a	239	242	245	249	252	256	259	262	266	271	275	277	281	284	289	292	295	298
3A_NB	21	d	240	243	246	250	253	257	260	263	267	272	276	279	282	286	290	293	296	/
3A_NB	22	a	244	247	250	254	257	261	264	268	272	277	281	283	286	289	294	297	300	304
3A_NB	22	d	245	248	251	255	258	262	266	269	273	278	282	284	287	291	295	298	301	/
3A_NB	23	a	249	252	255	259	262	266	269	272	277	282	286	288	290	294	299	303	308	312
3A_NB	23	d	250	253	256	260	263	267	271	274	278	283	287	289	292	296	301	305	309	/
3A_NB	24	a	259	263	268	273	276	279	282	284	288	294	298	302	304	307	310	313	317	321
3A_NB	24	d	260	265	270	274	277	280	283	285	289	295	300	303	305	308	311	315	319	/
3A_NB	25	a	268	272	277	282	286	290	293	296	301	308	312	315	318	321	324	327	330	334
3A_NB	25	d	269	274	279	284	288	291	295	298	302	309	313	316	319	322	325	328	331	/
3A_NB	26	a	273	277	282	287	291	295	299	302	306	313	317	319	323	326	329	333	338	343
3A_NB	26	d	274	279	284	289	293	297	301	304	307	314	318	321	324	327	331	335	340	/
3A_NB	27	a	283	287	292	297	301	305	309	312	316	322	327	329	332	337	340	343	347	351
3A_NB	27	d	284	289	294	299	302	307	311	314	318	324	328	331	334	338	341	344	348	/
3A_NB	28	a	288	292	297	302	307	311	314	317	321	327	332	335	337	342	345	348	352	356
3A_NB	28	d	289	294	299	304	308	312	316	319	323	329	333	336	339	343	346	349	353	/
3A_NB	29	a	299	303	307	312	317	321	325	328	333	338	342	345	347	350	353	356	360	363
3A_NB	29	d	300	305	309	314	319	323	327	330	334	339	343	346	348	351	354	357	361	/
3A_NB	30	a	306	310	313	318	322	326	330	333	338	343	347	350	352	355	358	361	365	368
3A_NB	30	d	307	311	315	320	324	328	332	335	339	344	348	351	353	356	359	362	366	/
3A_NB	31	a	313	317	320	324	327	331	335	338	343	348	352	355	357	360	363	366	370	373
3A_NB	31	d	314	318	321	325	329	333	337	340	344	349	353	356	358	361	364	367	371	/
3A_NB	32	a	318	322	325	329	333	336	340	343	348	352	357	360	362	366	370	374	378	382
3A_NB	32	d	319	323	326	330	334	338	342	345	349	354	358	361	363	368	372	376	380	/
