RouteID	RunID	Arrivals/Departures	TimePerStop
1A_SB	1	a	5	11	20	24	29	36	38	43	48	52	56	60	64	74	81	84
1A_SB	1	d	6	13	22	26	31	37	39	45	49	54	57	61	65	75	82	/
1A_SB	2	a	22	28	37	40	43	50	53	58	63	66	70	73	77	86	94	97
1A_SB	2	d	23	29	39	41	45	52	55	60	64	67	71	74	78	88	95	/
1A_SB	3	a	39	44	52	54	57	63	66	71	75	78	81	84	88	97	103	108
1A_SB	3	d	40	45	53	55	58	65	67	72	76	79	82	86	90	99	105	/
1A_SB	4	a	51	56	65	68	72	77	81	85	88	93	98	103	107	114	118	122
1A_SB	4	d	52	58	67	70	73	79	82	86	90	95	100	105	108	115	119	/
1A_SB	5	a	61	66	74	77	81	87	90	95	100	105	110	113	116	123	129	133
1A_SB	5	d	62	67	76	78	82	88	91	97	102	107	111	114	117	125	130	/
1A_SB	6	a	67	72	81	84	89	96	99	104	107	111	115	118	121	129	134	139
1A_SB	6	d	68	74	83	86	91	98	100	105	108	112	116	119	123	130	136	/
1A_SB	7	a	76	82	93	95	98	104	106	110	113	117	121	124	127	134	139	144
1A_SB	7	d	77	84	94	96	99	105	107	111	114	118	122	125	128	136	141	/
1A_SB	8	a	81	87	98	100	103	109	111	115	119	123	126	129	132	140	145	149
1A_SB	8	d	82	89	99	101	104	110	112	117	121	124	127	130	134	142	146	/
1A_SB	9	a	87	93	102	105	109	115	117	121	125	128	132	135	139	148	153	157
1A_SB	9	d	88	95	104	106	110	116	118	122	126	130	133	137	141	150	154	/
1A_SB	10	a	106	110	118	121	125	131	134	139	143	147	151	155	158	167	171	175
1A_SB	10	d	107	112	120	122	126	133	136	141	144	149	152	156	159	168	172	/
1A_SB	11	a	116	121	128	130	134	140	143	147	150	153	156	160	163	172	177	182
1A_SB	11	d	118	122	129	131	135	141	144	148	151	154	157	161	164	174	179	/
1A_SB	12	a	121	127	134	136	140	147	150	154	159	162	165	169	172	180	185	190
1A_SB	12	d	123	128	135	138	142	148	151	156	160	163	166	170	174	181	187	/
1A_SB	13	a	126	132	140	143	147	154	156	160	164	167	171	175	178	188	194	199
1A_SB	13	d	128	134	142	145	149	155	157	161	165	168	172	176	180	190	196	/
1A_SB	14	a	131	137	147	149	153	158	161	165	168	172	176	180	184	193	199	204
1A_SB	14	d	133	139	148	150	154	160	162	166	170	173	177	181	185	195	201	/
1A_SB	15	a	136	142	152	155	159	164	167	172	176	180	184	189	193	202	207	211
1A_SB	15	d	138	144	153	156	160	166	169	174	178	182	186	190	194	203	208	/
1A_SB	16	a	163	169	179	181	185	191	193	198	202	206	211	214	219	229	234	239
1A_SB	16	d	165	171	180	183	187	192	195	200	204	208	212	215	220	230	236	/
1A_NB	1	a	18	22	30	38	45	48	52	56	60	65	69	74	78	83	92	99
1A_NB	1	d	19	24	31	40	46	49	53	57	61	67	70	76	80	84	93	/
1A_NB	2	a	30	35	40	49	56	60	66	69	73	79	83	88	91	96	104	111
1A_NB	2	d	31	36	42	51	58	62	67	71	75	81	84	89	93	98	105	/
1A_NB	3	a	37	43	50	57	64	69	75	79	83	88	92	97	100	104	110	117
1A_NB	3	d	39	45	51	59	66	71	77	81	84	90	94	98	101	105	111	/
1A_NB	4	a	47	53	59	65	72	76	80	84	88	93	97	102	105	110	117	124
1A_NB	4	d	49	54	60	66	73	77	82	86	89	95	99	103	107	112	118	/
1A_NB	5	a	66	72	78	87	93	98	101	104	108	113	117	121	124	128	135	142
1A_NB	5	d	68	74	80	89	95	99	102	105	109	114	118	122	125	129	136	/
1A_NB	6	a	94	99	105	113	118	122	126	129	132	138	141	145	148	152	159	165
1A_NB	6	d	96	101	107	114	119	123	127	130	133	139	142	146	149	153	160	/
1A_NB	7	a	99	104	111	118	123	127	131	134	138	145	148	152	154	158	166	172
1A_NB	7	d	101	106	112	119	124	128	132	135	140	146	149	153	155	160	168	/
1A_NB	8	a	104	109	116	124	129	134	139	142	146	153	156	161	164	169	178	185
1A_NB	8	d	106	111	118	125	131	136	140	143	148	154	158	163	166	171	180	/
1A_NB	9	a	124	128	135	143	147	151	155	158	161	167	170	176	178	182	191	197
1A_NB	9	d	125	129	137	144	149	153	156	159	162	168	172	177	179	183	192	/
1A_NB	10	a	129	133	140	148	154	157	161	164	169	175	178	183	186	190	199	206
1A_NB	10	d	130	134	142	150	155	159	162	166	170	176	179	184	187	191	200	/
1A_NB	11	a	135	140	147	155	160	163	168	171	175	182	187	192	196	200	211	216
1A_NB	11	d	136	142	149	156	161	165	169	172	177	184	189	194	197	202	212	/
1A_NB	12	a	154	158	164	171	176	180	185	188	192	198	203	208	211	216	224	230
1A_NB	12	d	155	160	165	173	177	181	186	189	194	200	204	210	212	218	226	/
1A_NB	13	a	159	164	171	179	184	187	193	196	201	207	211	216	218	223	230	235
1A_NB	13	d	161	166	173	180	185	189	194	198	203	208	212	217	219	224	231	/
1A_NB	14	a	165	170	177	184	190	193	198	202	207	212	217	222	224	228	238	243
1A_NB	14	d	167	172	178	186	191	195	199	204	208	214	218	223	225	230	239	/
1A_NB	15	a	180	186	191	199	204	208	213	217	222	228	231	236	239	243	252	258
1A_NB	15	d	182	187	193	200	205	210	214	219	223	229	233	238	240	245	254	/
1A_NB	16	a	196	201	207	216	222	227	231	234	238	244	248	252	255	260	267	272
1A_NB	16	d	198	202	209	217	224	228	232	236	240	245	249	254	257	262	268	/
2A_NB	1	a	4	7	12	15	18	22	27	30	34	42	45	51	53	55	58	65	68	72	75	78	84	88
2A_NB	1	d	5	8	13	16	19	23	28	31	35	43	46	52	54	56	60	66	69	73	76	79	85	/
2A_NB	2	a	9	12	17	20	23	27	32	35	39	47	50	56	58	60	64	70	73	77	80	83	89	93
2A_NB	2	d	10	13	18	21	24	28	33	36	40	48	51	57	59	61	65	71	74	78	81	84	90	/
2A_NB	3	a	14	17	23	26	29	33	38	41	45	53	56	62	64	66	70	76	80	83	86	89	96	100
2A_NB	3	d	15	18	24	27	30	34	39	42	46	54	57	63	65	67	71	77	81	84	87	90	97	/
2A_NB	4	a	19	22	28	31	34	38	43	46	49	58	61	67	69	71	75	81	85	88	91	94	101	105
2A_NB	4	d	20	23	29	32	35	39	44	47	51	59	62	68	70	72	76	82	86	89	92	95	102	/
2A_NB	5	a	24	27	33	36	39	43	48	51	54	63	67	73	75	77	80	86	90	94	98	101	108	112
2A_NB	5	d	25	28	34	37	40	44	49	52	56	64	68	74	76	78	81	87	91	95	99	102	109	/
2A_NB	6	a	29	32	38	41	44	47	54	57	60	67	72	78	80	82	85	91	95	99	103	106	115	119
2A_NB	6	d	30	33	39	42	45	49	55	58	62	69	73	79	81	83	86	92	96	100	104	107	116	/
2A_NB	7	a	34	37	43	46	48	52	59	62	65	72	77	82	85	87	91	97	101	105	108	112	121	125
2A_NB	7	d	35	38	44	47	50	54	60	63	67	74	78	84	86	89	92	98	102	106	109	113	122	/
2A_NB	8	a	39	42	48	51	53	57	64	67	70	77	82	87	90	92	97	103	107	110	113	117	126	130
2A_NB	8	d	40	43	49	52	55	59	65	68	72	79	83	89	91	94	98	104	108	111	114	118	127	/
2A_NB	9	a	44	47	54	57	59	62	69	72	75	83	87	92	96	98	102	108	112	115	118	122	132	136
2A_NB	9	d	45	49	55	58	60	64	70	73	77	84	88	94	97	99	103	109	113	116	119	123	133	/
2A_NB	10	a	50	53	60	63	66	70	77	82	86	93	96	103	106	110	114	121	126	129	133	137	146	149
2A_NB	10	d	51	55	61	64	68	72	79	84	87	94	98	104	108	112	116	123	127	130	135	139	147	/
2A_NB	11	a	75	79	86	89	92	95	101	106	110	119	122	130	132	134	138	143	146	150	154	158	166	170
2A_NB	11	d	76	80	87	90	93	97	103	107	111	120	123	131	133	135	139	144	148	152	156	160	168	/
2A_NB	12	a	105	108	115	118	121	125	131	135	139	147	151	158	161	163	166	173	177	181	184	188	196	200
2A_NB	12	d	106	110	116	120	123	126	133	137	141	149	152	159	162	164	167	174	178	182	186	189	198	/
2A_NB	13	a	135	138	144	148	150	154	161	165	169	176	181	186	189	192	196	202	206	210	213	217	227	231
2A_NB	13	d	136	140	146	149	152	156	162	167	171	178	182	188	191	194	197	204	207	211	215	219	228	/
2A_NB	14	a	165	168	174	178	180	184	190	194	198	207	211	217	220	223	226	232	235	239	244	248	255	259
2A_NB	14	d	166	170	176	179	182	186	192	196	200	208	212	218	221	224	227	233	237	241	245	249	257	/
2A_NB	15	a	195	198	205	208	210	214	220	224	229	235	239	246	248	252	256	262	266	269	274	277	285	290
2A_NB	15	d	196	200	206	209	211	215	222	226	230	237	240	247	250	253	257	263	267	271	275	278	287	/
2A_NB	16	a	225	229	234	237	240	243	250	253	257	266	269	275	278	282	285	291	295	299	303	307	315	319
2A_NB	16	d	226	230	236	239	241	244	251	255	259	267	270	277	280	283	286	292	297	301	304	308	317	/
2A_SB	1	a	14	16	24	29	33	36	41	49	53	57	62	66	73	77	85	88	91	98	101	105	109	113	123	129
2A_SB	1	d	15	18	26	31	35	38	43	51	55	59	64	68	74	79	86	89	92	99	102	106	110	114	124	/
2A_SB	2	a	25	27	35	40	43	45	49	57	61	65	70	73	79	83	90	94	97	104	107	111	115	119	128	135
2A_SB	2	d	26	29	37	41	44	47	51	59	63	67	71	74	80	84	91	95	98	105	108	112	116	120	130	/
2A_SB	3	a	47	50	57	61	65	68	72	79	81	84	88	91	97	101	108	112	117	126	129	133	138	142	153	158
2A_SB	3	d	48	52	59	63	67	70	74	80	82	85	89	93	99	103	110	114	119	127	130	135	139	143	154	/
2A_SB	4	a	53	56	63	67	71	74	78	85	87	91	94	99	105	110	118	122	125	131	134	138	143	147	158	163
2A_SB	4	d	54	58	65	69	73	76	80	86	89	92	96	101	107	112	120	123	126	132	135	140	144	148	159	/
2A_SB	5	a	58	61	69	72	76	80	84	90	94	97	100	105	111	116	124	128	131	137	140	144	148	152	162	168
2A_SB	5	d	59	63	70	74	78	82	85	92	95	98	102	107	113	118	126	129	132	138	141	145	149	154	164	/
2A_SB	6	a	64	67	75	79	83	86	90	98	102	106	110	113	118	122	130	133	136	142	145	149	153	157	167	173
2A_SB	6	d	65	69	76	81	84	88	92	100	104	108	111	114	119	124	131	134	138	143	146	150	154	159	169	/
2A_SB	7	a	79	81	88	92	95	97	101	108	111	114	117	120	126	129	136	140	144	149	152	155	160	164	176	181
2A_SB	7	d	80	83	89	93	96	98	102	109	112	115	118	121	127	130	137	141	145	150	153	157	161	166	177	/
2A_SB	8	a	84	87	93	97	100	102	106	113	116	120	124	127	133	136	141	145	149	155	158	161	166	170	182	188
2A_SB	8	d	86	88	94	98	101	103	107	114	118	122	125	128	134	137	142	146	150	156	159	163	168	172	184	/
2A_SB	9	a	91	95	101	105	108	111	114	121	124	127	130	133	139	143	148	152	156	163	166	170	174	177	188	193
2A_SB	9	d	93	96	102	106	109	112	115	122	125	128	131	134	140	144	150	153	158	165	167	171	175	178	189	/
2A_SB	10	a	104	107	115	118	123	125	128	133	136	139	142	145	151	154	161	164	167	172	174	178	182	186	199	204
2A_SB	10	d	106	109	116	120	124	126	129	134	137	140	143	146	152	155	162	165	168	173	175	179	183	187	200	/
2A_SB	11	a	112	114	122	126	130	133	136	141	144	147	150	153	159	162	169	173	176	181	183	186	189	194	209	214
2A_SB	11	d	113	116	123	127	132	134	137	142	145	148	151	154	160	163	171	174	177	182	184	187	191	196	210	/
2A_SB	12	a	123	125	133	138	142	144	147	152	154	157	160	163	169	173	180	184	189	195	198	202	206	209	220	226
2A_SB	12	d	124	127	135	139	143	145	148	153	155	158	161	165	171	175	182	186	190	196	199	203	207	211	222	/
2A_SB	13	a	129	131	138	143	147	150	155	162	165	169	173	176	181	184	190	193	197	202	205	209	212	215	226	233
2A_SB	13	d	130	132	140	144	149	152	157	164	167	170	174	177	182	185	191	194	198	203	206	210	213	217	228	/
2A_SB	14	a	141	143	149	154	158	161	165	172	175	178	182	185	191	195	201	205	209	215	217	221	224	229	242	249
2A_SB	14	d	142	144	151	155	159	162	166	173	176	179	183	186	193	197	203	207	210	216	219	222	226	230	244	/
2A_SB	15	a	151	154	161	166	169	171	175	182	185	189	192	195	200	203	208	211	215	221	223	227	230	234	247	254
2A_SB	15	d	152	155	163	167	170	172	176	183	186	190	193	196	201	204	209	212	216	222	225	228	231	235	249	/
2A_SB	16	a	163	166	173	178	183	185	189	195	198	202	205	208	213	217	222	225	229	235	237	241	245	249	261	267
2A_SB	16	d	164	167	175	180	184	186	190	196	199	203	206	209	214	218	223	226	230	236	239	242	246	250	263	/
3A_SB	1	a	29	35	42	46	50	55	58	62	66	71	74	76	79	82	85	88	91	94
3A_SB	1	d	30	37	44	48	52	57	60	64	68	72	75	77	80	83	86	89	92	/
3A_SB	2	a	39	45	51	55	58	63	66	70	73	78	81	83	86	89	93	97	100	103
3A_SB	2	d	40	47	53	56	60	65	68	71	75	79	82	84	87	90	94	98	101	/
3A_SB	3	a	62	67	72	75	79	82	85	87	91	96	98	101	104	108	112	116	119	122
3A_SB	3	d	63	68	73	77	80	84	86	88	93	97	99	102	105	109	113	117	120	/
3A_SB	4	a	67	72	77	81	85	89	91	93	97	101	104	106	110	114	118	122	125	128
3A_SB	4	d	68	73	78	83	87	90	92	94	98	103	105	107	111	115	120	123	126	/
3A_SB	5	a	73	78	85	90	94	98	100	102	106	110	113	115	119	122	125	129	133	136
3A_SB	5	d	74	80	87	91	95	99	101	103	107	112	114	116	120	123	127	131	134	/
3A_SB	6	a	84	88	96	100	104	107	109	112	115	119	121	124	127	130	134	139	142	146
3A_SB	6	d	85	90	97	101	105	108	110	113	116	120	122	125	128	132	136	140	143	/
3A_SB	7	a	89	94	102	106	110	113	115	118	121	125	127	130	133	136	140	145	148	152
3A_SB	7	d	90	96	103	107	111	114	116	119	122	126	128	131	134	137	142	146	149	/
3A_SB	8	a	104	109	115	119	123	127	130	132	135	139	141	144	148	151	156	160	163	167
3A_SB	8	d	105	110	117	120	124	128	131	133	136	140	142	145	149	153	158	161	165	/
3A_SB	9	a	119	125	132	136	140	143	146	149	153	158	160	162	166	169	174	178	183	186
3A_SB	9	d	120	126	134	137	141	144	147	150	155	159	161	163	167	171	176	180	184	/
3A_SB	10	a	127	133	140	143	147	151	155	158	163	168	170	173	177	180	184	187	191	194
3A_SB	10	d	128	135	141	144	149	153	157	160	165	169	171	174	178	181	185	188	192	/
3A_SB	11	a	141	146	153	156	161	165	169	171	176	181	183	185	188	191	195	198	201	205
3A_SB	11	d	142	148	154	158	163	167	170	173	178	182	184	186	189	192	196	199	202	/
3A_SB	12	a	148	153	160	164	168	171	174	176	181	187	189	191	194	199	202	205	208	212
3A_SB	12	d	149	155	162	166	169	172	175	178	183	188	190	192	196	200	203	206	209	/
3A_SB	13	a	154	158	165	170	174	177	180	183	187	192	194	196	200	204	207	210	213	217
3A_SB	13	d	155	160	167	172	175	178	181	184	188	193	195	197	201	205	208	211	215	/
3A_SB	14	a	164	170	176	180	183	186	189	192	196	200	202	204	208	212	215	218	221	224
3A_SB	14	d	165	171	177	181	184	187	190	193	197	201	203	205	209	213	216	219	222	/
3A_SB	15	a	172	178	184	189	193	198	202	205	209	212	214	216	219	223	226	231	235	239
3A_SB	15	d	173	179	186	191	195	200	204	207	210	213	215	217	220	224	228	233	237	/
3A_SB	16	a	189	194	199	203	206	210	212	215	218	221	223	225	229	233	236	240	245	248
3A_SB	16	d	190	196	200	204	207	211	213	216	219	222	224	226	230	234	237	242	246	/
3A_NB	1	a	28	32	35	38	41	45	49	54	58	61	65	70	74	78	82	85	91	96	101
3A_NB	1	d	29	33	36	40	42	47	51	55	59	63	67	71	76	79	83	87	92	97	/
3A_NB	2	a	33	37	40	43	47	50	54	59	62	66	70	75	80	84	88	91	97	103	108
3A_NB	2	d	34	38	41	45	48	52	56	60	64	68	72	77	82	85	89	92	99	104	/
3A_NB	3	a	43	47	52	55	59	63	67	72	76	80	83	88	92	95	99	103	109	114	119
3A_NB	3	d	44	49	54	57	61	65	69	74	78	82	85	89	93	97	101	104	111	115	/
3A_NB	4	a	73	76	81	83	87	91	95	100	105	109	113	118	122	126	129	132	136	142	148
3A_NB	4	d	74	78	82	85	89	93	97	102	107	111	115	119	123	127	130	133	137	143	/
3A_NB	5	a	80	83	87	90	94	98	101	105	110	114	118	123	127	131	134	137	142	148	154
3A_NB	5	d	81	84	89	92	96	99	102	107	112	116	120	124	128	132	135	138	143	149	/
3A_NB	6	a	87	90	94	97	101	105	109	114	119	124	127	132	136	139	143	146	151	156	161
3A_NB	6	d	88	92	96	99	103	107	111	116	121	126	129	133	137	140	144	147	152	157	/
3A_NB	7	a	100	103	106	108	112	115	119	123	127	131	133	138	142	145	149	151	157	162	167
3A_NB	7	d	101	104	107	110	113	117	120	124	128	132	135	139	143	146	150	152	158	163	/
3A_NB	8	a	106	110	113	115	118	121	125	129	133	137	139	143	147	150	154	156	162	167	173
3A_NB	8	d	107	111	114	116	119	122	126	130	134	138	140	144	148	151	155	157	163	168	/
3A_NB	9	a	111	115	118	121	124	127	132	137	140	144	146	150	153	157	162	165	170	176	183
3A_NB	9	d	112	116	120	122	125	129	134	138	141	145	147	151	154	159	164	167	172	178	/
3A_NB	10	a	116	120	124	127	131	135	139	143	147	152	156	161	165	169	172	176	181	186	192
3A_NB	10	d	117	122	126	129	133	136	140	145	149	154	157	163	166	170	174	178	183	188	/
3A_NB	11	a	123	126	130	132	136	140	145	150	153	158	162	168	171	176	179	182	187	192	198
3A_NB	11	d	124	128	131	134	138	142	147	151	155	160	164	169	173	177	181	183	189	194	/
3A_NB	12	a	128	131	135	138	141	145	150	155	159	164	167	173	176	181	185	187	193	198	204
3A_NB	12	d	129	133	137	140	143	147	152	157	161	166	169	174	178	183	186	189	195	199	/
3A_NB	13	a	141	145	148	150	153	158	162	167	171	175	177	182	185	189	193	195	199	203	209
3A_NB	13	d	142	146	149	152	155	159	164	169	173	176	178	183	186	191	194	196	200	204	/
3A_NB	14	a	146	150	154	157	160	165	169	173	177	181	185	191	194	199	203	205	209	214	221
3A_NB	14	d	147	152	156	159	162	167	170	175	179	183	187	192	196	201	204	206	210	215	/
3A_NB	15	a	160	163	166	168	172	176	180	185	188	193	196	203	206	210	213	216	221	226	232
3A_NB	15	d	161	164	167	170	174	178	182	186	190	195	198	204	207	211	215	217	222	228	/
3A_NB	16	a	171	174	178	181	184	188	192	197	201	205	208	214	217	220	223	225	230	235	240
3A_NB	16	d	172	175	180	183	186	189	194	199	203	207	210	215	218	221	224	226	231	236	/
