RouteID	RunID	Arrivals/Departures	TimePerStop
1A_SB	1	a	4	7	10	20	23	27	32	36	40	44	48	51	61	64	71
1A_SB	1	d	5	8	11	21	24	28	34	37	42	46	49	52	62	65	/
1A_SB	2	a	13	16	21	30	34	38	44	48	53	57	61	65	78	82	90
1A_SB	2	d	14	18	22	32	36	40	46	50	55	59	63	67	80	83	/
1A_SB	3	a	23	27	32	41	45	48	53	57	62	66	69	72	84	87	95
1A_SB	3	d	24	29	34	43	46	49	55	59	64	67	70	73	85	88	/
1A_SB	4	a	47	52	57	68	72	77	84	88	92	95	98	102	113	117	125
1A_SB	4	d	49	54	59	70	74	79	85	89	93	96	100	103	114	118	/
1A_SB	5	a	64	69	73	82	87	91	96	100	104	107	111	114	123	127	137
1A_SB	5	d	66	70	74	84	89	92	98	101	105	108	112	116	125	129	/
1A_SB	6	a	78	83	88	99	102	105	111	114	118	121	125	129	139	143	150
1A_SB	6	d	80	85	90	100	103	106	112	115	119	122	127	130	141	144	/
1A_SB	7	a	86	91	94	104	107	110	116	120	124	127	131	135	144	148	155
1A_SB	7	d	88	92	95	105	108	111	118	121	125	128	133	137	146	149	/
1A_SB	8	a	98	103	107	116	120	124	131	134	138	142	146	151	162	166	172
1A_SB	8	d	100	105	109	118	122	126	132	135	139	143	148	153	164	167	/
1A_SB	9	a	109	113	116	124	127	130	136	139	144	148	153	158	168	172	178
1A_SB	9	d	111	114	117	125	128	131	137	141	145	150	155	159	169	173	/
1A_SB	10	a	117	121	125	134	138	142	147	150	154	157	161	165	174	178	184
1A_SB	10	d	119	123	126	135	139	143	148	151	155	158	162	166	175	179	/
1A_SB	11	a	128	133	136	145	150	154	159	162	167	171	174	178	187	190	197
1A_SB	11	d	130	134	138	147	151	155	160	164	168	172	175	179	188	191	/
1A_SB	12	a	137	141	146	154	157	161	166	170	174	179	184	187	198	201	208
1A_SB	12	d	139	143	147	155	158	162	167	171	176	181	185	188	199	202	/
1A_SB	13	a	144	148	154	162	165	168	173	177	181	185	189	192	204	207	214
1A_SB	13	d	146	150	155	163	166	169	174	178	183	186	190	194	205	208	/
1A_SB	14	a	149	153	159	167	171	174	179	183	187	190	194	198	208	213	222
1A_SB	14	d	151	155	160	168	172	175	180	184	188	191	196	199	210	215	/
1A_SB	15	a	154	158	164	173	177	180	186	190	195	198	201	204	214	218	227
1A_SB	15	d	156	160	165	174	178	181	187	192	196	199	202	205	215	220	/
1A_SB	16	a	168	172	176	186	191	195	201	205	208	211	215	219	231	234	240
1A_SB	16	d	169	173	178	188	193	197	202	206	209	213	217	221	232	235	/
1A_NB	1	a	4	12	15	26	32	36	40	43	46	51	54	58	66	70	74
1A_NB	1	d	5	13	16	27	33	37	41	44	47	52	55	59	67	71	/
1A_NB	2	a	9	17	20	31	37	41	45	49	52	57	60	63	72	76	80
1A_NB	2	d	10	18	21	33	38	42	46	50	53	58	61	64	73	77	/
1A_NB	3	a	14	23	26	37	42	46	50	54	57	62	65	68	77	80	85
1A_NB	3	d	15	24	27	38	43	47	51	55	58	63	66	69	78	82	/
1A_NB	4	a	18	28	32	41	47	51	55	59	62	68	71	74	82	85	90
1A_NB	4	d	20	30	34	43	48	52	56	60	63	69	72	75	83	87	/
1A_NB	5	a	23	33	37	46	52	56	60	64	67	73	76	79	87	90	95
1A_NB	5	d	25	35	39	48	53	57	61	65	68	74	77	80	88	92	/
1A_NB	6	a	29	40	43	51	57	61	65	69	72	78	82	85	93	97	101
1A_NB	6	d	31	41	44	53	58	62	66	70	73	79	83	86	94	98	/
1A_NB	7	a	48	59	62	72	76	79	82	87	90	95	99	102	110	113	118
1A_NB	7	d	50	60	63	73	77	80	83	88	91	97	100	103	111	115	/
1A_NB	8	a	76	86	89	100	105	108	111	115	119	126	129	132	140	144	149
1A_NB	8	d	78	87	90	101	106	109	112	116	120	127	130	133	141	145	/
1A_NB	9	a	93	102	106	117	123	128	133	138	142	148	152	156	164	168	172
1A_NB	9	d	95	104	108	119	125	130	135	140	143	149	153	157	165	169	/
1A_NB	10	a	99	108	112	123	129	134	138	143	147	153	157	161	169	173	177
1A_NB	10	d	101	110	114	125	131	136	140	145	148	155	158	162	170	174	/
1A_NB	11	a	104	115	119	129	135	139	143	148	152	159	162	167	175	180	184
1A_NB	11	d	106	117	121	131	136	141	145	150	153	160	164	169	177	181	/
1A_NB	12	a	109	120	124	134	141	145	148	153	157	164	168	173	181	187	192
1A_NB	12	d	111	122	126	136	142	146	150	155	158	165	170	175	183	189	/
1A_NB	13	a	129	140	143	150	155	159	162	167	170	177	181	186	195	199	205
1A_NB	13	d	131	141	144	151	157	160	164	168	171	178	183	187	196	201	/
1A_NB	14	a	157	167	170	178	183	186	190	195	198	204	207	210	221	225	229
1A_NB	14	d	159	168	171	179	184	187	191	196	199	205	208	211	222	226	/
1A_NB	15	a	162	172	175	183	190	193	197	200	203	209	212	215	226	229	234
1A_NB	15	d	164	173	176	184	191	194	198	201	204	210	213	216	227	231	/
1A_NB	16	a	167	177	180	189	196	199	203	206	209	215	218	221	232	235	239
1A_NB	16	d	169	178	181	190	197	200	204	207	210	216	219	222	233	236	/
2A_NB	1	a	4	7	12	15	18	23	27	30	39	42	47	49	51	54	59	62	65	68
2A_NB	1	d	5	8	13	16	19	24	28	31	40	43	48	50	52	55	60	63	66	/
2A_NB	2	a	9	12	17	21	24	29	32	35	44	47	53	55	57	60	66	69	72	75
2A_NB	2	d	10	13	18	22	25	30	33	36	45	48	54	56	58	61	67	70	73	/
2A_NB	3	a	14	17	22	26	29	34	37	40	49	52	58	60	63	67	73	76	80	85
2A_NB	3	d	15	18	23	27	30	35	38	41	50	53	59	61	64	68	74	77	82	/
2A_NB	4	a	19	22	27	31	34	39	42	45	55	58	64	68	71	75	80	82	86	91
2A_NB	4	d	20	23	28	32	35	40	43	46	56	59	66	69	72	76	81	83	88	/
2A_NB	5	a	24	27	32	36	39	44	48	51	61	65	72	75	77	80	85	87	91	95
2A_NB	5	d	25	28	33	37	40	45	49	52	62	66	73	76	78	81	86	88	93	/
2A_NB	6	a	29	32	37	41	44	49	53	56	66	70	77	79	82	85	90	92	96	100
2A_NB	6	d	30	33	38	42	45	50	54	57	67	71	78	81	83	86	91	93	98	/
2A_NB	7	a	34	37	42	46	49	54	58	62	72	76	82	84	87	90	95	97	101	105
2A_NB	7	d	35	38	43	47	50	55	60	63	73	77	83	86	88	91	96	98	103	/
2A_NB	8	a	39	42	47	51	55	60	64	67	77	81	87	89	93	97	102	105	109	113
2A_NB	8	d	40	43	48	53	56	61	65	68	78	82	88	91	94	98	104	106	111	/
2A_NB	9	a	44	47	53	57	60	66	70	73	82	86	92	95	98	102	107	110	114	118
2A_NB	9	d	45	48	54	58	61	67	71	75	83	87	93	96	99	103	109	111	116	/
2A_NB	10	a	49	52	58	62	65	71	75	78	87	91	97	100	103	107	112	115	119	124
2A_NB	10	d	50	53	59	63	66	72	76	80	88	92	98	101	104	108	114	116	121	/
2A_NB	11	a	54	57	63	66	70	76	79	83	92	96	102	105	107	112	117	120	124	129
2A_NB	11	d	55	58	64	68	71	77	81	85	93	97	103	106	109	113	119	121	126	/
2A_NB	12	a	59	62	68	71	75	80	84	88	97	101	107	110	112	117	122	125	129	134
2A_NB	12	d	60	63	69	73	76	82	86	90	98	102	108	111	114	118	124	126	131	/
2A_NB	13	a	64	67	73	76	80	85	89	93	102	106	111	115	117	122	127	130	134	139
2A_NB	13	d	65	68	74	78	81	87	91	95	103	107	113	116	119	123	129	131	136	/
2A_NB	14	a	69	72	78	81	85	90	95	98	107	111	117	120	123	126	132	135	139	144
2A_NB	14	d	70	73	79	83	86	92	96	100	108	113	118	121	124	128	134	136	141	/
2A_NB	15	a	74	77	82	86	90	96	100	103	114	118	123	125	129	132	137	140	144	149
2A_NB	15	d	75	78	84	88	91	97	101	105	115	119	124	127	130	133	139	141	146	/
2A_NB	16	a	85	88	93	96	99	105	109	113	123	127	132	135	139	143	149	153	158	162
2A_NB	16	d	86	89	94	97	100	106	110	114	124	128	134	137	141	145	151	155	160	/
2A_SB	1	a	4	9	12	16	21	23	26	30	33	38	41	48	51	55	60	63	67	71
2A_SB	1	d	5	10	13	17	22	24	27	31	34	39	42	49	52	56	61	64	68	/
2A_SB	2	a	9	14	17	20	26	28	31	34	38	43	46	53	56	60	66	69	73	77
2A_SB	2	d	10	15	18	22	27	29	32	36	39	44	48	54	57	62	67	70	74	/
2A_SB	3	a	21	26	29	32	37	40	43	46	49	55	59	63	66	71	76	80	84	88
2A_SB	3	d	22	27	30	33	38	41	44	47	50	56	60	64	68	72	77	81	85	/
2A_SB	4	a	42	46	49	53	59	63	67	73	77	82	86	91	94	97	102	105	109	112
2A_SB	4	d	43	47	51	55	61	65	69	75	78	83	87	92	95	98	103	106	110	/
2A_SB	5	a	51	55	58	62	68	72	76	80	83	88	92	98	102	105	111	114	118	121
2A_SB	5	d	53	56	60	64	70	74	77	81	84	89	94	100	103	107	112	115	119	/
2A_SB	6	a	61	65	67	70	75	78	81	85	88	93	99	105	109	112	117	120	123	126
2A_SB	6	d	63	66	68	71	76	79	82	86	89	95	101	107	110	113	118	121	124	/
2A_SB	7	a	66	70	72	76	82	86	89	93	96	101	106	112	115	118	123	126	129	132
2A_SB	7	d	68	71	74	77	84	87	91	94	97	102	107	113	116	119	124	127	130	/
2A_SB	8	a	75	79	83	87	94	97	101	104	109	115	119	125	129	133	139	142	145	149
2A_SB	8	d	77	81	85	89	96	99	102	106	111	117	121	127	130	135	140	143	147	/
2A_SB	9	a	90	94	97	100	106	108	111	114	118	123	127	132	135	139	144	147	150	154
2A_SB	9	d	92	95	98	101	107	109	112	115	119	124	128	133	136	140	145	148	152	/
2A_SB	10	a	99	103	106	109	116	118	122	125	129	136	141	146	150	154	160	164	169	172
2A_SB	10	d	101	105	107	111	117	120	123	127	131	138	143	148	151	155	161	166	170	/
2A_SB	11	a	121	125	128	131	136	138	141	145	148	152	156	162	165	168	173	176	180	183
2A_SB	11	d	123	127	129	132	137	139	142	146	149	154	158	163	166	169	174	177	181	/
2A_SB	12	a	127	130	133	138	144	147	150	154	158	164	168	174	178	183	188	191	195	198
2A_SB	12	d	128	132	135	140	146	148	151	155	160	166	170	176	180	184	189	192	196	/
2A_SB	13	a	139	143	145	149	155	157	162	166	170	176	179	185	189	193	198	201	205	208
2A_SB	13	d	141	144	146	150	156	159	163	167	171	177	180	186	190	194	199	202	206	/
2A_SB	14	a	146	150	153	156	163	166	169	173	178	184	188	194	198	202	208	211	215	219
2A_SB	14	d	148	151	154	158	165	167	171	175	179	186	189	196	199	203	209	212	217	/
2A_SB	15	a	163	168	172	175	181	184	188	191	194	201	204	210	213	217	222	225	229	232
2A_SB	15	d	165	170	173	176	182	185	189	192	195	202	205	211	214	218	223	227	230	/
2A_SB	16	a	177	182	185	188	194	196	200	203	207	214	218	224	228	231	237	242	246	249
2A_SB	16	d	179	183	186	189	195	197	201	204	208	215	219	225	229	233	239	244	247	/
3A_SB	1	a	4	9	13	18	21	24	28	34	37	40	44	46	51	55	60	65	69
3A_SB	1	d	5	10	14	19	22	25	30	35	38	41	45	47	52	56	61	66	/
3A_SB	2	a	9	14	18	25	28	31	36	41	44	48	52	54	59	63	67	73	77
3A_SB	2	d	10	15	19	26	29	33	37	42	45	50	53	55	60	64	69	75	/
3A_SB	3	a	38	42	46	52	56	60	65	69	73	78	82	84	89	93	96	101	104
3A_SB	3	d	39	43	48	54	58	62	67	71	75	79	83	85	90	94	97	102	/
3A_SB	4	a	44	49	53	59	63	68	73	78	83	87	92	94	98	102	105	110	113
3A_SB	4	d	45	50	55	61	65	70	75	80	84	89	93	95	99	103	106	111	/
3A_SB	5	a	53	58	62	68	72	77	82	87	92	96	101	103	107	111	115	120	123
3A_SB	5	d	54	59	64	70	74	79	84	89	94	98	102	104	108	112	116	121	/
3A_SB	6	a	66	71	75	82	87	92	96	100	104	109	113	115	118	122	125	129	133
3A_SB	6	d	67	73	77	84	89	94	98	102	106	111	114	116	119	123	126	131	/
3A_SB	7	a	79	85	89	97	101	105	109	112	115	119	122	125	129	133	136	141	146
3A_SB	7	d	80	86	91	98	102	106	110	113	116	120	123	126	130	134	137	143	/
3A_SB	8	a	85	91	95	103	107	112	117	121	125	130	133	136	140	143	146	151	155
3A_SB	8	d	86	93	97	105	109	114	119	123	127	131	134	137	141	144	147	153	/
3A_SB	9	a	100	107	111	116	120	123	126	130	133	137	141	144	149	153	156	162	165
3A_SB	9	d	101	108	112	118	121	124	127	131	134	139	143	146	151	154	157	163	/
3A_SB	10	a	106	112	116	122	126	130	134	140	144	148	153	156	160	163	166	171	174
3A_SB	10	d	107	113	118	124	128	132	136	142	146	150	154	157	161	164	167	172	/
3A_SB	11	a	130	137	140	147	151	155	159	163	167	171	174	176	180	183	187	193	197
3A_SB	11	d	131	138	142	149	152	156	160	164	168	172	175	177	181	184	188	194	/
3A_SB	12	a	142	148	153	160	163	167	171	175	178	182	185	188	193	196	202	208	212
3A_SB	12	d	143	150	154	161	164	168	172	176	179	183	186	189	194	198	204	210	/
3A_SB	13	a	149	154	159	166	170	174	179	182	185	189	192	195	200	204	209	215	218
3A_SB	13	d	150	156	160	168	171	176	180	183	186	190	193	196	201	205	210	216	/
3A_SB	14	a	158	163	167	173	177	181	184	187	190	195	198	200	205	209	213	220	223
3A_SB	14	d	159	164	169	175	178	182	185	188	192	196	199	201	206	210	215	221	/
3A_SB	15	a	164	170	174	180	184	188	191	194	197	201	204	206	211	214	218	225	229
3A_SB	15	d	165	171	176	181	185	189	192	195	198	202	205	207	212	215	220	226	/
3A_SB	16	a	169	175	180	187	191	195	198	202	205	209	212	215	220	224	228	234	239
3A_SB	16	d	170	177	182	188	192	196	199	203	206	210	213	216	222	226	230	236	/
3A_NB	1	a	4	8	11	15	18	21	25	27	31	36	40	43	45	49	52	55	58	62
3A_NB	1	d	5	9	12	16	19	22	26	28	32	37	41	44	46	50	53	56	59	/
3A_NB	2	a	9	13	16	19	23	26	30	33	36	41	45	47	50	54	57	60	63	66
3A_NB	2	d	10	14	17	21	24	27	31	34	37	42	46	49	51	55	58	61	64	/
3A_NB	3	a	14	17	21	24	28	31	35	38	41	46	51	53	55	59	63	66	69	72
3A_NB	3	d	15	19	22	26	29	32	36	39	42	48	52	54	56	60	64	67	70	/
3A_NB	4	a	19	22	26	29	34	38	42	45	49	53	57	59	61	64	68	72	76	80
3A_NB	4	d	20	24	27	31	35	39	43	46	50	54	58	60	62	65	70	74	78	/
3A_NB	5	a	25	28	31	35	40	45	48	50	54	58	62	65	67	70	74	78	83	87
3A_NB	5	d	26	29	32	37	42	46	49	51	55	59	63	66	68	71	76	80	85	/
3A_NB	6	a	33	36	39	43	47	50	53	55	59	64	68	71	73	76	79	83	88	92
3A_NB	6	d	34	37	40	44	48	51	54	56	60	65	69	72	74	77	81	85	90	/
3A_NB	7	a	49	53	56	60	64	69	73	77	82	87	91	93	96	100	103	106	110	114
3A_NB	7	d	50	54	58	62	66	71	75	79	83	88	92	94	97	101	104	107	111	/
3A_NB	8	a	54	58	61	66	70	74	79	83	88	93	97	99	102	106	109	112	116	120
3A_NB	8	d	55	59	63	68	71	76	81	85	89	94	98	100	103	107	110	113	117	/
3A_NB	9	a	63	67	70	74	77	82	86	89	93	99	103	105	108	112	115	118	122	126
3A_NB	9	d	64	68	71	75	78	83	87	90	94	100	104	107	110	113	116	119	123	/
3A_NB	10	a	81	85	89	93	97	102	106	109	114	120	124	127	129	134	138	142	145	149
3A_NB	10	d	82	87	90	94	99	104	108	111	115	121	125	128	131	135	139	143	146	/
3A_NB	11	a	89	93	97	102	107	111	116	118	123	129	133	136	138	143	147	152	155	159
3A_NB	11	d	90	95	99	104	109	113	117	120	124	130	134	137	140	144	149	153	157	/
3A_NB	12	a	100	104	107	112	117	121	126	129	134	140	144	147	149	152	155	159	162	165
3A_NB	12	d	101	105	109	114	119	123	128	131	135	141	145	148	150	153	156	160	163	/
3A_NB	13	a	105	109	113	118	122	126	131	134	139	146	150	153	156	160	163	167	171	175
3A_NB	13	d	106	111	115	119	124	128	133	136	141	147	152	155	158	161	164	168	172	/
3A_NB	14	a	121	125	128	133	136	141	145	148	153	158	162	165	167	171	175	179	184	188
3A_NB	14	d	122	126	129	134	138	143	147	150	154	159	164	166	169	173	177	181	186	/
3A_NB	15	a	150	153	157	162	166	171	175	178	183	187	192	195	198	201	205	208	212	215
3A_NB	15	d	151	154	159	164	168	173	177	180	184	189	193	196	199	202	206	210	213	/
3A_NB	16	a	178	181	186	190	195	200	204	207	212	218	222	224	226	229	232	235	238	242
3A_NB	16	d	179	183	187	192	197	202	206	209	213	219	223	225	227	230	233	236	239	/
