RouteID	RunID	Arrivals/Departures	TimePerStop
1A_SB	1	a	12	15	20	29	32	35	41	44	48	51	55	58	66	71	77
1A_SB	1	d	13	17	21	30	33	36	42	45	49	52	56	59	68	72	/
1A_SB	2	a	29	33	38	47	51	55	61	64	68	71	74	78	88	91	98
1A_SB	2	d	30	34	39	49	52	56	62	65	69	72	75	79	89	92	/
1A_SB	3	a	53	57	61	70	74	77	84	88	91	94	98	103	113	116	122
1A_SB	3	d	54	58	63	71	75	79	85	89	92	95	100	105	114	117	/
1A_SB	4	a	63	68	73	84	87	90	97	101	104	107	111	115	124	127	134
1A_SB	4	d	65	70	75	85	88	92	98	102	105	108	112	116	125	128	/
1A_SB	5	a	78	83	87	97	101	105	112	115	119	123	127	131	142	146	154
1A_SB	5	d	80	84	88	98	102	106	113	116	120	124	128	132	143	147	/
1A_SB	6	a	86	91	95	104	107	110	117	120	124	128	132	137	148	152	161
1A_SB	6	d	88	92	96	105	108	111	118	121	125	129	134	139	150	154	/
1A_SB	7	a	95	99	104	115	119	124	132	135	139	143	146	149	158	162	170
1A_SB	7	d	97	101	106	117	121	126	133	136	140	144	147	150	160	163	/
1A_SB	8	a	117	121	126	136	139	143	150	155	160	164	168	172	182	187	195
1A_SB	8	d	119	123	127	137	140	144	152	157	162	166	170	174	184	188	/
1A_SB	9	a	130	135	139	148	151	155	160	164	168	171	174	177	187	192	201
1A_SB	9	d	132	137	141	149	152	156	161	165	169	172	175	179	189	194	/
1A_SB	10	a	145	150	154	164	168	172	178	181	185	189	193	196	205	208	215
1A_SB	10	d	147	152	155	166	169	174	179	182	186	191	194	197	206	209	/
1A_SB	11	a	153	158	162	173	176	180	185	189	193	197	202	207	216	220	229
1A_SB	11	d	155	160	164	174	177	181	186	190	195	199	204	208	218	221	/
1A_SB	12	a	175	179	183	191	194	197	203	207	210	213	217	220	228	231	240
1A_SB	12	d	176	180	184	192	195	199	204	208	211	214	218	221	229	233	/
1A_SB	13	a	185	189	193	201	206	210	216	220	224	227	230	233	241	245	251
1A_SB	13	d	187	190	194	203	208	212	217	221	225	228	231	234	242	246	/
1A_SB	14	a	200	204	208	216	220	223	228	234	238	241	244	247	256	260	267
1A_SB	14	d	202	205	209	218	221	224	230	236	239	242	245	248	257	261	/
1A_SB	15	a	206	210	214	223	226	230	236	241	244	247	251	254	263	267	274
1A_SB	15	d	208	211	215	224	227	231	237	242	245	249	252	255	264	268	/
1A_SB	16	a	216	221	226	236	240	244	250	253	256	259	263	266	275	279	286
1A_SB	16	d	218	223	227	237	242	246	251	254	257	260	264	267	276	280	/
1A_SB	17	a	236	241	245	256	259	263	269	273	277	281	284	287	297	301	310
1A_SB	17	d	238	243	246	257	260	264	270	274	278	282	285	289	299	303	/
1A_SB	18	a	245	250	254	263	266	270	275	279	283	287	291	295	304	307	315
1A_SB	18	d	247	252	255	264	267	271	276	280	284	289	293	296	305	308	/
1A_SB	19	a	250	255	260	269	273	277	282	286	290	295	299	304	312	315	324
1A_SB	19	d	252	257	261	270	274	278	283	287	292	297	301	305	313	317	/
1A_SB	20	a	262	266	270	278	282	286	293	296	300	303	307	311	319	322	330
1A_SB	20	d	264	267	271	279	283	288	294	297	301	304	308	312	320	323	/
1A_SB	21	a	268	271	275	283	287	292	299	303	307	310	314	317	327	331	337
1A_SB	21	d	269	272	276	284	289	294	300	304	308	311	315	318	329	332	/
1A_SB	22	a	273	277	282	291	294	298	304	309	313	318	323	327	337	341	347
1A_SB	22	d	274	279	284	292	295	299	306	310	315	320	325	328	338	342	/
1A_SB	23	a	280	284	289	301	304	308	312	317	322	327	332	336	346	350	358
1A_SB	23	d	281	286	291	302	305	309	314	319	324	329	334	338	348	352	/
1A_SB	24	a	289	293	298	309	313	318	325	330	334	338	342	345	355	358	365
1A_SB	24	d	290	295	299	311	315	320	327	332	335	339	343	346	356	359	/
1A_SB	25	a	300	304	309	318	322	327	334	338	341	345	349	354	365	368	375
1A_SB	25	d	301	306	311	320	324	329	335	339	342	347	351	356	366	370	/
1A_SB	26	a	330	334	340	348	351	355	361	365	370	373	378	381	390	394	402
1A_SB	26	d	331	336	341	349	353	357	363	367	371	375	379	383	392	396	/
1A_SB	27	a	360	364	369	377	381	385	392	395	399	403	407	410	421	425	431
1A_SB	27	d	361	366	371	379	383	387	393	396	401	405	408	412	422	426	/
1A_SB	28	a	389	393	398	407	410	414	421	424	428	431	435	438	448	452	458
1A_SB	28	d	390	395	399	408	411	415	422	425	429	432	436	440	450	453	/
1A_SB	29	a	409	413	417	426	430	433	441	444	447	451	455	458	466	471	478
1A_SB	29	d	410	414	419	427	431	435	442	445	449	452	456	459	468	472	/
1A_SB	30	a	438	442	446	455	459	463	470	474	478	481	485	488	497	501	509
1A_SB	30	d	439	444	448	457	461	465	471	475	479	482	486	489	498	502	/
1A_SB	31	a	465	468	472	481	484	488	493	497	501	504	508	511	518	522	532
1A_SB	31	d	466	470	474	482	485	489	494	498	502	505	509	512	520	524	/
1A_SB	32	a	495	499	503	510	513	516	521	525	529	533	536	539	549	553	560
1A_SB	32	d	496	500	504	511	514	517	522	526	530	534	537	540	550	554	/
1A_NB	1	a	4	14	17	27	33	37	40	44	48	53	57	62	69	74	78
1A_NB	1	d	5	15	19	29	35	38	41	46	49	55	59	63	71	75	/
1A_NB	2	a	29	40	43	52	58	62	67	72	77	83	87	91	100	104	107
1A_NB	2	d	30	41	44	54	60	64	69	74	79	85	89	92	101	105	/
1A_NB	3	a	57	66	69	79	85	88	92	97	101	108	111	114	124	128	132
1A_NB	3	d	58	67	71	80	86	89	94	99	103	109	112	115	125	129	/
1A_NB	4	a	78	89	94	105	111	115	120	124	127	133	136	140	152	156	160
1A_NB	4	d	80	91	96	106	112	117	121	125	128	134	138	142	154	157	/
1A_NB	5	a	91	99	104	115	121	125	128	132	136	142	146	150	159	163	167
1A_NB	5	d	92	101	105	116	122	126	129	134	138	144	148	152	161	165	/
1A_NB	6	a	95	104	108	120	125	130	133	137	141	147	151	155	164	168	172
1A_NB	6	d	97	106	110	121	127	131	135	139	143	149	153	157	166	170	/
1A_NB	7	a	102	111	115	126	131	135	139	142	146	152	157	161	169	173	177
1A_NB	7	d	104	113	116	127	132	136	140	144	148	154	159	162	171	175	/
1A_NB	8	a	108	119	123	135	142	146	151	155	158	164	167	170	178	182	186
1A_NB	8	d	110	121	124	137	144	148	152	156	159	165	168	171	180	183	/
1A_NB	9	a	138	147	151	161	167	171	176	181	185	191	195	199	208	212	216
1A_NB	9	d	139	149	152	163	169	173	178	183	187	193	197	201	210	213	/
1A_NB	10	a	147	157	161	172	178	182	186	190	194	198	202	205	213	217	222
1A_NB	10	d	149	158	163	174	180	184	188	192	195	200	203	206	215	219	/
1A_NB	11	a	152	164	168	178	184	188	191	195	200	205	208	213	223	226	230
1A_NB	11	d	154	165	169	180	186	189	193	197	202	206	210	214	224	227	/
1A_NB	12	a	157	169	173	183	189	193	198	203	208	214	218	222	232	235	239
1A_NB	12	d	159	170	174	185	191	195	200	205	210	215	219	223	233	236	/
1A_NB	13	a	184	193	196	207	213	217	221	225	228	236	240	244	253	257	261
1A_NB	13	d	186	194	197	209	214	218	222	226	230	238	242	246	255	258	/
1A_NB	14	a	196	206	209	219	225	228	231	235	238	244	247	250	259	262	266
1A_NB	14	d	198	207	210	220	226	229	232	236	240	245	248	252	260	263	/
1A_NB	15	a	214	222	227	239	245	249	253	258	262	269	272	275	283	287	291
1A_NB	15	d	215	224	229	240	247	251	255	260	263	270	273	276	284	288	/
1A_NB	16	a	227	236	240	248	255	258	261	265	268	275	279	283	292	296	301
1A_NB	16	d	229	238	241	250	256	259	262	266	269	277	281	285	293	298	/
1A_NB	17	a	235	243	247	256	262	265	268	273	277	284	287	290	298	302	306
1A_NB	17	d	236	245	249	258	263	266	270	275	279	285	288	291	299	303	/
1A_NB	18	a	264	273	276	284	290	294	299	302	306	311	315	319	328	332	336
1A_NB	18	d	265	274	277	285	292	296	300	303	307	313	317	320	329	333	/
1A_NB	19	a	273	283	286	295	302	306	310	313	317	322	325	328	337	341	345
1A_NB	19	d	275	284	287	297	303	307	311	314	318	323	326	329	338	342	/
1A_NB	20	a	279	289	293	303	308	312	316	320	324	329	332	335	345	348	352
1A_NB	20	d	281	291	295	304	309	313	317	321	325	330	333	336	346	349	/
1A_NB	21	a	286	296	299	308	314	317	321	325	329	335	338	341	351	354	358
1A_NB	21	d	287	297	300	310	315	318	322	326	330	336	339	342	352	355	/
1A_NB	22	a	292	302	305	314	320	323	327	331	334	340	344	347	356	359	363
1A_NB	22	d	293	303	306	315	321	324	328	332	335	342	345	348	357	360	/
1A_NB	23	a	308	320	323	332	338	341	345	350	354	359	362	365	375	380	385
1A_NB	23	d	309	321	324	334	339	342	346	351	355	360	363	367	377	382	/
1A_NB	24	a	327	338	342	353	358	361	365	368	371	376	379	383	392	397	401
1A_NB	24	d	328	340	344	354	359	362	366	369	372	377	380	384	393	398	/
1A_NB	25	a	335	343	347	358	363	367	371	374	377	383	386	390	399	404	409
1A_NB	25	d	336	345	349	359	364	368	372	375	378	384	387	391	400	406	/
1A_NB	26	a	340	348	352	363	368	372	376	379	382	388	392	397	407	412	417
1A_NB	26	d	341	350	354	364	369	373	377	380	383	390	394	399	409	414	/
1A_NB	27	a	345	353	357	368	373	377	380	384	387	393	397	402	412	417	422
1A_NB	27	d	346	355	359	369	374	378	382	385	388	395	399	404	414	419	/
1A_NB	28	a	350	358	362	373	378	382	385	389	393	399	403	408	417	422	427
1A_NB	28	d	351	360	364	374	379	383	387	390	394	401	405	410	419	424	/
1A_NB	29	a	355	363	367	378	383	387	390	395	399	405	409	414	423	427	432
1A_NB	29	d	356	365	369	379	384	388	392	396	400	406	411	416	425	429	/
1A_NB	30	a	360	369	372	383	388	392	395	400	404	410	414	419	428	432	437
1A_NB	30	d	361	370	374	384	389	393	397	401	405	411	416	421	430	434	/
1A_NB	31	a	365	374	377	388	393	396	400	405	409	415	420	424	433	438	442
1A_NB	31	d	366	375	379	389	394	398	402	406	410	417	422	426	435	439	/
1A_NB	32	a	370	379	382	393	397	401	405	410	414	420	425	429	438	443	447
1A_NB	32	d	371	380	384	394	399	403	407	411	415	422	427	431	440	444	/
2A_NB	1	a	15	19	25	29	32	38	42	45	54	58	63	65	68	72	77	79	82	85
2A_NB	1	d	16	20	26	30	33	39	43	46	55	59	64	66	69	73	78	80	83	/
2A_NB	2	a	29	32	36	39	42	48	51	55	64	67	72	74	77	81	85	87	90	94
2A_NB	2	d	30	33	37	40	43	49	52	56	65	68	73	75	78	82	86	88	91	/
2A_NB	3	a	45	49	54	57	61	67	71	75	83	87	93	95	98	102	107	110	114	117
2A_NB	3	d	46	50	55	58	62	68	72	76	84	88	94	96	99	103	108	111	115	/
2A_NB	4	a	60	63	68	71	74	79	82	85	93	97	103	105	108	112	117	120	124	128
2A_NB	4	d	61	64	69	72	75	80	83	86	94	98	104	106	109	113	118	121	125	/
2A_NB	5	a	78	81	86	89	93	99	103	107	115	118	123	126	129	133	138	140	143	146
2A_NB	5	d	79	82	87	90	94	100	104	108	116	119	124	127	130	134	139	141	144	/
2A_NB	6	a	95	98	103	106	110	115	118	121	128	132	137	139	142	146	151	153	156	160
2A_NB	6	d	96	99	104	107	111	116	119	122	129	133	138	140	143	147	152	154	157	/
2A_NB	7	a	111	115	121	125	128	134	138	141	150	154	161	164	167	171	176	178	182	186
2A_NB	7	d	112	116	122	126	129	135	139	142	151	155	162	165	168	172	177	179	183	/
2A_NB	8	a	125	129	134	137	140	146	150	153	161	165	172	175	178	182	188	190	193	197
2A_NB	8	d	126	130	135	138	141	147	151	154	162	166	173	176	179	183	189	191	194	/
2A_NB	9	a	142	146	151	155	159	164	167	170	178	182	188	190	193	196	203	206	209	213
2A_NB	9	d	143	147	152	156	160	165	168	171	179	183	189	191	194	197	204	207	210	/
2A_NB	10	a	159	163	168	171	174	180	183	187	195	198	203	205	208	212	218	220	223	227
2A_NB	10	d	160	164	169	172	175	181	184	188	196	199	204	206	209	213	219	221	224	/
2A_NB	11	a	177	180	185	189	192	197	201	204	211	215	221	224	226	230	236	238	241	245
2A_NB	11	d	178	181	186	190	193	198	202	205	212	216	222	225	227	231	237	239	242	/
2A_NB	12	a	193	197	203	206	209	215	218	221	229	232	237	240	243	247	253	256	260	263
2A_NB	12	d	194	198	204	207	210	216	219	222	230	233	238	241	244	248	254	257	261	/
2A_NB	13	a	211	214	220	223	227	232	235	238	247	251	256	258	260	264	270	273	276	280
2A_NB	13	d	212	215	221	224	228	233	236	239	248	252	257	259	261	265	271	274	277	/
2A_NB	14	a	229	232	237	240	244	250	253	257	266	270	275	277	280	284	290	293	297	302
2A_NB	14	d	230	233	238	241	245	251	254	258	267	271	276	278	281	285	291	294	298	/
2A_NB	15	a	243	247	252	255	259	264	267	270	277	280	285	287	290	294	300	302	305	308
2A_NB	15	d	244	248	253	256	260	265	268	271	278	281	286	288	291	295	301	303	306	/
2A_NB	16	a	257	261	268	271	275	281	284	288	295	299	305	307	309	313	318	321	325	329
2A_NB	16	d	258	262	269	272	276	282	285	289	296	300	306	308	310	314	319	322	326	/
2A_NB	17	a	273	277	282	285	288	293	296	300	308	312	318	320	322	326	331	334	337	341
2A_NB	17	d	274	278	283	286	289	294	297	301	309	313	319	321	323	327	332	335	338	/
2A_NB	18	a	287	290	296	300	303	308	312	317	325	329	335	338	340	343	349	351	355	359
2A_NB	18	d	288	291	297	301	304	309	313	318	326	330	336	339	341	344	350	352	356	/
2A_NB	19	a	302	306	311	314	317	322	326	330	339	342	348	351	354	357	362	364	368	371
2A_NB	19	d	303	307	312	315	318	323	327	331	340	343	349	352	355	358	363	365	369	/
2A_NB	20	a	319	322	327	330	334	339	342	345	353	357	362	365	367	371	376	378	383	386
2A_NB	20	d	320	323	328	331	335	340	343	346	354	358	363	366	368	372	377	379	384	/
2A_NB	21	a	336	339	345	349	353	359	362	366	373	376	383	386	388	392	397	399	403	407
2A_NB	21	d	337	340	346	350	354	360	363	367	374	377	384	387	389	393	398	400	404	/
2A_NB	22	a	353	356	361	365	369	374	377	380	387	390	395	397	400	404	411	413	416	420
2A_NB	22	d	354	357	362	366	370	375	378	381	388	391	396	398	401	405	412	414	417	/
2A_NB	23	a	367	370	375	378	381	386	389	392	400	403	408	411	414	418	425	427	430	433
2A_NB	23	d	368	371	376	379	382	387	390	393	401	404	409	412	415	419	426	428	431	/
2A_NB	24	a	385	388	393	396	400	406	410	414	423	427	433	436	439	443	449	451	455	458
2A_NB	24	d	386	389	394	397	401	407	411	415	424	428	434	437	440	444	450	452	456	/
2A_NB	25	a	402	406	412	415	418	423	426	430	438	441	446	449	451	454	459	461	465	469
2A_NB	25	d	403	407	413	416	419	424	427	431	439	442	447	450	452	455	460	462	466	/
2A_NB	26	a	419	422	427	431	434	439	443	446	453	457	463	466	468	472	476	479	483	486
2A_NB	26	d	420	423	428	432	435	440	444	447	454	458	464	467	469	473	477	480	484	/
2A_NB	27	a	433	436	441	444	448	453	457	460	469	472	477	479	481	484	489	491	495	498
2A_NB	27	d	434	437	442	445	449	454	458	461	470	473	478	480	482	485	490	492	496	/
2A_NB	28	a	448	451	456	460	463	468	472	475	483	487	492	494	497	501	506	508	512	516
2A_NB	28	d	449	452	457	461	464	469	473	476	484	488	493	495	498	502	507	509	513	/
2A_NB	29	a	462	465	471	474	478	483	486	490	497	500	506	508	511	515	521	523	527	531
2A_NB	29	d	463	466	472	475	479	484	487	491	498	501	507	509	512	516	522	524	528	/
2A_NB	30	a	477	480	485	488	492	498	502	505	514	518	523	526	529	533	539	541	545	550
2A_NB	30	d	478	481	486	489	493	499	503	506	515	519	524	527	530	534	540	542	546	/
2A_NB	31	a	490	493	498	502	505	512	516	519	529	533	539	542	545	548	553	555	559	562
2A_NB	31	d	491	494	499	503	506	513	517	520	530	534	540	543	546	549	554	556	560	/
2A_NB	32	a	506	509	514	517	520	526	530	533	542	545	551	554	557	560	566	569	572	575
2A_NB	32	d	507	510	515	518	521	527	531	534	543	546	552	555	558	561	567	570	573	/
2A_SB	1	a	25	28	31	35	41	44	47	50	53	58	63	68	72	77	83	86	90	93
2A_SB	1	d	26	29	33	36	42	45	48	51	55	60	64	70	74	78	84	87	91	/
2A_SB	2	a	53	57	60	64	69	72	77	80	83	89	92	98	103	106	111	114	117	121
2A_SB	2	d	54	58	61	65	71	74	78	81	84	90	94	100	104	107	112	115	118	/
2A_SB	3	a	61	66	69	74	80	83	87	91	95	101	105	111	115	120	126	130	133	136
2A_SB	3	d	63	67	71	75	82	85	89	93	97	103	107	113	117	121	127	131	134	/
2A_SB	4	a	75	78	82	86	93	97	102	106	110	116	120	127	131	134	140	143	146	149
2A_SB	4	d	76	80	84	88	95	99	104	108	112	118	122	129	132	135	141	144	147	/
2A_SB	5	a	90	94	96	99	105	107	110	113	116	121	126	133	136	140	146	149	153	158
2A_SB	5	d	92	95	97	100	106	108	111	114	117	123	128	134	137	141	147	150	155	/
2A_SB	6	a	100	103	105	109	115	118	122	125	128	134	139	146	151	154	159	162	166	170
2A_SB	6	d	101	104	107	111	117	120	123	126	130	136	141	148	152	155	160	163	168	/
2A_SB	7	a	122	125	129	132	136	138	141	144	147	154	159	165	169	172	178	182	186	189
2A_SB	7	d	123	127	130	133	137	139	142	145	149	156	161	167	170	173	179	183	187	/
2A_SB	8	a	128	131	135	138	143	145	148	151	155	162	167	174	178	181	186	190	194	198
2A_SB	8	d	129	133	136	139	144	146	149	153	157	164	169	176	179	182	187	191	196	/
2A_SB	9	a	138	141	144	148	153	156	159	162	165	171	175	181	184	187	192	196	200	204
2A_SB	9	d	139	142	146	149	154	157	160	163	166	172	176	182	185	188	193	197	202	/
2A_SB	10	a	143	146	150	154	160	164	169	173	178	185	189	196	199	203	209	212	216	219
2A_SB	10	d	144	148	152	156	162	166	171	175	180	187	191	197	200	204	210	213	217	/
2A_SB	11	a	163	168	171	176	182	186	190	194	199	207	211	217	222	226	232	235	239	242
2A_SB	11	d	165	170	173	178	184	188	192	196	201	209	213	219	223	227	233	236	240	/
2A_SB	12	a	177	182	184	188	193	196	200	204	208	215	219	225	229	233	239	242	245	248
2A_SB	12	d	179	183	185	189	194	197	201	205	209	217	221	227	230	234	240	243	246	/
2A_SB	13	a	182	187	189	193	198	201	205	209	213	220	224	231	234	238	245	249	252	256
2A_SB	13	d	184	188	190	194	199	202	206	210	215	222	226	232	235	240	247	250	254	/
2A_SB	14	a	197	201	203	207	213	217	222	225	228	233	238	244	249	253	259	262	266	270
2A_SB	14	d	199	202	204	208	215	219	223	226	229	235	239	246	250	254	260	263	267	/
2A_SB	15	a	210	215	218	221	226	229	233	236	239	243	247	252	256	260	266	269	272	276
2A_SB	15	d	212	216	219	222	227	230	234	237	240	244	248	253	257	261	267	270	274	/
2A_SB	16	a	217	222	225	229	235	238	242	246	249	253	257	263	268	272	279	283	286	290
2A_SB	16	d	219	223	227	231	236	240	243	247	250	254	258	265	269	273	280	284	287	/
2A_SB	17	a	228	233	236	239	244	247	250	255	258	263	266	272	276	280	287	290	294	298
2A_SB	17	d	230	234	237	240	245	248	252	256	259	264	267	273	277	281	288	291	295	/
2A_SB	18	a	236	241	245	248	253	257	262	266	269	275	279	283	287	291	298	301	305	309
2A_SB	18	d	238	243	246	249	255	259	263	267	270	276	280	284	288	292	299	302	306	/
2A_SB	19	a	242	247	250	253	258	262	267	271	274	281	285	291	295	300	306	309	313	317
2A_SB	19	d	244	248	251	254	260	264	268	272	276	282	287	292	297	301	307	310	315	/
2A_SB	20	a	257	261	264	268	273	275	278	281	284	291	294	299	304	307	313	316	320	323
2A_SB	20	d	258	263	266	269	274	276	279	282	286	292	295	301	305	308	314	317	321	/
2A_SB	21	a	264	268	270	273	279	281	284	287	291	298	303	309	313	316	323	326	330	333
2A_SB	21	d	265	269	271	274	280	282	285	289	293	300	305	310	314	317	324	327	331	/
2A_SB	22	a	269	273	276	279	285	287	290	293	296	303	308	314	318	322	329	332	335	338
2A_SB	22	d	270	274	277	280	286	288	291	294	298	305	310	316	319	323	330	333	336	/
2A_SB	23	a	283	288	291	294	300	303	307	311	314	321	324	330	333	337	342	345	349	352
2A_SB	23	d	285	289	292	295	301	304	308	312	315	322	325	331	334	338	343	346	350	/
2A_SB	24	a	297	302	306	309	314	316	320	324	328	335	339	344	348	352	358	361	365	368
2A_SB	24	d	299	304	307	310	315	317	321	325	330	336	340	345	349	353	359	362	366	/
2A_SB	25	a	304	307	311	314	319	321	325	330	333	340	344	349	353	357	363	367	371	374
2A_SB	25	d	305	309	312	315	320	322	327	331	335	341	345	350	354	358	364	368	372	/
2A_SB	26	a	329	333	336	339	345	348	351	356	361	366	369	377	381	385	390	394	398	401
2A_SB	26	d	330	334	337	341	346	349	353	358	362	367	371	378	382	386	391	395	399	/
2A_SB	27	a	359	363	365	370	375	378	382	386	390	396	400	405	408	412	417	421	425	429
2A_SB	27	d	360	364	367	371	376	379	383	388	391	397	401	406	409	413	418	422	426	/
2A_SB	28	a	389	393	396	399	405	407	412	416	420	425	429	434	438	442	447	450	455	458
2A_SB	28	d	390	394	397	400	406	409	413	417	421	426	430	435	439	443	448	452	456	/
2A_SB	29	a	419	423	425	428	435	438	442	446	449	455	459	464	467	471	477	481	484	487
2A_SB	29	d	420	424	426	430	436	439	443	447	450	456	460	465	468	472	478	482	485	/
2A_SB	30	a	449	453	455	459	465	467	470	474	478	485	489	494	497	501	506	510	514	517
2A_SB	30	d	450	454	456	460	466	468	471	475	479	486	490	495	498	502	507	511	515	/
2A_SB	31	a	478	482	484	487	492	494	497	500	503	508	512	518	521	525	530	533	537	541
2A_SB	31	d	479	483	485	488	493	495	498	501	504	509	513	519	522	526	531	534	538	/
2A_SB	32	a	495	499	502	506	512	514	517	521	525	530	533	539	543	547	552	555	558	561
2A_SB	32	d	496	500	503	507	513	515	518	522	526	531	534	540	544	548	553	556	559	/
3A_SB	1	a	14	20	23	28	31	34	38	42	45	48	52	55	60	63	67	72	75
3A_SB	1	d	15	21	24	29	32	35	39	43	46	49	53	56	61	64	68	73	/
3A_SB	2	a	19	25	28	33	36	39	43	47	51	54	58	61	65	68	72	78	82
3A_SB	2	d	20	26	29	34	37	40	44	48	52	55	59	62	66	69	74	80	/
3A_SB	3	a	43	49	53	59	63	68	73	77	80	83	87	90	94	98	103	108	112
3A_SB	3	d	44	50	54	61	65	70	74	78	81	85	88	91	95	99	104	109	/
3A_SB	4	a	69	74	78	83	87	92	96	101	105	110	115	118	123	126	130	136	139
3A_SB	4	d	70	75	79	85	89	94	98	103	107	112	116	119	124	127	131	137	/
3A_SB	5	a	75	81	85	90	95	100	103	107	111	116	121	123	128	131	135	140	144
3A_SB	5	d	76	82	86	92	97	101	104	109	113	118	122	124	129	132	136	142	/
3A_SB	6	a	81	87	92	99	104	109	114	119	123	128	133	135	139	143	147	152	155
3A_SB	6	d	82	89	94	101	106	111	116	121	125	130	134	136	140	144	148	153	/
3A_SB	7	a	99	104	109	117	122	125	128	132	135	139	142	145	149	153	157	162	165
3A_SB	7	d	100	106	111	119	123	126	129	133	136	140	143	146	150	154	158	163	/
3A_SB	8	a	104	110	114	122	127	130	133	137	142	147	151	153	158	162	166	171	175
3A_SB	8	d	105	111	116	124	128	131	134	139	144	149	152	154	159	163	167	172	/
3A_SB	9	a	125	131	136	144	149	152	156	159	163	166	169	172	176	180	183	188	192
3A_SB	9	d	126	133	138	146	150	153	157	161	164	167	170	173	177	181	184	189	/
3A_SB	10	a	134	139	144	151	154	157	161	164	168	171	174	177	182	186	189	194	197
3A_SB	10	d	135	141	145	152	155	158	162	166	169	172	175	179	183	187	190	195	/
3A_SB	11	a	146	151	155	161	164	167	171	174	177	180	184	187	191	195	198	204	208
3A_SB	11	d	147	152	156	162	165	168	172	175	178	181	185	188	192	196	199	206	/
3A_SB	12	a	162	167	172	178	182	186	189	192	196	200	203	205	209	213	216	221	224
3A_SB	12	d	163	169	174	180	183	187	190	193	197	201	204	206	210	214	217	222	/
3A_SB	13	a	168	173	178	185	189	193	196	199	202	206	209	212	216	220	223	228	232
3A_SB	13	d	169	175	180	187	190	194	197	200	203	207	210	213	217	221	224	230	/
3A_SB	14	a	185	191	194	200	204	208	213	218	223	228	232	234	238	241	245	250	254
3A_SB	14	d	186	192	195	202	206	210	215	220	225	230	233	235	239	242	246	252	/
3A_SB	15	a	194	200	203	210	215	219	224	229	234	239	243	246	250	254	258	263	267
3A_SB	15	d	195	201	205	212	217	221	226	231	236	241	244	247	251	255	259	265	/
3A_SB	16	a	209	214	218	224	227	231	236	241	245	250	253	256	260	264	268	273	278
3A_SB	16	d	210	215	219	225	229	233	238	243	247	251	254	257	261	265	269	275	/
3A_SB	17	a	221	226	231	236	240	244	248	252	255	259	262	265	269	273	277	282	286
3A_SB	17	d	222	228	232	238	241	245	249	253	256	260	263	266	270	274	278	283	/
3A_SB	18	a	226	231	236	242	246	251	256	260	265	270	273	276	280	284	288	293	297
3A_SB	18	d	227	233	238	243	248	253	258	262	267	271	274	277	281	285	289	295	/
3A_SB	19	a	241	246	251	257	262	267	272	276	280	284	288	290	295	298	302	307	310
3A_SB	19	d	242	248	253	259	264	269	274	278	282	286	289	291	296	300	303	308	/
3A_SB	20	a	253	258	262	269	274	278	281	284	287	291	294	296	301	305	308	313	316
3A_SB	20	d	254	260	264	271	275	279	282	285	288	292	295	297	302	306	309	314	/
3A_SB	21	a	266	272	277	282	287	290	293	296	299	302	305	308	312	316	319	324	329
3A_SB	21	d	267	274	278	284	288	291	294	297	300	303	306	309	313	317	320	326	/
3A_SB	22	a	276	283	287	293	297	300	304	308	311	315	318	320	325	328	331	337	341
3A_SB	22	d	277	284	289	295	298	301	305	309	313	316	319	321	326	329	332	338	/
3A_SB	23	a	284	289	293	299	304	308	312	316	320	324	327	329	333	337	340	346	349
3A_SB	23	d	285	290	295	301	305	309	313	317	321	325	328	330	334	338	341	347	/
3A_SB	24	a	289	294	298	305	309	313	317	321	325	329	332	334	338	342	345	350	354
3A_SB	24	d	290	295	300	306	310	314	318	322	326	330	333	335	339	343	346	352	/
3A_SB	25	a	294	299	303	310	314	317	322	326	330	334	337	339	343	347	350	355	359
3A_SB	25	d	295	300	305	311	315	319	323	327	331	335	338	340	344	348	351	357	/
3A_SB	26	a	321	326	330	336	340	345	348	352	356	359	362	364	369	374	377	383	386
3A_SB	26	d	322	328	332	338	342	346	349	353	357	360	363	366	371	375	379	384	/
3A_SB	27	a	350	356	359	367	370	375	378	382	385	389	392	395	400	404	408	413	416
3A_SB	27	d	351	357	361	368	372	376	379	383	386	390	393	396	401	405	409	414	/
3A_SB	28	a	380	386	390	397	401	405	408	411	414	419	422	425	429	434	438	443	446
3A_SB	28	d	381	387	391	398	402	406	409	412	416	420	423	426	431	435	439	444	/
3A_SB	29	a	410	415	419	426	429	432	437	441	445	449	452	455	460	464	468	473	477
3A_SB	29	d	411	417	421	427	430	434	438	442	446	450	453	456	461	465	469	474	/
3A_SB	30	a	440	445	450	455	459	463	467	471	474	478	481	484	489	493	497	502	505
3A_SB	30	d	441	447	451	457	460	464	468	472	475	479	482	485	490	494	498	503	/
3A_SB	31	a	469	476	480	486	489	492	496	499	503	506	509	512	516	519	524	530	534
3A_SB	31	d	470	477	481	487	490	493	497	500	504	507	510	513	517	521	525	531	/
3A_SB	32	a	499	504	508	514	518	522	525	529	532	535	539	541	546	550	554	559	563
3A_SB	32	d	500	505	509	515	519	523	526	530	533	536	540	542	547	551	555	560	/
3A_NB	1	a	24	27	31	36	41	45	49	53	58	64	68	70	72	75	80	84	88	92
3A_NB	1	d	25	29	33	38	43	47	51	55	59	65	69	71	73	77	81	85	89	/
3A_NB	2	a	54	57	61	66	70	75	80	83	87	92	96	99	101	105	108	111	115	119
3A_NB	2	d	55	59	63	68	72	77	81	85	88	93	97	100	102	106	109	112	116	/
3A_NB	3	a	65	68	72	77	82	87	92	95	100	105	109	111	113	117	120	123	127	131
3A_NB	3	d	66	70	74	79	84	89	94	97	101	106	110	112	114	118	121	124	128	/
3A_NB	4	a	81	84	89	94	99	103	107	110	114	120	123	126	129	133	136	139	142	145
3A_NB	4	d	82	86	91	96	101	105	109	112	115	121	124	127	130	134	137	140	143	/
3A_NB	5	a	86	89	94	99	104	109	113	116	120	126	129	132	135	138	142	145	148	151
3A_NB	5	d	87	91	96	101	106	111	115	118	121	127	130	133	136	139	143	146	149	/
3A_NB	6	a	93	96	101	106	111	116	120	123	128	134	139	142	144	147	151	154	158	161
3A_NB	6	d	94	98	103	108	113	118	122	125	129	136	140	143	145	148	152	155	159	/
3A_NB	7	a	98	101	106	111	116	121	125	128	133	139	144	147	149	152	156	159	163	166
3A_NB	7	d	99	103	108	113	118	123	127	130	134	141	145	148	150	154	157	160	164	/
3A_NB	8	a	105	108	112	117	121	126	130	133	138	145	150	153	156	160	164	167	171	174
3A_NB	8	d	106	109	114	118	123	128	132	135	140	147	152	155	158	162	165	168	172	/
3A_NB	9	a	121	124	129	134	137	142	146	148	152	157	161	163	165	169	173	177	182	187
3A_NB	9	d	122	126	131	135	139	144	147	149	153	158	162	164	167	171	175	179	184	/
3A_NB	10	a	135	139	144	149	153	158	162	165	170	175	178	180	182	186	189	192	195	199
3A_NB	10	d	136	141	146	151	155	160	164	167	171	176	179	181	183	187	190	193	196	/
3A_NB	11	a	151	155	159	163	166	171	175	179	183	188	192	194	196	200	204	208	211	215
3A_NB	11	d	152	157	160	164	168	173	177	180	184	189	193	195	197	201	205	209	212	/
3A_NB	12	a	171	174	179	184	188	192	196	199	204	209	213	215	218	221	225	228	231	235
3A_NB	12	d	172	176	181	186	190	194	198	201	205	210	214	216	219	222	226	229	232	/
3A_NB	13	a	179	183	188	193	197	201	205	208	213	219	223	225	227	231	235	238	241	245
3A_NB	13	d	180	185	190	195	199	203	207	210	214	220	224	226	228	232	236	239	242	/
3A_NB	14	a	191	195	198	202	205	208	211	214	218	224	228	231	233	237	241	244	248	252
3A_NB	14	d	192	196	199	203	206	209	213	215	219	225	229	232	234	238	242	246	249	/
3A_NB	15	a	201	205	209	214	217	221	225	229	233	238	242	244	246	251	255	259	262	266
3A_NB	15	d	202	207	211	215	218	222	227	230	234	239	243	245	248	252	256	260	264	/
3A_NB	16	a	210	214	218	223	227	231	235	239	243	249	253	255	257	262	267	271	274	277
3A_NB	16	d	211	215	220	225	229	232	237	241	244	250	254	256	259	264	268	272	275	/
3A_NB	17	a	218	222	227	233	237	241	245	249	253	259	263	265	267	271	275	278	281	284
3A_NB	17	d	219	224	229	235	239	243	247	251	254	260	264	266	268	272	276	279	282	/
3A_NB	18	a	225	229	232	238	242	247	250	254	259	264	268	270	273	276	280	283	286	289
3A_NB	18	d	226	230	234	240	244	248	252	256	260	265	269	271	274	277	281	284	287	/
3A_NB	19	a	230	234	237	243	247	252	255	259	264	269	273	275	278	282	287	290	293	297
3A_NB	19	d	231	235	239	245	249	253	257	261	265	270	274	276	280	284	288	291	295	/
3A_NB	20	a	240	243	247	252	256	261	265	269	274	279	283	285	287	291	295	298	301	305
3A_NB	20	d	241	245	249	254	258	263	267	271	275	280	284	286	289	292	296	299	302	/
3A_NB	21	a	250	253	256	260	263	268	272	275	279	284	288	290	293	296	300	303	307	311
3A_NB	21	d	251	254	257	261	265	270	274	276	280	285	289	292	294	297	301	304	308	/
3A_NB	22	a	270	274	278	282	285	289	293	296	301	308	312	315	318	321	324	327	330	334
3A_NB	22	d	271	275	279	283	287	291	295	298	302	309	313	316	319	322	325	328	331	/
3A_NB	23	a	275	279	283	287	291	294	298	301	305	313	317	320	323	326	330	334	339	344
3A_NB	23	d	276	280	284	289	292	296	300	303	307	314	319	321	324	328	332	336	341	/
3A_NB	24	a	299	303	307	312	317	321	325	328	333	338	342	345	347	350	353	357	362	366
3A_NB	24	d	300	305	309	314	319	323	327	330	334	339	343	346	348	351	355	359	364	/
3A_NB	25	a	313	317	321	325	328	332	335	337	341	346	350	353	355	358	361	364	368	371
3A_NB	25	d	314	319	322	326	330	333	336	338	342	347	351	354	356	359	362	365	369	/
3A_NB	26	a	323	327	331	335	340	344	348	350	354	358	362	365	368	372	375	380	384	387
3A_NB	26	d	324	329	333	337	342	346	349	351	355	359	364	367	369	373	377	382	385	/
3A_NB	27	a	344	348	352	355	360	363	367	370	374	379	382	385	389	393	397	401	405	408
3A_NB	27	d	345	349	353	357	361	365	369	371	375	380	383	387	390	394	398	402	406	/
3A_NB	28	a	374	378	382	386	389	394	397	400	404	409	412	415	418	422	427	431	434	438
3A_NB	28	d	375	379	383	387	391	395	399	401	405	410	413	417	420	424	428	432	435	/
3A_NB	29	a	404	408	412	416	420	424	428	430	433	439	442	445	449	453	456	460	463	466
3A_NB	29	d	405	409	413	417	421	425	429	431	434	440	443	447	450	454	458	461	464	/
3A_NB	30	a	434	438	441	445	449	453	457	460	463	468	472	475	478	482	486	489	492	495
3A_NB	30	d	435	439	442	446	450	454	458	461	464	469	473	477	480	483	487	490	493	/
3A_NB	31	a	464	468	471	475	478	482	485	488	492	497	501	505	508	512	515	518	522	525
3A_NB	31	d	465	469	472	476	479	483	486	489	493	498	503	507	510	513	516	519	523	/
3A_NB	32	a	493	497	500	504	507	510	514	516	520	526	529	532	534	538	541	544	547	551
3A_NB	32	d	494	498	501	505	508	511	515	517	521	527	530	533	535	539	542	545	548	/
