RouteID	RunID	Arrivals/Departures	TimePerStop
1A_SB	1	a	4	8	13	22	25	29	34	38	42	45	48	52	62	67	75
1A_SB	1	d	5	10	14	23	26	30	35	39	43	46	49	53	64	69	/
1A_SB	2	a	28	32	35	43	46	50	57	60	64	69	74	79	89	92	99
1A_SB	2	d	29	33	36	44	48	52	58	61	66	71	76	80	90	93	/
1A_SB	3	a	50	55	60	69	73	78	83	86	90	93	97	100	110	115	122
1A_SB	3	d	52	57	62	71	75	79	84	87	91	94	98	101	112	116	/
1A_SB	4	a	78	82	86	94	99	102	108	112	117	121	126	130	141	144	150
1A_SB	4	d	80	83	87	96	100	104	110	114	119	123	128	131	142	145	/
1A_SB	5	a	86	90	94	103	107	112	119	123	127	131	136	141	150	154	160
1A_SB	5	d	88	91	95	104	109	114	121	125	129	133	138	142	151	155	/
1A_SB	6	a	99	104	109	117	121	125	131	135	140	144	149	152	163	167	175
1A_SB	6	d	101	106	110	119	123	127	133	137	142	146	150	153	165	169	/
1A_SB	7	a	117	122	126	134	138	142	148	153	156	160	164	168	180	184	192
1A_SB	7	d	119	123	127	135	139	144	150	154	158	162	166	170	182	185	/
1A_SB	8	a	128	132	136	145	149	153	160	164	167	170	174	178	189	192	200
1A_SB	8	d	130	133	137	146	151	155	161	165	168	171	176	180	190	193	/
1A_SB	9	a	138	142	146	155	160	163	169	173	177	180	184	188	199	203	211
1A_SB	9	d	140	143	147	157	161	164	171	175	178	182	186	190	201	205	/
1A_SB	10	a	148	152	157	168	172	176	183	188	192	197	202	205	214	217	224
1A_SB	10	d	150	154	159	170	174	178	185	190	194	199	203	206	215	218	/
1A_SB	11	a	156	159	164	176	180	184	191	195	199	203	208	211	220	223	230
1A_SB	11	d	157	161	166	178	182	186	192	197	201	205	209	212	221	224	/
1A_SB	12	a	185	190	193	204	207	210	217	222	227	231	235	239	247	251	259
1A_SB	12	d	187	191	195	205	208	212	219	224	229	233	237	240	249	253	/
1A_SB	13	a	206	210	215	223	227	231	238	242	247	251	255	258	265	268	276
1A_SB	13	d	208	212	216	225	229	233	239	244	249	253	256	259	266	269	/
1A_SB	14	a	221	226	231	240	244	248	254	258	263	268	272	275	284	287	295
1A_SB	14	d	223	228	233	242	246	250	256	260	265	270	273	276	285	289	/
1A_SB	15	a	237	242	246	254	257	261	266	269	273	276	279	283	294	298	307
1A_SB	15	d	239	243	247	255	258	262	267	270	274	277	281	285	296	300	/
1A_SB	16	a	243	247	251	259	262	266	271	275	279	282	285	289	300	305	313
1A_SB	16	d	245	248	252	260	263	267	272	276	280	283	286	291	302	306	/
1A_SB	17	a	250	254	259	268	271	276	283	287	291	294	299	302	312	316	324
1A_SB	17	d	252	256	261	269	273	278	284	289	292	296	300	303	313	317	/
1A_SB	18	a	266	270	275	283	287	292	298	301	305	309	313	316	325	329	338
1A_SB	18	d	268	272	276	284	289	294	299	302	306	311	314	317	326	330	/
1A_SB	19	a	275	279	283	291	294	298	303	307	312	317	322	326	336	340	350
1A_SB	19	d	276	280	284	292	295	299	305	309	314	319	324	328	338	342	/
1A_SB	20	a	289	294	298	310	314	319	326	330	334	339	344	348	357	361	368
1A_SB	20	d	291	296	300	311	316	321	328	332	336	341	346	349	358	362	/
1A_SB	21	a	318	322	326	335	338	341	349	353	358	363	366	370	378	382	390
1A_SB	21	d	320	323	327	336	339	343	350	355	360	364	368	371	379	383	/
1A_SB	22	a	328	332	337	346	350	354	362	366	370	375	380	383	392	396	404
1A_SB	22	d	330	334	339	347	352	356	364	368	372	377	381	384	393	397	/
1A_SB	23	a	357	361	366	374	378	381	387	390	393	396	399	403	411	415	422
1A_SB	23	d	359	363	368	375	379	383	388	391	394	397	401	405	412	416	/
1A_SB	24	a	369	374	379	389	392	396	402	405	409	412	416	420	429	433	441
1A_SB	24	d	371	376	381	390	394	398	403	406	410	413	418	421	431	435	/
1A_SB	25	a	382	387	391	400	403	407	413	416	420	423	427	430	439	442	449
1A_SB	25	d	384	388	392	401	405	409	414	417	421	424	428	431	440	443	/
1A_SB	26	a	387	392	396	406	410	413	419	422	425	428	432	435	445	448	455
1A_SB	26	d	389	393	398	408	411	415	420	423	426	429	433	436	446	449	/
1A_SB	27	a	394	398	403	413	416	420	427	430	433	436	440	443	453	457	463
1A_SB	27	d	395	400	405	414	418	422	428	431	434	437	441	444	454	458	/
1A_SB	28	a	409	414	419	430	435	439	445	449	454	458	463	467	477	481	488
1A_SB	28	d	411	416	421	432	437	441	447	451	456	460	464	468	478	482	/
1A_SB	29	a	423	429	434	444	447	451	457	461	466	470	474	478	488	492	500
1A_SB	29	d	425	431	436	445	449	453	459	463	468	472	476	480	490	494	/
1A_SB	30	a	438	443	447	456	460	464	470	475	478	482	486	490	499	502	509
1A_SB	30	d	440	444	448	457	461	465	472	476	480	484	487	491	500	503	/
1A_SB	31	a	446	451	455	464	467	472	479	482	485	488	491	495	505	508	515
1A_SB	31	d	448	452	456	465	469	474	480	483	486	489	492	496	506	509	/
1A_SB	32	a	460	465	469	479	482	486	493	498	503	508	513	517	527	531	539
1A_SB	32	d	462	466	470	480	483	488	495	500	505	510	515	518	529	532	/
1A_SB	33	a	483	487	491	500	503	507	514	517	520	523	527	531	540	544	553
1A_SB	33	d	485	488	492	501	505	509	515	518	521	524	529	532	541	545	/
1A_SB	34	a	488	492	496	505	508	513	518	522	526	531	536	539	548	553	562
1A_SB	34	d	490	493	497	506	510	514	520	524	528	533	537	540	550	555	/
1A_SB	35	a	494	498	502	511	514	519	524	528	532	536	541	544	553	558	567
1A_SB	35	d	495	499	503	512	516	520	526	529	533	538	542	545	555	560	/
1A_SB	36	a	499	503	507	517	520	524	530	534	539	543	547	551	560	564	572
1A_SB	36	d	500	504	509	518	521	525	532	536	541	545	549	552	561	565	/
1A_SB	37	a	503	508	513	525	528	532	538	542	546	549	553	558	569	573	581
1A_SB	37	d	505	510	515	526	529	533	540	543	547	551	555	560	571	575	/
1A_SB	38	a	509	513	518	530	533	538	545	549	554	559	563	567	577	580	587
1A_SB	38	d	510	515	520	531	535	540	547	551	556	561	564	568	578	581	/
1A_SB	39	a	515	519	524	534	538	543	550	554	559	564	568	572	583	586	594
1A_SB	39	d	516	521	526	536	540	545	552	556	561	566	569	573	584	587	/
1A_SB	40	a	524	528	532	542	545	549	555	560	565	570	574	577	588	591	599
1A_SB	40	d	525	529	534	543	546	550	557	562	567	571	575	578	589	592	/
1A_SB	41	a	529	533	537	547	551	556	562	566	571	575	579	582	593	596	604
1A_SB	41	d	530	534	539	549	553	558	563	568	572	576	580	583	594	597	/
1A_SB	42	a	534	538	542	554	557	562	568	573	576	580	584	589	598	601	609
1A_SB	42	d	535	539	544	555	559	564	570	574	577	581	586	590	599	603	/
1A_SB	43	a	547	551	555	564	568	572	578	583	588	591	595	599	608	613	620
1A_SB	43	d	548	552	557	566	570	574	580	585	589	592	596	600	610	614	/
1A_SB	44	a	554	557	561	570	574	578	584	589	594	598	603	607	616	620	627
1A_SB	44	d	555	558	563	572	576	580	586	591	596	600	604	608	617	621	/
1A_SB	45	a	559	562	566	575	579	583	590	594	599	603	608	612	622	627	634
1A_SB	45	d	560	563	568	577	581	585	591	596	601	605	609	614	624	628	/
1A_SB	46	a	569	572	577	584	588	592	599	604	609	613	617	620	630	634	640
1A_SB	46	d	570	574	579	586	590	594	601	606	611	614	618	621	631	635	/
1A_SB	47	a	577	580	585	593	597	601	607	612	616	619	623	626	636	640	646
1A_SB	47	d	578	582	587	595	599	603	609	613	617	620	624	627	637	641	/
1A_SB	48	a	605	609	613	623	626	631	638	642	646	649	652	655	664	667	674
1A_SB	48	d	606	610	615	624	628	632	639	643	647	650	653	656	665	668	/
1A_SB	49	a	635	638	643	653	656	660	666	670	673	677	681	684	694	697	705
1A_SB	49	d	636	640	645	654	658	662	668	671	675	678	682	685	695	698	/
1A_SB	50	a	663	667	672	681	686	690	697	700	704	707	711	714	723	726	733
1A_SB	50	d	664	669	674	683	688	692	698	701	705	708	712	715	724	727	/
1A_SB	51	a	692	695	699	710	714	718	725	728	732	735	738	742	750	754	761
1A_SB	51	d	693	697	701	712	716	720	726	729	733	736	739	743	751	755	/
1A_SB	52	a	716	719	724	733	737	741	747	751	754	759	762	765	775	778	785
1A_SB	52	d	717	721	726	735	738	742	748	752	756	760	763	767	776	780	/
1A_SB	53	a	721	725	729	738	742	746	752	756	759	764	768	771	780	783	790
1A_SB	53	d	722	726	731	740	743	747	753	757	761	765	769	772	781	785	/
1A_SB	54	a	742	746	750	758	761	765	770	774	779	783	788	792	802	806	813
1A_SB	54	d	743	747	751	759	762	766	772	776	781	785	790	794	804	807	/
1A_SB	55	a	772	776	780	788	791	795	801	805	809	813	817	822	833	836	842
1A_SB	55	d	773	777	781	789	792	796	802	806	810	814	819	824	834	837	/
1A_SB	56	a	796	799	804	814	818	822	828	833	838	843	847	852	861	866	873
1A_SB	56	d	797	801	806	815	820	824	830	835	840	844	849	854	863	867	/
1A_SB	57	a	825	829	834	843	848	852	858	863	868	873	877	881	891	895	901
1A_SB	57	d	826	831	836	845	850	854	860	865	870	874	879	883	893	896	/
1A_SB	58	a	853	857	860	870	873	876	882	885	888	892	895	900	909	913	921
1A_SB	58	d	854	858	862	871	874	878	883	886	890	893	897	901	910	914	/
1A_SB	59	a	883	886	890	899	903	907	912	915	918	922	926	929	939	943	951
1A_SB	59	d	884	888	892	901	904	908	913	916	920	923	927	930	940	944	/
1A_SB	60	a	913	917	920	930	933	936	941	945	949	952	956	959	968	971	979
1A_SB	60	d	914	918	922	931	934	937	942	946	950	953	957	960	969	973	/
1A_SB	61	a	943	947	951	960	963	966	971	975	978	982	986	989	998	1002	1009
1A_SB	61	d	944	948	952	961	964	967	972	976	979	983	987	990	999	1003	/
1A_SB	62	a	956	960	964	973	976	979	984	988	991	995	999	1002	1011	1014	1021
1A_SB	62	d	957	961	965	974	977	980	985	989	992	996	1000	1003	1012	1015	/
1A_SB	63	a	974	978	982	990	994	997	1003	1007	1011	1014	1018	1021	1029	1032	1039
1A_SB	63	d	975	979	983	991	995	998	1004	1008	1012	1015	1019	1022	1030	1033	/
1A_SB	64	a	992	996	1000	1010	1014	1017	1023	1026	1029	1032	1035	1039	1048	1051	1057
1A_SB	64	d	993	997	1001	1011	1015	1018	1024	1027	1030	1033	1036	1040	1049	1052	/
1A_NB	1	a	17	26	30	40	45	48	52	56	59	64	68	71	79	82	85
1A_NB	1	d	18	27	31	41	46	49	53	57	60	65	69	72	80	83	/
1A_NB	2	a	22	31	35	45	51	54	59	62	66	71	75	78	87	90	93
1A_NB	2	d	23	32	36	47	52	56	60	63	67	72	76	79	88	91	/
1A_NB	3	a	27	36	41	52	57	60	64	67	72	77	81	84	94	99	102
1A_NB	3	d	28	38	43	53	58	61	65	69	73	79	82	86	96	100	/
1A_NB	4	a	55	64	69	80	85	89	94	98	102	108	111	115	123	127	131
1A_NB	4	d	56	66	71	82	87	91	95	99	103	109	112	116	124	128	/
1A_NB	5	a	63	73	78	86	91	95	99	103	107	114	118	123	131	135	140
1A_NB	5	d	65	75	79	88	93	96	100	104	109	116	120	124	132	137	/
1A_NB	6	a	73	84	88	96	100	103	107	112	116	123	126	130	138	141	146
1A_NB	6	d	75	85	89	97	101	104	109	114	118	124	127	131	139	143	/
1A_NB	7	a	79	90	94	103	109	112	115	119	122	128	132	137	146	150	155
1A_NB	7	d	81	92	96	105	110	113	116	120	124	130	134	139	148	152	/
1A_NB	8	a	107	118	121	130	135	138	143	148	153	158	162	166	175	179	183
1A_NB	8	d	109	119	122	131	136	140	145	150	154	160	164	168	176	180	/
1A_NB	9	a	130	139	142	150	155	159	163	167	171	176	180	184	194	199	204
1A_NB	9	d	132	140	143	151	156	160	164	169	172	177	182	186	196	201	/
1A_NB	10	a	153	163	168	178	184	187	191	195	199	206	209	212	219	222	226
1A_NB	10	d	155	165	170	179	185	188	192	196	200	207	210	213	220	223	/
1A_NB	11	a	158	168	173	183	189	193	197	202	207	215	219	223	232	236	241
1A_NB	11	d	160	170	175	185	191	195	199	204	209	217	221	225	234	238	/
1A_NB	12	a	188	196	200	211	216	219	223	227	231	237	240	245	254	258	262
1A_NB	12	d	190	197	202	212	217	220	224	229	233	238	242	247	256	259	/
1A_NB	13	a	198	208	212	223	230	234	238	242	246	251	254	257	265	268	272
1A_NB	13	d	200	210	214	225	232	235	239	243	247	252	255	258	266	269	/
1A_NB	14	a	213	225	228	238	244	247	251	255	259	264	267	270	278	282	286
1A_NB	14	d	215	226	229	240	245	248	252	256	260	265	268	271	279	283	/
1A_NB	15	a	218	230	234	244	249	252	256	260	264	269	272	276	284	287	291
1A_NB	15	d	220	232	235	245	250	253	257	261	265	270	274	277	285	288	/
1A_NB	16	a	233	243	247	258	263	267	272	277	282	287	291	294	302	307	311
1A_NB	16	d	235	245	249	259	265	269	274	279	283	289	292	295	304	309	/
1A_NB	17	a	254	266	269	279	284	288	293	297	301	307	310	313	323	327	331
1A_NB	17	d	256	267	271	280	286	290	294	299	303	308	311	314	324	328	/
1A_NB	18	a	278	288	292	304	310	313	317	321	325	331	335	339	345	348	352
1A_NB	18	d	280	290	294	305	311	314	318	322	326	332	336	340	346	349	/
1A_NB	19	a	288	297	301	311	318	323	327	332	337	344	348	353	362	367	371
1A_NB	19	d	290	299	303	313	320	324	329	334	339	346	350	355	364	369	/
1A_NB	20	a	316	327	330	342	348	353	357	362	366	372	376	381	390	394	397
1A_NB	20	d	318	328	331	343	350	354	359	364	368	374	378	383	392	395	/
1A_NB	21	a	327	337	342	354	359	362	367	372	375	380	384	388	396	399	402
1A_NB	21	d	328	339	343	355	360	364	369	373	376	382	385	389	397	400	/
1A_NB	22	a	336	346	350	360	367	371	376	380	385	390	394	397	406	409	413
1A_NB	22	d	338	347	351	362	369	373	377	382	386	391	395	398	407	410	/
1A_NB	23	a	341	351	355	365	372	376	380	385	390	396	400	403	412	415	419
1A_NB	23	d	343	352	356	367	374	378	382	387	391	397	401	404	413	416	/
1A_NB	24	a	347	356	360	370	377	381	385	390	394	401	406	411	420	424	429
1A_NB	24	d	349	357	361	372	379	383	387	392	396	403	408	413	422	426	/
1A_NB	25	a	372	380	384	394	399	403	406	411	415	421	424	427	437	441	445
1A_NB	25	d	374	382	386	395	400	404	408	413	417	422	425	428	438	442	/
1A_NB	26	a	397	407	411	420	425	429	433	437	441	447	450	454	463	466	471
1A_NB	26	d	399	409	413	421	426	430	434	438	442	448	451	455	464	468	/
1A_NB	27	a	406	417	420	431	437	441	446	451	456	463	466	470	478	481	485
1A_NB	27	d	408	418	422	433	439	443	448	453	458	464	467	471	479	482	/
1A_NB	28	a	436	445	449	458	463	467	470	474	477	482	485	488	497	501	505
1A_NB	28	d	438	446	450	459	465	468	471	475	478	483	486	489	498	502	/
1A_NB	29	a	458	467	470	479	486	491	496	500	504	510	515	518	526	530	534
1A_NB	29	d	460	468	472	481	488	493	497	502	505	512	516	519	527	531	/
1A_NB	30	a	469	480	484	494	500	504	507	512	515	521	526	530	538	542	547
1A_NB	30	d	471	481	486	496	501	505	509	513	516	523	527	531	539	544	/
1A_NB	31	a	486	496	499	508	514	519	524	529	532	539	542	545	553	557	562
1A_NB	31	d	488	497	500	510	516	521	526	530	533	540	543	546	554	558	/
1A_NB	32	a	513	522	526	536	541	544	547	551	555	560	563	566	575	578	583
1A_NB	32	d	515	524	528	537	542	545	548	552	556	561	564	567	576	579	/
1A_NB	33	a	519	528	532	542	548	551	554	558	561	566	569	572	580	583	588
1A_NB	33	d	521	530	534	543	549	552	555	559	562	567	570	573	581	584	/
1A_NB	34	a	538	547	551	560	565	569	574	580	584	589	592	596	606	609	613
1A_NB	34	d	540	548	552	561	566	571	576	581	585	590	593	597	607	610	/
1A_NB	35	a	544	552	556	565	570	574	579	585	589	594	597	601	610	614	618
1A_NB	35	d	545	553	557	566	572	576	581	586	590	595	598	602	612	615	/
1A_NB	36	a	562	570	573	583	588	591	595	599	602	607	610	613	622	626	630
1A_NB	36	d	563	571	574	584	589	592	596	600	603	608	611	614	623	627	/
1A_NB	37	a	576	585	588	599	604	608	612	616	620	626	629	632	641	644	647
1A_NB	37	d	577	586	589	600	605	609	613	617	621	627	630	633	642	645	/
1A_NB	38	a	592	600	603	611	616	620	624	628	632	637	640	643	652	655	658
1A_NB	38	d	593	601	604	612	617	621	625	629	633	638	641	644	653	656	/
1A_NB	39	a	609	619	622	632	637	640	644	647	650	656	660	664	673	676	680
1A_NB	39	d	610	620	623	633	638	641	645	648	651	657	661	665	674	677	/
1A_NB	40	a	623	631	635	643	648	652	656	659	663	668	671	675	685	688	692
1A_NB	40	d	624	632	636	644	649	653	657	660	664	669	672	676	686	689	/
1A_NB	41	a	646	655	658	667	673	678	681	684	688	695	698	701	711	715	719
1A_NB	41	d	647	656	660	668	675	679	682	685	690	696	699	702	712	716	/
1A_NB	42	a	651	660	664	673	679	683	686	689	693	700	703	706	715	720	724
1A_NB	42	d	652	662	666	675	680	684	687	691	695	701	704	707	717	721	/
1A_NB	43	a	656	665	669	678	684	688	691	695	698	705	708	711	720	725	729
1A_NB	43	d	657	667	671	680	685	689	692	696	700	706	709	712	722	726	/
1A_NB	44	a	664	674	678	688	695	699	703	707	711	717	720	723	732	736	740
1A_NB	44	d	665	676	680	690	696	700	704	708	712	718	721	724	733	737	/
1A_NB	45	a	669	679	683	693	700	704	708	712	716	722	725	728	737	741	745
1A_NB	45	d	670	681	685	695	701	705	709	713	717	723	726	729	738	742	/
1A_NB	46	a	674	685	688	699	705	708	713	717	721	727	730	733	742	746	750
1A_NB	46	d	675	686	690	700	706	710	714	718	722	728	731	734	743	747	/
1A_NB	47	a	679	690	693	704	710	713	718	722	726	732	735	738	748	752	755
1A_NB	47	d	680	691	695	706	711	715	719	723	727	733	736	739	749	753	/
1A_NB	48	a	689	698	701	711	716	719	722	727	731	737	740	743	753	757	760
1A_NB	48	d	690	699	702	712	717	720	724	728	732	738	741	744	754	758	/
1A_NB	49	a	703	712	716	727	733	737	742	746	750	756	760	763	772	776	780
1A_NB	49	d	704	714	718	728	734	739	743	748	751	757	761	764	773	777	/
1A_NB	50	a	711	722	725	734	739	743	748	752	755	761	765	768	778	783	788
1A_NB	50	d	712	723	726	735	740	745	749	753	756	762	766	770	780	785	/
1A_NB	51	a	719	728	732	742	748	752	756	761	765	771	774	778	787	791	795
1A_NB	51	d	720	730	734	744	750	753	758	763	766	772	776	780	788	792	/
1A_NB	52	a	738	748	752	761	766	770	773	777	780	786	789	793	801	805	809
1A_NB	52	d	739	750	753	762	767	771	774	778	781	787	790	795	802	806	/
1A_NB	53	a	751	761	765	777	783	788	793	798	802	807	811	815	823	828	832
1A_NB	53	d	752	763	767	779	785	790	795	799	803	809	813	817	825	829	/
1A_NB	54	a	768	778	782	792	797	801	804	808	813	819	822	825	834	838	842
1A_NB	54	d	769	780	783	793	798	802	805	810	814	820	823	826	835	839	/
1A_NB	55	a	778	788	792	803	809	813	817	821	825	830	833	836	845	849	853
1A_NB	55	d	779	790	794	805	810	814	818	822	826	831	834	837	846	850	/
1A_NB	56	a	786	797	801	813	818	822	826	829	833	838	841	845	851	855	859
1A_NB	56	d	787	799	803	814	819	823	827	830	834	839	842	846	852	856	/
1A_NB	57	a	812	823	827	837	842	846	851	856	860	865	868	871	879	883	887
1A_NB	57	d	813	825	828	838	843	848	853	858	861	866	869	872	881	885	/
1A_NB	58	a	841	853	856	866	871	876	880	884	888	894	897	900	907	911	915
1A_NB	58	d	842	854	858	867	873	877	881	885	889	895	898	901	908	912	/
1A_NB	59	a	846	858	861	871	877	881	885	889	893	899	902	905	912	916	920
1A_NB	59	d	847	859	863	872	878	882	886	890	894	900	903	906	913	917	/
1A_NB	60	a	851	863	866	876	882	886	890	894	898	904	907	910	917	921	925
1A_NB	60	d	852	864	868	877	883	887	891	895	899	905	908	911	918	922	/
1A_NB	61	a	856	867	871	882	888	892	896	900	904	909	912	915	924	928	932
1A_NB	61	d	857	869	873	883	889	893	897	901	905	910	913	916	925	929	/
1A_NB	62	a	861	872	877	887	893	897	901	905	909	914	917	920	929	933	937
1A_NB	62	d	862	874	878	888	894	898	902	906	910	915	918	921	930	934	/
1A_NB	63	a	866	877	882	892	898	902	906	910	914	919	922	925	934	938	942
1A_NB	63	d	867	879	883	893	899	903	907	911	915	920	923	926	935	939	/
1A_NB	64	a	871	882	887	898	904	907	911	915	919	924	927	930	939	943	947
1A_NB	64	d	872	884	888	899	905	908	912	916	920	925	928	931	940	944	/
2A_NB	1	a	17	20	26	30	33	40	44	48	56	60	65	68	71	75	80	82	86	90
2A_NB	1	d	18	21	27	31	34	41	45	49	57	61	66	69	72	76	81	83	87	/
2A_NB	2	a	33	36	42	46	50	55	58	62	69	72	77	79	82	85	90	93	96	100
2A_NB	2	d	34	37	43	47	51	56	59	63	70	73	78	80	83	86	91	94	97	/
2A_NB	3	a	50	53	59	63	67	73	76	79	88	92	98	100	103	107	113	115	119	123
2A_NB	3	d	51	54	60	64	68	74	77	80	89	93	99	101	104	108	114	116	120	/
2A_NB	4	a	66	69	75	78	81	86	89	93	101	104	109	111	114	118	124	126	130	134
2A_NB	4	d	67	70	76	79	82	87	90	94	102	105	110	112	115	119	125	127	131	/
2A_NB	5	a	82	85	91	95	98	104	108	111	119	123	129	131	134	138	145	147	151	154
2A_NB	5	d	83	86	92	96	99	105	109	112	120	124	130	132	135	139	146	148	152	/
2A_NB	6	a	97	100	106	109	113	118	122	126	133	137	142	145	148	152	159	161	164	168
2A_NB	6	d	98	101	107	110	114	119	123	127	134	138	143	146	149	153	160	162	165	/
2A_NB	7	a	113	117	122	126	130	136	140	143	152	156	161	164	166	170	176	178	182	185
2A_NB	7	d	114	118	123	127	131	137	141	144	153	157	162	165	167	171	177	179	183	/
2A_NB	8	a	129	133	139	143	147	153	156	159	168	172	178	180	183	187	193	195	199	202
2A_NB	8	d	130	134	140	144	148	154	157	160	169	173	179	181	184	188	194	196	200	/
2A_NB	9	a	134	138	144	148	152	158	161	164	173	177	183	186	189	193	199	201	205	208
2A_NB	9	d	135	139	145	149	153	159	162	165	174	178	184	187	190	194	200	202	206	/
2A_NB	10	a	139	143	149	152	156	163	166	169	178	182	187	191	194	198	204	206	210	213
2A_NB	10	d	140	144	150	154	158	164	167	170	179	183	189	192	195	199	205	207	211	/
2A_NB	11	a	144	148	154	157	161	168	172	175	184	188	193	196	199	203	209	211	214	218
2A_NB	11	d	145	149	155	159	163	169	173	176	185	189	194	197	200	204	210	212	216	/
2A_NB	12	a	149	152	159	162	166	172	177	180	189	193	198	201	204	208	214	216	219	223
2A_NB	12	d	150	154	160	164	168	174	178	181	190	194	199	202	205	209	215	217	221	/
2A_NB	13	a	154	157	164	167	171	177	182	186	195	199	204	207	210	214	219	221	224	228
2A_NB	13	d	155	159	165	169	173	179	183	187	196	200	205	208	211	215	220	222	226	/
2A_NB	14	a	181	184	189	192	195	202	205	209	217	221	226	229	232	236	241	244	249	252
2A_NB	14	d	182	185	190	193	197	203	207	210	218	222	227	230	233	237	243	246	250	/
2A_NB	15	a	211	214	219	222	226	231	236	239	247	251	256	259	262	266	271	275	278	282
2A_NB	15	d	212	215	220	223	227	233	237	240	248	252	257	260	263	267	273	276	279	/
2A_NB	16	a	241	244	249	252	255	262	266	269	277	281	286	288	291	295	302	305	308	312
2A_NB	16	d	242	245	250	253	257	263	267	270	278	282	287	290	293	297	303	306	309	/
2A_NB	17	a	271	274	279	282	286	291	295	298	307	311	316	319	322	326	331	333	337	341
2A_NB	17	d	272	275	280	283	287	292	296	299	308	312	317	320	323	327	332	334	338	/
2A_NB	18	a	284	288	293	297	301	307	311	314	324	327	332	335	338	342	348	351	354	358
2A_NB	18	d	285	289	294	298	302	308	312	315	325	328	333	336	339	343	349	352	355	/
2A_NB	19	a	298	302	308	311	314	320	324	328	338	342	347	349	351	354	361	363	367	371
2A_NB	19	d	299	303	309	312	315	321	325	329	339	343	348	350	352	355	362	364	368	/
2A_NB	20	a	311	314	320	324	327	333	337	340	350	354	360	362	364	368	373	375	378	382
2A_NB	20	d	312	315	321	325	328	334	338	341	351	355	361	363	365	369	374	376	379	/
2A_NB	21	a	328	331	336	340	344	350	354	358	367	370	375	377	380	383	389	391	395	399
2A_NB	21	d	329	332	337	341	345	351	355	359	368	371	376	378	381	384	390	392	396	/
2A_NB	22	a	343	347	353	356	360	365	369	372	379	383	388	390	392	396	401	403	407	410
2A_NB	22	d	344	348	354	357	361	366	370	373	380	384	389	391	393	397	402	404	408	/
2A_NB	23	a	359	362	367	371	374	380	383	386	393	396	402	405	407	411	417	420	423	427
2A_NB	23	d	360	363	368	372	375	381	384	387	394	397	403	406	408	412	418	421	424	/
2A_NB	24	a	372	375	380	383	387	393	397	400	407	410	415	417	419	423	429	431	434	437
2A_NB	24	d	373	376	381	384	388	394	398	401	408	411	416	418	420	424	430	432	435	/
2A_NB	25	a	386	390	396	399	403	410	414	417	425	428	433	436	439	443	448	450	454	458
2A_NB	25	d	387	391	397	400	404	411	415	418	426	429	434	437	440	444	449	451	455	/
2A_NB	26	a	402	406	412	415	418	423	426	429	436	439	445	448	451	454	459	462	466	470
2A_NB	26	d	403	407	413	416	419	424	427	430	437	440	446	449	452	455	460	463	467	/
2A_NB	27	a	417	421	426	429	432	438	441	445	452	456	461	463	466	470	476	478	482	486
2A_NB	27	d	418	422	427	430	433	439	442	446	453	457	462	464	467	471	477	479	483	/
2A_NB	28	a	435	439	444	447	451	456	459	462	469	473	479	482	484	488	493	495	498	502
2A_NB	28	d	436	440	445	448	452	457	460	463	470	474	480	483	485	489	494	496	499	/
2A_NB	29	a	450	453	458	462	466	472	475	479	487	490	496	499	501	505	510	513	517	521
2A_NB	29	d	451	454	459	463	467	473	476	480	488	491	497	500	502	506	511	514	518	/
2A_NB	30	a	466	469	474	478	481	487	491	494	503	507	513	516	519	523	528	531	535	539
2A_NB	30	d	467	470	475	479	482	488	492	495	504	508	514	517	520	524	529	532	536	/
2A_NB	31	a	482	485	490	493	497	502	506	509	518	522	528	531	533	537	542	544	547	551
2A_NB	31	d	483	486	491	494	498	503	507	510	519	523	529	532	534	538	543	545	548	/
2A_NB	32	a	499	502	507	510	514	520	524	528	535	538	543	545	548	552	557	560	563	567
2A_NB	32	d	500	503	508	511	515	521	525	529	536	539	544	546	549	553	558	561	564	/
2A_NB	33	a	517	521	526	529	533	538	542	545	552	556	561	563	565	569	574	576	580	583
2A_NB	33	d	518	522	527	530	534	539	543	546	553	557	562	564	566	570	575	577	581	/
2A_NB	34	a	532	535	540	543	546	552	555	558	567	571	576	578	580	584	589	592	596	600
2A_NB	34	d	533	536	541	544	547	553	556	559	568	572	577	579	581	585	590	593	597	/
2A_NB	35	a	545	549	555	559	562	568	572	575	584	588	593	595	597	601	606	608	612	615
2A_NB	35	d	546	550	556	560	563	569	573	576	585	589	594	596	598	602	607	609	613	/
2A_NB	36	a	559	563	568	572	575	581	585	588	595	599	604	606	609	613	618	621	624	628
2A_NB	36	d	560	564	569	573	576	582	586	589	596	600	605	607	610	614	619	622	625	/
2A_NB	37	a	577	581	586	590	594	599	602	605	613	617	623	625	628	631	637	639	643	647
2A_NB	37	d	578	582	587	591	595	600	603	606	614	618	624	626	629	632	638	640	644	/
2A_NB	38	a	594	598	603	606	609	614	618	621	630	633	638	640	643	646	651	653	656	659
2A_NB	38	d	595	599	604	607	610	615	619	622	631	634	639	641	644	647	652	654	657	/
2A_NB	39	a	607	611	616	620	624	630	634	637	645	648	653	656	659	663	668	670	673	676
2A_NB	39	d	608	612	617	621	625	631	635	638	646	649	654	657	660	664	669	671	674	/
2A_NB	40	a	623	627	632	636	639	646	650	653	660	663	668	670	672	676	682	684	688	691
2A_NB	40	d	624	628	633	637	640	647	651	654	661	664	669	671	673	677	683	685	689	/
2A_NB	41	a	637	641	647	651	655	660	664	667	674	678	683	686	689	693	699	702	706	710
2A_NB	41	d	638	642	648	652	656	661	665	668	675	679	684	687	690	694	700	703	707	/
2A_NB	42	a	650	654	660	663	667	673	677	680	688	692	698	700	702	706	712	714	717	721
2A_NB	42	d	651	655	661	664	668	674	678	681	689	693	699	701	703	707	713	715	718	/
2A_NB	43	a	663	667	672	675	679	686	689	692	699	702	708	710	713	717	723	725	728	732
2A_NB	43	d	664	668	673	676	680	687	690	693	700	703	709	711	714	718	724	726	729	/
2A_NB	44	a	679	682	687	690	693	699	702	705	714	717	722	724	726	729	736	738	742	746
2A_NB	44	d	680	683	688	691	694	700	703	706	715	718	723	725	727	730	737	739	743	/
2A_NB	45	a	692	696	702	705	709	715	719	723	731	734	739	742	744	748	753	755	759	763
2A_NB	45	d	693	697	703	706	710	716	720	724	732	735	740	743	745	749	754	756	760	/
2A_NB	46	a	708	711	717	720	723	728	731	735	743	747	752	754	757	761	767	770	774	778
2A_NB	46	d	709	712	718	721	724	729	732	736	744	748	753	755	758	762	768	771	775	/
2A_NB	47	a	722	725	731	734	738	744	748	752	761	765	770	772	775	779	785	787	790	793
2A_NB	47	d	723	726	732	735	739	745	749	753	762	766	771	773	776	780	786	788	791	/
2A_NB	48	a	739	742	748	751	755	760	764	767	775	779	784	786	789	793	799	801	805	808
2A_NB	48	d	740	743	749	752	756	761	765	768	776	780	785	787	790	794	800	802	806	/
2A_NB	49	a	757	760	765	768	772	777	780	783	792	796	803	805	808	812	817	819	822	826
2A_NB	49	d	758	761	766	769	773	778	781	784	793	797	804	806	809	813	818	820	823	/
2A_NB	50	a	775	778	783	786	790	796	799	802	810	813	818	821	824	828	833	835	838	842
2A_NB	50	d	776	779	784	787	791	797	800	803	811	814	819	822	825	829	834	836	839	/
2A_NB	51	a	793	797	802	806	809	815	818	821	830	833	839	842	845	848	854	857	861	865
2A_NB	51	d	794	798	803	807	810	816	819	822	831	834	840	843	846	849	855	858	862	/
2A_NB	52	a	806	810	816	819	823	829	833	836	844	848	854	857	859	862	867	870	874	878
2A_NB	52	d	807	811	817	820	824	830	834	837	845	849	855	858	860	863	868	871	875	/
2A_NB	53	a	823	827	832	835	838	843	846	849	857	861	866	869	872	876	882	885	889	893
2A_NB	53	d	824	828	833	836	839	844	847	850	858	862	867	870	873	877	883	886	890	/
2A_NB	54	a	837	840	845	848	852	858	861	864	873	877	882	884	886	890	895	898	902	906
2A_NB	54	d	838	841	846	849	853	859	862	865	874	878	883	885	887	891	896	899	903	/
2A_NB	55	a	851	854	860	863	867	872	875	879	888	891	897	900	902	905	911	913	916	920
2A_NB	55	d	852	855	861	864	868	873	876	880	889	892	898	901	903	906	912	914	917	/
2A_NB	56	a	869	872	878	881	884	890	893	896	906	910	917	920	923	927	933	936	940	944
2A_NB	56	d	870	873	879	882	885	891	894	897	907	911	918	921	924	928	934	937	941	/
2A_NB	57	a	884	888	894	897	901	906	910	914	923	926	932	934	937	940	945	947	950	954
2A_NB	57	d	885	889	895	898	902	907	911	915	924	927	933	935	938	941	946	948	951	/
2A_NB	58	a	902	906	913	916	919	925	929	933	943	947	953	955	958	961	966	969	973	977
2A_NB	58	d	903	907	914	917	920	926	930	934	944	948	954	956	959	962	967	970	974	/
2A_NB	59	a	918	921	927	930	934	940	944	948	955	958	964	966	968	972	977	979	983	987
2A_NB	59	d	919	922	928	931	935	941	945	949	956	959	965	967	969	973	978	980	984	/
2A_NB	60	a	931	934	940	943	947	953	957	961	968	972	977	980	983	987	992	995	998	1002
2A_NB	60	d	932	935	941	944	948	954	958	962	969	973	978	981	984	988	993	996	999	/
2A_NB	61	a	949	953	958	962	966	973	976	979	988	992	997	1000	1002	1006	1011	1013	1017	1020
2A_NB	61	d	950	954	959	963	967	974	977	980	989	993	998	1001	1003	1007	1012	1014	1018	/
2A_NB	62	a	965	969	975	978	981	988	991	994	1003	1007	1012	1014	1016	1020	1025	1028	1031	1035
2A_NB	62	d	966	970	976	979	982	989	992	995	1004	1008	1013	1015	1017	1021	1026	1029	1032	/
2A_NB	63	a	978	981	987	990	993	999	1003	1006	1015	1019	1024	1026	1028	1032	1037	1040	1044	1047
2A_NB	63	d	979	982	988	991	994	1000	1004	1007	1016	1020	1025	1027	1029	1033	1038	1041	1045	/
2A_NB	64	a	991	995	1000	1003	1006	1011	1015	1019	1027	1030	1035	1038	1041	1045	1050	1053	1057	1061
2A_NB	64	d	992	996	1001	1004	1007	1012	1016	1020	1028	1031	1036	1039	1042	1046	1051	1054	1058	/
2A_SB	1	a	24	27	30	34	40	43	47	51	54	59	63	69	73	77	83	86	90	93
2A_SB	1	d	25	29	32	35	41	44	48	52	55	60	64	70	74	78	84	87	91	/
2A_SB	2	a	54	57	60	63	69	72	76	79	84	89	92	98	102	106	111	115	120	123
2A_SB	2	d	55	58	61	65	71	74	77	81	85	90	93	99	103	107	112	117	121	/
2A_SB	3	a	61	66	70	73	79	83	88	93	97	101	104	110	113	116	121	124	128	131
2A_SB	3	d	63	68	71	75	81	85	90	95	98	102	105	111	114	117	122	125	129	/
2A_SB	4	a	78	82	85	88	93	97	102	107	111	117	120	127	131	134	139	143	147	150
2A_SB	4	d	80	84	86	89	95	99	104	109	113	118	122	128	132	135	140	144	148	/
2A_SB	5	a	86	90	93	97	103	107	111	115	119	124	129	136	140	144	149	154	158	162
2A_SB	5	d	88	91	95	99	105	109	113	117	120	126	131	138	141	145	151	156	160	/
2A_SB	6	a	96	100	104	109	115	118	123	128	132	138	143	149	154	157	162	167	171	174
2A_SB	6	d	98	102	106	111	116	120	125	130	134	140	145	151	155	158	164	168	172	/
2A_SB	7	a	107	112	115	120	127	130	135	140	143	148	152	157	161	164	170	174	178	181
2A_SB	7	d	109	114	117	122	129	132	137	141	144	149	153	158	162	165	171	175	179	/
2A_SB	8	a	117	122	125	129	135	137	141	145	148	153	157	162	166	170	176	180	183	187
2A_SB	8	d	119	123	126	130	136	138	142	146	149	154	158	163	167	171	177	181	184	/
2A_SB	9	a	122	127	131	135	140	142	147	152	157	164	168	174	179	183	189	193	196	200
2A_SB	9	d	124	129	132	136	141	144	149	154	159	166	170	176	180	184	190	194	197	/
2A_SB	10	a	139	142	144	148	154	157	160	164	167	172	175	180	184	188	194	197	201	205
2A_SB	10	d	140	143	146	150	155	158	161	165	168	173	176	181	185	189	195	199	202	/
2A_SB	11	a	163	168	171	174	179	182	185	188	193	198	202	207	211	215	221	224	229	233
2A_SB	11	d	165	169	172	175	180	183	186	190	194	199	203	208	212	216	222	226	231	/
2A_SB	12	a	181	186	188	191	197	200	203	206	209	216	221	228	232	238	245	248	251	254
2A_SB	12	d	183	187	189	192	198	201	204	207	211	218	223	230	234	239	246	249	252	/
2A_SB	13	a	191	196	198	203	210	213	217	220	223	229	233	238	241	245	250	253	256	260
2A_SB	13	d	193	197	200	205	212	214	218	221	224	230	234	239	242	246	251	254	257	/
2A_SB	14	a	210	216	219	223	229	232	236	239	242	247	250	256	260	263	269	272	276	279
2A_SB	14	d	212	217	220	225	230	233	237	240	243	248	251	257	261	264	270	273	277	/
2A_SB	15	a	225	229	233	238	245	247	251	255	260	265	269	274	277	281	287	290	294	297
2A_SB	15	d	226	231	235	240	246	248	252	257	261	266	270	275	278	282	288	291	295	/
2A_SB	16	a	241	245	249	253	259	262	265	268	272	277	280	285	290	293	298	301	305	309
2A_SB	16	d	242	247	250	254	260	263	266	269	273	278	281	287	291	294	299	303	306	/
2A_SB	17	a	256	260	263	266	271	274	278	282	285	291	295	300	304	309	315	319	323	326
2A_SB	17	d	258	261	264	267	272	275	279	283	286	292	296	301	306	310	316	320	324	/
2A_SB	18	a	261	265	269	274	281	285	290	295	299	305	309	316	319	323	329	333	337	341
2A_SB	18	d	263	267	271	276	283	287	292	297	301	307	311	317	320	324	330	334	339	/
2A_SB	19	a	284	289	292	297	304	307	312	317	321	326	329	334	338	341	347	351	354	357
2A_SB	19	d	286	291	294	299	306	309	314	319	322	327	330	335	339	342	348	352	355	/
2A_SB	20	a	301	306	309	312	317	320	324	329	332	338	342	348	353	356	363	367	370	373
2A_SB	20	d	303	307	310	313	318	321	326	330	334	340	344	350	354	357	364	368	371	/
2A_SB	21	a	318	323	325	328	334	337	341	345	349	355	359	366	370	374	380	384	388	391
2A_SB	21	d	320	324	326	330	336	339	343	346	351	357	361	368	372	375	381	385	389	/
2A_SB	22	a	331	335	339	343	350	354	359	363	366	372	375	380	384	388	394	399	404	408
2A_SB	22	d	333	337	341	345	352	356	360	364	367	373	376	382	385	389	396	401	406	/
2A_SB	23	a	348	353	356	360	367	371	376	380	384	390	394	399	403	406	413	417	422	426
2A_SB	23	d	350	354	358	362	369	373	378	382	386	391	395	401	404	408	415	419	424	/
2A_SB	24	a	363	368	371	375	381	384	389	394	398	404	409	416	421	425	431	434	438	441
2A_SB	24	d	365	370	373	377	383	386	391	396	400	406	411	418	422	426	432	435	439	/
2A_SB	25	a	376	381	384	389	395	398	402	406	410	417	422	427	431	435	440	443	447	450
2A_SB	25	d	378	383	386	391	397	400	403	408	412	419	423	429	432	436	441	444	448	/
2A_SB	26	a	385	389	391	396	402	405	409	413	416	423	427	432	436	440	445	448	453	457
2A_SB	26	d	386	390	393	398	404	407	411	414	418	424	428	434	437	441	446	450	455	/
2A_SB	27	a	403	407	411	415	420	422	426	430	434	441	444	450	454	458	463	466	470	473
2A_SB	27	d	405	409	412	416	421	424	427	432	436	442	445	451	455	459	464	467	471	/
2A_SB	28	a	421	425	427	430	435	437	440	443	446	453	457	463	468	472	478	481	484	487
2A_SB	28	d	423	426	428	431	436	438	441	444	448	455	459	465	469	473	479	482	485	/
2A_SB	29	a	431	435	439	443	450	453	456	459	462	467	471	476	480	484	490	493	496	500
2A_SB	29	d	433	437	441	445	452	454	457	460	463	468	472	477	481	485	491	494	497	/
2A_SB	30	a	442	446	449	452	457	459	463	468	473	479	482	487	490	494	500	503	506	510
2A_SB	30	d	444	447	450	453	458	461	465	470	474	480	483	488	491	495	501	504	507	/
2A_SB	31	a	447	451	453	457	462	465	469	474	478	484	487	492	495	499	505	508	511	514
2A_SB	31	d	449	452	455	458	464	466	471	475	479	485	488	493	496	500	506	509	512	/
2A_SB	32	a	452	457	460	463	469	472	476	480	483	490	494	501	506	511	517	521	524	527
2A_SB	32	d	454	459	461	465	470	473	477	481	485	492	496	503	508	512	519	522	525	/
2A_SB	33	a	460	465	467	471	477	481	486	491	495	502	506	513	518	522	528	531	535	538
2A_SB	33	d	462	466	468	473	479	483	488	493	497	504	508	515	519	523	529	532	536	/
2A_SB	34	a	468	472	475	479	484	487	492	497	500	507	511	518	523	528	535	538	543	547
2A_SB	34	d	469	474	476	480	486	489	494	498	502	509	513	520	525	530	536	540	545	/
2A_SB	35	a	477	481	485	489	494	497	502	506	509	515	520	527	531	536	542	545	549	552
2A_SB	35	d	478	483	486	490	495	499	503	507	510	517	522	528	533	537	543	546	550	/
2A_SB	36	a	483	487	490	495	500	503	507	511	514	520	525	531	536	541	547	550	554	557
2A_SB	36	d	484	488	492	496	501	504	508	512	515	522	527	533	538	542	548	551	555	/
2A_SB	37	a	499	502	504	509	514	516	520	524	527	533	536	541	544	547	553	556	560	563
2A_SB	37	d	500	503	506	510	515	517	521	525	528	534	537	542	545	548	554	557	561	/
2A_SB	38	a	509	512	516	520	525	528	531	535	539	545	549	555	558	562	567	570	574	578
2A_SB	38	d	510	514	518	521	526	529	533	537	541	547	551	556	559	563	568	571	575	/
2A_SB	39	a	523	527	531	534	539	542	545	548	552	557	560	564	567	571	576	579	583	587
2A_SB	39	d	525	529	532	535	540	543	546	549	553	558	561	565	568	572	577	580	584	/
2A_SB	40	a	535	539	542	546	552	555	558	561	564	570	574	579	582	586	591	594	598	601
2A_SB	40	d	537	540	543	547	553	556	559	562	565	571	575	580	583	587	592	595	599	/
2A_SB	41	a	540	544	548	553	559	562	566	570	575	580	584	589	593	598	605	608	611	615
2A_SB	41	d	542	546	550	555	561	564	568	572	576	581	585	591	595	600	606	609	613	/
2A_SB	42	a	569	573	575	579	586	590	595	600	604	610	613	619	623	628	635	638	642	645
2A_SB	42	d	570	574	577	581	588	592	597	602	605	611	614	621	625	630	636	639	643	/
2A_SB	43	a	587	591	594	598	604	606	609	612	615	620	624	629	633	637	643	646	650	654
2A_SB	43	d	588	593	596	600	605	607	610	613	616	621	625	630	634	638	644	648	652	/
2A_SB	44	a	592	596	599	603	609	611	614	617	622	628	632	637	641	645	652	655	658	661
2A_SB	44	d	593	598	601	605	610	612	615	619	624	630	633	638	642	646	653	656	659	/
2A_SB	45	a	597	601	604	608	614	616	619	622	627	633	637	643	647	651	658	661	665	669
2A_SB	45	d	598	603	606	610	615	617	620	624	629	635	639	645	648	652	659	662	666	/
2A_SB	46	a	619	622	625	629	634	638	642	645	650	656	659	665	669	672	678	682	685	689
2A_SB	46	d	620	624	627	631	636	639	643	647	651	657	660	666	670	674	680	683	687	/
2A_SB	47	a	647	651	654	658	665	667	671	674	678	684	689	694	699	703	709	712	716	720
2A_SB	47	d	648	652	656	660	666	668	672	675	680	686	690	696	700	704	710	713	717	/
2A_SB	48	a	677	680	684	688	694	697	700	704	707	714	718	725	729	733	739	742	745	749
2A_SB	48	d	678	682	686	690	695	698	701	705	709	716	720	726	730	734	740	743	746	/
2A_SB	49	a	706	710	713	718	724	727	730	733	736	743	747	752	756	760	766	769	772	776
2A_SB	49	d	707	712	715	720	725	728	731	734	737	744	748	753	757	761	767	770	773	/
2A_SB	50	a	734	738	740	745	750	753	756	761	765	770	774	780	783	787	793	796	799	802
2A_SB	50	d	735	739	742	746	751	754	758	763	766	772	775	781	784	788	794	797	800	/
2A_SB	51	a	764	768	771	775	780	783	787	790	793	801	804	809	813	817	823	826	829	832
2A_SB	51	d	765	769	772	776	781	784	788	791	795	802	805	810	814	818	824	827	830	/
2A_SB	52	a	769	773	776	780	785	788	792	796	800	807	810	815	819	823	829	832	835	838
2A_SB	52	d	770	774	777	781	786	789	794	798	801	808	811	816	820	825	830	833	836	/
2A_SB	53	a	794	798	801	805	810	813	817	821	826	832	835	840	844	848	854	857	860	863
2A_SB	53	d	795	799	802	806	811	814	818	823	827	833	836	841	845	849	855	858	861	/
2A_SB	54	a	800	804	808	813	818	821	825	828	832	838	841	847	851	855	861	864	867	870
2A_SB	54	d	801	806	810	814	819	822	826	829	833	839	842	848	852	856	862	865	868	/
2A_SB	55	a	825	829	832	835	841	844	849	853	857	862	865	870	873	877	883	886	891	894
2A_SB	55	d	826	830	833	836	842	846	851	855	858	863	866	871	874	878	884	888	892	/
2A_SB	56	a	855	858	861	864	869	872	877	881	884	890	893	898	903	907	913	917	921	925
2A_SB	56	d	856	860	862	865	871	874	878	882	885	891	894	900	904	908	914	918	922	/
2A_SB	57	a	885	889	891	894	900	903	906	910	913	919	922	928	931	934	939	943	946	949
2A_SB	57	d	886	890	892	895	901	904	907	911	914	920	923	929	932	935	940	944	947	/
2A_SB	58	a	901	905	907	911	916	919	923	927	931	936	940	945	949	953	959	962	965	968
2A_SB	58	d	902	906	908	912	917	920	924	928	932	937	941	946	950	954	960	963	966	/
2A_SB	59	a	915	919	922	926	931	933	936	940	943	948	951	957	961	965	971	974	977	981
2A_SB	59	d	916	920	923	927	932	934	937	941	944	949	952	958	962	966	972	975	978	/
2A_SB	60	a	931	935	937	941	946	948	951	955	958	964	968	973	976	979	984	988	991	995
2A_SB	60	d	932	936	938	942	947	949	952	956	959	965	969	974	977	980	985	989	992	/
2A_SB	61	a	945	948	950	953	958	960	964	968	972	977	981	986	990	994	1000	1003	1006	1010
2A_SB	61	d	946	949	951	954	959	961	965	969	973	978	982	987	991	995	1001	1004	1007	/
2A_SB	62	a	960	964	966	969	975	978	982	986	989	994	998	1002	1006	1009	1015	1019	1023	1026
2A_SB	62	d	961	965	967	970	976	979	983	987	990	995	999	1003	1007	1010	1016	1020	1024	/
2A_SB	63	a	977	980	982	985	991	994	998	1002	1005	1011	1014	1019	1023	1026	1031	1034	1038	1042
2A_SB	63	d	978	981	983	986	992	995	999	1003	1006	1012	1015	1020	1024	1027	1032	1035	1039	/
2A_SB	64	a	990	994	996	999	1004	1006	1010	1013	1016	1022	1026	1031	1035	1039	1044	1047	1051	1055
2A_SB	64	d	991	995	997	1000	1005	1007	1011	1014	1017	1023	1027	1032	1036	1040	1045	1048	1052	/
3A_SB	1	a	16	21	24	31	34	39	43	47	51	55	58	61	66	71	75	80	85
3A_SB	1	d	17	22	25	32	36	40	44	48	52	56	60	63	68	72	76	82	/
3A_SB	2	a	40	45	50	57	62	66	71	74	79	84	89	92	97	101	105	111	115
3A_SB	2	d	41	47	52	59	64	68	72	76	81	86	90	93	98	102	106	112	/
3A_SB	3	a	65	70	75	82	86	91	96	101	106	111	116	118	123	127	131	136	140
3A_SB	3	d	66	72	77	84	88	93	98	103	108	113	117	119	124	128	132	137	/
3A_SB	4	a	80	85	88	94	99	102	106	110	114	119	124	127	132	136	140	145	150
3A_SB	4	d	81	86	89	96	100	103	107	112	116	121	125	128	133	137	141	147	/
3A_SB	5	a	96	101	105	111	114	117	120	124	128	133	137	139	143	146	150	156	159
3A_SB	5	d	97	103	106	112	115	118	121	125	130	134	138	140	144	147	151	157	/
3A_SB	6	a	106	113	116	122	126	131	135	140	144	148	152	155	159	163	167	173	177
3A_SB	6	d	107	114	117	123	128	133	137	142	146	150	153	156	160	165	168	174	/
3A_SB	7	a	111	118	123	130	135	140	144	149	153	157	161	164	168	173	177	184	188
3A_SB	7	d	112	120	125	132	137	142	146	150	154	159	162	165	170	175	179	186	/
3A_SB	8	a	136	141	144	149	152	156	160	164	168	171	174	177	181	185	189	195	198
3A_SB	8	d	137	142	145	150	153	157	161	165	169	172	175	178	182	186	190	196	/
3A_SB	9	a	155	160	164	170	174	177	182	186	190	194	197	199	203	207	211	216	220
3A_SB	9	d	156	161	165	171	175	179	183	187	191	195	198	200	204	208	212	218	/
3A_SB	10	a	166	172	176	183	187	191	194	198	202	205	208	210	215	219	223	228	232
3A_SB	10	d	167	173	178	185	188	192	195	199	203	206	209	211	216	220	224	229	/
3A_SB	11	a	177	183	186	192	195	199	203	207	211	215	219	222	227	231	235	241	245
3A_SB	11	d	178	184	187	193	196	200	204	208	212	216	220	223	228	232	236	243	/
3A_SB	12	a	183	189	193	199	204	208	213	217	220	224	228	230	235	239	243	249	252
3A_SB	12	d	184	191	195	201	205	210	214	218	221	225	229	231	236	240	244	250	/
3A_SB	13	a	202	207	212	218	221	225	230	234	238	243	246	249	254	257	261	267	270
3A_SB	13	d	203	209	214	219	223	227	232	236	240	244	247	250	255	258	262	268	/
3A_SB	14	a	222	227	232	238	242	246	250	254	257	261	264	266	270	273	276	282	286
3A_SB	14	d	223	229	233	240	243	247	251	255	258	262	265	267	271	274	277	283	/
3A_SB	15	a	231	236	241	246	249	253	258	263	267	272	277	280	285	288	291	297	302
3A_SB	15	d	232	238	242	247	250	255	260	265	269	274	278	281	286	289	292	299	/
3A_SB	16	a	251	256	260	266	270	273	276	280	283	287	290	293	298	301	305	311	314
3A_SB	16	d	252	258	262	268	271	274	277	281	285	288	291	294	299	302	306	312	/
3A_SB	17	a	268	273	277	283	287	291	294	298	301	305	309	312	316	320	324	329	332
3A_SB	17	d	269	275	279	285	288	292	295	299	302	306	310	313	317	321	325	330	/
3A_SB	18	a	281	286	291	298	303	306	310	314	318	322	325	328	333	336	340	344	347
3A_SB	18	d	282	288	293	300	304	307	311	315	319	323	326	329	334	337	341	345	/
3A_SB	19	a	286	291	296	303	308	311	315	319	323	327	330	333	338	341	345	350	353
3A_SB	19	d	287	293	298	305	309	312	316	320	324	328	331	334	339	342	346	351	/
3A_SB	20	a	308	313	318	324	327	332	337	341	345	349	353	355	359	363	366	371	374
3A_SB	20	d	309	315	320	325	329	334	339	343	347	351	354	356	360	364	367	372	/
3A_SB	21	a	329	334	337	343	347	352	355	359	364	367	370	372	376	380	384	390	394
3A_SB	21	d	330	335	339	345	349	353	357	361	365	368	371	373	377	381	385	391	/
3A_SB	22	a	346	351	356	362	366	370	374	378	382	385	388	391	395	398	402	407	411
3A_SB	22	d	347	353	358	364	367	371	375	379	383	386	389	392	396	399	403	409	/
3A_SB	23	a	358	363	368	375	378	382	386	391	395	399	402	405	409	412	415	421	425
3A_SB	23	d	359	365	370	376	380	383	388	392	397	400	403	406	410	413	416	423	/
3A_SB	24	a	374	380	383	388	391	395	399	403	407	411	415	417	421	424	428	434	438
3A_SB	24	d	375	381	384	389	392	396	400	404	408	412	416	418	422	425	429	435	/
3A_SB	25	a	385	391	395	402	407	411	414	418	421	425	429	431	436	440	444	449	453
3A_SB	25	d	386	393	397	404	408	412	415	419	422	426	430	432	437	441	445	451	/
3A_SB	26	a	396	402	406	413	418	422	425	428	431	435	439	442	446	450	454	459	462
3A_SB	26	d	397	404	408	415	419	423	426	429	432	436	440	443	447	451	455	460	/
3A_SB	27	a	404	410	414	420	424	428	431	434	437	440	444	448	452	455	459	465	469
3A_SB	27	d	405	411	415	421	425	429	432	435	438	441	446	449	453	456	461	467	/
3A_SB	28	a	411	417	421	427	432	436	439	443	446	449	452	455	459	462	466	472	475
3A_SB	28	d	412	418	422	429	433	437	440	444	447	450	453	456	460	463	467	473	/
3A_SB	29	a	426	431	435	440	444	448	453	456	459	463	466	469	474	477	481	486	491
3A_SB	29	d	427	433	436	442	445	450	454	457	460	464	467	470	475	478	482	488	/
3A_SB	30	a	441	447	451	457	461	465	470	473	476	479	483	486	490	494	498	503	507
3A_SB	30	d	442	448	452	458	462	467	471	474	477	480	484	487	491	495	499	504	/
3A_SB	31	a	454	459	464	470	474	479	484	487	491	496	499	502	506	509	512	517	520
3A_SB	31	d	455	461	465	472	476	481	485	488	493	497	500	503	507	510	513	518	/
3A_SB	32	a	462	467	472	479	483	486	491	494	497	501	504	507	511	515	518	524	529
3A_SB	32	d	463	469	474	481	484	488	492	495	498	502	505	508	512	516	520	526	/
3A_SB	33	a	472	478	482	487	490	494	498	502	505	509	513	515	519	523	526	531	535
3A_SB	33	d	473	479	483	488	492	496	500	503	506	511	514	516	520	524	527	532	/
3A_SB	34	a	497	503	508	514	518	522	526	530	533	536	540	543	547	551	554	559	562
3A_SB	34	d	498	505	510	516	519	523	527	531	534	537	541	544	548	552	555	560	/
3A_SB	35	a	508	514	519	524	528	532	536	540	543	547	550	553	557	560	564	569	573
3A_SB	35	d	509	516	520	526	529	533	537	541	544	548	551	554	558	561	565	571	/
3A_SB	36	a	514	520	524	531	534	538	542	546	549	553	556	558	562	565	569	574	578
3A_SB	36	d	515	521	526	532	535	539	543	547	550	554	557	559	563	566	570	576	/
3A_SB	37	a	521	527	533	539	543	547	551	555	558	562	566	568	572	576	580	585	589
3A_SB	37	d	522	529	534	540	544	548	552	556	559	563	567	569	573	577	581	586	/
3A_SB	38	a	528	534	539	545	550	554	557	560	563	567	571	573	578	582	586	591	595
3A_SB	38	d	529	535	541	547	551	555	558	561	564	568	572	574	579	583	587	592	/
3A_SB	39	a	535	541	545	550	555	559	563	566	569	573	576	578	583	588	592	598	602
3A_SB	39	d	536	542	546	552	557	561	564	567	570	574	577	579	585	589	594	600	/
3A_SB	40	a	564	568	573	580	583	586	591	596	599	603	606	608	613	616	621	626	630
3A_SB	40	d	565	570	575	581	584	588	593	597	600	604	607	609	614	618	623	628	/
3A_SB	41	a	590	596	600	607	612	617	621	624	627	630	634	637	642	646	650	655	659
3A_SB	41	d	591	597	602	609	614	618	622	625	628	631	635	639	643	647	651	656	/
3A_SB	42	a	595	601	605	612	617	621	626	630	634	639	644	647	652	655	659	664	667
3A_SB	42	d	596	602	607	614	619	623	628	632	636	641	645	648	653	656	660	665	/
3A_SB	43	a	601	606	611	618	622	626	631	636	639	644	648	652	657	660	663	669	672
3A_SB	43	d	602	608	613	620	624	628	633	637	641	646	650	653	658	661	665	670	/
3A_SB	44	a	609	614	618	624	628	633	636	641	644	649	653	657	662	665	668	674	677
3A_SB	44	d	610	616	620	626	630	634	638	642	646	651	655	658	663	666	670	675	/
3A_SB	45	a	618	623	626	631	634	638	642	646	649	654	658	661	667	670	673	679	682
3A_SB	45	d	619	624	627	632	635	640	643	647	651	656	660	663	668	671	675	680	/
3A_SB	46	a	623	628	631	637	640	644	648	651	654	659	663	666	672	675	679	684	687
3A_SB	46	d	624	629	632	638	641	645	649	652	656	661	665	668	673	676	680	685	/
3A_SB	47	a	648	654	658	665	669	673	677	680	684	688	693	696	700	703	707	711	715
3A_SB	47	d	649	656	660	666	670	674	678	681	685	690	694	697	701	704	708	712	/
3A_SB	48	a	678	684	688	694	698	701	706	709	712	716	719	722	726	730	734	739	742
3A_SB	48	d	679	686	690	695	699	702	707	710	713	717	720	723	727	731	735	740	/
3A_SB	49	a	704	710	714	720	724	728	732	736	739	742	745	747	753	757	761	766	769
3A_SB	49	d	705	711	715	721	725	729	733	737	740	743	746	749	754	758	762	767	/
3A_SB	50	a	709	715	719	725	729	733	737	741	744	747	750	752	758	762	766	772	775
3A_SB	50	d	710	716	720	726	730	734	738	742	745	748	751	754	759	763	767	773	/
3A_SB	51	a	714	720	723	730	734	738	742	746	749	753	757	759	764	768	772	778	781
3A_SB	51	d	715	721	725	731	735	739	743	747	750	754	758	760	765	769	773	779	/
3A_SB	52	a	719	724	728	735	739	743	747	751	755	759	763	765	769	773	777	783	787
3A_SB	52	d	720	726	730	736	740	744	748	752	756	760	764	766	770	774	778	784	/
3A_SB	53	a	724	729	733	741	745	749	752	756	760	764	768	771	775	779	783	788	792
3A_SB	53	d	725	731	735	742	746	750	753	757	761	765	769	772	776	780	784	789	/
3A_SB	54	a	729	734	739	746	750	754	757	761	765	769	773	776	780	784	788	793	797
3A_SB	54	d	730	736	740	747	751	755	758	762	766	770	774	777	781	785	789	794	/
3A_SB	55	a	741	746	751	756	760	765	769	773	776	780	783	786	791	796	800	804	809
3A_SB	55	d	742	748	752	758	762	766	770	774	777	781	785	788	793	797	801	806	/
3A_SB	56	a	771	776	780	787	791	794	797	802	806	810	813	816	822	825	829	834	838
3A_SB	56	d	772	778	782	788	792	795	799	803	807	811	815	818	823	826	830	836	/
3A_SB	57	a	801	806	810	816	820	824	828	831	836	840	844	847	851	855	859	864	868
3A_SB	57	d	802	808	812	818	821	825	829	833	837	841	845	848	852	856	860	866	/
3A_SB	58	a	831	836	840	847	850	854	857	862	865	869	873	876	881	885	889	894	898
3A_SB	58	d	832	838	842	848	851	855	859	863	867	871	874	877	882	886	890	896	/
3A_SB	59	a	860	866	870	876	880	884	887	892	896	899	903	905	909	913	918	925	928
3A_SB	59	d	861	868	872	878	881	885	889	893	897	901	904	906	911	915	920	926	/
3A_SB	60	a	889	895	899	907	910	914	918	922	926	930	933	935	939	943	948	954	958
3A_SB	60	d	890	897	901	908	911	915	919	923	927	931	934	936	940	945	950	956	/
3A_SB	61	a	919	926	930	936	939	943	946	950	954	957	960	963	969	973	978	984	989
3A_SB	61	d	920	927	931	937	940	944	947	951	955	958	962	965	970	975	980	986	/
3A_SB	62	a	949	955	958	963	967	971	975	979	982	986	990	993	998	1003	1008	1014	1019
3A_SB	62	d	950	956	959	964	968	972	976	980	983	988	992	995	1000	1005	1010	1016	/
3A_SB	63	a	979	985	988	993	996	1000	1004	1008	1012	1016	1019	1022	1026	1030	1034	1038	1042
3A_SB	63	d	980	986	989	994	997	1001	1005	1009	1013	1017	1020	1023	1027	1031	1035	1039	/
3A_SB	64	a	1009	1014	1017	1023	1026	1029	1032	1036	1040	1044	1047	1050	1054	1058	1062	1067	1070
3A_SB	64	d	1010	1015	1018	1024	1027	1030	1033	1037	1041	1045	1048	1051	1055	1059	1063	1068	/
3A_NB	1	a	13	16	19	23	26	30	33	36	40	45	48	50	52	55	58	62	66	70
3A_NB	1	d	14	17	20	24	27	31	34	37	41	46	49	51	53	56	59	63	67	/
3A_NB	2	a	28	32	35	40	44	48	52	55	59	65	69	71	73	77	80	83	87	92
3A_NB	2	d	29	33	36	41	46	50	54	56	60	66	70	72	75	78	81	84	89	/
3A_NB	3	a	58	61	64	68	73	78	81	84	89	94	98	100	102	106	110	113	116	119
3A_NB	3	d	59	62	66	70	75	79	83	86	90	95	99	101	103	107	111	114	117	/
3A_NB	4	a	69	72	76	81	84	89	93	97	102	107	110	112	115	118	122	126	130	133
3A_NB	4	d	70	74	78	82	86	91	95	99	103	108	111	113	116	119	123	127	131	/
3A_NB	5	a	88	91	95	99	102	106	109	111	116	120	124	127	130	134	137	141	144	147
3A_NB	5	d	89	93	96	100	103	107	110	113	117	121	125	128	131	135	138	142	145	/
3A_NB	6	a	103	106	110	115	120	124	129	132	136	142	146	148	150	154	157	161	164	167
3A_NB	6	d	104	108	112	117	122	126	131	134	137	143	147	149	152	155	158	162	165	/
3A_NB	7	a	108	112	116	121	125	129	134	138	142	148	153	155	158	161	164	167	170	173
3A_NB	7	d	109	114	118	123	127	131	136	139	143	150	154	156	159	162	165	168	171	/
3A_NB	8	a	117	121	126	131	135	140	144	148	152	157	161	163	166	170	173	176	179	182
3A_NB	8	d	118	123	128	133	137	142	146	150	153	158	162	164	168	171	174	177	180	/
3A_NB	9	a	131	134	137	142	146	151	155	158	161	166	170	173	175	178	181	184	187	190
3A_NB	9	d	132	135	139	144	148	153	157	159	162	167	171	174	176	179	182	185	188	/
3A_NB	10	a	142	146	149	152	155	158	162	164	168	174	178	181	183	187	191	194	197	201
3A_NB	10	d	143	147	150	153	156	160	163	165	169	175	179	182	184	188	192	195	198	/
3A_NB	11	a	164	168	172	177	181	185	189	193	197	203	206	208	210	213	216	220	223	226
3A_NB	11	d	165	170	174	179	182	187	191	195	198	204	207	209	211	214	217	221	224	/
3A_NB	12	a	179	183	187	192	196	201	205	209	213	219	223	225	227	230	234	238	242	246
3A_NB	12	d	180	185	189	194	198	203	207	211	214	220	224	226	228	231	235	239	243	/
3A_NB	13	a	189	193	196	200	203	207	211	214	218	224	228	231	234	237	241	245	249	253
3A_NB	13	d	190	194	197	201	204	209	213	216	219	225	229	233	235	238	242	246	250	/
3A_NB	14	a	217	220	223	227	231	235	239	242	247	252	256	258	260	265	268	271	274	277
3A_NB	14	d	218	221	224	229	232	237	241	244	248	253	257	259	262	266	269	272	275	/
3A_NB	15	a	235	238	243	247	250	255	258	261	264	270	273	276	280	284	287	290	293	297
3A_NB	15	d	236	240	244	248	252	256	259	262	265	271	274	278	282	285	288	291	294	/
3A_NB	16	a	249	252	256	260	264	268	271	273	276	282	285	288	291	296	300	304	308	312
3A_NB	16	d	250	253	257	261	265	269	272	274	277	283	286	289	293	298	302	306	310	/
3A_NB	17	a	272	275	279	282	286	291	295	299	304	309	313	316	319	322	325	328	331	335
3A_NB	17	d	273	276	280	284	288	293	297	301	305	310	314	317	320	323	326	329	332	/
3A_NB	18	a	291	294	299	304	308	313	318	321	326	331	335	338	340	343	347	351	354	357
3A_NB	18	d	292	296	301	306	310	315	320	323	327	332	336	339	341	344	348	352	355	/
3A_NB	19	a	308	312	316	320	323	326	330	333	337	342	346	349	352	355	358	362	367	372
3A_NB	19	d	309	313	317	321	324	327	331	334	338	343	347	350	353	356	359	364	369	/
3A_NB	20	a	322	325	328	332	336	341	345	349	353	358	362	365	367	371	375	379	382	386
3A_NB	20	d	323	326	329	334	338	343	347	351	354	359	363	366	369	373	377	380	383	/
3A_NB	21	a	341	344	348	351	355	359	363	366	370	375	378	380	383	386	389	392	395	398
3A_NB	21	d	342	345	349	353	357	361	365	368	371	376	379	381	384	387	390	393	396	/
3A_NB	22	a	353	356	360	364	368	372	376	379	383	388	391	395	398	402	406	410	413	417
3A_NB	22	d	354	357	362	366	370	374	378	381	384	389	393	397	400	404	407	411	414	/
3A_NB	23	a	374	377	381	386	390	393	396	399	403	409	413	415	417	421	425	430	434	437
3A_NB	23	d	375	379	383	387	391	394	397	400	404	410	414	416	419	423	427	432	435	/
3A_NB	24	a	389	393	396	400	404	408	412	416	421	427	431	433	435	439	442	446	450	453
3A_NB	24	d	390	394	397	402	405	410	414	418	422	428	432	434	436	440	443	447	451	/
3A_NB	25	a	410	414	418	423	426	430	433	435	439	445	448	450	452	455	458	462	466	470
3A_NB	25	d	411	416	420	424	427	431	434	436	440	446	449	451	453	456	459	463	467	/
3A_NB	26	a	418	422	427	432	436	439	444	447	451	457	461	463	465	468	472	476	480	485
3A_NB	26	d	419	424	429	434	437	441	446	448	452	458	462	464	466	469	473	477	482	/
3A_NB	27	a	446	449	453	457	461	466	470	473	477	481	484	486	488	492	496	499	503	507
3A_NB	27	d	447	450	454	459	463	468	472	475	478	482	485	487	489	493	497	500	504	/
3A_NB	28	a	451	454	459	464	468	472	475	478	483	488	491	493	495	498	503	507	512	515
3A_NB	28	d	452	456	461	465	470	473	477	480	484	489	492	494	496	500	505	509	513	/
3A_NB	29	a	458	461	465	469	473	477	481	484	488	493	496	498	501	504	509	513	517	520
3A_NB	29	d	459	462	466	470	475	479	483	485	489	494	497	499	502	506	511	515	518	/
3A_NB	30	a	471	474	478	483	486	490	493	495	500	506	510	513	516	519	522	525	528	531
3A_NB	30	d	472	476	480	484	487	491	494	497	501	507	511	514	517	520	523	526	529	/
3A_NB	31	a	481	484	489	494	498	503	507	510	513	519	522	525	528	531	534	538	541	545
3A_NB	31	d	482	486	491	496	500	505	509	511	514	520	523	526	529	532	535	539	542	/
3A_NB	32	a	492	495	499	503	506	510	513	515	518	524	527	529	533	536	539	543	547	551
3A_NB	32	d	493	496	501	504	507	511	514	516	519	525	528	531	534	537	540	544	548	/
3A_NB	33	a	508	511	516	521	526	531	535	539	544	549	553	556	558	562	566	570	574	578
3A_NB	33	d	509	513	518	523	528	533	537	541	545	550	555	557	559	563	567	571	575	/
3A_NB	34	a	517	521	525	530	534	539	543	546	551	556	560	562	564	568	572	575	579	583
3A_NB	34	d	518	522	527	532	536	541	545	548	552	557	561	563	565	569	573	576	580	/
3A_NB	35	a	526	530	534	538	541	545	549	552	557	564	569	571	573	576	580	584	588	593
3A_NB	35	d	527	531	535	539	543	547	551	554	559	566	570	572	574	577	582	585	590	/
3A_NB	36	a	541	544	548	552	556	559	562	564	568	574	578	581	584	588	591	595	599	603
3A_NB	36	d	542	546	549	553	557	560	563	566	569	575	580	583	586	589	592	596	600	/
3A_NB	37	a	549	552	556	561	566	570	574	576	579	585	589	592	594	597	600	604	608	612
3A_NB	37	d	550	554	558	563	568	571	575	577	580	586	590	593	595	598	601	605	609	/
3A_NB	38	a	569	573	576	580	584	588	591	593	596	602	606	609	613	617	620	623	626	631
3A_NB	38	d	570	574	577	581	585	589	592	594	597	604	608	611	615	618	621	624	628	/
3A_NB	39	a	580	584	587	591	595	599	602	604	608	613	616	619	623	627	631	635	639	644
3A_NB	39	d	581	585	588	592	596	600	603	605	609	614	618	621	625	629	633	637	641	/
3A_NB	40	a	590	594	598	603	606	610	613	615	619	625	628	630	632	635	639	642	645	648
3A_NB	40	d	591	596	600	604	607	611	614	616	620	626	629	631	633	636	640	643	646	/
3A_NB	41	a	606	610	613	618	621	625	628	630	634	640	643	646	648	651	655	659	663	666
3A_NB	41	d	607	611	615	619	622	626	629	631	635	641	644	647	649	652	656	660	664	/
3A_NB	42	a	631	634	637	641	644	647	650	653	656	661	665	667	669	672	676	679	683	687
3A_NB	42	d	632	635	638	642	645	648	651	654	657	662	666	668	670	673	677	680	684	/
3A_NB	43	a	636	639	643	648	652	655	659	662	667	673	677	679	681	685	689	692	695	700
3A_NB	43	d	637	641	645	649	653	657	661	664	669	675	678	680	682	686	690	693	697	/
3A_NB	44	a	641	644	648	653	657	660	664	667	672	678	682	685	688	692	695	698	701	705
3A_NB	44	d	642	646	650	654	658	662	666	669	674	680	684	687	690	693	696	699	702	/
3A_NB	45	a	651	654	658	662	666	670	673	675	679	685	688	690	693	697	700	703	706	710
3A_NB	45	d	652	656	660	663	667	671	674	676	680	686	689	692	695	698	701	704	707	/
3A_NB	46	a	656	659	663	667	671	675	678	680	684	690	693	696	698	702	705	708	712	716
3A_NB	46	d	657	661	665	668	672	676	679	681	685	691	694	697	700	703	706	709	713	/
3A_NB	47	a	661	665	669	673	678	682	685	687	691	697	700	703	705	708	711	714	718	722
3A_NB	47	d	662	667	671	675	679	683	686	688	692	698	701	704	706	709	712	715	719	/
3A_NB	48	a	674	678	681	685	689	692	695	698	702	708	711	714	717	720	724	727	731	735
3A_NB	48	d	675	679	682	686	690	693	696	699	703	709	712	715	718	721	725	728	732	/
3A_NB	49	a	680	684	688	693	696	700	704	707	711	718	721	724	726	729	733	736	739	743
3A_NB	49	d	681	686	690	694	698	702	706	708	712	719	722	725	727	730	734	737	740	/
3A_NB	50	a	710	714	719	723	726	730	735	737	740	746	749	752	754	757	762	765	768	771
3A_NB	50	d	711	716	720	724	728	732	736	738	741	747	750	753	755	759	763	766	769	/
3A_NB	51	a	740	744	749	752	757	761	764	766	770	775	779	782	784	788	792	795	798	802
3A_NB	51	d	741	746	750	754	758	762	765	767	771	776	780	783	785	789	793	796	799	/
3A_NB	52	a	770	774	778	783	786	790	794	796	800	805	809	811	814	818	822	825	828	832
3A_NB	52	d	771	776	780	784	787	791	795	797	801	806	810	812	815	819	823	826	829	/
3A_NB	53	a	800	804	808	813	816	820	823	825	828	834	838	841	843	847	850	855	858	862
3A_NB	53	d	801	806	810	814	817	821	824	826	829	835	840	842	845	848	852	856	859	/
3A_NB	54	a	830	833	838	843	846	849	852	854	858	864	868	871	874	877	881	884	887	891
3A_NB	54	d	831	835	840	844	847	850	853	855	859	865	870	872	875	878	882	885	888	/
3A_NB	55	a	835	838	843	848	852	856	860	863	868	874	878	880	883	886	889	893	896	900
3A_NB	55	d	836	840	845	850	854	858	862	865	870	875	879	881	884	887	890	894	897	/
3A_NB	56	a	844	848	853	857	860	864	867	869	873	879	883	885	888	892	895	899	903	907
3A_NB	56	d	845	850	854	858	861	865	868	871	875	880	884	886	889	893	896	900	904	/
3A_NB	57	a	849	853	858	861	865	869	872	875	878	884	888	891	894	898	901	904	908	912
3A_NB	57	d	850	855	859	863	866	870	874	876	880	885	889	892	895	899	902	905	909	/
3A_NB	58	a	855	859	863	866	870	875	878	880	883	890	894	897	900	903	906	910	914	918
3A_NB	58	d	856	860	864	868	872	876	879	881	885	891	895	898	901	904	908	911	915	/
3A_NB	59	a	860	864	868	871	876	880	883	885	889	896	901	903	905	908	911	915	919	924
3A_NB	59	d	861	865	869	873	877	881	884	886	891	898	902	904	906	909	913	917	921	/
3A_NB	60	a	880	883	887	891	894	898	901	904	908	914	918	922	924	928	932	935	939	944
3A_NB	60	d	881	884	889	892	895	899	903	905	910	915	920	923	925	929	933	937	941	/
3A_NB	61	a	910	913	917	921	924	928	931	934	937	944	947	950	954	957	961	964	968	972
3A_NB	61	d	911	914	918	922	925	929	933	935	939	945	949	952	955	958	962	966	969	/
3A_NB	62	a	939	943	947	950	954	957	961	964	968	973	978	981	983	986	990	994	997	1000
3A_NB	62	d	940	944	948	952	955	959	962	965	969	975	979	982	984	987	991	995	998	/
3A_NB	63	a	969	972	976	981	984	988	991	994	998	1004	1007	1010	1012	1015	1019	1023	1026	1030
3A_NB	63	d	970	974	978	982	985	989	992	995	999	1005	1008	1011	1013	1016	1020	1024	1027	/
3A_NB	64	a	999	1003	1007	1011	1014	1017	1020	1022	1025	1029	1033	1036	1038	1041	1044	1048	1052	1056
3A_NB	64	d	1000	1004	1008	1012	1015	1018	1021	1023	1026	1030	1034	1037	1039	1042	1045	1049	1053	/
