RouteID	RunID	Arrivals/Departures	TimePerStop
1A_SB	1	a	5	11	20	24	28	33	36	42	46	50	53	58	62	72	77	81
1A_SB	1	d	6	13	22	25	29	35	38	43	47	51	55	59	63	73	79	/
1A_SB	2	a	35	40	49	52	56	63	66	71	75	79	83	87	90	98	103	108
1A_SB	2	d	36	42	51	54	58	65	67	72	77	81	85	88	91	99	105	/
1A_SB	3	a	51	56	64	67	71	77	81	85	88	93	97	101	104	112	116	120
1A_SB	3	d	52	57	66	69	73	79	82	86	90	94	98	102	106	113	117	/
1A_SB	4	a	61	66	74	77	81	87	90	95	100	104	109	113	116	123	128	132
1A_SB	4	d	62	67	76	78	82	88	91	97	101	106	111	114	117	124	129	/
1A_SB	5	a	67	72	81	84	89	96	99	105	108	112	116	119	122	129	134	138
1A_SB	5	d	68	74	83	86	91	98	101	106	109	113	117	120	123	130	135	/
1A_SB	6	a	78	84	95	98	101	108	111	115	118	122	125	128	131	138	142	146
1A_SB	6	d	79	86	97	99	103	110	112	116	120	123	126	129	132	139	143	/
1A_SB	7	a	86	92	101	103	106	113	116	121	125	128	131	135	139	148	152	156
1A_SB	7	d	87	94	102	104	108	115	118	122	126	129	133	137	141	149	153	/
1A_SB	8	a	95	101	109	111	116	123	126	131	136	141	144	147	150	159	163	167
1A_SB	8	d	96	102	110	113	118	125	128	133	138	142	145	148	151	160	164	/
1A_SB	9	a	108	112	119	121	125	131	134	139	142	146	149	153	156	165	169	173
1A_SB	9	d	109	113	120	122	126	133	136	140	143	147	150	154	157	166	170	/
1A_SB	10	a	117	121	128	130	134	140	143	147	150	153	156	160	163	172	176	180
1A_SB	10	d	118	122	129	131	135	141	144	148	151	154	157	161	164	173	177	/
1A_SB	11	a	121	127	134	137	140	147	150	154	159	162	165	169	172	179	184	188
1A_SB	11	d	123	128	136	138	142	148	151	156	160	163	166	170	173	180	185	/
1A_SB	12	a	126	132	140	142	145	152	154	159	164	167	171	175	178	185	190	194
1A_SB	12	d	128	134	141	143	147	153	156	161	165	168	172	176	179	186	191	/
1A_SB	13	a	131	137	147	149	153	158	161	166	169	172	176	180	184	194	199	203
1A_SB	13	d	133	139	148	150	154	160	163	167	170	173	177	181	186	195	200	/
1A_SB	14	a	137	143	152	155	159	164	166	171	175	179	183	188	192	201	206	210
1A_SB	14	d	139	144	153	156	160	165	168	173	177	181	185	189	193	202	207	/
1A_SB	15	a	164	169	179	181	184	189	191	196	199	202	207	211	216	226	231	235
1A_SB	15	d	165	171	180	182	185	190	192	197	200	204	209	212	217	227	232	/
1A_SB	16	a	184	189	200	203	206	212	216	221	224	227	231	234	238	249	254	258
1A_SB	16	d	185	191	201	204	208	214	218	222	225	228	232	235	239	251	255	/
1A_NB	1	a	4	8	14	22	27	30	34	38	41	46	50	54	57	61	70	74
1A_NB	1	d	5	9	15	23	28	31	35	39	42	47	51	55	58	62	71	/
1A_NB	2	a	9	13	19	27	33	38	43	48	52	56	60	65	68	72	81	86
1A_NB	2	d	10	14	20	29	35	40	45	49	53	57	61	66	69	73	82	/
1A_NB	3	a	14	18	25	33	39	43	48	53	57	61	64	70	73	77	86	92
1A_NB	3	d	15	19	26	34	40	45	50	54	58	62	66	71	74	78	88	/
1A_NB	4	a	37	43	50	58	66	70	75	78	81	86	89	93	96	100	107	114
1A_NB	4	d	39	45	52	60	67	71	76	79	82	87	90	94	97	101	108	/
1A_NB	5	a	64	70	75	83	88	92	95	98	101	107	112	117	120	125	133	141
1A_NB	5	d	66	71	76	84	89	93	96	99	102	109	114	119	122	127	135	/
1A_NB	6	a	88	93	98	104	109	114	119	122	126	133	137	141	144	148	155	161
1A_NB	6	d	90	94	99	105	111	116	120	124	128	135	138	142	145	149	156	/
1A_NB	7	a	94	99	105	113	118	122	126	129	132	139	143	148	151	155	163	169
1A_NB	7	d	96	101	107	114	119	123	127	130	134	141	145	150	152	157	165	/
1A_NB	8	a	100	105	111	118	123	127	132	136	141	148	152	156	158	162	169	174
1A_NB	8	d	102	106	112	119	124	129	134	138	143	150	153	157	159	163	170	/
1A_NB	9	a	108	113	120	127	133	137	141	144	148	154	157	161	163	167	175	180
1A_NB	9	d	110	115	122	129	135	138	142	145	149	155	158	162	164	168	176	/
1A_NB	10	a	116	121	128	135	140	144	148	151	154	161	164	169	171	175	183	189
1A_NB	10	d	118	122	130	137	142	145	149	152	156	162	165	170	172	176	184	/
1A_NB	11	a	123	128	135	143	147	151	155	158	161	167	170	175	177	181	190	196
1A_NB	11	d	125	129	137	144	149	153	156	159	162	168	171	176	178	182	191	/
1A_NB	12	a	136	142	148	155	160	164	169	173	178	184	188	192	196	200	210	216
1A_NB	12	d	138	143	150	156	162	166	171	175	180	185	189	194	197	201	212	/
1A_NB	13	a	166	171	177	184	189	192	197	201	205	210	215	221	223	228	237	242
1A_NB	13	d	168	172	178	185	190	193	198	202	206	212	217	222	224	229	238	/
1A_NB	14	a	175	180	186	193	198	202	207	211	216	222	227	232	234	238	247	252
1A_NB	14	d	177	182	187	194	199	204	208	213	217	224	229	233	235	240	248	/
1A_NB	15	a	193	198	204	213	219	223	228	231	235	242	246	250	252	256	262	267
1A_NB	15	d	195	199	206	214	220	225	229	233	236	243	247	251	253	257	263	/
1A_NB	16	a	216	222	230	239	246	251	256	261	265	270	273	277	279	283	289	295
1A_NB	16	d	218	224	232	240	248	253	258	263	266	271	274	278	280	284	290	/
2A_NB	1	a	7	10	15	19	23	28	34	37	41	50	54	61	64	66	70	76	81	85	89	93	100	104
2A_NB	1	d	8	11	17	21	25	30	35	38	43	52	56	63	65	67	71	78	83	87	91	94	101	/
2A_NB	2	a	36	39	45	48	50	53	59	63	66	73	78	83	85	88	93	99	103	107	111	116	126	131
2A_NB	2	d	37	40	46	49	51	54	61	64	68	75	79	84	87	90	94	100	104	109	113	118	128	/
2A_NB	3	a	41	44	50	53	55	58	65	68	71	78	83	89	93	96	101	107	112	115	118	122	133	137
2A_NB	3	d	42	45	51	54	56	60	66	69	73	80	85	91	95	98	102	109	113	116	119	124	135	/
2A_NB	4	a	47	50	56	60	63	67	73	76	80	88	92	98	101	103	107	114	119	122	126	130	141	145
2A_NB	4	d	48	51	58	61	65	68	74	78	82	90	93	99	102	105	109	116	120	123	127	132	143	/
2A_NB	5	a	56	59	64	67	70	73	79	83	86	93	97	103	106	110	114	121	126	130	135	139	148	152
2A_NB	5	d	57	60	65	68	71	74	80	84	87	95	98	104	108	112	116	123	128	132	137	141	150	/
2A_NB	6	a	67	70	75	79	83	86	93	97	100	108	112	119	121	124	127	134	138	141	145	149	156	159
2A_NB	6	d	68	71	77	81	84	87	94	98	101	109	113	120	123	125	129	136	139	143	147	150	157	/
2A_NB	7	a	72	75	82	85	88	92	98	102	105	114	118	125	128	130	134	140	144	148	152	155	162	165
2A_NB	7	d	73	76	83	86	90	94	99	103	106	115	119	127	129	132	136	142	146	150	153	156	163	/
2A_NB	8	a	77	81	88	92	95	98	103	108	113	122	125	133	135	138	142	147	150	153	157	160	167	171
2A_NB	8	d	78	82	90	93	96	99	105	110	114	123	126	134	136	139	143	148	151	155	158	161	169	/
2A_NB	9	a	82	86	94	97	100	103	110	114	118	127	130	138	141	144	148	153	158	162	165	170	178	183
2A_NB	9	d	83	88	95	98	101	105	111	115	119	128	131	139	142	145	149	155	160	163	167	172	180	/
2A_NB	10	a	90	93	100	103	106	109	116	121	125	134	138	145	148	151	155	160	164	168	171	175	183	188
2A_NB	10	d	91	95	101	104	107	111	118	123	126	136	140	146	150	153	156	161	165	169	172	177	185	/
2A_NB	11	a	120	123	129	133	135	139	145	149	153	161	166	171	173	176	180	185	189	193	196	201	210	215
2A_NB	11	d	121	125	131	134	137	141	147	151	155	163	167	172	174	177	181	186	190	194	198	203	212	/
2A_NB	12	a	148	151	157	159	161	165	172	176	179	186	191	196	200	203	208	215	218	221	224	228	235	239
2A_NB	12	d	149	152	158	160	163	167	173	177	180	188	192	198	201	205	210	216	219	222	225	229	236	/
2A_NB	13	a	177	180	186	189	191	195	202	206	209	216	221	227	230	232	236	242	246	249	253	257	264	267
2A_NB	13	d	178	182	187	190	193	197	203	207	210	218	222	228	231	233	237	243	247	250	254	258	265	/
2A_NB	14	a	207	210	216	219	222	226	232	235	239	247	250	257	260	262	266	272	275	279	283	286	292	296
2A_NB	14	d	208	211	217	220	223	227	233	236	240	248	251	258	261	263	267	273	276	280	284	287	293	/
2A_NB	15	a	222	225	230	232	234	238	244	247	251	259	262	269	271	274	277	282	285	288	291	295	301	306
2A_NB	15	d	223	226	231	233	235	239	245	248	252	260	263	270	272	275	278	283	286	289	292	296	302	/
2A_NB	16	a	235	239	244	246	249	252	259	262	265	273	277	283	285	287	290	296	300	303	306	310	318	321
2A_NB	16	d	236	240	245	247	250	253	260	263	266	274	278	284	286	288	291	297	301	304	307	311	319	/
2A_SB	1	a	10	12	18	22	26	29	34	42	46	50	55	60	67	72	79	83	87	93	96	100	103	106	116	122
2A_SB	1	d	11	14	19	24	28	31	36	44	48	52	57	62	69	74	81	85	88	94	97	101	104	107	117	/
2A_SB	2	a	26	28	35	39	42	45	49	57	61	65	70	73	78	82	89	93	96	103	106	110	114	118	128	134
2A_SB	2	d	27	29	36	40	44	47	51	59	63	67	71	75	79	83	90	94	97	104	107	111	115	119	129	/
2A_SB	3	a	48	51	57	61	65	68	72	79	81	84	88	91	96	99	105	108	112	120	123	128	133	136	148	153
2A_SB	3	d	49	52	59	63	67	70	74	80	82	85	89	92	97	100	106	109	113	121	125	130	134	138	149	/
2A_SB	4	a	55	58	66	69	73	77	81	88	92	96	100	104	109	113	120	123	126	132	135	139	143	148	158	163
2A_SB	4	d	56	60	67	71	75	79	83	90	94	98	101	105	110	114	121	124	127	133	136	140	145	150	159	/
2A_SB	5	a	68	71	78	82	85	88	91	98	102	106	110	113	118	122	129	132	135	140	143	147	151	156	165	170
2A_SB	5	d	69	72	79	83	86	89	92	100	104	108	111	114	119	123	130	133	136	141	144	148	153	157	166	/
2A_SB	6	a	78	81	88	92	95	97	101	108	111	114	117	120	126	129	136	140	144	149	152	155	160	165	176	182
2A_SB	6	d	80	83	89	93	96	98	102	109	112	115	118	121	127	130	137	141	145	150	153	157	162	166	178	/
2A_SB	7	a	91	95	101	105	108	111	114	121	124	127	130	133	139	143	148	152	156	163	166	170	174	177	188	193
2A_SB	7	d	93	96	102	106	109	112	115	122	125	128	131	134	140	144	149	153	158	165	167	171	175	178	189	/
2A_SB	8	a	102	106	113	116	120	123	127	133	136	139	142	145	151	154	161	164	167	172	174	178	182	186	200	205
2A_SB	8	d	104	107	114	118	122	125	129	134	137	140	143	146	152	155	162	165	168	173	175	179	183	188	201	/
2A_SB	9	a	112	114	122	127	131	133	136	141	144	147	150	153	159	162	169	172	176	181	183	186	189	193	206	211
2A_SB	9	d	113	116	124	128	132	134	137	142	145	148	151	154	160	163	170	174	177	182	184	187	190	194	207	/
2A_SB	10	a	120	122	130	135	140	143	147	152	154	157	160	163	169	173	180	184	189	195	198	202	206	209	219	224
2A_SB	10	d	121	124	132	137	142	145	148	153	155	158	161	165	171	175	182	186	190	196	199	203	207	210	220	/
2A_SB	11	a	126	128	136	141	146	149	154	161	163	167	172	175	180	183	189	192	196	201	204	208	212	215	225	232
2A_SB	11	d	127	130	138	143	148	151	156	162	165	169	173	176	181	184	190	193	197	202	205	209	213	216	227	/
2A_SB	12	a	133	135	141	146	151	155	159	166	169	172	177	180	186	189	195	198	201	206	209	212	216	220	230	237
2A_SB	12	d	134	136	143	148	153	156	161	167	170	174	178	181	187	190	196	199	202	207	210	214	218	221	232	/
2A_SB	13	a	141	143	150	154	158	161	165	172	175	178	182	185	191	195	200	203	206	211	214	217	221	225	238	244
2A_SB	13	d	142	145	151	155	159	162	166	173	176	179	183	186	193	196	201	204	207	213	215	219	223	226	239	/
2A_SB	14	a	150	153	161	166	169	171	175	182	185	189	192	195	200	204	209	212	217	224	227	230	233	237	250	256
2A_SB	14	d	151	155	163	167	170	172	176	183	186	190	193	196	202	205	210	214	219	226	228	231	234	238	251	/
2A_SB	15	a	158	161	169	174	178	180	184	190	193	197	200	203	209	213	219	223	227	233	235	238	241	245	257	263
2A_SB	15	d	159	163	171	176	179	181	185	191	194	198	201	205	210	215	221	224	228	234	236	239	242	246	259	/
2A_SB	16	a	165	167	175	179	184	186	190	196	199	203	206	209	216	220	225	229	234	240	243	246	250	255	269	276
2A_SB	16	d	166	169	176	181	185	187	191	197	200	204	207	211	217	221	226	231	235	241	244	247	252	257	271	/
3A_SB	1	a	13	19	28	32	37	42	46	50	54	58	60	62	65	68	73	77	80	83
3A_SB	1	d	14	21	30	34	39	44	48	52	56	59	61	63	66	70	75	78	81	/
3A_SB	2	a	42	48	54	57	60	65	67	70	73	78	81	83	86	89	93	97	100	103
3A_SB	2	d	43	50	55	58	62	66	68	71	75	79	82	84	87	90	94	98	101	/
3A_SB	3	a	60	65	71	75	78	81	83	86	91	96	98	101	104	108	112	116	119	122
3A_SB	3	d	61	67	73	76	79	82	85	88	93	97	99	102	105	109	113	117	120	/
3A_SB	4	a	68	73	78	82	85	88	91	94	98	102	104	106	110	114	119	122	125	128
3A_SB	4	d	69	74	79	83	86	90	93	95	99	103	105	107	111	116	120	123	126	/
3A_SB	5	a	75	79	85	90	94	98	100	102	106	110	112	114	118	122	125	129	133	136
3A_SB	5	d	76	80	87	91	95	99	101	103	107	111	113	115	119	123	127	131	134	/
3A_SB	6	a	84	88	96	100	104	107	109	112	115	119	121	124	127	130	133	136	139	143
3A_SB	6	d	85	90	97	101	105	108	110	113	116	120	122	125	128	131	134	137	140	/
3A_SB	7	a	89	94	101	106	110	113	115	118	121	125	127	130	133	136	140	145	148	152
3A_SB	7	d	90	95	103	107	111	114	116	119	122	126	128	131	134	137	142	146	150	/
3A_SB	8	a	104	109	115	119	123	127	130	132	135	139	141	144	148	151	155	158	161	164
3A_SB	8	d	105	110	117	120	124	128	131	133	136	140	142	145	149	152	156	159	162	/
3A_SB	9	a	120	126	133	136	140	143	146	149	153	158	160	162	166	169	173	176	179	182
3A_SB	9	d	121	127	134	137	141	144	147	150	155	159	161	163	167	170	174	177	180	/
3A_SB	10	a	125	131	139	143	147	151	155	158	163	168	170	173	177	180	184	187	191	194
3A_SB	10	d	126	133	141	144	149	153	157	160	165	169	171	174	178	181	185	188	192	/
3A_SB	11	a	140	145	152	156	160	164	168	170	175	180	182	184	187	190	194	197	200	204
3A_SB	11	d	141	147	154	157	162	166	169	172	177	181	183	185	188	191	195	198	201	/
3A_SB	12	a	147	152	159	163	167	171	174	176	180	186	188	190	193	196	199	202	205	209
3A_SB	12	d	148	154	161	165	169	172	175	177	182	187	189	191	194	197	200	203	206	/
3A_SB	13	a	153	157	164	169	173	176	179	182	186	191	193	195	199	203	206	209	212	216
3A_SB	13	d	154	159	166	171	174	177	180	183	187	192	194	196	200	204	207	210	214	/
3A_SB	14	a	160	164	171	176	180	184	188	191	196	200	202	204	208	212	215	218	221	224
3A_SB	14	d	161	166	173	178	182	186	189	193	197	201	203	205	209	213	216	219	222	/
3A_SB	15	a	173	179	185	189	192	195	198	201	204	208	210	212	215	219	222	226	230	234
3A_SB	15	d	174	180	186	190	193	196	200	202	205	209	211	213	216	220	224	228	232	/
3A_SB	16	a	184	189	196	201	204	209	212	216	220	224	227	230	235	240	245	248	253	257
3A_SB	16	d	185	191	198	202	206	211	214	218	222	226	229	232	237	242	246	250	255	/
3A_NB	1	a	16	20	23	26	28	31	34	38	42	46	49	54	57	60	64	67	72	76	83
3A_NB	1	d	17	21	24	27	29	32	35	39	43	47	50	55	58	61	65	68	73	77	/
3A_NB	2	a	31	35	39	42	44	47	50	54	58	61	64	68	72	75	79	82	87	92	97
3A_NB	2	d	32	37	40	43	45	48	51	55	59	62	65	69	73	76	80	83	88	93	/
3A_NB	3	a	51	55	59	61	64	67	70	74	78	82	85	90	95	99	103	106	111	115	120
3A_NB	3	d	52	56	60	62	65	68	71	76	80	84	87	92	97	101	105	108	112	116	/
3A_NB	4	a	78	81	85	87	90	94	97	101	105	109	113	118	123	127	131	134	139	145	151
3A_NB	4	d	79	82	86	88	92	95	98	102	107	111	115	120	124	129	132	135	140	146	/
3A_NB	5	a	86	89	93	96	100	104	108	113	118	123	125	129	133	137	141	144	149	154	159
3A_NB	5	d	87	91	95	98	102	106	110	115	120	124	126	130	135	138	142	145	150	155	/
3A_NB	6	a	93	96	100	103	107	111	115	120	125	130	133	138	142	145	149	151	157	162	168
3A_NB	6	d	94	98	102	105	109	113	117	122	127	132	135	139	143	146	150	152	158	164	/
3A_NB	7	a	102	105	109	112	116	120	125	129	133	137	139	143	147	150	154	156	162	167	174
3A_NB	7	d	103	107	111	114	118	122	126	130	134	138	140	144	148	151	155	157	163	169	/
3A_NB	8	a	114	118	121	123	126	129	133	137	140	144	146	150	153	157	161	163	169	174	181
3A_NB	8	d	115	119	122	124	127	130	134	138	141	145	147	151	154	158	162	164	170	176	/
3A_NB	9	a	129	132	136	139	142	146	151	156	160	165	168	174	178	183	187	190	196	201	207
3A_NB	9	d	130	134	138	141	144	148	153	158	162	167	170	176	180	185	189	192	198	202	/
3A_NB	10	a	140	144	148	151	153	157	161	165	168	172	175	181	184	189	193	196	201	206	212
3A_NB	10	d	141	146	150	152	154	158	162	166	170	174	177	182	186	191	195	198	203	207	/
3A_NB	11	a	149	152	155	157	160	165	169	174	178	183	186	191	194	199	203	206	211	217	225
3A_NB	11	d	150	153	156	159	162	167	171	176	180	184	187	192	196	201	205	208	213	219	/
3A_NB	12	a	170	173	178	181	184	188	193	198	202	206	209	215	218	221	224	227	233	238	243
3A_NB	12	d	171	175	180	183	186	190	195	200	204	208	211	216	219	222	225	229	234	239	/
3A_NB	13	a	175	178	184	186	189	193	198	203	207	211	214	220	223	226	230	233	238	243	249
3A_NB	13	d	176	180	185	188	191	195	200	205	209	213	216	221	224	227	231	234	239	245	/
3A_NB	14	a	203	207	212	216	220	223	227	231	234	238	240	245	249	253	257	260	264	269	274
3A_NB	14	d	204	209	214	218	221	224	228	232	235	239	241	247	251	255	258	261	265	270	/
3A_NB	15	a	220	224	227	230	233	236	239	243	247	250	253	259	263	267	270	273	278	283	288
3A_NB	15	d	221	225	228	231	234	237	240	245	248	251	255	261	264	268	271	274	279	284	/
3A_NB	16	a	239	243	246	248	251	254	257	260	263	267	269	273	277	280	283	287	292	298	304
3A_NB	16	d	240	244	247	249	252	255	258	261	264	268	270	274	278	281	285	289	293	299	/
