RouteID	RunID	Arrivals/Departures	TimePerStop
1A_SB	1	a	4	7	10	20	23	27	32	36	40	44	47	51	61	64	71
1A_SB	1	d	5	8	11	21	24	28	34	37	42	45	49	52	62	65	/
1A_SB	2	a	22	26	30	39	43	47	53	57	62	65	68	71	84	87	96
1A_SB	2	d	23	27	32	41	45	49	55	59	63	66	69	73	85	89	/
1A_SB	3	a	47	52	57	68	72	77	84	88	92	95	98	101	112	116	124
1A_SB	3	d	49	54	59	70	74	79	85	89	93	96	99	102	113	117	/
1A_SB	4	a	64	68	72	82	87	90	96	99	103	106	110	114	122	125	135
1A_SB	4	d	65	69	74	84	88	92	97	100	104	107	112	115	123	127	/
1A_SB	5	a	86	91	94	104	107	110	116	119	123	126	131	134	142	146	154
1A_SB	5	d	88	92	95	105	108	111	117	120	124	128	132	135	144	148	/
1A_SB	6	a	100	105	109	117	121	125	131	134	138	142	146	150	160	163	170
1A_SB	6	d	102	107	110	119	123	126	132	135	139	143	147	151	161	164	/
1A_SB	7	a	117	121	125	134	138	142	147	150	154	157	161	165	174	178	184
1A_SB	7	d	119	123	126	135	139	143	148	151	155	158	162	166	175	179	/
1A_SB	8	a	125	130	134	142	147	151	156	159	163	166	170	175	185	189	196
1A_SB	8	d	127	132	135	144	148	152	157	160	164	168	172	177	187	190	/
1A_SB	9	a	130	135	140	148	152	156	161	164	168	172	176	180	192	196	204
1A_SB	9	d	132	137	141	150	153	157	162	165	169	174	177	182	194	198	/
1A_SB	10	a	137	141	146	154	157	161	166	170	174	178	181	185	197	201	209
1A_SB	10	d	139	143	147	155	158	162	167	171	175	179	183	187	199	203	/
1A_SB	11	a	144	148	154	162	165	168	173	177	182	185	189	193	204	207	214
1A_SB	11	d	146	150	155	163	166	169	174	179	183	186	191	194	205	208	/
1A_SB	12	a	149	153	159	167	171	174	179	183	187	190	194	198	208	213	221
1A_SB	12	d	151	155	160	168	172	175	180	184	188	191	196	199	210	214	/
1A_SB	13	a	155	158	164	173	178	181	187	192	197	201	205	209	220	224	231
1A_SB	13	d	156	160	165	175	179	182	189	194	199	203	207	210	221	226	/
1A_SB	14	a	185	189	193	204	207	211	216	221	226	229	234	238	246	249	256
1A_SB	14	d	186	190	195	205	209	212	218	223	227	231	236	240	247	250	/
1A_SB	15	a	215	218	222	233	237	241	247	251	256	260	264	269	276	279	286
1A_SB	15	d	216	220	224	234	238	242	248	253	257	261	266	270	277	280	/
1A_SB	16	a	245	249	253	261	264	267	274	277	280	284	288	291	297	300	307
1A_SB	16	d	246	250	254	262	265	268	275	278	281	285	289	292	298	301	/
1A_NB	1	a	12	20	24	36	42	46	51	55	58	63	66	69	78	81	85
1A_NB	1	d	13	22	26	38	43	48	52	56	59	64	67	70	79	82	/
1A_NB	2	a	26	35	39	47	53	58	62	67	70	76	80	83	91	95	99
1A_NB	2	d	27	37	40	49	55	59	64	68	71	77	81	84	92	96	/
1A_NB	3	a	52	62	65	75	81	84	88	93	97	103	107	111	119	123	127
1A_NB	3	d	53	63	66	77	82	86	90	95	99	105	108	112	120	124	/
1A_NB	4	a	78	88	92	104	110	113	116	120	123	130	133	136	144	149	153
1A_NB	4	d	80	90	94	106	111	114	117	121	124	131	134	137	146	150	/
1A_NB	5	a	94	102	106	117	123	128	133	138	142	149	152	156	164	168	172
1A_NB	5	d	95	104	108	119	125	130	135	140	144	150	153	157	165	169	/
1A_NB	6	a	109	120	124	134	140	144	147	151	154	161	164	168	175	179	183
1A_NB	6	d	111	122	126	135	141	145	148	152	155	162	165	169	176	180	/
1A_NB	7	a	125	135	138	145	151	154	158	163	167	174	178	182	192	198	203
1A_NB	7	d	126	136	139	146	152	156	160	165	168	175	179	184	194	199	/
1A_NB	8	a	153	163	166	175	180	183	187	192	195	201	204	207	216	221	226
1A_NB	8	d	155	164	168	176	181	184	188	193	196	202	205	209	218	223	/
1A_NB	9	a	158	168	171	180	188	191	195	198	201	207	211	215	227	231	235
1A_NB	9	d	160	169	173	182	189	192	196	199	202	209	213	217	229	232	/
1A_NB	10	a	176	186	189	199	205	209	214	219	223	231	234	237	245	248	252
1A_NB	10	d	178	187	191	201	207	211	216	221	225	232	235	238	246	249	/
1A_NB	11	a	187	199	202	212	219	223	228	233	238	245	248	251	261	264	269
1A_NB	11	d	189	200	203	214	221	225	230	235	240	246	249	252	262	266	/
1A_NB	12	a	192	204	208	218	225	229	234	239	243	250	253	256	266	270	274
1A_NB	12	d	194	206	210	220	227	231	236	241	245	251	254	257	268	271	/
1A_NB	13	a	208	220	223	232	237	240	243	247	250	256	259	262	272	275	280
1A_NB	13	d	210	221	224	233	238	241	244	248	251	257	260	263	273	277	/
1A_NB	14	a	223	234	238	249	254	257	261	265	269	276	279	282	291	294	298
1A_NB	14	d	224	235	239	250	255	258	262	266	270	277	280	283	292	295	/
1A_NB	15	a	239	249	253	262	267	270	274	278	282	289	292	295	304	308	311
1A_NB	15	d	240	250	254	263	268	271	275	279	283	290	293	296	305	309	/
1A_NB	16	a	254	263	267	277	283	287	290	293	296	303	306	310	318	321	325
1A_NB	16	d	255	264	268	278	284	288	291	294	297	304	307	311	319	322	/
2A_NB	1	a	13	16	21	25	28	33	36	39	48	51	57	59	62	66	72	75	79	83
2A_NB	1	d	14	17	22	26	29	34	37	40	49	52	58	60	63	67	73	76	80	/
2A_NB	2	a	27	30	35	39	42	47	51	54	64	68	75	77	79	82	87	89	93	96
2A_NB	2	d	28	31	36	40	43	48	52	55	65	69	76	78	80	83	88	90	94	/
2A_NB	3	a	42	45	51	55	58	63	67	70	80	84	90	93	96	100	105	107	111	114
2A_NB	3	d	43	46	52	56	59	64	68	71	81	85	91	94	97	101	106	108	112	/
2A_NB	4	a	57	60	66	69	72	78	81	84	92	96	102	105	107	111	116	118	122	126
2A_NB	4	d	58	61	67	70	73	79	82	85	93	97	103	106	108	112	117	119	123	/
2A_NB	5	a	73	76	81	84	87	92	96	99	107	111	116	119	122	125	130	132	136	140
2A_NB	5	d	74	77	82	85	88	93	97	100	108	112	117	120	123	126	131	133	137	/
2A_NB	6	a	90	93	99	102	105	110	114	118	128	132	137	139	142	145	150	153	157	160
2A_NB	6	d	91	94	100	103	106	111	115	119	129	133	138	140	143	146	151	154	158	/
2A_NB	7	a	105	108	113	116	119	125	129	132	140	144	150	153	156	159	164	166	169	173
2A_NB	7	d	106	109	114	117	120	126	130	133	141	145	151	154	157	160	165	167	170	/
2A_NB	8	a	120	124	130	133	137	142	145	148	156	160	166	168	171	174	180	182	186	189
2A_NB	8	d	121	125	131	134	138	143	146	149	157	161	167	169	172	175	181	183	187	/
2A_NB	9	a	138	142	148	151	155	161	164	168	175	179	184	187	190	193	200	202	206	209
2A_NB	9	d	139	143	149	152	156	162	165	169	176	180	185	188	191	194	201	203	207	/
2A_NB	10	a	156	160	165	169	172	178	182	186	195	199	204	206	209	213	218	220	224	227
2A_NB	10	d	157	161	166	170	173	179	183	187	196	200	205	207	210	214	219	221	225	/
2A_NB	11	a	171	175	179	182	186	192	196	199	206	210	216	218	220	224	229	232	235	238
2A_NB	11	d	172	176	180	183	187	193	197	200	207	211	217	219	221	225	230	233	236	/
2A_NB	12	a	186	189	194	197	201	206	210	214	222	226	232	234	237	241	245	247	250	253
2A_NB	12	d	187	190	195	198	202	207	211	215	223	227	233	235	238	242	246	248	251	/
2A_NB	13	a	204	208	214	217	220	227	231	235	243	247	252	255	257	262	267	270	274	277
2A_NB	13	d	205	209	215	218	221	228	232	236	244	248	253	256	258	263	268	271	275	/
2A_NB	14	a	218	221	226	229	232	238	242	245	255	258	263	265	267	272	278	280	284	288
2A_NB	14	d	219	222	227	230	233	239	243	246	256	259	264	266	268	273	279	281	285	/
2A_NB	15	a	232	236	242	245	249	255	258	261	271	274	278	280	283	287	294	296	300	304
2A_NB	15	d	233	237	243	246	250	256	259	262	272	275	279	281	284	288	295	297	301	/
2A_NB	16	a	248	252	258	261	264	269	272	275	282	285	290	292	294	298	305	307	311	315
2A_NB	16	d	249	253	259	262	265	270	273	276	283	286	291	293	295	299	306	308	312	/
2A_SB	1	a	23	28	31	34	39	43	46	51	54	60	65	70	74	79	84	88	92	95
2A_SB	1	d	24	29	32	35	41	44	48	52	55	62	67	72	76	80	85	89	93	/
2A_SB	2	a	52	55	58	62	68	72	76	80	83	88	94	99	102	105	110	113	117	120
2A_SB	2	d	53	56	60	64	70	74	77	81	84	90	95	100	103	106	111	114	118	/
2A_SB	3	a	63	67	70	74	81	85	89	93	96	101	106	112	115	118	123	126	129	132
2A_SB	3	d	65	69	72	76	83	87	91	94	97	102	107	113	116	119	124	127	130	/
2A_SB	4	a	75	79	83	87	94	97	101	104	108	114	117	123	126	130	136	139	142	145
2A_SB	4	d	77	81	85	89	96	99	102	105	110	115	118	124	127	131	137	140	143	/
2A_SB	5	a	90	94	97	100	106	108	111	114	118	123	127	132	135	139	144	147	150	153
2A_SB	5	d	92	95	98	101	107	109	112	115	119	124	128	133	136	140	145	148	151	/
2A_SB	6	a	98	102	106	110	116	118	122	125	128	134	138	142	145	149	155	159	163	166
2A_SB	6	d	100	104	108	111	117	120	123	126	129	135	139	143	146	150	156	160	164	/
2A_SB	7	a	107	111	114	118	124	126	129	132	135	139	143	147	150	154	160	164	168	171
2A_SB	7	d	109	113	116	120	125	127	130	133	136	140	144	148	151	155	161	165	169	/
2A_SB	8	a	121	125	128	131	136	138	141	145	148	152	155	160	163	167	172	175	179	183
2A_SB	8	d	123	127	129	132	137	139	142	146	149	153	156	161	165	168	173	176	181	/
2A_SB	9	a	127	131	133	136	141	143	147	151	155	161	165	171	175	179	184	187	191	194
2A_SB	9	d	129	132	134	137	142	145	148	152	157	163	167	173	177	180	185	188	192	/
2A_SB	10	a	132	136	138	143	148	151	155	159	163	168	171	177	180	185	190	193	197	201
2A_SB	10	d	134	137	140	144	150	152	156	160	164	169	173	178	182	186	191	194	199	/
2A_SB	11	a	138	141	144	149	155	157	162	166	170	177	181	188	193	197	203	206	210	213
2A_SB	11	d	139	143	146	150	156	159	163	167	172	179	183	190	194	198	204	207	211	/
2A_SB	12	a	145	149	153	157	164	166	169	173	177	184	187	194	198	202	208	211	216	220
2A_SB	12	d	147	151	155	159	165	167	171	174	179	185	189	196	199	203	209	213	218	/
2A_SB	13	a	163	168	172	175	181	184	188	191	194	201	204	210	213	218	223	228	231	234
2A_SB	13	d	165	170	173	176	182	185	189	192	195	202	205	211	215	219	225	229	232	/
2A_SB	14	a	177	182	185	188	194	196	200	203	208	215	219	225	229	232	237	241	244	247
2A_SB	14	d	179	183	186	189	195	197	201	205	209	216	220	226	230	233	238	242	245	/
2A_SB	15	a	183	187	190	194	199	202	207	211	215	222	226	231	236	239	245	250	253	256
2A_SB	15	d	185	188	192	196	201	204	209	213	217	223	227	233	237	240	247	251	254	/
2A_SB	16	a	188	192	196	199	204	207	212	216	220	227	231	237	242	245	251	255	258	261
2A_SB	16	d	190	194	197	201	206	209	214	218	222	229	233	239	243	246	252	256	259	/
3A_SB	1	a	4	9	13	18	21	24	28	32	35	38	42	44	49	53	58	64	69
3A_SB	1	d	5	10	14	19	22	25	29	33	36	39	43	45	50	54	60	66	/
3A_SB	2	a	13	18	23	31	34	37	41	46	50	55	58	60	65	69	73	78	81
3A_SB	2	d	14	20	25	32	35	38	42	47	52	56	59	61	66	70	74	79	/
3A_SB	3	a	41	45	50	56	60	65	70	74	79	84	88	90	94	98	101	106	109
3A_SB	3	d	42	47	52	58	62	67	72	76	81	85	89	91	95	99	102	107	/
3A_SB	4	a	52	57	62	68	72	77	82	87	92	96	101	104	107	111	115	120	123
3A_SB	4	d	53	59	64	70	74	79	84	89	94	98	103	105	108	112	116	121	/
3A_SB	5	a	66	71	75	81	86	91	95	99	103	108	112	114	117	121	124	128	131
3A_SB	5	d	67	73	76	83	88	93	97	101	105	110	113	115	118	122	125	129	/
3A_SB	6	a	74	80	84	91	96	101	105	109	113	118	122	125	129	133	136	141	145
3A_SB	6	d	75	81	86	93	98	103	107	111	115	120	123	126	130	134	137	142	/
3A_SB	7	a	84	90	94	102	107	112	117	121	124	128	132	135	139	142	145	150	153
3A_SB	7	d	85	92	96	104	109	114	119	122	125	130	133	136	140	143	146	151	/
3A_SB	8	a	98	105	110	116	120	124	127	131	134	137	140	142	146	149	152	158	161
3A_SB	8	d	99	107	112	118	122	125	128	132	135	138	141	143	147	150	153	159	/
3A_SB	9	a	109	115	120	127	130	133	136	142	145	149	153	156	160	163	166	171	174
3A_SB	9	d	110	117	122	128	131	134	138	143	147	150	154	157	161	164	167	172	/
3A_SB	10	a	131	138	142	148	151	155	159	163	167	171	174	176	180	183	187	193	197
3A_SB	10	d	132	140	143	149	152	156	160	164	168	172	175	177	181	184	188	194	/
3A_SB	11	a	137	143	147	153	157	161	165	169	172	176	180	183	189	192	196	201	205
3A_SB	11	d	138	145	148	155	158	162	166	170	173	178	181	185	190	193	197	202	/
3A_SB	12	a	144	150	155	162	165	169	173	177	180	184	187	190	195	199	204	209	212
3A_SB	12	d	145	152	156	163	166	170	174	178	181	185	188	191	196	200	205	210	/
3A_SB	13	a	151	156	160	167	170	174	178	182	185	189	192	195	200	204	209	215	218
3A_SB	13	d	152	157	161	168	171	175	179	183	186	190	193	196	201	205	210	216	/
3A_SB	14	a	158	163	167	173	177	181	184	187	190	194	198	200	205	209	213	220	224
3A_SB	14	d	159	164	169	175	178	182	185	188	191	196	199	201	206	210	215	222	/
3A_SB	15	a	163	168	173	179	184	188	191	194	197	201	204	206	211	214	218	225	230
3A_SB	15	d	164	170	175	181	185	189	192	195	198	202	205	207	212	215	220	227	/
3A_SB	16	a	171	177	182	188	192	196	199	203	206	210	213	216	221	225	229	235	240
3A_SB	16	d	172	179	183	189	193	197	200	204	207	211	214	217	223	227	231	237	/
3A_NB	1	a	28	31	35	39	43	47	51	54	59	64	69	73	77	81	85	89	94	98
3A_NB	1	d	29	33	36	40	44	49	53	56	60	66	71	75	79	83	87	91	96	/
3A_NB	2	a	52	56	60	65	69	74	79	83	88	93	97	99	102	106	109	112	116	120
3A_NB	2	d	53	58	62	67	71	76	81	85	89	94	98	100	103	107	110	113	117	/
3A_NB	3	a	59	63	67	72	76	82	87	91	96	102	106	109	111	114	117	120	123	127
3A_NB	3	d	60	65	69	74	78	84	89	93	97	103	107	110	112	115	118	121	124	/
3A_NB	4	a	67	71	74	79	83	89	93	96	101	107	111	114	116	119	122	126	129	133
3A_NB	4	d	68	72	76	81	85	91	95	98	102	108	112	115	117	120	123	127	130	/
3A_NB	5	a	92	96	99	103	107	111	116	119	123	129	133	136	138	143	147	152	156	160
3A_NB	5	d	93	97	100	104	109	113	118	120	124	130	134	137	140	144	149	154	158	/
3A_NB	6	a	98	102	106	111	116	120	125	128	133	139	143	146	148	152	155	159	162	165
3A_NB	6	d	99	104	108	113	118	122	127	130	134	140	144	147	149	153	156	160	163	/
3A_NB	7	a	104	108	111	116	121	125	130	133	138	144	148	151	153	156	160	164	168	172
3A_NB	7	d	105	109	113	118	123	127	132	135	139	145	150	152	154	158	161	165	169	/
3A_NB	8	a	110	114	117	122	126	130	135	138	143	149	153	156	158	161	165	168	173	178
3A_NB	8	d	111	115	119	124	128	132	137	140	144	150	155	157	159	163	166	170	175	/
3A_NB	9	a	125	129	132	137	140	144	147	149	153	158	162	164	166	169	172	176	180	183
3A_NB	9	d	126	130	133	138	141	145	148	150	154	159	163	165	167	170	174	177	181	/
3A_NB	10	a	148	152	157	161	165	170	174	177	182	186	190	193	196	199	203	206	210	213
3A_NB	10	d	149	154	158	163	167	172	176	179	183	187	191	194	197	200	204	207	211	/
3A_NB	11	a	158	161	165	169	173	178	181	183	188	192	197	200	203	206	210	213	216	219
3A_NB	11	d	159	162	166	170	175	179	182	185	189	194	198	201	204	207	211	214	217	/
3A_NB	12	a	178	181	186	191	196	201	205	208	212	218	222	224	226	229	232	235	238	242
3A_NB	12	d	179	183	188	193	198	203	207	210	213	219	223	225	227	230	233	236	240	/
3A_NB	13	a	184	188	193	197	202	207	211	214	218	225	229	233	235	238	241	246	250	253
3A_NB	13	d	185	190	194	199	204	209	213	216	220	227	231	234	236	239	243	247	251	/
3A_NB	14	a	212	216	221	226	229	234	238	242	246	252	255	258	260	263	266	270	273	277
3A_NB	14	d	213	218	223	227	231	236	240	243	247	253	256	259	261	264	267	271	274	/
3A_NB	15	a	219	223	227	231	235	239	243	247	251	257	260	263	265	268	271	275	279	283
3A_NB	15	d	220	224	229	233	236	241	245	248	252	258	261	264	266	269	272	277	280	/
3A_NB	16	a	244	247	251	254	257	261	264	267	271	276	279	283	285	288	291	295	299	304
3A_NB	16	d	245	248	252	255	258	262	265	268	272	277	281	284	286	289	292	296	301	/
