RouteID	RunID	Arrivals/Departures	TimePerStop
1A_SB	1	a	5	13	24	28	32	35	41	45	51	54	58	66	72	76
1A_SB	1	d	6	14	26	29	33	37	42	46	52	55	59	68	74	/
1A_SB	2	a	34	39	49	54	59	63	70	73	80	83	87	97	102	105
1A_SB	2	d	35	41	51	56	61	65	71	75	81	84	88	98	103	/
1A_SB	3	a	61	66	75	79	83	86	91	94	99	103	107	117	122	126
1A_SB	3	d	62	68	77	81	84	87	92	95	100	104	108	118	123	/
1A_SB	4	a	72	77	85	89	93	97	104	108	113	116	121	131	136	139
1A_SB	4	d	73	78	87	91	95	99	105	109	114	118	122	132	137	/
1A_SB	5	a	77	83	91	95	99	102	109	113	118	121	126	136	143	146
1A_SB	5	d	79	84	92	97	100	104	110	114	119	123	127	138	144	/
1A_SB	6	a	95	102	111	114	117	121	128	132	138	142	146	155	159	163
1A_SB	6	d	97	104	112	115	118	123	129	133	139	143	147	156	160	/
1A_SB	7	a	104	110	118	121	125	129	135	138	143	148	152	160	164	167
1A_SB	7	d	106	111	119	122	126	130	136	139	145	149	153	161	165	/
1A_SB	8	a	113	119	127	131	135	138	144	147	153	157	161	169	174	177
1A_SB	8	d	115	120	128	132	136	139	145	149	154	158	162	170	175	/
1A_SB	9	a	121	128	136	140	144	147	153	157	164	167	170	180	184	188
1A_SB	9	d	123	129	137	141	145	148	155	159	165	168	172	181	186	/
1A_SB	10	a	127	133	144	149	152	155	161	164	169	172	175	185	189	193
1A_SB	10	d	128	135	146	150	153	156	162	165	170	173	177	186	191	/
1A_SB	11	a	133	139	149	154	157	160	166	169	174	177	180	189	194	199
1A_SB	11	d	134	140	151	155	158	161	167	170	175	178	182	191	196	/
1A_SB	12	a	138	145	155	159	162	165	170	174	180	183	187	195	200	205
1A_SB	12	d	139	146	156	160	163	167	172	176	181	185	188	196	202	/
1A_SB	13	a	147	154	163	167	171	176	181	185	189	192	195	203	208	212
1A_SB	13	d	148	156	165	169	173	178	182	186	190	193	196	204	209	/
1A_SB	14	a	168	174	182	186	190	195	201	204	208	211	216	227	235	241
1A_SB	14	d	169	175	184	188	192	197	202	205	209	213	218	229	237	/
1A_SB	15	a	172	179	189	193	197	200	206	209	214	217	221	232	240	245
1A_SB	15	d	174	181	191	195	198	202	207	210	215	218	223	234	242	/
1A_SB	16	a	177	184	194	198	202	206	212	217	223	226	229	238	245	250
1A_SB	16	d	179	186	196	200	204	208	214	219	224	227	230	239	247	/
1A_NB	1	a	4	9	16	22	28	31	36	39	44	48	52	56	64	69
1A_NB	1	d	5	11	17	23	29	32	37	40	45	49	53	57	65	/
1A_NB	2	a	28	32	38	45	51	55	59	63	69	73	77	81	87	93
1A_NB	2	d	29	34	39	47	52	56	60	64	70	74	79	82	88	/
1A_NB	3	a	38	43	50	58	63	67	73	77	82	86	90	93	100	105
1A_NB	3	d	39	45	51	59	65	69	75	78	83	87	91	95	101	/
1A_NB	4	a	52	57	63	69	75	78	82	86	92	97	100	103	112	118
1A_NB	4	d	53	58	64	70	76	79	84	88	94	98	101	105	113	/
1A_NB	5	a	59	64	71	77	82	85	89	92	99	103	106	111	119	124
1A_NB	5	d	60	66	72	78	83	86	90	94	100	104	108	112	120	/
1A_NB	6	a	68	73	80	87	92	96	102	106	112	116	120	124	133	138
1A_NB	6	d	69	75	81	88	94	98	104	107	113	118	121	125	134	/
1A_NB	7	a	74	78	85	92	97	101	107	112	118	122	125	130	139	146
1A_NB	7	d	75	80	86	93	99	103	109	113	119	123	127	131	141	/
1A_NB	8	a	95	99	104	110	116	119	125	128	135	138	141	146	153	158
1A_NB	8	d	96	100	105	111	117	121	126	129	136	139	143	147	154	/
1A_NB	9	a	108	113	118	124	131	134	138	143	148	153	157	160	167	173
1A_NB	9	d	110	114	119	125	132	135	140	144	150	154	158	161	168	/
1A_NB	10	a	113	118	125	132	139	143	147	152	158	162	166	169	177	183
1A_NB	10	d	115	120	127	133	140	144	149	153	159	163	167	170	178	/
1A_NB	11	a	118	123	130	137	143	148	154	157	163	167	171	174	183	190
1A_NB	11	d	120	125	132	139	145	150	155	158	164	168	172	176	185	/
1A_NB	12	a	128	133	139	146	151	154	159	163	169	174	179	183	192	199
1A_NB	12	d	130	134	140	147	152	155	161	164	171	176	181	185	194	/
1A_NB	13	a	138	144	151	158	163	166	173	178	185	190	194	198	205	211
1A_NB	13	d	140	145	153	159	164	168	175	180	187	192	196	200	207	/
1A_NB	14	a	143	149	156	163	169	174	181	185	192	196	200	203	210	216
1A_NB	14	d	145	151	158	165	171	176	183	187	193	197	201	205	212	/
1A_NB	15	a	157	162	169	176	181	184	190	194	202	206	211	215	222	227
1A_NB	15	d	159	164	171	177	182	186	192	196	204	208	213	216	223	/
1A_NB	16	a	165	169	175	181	188	192	198	203	211	214	217	220	227	233
1A_NB	16	d	167	170	176	183	190	194	200	205	212	215	218	221	228	/
2A_NB	1	a	4	8	11	17	20	24	29	33	36	46	53	55	58	61	65	68	72	75	78	82	85	90	94	100
2A_NB	1	d	5	9	12	18	21	25	31	34	37	47	54	56	59	62	66	69	73	76	79	83	87	92	95	/
2A_NB	2	a	29	33	38	44	46	50	55	59	63	72	77	79	81	84	87	90	93	95	99	103	107	110	113	119
2A_NB	2	d	30	35	40	45	47	51	56	60	64	73	78	80	82	85	88	91	94	96	100	104	108	111	114	/
2A_NB	3	a	45	48	52	57	59	63	68	72	76	86	92	94	97	100	103	106	109	111	114	118	122	125	128	135
2A_NB	3	d	46	49	53	58	60	65	69	73	77	87	93	95	98	101	104	107	110	112	115	119	123	126	129	/
2A_NB	4	a	51	54	58	63	66	70	74	78	81	91	98	100	103	106	109	112	115	117	120	124	128	131	134	140
2A_NB	4	d	52	55	59	65	67	71	75	79	82	92	99	101	104	107	110	113	116	118	121	125	129	132	135	/
2A_NB	5	a	56	59	63	68	71	75	81	85	88	98	105	107	110	113	116	119	123	126	130	135	139	142	145	151
2A_NB	5	d	57	60	64	70	72	77	82	86	90	99	106	108	111	114	117	120	124	127	132	136	140	143	146	/
2A_NB	6	a	60	64	68	74	77	81	87	92	96	105	110	112	115	118	121	124	128	131	136	139	144	147	150	157
2A_NB	6	d	62	65	70	75	78	83	89	93	97	106	111	113	116	119	122	125	129	133	137	141	145	148	151	/
2A_NB	7	a	68	72	77	82	85	90	96	101	105	113	118	120	123	127	131	134	137	139	143	146	151	154	157	164
2A_NB	7	d	70	74	78	83	87	92	98	102	106	114	119	121	124	128	132	135	138	140	144	148	152	155	158	/
2A_NB	8	a	82	85	90	96	100	104	109	113	117	126	132	135	139	144	148	151	154	157	161	165	169	172	175	183
2A_NB	8	d	83	86	92	98	102	106	111	115	119	128	134	137	141	146	150	152	155	158	162	166	170	173	176	/
2A_NB	9	a	88	91	95	101	105	109	114	118	122	131	137	141	145	150	153	156	160	163	167	171	176	180	184	190
2A_NB	9	d	89	92	97	103	107	111	116	120	124	133	139	143	147	151	155	158	161	164	168	173	178	182	185	/
2A_NB	10	a	109	113	117	123	126	130	137	140	144	150	157	160	163	166	170	173	176	178	182	186	190	193	196	203
2A_NB	10	d	110	114	119	125	128	132	138	142	145	151	158	161	164	167	171	174	177	179	183	187	191	194	197	/
2A_NB	11	a	129	133	137	141	144	148	154	159	163	173	179	181	184	187	190	193	196	200	203	207	212	215	220	227
2A_NB	11	d	130	134	138	143	146	150	156	161	165	174	180	182	185	188	191	194	198	201	205	209	213	216	221	/
2A_NB	12	a	159	162	167	172	174	178	185	189	193	201	207	209	212	215	218	222	226	228	232	237	241	245	248	254
2A_NB	12	d	160	164	168	173	176	180	186	190	194	202	208	210	213	216	220	223	227	230	234	238	242	246	249	/
2A_NB	13	a	189	193	197	202	204	209	214	217	221	230	236	238	241	245	249	252	256	259	263	266	270	273	277	285
2A_NB	13	d	190	194	198	203	206	210	215	218	222	231	237	239	242	246	250	253	257	260	264	267	271	274	279	/
2A_NB	14	a	219	222	226	230	232	235	241	245	249	258	265	268	271	274	278	280	284	286	290	294	298	302	305	312
2A_NB	14	d	220	223	227	231	233	236	242	246	250	259	266	269	272	275	279	281	285	287	291	295	299	303	306	/
2A_NB	15	a	233	237	241	246	248	251	256	260	264	272	278	281	283	286	290	292	296	298	302	306	310	313	316	324
2A_NB	15	d	234	238	242	247	249	252	257	261	265	273	279	282	284	287	291	293	297	299	303	307	311	314	317	/
2A_NB	16	a	248	251	254	260	263	267	273	276	280	288	294	297	299	302	306	308	311	313	318	321	325	328	331	341
2A_NB	16	d	249	252	255	261	264	268	274	277	281	289	295	298	300	303	307	309	312	314	319	322	326	329	332	/
2A_SB	1	a	11	18	24	28	33	37	40	44	49	54	59	62	66	70	75	82	88	92	96	102	105	110	114	117	129
2A_SB	1	d	12	20	26	30	35	38	42	46	51	56	61	64	68	72	76	83	89	93	97	103	106	111	115	118	/
2A_SB	2	a	22	28	35	39	43	47	51	56	61	66	71	73	76	80	83	90	95	100	104	110	113	118	123	127	136
2A_SB	2	d	23	30	37	40	45	49	53	58	63	68	72	74	77	81	84	91	97	101	105	111	114	120	124	128	/
2A_SB	3	a	33	37	43	48	51	55	59	63	68	73	77	79	82	86	89	97	102	107	112	118	121	127	132	136	145
2A_SB	3	d	34	38	45	49	53	57	61	65	70	75	78	80	83	87	90	98	104	109	113	120	123	129	133	137	/
2A_SB	4	a	51	56	63	67	71	73	76	80	83	88	92	94	97	100	104	113	119	123	127	132	135	141	146	151	162
2A_SB	4	d	52	57	64	68	72	75	77	81	85	90	93	95	98	101	106	115	120	124	128	134	137	143	148	153	/
2A_SB	5	a	65	69	76	80	83	86	88	92	95	98	101	104	107	110	113	122	128	133	138	144	147	153	158	163	174
2A_SB	5	d	66	71	77	81	84	87	89	93	96	99	103	105	108	111	115	124	130	135	139	146	149	155	160	165	/
2A_SB	6	a	77	82	89	93	97	99	102	106	110	114	117	119	122	125	129	138	144	147	151	157	159	164	167	170	180
2A_SB	6	d	78	84	91	95	98	100	103	107	111	115	118	120	123	126	130	139	145	148	152	158	160	165	168	171	/
2A_SB	7	a	82	88	94	98	102	105	108	111	116	120	123	125	128	131	135	144	150	153	156	162	164	169	172	175	185
2A_SB	7	d	84	89	96	100	104	106	109	113	117	121	124	126	129	132	136	145	151	154	157	163	165	170	173	176	/
2A_SB	8	a	94	100	106	111	115	117	121	124	128	131	134	137	141	144	148	155	161	164	168	176	179	183	186	189	200
2A_SB	8	d	96	101	108	112	116	119	122	125	129	132	135	138	142	146	150	156	162	165	169	177	180	184	187	190	/
2A_SB	9	a	107	114	120	123	126	128	131	134	138	141	145	148	152	155	159	165	172	175	179	185	187	192	195	199	209
2A_SB	9	d	109	115	121	124	127	129	132	135	139	142	146	149	153	156	160	166	173	176	180	186	189	193	197	200	/
2A_SB	10	a	112	119	125	129	133	137	139	142	146	149	153	155	158	161	165	171	178	181	184	190	192	197	201	204	214
2A_SB	10	d	114	121	127	131	135	138	140	143	147	150	154	156	159	162	166	172	179	182	185	191	194	198	202	205	/
2A_SB	11	a	117	124	130	134	138	142	144	147	151	155	159	161	164	167	171	177	184	188	191	197	200	204	209	212	222
2A_SB	11	d	119	126	132	136	140	143	145	148	152	156	160	162	165	168	172	178	185	189	192	198	201	206	210	213	/
2A_SB	12	a	122	129	135	140	143	147	149	153	157	161	165	167	170	173	177	183	190	194	197	203	206	210	214	217	227
2A_SB	12	d	124	131	137	141	145	148	151	154	158	162	166	168	171	174	178	184	191	195	198	204	207	211	215	218	/
2A_SB	13	a	128	135	142	146	149	152	155	159	163	167	171	173	176	179	182	190	197	200	203	209	212	216	220	223	233
2A_SB	13	d	130	136	143	147	150	153	157	160	164	168	172	174	177	180	183	191	198	201	204	210	213	217	221	225	/
2A_SB	14	a	141	147	154	158	162	165	167	170	174	178	182	184	187	190	193	201	208	211	214	219	222	226	230	235	245
2A_SB	14	d	142	148	156	160	163	166	168	171	175	179	183	185	188	191	194	202	209	212	215	220	223	228	232	237	/
2A_SB	15	a	153	159	165	169	173	175	177	180	183	187	191	193	196	199	203	211	217	221	224	230	233	237	240	244	255
2A_SB	15	d	154	160	167	170	174	176	178	181	184	188	192	194	197	200	204	212	218	222	225	231	234	238	242	245	/
2A_SB	16	a	163	169	177	180	184	187	191	195	199	204	208	211	216	220	223	232	237	240	243	249	253	257	260	263	273
2A_SB	16	d	164	171	178	182	186	189	193	197	201	206	210	213	217	221	224	233	238	241	244	251	254	258	261	264	/
3A_SB	1	a	4	9	13	18	22	25	28	31	35	37	41	44	47	54	58
3A_SB	1	d	5	10	15	19	23	26	29	32	36	38	42	45	48	55	/
3A_SB	2	a	19	24	28	32	36	39	42	46	51	54	58	62	66	73	76
3A_SB	2	d	20	25	29	34	37	41	44	48	53	55	59	64	67	74	/
3A_SB	3	a	46	50	54	59	63	67	71	75	79	81	85	88	91	96	99
3A_SB	3	d	47	52	56	61	65	69	73	77	80	82	86	89	92	97	/
3A_SB	4	a	60	64	69	74	78	82	86	90	94	96	101	104	107	113	116
3A_SB	4	d	61	66	71	76	80	84	88	91	95	97	102	105	108	114	/
3A_SB	5	a	77	82	86	90	93	95	99	104	109	112	116	119	122	128	131
3A_SB	5	d	78	83	87	91	94	97	101	106	110	113	117	120	123	129	/
3A_SB	6	a	85	90	93	99	103	106	109	113	118	121	125	128	131	137	140
3A_SB	6	d	86	91	95	101	105	107	110	115	119	122	126	129	132	138	/
3A_SB	7	a	98	104	108	112	115	117	120	123	127	130	134	137	140	146	149
3A_SB	7	d	99	106	109	113	116	118	121	125	128	131	135	138	141	147	/
3A_SB	8	a	105	110	113	117	121	123	125	129	132	135	139	142	145	151	156
3A_SB	8	d	106	111	114	119	122	124	127	130	133	136	140	143	146	153	/
3A_SB	9	a	122	128	132	135	139	141	144	148	153	155	159	163	166	173	177
3A_SB	9	d	123	130	133	136	140	142	145	150	154	156	160	164	168	175	/
3A_SB	10	a	129	135	139	143	148	152	155	159	164	166	171	175	178	184	188
3A_SB	10	d	130	137	141	145	150	154	156	161	165	167	172	176	179	185	/
3A_SB	11	a	139	145	148	151	155	158	160	165	169	171	176	180	183	189	193
3A_SB	11	d	140	146	149	152	156	159	162	167	170	172	177	181	184	190	/
3A_SB	12	a	147	153	158	162	166	168	170	173	176	178	183	186	189	195	199
3A_SB	12	d	148	155	159	163	167	169	171	174	177	179	184	187	190	196	/
3A_SB	13	a	152	158	163	167	171	173	175	178	181	183	188	191	194	200	205
3A_SB	13	d	153	160	164	168	172	174	176	179	182	184	189	192	195	202	/
3A_SB	14	a	166	171	175	180	184	187	191	195	199	202	208	212	217	223	227
3A_SB	14	d	167	172	177	182	186	189	193	197	201	204	210	214	218	225	/
3A_SB	15	a	180	185	188	191	194	197	200	204	207	209	215	218	222	228	232
3A_SB	15	d	181	186	189	192	195	199	201	205	208	210	216	219	223	230	/
3A_SB	16	a	197	201	206	210	214	216	219	223	228	231	237	241	245	251	255
3A_SB	16	d	198	203	207	211	215	217	220	225	230	233	239	243	246	252	/
3A_NB	1	a	28	32	36	40	43	48	52	56	60	66	72	75	79	82	86	90	94
3A_NB	1	d	29	33	38	41	45	50	54	58	62	68	73	76	80	83	88	92	/
3A_NB	2	a	45	49	52	55	60	64	68	72	76	81	84	87	91	95	100	104	107
3A_NB	2	d	46	50	53	57	62	65	70	74	77	82	85	88	93	97	101	105	/
3A_NB	3	a	50	54	58	63	68	72	76	81	84	89	92	96	100	103	107	111	114
3A_NB	3	d	51	56	60	65	70	73	78	82	85	90	93	97	101	104	108	112	/
3A_NB	4	a	71	75	79	83	88	92	96	100	104	109	113	117	121	124	128	132	136
3A_NB	4	d	72	76	81	85	90	94	98	102	106	110	114	118	122	125	129	133	/
3A_NB	5	a	83	87	91	95	99	103	107	111	113	118	122	126	129	132	136	140	143
3A_NB	5	d	84	88	93	97	101	105	108	112	115	119	123	127	130	133	137	141	/
3A_NB	6	a	89	93	97	101	105	110	114	118	120	124	127	132	135	137	141	145	149
3A_NB	6	d	90	95	99	103	107	112	115	119	121	125	129	133	136	138	142	147	/
3A_NB	7	a	102	106	109	112	115	119	123	127	130	134	138	143	146	149	154	157	160
3A_NB	7	d	103	107	110	113	116	120	124	128	131	135	140	144	148	150	155	158	/
3A_NB	8	a	109	112	115	118	122	125	129	133	136	141	145	149	153	156	161	165	168
3A_NB	8	d	110	113	116	120	123	126	130	134	137	142	146	150	154	157	163	166	/
3A_NB	9	a	116	119	123	127	131	134	139	144	148	153	157	161	165	168	173	177	181
3A_NB	9	d	117	121	125	129	132	136	141	146	150	154	158	162	166	169	174	179	/
3A_NB	10	a	122	126	129	132	136	140	145	149	153	158	162	166	170	173	178	182	187
3A_NB	10	d	123	127	130	134	138	142	146	151	155	159	163	168	171	174	179	184	/
3A_NB	11	a	129	133	136	140	144	148	152	155	158	163	168	172	176	179	185	189	193
3A_NB	11	d	130	134	138	142	146	149	153	156	160	165	169	174	177	181	187	190	/
3A_NB	12	a	143	146	149	153	157	160	163	167	171	176	180	184	188	191	196	200	203
3A_NB	12	d	144	147	151	154	158	161	165	169	173	177	181	185	189	192	197	201	/
3A_NB	13	a	148	151	155	158	162	165	169	173	177	182	185	189	193	196	200	205	208
3A_NB	13	d	149	153	156	159	163	167	171	175	179	183	186	190	194	197	202	206	/
3A_NB	14	a	154	156	160	164	168	172	175	179	182	188	191	195	199	202	206	210	214
3A_NB	14	d	155	158	162	166	170	173	177	180	184	189	192	196	201	203	207	211	/
3A_NB	15	a	164	167	170	173	176	180	185	189	193	198	202	205	209	212	216	220	225
3A_NB	15	d	165	168	171	174	178	182	187	191	195	199	203	206	210	213	217	222	/
3A_NB	16	a	172	175	178	181	186	190	195	200	204	208	212	216	220	223	227	230	235
3A_NB	16	d	173	176	179	183	187	192	197	202	205	209	213	217	221	224	228	232	/
