RouteID	RunID	Arrivals/Departures	TimePerStop
1A_SB	1	a	16	23	31	34	37	42	44	48	51	54	57	60	64	74	79	83
1A_SB	1	d	17	24	32	35	38	43	45	49	52	55	58	61	65	75	80	/
1A_SB	2	a	34	40	48	51	56	63	66	71	75	79	82	86	90	99	104	108
1A_SB	2	d	35	41	50	53	58	65	67	72	76	80	84	87	91	101	105	/
1A_SB	3	a	58	63	74	78	81	85	88	93	98	102	107	111	116	127	133	138
1A_SB	3	d	59	65	76	79	82	86	89	95	100	104	109	113	118	129	135	/
1A_SB	4	a	66	71	82	86	90	96	99	103	107	110	115	119	123	133	138	143
1A_SB	4	d	67	73	84	88	92	98	100	104	108	112	117	120	125	134	140	/
1A_SB	5	a	77	83	91	93	97	103	107	112	115	119	123	127	131	140	145	149
1A_SB	5	d	78	84	92	95	99	105	108	113	117	120	124	128	132	141	146	/
1A_SB	6	a	87	93	100	103	106	111	115	121	126	130	135	139	144	153	159	162
1A_SB	6	d	88	94	102	104	107	113	117	123	128	132	137	141	145	154	160	/
1A_SB	7	a	102	108	118	121	124	130	133	138	142	145	149	152	155	165	170	174
1A_SB	7	d	104	110	120	122	125	132	134	139	143	146	150	153	156	166	171	/
1A_SB	8	a	116	122	132	134	137	143	146	150	154	157	161	164	168	176	181	184
1A_SB	8	d	118	123	133	135	138	144	147	151	155	158	162	165	169	177	182	/
1A_SB	9	a	129	136	145	149	153	160	163	167	170	174	178	181	185	195	201	205
1A_SB	9	d	131	138	147	151	155	162	164	168	172	175	179	183	186	196	202	/
1A_SB	10	a	153	159	167	170	174	181	184	189	193	197	201	205	209	217	222	226
1A_SB	10	d	154	160	168	172	176	183	186	191	195	198	202	206	210	218	224	/
1A_SB	11	a	163	169	177	180	183	188	190	194	198	202	207	211	215	224	231	234
1A_SB	11	d	164	171	178	181	184	189	191	196	200	204	208	213	217	226	232	/
1A_SB	12	a	172	178	185	189	192	197	200	205	208	212	216	220	224	233	239	242
1A_SB	12	d	173	180	187	190	193	199	201	206	210	214	218	222	226	234	240	/
1A_SB	13	a	188	193	202	206	210	217	220	225	228	232	235	238	241	250	256	260
1A_SB	13	d	189	195	204	208	212	219	222	226	229	233	236	239	243	251	257	/
1A_SB	14	a	203	208	219	221	225	230	233	238	243	246	251	255	258	266	272	275
1A_SB	14	d	204	210	220	223	226	232	235	240	244	248	252	256	259	267	273	/
1A_SB	15	a	214	220	231	233	236	241	244	249	254	259	264	268	273	283	289	293
1A_SB	15	d	216	222	232	234	237	243	246	251	256	261	266	270	274	284	290	/
1A_SB	16	a	236	242	250	252	255	261	263	268	273	277	282	286	289	299	305	308
1A_SB	16	d	238	243	251	253	256	262	264	270	275	279	284	287	290	300	306	/
1A_SB	17	a	245	252	261	263	268	274	277	284	288	292	297	300	305	315	320	323
1A_SB	17	d	247	254	262	265	270	275	279	286	290	294	298	302	306	316	321	/
1A_SB	18	a	257	263	272	274	277	282	286	292	296	300	304	308	312	322	327	330
1A_SB	18	d	259	265	273	275	278	284	288	294	298	302	306	309	313	323	328	/
1A_SB	19	a	282	289	298	300	303	308	310	314	317	321	326	330	334	342	347	350
1A_SB	19	d	284	291	299	301	304	309	311	315	319	323	328	332	336	343	348	/
1A_SB	20	a	300	306	315	318	322	328	331	337	342	345	348	352	356	365	370	374
1A_SB	20	d	301	308	317	319	323	330	333	339	343	346	350	353	357	366	371	/
1A_SB	21	a	316	322	331	333	336	342	345	351	356	360	363	366	369	379	385	389
1A_SB	21	d	317	324	332	334	338	344	347	353	358	361	364	367	370	380	386	/
1A_SB	22	a	323	329	339	341	344	351	354	360	364	368	371	374	378	387	393	396
1A_SB	22	d	324	330	340	342	346	353	356	362	366	369	372	376	379	388	394	/
1A_SB	23	a	342	349	360	364	368	375	379	384	388	391	396	400	405	416	423	426
1A_SB	23	d	344	351	362	366	370	377	381	385	389	393	398	402	407	418	424	/
1A_SB	24	a	357	364	372	375	379	385	389	394	399	402	406	409	413	423	428	432
1A_SB	24	d	359	365	373	377	381	387	391	396	400	403	407	411	414	424	430	/
1A_SB	25	a	370	376	386	389	394	400	404	409	413	416	420	423	427	435	440	444
1A_SB	25	d	371	378	388	391	396	402	405	410	414	418	421	424	428	436	442	/
1A_SB	26	a	390	396	406	409	414	419	423	429	433	438	442	445	449	458	463	467
1A_SB	26	d	391	398	407	411	416	421	425	430	435	439	443	447	451	459	465	/
1A_SB	27	a	403	409	418	421	424	428	432	438	442	446	450	453	456	464	470	473
1A_SB	27	d	404	411	420	422	425	430	434	439	443	447	451	454	457	465	471	/
1A_SB	28	a	420	426	434	437	441	446	450	455	460	463	468	471	475	484	488	492
1A_SB	28	d	421	428	436	438	442	448	452	457	461	465	469	472	476	485	489	/
1A_SB	29	a	427	433	441	444	449	456	460	464	467	471	475	478	482	492	496	499
1A_SB	29	d	428	435	443	446	451	458	461	465	468	472	476	479	483	493	497	/
1A_SB	30	a	438	444	452	456	461	468	471	476	479	482	485	489	493	503	508	511
1A_SB	30	d	439	446	454	458	463	470	472	477	480	483	487	490	494	504	509	/
1A_SB	31	a	444	450	458	461	466	473	476	481	485	488	491	495	498	507	513	517
1A_SB	31	d	445	452	459	463	468	475	477	482	486	489	493	496	500	509	514	/
1A_SB	32	a	462	468	478	481	484	490	493	497	501	504	508	512	516	526	531	534
1A_SB	32	d	463	470	480	482	485	491	494	498	502	505	510	513	517	527	532	/
1A_SB	33	a	476	483	491	493	496	502	504	509	513	517	521	525	528	539	545	549
1A_SB	33	d	478	484	492	494	497	503	505	510	515	518	523	526	529	541	546	/
1A_SB	34	a	486	492	501	503	507	513	515	520	524	528	532	535	538	547	552	556
1A_SB	34	d	488	494	502	504	508	514	516	521	525	529	533	536	540	548	553	/
1A_SB	35	a	492	498	506	509	514	520	523	528	531	535	539	542	546	554	559	563
1A_SB	35	d	494	499	508	511	516	522	525	529	532	536	540	543	547	555	561	/
1A_SB	36	a	518	525	534	536	540	546	548	552	556	560	564	568	573	582	587	591
1A_SB	36	d	519	526	535	537	541	547	549	554	558	561	566	570	574	583	588	/
1A_SB	37	a	525	530	539	541	544	551	553	557	562	566	571	576	581	591	598	602
1A_SB	37	d	526	531	540	542	546	552	554	559	564	568	573	578	583	593	599	/
1A_SB	38	a	535	540	548	551	555	562	565	571	576	580	584	588	591	599	604	608
1A_SB	38	d	536	542	550	553	557	564	567	573	577	581	585	589	592	600	605	/
1A_SB	39	a	553	559	569	572	576	582	585	591	595	598	602	607	611	621	626	630
1A_SB	39	d	554	561	570	573	577	584	587	592	596	599	604	609	613	622	627	/
1A_SB	40	a	559	565	574	577	581	587	590	596	600	603	607	612	616	626	631	635
1A_SB	40	d	560	566	575	578	582	589	592	597	601	604	609	614	618	627	633	/
1A_SB	41	a	564	570	578	582	586	592	595	601	605	608	612	617	621	631	637	640
1A_SB	41	d	565	572	580	583	588	594	597	602	606	609	614	619	623	632	638	/
1A_SB	42	a	569	575	583	587	591	597	600	605	610	613	618	622	626	636	642	645
1A_SB	42	d	570	577	585	588	593	599	602	607	611	615	620	624	628	637	643	/
1A_SB	43	a	574	580	588	592	596	602	605	610	615	618	623	627	631	641	647	651
1A_SB	43	d	575	582	590	593	598	604	607	612	616	620	625	629	633	642	648	/
1A_SB	44	a	579	585	595	598	602	607	610	615	619	623	628	632	637	646	652	656
1A_SB	44	d	580	587	596	599	604	609	612	617	621	625	630	634	638	647	653	/
1A_SB	45	a	584	591	600	603	607	612	615	620	624	628	633	637	642	651	658	662
1A_SB	45	d	585	592	601	605	609	614	617	622	626	630	635	639	643	653	660	/
1A_SB	46	a	591	598	607	610	613	617	620	625	629	633	638	642	647	656	663	667
1A_SB	46	d	592	599	608	611	614	619	622	627	631	635	640	644	648	658	665	/
1A_SB	47	a	596	603	612	615	619	625	628	634	637	641	646	651	655	664	670	673
1A_SB	47	d	597	604	613	617	621	627	630	635	639	643	648	653	656	665	671	/
1A_SB	48	a	601	607	617	620	624	630	634	639	642	646	651	656	660	668	675	678
1A_SB	48	d	602	609	619	622	626	632	635	640	644	648	653	658	661	670	676	/
1A_SB	49	a	606	612	622	625	629	636	639	644	648	652	656	661	666	674	679	683
1A_SB	49	d	607	614	624	627	631	637	640	645	649	653	658	663	667	675	681	/
1A_SB	50	a	614	619	628	631	636	643	646	650	654	658	662	666	671	679	684	688
1A_SB	50	d	615	620	630	633	638	645	647	651	655	659	664	668	672	680	686	/
1A_SB	51	a	635	641	649	652	655	661	664	669	673	677	681	685	688	697	703	708
1A_SB	51	d	636	642	650	653	656	662	665	670	674	678	682	686	689	699	705	/
1A_SB	52	a	663	669	679	681	685	690	693	697	701	704	708	712	717	727	733	737
1A_SB	52	d	664	670	680	682	686	691	694	698	702	705	710	714	719	729	735	/
1A_SB	53	a	693	699	706	708	712	719	721	726	729	732	736	740	743	751	757	760
1A_SB	53	d	694	700	707	710	713	720	723	727	730	734	738	741	744	752	758	/
1A_SB	54	a	714	720	730	733	738	745	748	753	756	759	763	767	770	778	784	788
1A_SB	54	d	715	722	732	735	740	747	750	754	757	760	765	768	771	779	785	/
1A_SB	55	a	731	736	745	748	753	759	761	765	769	772	776	779	783	792	798	801
1A_SB	55	d	732	737	747	750	754	760	762	766	770	773	777	781	784	793	799	/
1A_SB	56	a	759	764	773	776	780	786	789	795	799	802	806	809	813	822	828	831
1A_SB	56	d	760	766	775	778	782	788	791	796	800	803	807	811	814	823	829	/
1A_SB	57	a	786	792	801	804	808	815	818	823	828	832	836	840	843	852	857	860
1A_SB	57	d	787	794	803	806	810	816	819	825	829	833	837	841	844	853	858	/
1A_SB	58	a	816	822	831	834	838	845	847	853	857	860	863	866	869	878	883	887
1A_SB	58	d	817	824	833	836	840	846	849	855	858	861	864	867	870	879	885	/
1A_SB	59	a	826	832	840	844	847	853	855	860	863	866	870	874	878	888	893	896
1A_SB	59	d	827	834	842	845	848	854	856	861	864	868	872	876	880	889	894	/
1A_SB	60	a	855	861	871	873	877	882	884	889	893	897	901	905	909	918	923	927
1A_SB	60	d	856	862	872	874	878	883	886	890	894	898	902	906	910	919	924	/
1A_SB	61	a	885	890	900	903	906	912	915	919	923	927	930	934	937	947	952	955
1A_SB	61	d	886	892	901	904	907	913	916	920	924	928	931	935	938	948	953	/
1A_SB	62	a	915	920	929	931	936	942	944	948	952	956	960	964	967	975	981	984
1A_SB	62	d	916	922	930	933	937	943	945	950	954	957	961	965	968	977	982	/
1A_SB	63	a	944	950	958	961	965	972	974	978	982	986	990	993	997	1006	1011	1014
1A_SB	63	d	945	952	960	963	967	973	975	980	984	987	991	994	998	1007	1012	/
1A_SB	64	a	974	979	989	992	996	1001	1004	1009	1013	1016	1019	1022	1025	1035	1040	1044
1A_SB	64	d	975	980	990	993	997	1002	1005	1010	1014	1017	1020	1023	1026	1036	1041	/
1A_NB	1	a	14	19	24	31	36	40	44	47	50	55	58	63	66	70	78	83
1A_NB	1	d	15	20	25	32	37	41	45	48	51	56	59	64	67	71	79	/
1A_NB	2	a	28	33	39	47	52	56	60	63	67	72	75	80	82	86	94	100
1A_NB	2	d	29	34	40	48	53	57	61	64	68	73	76	81	83	87	95	/
1A_NB	3	a	45	51	57	64	69	72	76	79	83	88	92	97	99	103	110	116
1A_NB	3	d	47	52	58	65	70	73	77	80	84	89	93	98	100	104	111	/
1A_NB	4	a	63	69	74	80	86	90	94	97	101	106	109	114	117	121	129	134
1A_NB	4	d	65	70	75	81	87	91	95	98	102	107	110	115	118	122	130	/
1A_NB	5	a	70	76	82	89	95	99	104	107	111	118	121	126	129	134	143	149
1A_NB	5	d	72	78	84	91	97	101	105	108	112	119	122	127	131	135	144	/
1A_NB	6	a	97	101	107	114	120	124	128	133	138	145	149	155	159	163	172	177
1A_NB	6	d	98	103	108	115	122	125	130	135	140	146	151	157	161	165	173	/
1A_NB	7	a	124	128	134	143	149	152	156	159	162	167	171	177	181	186	193	200
1A_NB	7	d	125	130	136	145	150	153	157	160	164	169	173	179	183	187	195	/
1A_NB	8	a	148	153	158	168	173	178	182	186	191	197	200	205	208	212	219	225
1A_NB	8	d	150	154	160	169	175	179	184	188	192	198	201	206	210	214	221	/
1A_NB	9	a	166	171	178	186	192	196	200	204	207	212	215	220	223	226	234	239
1A_NB	9	d	168	173	180	187	193	197	201	205	208	213	216	221	224	227	235	/
1A_NB	10	a	188	193	200	207	212	216	221	225	229	234	238	244	246	250	257	262
1A_NB	10	d	190	195	202	208	213	217	222	226	230	236	240	245	247	251	258	/
1A_NB	11	a	193	198	205	212	218	222	227	230	234	239	244	249	251	255	264	269
1A_NB	11	d	195	200	207	213	219	223	228	231	235	241	245	250	252	256	265	/
1A_NB	12	a	202	207	213	219	225	230	234	237	242	247	252	257	260	264	273	279
1A_NB	12	d	204	208	214	220	227	231	235	239	244	249	253	258	261	265	274	/
1A_NB	13	a	218	222	227	235	240	245	249	252	257	262	265	269	272	277	284	290
1A_NB	13	d	219	223	228	236	242	246	250	254	258	263	266	270	274	278	285	/
1A_NB	14	a	245	249	255	264	269	272	276	279	282	288	292	298	301	306	313	320
1A_NB	14	d	246	251	257	265	270	273	277	280	284	290	294	299	303	308	315	/
1A_NB	15	a	271	277	283	290	296	300	304	308	313	319	322	327	330	335	343	349
1A_NB	15	d	273	279	285	291	297	301	306	310	314	320	324	329	332	337	345	/
1A_NB	16	a	286	292	298	304	311	316	320	324	328	334	338	343	345	349	358	364
1A_NB	16	d	288	294	299	306	313	317	321	325	330	336	339	344	346	351	360	/
1A_NB	17	a	292	298	303	311	318	322	327	332	337	343	347	351	353	357	365	370
1A_NB	17	d	294	299	305	313	320	324	329	334	339	345	348	352	354	358	366	/
1A_NB	18	a	297	303	309	317	324	328	333	337	342	348	352	356	358	362	370	375
1A_NB	18	d	299	305	311	319	326	330	334	339	344	350	353	357	359	363	371	/
1A_NB	19	a	306	311	316	324	331	335	339	343	347	354	357	361	363	367	375	380
1A_NB	19	d	308	312	317	326	333	336	340	344	349	355	358	362	364	368	376	/
1A_NB	20	a	316	322	329	336	341	344	347	351	355	361	364	369	371	375	383	388
1A_NB	20	d	318	323	330	337	342	345	348	352	356	362	365	370	372	376	384	/
1A_NB	21	a	325	331	336	344	350	354	357	361	365	371	374	379	381	386	394	399
1A_NB	21	d	327	332	338	346	351	355	358	362	366	372	375	380	383	387	395	/
1A_NB	22	a	339	344	351	358	365	370	375	379	384	388	391	396	399	403	410	416
1A_NB	22	d	341	346	353	360	367	372	377	381	385	389	392	397	400	404	411	/
1A_NB	23	a	347	351	357	364	371	375	381	385	389	395	398	403	406	410	419	425
1A_NB	23	d	348	352	359	366	372	377	383	386	390	396	399	404	407	411	420	/
1A_NB	24	a	354	358	364	371	378	382	387	390	394	400	404	409	413	417	426	432
1A_NB	24	d	355	359	365	373	380	383	388	391	395	402	405	411	414	418	427	/
1A_NB	25	a	359	363	370	377	384	387	392	396	400	406	410	416	419	423	433	439
1A_NB	25	d	360	365	371	379	385	388	393	397	401	407	412	417	420	425	434	/
1A_NB	26	a	364	368	375	383	389	393	397	402	407	414	418	423	425	429	438	444
1A_NB	26	d	365	370	377	384	390	395	399	404	409	415	419	424	426	430	439	/
1A_NB	27	a	380	384	390	399	405	410	414	418	421	427	430	435	437	441	450	457
1A_NB	27	d	381	386	392	401	407	411	415	419	423	428	432	436	438	442	452	/
1A_NB	28	a	408	414	420	427	432	436	440	445	449	456	460	464	466	470	478	485
1A_NB	28	d	410	416	422	428	433	437	442	447	451	457	461	465	467	471	480	/
1A_NB	29	a	421	426	433	442	448	452	456	461	465	472	476	481	484	488	496	502
1A_NB	29	d	423	428	435	443	449	453	458	463	467	474	477	482	485	489	498	/
1A_NB	30	a	426	431	438	447	454	459	464	468	472	479	483	489	493	497	506	512
1A_NB	30	d	428	433	440	449	456	461	466	470	474	481	485	491	494	499	508	/
1A_NB	31	a	455	460	466	475	482	487	490	493	497	503	507	512	515	520	528	534
1A_NB	31	d	457	461	468	477	484	488	491	494	499	505	509	514	517	522	530	/
1A_NB	32	a	482	487	493	502	508	513	516	520	525	530	534	539	542	546	554	560
1A_NB	32	d	484	489	495	504	510	514	518	522	526	532	536	540	543	547	555	/
1A_NB	33	a	491	495	501	510	517	522	526	529	533	538	541	546	550	554	563	569
1A_NB	33	d	492	497	503	512	519	524	527	530	534	539	542	548	551	556	564	/
1A_NB	34	a	511	516	522	530	537	542	547	552	557	562	565	570	572	576	584	589
1A_NB	34	d	512	517	524	532	539	544	549	554	558	563	566	571	573	577	585	/
1A_NB	35	a	526	532	539	546	553	557	561	564	568	573	577	582	584	588	597	602
1A_NB	35	d	528	534	540	548	555	558	562	565	569	574	578	583	585	589	598	/
1A_NB	36	a	539	543	549	556	563	566	571	575	578	583	587	592	594	598	607	612
1A_NB	36	d	540	544	550	558	564	568	572	576	579	584	589	593	595	599	608	/
1A_NB	37	a	544	548	554	561	568	571	575	580	583	588	592	597	599	603	611	617
1A_NB	37	d	545	549	555	563	569	573	577	581	585	590	594	598	600	604	613	/
1A_NB	38	a	549	553	559	566	573	577	580	585	588	593	597	602	605	609	617	622
1A_NB	38	d	550	554	560	568	574	578	582	586	590	595	599	603	606	610	618	/
1A_NB	39	a	572	576	582	591	598	603	607	611	615	620	623	628	630	634	641	646
1A_NB	39	d	573	578	584	593	600	604	608	612	616	621	624	629	631	635	642	/
1A_NB	40	a	577	581	587	596	603	608	613	617	621	626	629	633	635	639	646	652
1A_NB	40	d	578	583	589	598	605	610	615	618	622	627	630	634	636	640	647	/
1A_NB	41	a	582	586	593	602	608	613	618	622	626	631	634	638	640	644	651	657
1A_NB	41	d	583	588	595	604	610	615	620	623	627	632	635	639	641	645	652	/
1A_NB	42	a	587	591	598	607	613	618	623	627	631	636	639	643	645	649	656	662
1A_NB	42	d	588	593	600	609	615	620	625	628	632	637	640	644	646	650	657	/
1A_NB	43	a	594	598	605	613	618	623	628	632	636	641	644	649	651	655	662	667
1A_NB	43	d	595	600	606	614	620	625	630	634	637	642	645	650	652	656	663	/
1A_NB	44	a	599	603	610	618	624	628	633	637	641	646	650	655	657	661	668	673
1A_NB	44	d	600	605	611	619	625	630	635	639	642	647	651	656	658	662	669	/
1A_NB	45	a	604	608	615	624	630	634	638	642	646	651	655	660	662	666	673	678
1A_NB	45	d	605	610	616	625	631	635	640	644	647	652	656	661	663	667	674	/
1A_NB	46	a	609	613	620	629	634	639	643	647	651	656	660	665	667	671	678	683
1A_NB	46	d	610	615	621	630	636	640	645	649	652	657	661	666	668	672	679	/
1A_NB	47	a	621	625	632	639	644	648	651	655	659	665	669	675	677	681	690	697
1A_NB	47	d	622	627	633	640	645	649	653	657	661	667	671	676	679	683	692	/
1A_NB	48	a	650	655	662	669	673	678	682	685	690	695	700	704	706	711	720	728
1A_NB	48	d	651	657	663	670	675	679	683	687	691	697	701	705	708	713	722	/
1A_NB	49	a	680	685	690	697	703	708	712	715	720	725	729	734	736	741	751	756
1A_NB	49	d	681	687	692	699	705	709	713	717	721	727	730	735	738	742	752	/
1A_NB	50	a	709	713	720	727	734	737	742	746	750	756	759	764	767	771	780	786
1A_NB	50	d	710	715	721	729	735	739	743	747	751	757	760	765	768	772	781	/
1A_NB	51	a	739	744	750	758	764	768	772	775	779	784	788	792	795	799	807	814
1A_NB	51	d	740	745	751	759	765	769	773	777	780	785	789	793	797	801	809	/
1A_NB	52	a	769	773	779	788	793	797	802	806	809	813	817	822	824	829	837	843
1A_NB	52	d	770	775	781	789	795	799	803	807	810	814	818	823	826	830	839	/
1A_NB	53	a	799	803	809	818	823	828	831	835	838	843	847	851	855	859	868	874
1A_NB	53	d	800	805	811	819	825	829	832	836	839	844	848	853	856	860	869	/
1A_NB	54	a	829	833	840	848	853	857	860	863	867	873	877	882	884	888	895	900
1A_NB	54	d	830	835	841	849	854	858	861	864	868	874	878	883	885	889	896	/
1A_NB	55	a	859	863	868	877	882	885	889	893	897	902	905	910	913	916	923	928
1A_NB	55	d	860	864	869	878	883	886	890	894	898	903	906	911	914	917	924	/
1A_NB	56	a	864	868	873	881	887	891	895	899	903	908	911	916	918	922	929	934
1A_NB	56	d	865	869	875	883	888	892	896	900	904	909	912	917	919	923	930	/
1A_NB	57	a	883	887	894	902	908	912	915	919	922	928	931	936	938	942	950	955
1A_NB	57	d	884	889	896	903	909	913	916	920	923	929	932	937	939	943	951	/
1A_NB	58	a	888	893	899	907	913	918	921	925	928	934	937	942	944	948	956	961
1A_NB	58	d	889	894	901	908	915	919	922	926	929	935	938	943	945	949	957	/
1A_NB	59	a	893	898	904	912	919	924	928	932	936	942	945	949	952	956	964	970
1A_NB	59	d	894	899	906	914	921	926	930	933	937	943	946	950	953	957	965	/
1A_NB	60	a	909	913	919	926	931	935	938	941	945	951	955	959	961	965	972	978
1A_NB	60	d	910	915	920	927	932	936	939	942	946	952	956	960	962	966	973	/
1A_NB	61	a	922	927	933	942	948	951	955	958	963	968	971	976	979	982	988	994
1A_NB	61	d	923	929	935	943	949	952	956	960	964	969	972	977	980	983	989	/
1A_NB	62	a	947	951	957	964	970	975	980	983	987	992	995	1000	1002	1005	1012	1018
1A_NB	62	d	948	953	959	966	972	977	981	984	988	993	996	1001	1003	1006	1013	/
1A_NB	63	a	977	981	988	995	1001	1004	1008	1012	1017	1022	1025	1029	1031	1035	1042	1047
1A_NB	63	d	978	982	989	996	1002	1005	1009	1014	1018	1023	1026	1030	1032	1036	1043	/
1A_NB	64	a	1006	1011	1016	1023	1028	1032	1036	1039	1043	1049	1053	1058	1060	1064	1071	1076
1A_NB	64	d	1007	1012	1017	1024	1029	1033	1037	1040	1044	1050	1054	1059	1061	1065	1072	/
2A_NB	1	a	14	18	23	25	28	31	36	39	43	51	54	60	63	65	69	74	78	82	86	89	96	99
2A_NB	1	d	15	19	24	26	29	32	37	40	44	52	55	61	64	66	70	75	79	83	87	90	97	/
2A_NB	2	a	29	32	37	40	43	46	52	55	58	66	70	77	79	81	85	91	94	97	100	103	110	114
2A_NB	2	d	30	33	38	41	44	47	53	56	59	67	71	78	80	82	86	92	95	98	101	104	111	/
2A_NB	3	a	34	37	42	45	47	52	58	61	65	73	77	83	85	87	91	97	100	103	106	110	117	121
2A_NB	3	d	35	38	43	46	49	53	59	62	66	74	78	84	86	88	92	98	101	104	107	111	118	/
2A_NB	4	a	39	42	47	50	52	57	63	67	71	79	83	89	91	93	97	103	106	109	112	116	123	126
2A_NB	4	d	40	43	48	51	54	58	64	68	72	80	84	90	92	94	98	104	107	110	113	117	124	/
2A_NB	5	a	44	48	54	57	59	62	69	73	77	84	88	94	96	98	102	108	112	115	118	122	130	133
2A_NB	5	d	45	49	55	58	60	63	70	74	78	85	89	95	97	99	103	109	113	116	120	123	131	/
2A_NB	6	a	49	53	59	61	65	68	75	79	83	90	94	100	102	104	108	114	118	121	124	127	135	139
2A_NB	6	d	50	54	60	63	66	69	76	80	84	91	95	101	103	105	109	115	119	122	125	128	136	/
2A_NB	7	a	54	58	64	66	70	73	80	84	88	95	100	106	108	110	114	120	124	128	131	134	141	145
2A_NB	7	d	55	59	65	68	71	74	81	85	89	97	101	107	109	111	115	121	125	129	132	135	142	/
2A_NB	8	a	59	62	69	71	75	78	85	89	92	100	105	111	113	115	119	124	129	133	136	140	147	151
2A_NB	8	d	60	64	70	73	76	79	86	90	94	102	106	112	114	116	120	126	130	134	137	141	148	/
2A_NB	9	a	64	67	74	77	80	83	90	94	97	105	109	116	118	120	124	129	134	138	142	147	155	160
2A_NB	9	d	65	69	75	78	81	84	91	95	99	107	111	117	119	121	125	131	135	140	144	149	157	/
2A_NB	10	a	73	76	81	84	87	90	96	100	103	110	114	121	124	126	130	135	139	144	148	153	162	167
2A_NB	10	d	74	77	82	85	88	91	97	101	104	112	116	122	125	127	131	137	141	146	150	155	164	/
2A_NB	11	a	78	82	88	92	94	98	105	109	112	120	123	130	133	135	138	144	148	153	156	160	168	172
2A_NB	11	d	79	84	90	93	96	100	106	110	113	121	125	131	134	136	140	146	150	154	157	161	169	/
2A_NB	12	a	108	111	118	122	125	129	135	139	142	150	153	159	163	165	169	175	179	182	186	189	197	200
2A_NB	12	d	109	113	120	123	126	130	136	140	143	151	155	161	164	166	170	176	180	183	187	190	198	/
2A_NB	13	a	114	117	124	127	131	135	142	146	150	159	163	168	171	174	179	185	189	193	198	201	208	211
2A_NB	13	d	115	119	125	129	132	136	143	148	152	161	164	170	173	176	181	187	191	195	199	202	209	/
2A_NB	14	a	143	146	152	156	159	163	169	173	177	184	188	194	198	200	204	210	214	218	222	225	233	238
2A_NB	14	d	144	147	154	157	160	164	171	175	179	186	189	196	199	202	205	211	215	219	223	227	235	/
2A_NB	15	a	167	170	176	179	183	187	195	200	205	213	218	225	227	229	233	240	244	248	251	256	263	268
2A_NB	15	d	168	172	178	181	185	189	197	202	207	215	219	226	228	230	234	241	245	249	253	257	265	/
2A_NB	16	a	172	175	181	185	188	192	200	205	210	218	223	231	233	235	239	245	249	253	256	261	269	273
2A_NB	16	d	173	177	183	186	190	194	202	207	212	220	225	232	234	236	240	246	250	254	258	263	271	/
2A_NB	17	a	188	191	197	200	203	207	214	220	225	233	237	245	249	253	258	264	267	270	274	278	287	291
2A_NB	17	d	189	193	199	202	205	209	216	222	227	235	239	247	251	255	259	265	268	271	275	279	288	/
2A_NB	18	a	214	218	225	227	229	232	238	241	245	254	258	265	269	272	277	285	290	293	296	300	307	310
2A_NB	18	d	215	220	226	228	230	233	239	243	247	256	260	267	271	274	279	287	291	294	297	301	308	/
2A_NB	19	a	239	243	248	252	256	260	267	271	275	282	286	293	297	299	303	309	314	319	324	328	337	341
2A_NB	19	d	240	244	250	254	258	262	269	273	277	284	288	295	298	301	305	311	316	321	326	330	338	/
2A_NB	20	a	269	272	279	282	286	289	296	301	305	313	317	322	325	328	333	339	344	349	354	358	365	369
2A_NB	20	d	270	273	280	284	287	291	298	302	306	314	318	324	327	330	335	341	346	351	355	359	367	/
2A_NB	21	a	289	292	299	302	306	310	318	322	327	333	337	343	347	350	355	360	364	367	370	373	380	384
2A_NB	21	d	290	294	301	304	308	312	319	324	328	335	338	345	349	352	356	361	365	368	371	374	381	/
2A_NB	22	a	308	311	316	320	322	325	331	334	339	347	351	358	361	363	367	373	377	380	383	386	393	396
2A_NB	22	d	309	312	318	321	323	326	332	336	341	349	353	360	362	364	368	374	378	381	384	387	394	/
2A_NB	23	a	313	316	322	325	327	331	337	341	346	354	358	364	366	368	372	378	382	385	388	391	397	401
2A_NB	23	d	314	317	323	326	329	333	339	343	347	356	360	365	367	369	373	379	383	386	389	392	399	/
2A_NB	24	a	318	322	328	332	334	338	344	349	353	361	366	371	374	376	380	385	390	394	399	403	412	416
2A_NB	24	d	319	323	330	333	336	340	346	351	354	363	367	373	375	378	382	387	392	396	401	405	413	/
2A_NB	25	a	343	346	353	357	361	366	373	377	380	386	389	394	397	400	404	410	414	417	420	424	433	436
2A_NB	25	d	344	348	355	359	363	368	375	378	381	387	390	395	398	401	405	411	415	418	421	426	434	/
2A_NB	26	a	349	352	359	362	366	371	378	382	386	393	398	403	406	408	412	418	422	425	430	435	444	449
2A_NB	26	d	350	354	360	364	368	373	380	384	388	395	399	405	407	409	413	419	423	427	432	437	446	/
2A_NB	27	a	378	381	387	390	394	398	405	408	412	419	422	428	431	434	438	443	447	451	455	459	467	470
2A_NB	27	d	379	383	389	392	395	400	406	409	413	420	423	429	432	435	439	444	448	453	457	461	468	/
2A_NB	28	a	401	405	412	415	418	423	431	434	438	446	451	458	460	462	466	473	476	479	483	486	493	496
2A_NB	28	d	402	407	414	417	420	424	432	435	440	448	453	459	461	463	468	474	477	481	484	487	494	/
2A_NB	29	a	408	412	418	420	423	428	437	442	446	454	458	465	468	471	476	482	486	490	494	499	506	510
2A_NB	29	d	409	413	419	422	425	430	439	443	448	456	460	467	470	473	477	484	488	492	496	500	508	/
2A_NB	30	a	438	442	448	450	452	455	462	465	470	480	484	490	493	495	498	504	508	511	514	517	526	531
2A_NB	30	d	439	443	449	451	453	457	463	467	472	481	486	492	494	496	499	505	509	512	515	519	528	/
2A_NB	31	a	461	464	469	473	475	479	487	491	494	503	508	513	516	519	523	529	533	536	539	543	550	554
2A_NB	31	d	462	465	471	474	477	481	488	492	496	505	509	515	517	521	525	530	534	537	540	544	551	/
2A_NB	32	a	466	469	474	478	480	485	493	498	501	509	514	520	523	526	530	535	539	542	545	549	556	559
2A_NB	32	d	467	470	476	479	482	487	495	499	502	511	516	522	525	527	531	536	540	543	546	550	557	/
2A_NB	33	a	471	474	479	483	486	490	498	503	506	514	519	525	528	531	535	540	543	547	550	554	562	565
2A_NB	33	d	472	475	481	484	487	492	500	504	507	516	521	527	530	532	536	541	545	548	551	555	563	/
2A_NB	34	a	479	482	489	492	495	498	506	510	513	523	527	533	535	537	541	547	550	553	556	560	568	571
2A_NB	34	d	480	484	490	493	496	500	507	511	515	525	528	534	536	538	542	548	551	554	557	561	569	/
2A_NB	35	a	484	487	494	496	500	503	511	515	518	528	532	538	540	542	545	552	555	558	562	566	574	577
2A_NB	35	d	485	489	495	498	501	505	512	516	520	530	533	539	541	543	547	553	556	559	563	567	575	/
2A_NB	36	a	489	492	499	502	506	510	516	521	525	533	537	543	545	547	550	557	560	563	567	571	578	582
2A_NB	36	d	490	494	501	504	508	512	518	523	527	535	538	544	546	548	552	558	561	564	568	572	580	/
2A_NB	37	a	494	498	504	507	511	515	521	526	531	538	542	548	550	552	555	563	566	569	572	575	583	588
2A_NB	37	d	495	500	506	509	513	517	523	528	532	540	543	549	551	553	557	564	567	570	573	577	585	/
2A_NB	38	a	524	527	532	534	538	542	549	553	558	565	569	575	578	580	584	590	594	598	602	605	613	618
2A_NB	38	d	525	528	533	536	540	544	551	555	560	567	570	576	579	581	585	591	595	600	603	607	615	/
2A_NB	39	a	535	538	544	547	549	553	560	563	567	573	576	583	587	589	593	599	603	606	609	612	619	623
2A_NB	39	d	536	540	545	548	551	555	561	564	568	574	578	585	588	590	594	600	604	607	610	613	620	/
2A_NB	40	a	540	543	549	552	554	558	565	568	573	580	584	591	595	598	603	609	613	616	619	622	629	632
2A_NB	40	d	541	545	550	553	556	560	566	570	574	582	586	593	597	600	604	610	614	617	620	623	630	/
2A_NB	41	a	545	548	554	557	560	563	570	573	578	585	589	596	600	604	608	614	618	622	625	628	636	639
2A_NB	41	d	546	550	555	558	561	565	571	575	579	587	591	598	602	605	609	615	619	623	626	630	637	/
2A_NB	42	a	550	553	559	562	565	568	575	578	583	590	594	601	605	609	613	620	624	628	631	635	643	648
2A_NB	42	d	551	555	560	563	566	570	576	580	584	592	596	603	607	610	615	621	625	629	633	637	645	/
2A_NB	43	a	562	565	571	575	579	583	591	594	598	607	610	615	617	619	623	629	632	636	640	643	652	656
2A_NB	43	d	563	567	573	577	581	585	592	596	600	608	611	616	618	620	624	630	633	637	641	645	653	/
2A_NB	44	a	567	570	576	580	584	588	596	599	603	612	615	621	623	625	629	635	638	642	646	650	658	662
2A_NB	44	d	568	572	578	582	586	590	597	601	605	613	616	622	624	626	630	636	639	643	647	651	659	/
2A_NB	45	a	595	598	605	608	610	614	622	626	630	639	643	650	653	655	658	664	668	671	675	679	688	691
2A_NB	45	d	596	600	606	609	611	615	623	627	632	641	645	651	654	656	659	665	669	672	676	680	689	/
2A_NB	46	a	625	628	634	637	639	644	650	654	658	666	670	676	678	680	684	691	695	699	703	708	715	718
2A_NB	46	d	626	630	635	638	641	645	651	655	659	667	671	677	679	681	685	693	697	701	705	709	716	/
2A_NB	47	a	654	657	662	665	669	673	679	683	687	694	697	703	705	708	712	719	724	729	733	737	745	749
2A_NB	47	d	655	659	664	667	671	675	681	685	688	695	698	704	706	709	714	721	726	731	735	738	746	/
2A_NB	48	a	683	686	692	696	699	703	710	714	717	723	726	732	734	737	742	747	751	755	759	763	772	776
2A_NB	48	d	684	688	694	697	700	705	711	715	718	724	727	733	735	738	743	748	752	757	761	765	773	/
2A_NB	49	a	688	691	697	701	705	710	717	722	725	733	737	744	748	751	754	761	766	770	774	778	786	790
2A_NB	49	d	689	693	699	703	707	712	719	723	727	735	739	746	750	752	756	763	767	771	775	779	787	/
2A_NB	50	a	718	721	728	731	735	740	747	751	756	763	768	774	776	778	783	792	796	800	804	807	814	818
2A_NB	50	d	719	723	729	733	737	742	749	753	757	765	769	775	777	780	785	793	797	801	805	808	815	/
2A_NB	51	a	748	751	757	761	765	769	777	781	786	793	797	804	806	808	813	820	824	828	832	835	842	847
2A_NB	51	d	749	753	759	763	766	771	779	783	787	795	798	805	807	810	815	821	825	829	833	836	844	/
2A_NB	52	a	772	775	780	784	787	790	796	800	805	813	817	823	826	828	832	838	843	846	850	853	861	866
2A_NB	52	d	773	776	782	785	788	791	797	802	807	815	818	825	827	830	834	840	844	847	851	854	863	/
2A_NB	53	a	802	805	811	814	817	820	826	830	833	842	846	853	856	859	863	869	872	876	879	882	890	893
2A_NB	53	d	803	806	812	815	818	821	827	831	834	843	847	854	857	860	864	870	873	877	880	883	891	/
2A_NB	54	a	832	835	841	844	846	849	855	858	861	870	874	880	883	885	889	895	899	902	905	909	917	921
2A_NB	54	d	833	836	842	845	847	850	856	859	862	871	875	881	884	886	890	896	900	903	906	910	918	/
2A_NB	55	a	846	850	856	859	861	865	871	874	877	884	887	892	895	898	902	908	912	915	918	922	929	933
2A_NB	55	d	847	851	857	860	862	866	872	875	878	885	888	893	896	899	903	909	913	916	919	923	930	/
2A_NB	56	a	864	868	874	877	879	882	888	891	894	902	905	911	914	917	921	927	930	933	936	939	947	951
2A_NB	56	d	865	869	875	878	880	883	889	892	895	903	906	912	915	918	922	928	931	934	937	940	948	/
2A_NB	57	a	881	884	890	893	895	898	904	907	911	918	921	927	929	931	935	941	945	949	953	956	964	968
2A_NB	57	d	882	885	891	894	896	899	905	908	912	919	922	928	930	932	936	942	946	950	954	957	965	/
2A_NB	58	a	896	899	905	907	909	912	918	921	925	934	937	942	945	947	951	956	960	963	966	970	976	980
2A_NB	58	d	897	900	906	908	910	913	919	922	926	935	938	943	946	948	952	957	961	964	967	971	977	/
2A_NB	59	a	910	913	919	922	925	929	936	939	942	948	952	958	960	962	966	972	976	980	983	986	994	998
2A_NB	59	d	911	914	920	923	926	930	937	940	943	949	953	959	961	963	967	973	977	981	984	987	995	/
2A_NB	60	a	923	926	932	935	937	941	948	951	955	962	966	973	976	979	982	988	992	995	998	1001	1009	1013
2A_NB	60	d	924	927	933	936	938	942	949	952	956	963	967	974	977	980	983	989	993	996	999	1002	1010	/
2A_NB	61	a	938	941	947	950	952	955	961	964	967	975	979	984	987	990	994	999	1002	1005	1009	1012	1021	1024
2A_NB	61	d	939	942	948	951	953	956	962	965	968	976	980	985	988	991	995	1000	1003	1006	1010	1013	1022	/
2A_NB	62	a	955	958	963	966	969	972	979	982	985	994	998	1004	1006	1008	1012	1018	1022	1025	1028	1032	1040	1043
2A_NB	62	d	956	959	964	967	970	973	980	983	986	995	999	1005	1007	1009	1013	1019	1023	1026	1029	1033	1041	/
2A_NB	63	a	973	976	981	984	987	991	996	999	1002	1010	1014	1020	1022	1025	1029	1035	1039	1042	1045	1048	1055	1059
2A_NB	63	d	974	977	982	985	988	992	997	1000	1003	1011	1015	1021	1023	1026	1030	1036	1040	1043	1046	1049	1056	/
2A_NB	64	a	990	994	999	1002	1005	1008	1014	1017	1021	1030	1034	1039	1041	1044	1048	1053	1057	1060	1063	1067	1075	1079
2A_NB	64	d	991	995	1000	1003	1006	1009	1015	1018	1022	1031	1035	1040	1042	1045	1049	1054	1058	1061	1064	1068	1076	/
2A_SB	1	a	23	25	34	37	41	45	50	57	61	65	71	75	81	85	91	94	98	104	107	110	113	117	127	132
2A_SB	1	d	24	27	35	39	43	47	52	59	63	67	73	76	82	86	92	95	99	105	108	111	114	118	128	/
2A_SB	2	a	52	55	63	66	70	74	78	85	88	93	97	101	108	112	119	123	127	133	136	139	143	146	156	162
2A_SB	2	d	53	57	64	68	72	76	80	87	90	95	99	103	109	114	121	125	128	134	137	140	144	147	157	/
2A_SB	3	a	66	68	75	79	83	86	90	97	101	106	110	113	118	122	127	131	134	140	143	146	150	153	165	171
2A_SB	3	d	67	70	77	81	85	88	92	99	103	108	111	114	119	123	129	132	135	141	144	147	151	155	166	/
2A_SB	4	a	80	83	91	95	98	101	106	113	116	120	124	127	133	137	143	146	150	156	159	162	166	169	181	187
2A_SB	4	d	82	85	92	96	100	103	107	115	118	122	125	128	135	138	144	147	151	157	160	163	167	170	182	/
2A_SB	5	a	91	95	103	107	110	113	116	123	126	129	132	135	141	144	150	153	157	163	166	169	174	178	190	197
2A_SB	5	d	93	96	105	108	111	114	117	124	127	130	133	136	142	145	151	154	158	165	167	171	176	179	192	/
2A_SB	6	a	100	103	111	115	119	123	127	135	138	141	144	148	154	157	164	168	172	177	179	182	185	189	201	207
2A_SB	6	d	101	104	113	117	121	125	129	136	139	142	145	150	155	159	166	169	173	178	180	183	186	190	202	/
2A_SB	7	a	112	115	123	127	131	135	140	146	150	154	158	162	168	173	181	186	190	195	197	200	203	207	219	225
2A_SB	7	d	113	116	124	128	133	137	142	148	152	155	160	164	170	175	183	188	191	196	198	201	204	208	220	/
2A_SB	8	a	131	133	140	143	147	150	154	161	165	169	172	176	181	184	189	193	198	204	206	209	212	215	228	234
2A_SB	8	d	132	134	141	144	149	152	156	163	167	170	173	177	182	185	190	195	199	205	207	210	213	216	229	/
2A_SB	9	a	143	146	155	160	164	167	171	178	182	185	188	191	197	200	206	210	214	220	223	227	230	233	248	254
2A_SB	9	d	144	148	157	161	165	168	173	180	183	186	189	193	198	202	207	211	215	221	224	228	231	234	249	/
2A_SB	10	a	161	163	170	174	179	181	185	191	194	197	200	203	209	213	219	222	226	232	235	239	242	245	257	262
2A_SB	10	d	162	164	172	176	180	182	186	192	195	198	201	204	210	214	220	223	227	233	236	240	243	246	258	/
2A_SB	11	a	167	169	176	180	185	188	193	199	202	205	209	213	220	225	231	234	237	243	246	251	254	257	267	272
2A_SB	11	d	168	171	178	182	187	190	194	200	203	207	211	215	222	227	232	235	238	244	248	252	255	258	268	/
2A_SB	12	a	175	177	183	187	192	195	199	207	211	216	221	224	229	234	239	243	246	252	255	259	262	265	275	280
2A_SB	12	d	176	178	185	189	194	197	201	209	213	218	222	225	231	235	240	244	247	253	256	260	263	266	276	/
2A_SB	13	a	198	201	207	211	214	216	221	228	230	233	237	241	247	250	256	259	263	269	272	276	279	282	293	298
2A_SB	13	d	199	203	208	212	215	218	223	229	231	234	238	242	248	251	257	260	264	270	273	277	280	284	294	/
2A_SB	14	a	211	214	220	223	226	229	232	238	240	243	247	251	258	263	269	273	278	284	287	290	294	298	311	316
2A_SB	14	d	213	215	221	224	227	230	233	239	241	244	248	253	260	265	271	275	279	285	288	291	295	300	312	/
2A_SB	15	a	222	225	232	236	241	245	248	255	258	261	265	269	275	280	287	291	295	301	304	308	313	317	327	334
2A_SB	15	d	224	226	234	238	243	246	249	256	259	262	266	271	277	282	288	292	296	302	306	310	315	319	329	/
2A_SB	16	a	243	246	253	256	261	265	269	274	276	280	284	288	293	297	303	306	310	315	317	321	325	328	337	343
2A_SB	16	d	244	247	254	258	263	267	270	275	277	281	285	289	294	298	304	307	311	316	318	322	326	329	338	/
2A_SB	17	a	257	260	269	273	276	279	283	288	291	295	299	303	309	314	320	324	328	334	337	341	345	348	359	365
2A_SB	17	d	258	262	271	274	277	281	284	289	293	297	301	305	311	315	321	326	329	335	338	342	346	349	361	/
2A_SB	18	a	272	274	281	285	288	291	295	300	303	307	310	313	320	323	330	334	338	344	347	351	355	358	369	374
2A_SB	18	d	273	275	283	286	289	292	296	301	304	308	311	315	321	325	332	335	339	345	348	352	356	359	370	/
2A_SB	19	a	283	287	294	299	303	307	312	319	322	325	328	331	337	341	349	353	357	363	366	369	373	376	390	396
2A_SB	19	d	285	288	296	301	305	309	314	321	323	326	329	333	339	343	351	354	358	364	367	370	374	378	392	/
2A_SB	20	a	307	310	316	320	323	326	331	338	341	346	350	354	359	362	367	370	374	379	382	385	389	392	403	408
2A_SB	20	d	309	311	317	321	324	328	333	340	343	348	351	355	360	363	368	371	375	380	383	386	390	393	404	/
2A_SB	21	a	319	322	330	333	336	338	342	348	350	354	358	362	367	370	375	379	383	388	391	395	399	402	413	420
2A_SB	21	d	321	324	331	334	337	339	343	349	352	356	359	363	368	371	376	380	384	389	392	396	400	403	414	/
2A_SB	22	a	333	336	343	346	351	354	359	366	370	374	379	383	388	391	397	402	405	411	414	418	421	425	439	445
2A_SB	22	d	335	338	344	348	353	356	361	368	372	376	381	384	389	392	399	403	406	412	415	419	422	426	440	/
2A_SB	23	a	353	357	363	367	370	373	376	382	384	388	392	395	400	403	409	414	418	424	427	430	434	438	451	456
2A_SB	23	d	355	358	364	368	372	374	377	383	385	389	393	396	401	404	411	415	419	425	428	431	435	440	452	/
2A_SB	24	a	364	368	374	378	382	385	390	396	398	401	405	409	414	418	424	428	431	437	440	444	448	452	463	468
2A_SB	24	d	366	369	375	380	384	387	391	397	399	402	406	410	415	419	425	429	432	438	441	445	449	453	464	/
2A_SB	25	a	383	387	395	399	402	404	407	413	416	419	423	427	433	438	445	450	454	459	461	465	469	472	483	489
2A_SB	25	d	385	388	397	400	403	405	408	414	417	420	424	428	435	440	447	451	455	460	462	466	470	473	485	/
2A_SB	26	a	389	392	401	405	408	411	414	420	422	427	432	437	443	447	454	457	462	468	471	475	480	484	497	502
2A_SB	26	d	390	393	403	406	409	412	415	421	424	429	434	438	444	449	455	459	464	469	472	477	482	486	498	/
2A_SB	27	a	407	409	416	419	424	428	432	438	440	444	449	453	458	462	469	474	478	484	488	492	496	500	512	518
2A_SB	27	d	408	411	417	421	426	430	434	439	442	446	451	454	460	464	471	475	479	486	490	494	498	502	514	/
2A_SB	28	a	419	422	429	433	437	439	442	448	452	455	460	464	470	474	479	482	487	492	496	500	504	508	520	525
2A_SB	28	d	420	423	430	434	438	440	444	450	453	457	462	465	471	475	480	484	488	494	498	502	506	510	521	/
2A_SB	29	a	430	433	440	444	447	450	454	460	463	466	471	475	481	484	490	493	497	503	505	508	511	515	526	531
2A_SB	29	d	431	434	441	445	449	452	456	461	464	468	472	476	482	485	491	494	498	504	506	509	512	516	527	/
2A_SB	30	a	438	441	449	453	457	459	462	468	472	475	479	482	487	490	496	499	503	509	512	515	518	522	534	540
2A_SB	30	d	440	443	451	454	458	460	464	470	473	476	480	483	488	491	497	500	504	510	513	516	519	524	536	/
2A_SB	31	a	451	454	461	464	468	471	474	480	483	487	491	494	501	505	512	516	521	527	530	534	538	542	554	560
2A_SB	31	d	453	455	462	465	469	472	475	481	484	489	492	496	502	507	514	518	523	529	532	536	540	543	555	/
2A_SB	32	a	461	463	470	475	480	483	487	494	497	501	505	509	515	519	526	530	534	539	541	544	549	552	565	571
2A_SB	32	d	462	464	472	477	482	485	489	495	498	502	506	510	516	520	527	531	535	540	542	546	550	554	566	/
2A_SB	33	a	471	473	481	485	490	493	496	501	505	510	515	519	525	529	534	538	543	549	551	554	559	563	578	584
2A_SB	33	d	472	475	483	487	492	494	497	503	507	512	517	520	527	530	535	540	544	550	552	556	560	564	579	/
2A_SB	34	a	483	486	494	499	503	505	509	514	517	521	525	529	535	538	543	546	551	557	559	562	566	570	582	589
2A_SB	34	d	484	488	496	500	504	507	510	515	518	522	527	530	536	539	544	548	552	558	560	563	567	571	584	/
2A_SB	35	a	489	492	499	504	508	511	515	521	525	528	532	536	542	545	551	554	559	565	567	570	574	578	590	596
2A_SB	35	d	490	493	501	505	510	512	517	523	526	529	534	537	543	546	552	556	560	566	568	571	575	579	592	/
2A_SB	36	a	500	503	511	515	518	520	524	530	533	536	540	543	549	552	558	562	566	572	574	577	581	585	596	601
2A_SB	36	d	501	505	513	516	519	521	525	531	534	537	541	544	550	553	559	563	567	573	575	578	582	586	597	/
2A_SB	37	a	505	508	516	520	523	526	529	535	538	541	545	548	555	558	564	568	573	579	581	584	588	592	603	609
2A_SB	37	d	506	510	518	521	525	527	530	536	539	542	546	550	556	559	565	570	574	580	582	585	589	593	604	/
2A_SB	38	a	512	514	521	525	529	531	534	540	543	547	551	554	560	563	570	574	578	584	588	591	595	599	609	615
2A_SB	38	d	513	515	523	526	530	532	535	541	544	548	552	555	561	565	572	575	579	586	589	592	596	600	610	/
2A_SB	39	a	524	527	533	538	543	545	549	554	557	561	565	568	575	578	583	586	589	595	598	601	604	608	618	623
2A_SB	39	d	525	528	535	540	544	546	550	555	558	562	566	570	576	579	584	587	590	596	599	602	606	609	619	/
2A_SB	40	a	529	532	538	543	548	550	554	559	562	566	570	574	580	583	588	592	596	602	605	608	611	615	625	630
2A_SB	40	d	530	533	540	545	549	551	555	560	563	567	571	575	581	584	589	594	597	603	606	609	613	616	626	/
2A_SB	41	a	535	538	544	549	554	556	559	564	567	571	575	579	585	589	594	598	601	606	610	613	617	621	631	636
2A_SB	41	d	536	539	546	551	555	557	560	565	568	572	576	580	586	590	595	599	602	608	611	615	619	622	632	/
2A_SB	42	a	541	543	551	555	558	561	564	570	573	576	581	585	590	595	600	604	608	613	616	619	623	626	636	641
2A_SB	42	d	542	545	552	556	560	562	566	571	574	578	582	586	592	596	601	605	609	614	617	621	624	627	637	/
2A_SB	43	a	558	560	568	572	575	577	581	587	590	593	596	599	605	609	616	619	623	629	632	635	639	642	654	660
2A_SB	43	d	559	562	570	573	576	578	582	588	591	594	597	600	606	610	617	620	624	630	633	636	640	643	655	/
2A_SB	44	a	563	565	573	577	580	583	587	593	597	600	603	607	613	617	623	626	630	637	640	644	649	652	664	670
2A_SB	44	d	564	567	575	578	582	585	588	595	598	601	604	608	614	618	624	627	631	638	642	645	650	653	666	/
2A_SB	45	a	592	594	602	606	611	613	617	624	627	630	633	636	642	645	651	655	659	664	667	672	676	680	690	697
2A_SB	45	d	593	596	604	608	612	614	618	625	628	631	634	637	643	646	652	656	660	666	669	673	678	681	692	/
2A_SB	46	a	597	599	608	611	616	618	621	629	631	635	638	641	647	651	657	661	665	670	672	677	681	685	695	702
2A_SB	46	d	598	601	609	613	617	619	623	630	633	636	639	642	648	652	658	662	666	671	674	679	683	686	697	/
2A_SB	47	a	619	621	629	633	637	640	644	651	654	657	660	664	669	674	680	685	689	695	698	701	704	708	719	725
2A_SB	47	d	620	623	631	635	639	641	645	652	655	658	662	666	671	676	682	686	690	696	699	702	705	709	720	/
2A_SB	48	a	649	651	659	664	668	670	673	680	683	686	689	694	700	704	711	714	718	723	726	729	734	737	749	755
2A_SB	48	d	650	653	661	665	669	671	675	681	684	687	691	695	701	705	712	715	719	724	727	731	735	738	750	/
2A_SB	49	a	679	681	689	694	698	700	704	710	713	716	720	723	729	734	739	743	747	753	756	760	764	767	779	784
2A_SB	49	d	680	683	691	695	699	701	705	711	714	717	721	725	731	735	741	744	748	754	757	761	765	768	780	/
2A_SB	50	a	709	711	720	723	726	729	733	740	743	746	750	754	759	764	770	773	776	782	785	788	792	795	806	812
2A_SB	50	d	710	713	721	724	728	730	734	741	744	747	751	755	761	765	771	774	777	783	786	789	793	797	808	/
2A_SB	51	a	738	740	748	752	757	759	763	770	773	776	780	784	790	794	799	802	806	812	814	817	821	824	837	843
2A_SB	51	d	739	741	750	754	758	760	764	771	774	777	781	785	791	795	800	803	807	813	815	818	822	825	838	/
2A_SB	52	a	743	745	753	757	762	764	768	774	778	781	784	789	795	798	804	807	811	818	820	823	827	830	843	848
2A_SB	52	d	744	746	755	759	763	765	769	776	779	782	786	790	796	800	805	808	812	819	821	824	828	831	844	/
2A_SB	53	a	752	755	763	766	769	771	775	781	784	787	790	794	799	803	809	812	815	823	825	828	832	835	848	853
2A_SB	53	d	753	756	764	767	770	772	776	782	785	788	791	795	801	805	810	813	817	824	826	829	833	836	849	/
2A_SB	54	a	757	760	768	771	774	776	780	786	789	792	795	798	804	808	815	818	821	828	830	833	837	840	853	858
2A_SB	54	d	758	761	769	772	775	777	781	787	790	793	796	800	806	810	816	819	822	829	831	834	838	841	854	/
2A_SB	55	a	762	765	772	776	779	782	786	792	795	798	801	804	809	813	820	823	826	832	835	838	842	846	859	865
2A_SB	55	d	763	767	774	777	780	783	787	793	796	799	802	805	811	815	821	824	827	834	836	839	843	847	860	/
2A_SB	56	a	768	770	777	781	784	787	791	797	800	803	806	809	815	818	825	828	832	838	840	843	847	851	864	870
2A_SB	56	d	769	772	779	782	785	788	792	798	801	804	807	810	816	820	826	829	833	839	841	844	848	852	865	/
2A_SB	57	a	773	775	782	787	790	793	797	802	805	808	811	815	821	824	829	833	837	843	845	848	852	856	868	875
2A_SB	57	d	774	777	784	788	791	794	798	803	806	809	812	816	822	825	831	834	838	844	846	849	853	858	870	/
2A_SB	58	a	778	780	788	792	795	797	801	807	810	813	816	820	826	829	834	838	842	847	850	853	857	861	873	880
2A_SB	58	d	779	782	789	793	796	799	803	808	811	814	817	821	827	830	836	839	843	849	851	854	858	863	875	/
2A_SB	59	a	783	785	793	797	800	802	806	812	815	818	821	825	832	835	840	843	847	852	855	858	861	866	878	885
2A_SB	59	d	784	787	794	798	801	804	808	813	816	819	822	826	833	836	841	844	848	854	856	859	863	868	880	/
2A_SB	60	a	788	790	798	801	805	807	811	818	821	824	827	830	837	840	845	848	852	857	860	863	866	871	885	891
2A_SB	60	d	789	792	799	803	806	809	813	819	822	825	828	831	838	841	846	849	853	859	861	864	868	873	886	/
2A_SB	61	a	796	799	807	810	814	816	819	825	827	831	834	838	845	849	854	858	863	868	871	875	880	884	899	904
2A_SB	61	d	797	800	808	811	815	817	820	826	829	832	836	840	846	850	856	860	864	870	873	877	882	886	900	/
2A_SB	62	a	826	828	835	839	843	845	849	855	858	861	865	868	874	879	885	889	893	899	902	905	910	914	927	933
2A_SB	62	d	827	829	836	840	844	846	850	856	859	862	866	870	876	880	886	890	894	900	903	907	912	916	928	/
2A_SB	63	a	856	858	865	869	873	875	879	885	887	890	895	898	904	908	915	918	922	929	932	936	940	944	957	963
2A_SB	63	d	857	859	866	870	874	876	880	886	888	892	896	899	906	910	916	919	923	930	933	937	942	946	958	/
2A_SB	64	a	886	888	894	898	901	903	908	913	916	920	924	928	934	939	945	948	952	958	961	965	969	974	987	992
2A_SB	64	d	887	889	896	899	902	905	909	914	918	922	926	929	936	940	946	949	953	959	963	967	971	976	988	/
3A_SB	1	a	28	34	41	45	50	55	58	62	66	71	73	77	81	84	88	92	96	100
3A_SB	1	d	29	36	43	47	52	57	60	64	68	72	75	79	82	85	89	94	98	/
3A_SB	2	a	41	47	53	56	61	66	69	73	77	81	84	87	90	93	97	101	104	107
3A_SB	2	d	42	48	54	58	63	68	71	75	79	82	85	88	91	94	98	102	105	/
3A_SB	3	a	60	66	72	75	78	81	83	86	89	93	95	98	103	106	109	112	116	119
3A_SB	3	d	61	67	73	76	79	82	84	87	90	94	96	100	104	107	110	114	117	/
3A_SB	4	a	69	75	82	85	88	93	96	98	102	106	108	111	115	118	121	124	127	130
3A_SB	4	d	70	76	83	86	90	94	97	99	103	107	109	112	116	119	122	125	128	/
3A_SB	5	a	79	85	93	98	102	107	109	111	114	118	120	123	127	130	133	136	141	146
3A_SB	5	d	80	87	95	100	104	108	110	112	115	119	121	124	128	131	134	138	143	/
3A_SB	6	a	93	99	104	108	112	116	119	123	127	131	133	136	139	142	146	150	153	156
3A_SB	6	d	94	100	105	110	114	118	121	125	129	132	134	137	140	143	147	151	154	/
3A_SB	7	a	101	107	113	117	120	124	128	132	136	140	143	147	151	154	158	163	167	171
3A_SB	7	d	102	108	114	118	122	126	130	134	138	142	145	149	152	156	160	165	169	/
3A_SB	8	a	127	132	139	142	145	150	153	157	162	167	169	172	176	180	185	188	193	198
3A_SB	8	d	128	134	140	143	147	152	155	159	164	168	171	174	178	182	186	190	195	/
3A_SB	9	a	137	143	150	154	158	163	167	171	176	181	183	186	190	194	198	201	204	208
3A_SB	9	d	138	145	152	155	160	165	169	173	178	182	184	187	191	195	199	202	205	/
3A_SB	10	a	155	160	167	171	175	179	182	186	191	196	199	201	205	209	213	217	220	224
3A_SB	10	d	156	162	169	173	176	181	184	188	193	197	200	202	206	210	214	218	221	/
3A_SB	11	a	165	171	179	184	188	193	197	200	204	207	210	212	216	220	224	228	231	235
3A_SB	11	d	166	173	181	186	190	195	198	202	205	208	211	213	217	221	225	229	233	/
3A_SB	12	a	183	189	195	198	201	204	207	210	213	218	220	222	226	230	234	238	241	244
3A_SB	12	d	184	190	196	199	202	205	208	211	215	219	221	223	227	231	235	239	242	/
3A_SB	13	a	193	199	205	209	212	215	218	222	225	229	231	233	237	241	245	249	253	256
3A_SB	13	d	194	201	207	210	213	216	220	223	226	230	232	234	238	242	246	251	254	/
3A_SB	14	a	215	220	226	229	233	237	239	241	245	249	251	254	257	260	263	267	271	275
3A_SB	14	d	216	221	227	230	234	238	240	242	246	250	252	255	258	261	265	269	273	/
3A_SB	15	a	227	233	239	242	245	249	252	255	260	265	268	272	276	279	283	287	290	294
3A_SB	15	d	228	234	240	243	247	251	254	257	262	267	270	273	277	280	285	288	292	/
3A_SB	16	a	244	251	257	261	264	267	270	274	277	281	283	286	291	294	298	301	306	309
3A_SB	16	d	245	252	259	262	265	269	272	275	278	282	285	288	292	295	299	303	307	/
3A_SB	17	a	258	263	268	273	277	280	282	286	289	293	295	297	301	304	309	312	316	319
3A_SB	17	d	259	264	270	274	278	281	284	287	290	294	296	298	302	305	310	313	317	/
3A_SB	18	a	271	277	284	289	292	296	298	300	304	308	310	313	317	320	324	328	331	335
3A_SB	18	d	272	279	286	290	293	297	299	301	305	309	311	314	318	321	325	329	332	/
3A_SB	19	a	278	284	290	294	297	301	305	309	313	317	319	322	326	329	332	336	339	344
3A_SB	19	d	279	285	291	295	298	303	307	310	315	318	320	323	327	330	333	337	341	/
3A_SB	20	a	295	301	307	311	316	320	323	327	331	335	338	340	343	346	350	354	357	361
3A_SB	20	d	296	302	308	313	318	322	325	329	333	336	339	341	344	347	351	355	358	/
3A_SB	21	a	302	308	314	319	323	327	330	333	337	341	344	346	350	353	357	362	365	368
3A_SB	21	d	303	309	316	320	325	329	331	335	339	342	345	347	351	354	359	363	366	/
3A_SB	22	a	326	332	338	342	345	349	352	355	358	362	364	366	370	374	378	382	386	390
3A_SB	22	d	327	334	339	343	346	350	353	356	359	363	365	367	371	375	380	384	388	/
3A_SB	23	a	332	337	343	347	350	354	357	361	366	370	372	374	378	381	385	389	394	398
3A_SB	23	d	333	339	344	348	351	355	359	363	367	371	373	376	379	382	387	391	396	/
3A_SB	24	a	359	365	371	374	378	383	387	391	395	400	402	404	408	411	415	419	423	426
3A_SB	24	d	360	366	372	376	380	385	389	393	397	401	403	405	409	412	417	420	424	/
3A_SB	25	a	373	379	385	389	392	396	400	404	409	414	416	418	422	425	429	432	436	440
3A_SB	25	d	374	380	386	390	394	398	402	406	411	415	417	420	423	426	430	433	437	/
3A_SB	26	a	397	402	409	413	416	420	422	425	428	431	433	435	438	441	445	450	453	457
3A_SB	26	d	398	404	411	414	417	421	423	426	429	432	434	436	439	442	447	451	455	/
3A_SB	27	a	403	408	414	418	423	426	429	433	437	442	444	446	449	453	457	460	463	466
3A_SB	27	d	404	409	416	420	424	428	431	435	439	443	445	447	450	454	458	461	464	/
3A_SB	28	a	418	423	430	434	438	443	446	449	453	458	460	463	467	470	474	478	482	485
3A_SB	28	d	419	425	432	436	440	445	448	451	455	459	461	464	468	471	475	480	483	/
3A_SB	29	a	425	431	438	443	446	450	453	456	459	463	465	468	472	475	480	483	487	490
3A_SB	29	d	426	433	440	444	447	451	454	457	460	464	467	469	473	477	481	485	488	/
3A_SB	30	a	445	450	456	459	463	467	470	472	476	479	482	484	488	491	495	499	503	506
3A_SB	30	d	446	452	457	461	465	468	471	474	477	480	483	485	489	492	497	501	504	/
3A_SB	31	a	452	458	463	467	471	474	477	479	482	486	489	491	495	499	502	505	508	511
3A_SB	31	d	453	459	465	468	472	475	478	480	484	487	490	492	496	500	503	506	509	/
3A_SB	32	a	464	469	476	480	483	486	488	491	494	497	499	501	506	511	515	519	523	527
3A_SB	32	d	465	470	478	481	484	487	489	492	495	498	500	503	508	513	517	521	525	/
3A_SB	33	a	485	490	497	501	505	510	514	517	520	523	525	527	531	535	538	542	545	550
3A_SB	33	d	486	491	499	502	507	512	515	518	521	524	526	528	532	536	539	543	547	/
3A_SB	34	a	493	498	506	509	513	518	521	525	529	534	536	538	542	545	549	552	555	558
3A_SB	34	d	494	500	507	511	515	519	523	527	531	535	537	539	543	546	550	553	556	/
3A_SB	35	a	501	506	514	519	523	528	530	533	537	541	543	546	550	553	558	562	565	568
3A_SB	35	d	502	508	516	521	525	529	531	535	538	542	544	547	551	555	560	563	566	/
3A_SB	36	a	507	512	520	525	528	533	535	539	543	548	550	553	557	561	565	568	573	576
3A_SB	36	d	508	514	522	526	530	534	537	541	545	549	551	554	558	562	566	570	574	/
3A_SB	37	a	513	518	526	529	533	538	540	544	548	553	556	558	562	566	570	573	578	582
3A_SB	37	d	514	520	527	531	535	539	542	546	550	555	557	559	563	567	571	575	580	/
3A_SB	38	a	525	530	537	540	543	546	548	551	554	559	561	563	567	571	575	578	583	587
3A_SB	38	d	526	532	538	541	544	547	549	552	556	560	562	564	568	572	576	580	585	/
3A_SB	39	a	535	540	546	550	553	556	560	564	568	572	574	576	580	583	587	590	594	598
3A_SB	39	d	536	541	548	551	554	558	562	566	570	573	575	577	581	584	588	592	596	/
3A_SB	40	a	545	551	558	561	566	571	575	579	584	589	592	595	600	604	609	614	618	621
3A_SB	40	d	546	553	559	563	568	573	577	581	586	591	594	597	602	606	611	616	619	/
3A_SB	41	a	574	579	584	587	591	594	596	598	602	607	610	612	616	619	624	629	634	638
3A_SB	41	d	575	580	585	589	592	595	597	599	604	609	611	614	617	621	626	631	635	/
3A_SB	42	a	586	592	597	601	606	611	615	618	622	626	629	633	638	641	646	649	652	656
3A_SB	42	d	587	593	599	603	608	613	616	620	624	628	631	635	639	643	647	650	654	/
3A_SB	43	a	614	620	626	631	635	639	643	646	650	654	657	660	664	668	673	678	682	685
3A_SB	43	d	615	621	628	633	637	641	644	647	651	656	658	661	666	670	675	680	683	/
3A_SB	44	a	643	649	656	660	665	669	672	675	679	684	687	689	694	698	703	707	712	716
3A_SB	44	d	644	651	658	662	667	671	674	677	681	686	688	691	696	700	705	709	713	/
3A_SB	45	a	649	655	661	666	670	674	677	681	684	689	693	695	699	703	708	712	717	721
3A_SB	45	d	650	656	663	667	672	676	679	682	686	691	694	696	701	705	710	714	718	/
3A_SB	46	a	659	666	672	676	680	684	686	689	692	696	699	701	705	708	713	717	722	725
3A_SB	46	d	660	667	673	677	681	685	687	690	693	697	700	702	706	710	715	719	723	/
3A_SB	47	a	665	672	679	683	688	692	694	697	700	704	706	708	712	715	719	722	726	730
3A_SB	47	d	666	674	681	685	690	693	695	698	701	705	707	709	713	716	720	724	728	/
3A_SB	48	a	674	680	686	689	693	697	699	702	705	708	711	713	717	720	724	727	731	735
3A_SB	48	d	675	681	687	690	695	698	700	703	706	710	712	714	718	721	725	729	733	/
3A_SB	49	a	679	685	691	694	698	702	704	707	710	713	716	718	722	726	730	733	736	740
3A_SB	49	d	680	686	692	695	700	703	705	708	711	715	717	720	723	727	731	734	738	/
3A_SB	50	a	684	690	696	699	703	708	711	714	717	720	722	725	728	732	736	739	743	746
3A_SB	50	d	685	691	697	700	705	709	712	715	718	721	723	726	729	733	737	741	744	/
3A_SB	51	a	712	718	724	728	733	736	739	741	745	748	751	755	758	761	766	770	773	776
3A_SB	51	d	713	719	726	730	734	738	740	743	746	750	753	756	759	763	767	771	774	/
3A_SB	52	a	742	747	754	758	762	767	769	772	775	779	781	784	788	792	795	798	802	806
3A_SB	52	d	743	749	756	760	764	768	770	773	776	780	783	785	789	793	796	800	804	/
3A_SB	53	a	772	778	784	788	792	796	798	801	805	809	812	814	818	822	825	829	833	836
3A_SB	53	d	773	779	785	790	794	797	799	802	806	810	813	815	819	823	826	830	834	/
3A_SB	54	a	777	783	790	794	798	801	803	806	810	813	817	819	823	827	830	834	838	841
3A_SB	54	d	778	784	791	795	799	802	804	807	811	815	818	820	824	828	831	835	839	/
3A_SB	55	a	783	788	795	798	803	806	808	811	814	818	822	824	828	832	835	839	843	847
3A_SB	55	d	784	789	796	800	804	807	809	812	816	820	823	825	830	833	836	840	844	/
3A_SB	56	a	788	793	800	803	808	811	813	815	819	823	827	829	833	837	840	844	848	852
3A_SB	56	d	789	794	801	805	809	812	814	817	821	825	828	830	835	838	842	845	849	/
3A_SB	57	a	804	809	816	821	824	828	831	835	839	843	846	848	852	855	859	863	867	870
3A_SB	57	d	805	810	818	822	826	830	833	837	841	845	847	850	853	857	861	865	868	/
3A_SB	58	a	817	823	830	833	837	840	843	846	850	854	857	860	865	870	874	879	883	887
3A_SB	58	d	818	825	831	834	838	842	845	848	852	856	859	862	867	872	876	881	885	/
3A_SB	59	a	822	828	835	838	842	845	848	851	855	860	863	866	871	875	879	884	888	892
3A_SB	59	d	823	830	836	840	843	847	850	853	857	862	865	868	873	877	881	886	890	/
3A_SB	60	a	846	852	859	864	868	873	876	879	883	888	891	894	899	904	909	913	917	920
3A_SB	60	d	847	854	861	866	870	875	878	881	885	890	893	896	901	906	911	915	918	/
3A_SB	61	a	855	860	867	871	875	879	882	885	890	895	898	902	905	909	914	918	922	925
3A_SB	61	d	856	861	868	872	876	881	884	887	892	897	900	903	906	911	916	920	923	/
3A_SB	62	a	863	868	874	878	883	887	890	893	898	903	905	908	911	916	920	924	928	932
3A_SB	62	d	864	870	876	880	885	888	891	895	900	904	906	909	913	918	922	926	930	/
3A_SB	63	a	872	878	883	886	890	894	898	901	906	910	913	917	920	924	927	930	933	937
3A_SB	63	d	873	879	884	888	892	896	899	903	907	912	915	918	921	925	928	931	935	/
3A_SB	64	a	902	907	912	916	920	924	927	931	935	940	943	945	949	952	955	958	962	967
3A_SB	64	d	903	908	914	918	922	926	929	933	937	942	944	946	950	953	956	959	964	/
3A_NB	1	a	15	18	21	24	27	31	35	39	43	46	49	53	56	59	62	65	69	74	80
3A_NB	1	d	16	19	22	25	28	32	36	40	44	47	50	54	57	60	63	66	70	75	/
3A_NB	2	a	20	23	26	29	32	36	40	44	48	53	56	60	63	66	69	72	77	84	91
3A_NB	2	d	21	24	27	30	33	37	41	45	50	54	57	61	64	67	70	74	79	86	/
3A_NB	3	a	25	28	31	35	38	42	47	50	55	59	61	66	69	73	77	80	85	91	97
3A_NB	3	d	26	29	33	36	39	44	48	52	56	60	63	67	71	75	79	82	86	92	/
3A_NB	4	a	35	39	42	45	48	51	55	59	64	68	70	75	79	83	87	90	95	101	108
3A_NB	4	d	36	40	43	46	49	53	57	61	65	69	72	77	81	85	89	92	97	103	/
3A_NB	5	a	54	58	61	64	68	71	74	78	81	85	88	92	96	100	103	107	113	120	126
3A_NB	5	d	55	59	63	66	69	72	75	79	82	86	89	93	97	101	105	109	115	121	/
3A_NB	6	a	76	79	83	86	90	95	98	102	106	110	113	119	122	126	130	133	138	145	151
3A_NB	6	d	77	81	85	88	92	96	99	104	107	112	115	120	123	127	131	134	140	146	/
3A_NB	7	a	95	98	101	103	105	109	113	118	122	126	128	132	135	139	143	147	152	158	165
3A_NB	7	d	96	99	102	104	106	111	115	120	123	127	129	133	137	141	145	148	153	160	/
3A_NB	8	a	104	107	110	113	116	120	123	127	130	134	136	141	146	150	154	158	163	169	176
3A_NB	8	d	105	108	111	114	117	121	124	128	131	135	137	143	148	151	156	160	164	171	/
3A_NB	9	a	116	119	123	126	129	132	136	140	143	147	149	154	158	162	167	171	176	181	187
3A_NB	9	d	117	120	125	127	130	134	137	141	144	148	150	155	159	164	169	173	177	183	/
3A_NB	10	a	124	127	131	134	138	143	147	152	157	162	166	171	176	181	185	189	194	200	206
3A_NB	10	d	125	128	133	136	140	145	149	154	159	164	168	173	178	183	187	191	196	201	/
3A_NB	11	a	135	138	142	145	149	153	157	162	167	172	176	181	185	189	192	196	201	207	213
3A_NB	11	d	136	140	143	147	151	155	159	164	169	174	178	182	187	190	194	198	203	208	/
3A_NB	12	a	153	156	161	163	166	170	174	179	184	189	192	196	199	202	205	208	212	218	225
3A_NB	12	d	154	158	162	164	168	172	176	181	186	190	193	197	200	203	207	209	214	220	/
3A_NB	13	a	175	178	182	185	189	194	199	202	207	211	214	219	223	226	230	233	238	243	249
3A_NB	13	d	176	179	184	187	191	196	200	204	208	212	215	220	224	227	231	235	239	244	/
3A_NB	14	a	200	204	208	211	214	218	223	228	233	238	242	248	252	256	260	263	268	273	279
3A_NB	14	d	201	206	210	212	216	220	225	230	235	240	243	249	253	257	261	264	269	274	/
3A_NB	15	a	209	212	217	219	223	227	232	237	242	247	251	258	262	265	269	271	275	280	286
3A_NB	15	d	210	214	218	221	225	229	234	239	244	249	253	259	263	266	270	272	276	281	/
3A_NB	16	a	224	227	231	235	238	241	246	250	255	259	261	266	270	274	277	279	283	288	295
3A_NB	16	d	225	229	233	237	239	243	247	252	257	260	262	267	271	275	278	280	284	290	/
3A_NB	17	a	231	234	238	241	245	249	254	259	262	266	269	275	279	283	286	290	294	299	304
3A_NB	17	d	232	236	240	243	247	251	256	260	264	268	271	276	280	284	288	291	295	300	/
3A_NB	18	a	260	263	266	268	271	276	279	283	287	292	295	299	302	305	308	311	315	321	326
3A_NB	18	d	261	264	267	270	273	277	280	284	289	294	296	300	303	306	309	312	316	322	/
3A_NB	19	a	268	271	275	277	279	283	288	293	297	302	304	308	311	314	319	321	325	331	336
3A_NB	19	d	269	273	276	278	280	285	290	294	299	303	305	309	312	316	320	322	326	332	/
3A_NB	20	a	289	293	297	301	305	309	314	319	324	328	332	336	339	342	346	349	353	358	363
3A_NB	20	d	290	295	299	303	307	311	316	321	326	330	333	337	340	343	347	350	354	359	/
3A_NB	21	a	312	315	319	323	326	331	335	340	345	350	354	360	364	367	370	373	378	383	390
3A_NB	21	d	313	317	321	325	328	333	337	342	347	352	356	361	365	368	371	374	379	385	/
3A_NB	22	a	320	323	327	331	335	339	343	347	352	357	361	365	369	373	376	379	384	390	398
3A_NB	22	d	321	325	329	333	336	341	344	349	354	359	362	366	371	374	378	381	386	392	/
3A_NB	23	a	343	346	351	354	357	360	364	369	374	379	383	388	392	395	399	402	407	414	420
3A_NB	23	d	344	348	353	355	358	362	366	371	376	381	385	389	393	397	401	404	409	416	/
3A_NB	24	a	356	359	362	364	367	370	373	377	381	385	389	394	399	403	406	410	415	422	429
3A_NB	24	d	357	360	363	365	368	371	374	379	382	387	390	395	401	404	408	412	417	424	/
3A_NB	25	a	361	365	368	370	373	376	380	384	388	392	395	401	406	410	414	418	424	429	436
3A_NB	25	d	362	366	369	371	374	378	382	386	390	394	397	402	407	412	416	420	425	431	/
3A_NB	26	a	375	378	381	384	388	391	395	400	404	409	412	418	423	426	429	432	438	444	450
3A_NB	26	d	376	379	382	386	389	393	397	402	406	411	414	420	424	427	430	434	440	445	/
3A_NB	27	a	395	398	402	404	407	411	415	418	422	426	428	433	437	442	446	449	453	458	465
3A_NB	27	d	396	400	403	405	408	412	416	419	423	427	429	434	439	443	447	450	454	460	/
3A_NB	28	a	418	421	426	429	433	438	441	444	447	451	454	459	463	466	470	472	476	482	488
3A_NB	28	d	419	423	428	431	435	439	442	445	448	452	455	460	464	467	471	473	477	484	/
3A_NB	29	a	433	436	441	444	448	452	457	462	467	472	475	481	485	489	493	495	500	506	512
3A_NB	29	d	434	438	443	446	449	454	459	464	469	474	477	482	486	490	494	497	502	507	/
3A_NB	30	a	456	460	464	467	470	473	476	481	485	490	494	499	502	506	510	514	519	525	530
3A_NB	30	d	457	462	466	469	471	474	478	483	487	492	496	500	503	508	512	515	520	526	/
3A_NB	31	a	461	465	470	472	475	478	481	486	490	495	499	504	507	511	516	519	525	532	537
3A_NB	31	d	462	467	471	474	476	479	483	488	492	497	501	505	508	513	517	521	527	533	/
3A_NB	32	a	467	471	475	478	480	484	489	493	498	502	505	509	513	516	521	524	530	537	542
3A_NB	32	d	468	472	477	479	481	486	490	495	499	503	506	510	514	518	522	526	532	538	/
3A_NB	33	a	472	476	481	484	487	491	495	498	503	507	510	515	519	522	526	530	536	542	548
3A_NB	33	d	473	478	482	485	488	492	496	500	504	508	511	516	520	523	528	532	537	543	/
3A_NB	34	a	485	489	494	498	502	507	511	516	520	525	528	534	539	544	548	552	557	564	570
3A_NB	34	d	486	491	496	500	504	509	513	518	522	527	530	536	541	546	550	554	559	565	/
3A_NB	35	a	493	497	502	506	510	515	519	524	528	533	536	542	546	551	554	557	562	569	575
3A_NB	35	d	494	499	504	508	512	517	521	526	530	535	538	543	548	552	556	559	564	570	/
3A_NB	36	a	504	507	512	515	518	522	526	530	534	539	543	548	552	556	560	562	567	574	581
3A_NB	36	d	505	509	513	517	519	524	528	532	536	541	545	549	553	557	561	564	569	576	/
3A_NB	37	a	509	512	517	520	523	527	532	535	539	544	548	553	558	561	565	567	572	579	586
3A_NB	37	d	510	514	518	522	524	529	533	537	541	546	550	555	559	562	566	569	574	581	/
3A_NB	38	a	515	518	523	526	528	532	537	540	544	549	553	558	563	566	570	573	577	584	591
3A_NB	38	d	516	520	525	527	529	534	538	542	546	551	555	560	564	567	571	574	579	586	/
3A_NB	39	a	528	531	536	539	542	547	552	557	561	565	568	573	577	580	583	586	591	596	602
3A_NB	39	d	529	533	538	541	544	549	554	559	563	567	570	574	578	581	584	587	592	597	/
3A_NB	40	a	554	557	561	564	566	570	574	578	581	585	588	593	598	602	605	608	613	620	627
3A_NB	40	d	555	559	563	565	568	571	575	579	582	586	590	595	599	603	606	609	615	621	/
3A_NB	41	a	584	588	591	594	597	600	603	606	611	614	617	623	628	631	635	638	644	649	654
3A_NB	41	d	585	589	593	595	598	601	604	608	612	616	619	625	629	632	636	639	645	650	/
3A_NB	42	a	614	618	622	624	626	629	633	637	641	644	648	654	658	661	664	667	671	677	683
3A_NB	42	d	615	619	623	625	627	630	634	638	642	646	649	655	659	662	665	668	672	678	/
3A_NB	43	a	644	647	650	653	656	659	663	667	671	675	677	682	685	688	692	695	699	704	709
3A_NB	43	d	645	648	651	654	657	660	664	668	672	676	678	683	686	689	693	696	700	705	/
3A_NB	44	a	674	677	680	682	684	687	690	694	698	701	704	709	713	716	719	722	726	731	736
3A_NB	44	d	675	678	681	683	685	688	691	695	699	702	705	710	714	717	720	723	727	732	/
3A_NB	45	a	692	696	700	703	706	710	714	718	722	725	727	732	736	739	742	745	750	755	761
3A_NB	45	d	693	697	701	704	707	711	715	719	723	726	728	733	737	740	743	746	751	756	/
3A_NB	46	a	703	707	712	715	718	723	726	730	733	736	739	745	748	751	754	757	761	766	770
3A_NB	46	d	704	709	714	717	720	724	727	731	734	737	740	746	749	752	755	758	762	767	/
3A_NB	47	a	714	718	722	724	727	731	734	738	743	748	752	756	760	763	766	769	774	779	784
3A_NB	47	d	715	720	723	725	728	732	735	740	745	750	753	757	761	764	767	770	775	780	/
3A_NB	48	a	720	723	727	729	733	737	741	745	749	753	757	761	765	768	771	774	779	784	789
3A_NB	48	d	721	725	728	731	735	738	742	746	750	755	758	762	766	769	772	775	780	785	/
3A_NB	49	a	725	728	732	734	738	742	746	750	753	758	762	766	770	774	778	782	786	791	796
3A_NB	49	d	726	730	733	736	740	743	747	751	755	760	763	767	772	776	780	783	787	792	/
3A_NB	50	a	730	733	737	740	744	748	753	757	760	764	766	771	775	779	783	787	791	796	801
3A_NB	50	d	731	735	739	742	746	750	754	758	761	765	768	772	777	781	785	788	792	797	/
3A_NB	51	a	735	739	742	745	749	753	758	762	765	769	771	776	780	785	788	792	796	801	806
3A_NB	51	d	736	740	744	747	751	755	759	763	766	770	773	777	782	786	790	793	797	802	/
3A_NB	52	a	749	753	757	759	762	765	768	772	775	779	781	786	790	794	797	799	803	808	813
3A_NB	52	d	750	754	758	760	763	766	769	773	776	780	782	787	791	795	798	800	804	809	/
3A_NB	53	a	754	758	762	764	767	770	773	777	780	784	786	791	795	799	802	804	808	813	818
3A_NB	53	d	755	759	763	765	768	771	774	778	781	785	787	792	796	800	803	805	809	814	/
3A_NB	54	a	764	767	770	772	775	778	781	784	788	792	794	798	802	806	809	812	817	822	827
3A_NB	54	d	765	768	771	773	776	779	782	785	789	793	795	799	803	807	810	813	818	823	/
3A_NB	55	a	769	772	776	779	782	785	788	791	795	799	801	805	809	812	815	818	823	828	833
3A_NB	55	d	770	774	778	780	783	786	789	792	796	800	802	806	810	813	816	819	824	829	/
3A_NB	56	a	799	803	807	809	811	814	817	821	824	827	829	834	838	842	845	848	853	858	864
3A_NB	56	d	800	804	808	810	812	815	818	822	825	828	830	835	839	843	846	849	854	859	/
3A_NB	57	a	829	832	835	837	839	842	845	849	853	857	859	864	868	871	875	878	882	888	893
3A_NB	57	d	830	833	836	838	840	843	846	850	855	858	860	865	869	872	876	879	883	889	/
3A_NB	58	a	841	845	849	851	854	857	861	865	868	871	873	878	882	886	889	892	896	901	908
3A_NB	58	d	842	846	850	852	855	858	862	866	869	872	874	879	883	887	890	893	897	903	/
3A_NB	59	a	871	875	878	880	883	887	890	894	898	901	903	907	911	914	918	921	926	932	938
3A_NB	59	d	872	876	879	881	884	888	891	895	899	902	904	908	912	915	919	922	927	933	/
3A_NB	60	a	901	904	908	910	912	915	918	921	924	928	930	935	939	942	945	947	951	956	961
3A_NB	60	d	902	906	909	911	913	916	919	922	925	929	931	936	940	943	946	948	952	957	/
3A_NB	61	a	931	935	938	940	942	945	948	951	954	957	959	964	968	971	974	976	980	985	991
3A_NB	61	d	932	936	939	941	943	946	949	952	955	958	960	965	969	972	975	977	981	986	/
3A_NB	62	a	949	952	955	957	960	964	968	972	976	980	983	987	990	994	998	1001	1005	1011	1016
3A_NB	62	d	950	953	956	958	961	965	969	973	977	981	984	988	991	995	999	1002	1006	1012	/
3A_NB	63	a	964	967	970	972	975	979	982	985	988	992	994	998	1002	1006	1010	1013	1017	1023	1029
3A_NB	63	d	965	968	971	973	976	980	983	986	989	993	995	999	1003	1007	1011	1014	1018	1024	/
3A_NB	64	a	981	984	988	991	993	997	1000	1003	1006	1010	1012	1016	1019	1022	1025	1028	1033	1039	1044
3A_NB	64	d	982	985	989	992	994	998	1001	1004	1007	1011	1013	1017	1020	1023	1026	1029	1034	1040	/
