RouteID	RunID	Arrivals/Departures	TimePerStop
1A_SB	1	a	8	14	23	26	30	36	38	43	47	51	54	58	63	73	78	81
1A_SB	1	d	9	15	24	27	31	37	39	44	48	52	55	60	64	74	79	/
1A_SB	2	a	33	38	46	48	51	57	59	64	68	71	75	78	81	90	95	98
1A_SB	2	d	34	39	47	49	52	58	60	65	69	72	76	79	82	91	96	/
1A_SB	3	a	38	43	52	54	57	63	66	71	75	78	81	84	88	97	103	108
1A_SB	3	d	39	45	53	55	58	65	67	72	76	79	82	86	90	99	105	/
1A_SB	4	a	44	49	57	60	63	68	71	76	80	84	88	93	97	105	109	113
1A_SB	4	d	45	50	59	61	64	70	72	78	82	86	90	95	98	106	110	/
1A_SB	5	a	53	58	67	70	73	78	81	85	88	91	96	101	105	113	118	123
1A_SB	5	d	54	60	69	71	74	79	82	86	89	93	98	103	107	115	120	/
1A_SB	6	a	61	66	74	77	81	87	90	95	100	104	108	111	114	121	126	130
1A_SB	6	d	62	67	76	78	82	88	91	97	101	105	109	112	115	122	127	/
1A_SB	7	a	68	73	84	86	90	96	99	104	107	112	116	119	122	129	135	140
1A_SB	7	d	69	75	85	87	91	98	100	105	109	113	117	120	123	131	137	/
1A_SB	8	a	77	83	94	97	101	108	111	115	118	122	125	128	131	138	142	146
1A_SB	8	d	78	85	96	99	103	110	112	116	120	123	126	129	132	139	143	/
1A_SB	9	a	86	92	100	102	106	113	116	121	125	128	132	135	139	148	153	158
1A_SB	9	d	87	93	101	104	108	115	118	122	126	130	133	137	141	150	155	/
1A_SB	10	a	107	111	119	122	126	133	137	141	144	148	151	155	158	167	171	175
1A_SB	10	d	108	113	121	123	128	135	138	142	145	149	152	156	159	168	172	/
1A_SB	11	a	116	121	128	130	134	140	143	147	150	153	156	160	164	172	176	180
1A_SB	11	d	118	122	129	131	135	141	144	148	151	154	157	162	166	173	177	/
1A_SB	12	a	126	132	140	142	145	151	153	157	161	164	168	172	175	182	187	191
1A_SB	12	d	128	134	141	143	146	152	154	158	162	165	169	173	176	183	188	/
1A_SB	13	a	132	138	147	149	154	160	163	167	170	173	177	181	185	195	200	204
1A_SB	13	d	134	139	148	151	156	162	164	168	171	174	178	182	187	196	201	/
1A_SB	14	a	157	164	174	177	180	185	187	192	196	199	203	206	210	220	225	230
1A_SB	14	d	159	166	175	178	181	186	188	193	197	200	204	207	211	221	227	/
1A_SB	15	a	162	169	179	181	185	190	192	197	200	204	208	211	216	226	231	235
1A_SB	15	d	164	171	180	183	186	191	193	198	202	205	209	212	217	227	232	/
1A_SB	16	a	169	174	184	186	190	195	198	203	206	209	212	216	221	231	236	240
1A_SB	16	d	170	176	185	188	191	197	200	204	207	210	214	217	222	232	237	/
1A_NB	1	a	8	12	19	27	32	37	41	46	50	54	58	62	65	69	78	83
1A_NB	1	d	9	14	20	28	34	38	43	47	51	55	59	63	66	70	79	/
1A_NB	2	a	38	43	48	56	63	67	72	75	78	83	87	92	95	99	106	113
1A_NB	2	d	39	44	50	58	64	68	73	76	79	85	88	93	96	100	107	/
1A_NB	3	a	66	72	78	87	92	96	99	103	108	113	117	121	124	128	135	142
1A_NB	3	d	68	74	80	88	93	97	101	105	109	114	118	122	125	129	136	/
1A_NB	4	a	83	88	94	100	104	108	112	115	119	125	129	134	137	141	148	155
1A_NB	4	d	85	90	95	101	105	109	113	116	120	127	130	135	138	142	150	/
1A_NB	5	a	94	99	105	113	118	122	126	129	132	138	142	146	150	155	163	169
1A_NB	5	d	96	101	107	114	119	123	127	130	133	140	143	148	152	157	165	/
1A_NB	6	a	99	104	111	118	123	127	131	134	138	144	147	152	155	160	168	174
1A_NB	6	d	101	106	112	119	124	128	132	135	139	145	149	154	157	162	170	/
1A_NB	7	a	107	112	118	125	130	134	138	141	145	151	154	158	160	165	174	179
1A_NB	7	d	109	113	120	126	131	135	139	142	146	152	155	159	162	167	175	/
1A_NB	8	a	124	128	135	142	147	151	155	158	161	167	170	176	179	183	192	198
1A_NB	8	d	125	129	136	144	149	153	156	159	162	168	172	178	180	184	193	/
1A_NB	9	a	128	133	140	148	152	156	160	164	169	176	179	183	186	190	199	206
1A_NB	9	d	130	135	142	149	154	158	162	166	171	177	180	184	187	191	200	/
1A_NB	10	a	139	145	151	157	162	165	169	172	176	182	186	190	193	197	207	214
1A_NB	10	d	141	146	152	158	163	166	170	173	177	183	187	191	194	198	208	/
1A_NB	11	a	159	164	170	178	184	187	192	196	201	206	210	216	218	224	233	238
1A_NB	11	d	161	165	172	180	185	188	194	198	202	207	212	217	220	225	234	/
1A_NB	12	a	166	171	177	185	190	194	198	203	208	215	219	225	228	232	242	248
1A_NB	12	d	168	172	179	186	192	195	200	205	210	216	221	227	229	234	244	/
1A_NB	13	a	176	181	187	195	200	205	209	214	218	224	227	231	234	238	247	253
1A_NB	13	d	178	183	189	196	202	206	211	215	219	225	228	233	235	239	249	/
1A_NB	14	a	201	205	212	220	227	232	236	240	244	249	253	257	259	263	269	275
1A_NB	14	d	202	207	214	222	228	233	238	241	245	250	254	258	260	264	271	/
1A_NB	15	a	231	236	241	249	256	260	265	269	272	276	279	283	285	289	297	304
1A_NB	15	d	232	237	242	250	257	262	266	270	273	277	280	284	286	291	299	/
1A_NB	16	a	260	265	270	277	283	286	289	292	296	301	304	309	311	315	322	328
1A_NB	16	d	262	266	271	278	284	287	290	293	297	302	305	310	312	316	323	/
2A_NB	1	a	6	9	14	17	20	24	29	32	36	44	47	53	55	57	60	67	71	76	80	83	89	93
2A_NB	1	d	7	10	15	18	21	25	30	33	37	45	48	54	56	58	62	69	73	78	81	84	90	/
2A_NB	2	a	15	18	24	28	32	36	42	46	50	59	63	69	72	75	79	85	90	94	99	103	113	117
2A_NB	2	d	16	19	26	30	33	38	44	48	52	60	64	71	74	77	80	87	91	96	101	105	114	/
2A_NB	3	a	34	37	44	48	50	53	59	63	67	74	78	83	85	88	93	100	105	109	113	118	129	133
2A_NB	3	d	35	39	46	49	51	54	61	65	69	75	79	84	87	90	95	102	107	111	115	120	130	/
2A_NB	4	a	54	57	63	66	69	72	78	82	85	93	97	103	106	109	112	118	122	125	129	133	142	145
2A_NB	4	d	55	58	64	67	70	73	79	83	87	95	98	104	107	110	113	119	123	126	130	135	143	/
2A_NB	5	a	73	76	84	88	92	95	100	104	108	117	122	131	133	135	139	144	147	150	153	156	163	166
2A_NB	5	d	74	78	86	90	93	96	101	105	109	119	124	132	134	136	140	145	148	151	154	157	164	/
2A_NB	6	a	84	88	95	98	101	104	110	115	120	129	133	140	143	146	150	155	159	162	165	169	176	179
2A_NB	6	d	85	90	96	99	102	105	112	117	121	131	135	141	144	147	151	156	160	163	166	170	177	/
2A_NB	7	a	92	95	101	104	107	110	116	120	124	134	138	145	148	151	155	161	166	170	174	178	185	190
2A_NB	7	d	93	96	102	105	108	111	117	122	126	136	140	146	149	153	157	163	167	172	175	179	187	/
2A_NB	8	a	118	121	127	131	133	136	142	145	148	155	160	168	170	173	177	184	189	193	196	201	210	215
2A_NB	8	d	119	123	129	132	134	138	143	146	149	157	162	169	171	174	178	186	190	194	198	203	212	/
2A_NB	9	a	140	143	148	151	154	158	165	170	174	181	186	191	193	197	202	208	211	214	217	220	229	233
2A_NB	9	d	141	144	150	153	156	160	167	172	176	183	187	192	195	199	203	209	212	215	218	221	230	/
2A_NB	10	a	163	167	172	175	177	180	185	188	191	198	202	207	210	213	216	222	225	228	232	236	243	246
2A_NB	10	d	164	168	173	176	178	181	186	189	192	199	203	208	211	214	217	223	226	229	233	237	244	/
2A_NB	11	a	179	182	187	190	193	198	205	209	213	220	224	230	233	235	239	244	248	251	256	261	268	273
2A_NB	11	d	180	183	188	192	195	200	206	210	214	221	225	231	234	236	240	245	249	253	258	262	270	/
2A_NB	12	a	197	200	206	209	212	216	223	227	232	238	241	248	250	253	257	263	267	270	274	277	285	289
2A_NB	12	d	198	201	207	210	213	218	225	229	233	239	242	249	251	254	258	264	268	271	275	278	286	/
2A_NB	13	a	212	215	221	224	226	230	236	239	243	252	256	263	266	268	272	277	281	285	288	292	298	304
2A_NB	13	d	213	216	222	225	227	231	237	240	245	254	257	264	267	269	273	279	282	286	289	293	300	/
2A_NB	14	a	228	232	237	239	242	245	252	255	258	266	269	275	277	280	283	288	292	295	298	302	311	316
2A_NB	14	d	229	233	238	240	243	246	253	256	259	267	270	276	278	281	284	289	293	296	299	304	312	/
2A_NB	15	a	243	247	252	254	257	262	269	273	277	284	288	293	295	297	300	306	310	313	317	321	328	331
2A_NB	15	d	244	248	253	255	259	263	270	274	278	285	289	294	296	298	301	307	311	315	318	322	329	/
2A_NB	16	a	260	264	269	271	273	277	284	288	292	299	303	309	312	315	319	324	328	332	335	338	347	351
2A_NB	16	d	261	265	270	272	274	278	285	289	293	301	304	310	313	317	320	325	329	333	336	339	348	/
2A_SB	1	a	14	16	24	29	33	36	41	49	53	57	62	66	73	77	85	88	91	98	101	105	109	113	123	129
2A_SB	1	d	15	18	26	31	35	38	43	51	55	59	64	68	74	79	86	89	92	99	102	106	110	114	124	/
2A_SB	2	a	25	27	34	38	42	45	49	57	61	65	70	73	78	83	91	95	98	105	108	112	116	120	129	135
2A_SB	2	d	26	28	35	40	44	47	51	59	63	67	71	75	80	85	92	96	99	106	109	113	117	121	130	/
2A_SB	3	a	48	51	58	62	65	68	72	79	81	84	88	91	96	99	106	109	113	122	125	129	133	136	147	152
2A_SB	3	d	49	53	60	63	67	70	74	80	82	85	89	92	97	101	107	110	115	123	126	130	134	137	148	/
2A_SB	4	a	55	58	66	70	74	78	82	89	92	96	100	104	109	113	120	123	126	132	135	139	143	147	158	163
2A_SB	4	d	56	60	68	72	76	80	84	90	94	98	101	105	110	114	121	124	127	133	136	140	144	148	159	/
2A_SB	5	a	62	66	73	78	82	86	90	98	102	106	110	113	119	122	129	132	135	140	143	147	151	156	166	172
2A_SB	5	d	64	67	75	80	84	88	92	100	104	108	111	115	120	123	130	133	136	141	144	148	153	158	168	/
2A_SB	6	a	80	82	88	92	95	97	101	108	111	114	117	120	126	129	136	140	144	149	152	155	159	163	172	178
2A_SB	6	d	81	83	89	93	96	98	102	109	112	115	118	121	127	130	137	141	145	150	153	156	160	164	174	/
2A_SB	7	a	91	95	101	105	108	111	114	121	124	127	130	133	139	143	149	152	156	162	165	169	173	176	187	192
2A_SB	7	d	93	96	102	106	109	112	115	122	125	128	131	134	140	145	150	153	157	163	166	170	174	177	188	/
2A_SB	8	a	101	105	113	117	120	123	127	133	136	139	142	145	151	154	161	164	167	172	174	178	182	186	199	204
2A_SB	8	d	103	107	115	118	122	125	129	134	137	140	143	146	152	155	162	165	168	173	175	179	183	187	200	/
2A_SB	9	a	112	115	122	126	130	133	136	141	144	147	150	153	160	164	171	175	179	185	187	191	194	197	211	216
2A_SB	9	d	114	116	123	127	132	134	137	142	145	148	151	155	162	166	173	177	180	186	189	192	195	198	212	/
2A_SB	10	a	123	125	132	137	142	145	149	155	157	160	163	166	171	174	181	185	190	196	199	203	207	210	220	225
2A_SB	10	d	124	126	134	139	144	147	150	156	158	161	164	167	172	176	183	187	191	197	200	204	208	211	221	/
2A_SB	11	a	131	133	140	144	148	150	155	162	165	169	173	176	181	184	190	193	197	202	205	209	212	215	225	232
2A_SB	11	d	132	135	141	145	149	152	157	164	167	170	174	177	182	185	191	194	198	203	206	210	213	216	227	/
2A_SB	12	a	140	142	149	154	158	161	165	172	175	179	182	185	191	194	199	202	205	210	212	215	218	221	231	238
2A_SB	12	d	141	144	151	155	159	162	166	173	177	180	183	186	192	195	200	203	206	211	213	216	219	222	233	/
2A_SB	13	a	148	150	157	162	166	168	173	180	183	187	190	193	199	202	207	210	214	220	222	226	229	233	246	252
2A_SB	13	d	149	151	159	163	167	170	174	181	184	188	191	194	200	203	208	211	215	221	224	227	230	234	247	/
2A_SB	14	a	153	156	163	168	172	174	179	185	188	192	195	198	203	207	212	215	219	225	227	231	235	239	251	257
2A_SB	14	d	154	157	165	170	173	176	180	186	189	193	196	199	205	208	213	216	220	226	229	233	236	240	252	/
2A_SB	15	a	165	167	174	178	183	185	189	195	198	202	205	208	215	220	226	231	236	243	247	251	256	260	274	281
2A_SB	15	d	166	168	175	180	184	186	190	196	199	203	206	210	217	222	228	233	238	245	249	253	258	262	276	/
2A_SB	16	a	172	174	182	187	192	195	199	205	209	214	218	223	230	233	239	244	248	255	259	263	268	273	284	291
2A_SB	16	d	173	176	184	189	194	197	201	207	211	216	220	225	231	234	241	245	250	257	261	265	270	274	285	/
3A_SB	1	a	29	35	42	46	50	55	58	62	66	71	74	76	79	82	85	88	91	95
3A_SB	1	d	30	37	44	48	52	57	60	64	68	72	75	77	80	83	86	89	93	/
3A_SB	2	a	41	47	52	55	59	63	65	69	73	78	81	83	86	89	93	97	100	103
3A_SB	2	d	42	48	53	57	60	64	67	71	75	79	82	84	87	90	94	98	101	/
3A_SB	3	a	60	65	71	75	78	82	84	86	91	96	98	101	104	108	112	116	119	122
3A_SB	3	d	61	67	73	76	80	83	85	88	93	97	99	102	105	109	113	117	120	/
3A_SB	4	a	66	71	77	81	85	89	91	94	98	102	104	106	110	114	118	122	125	128
3A_SB	4	d	67	73	78	83	87	90	93	95	99	103	105	107	111	115	120	123	126	/
3A_SB	5	a	73	78	85	90	94	98	100	102	106	110	113	115	119	122	125	129	132	135
3A_SB	5	d	74	80	87	91	95	99	101	103	107	112	114	116	120	123	127	130	133	/
3A_SB	6	a	84	88	96	100	104	107	109	112	115	119	121	124	127	130	133	136	139	143
3A_SB	6	d	85	90	97	101	105	108	110	113	116	120	122	125	128	131	134	137	140	/
3A_SB	7	a	89	94	101	105	109	113	115	118	121	125	127	130	133	136	140	144	148	152
3A_SB	7	d	90	95	102	106	111	114	116	119	122	126	128	131	134	137	141	146	149	/
3A_SB	8	a	103	108	115	119	123	128	131	133	138	143	145	148	153	157	161	164	167	170
3A_SB	8	d	104	110	117	120	125	129	132	135	140	144	146	150	154	158	162	165	168	/
3A_SB	9	a	119	125	133	136	140	144	147	150	154	158	160	163	168	171	175	178	183	186
3A_SB	9	d	120	127	134	137	142	145	148	151	155	159	162	165	169	172	176	180	184	/
3A_SB	10	a	130	136	142	145	150	154	158	161	166	171	173	176	180	183	187	190	194	198
3A_SB	10	d	131	137	143	147	152	156	160	163	168	172	174	177	181	184	188	191	195	/
3A_SB	11	a	145	150	157	161	165	168	171	173	177	181	183	185	188	191	195	198	201	206
3A_SB	11	d	146	152	159	162	166	169	172	174	178	182	184	186	189	192	196	199	203	/
3A_SB	12	a	153	157	163	166	170	173	177	180	185	191	193	195	199	203	206	209	212	215
3A_SB	12	d	154	158	164	168	171	175	179	182	187	192	194	196	200	204	207	210	213	/
3A_SB	13	a	158	162	169	174	178	182	186	190	194	198	200	202	206	210	213	216	220	224
3A_SB	13	d	159	164	171	176	180	184	188	191	195	199	201	203	207	211	214	218	222	/
3A_SB	14	a	167	173	179	183	186	189	193	196	199	203	205	207	211	215	218	222	226	230
3A_SB	14	d	168	174	180	184	187	191	194	197	200	204	206	208	212	216	220	224	228	/
3A_SB	15	a	180	185	192	197	200	204	207	209	212	215	217	219	222	226	229	233	237	240
3A_SB	15	d	181	187	194	198	201	205	208	210	213	216	218	220	223	227	230	235	238	/
3A_SB	16	a	189	194	198	202	205	209	211	215	219	223	226	229	234	239	244	248	253	257
3A_SB	16	d	190	195	199	203	206	210	213	217	221	225	228	231	236	241	246	250	255	/
3A_NB	1	a	12	15	18	21	23	26	29	33	37	41	44	49	52	55	58	61	66	70	76
3A_NB	1	d	13	16	19	22	24	27	30	34	38	42	45	50	53	56	59	62	67	71	/
3A_NB	2	a	17	21	24	27	29	33	36	40	44	47	50	55	58	61	65	68	73	77	84
3A_NB	2	d	18	22	25	28	30	34	37	41	45	48	51	56	59	62	66	69	74	78	/
3A_NB	3	a	22	26	29	32	34	38	41	45	49	52	55	60	64	67	71	74	79	84	91
3A_NB	3	d	23	27	30	33	35	39	42	46	50	53	56	61	65	68	72	75	80	85	/
3A_NB	4	a	27	31	34	37	39	43	46	50	54	57	60	64	69	72	76	79	85	91	96
3A_NB	4	d	28	32	35	38	40	44	47	51	55	58	61	66	70	73	77	81	87	92	/
3A_NB	5	a	49	53	57	59	63	67	71	76	79	82	84	88	92	96	99	103	108	112	118
3A_NB	5	d	50	54	58	61	65	69	73	77	80	83	85	89	94	97	101	105	109	114	/
3A_NB	6	a	74	77	81	83	87	91	95	100	105	109	113	118	122	126	129	132	136	142	148
3A_NB	6	d	75	78	82	85	89	93	97	102	107	111	115	119	123	127	130	133	137	143	/
3A_NB	7	a	93	96	100	103	107	111	115	120	125	130	133	138	142	145	149	151	157	162	167
3A_NB	7	d	94	98	102	105	109	113	117	122	127	132	135	139	143	146	150	152	158	163	/
3A_NB	8	a	99	102	106	108	112	116	120	125	130	135	138	143	147	150	154	156	162	167	173
3A_NB	8	d	100	104	107	110	114	118	122	127	132	137	140	144	148	151	155	157	163	168	/
3A_NB	9	a	104	108	112	115	119	123	128	133	137	142	145	150	153	157	161	163	169	174	180
3A_NB	9	d	105	110	114	117	121	125	130	135	139	144	147	151	154	158	162	164	170	175	/
3A_NB	10	a	109	113	117	120	124	128	133	138	142	147	150	156	159	163	167	170	174	179	184
3A_NB	10	d	110	115	119	122	126	130	135	140	144	149	152	157	160	164	168	171	175	180	/
3A_NB	11	a	136	140	144	147	150	155	160	165	169	173	176	182	185	189	192	194	198	202	208
3A_NB	11	d	137	142	146	149	152	157	162	167	171	175	178	183	186	190	193	195	199	203	/
3A_NB	12	a	149	152	155	157	159	164	168	173	177	181	185	191	194	199	203	206	211	217	225
3A_NB	12	d	150	153	156	158	161	166	170	175	179	183	187	192	196	201	205	208	213	219	/
3A_NB	13	a	172	175	180	182	185	189	193	198	201	205	208	214	217	220	223	225	230	235	240
3A_NB	13	d	173	177	181	184	187	190	195	199	203	207	210	215	218	221	224	226	231	236	/
3A_NB	14	a	202	206	210	213	216	219	223	228	231	236	238	243	246	249	253	255	259	265	271
3A_NB	14	d	203	207	211	214	217	220	225	229	233	237	239	244	247	251	254	256	261	266	/
3A_NB	15	a	209	213	217	221	224	228	231	235	238	242	245	250	253	256	259	262	266	271	277
3A_NB	15	d	210	214	219	222	226	229	232	236	240	243	246	251	254	257	260	263	267	273	/
3A_NB	16	a	234	238	242	245	249	253	257	260	263	268	271	276	280	283	286	290	294	301	306
3A_NB	16	d	235	240	244	247	251	255	258	261	265	270	273	277	281	284	288	291	296	302	/
