RouteID	RunID	Arrivals/Departures	TimePerStop
1A_SB	1	a	5	11	19	23	27	33	36	41	46	51	54	59	63	73	78	81
1A_SB	1	d	6	12	21	24	29	35	37	43	48	52	56	60	64	74	79	/
1A_SB	2	a	35	40	49	52	56	63	66	71	76	80	84	88	92	100	105	109
1A_SB	2	d	36	42	51	54	58	65	67	73	78	82	86	90	93	101	106	/
1A_SB	3	a	50	55	64	67	71	77	81	85	88	91	95	99	102	110	114	118
1A_SB	3	d	51	57	66	69	73	79	82	86	89	92	96	100	103	111	115	/
1A_SB	4	a	61	66	74	77	81	87	90	95	100	105	109	112	115	122	127	131
1A_SB	4	d	62	67	76	78	82	88	91	97	102	106	110	113	116	123	128	/
1A_SB	5	a	68	73	84	86	90	97	100	105	108	112	116	119	122	130	135	139
1A_SB	5	d	69	75	85	87	92	99	101	106	109	113	117	120	124	131	136	/
1A_SB	6	a	78	84	95	97	101	108	111	115	118	122	125	128	131	139	144	149
1A_SB	6	d	79	86	96	99	103	110	112	116	120	123	126	129	133	141	146	/
1A_SB	7	a	85	91	100	103	106	113	116	121	125	128	131	135	139	147	151	155
1A_SB	7	d	86	93	102	104	108	115	118	122	126	129	133	137	140	148	152	/
1A_SB	8	a	109	113	120	122	126	132	134	138	141	145	148	151	154	163	167	171
1A_SB	8	d	110	114	121	123	127	133	135	139	142	146	149	152	155	164	168	/
1A_SB	9	a	116	121	128	130	134	140	143	147	150	153	156	160	163	172	177	181
1A_SB	9	d	118	122	129	131	135	141	144	148	151	154	157	161	164	174	178	/
1A_SB	10	a	126	132	140	142	145	151	153	157	161	164	168	172	175	182	187	191
1A_SB	10	d	128	134	141	143	146	152	154	158	162	165	169	173	176	183	188	/
1A_SB	11	a	131	137	147	149	153	159	162	166	169	172	176	180	184	193	198	203
1A_SB	11	d	133	139	148	150	155	161	163	167	170	173	177	181	185	194	200	/
1A_SB	12	a	136	142	152	155	159	164	167	172	176	180	184	189	193	202	207	211
1A_SB	12	d	138	144	153	156	160	166	169	174	178	182	186	190	194	203	208	/
1A_SB	13	a	141	147	157	160	165	169	172	177	181	185	189	194	198	209	214	218
1A_SB	13	d	143	149	158	162	166	171	174	179	183	187	191	195	199	210	215	/
1A_SB	14	a	147	152	162	165	169	174	177	182	187	190	194	198	203	214	219	223
1A_SB	14	d	148	154	163	167	171	176	179	184	188	192	196	200	204	215	220	/
1A_SB	15	a	153	159	168	172	176	180	182	188	193	196	201	205	210	221	226	231
1A_SB	15	d	154	160	170	174	177	181	184	190	194	198	203	207	212	222	228	/
1A_SB	16	a	164	169	179	181	185	190	192	197	201	205	210	214	220	231	237	242
1A_SB	16	d	165	171	180	183	186	191	193	199	203	207	212	216	222	233	239	/
1A_NB	1	a	15	19	26	34	40	44	48	52	56	60	63	68	71	75	84	89
1A_NB	1	d	16	20	27	35	41	45	49	53	57	61	64	69	72	76	85	/
1A_NB	2	a	37	42	48	56	63	68	74	78	82	88	92	96	99	103	110	117
1A_NB	2	d	38	44	50	58	65	70	76	80	84	90	93	97	100	104	111	/
1A_NB	3	a	66	72	78	87	92	96	99	102	105	110	114	118	120	125	133	139
1A_NB	3	d	68	74	80	88	93	97	100	103	106	111	115	119	122	127	134	/
1A_NB	4	a	77	82	88	95	99	103	106	110	115	120	124	129	132	136	143	150
1A_NB	4	d	79	84	90	96	100	104	108	112	116	122	125	130	133	137	144	/
1A_NB	5	a	83	88	93	100	104	108	112	115	120	126	129	134	137	141	148	155
1A_NB	5	d	85	89	95	101	105	109	113	117	121	127	130	135	138	142	149	/
1A_NB	6	a	90	94	100	106	111	116	121	124	127	133	137	141	144	148	155	161
1A_NB	6	d	91	96	101	107	113	118	122	125	128	135	138	142	145	149	156	/
1A_NB	7	a	95	99	105	113	118	122	126	129	132	139	143	148	151	155	162	168
1A_NB	7	d	96	101	107	114	119	123	127	130	134	141	145	149	152	156	163	/
1A_NB	8	a	100	104	111	118	123	128	133	137	142	149	152	156	158	162	169	175
1A_NB	8	d	101	106	112	119	125	130	135	139	144	150	153	157	159	163	171	/
1A_NB	9	a	123	128	136	144	148	151	155	158	161	167	170	175	177	181	190	196
1A_NB	9	d	125	130	138	145	149	153	156	159	162	168	171	176	178	182	191	/
1A_NB	10	a	129	134	141	149	155	158	161	165	170	176	179	183	186	190	199	207
1A_NB	10	d	131	136	143	151	156	159	163	167	171	177	180	184	187	191	201	/
1A_NB	11	a	134	140	147	154	160	163	166	170	175	181	185	189	193	198	208	215
1A_NB	11	d	136	142	148	156	161	164	168	172	176	182	186	191	195	199	209	/
1A_NB	12	a	159	164	171	179	185	189	194	198	203	209	214	220	222	227	237	243
1A_NB	12	d	161	166	173	181	187	190	195	200	205	211	216	221	223	229	239	/
1A_NB	13	a	165	170	177	184	190	194	199	204	209	216	221	226	228	232	242	248
1A_NB	13	d	167	172	178	186	192	196	201	206	211	218	222	227	229	234	244	/
1A_NB	14	a	193	198	204	212	218	222	226	229	232	239	243	247	249	253	261	266
1A_NB	14	d	195	199	205	213	219	223	227	230	233	240	244	248	250	254	262	/
1A_NB	15	a	217	223	229	237	242	246	250	253	257	262	265	269	271	275	281	286
1A_NB	15	d	219	225	230	238	243	247	251	254	258	263	266	270	272	276	282	/
1A_NB	16	a	246	252	258	265	270	273	277	281	284	289	292	297	299	303	311	317
1A_NB	16	d	248	253	259	266	271	274	278	282	285	290	293	298	300	304	312	/
2A_NB	1	a	14	17	23	26	29	33	38	41	45	53	56	62	64	66	70	76	80	83	86	89	96	100
2A_NB	1	d	15	18	24	27	30	34	39	42	46	54	57	63	65	67	71	77	81	84	87	90	97	/
2A_NB	2	a	20	23	29	32	35	39	44	47	50	58	61	67	69	71	75	81	85	88	91	94	101	105
2A_NB	2	d	21	24	30	33	36	40	45	48	51	59	62	68	70	72	76	82	86	89	92	95	102	/
2A_NB	3	a	26	29	35	38	41	45	51	54	58	66	70	77	79	82	85	91	95	99	103	106	116	121
2A_NB	3	d	27	30	36	39	42	46	52	56	59	67	72	78	81	83	86	92	96	100	104	108	118	/
2A_NB	4	a	33	36	42	45	47	50	56	59	63	70	75	81	84	87	90	96	100	104	107	112	122	127
2A_NB	4	d	34	37	43	46	48	51	57	61	65	72	77	83	86	88	91	97	101	105	109	114	124	/
2A_NB	5	a	39	42	49	53	56	59	66	70	74	81	85	91	94	96	100	106	111	115	118	123	133	137
2A_NB	5	d	40	44	51	55	57	61	68	72	75	82	87	92	95	97	101	108	113	116	120	124	134	/
2A_NB	6	a	50	53	60	63	66	70	77	82	86	93	96	102	105	108	111	117	122	125	129	133	143	146
2A_NB	6	d	51	55	61	64	68	72	79	84	87	94	97	103	106	109	112	119	123	126	130	134	144	/
2A_NB	7	a	58	61	66	69	73	76	83	87	91	99	103	109	112	115	118	124	128	131	136	140	148	151
2A_NB	7	d	59	62	67	71	74	77	84	89	92	101	104	110	113	116	119	125	129	133	138	141	149	/
2A_NB	8	a	63	66	71	74	78	81	88	92	96	105	110	118	121	123	126	132	136	139	142	145	153	156
2A_NB	8	d	64	67	72	76	79	82	89	94	98	107	112	119	122	124	127	133	137	140	143	146	154	/
2A_NB	9	a	68	71	76	79	83	86	94	99	103	113	117	125	127	129	132	138	141	144	147	150	157	161
2A_NB	9	d	69	72	77	81	84	88	96	101	105	114	119	126	128	130	133	139	142	145	148	151	159	/
2A_NB	10	a	76	80	88	92	95	98	103	107	111	120	123	131	133	137	142	147	150	154	158	161	168	172
2A_NB	10	d	77	82	90	93	96	99	104	108	112	121	124	132	135	139	143	148	152	156	159	162	170	/
2A_NB	11	a	103	106	113	117	121	125	132	136	140	148	153	160	163	165	170	177	181	185	188	191	199	202
2A_NB	11	d	104	108	115	119	123	127	134	138	142	150	154	161	164	167	171	178	182	186	189	192	200	/
2A_NB	12	a	131	134	139	143	146	150	157	162	166	172	177	182	184	186	189	194	198	202	206	211	221	226
2A_NB	12	d	132	135	141	145	148	152	159	164	167	174	178	183	185	187	190	196	199	204	208	213	223	/
2A_NB	13	a	158	162	169	173	175	178	184	187	191	199	204	209	213	216	219	225	228	231	235	240	248	251
2A_NB	13	d	159	164	171	174	176	180	185	189	193	201	205	211	214	217	220	226	229	232	237	242	249	/
2A_NB	14	a	188	191	197	201	203	207	213	217	222	229	233	239	242	245	249	254	258	261	264	268	275	279
2A_NB	14	d	189	193	199	202	204	208	215	219	223	231	234	241	243	246	250	255	259	262	265	269	276	/
2A_NB	15	a	218	221	228	230	232	237	243	247	252	260	263	270	272	275	278	283	286	290	294	298	304	310
2A_NB	15	d	219	223	229	231	234	238	245	249	253	261	264	271	273	276	279	284	288	292	295	299	306	/
2A_NB	16	a	248	252	257	260	263	267	274	278	282	289	293	298	300	303	307	313	317	321	324	328	335	339
2A_NB	16	d	249	253	258	261	264	268	275	279	283	290	294	299	301	304	308	314	318	322	325	329	336	/
2A_SB	1	a	23	25	33	38	42	45	49	57	61	65	70	73	78	82	89	93	96	103	106	110	114	118	128	135
2A_SB	1	d	24	27	35	40	44	47	51	59	63	67	71	75	79	83	90	94	97	104	107	111	115	120	130	/
2A_SB	2	a	47	50	57	61	65	68	72	79	81	84	88	91	96	99	105	108	112	120	123	127	132	136	147	152
2A_SB	2	d	48	52	59	63	67	70	74	80	82	85	89	92	97	100	106	109	113	121	124	129	134	137	148	/
2A_SB	3	a	55	58	66	69	73	77	81	88	92	96	100	104	109	113	120	123	126	132	136	140	144	148	159	165
2A_SB	3	d	56	60	67	71	75	79	83	90	94	98	101	105	110	114	121	124	127	134	137	141	145	149	161	/
2A_SB	4	a	65	69	76	80	83	86	90	98	102	106	110	113	118	122	129	132	135	140	143	147	151	156	166	172
2A_SB	4	d	67	70	77	81	84	88	92	100	104	108	111	114	119	123	130	133	136	141	144	148	153	158	168	/
2A_SB	5	a	78	81	88	92	95	97	101	108	111	114	117	120	126	129	136	140	144	149	152	155	159	163	172	177
2A_SB	5	d	80	83	89	93	96	98	102	109	112	115	118	121	127	130	137	141	145	150	153	156	160	164	173	/
2A_SB	6	a	91	95	101	105	108	111	114	121	124	127	130	133	139	143	149	152	156	163	166	171	175	178	189	194
2A_SB	6	d	93	96	102	106	109	112	115	122	125	128	131	134	140	145	150	153	158	164	168	172	176	179	190	/
2A_SB	7	a	106	108	115	118	121	123	127	133	136	139	142	145	151	154	161	164	167	172	174	178	182	187	201	206
2A_SB	7	d	107	109	116	119	122	125	129	134	137	140	143	146	152	155	162	165	168	173	175	179	184	189	202	/
2A_SB	8	a	113	115	122	126	130	133	136	141	144	147	150	153	160	164	171	175	179	185	187	191	194	197	211	216
2A_SB	8	d	114	116	123	127	132	134	137	142	145	148	151	155	162	166	173	177	180	186	189	192	195	198	212	/
2A_SB	9	a	123	125	132	136	141	143	147	152	154	157	160	163	169	173	180	184	189	195	198	202	206	209	220	226
2A_SB	9	d	124	126	133	138	142	145	148	153	155	158	161	164	171	175	182	186	190	196	199	203	207	211	222	/
2A_SB	10	a	128	130	138	142	147	150	155	162	165	169	173	176	181	184	190	193	197	202	205	209	212	216	226	232
2A_SB	10	d	129	132	139	144	149	152	157	164	167	170	174	177	182	185	191	194	198	203	206	210	214	217	227	/
2A_SB	11	a	140	142	149	154	158	161	165	172	175	178	182	185	191	194	200	204	208	213	216	219	223	226	239	246
2A_SB	11	d	141	144	151	155	159	162	166	173	176	179	183	186	192	196	202	206	209	215	217	221	224	227	241	/
2A_SB	12	a	146	148	156	160	164	166	171	179	182	186	189	192	198	201	207	210	215	221	223	226	230	234	247	254
2A_SB	12	d	147	150	157	161	165	168	173	180	183	187	190	193	199	203	208	212	216	222	224	228	231	235	249	/
2A_SB	13	a	152	155	162	167	171	173	177	185	188	192	195	198	203	207	212	216	220	226	228	231	235	239	252	259
2A_SB	13	d	153	156	164	169	172	174	179	186	189	193	196	199	205	208	214	217	221	227	229	233	236	241	254	/
2A_SB	14	a	159	162	169	173	177	179	183	189	193	197	200	203	208	213	219	223	228	235	238	242	246	250	262	267
2A_SB	14	d	160	163	170	175	178	180	184	191	194	198	201	204	210	215	221	225	230	237	240	243	247	251	263	/
2A_SB	15	a	165	167	174	178	183	185	189	195	198	202	205	208	213	218	224	229	234	241	245	248	253	257	270	277
2A_SB	15	d	166	168	175	180	184	186	190	196	199	203	206	209	215	220	226	231	236	243	246	250	255	258	272	/
2A_SB	16	a	177	179	185	190	195	197	201	206	209	213	216	221	227	230	236	240	244	250	253	256	260	263	276	282
2A_SB	16	d	178	180	187	192	196	199	202	207	210	214	218	222	228	231	237	241	245	251	254	257	261	264	277	/
3A_SB	1	a	6	12	21	25	30	35	39	43	46	49	51	53	57	60	64	68	71	73
3A_SB	1	d	7	14	23	27	32	37	41	44	47	50	52	54	58	61	65	69	72	/
3A_SB	2	a	36	42	49	53	57	62	65	69	73	78	81	83	86	89	93	97	100	104
3A_SB	2	d	37	44	51	55	59	64	67	71	75	79	82	84	87	90	94	98	102	/
3A_SB	3	a	60	65	71	75	78	81	83	86	91	96	98	101	104	108	112	116	119	122
3A_SB	3	d	61	67	73	76	79	82	85	88	93	97	99	102	105	109	113	117	120	/
3A_SB	4	a	68	73	78	83	86	89	91	93	97	101	104	106	110	114	118	122	125	128
3A_SB	4	d	69	74	80	84	87	90	92	94	98	103	105	107	111	115	119	123	126	/
3A_SB	5	a	75	79	85	90	94	98	100	102	106	110	112	114	118	122	125	129	133	136
3A_SB	5	d	76	80	87	91	95	99	101	103	107	111	113	115	119	123	127	131	134	/
3A_SB	6	a	84	88	96	100	104	107	109	112	115	119	121	124	127	130	133	136	140	144
3A_SB	6	d	85	90	97	101	105	108	110	113	116	120	122	125	128	131	134	138	141	/
3A_SB	7	a	89	94	101	105	109	112	114	118	121	125	127	130	133	136	140	144	147	152
3A_SB	7	d	90	95	102	106	110	113	116	119	122	126	128	131	134	137	141	145	149	/
3A_SB	8	a	103	108	115	119	123	127	130	132	135	139	141	144	148	151	155	158	161	164
3A_SB	8	d	104	110	117	120	124	128	131	133	136	140	142	145	149	152	156	159	162	/
3A_SB	9	a	120	126	133	136	140	144	147	150	154	158	160	162	166	169	173	176	179	182
3A_SB	9	d	121	127	134	137	142	145	148	151	155	159	161	163	167	170	174	177	180	/
3A_SB	10	a	125	131	139	142	147	151	155	158	163	168	170	173	177	180	184	187	191	194
3A_SB	10	d	126	133	140	144	149	153	157	160	165	169	171	174	178	181	185	188	192	/
3A_SB	11	a	147	152	158	161	165	168	171	173	177	181	183	185	188	191	195	198	201	205
3A_SB	11	d	148	153	159	162	166	169	172	174	178	182	184	186	189	192	196	199	202	/
3A_SB	12	a	152	156	163	168	172	175	178	180	185	191	193	195	199	203	206	210	214	218
3A_SB	12	d	153	158	165	170	173	176	179	182	187	192	194	196	200	204	208	212	216	/
3A_SB	13	a	160	164	171	176	179	182	185	188	193	198	200	202	206	210	213	216	219	223
3A_SB	13	d	161	166	173	177	180	183	186	190	194	199	201	203	207	211	214	217	221	/
3A_SB	14	a	165	171	177	182	185	188	191	194	198	203	205	207	211	215	218	221	225	228
3A_SB	14	d	166	172	179	183	186	189	192	196	200	204	206	208	212	216	219	223	226	/
3A_SB	15	a	176	182	188	193	196	200	203	205	208	212	214	216	219	223	226	231	234	237
3A_SB	15	d	177	183	190	194	197	201	204	206	210	213	215	217	220	224	228	232	235	/
3A_SB	16	a	186	191	197	202	205	209	211	214	217	220	223	226	230	235	238	242	246	249
3A_SB	16	d	187	192	199	203	206	210	212	215	218	222	225	227	232	236	240	243	247	/
3A_NB	1	a	8	11	13	16	19	22	25	29	33	37	40	45	48	52	55	59	64	69	76
3A_NB	1	d	9	12	14	18	20	23	26	30	34	38	41	46	50	53	57	60	66	71	/
3A_NB	2	a	33	37	41	45	48	52	55	59	62	66	70	74	79	82	86	89	95	100	105
3A_NB	2	d	34	39	43	46	50	53	56	60	64	68	71	76	80	83	87	90	96	101	/
3A_NB	3	a	63	66	71	74	78	82	85	88	93	97	100	105	109	112	115	118	122	128	134
3A_NB	3	d	64	68	73	76	80	83	86	90	94	98	101	106	110	113	117	119	124	129	/
3A_NB	4	a	77	80	85	88	92	95	98	103	108	111	114	118	122	127	131	135	141	148	154
3A_NB	4	d	78	82	87	90	93	96	100	105	109	112	115	119	124	129	133	137	143	150	/
3A_NB	5	a	96	99	103	105	109	112	116	121	126	131	134	138	142	145	149	151	157	162	167
3A_NB	5	d	97	101	104	107	110	114	118	123	128	133	135	139	143	146	150	152	158	163	/
3A_NB	6	a	104	108	111	113	116	119	123	127	131	136	139	143	147	150	154	156	162	167	173
3A_NB	6	d	105	109	112	114	117	120	124	128	133	138	140	144	148	151	155	157	163	168	/
3A_NB	7	a	109	113	116	118	121	124	128	133	137	142	145	150	153	157	161	163	169	174	180
3A_NB	7	d	110	114	117	119	122	125	130	135	139	144	147	151	154	158	162	164	170	175	/
3A_NB	8	a	114	118	121	124	128	132	137	141	144	148	150	156	159	163	167	170	175	180	185
3A_NB	8	d	115	119	123	126	130	134	138	142	145	149	152	157	160	164	168	172	176	181	/
3A_NB	9	a	121	124	127	129	133	137	142	146	149	153	156	161	164	168	172	176	181	186	192
3A_NB	9	d	122	125	128	131	135	139	143	147	150	154	157	162	165	170	174	178	183	188	/
3A_NB	10	a	127	130	133	136	139	142	147	151	154	158	161	166	169	174	177	181	187	192	197
3A_NB	10	d	128	131	135	138	140	144	148	152	155	159	162	167	171	175	179	183	189	193	/
3A_NB	11	a	132	135	139	142	144	147	152	156	159	163	166	171	174	179	183	186	192	197	203
3A_NB	11	d	133	137	141	143	145	149	153	157	160	165	167	172	176	181	185	188	194	198	/
3A_NB	12	a	137	141	144	147	149	153	157	162	166	169	171	176	179	184	188	191	197	202	208
3A_NB	12	d	138	142	146	148	150	154	159	164	167	170	172	177	181	186	190	193	199	203	/
3A_NB	13	a	142	146	150	153	155	159	163	167	171	174	177	182	185	190	194	197	202	207	214
3A_NB	13	d	143	148	152	154	156	160	164	169	172	176	178	183	187	192	196	199	204	209	/
3A_NB	14	a	147	151	155	158	160	165	169	174	178	181	185	191	194	198	201	204	209	215	222
3A_NB	14	d	148	153	157	159	162	167	171	176	179	183	187	192	195	199	203	206	211	216	/
3A_NB	15	a	170	173	178	181	184	188	193	198	202	206	209	214	217	220	223	225	231	236	241
3A_NB	15	d	171	175	180	183	186	190	195	200	204	208	210	215	218	221	224	227	232	237	/
3A_NB	16	a	184	187	192	195	198	202	207	212	216	221	223	229	232	236	240	242	247	254	260
3A_NB	16	d	185	188	194	197	200	204	209	214	218	222	225	230	234	237	241	244	249	255	/
