RouteID	RunID	Arrivals/Departures	TimePerStop
1A_SB	1	a	12	19	27	29	32	37	39	43	46	49	52	55	58	67	72	76
1A_SB	1	d	14	20	28	30	33	38	40	44	47	50	53	56	59	68	73	/
1A_SB	2	a	27	35	43	46	50	56	59	64	68	71	75	78	82	92	96	100
1A_SB	2	d	29	36	44	47	51	57	60	65	69	72	76	79	83	93	97	/
1A_SB	3	a	44	50	58	60	64	70	72	77	80	84	87	90	93	102	106	110
1A_SB	3	d	46	51	59	61	65	71	73	78	81	85	88	91	94	103	107	/
1A_SB	4	a	59	65	75	78	81	85	88	93	97	100	104	107	111	121	126	129
1A_SB	4	d	61	66	76	79	82	86	89	94	98	101	105	108	112	122	127	/
1A_SB	5	a	75	82	90	92	95	100	102	106	109	112	116	119	123	132	137	141
1A_SB	5	d	77	83	91	93	96	101	103	107	110	113	117	120	124	133	138	/
1A_SB	6	a	89	95	102	104	107	112	115	120	124	127	131	135	139	148	153	156
1A_SB	6	d	91	96	103	105	108	113	116	121	125	128	132	136	140	149	154	/
1A_SB	7	a	106	112	121	123	126	132	134	138	142	145	149	152	155	165	170	174
1A_SB	7	d	108	113	122	124	127	133	135	139	143	146	150	153	156	166	171	/
1A_SB	8	a	124	131	141	144	147	153	155	159	163	166	170	173	177	185	190	193
1A_SB	8	d	126	132	142	145	148	154	156	160	164	167	171	174	178	186	191	/
1A_SB	9	a	141	148	156	159	162	168	171	175	178	181	184	187	190	200	206	210
1A_SB	9	d	143	149	157	160	163	169	172	176	179	182	185	188	191	201	207	/
1A_SB	10	a	154	161	169	172	175	181	183	187	190	194	198	202	206	216	221	224
1A_SB	10	d	156	162	170	173	176	182	184	188	191	195	199	203	207	217	222	/
1A_SB	11	a	172	179	185	188	191	196	198	203	206	209	212	215	218	226	232	235
1A_SB	11	d	174	180	186	189	192	197	199	204	207	210	213	216	219	227	233	/
1A_SB	12	a	185	191	197	200	203	209	211	215	218	221	224	227	230	238	244	247
1A_SB	12	d	187	192	198	201	204	210	212	216	219	222	225	228	231	239	245	/
1A_SB	13	a	203	209	219	221	224	229	231	235	238	242	246	250	254	262	268	272
1A_SB	13	d	205	210	220	222	225	230	232	236	239	243	247	251	255	263	269	/
1A_SB	14	a	217	223	233	235	238	243	245	249	253	256	260	263	266	274	280	283
1A_SB	14	d	219	224	234	236	239	244	246	250	254	257	261	264	267	275	281	/
1A_SB	15	a	235	241	249	251	254	260	262	267	271	274	278	281	285	295	300	303
1A_SB	15	d	237	242	250	252	255	261	263	268	272	275	279	282	286	296	301	/
1A_SB	16	a	248	255	263	265	269	274	277	283	287	290	294	297	300	310	316	319
1A_SB	16	d	250	256	264	266	270	275	278	284	288	291	295	298	301	311	317	/
1A_SB	17	a	262	268	276	278	281	286	288	293	296	299	302	305	309	319	324	327
1A_SB	17	d	264	269	277	279	282	287	289	294	297	300	303	306	310	320	325	/
1A_SB	18	a	273	280	290	292	295	301	303	307	311	314	318	321	324	333	338	342
1A_SB	18	d	275	281	291	293	296	302	304	308	312	315	319	322	325	334	339	/
1A_SB	19	a	291	297	305	307	310	315	317	321	324	327	331	334	337	344	350	353
1A_SB	19	d	293	298	306	308	311	316	318	322	325	328	332	335	338	345	351	/
1A_SB	20	a	305	312	320	322	326	332	334	339	343	346	349	352	356	365	370	374
1A_SB	20	d	307	313	321	323	327	333	335	340	344	347	350	353	357	366	371	/
1A_SB	21	a	321	328	336	338	341	346	348	353	357	360	363	366	369	379	385	389
1A_SB	21	d	323	329	337	339	342	347	349	354	358	361	364	367	370	380	386	/
1A_SB	22	a	339	346	356	359	362	368	371	375	379	382	385	388	391	399	405	409
1A_SB	22	d	341	347	357	360	363	369	372	376	380	383	386	389	392	400	406	/
1A_SB	23	a	354	361	369	372	375	380	383	387	391	394	398	401	405	415	421	424
1A_SB	23	d	356	362	370	373	376	381	384	388	392	395	399	402	406	416	422	/
1A_SB	24	a	367	374	383	385	388	393	396	400	404	407	410	413	416	426	431	434
1A_SB	24	d	369	375	384	386	389	394	397	401	405	408	411	414	417	427	432	/
1A_SB	25	a	384	391	400	402	406	410	413	418	422	425	429	432	436	444	449	452
1A_SB	25	d	386	392	401	403	407	411	414	419	423	426	430	433	437	445	450	/
1A_SB	26	a	398	405	413	416	420	424	427	432	436	440	444	447	450	458	463	466
1A_SB	26	d	400	406	414	417	421	425	428	433	437	441	445	448	451	459	464	/
1A_SB	27	a	415	422	429	431	434	439	442	447	451	454	458	461	464	473	479	483
1A_SB	27	d	417	423	430	432	435	440	443	448	452	455	459	462	465	474	480	/
1A_SB	28	a	431	438	445	447	451	457	460	464	467	471	475	478	482	492	496	499
1A_SB	28	d	433	439	446	448	452	458	461	465	468	472	476	479	483	493	497	/
1A_SB	29	a	447	454	461	464	468	474	476	481	485	488	491	494	497	505	510	514
1A_SB	29	d	449	455	462	465	469	475	477	482	486	489	492	495	498	506	511	/
1A_SB	30	a	464	471	480	482	485	491	494	499	503	506	510	513	517	527	532	535
1A_SB	30	d	466	472	481	483	486	492	495	500	504	507	511	514	518	528	533	/
1A_SB	31	a	478	484	492	494	498	504	506	511	515	518	522	525	528	539	544	548
1A_SB	31	d	480	485	493	495	499	505	507	512	516	519	523	526	529	540	545	/
1A_SB	32	a	494	501	509	512	516	521	523	528	531	535	539	542	546	554	559	562
1A_SB	32	d	496	502	510	513	517	522	524	529	532	536	540	543	547	555	560	/
1A_SB	33	a	508	516	527	529	533	539	541	545	548	551	555	558	561	571	576	579
1A_SB	33	d	510	517	528	530	534	540	542	546	549	552	556	559	562	572	577	/
1A_SB	34	a	528	534	543	545	548	554	556	561	565	568	572	576	580	589	595	599
1A_SB	34	d	530	535	544	546	549	555	557	562	566	569	573	577	581	590	596	/
1A_SB	35	a	544	551	558	560	564	570	572	576	580	584	588	592	595	603	608	612
1A_SB	35	d	546	552	559	561	565	571	573	577	581	585	589	593	596	604	609	/
1A_SB	36	a	560	567	576	579	583	589	591	596	600	603	607	611	614	623	628	632
1A_SB	36	d	562	568	577	580	584	590	592	597	601	604	608	612	615	624	629	/
1A_SB	37	a	574	581	588	591	595	600	602	606	610	613	617	620	623	632	638	641
1A_SB	37	d	576	582	589	592	596	601	603	607	611	614	618	621	624	633	639	/
1A_SB	38	a	591	599	608	611	614	619	621	625	628	631	635	638	642	651	657	661
1A_SB	38	d	593	600	609	612	615	620	622	626	629	632	636	639	643	652	658	/
1A_SB	39	a	604	611	620	622	625	630	633	638	641	644	648	652	655	664	670	673
1A_SB	39	d	606	612	621	623	626	631	634	639	642	645	649	653	656	665	671	/
1A_SB	40	a	619	625	634	636	640	646	648	652	656	660	664	667	671	679	684	687
1A_SB	40	d	621	626	635	637	641	647	649	653	657	661	665	668	672	680	685	/
1A_SB	41	a	636	643	651	654	657	663	666	671	675	678	682	686	689	697	702	706
1A_SB	41	d	638	644	652	655	658	664	667	672	676	679	683	687	690	698	703	/
1A_SB	42	a	649	656	664	666	669	674	677	681	684	687	691	694	698	706	712	716
1A_SB	42	d	651	657	665	667	670	675	678	682	685	688	692	695	699	707	713	/
1A_SB	43	a	662	669	679	681	685	690	693	697	701	704	708	711	715	724	729	733
1A_SB	43	d	664	670	680	682	686	691	694	698	702	705	709	712	716	725	730	/
1A_SB	44	a	677	683	692	694	698	704	706	710	713	716	720	723	727	736	741	744
1A_SB	44	d	679	684	693	695	699	705	707	711	714	717	721	724	728	737	742	/
1A_SB	45	a	696	703	710	712	715	722	724	728	731	734	737	740	743	751	757	760
1A_SB	45	d	698	704	711	713	716	723	725	729	732	735	738	741	744	752	758	/
1A_SB	46	a	709	716	724	726	729	735	737	742	746	749	753	757	761	770	776	780
1A_SB	46	d	711	717	725	727	730	736	738	743	747	750	754	758	762	771	777	/
1A_SB	47	a	725	731	740	742	746	752	754	758	761	764	768	771	774	782	788	792
1A_SB	47	d	727	732	741	743	747	753	755	759	762	765	769	772	775	783	789	/
1A_SB	48	a	740	747	756	759	763	769	772	777	781	784	787	791	794	802	807	810
1A_SB	48	d	742	748	757	760	764	770	773	778	782	785	788	792	795	803	808	/
1A_SB	49	a	756	762	773	775	778	783	785	790	794	797	801	804	807	815	821	825
1A_SB	49	d	758	763	774	776	779	784	786	791	795	798	802	805	808	816	822	/
1A_SB	50	a	774	781	789	791	794	800	803	807	811	815	819	822	825	835	840	843
1A_SB	50	d	776	782	790	792	795	801	804	808	812	816	820	823	826	836	841	/
1A_SB	51	a	787	794	802	804	807	813	816	821	825	829	833	837	840	849	854	857
1A_SB	51	d	789	795	803	805	808	814	817	822	826	830	834	838	841	850	855	/
1A_SB	52	a	802	808	816	818	821	827	830	835	839	843	846	849	852	861	866	869
1A_SB	52	d	804	809	817	819	822	828	831	836	840	844	847	850	853	862	867	/
1A_SB	53	a	818	825	832	834	837	843	845	850	854	857	860	863	866	874	879	883
1A_SB	53	d	820	826	833	835	838	844	846	851	855	858	861	864	867	875	880	/
1A_SB	54	a	835	842	850	853	856	861	864	869	873	877	881	884	888	896	901	904
1A_SB	54	d	837	843	851	854	857	862	865	870	874	878	882	885	889	897	902	/
1A_SB	55	a	849	856	866	869	873	878	880	884	888	892	896	899	903	912	917	921
1A_SB	55	d	851	857	867	870	874	879	881	885	889	893	897	900	904	913	918	/
1A_SB	56	a	867	874	881	883	887	893	896	900	904	907	910	914	918	928	933	936
1A_SB	56	d	869	875	882	884	888	894	897	901	905	908	911	915	919	929	934	/
1A_SB	57	a	881	887	896	899	902	908	911	916	920	924	927	931	934	944	949	952
1A_SB	57	d	883	888	897	900	903	909	912	917	921	925	928	932	935	945	950	/
1A_SB	58	a	899	905	914	916	919	924	927	931	935	938	941	945	948	958	963	967
1A_SB	58	d	901	906	915	917	920	925	928	932	936	939	942	946	949	959	964	/
1A_SB	59	a	911	917	925	927	930	936	938	942	946	949	953	956	959	967	971	975
1A_SB	59	d	913	918	926	928	931	937	939	943	947	950	954	957	960	968	972	/
1A_SB	60	a	925	931	939	941	945	951	953	957	960	963	967	971	974	983	988	991
1A_SB	60	d	927	932	940	942	946	952	954	958	961	964	968	972	975	984	989	/
1A_SB	61	a	941	947	954	956	959	965	967	971	975	978	982	985	988	997	1001	1004
1A_SB	61	d	943	948	955	957	960	966	968	972	976	979	983	986	989	998	1002	/
1A_SB	62	a	954	961	969	971	974	980	983	987	990	993	997	1000	1004	1014	1019	1022
1A_SB	62	d	956	962	970	972	975	981	984	988	991	994	998	1001	1005	1015	1020	/
1A_SB	63	a	973	979	989	992	996	1001	1004	1009	1013	1016	1019	1022	1025	1035	1040	1044
1A_SB	63	d	975	980	990	993	997	1002	1005	1010	1014	1017	1020	1023	1026	1036	1041	/
1A_SB	64	a	989	995	1002	1005	1008	1013	1015	1020	1024	1028	1031	1034	1038	1047	1052	1056
1A_SB	64	d	991	996	1003	1006	1009	1014	1016	1021	1025	1029	1032	1035	1039	1048	1053	/
1A_NB	1	a	15	21	26	33	38	42	46	49	52	57	60	64	67	71	79	84
1A_NB	1	d	17	22	27	34	39	43	47	50	53	58	61	65	68	72	80	/
1A_NB	2	a	33	38	44	51	56	60	64	67	71	76	80	85	87	91	98	104
1A_NB	2	d	35	39	45	52	57	61	65	68	72	77	81	86	88	92	99	/
1A_NB	3	a	48	54	60	66	71	74	78	81	85	90	93	98	100	104	111	117
1A_NB	3	d	50	55	61	67	72	75	79	82	86	91	94	99	101	105	112	/
1A_NB	4	a	63	69	74	80	86	90	94	97	101	106	109	114	117	121	129	134
1A_NB	4	d	65	70	75	81	87	91	95	98	102	107	110	115	118	122	130	/
1A_NB	5	a	79	84	89	97	102	105	108	111	115	122	126	131	134	138	147	153
1A_NB	5	d	81	85	90	98	103	106	109	112	116	123	127	132	135	139	148	/
1A_NB	6	a	97	102	107	114	120	123	127	131	135	141	145	149	152	155	163	169
1A_NB	6	d	99	103	108	115	121	124	128	132	136	142	146	150	153	156	164	/
1A_NB	7	a	111	116	121	128	134	137	141	145	149	153	156	161	164	168	176	181
1A_NB	7	d	113	117	122	129	135	138	142	146	150	154	157	162	165	169	177	/
1A_NB	8	a	124	129	134	142	147	150	154	157	160	164	167	172	175	179	186	192
1A_NB	8	d	126	130	135	143	148	151	155	158	161	165	168	173	176	180	187	/
1A_NB	9	a	142	147	153	162	166	170	174	177	181	187	191	195	198	201	207	213
1A_NB	9	d	144	148	154	163	167	171	175	178	182	188	192	196	199	202	208	/
1A_NB	10	a	155	160	165	172	177	181	185	188	192	198	201	206	209	212	218	223
1A_NB	10	d	157	161	166	173	178	182	186	189	193	199	202	207	210	213	219	/
1A_NB	11	a	169	174	180	187	193	197	201	205	208	213	216	221	224	228	236	241
1A_NB	11	d	171	175	181	188	194	198	202	206	209	214	217	222	225	229	237	/
1A_NB	12	a	183	188	193	200	205	209	214	218	222	226	229	233	235	239	246	252
1A_NB	12	d	185	189	194	201	206	210	215	219	223	227	230	234	236	240	247	/
1A_NB	13	a	196	201	207	213	219	223	228	231	235	240	244	249	251	255	264	269
1A_NB	13	d	198	202	208	214	220	224	229	232	236	241	245	250	252	256	265	/
1A_NB	14	a	208	213	218	224	229	233	237	240	244	248	252	257	260	264	273	279
1A_NB	14	d	210	214	219	225	230	234	238	241	245	249	253	258	261	265	274	/
1A_NB	15	a	225	230	236	244	249	253	257	260	264	269	273	278	281	285	293	299
1A_NB	15	d	227	231	237	245	250	254	258	261	265	270	274	279	282	286	294	/
1A_NB	16	a	239	244	249	257	262	265	269	272	275	280	284	289	292	296	304	309
1A_NB	16	d	241	245	250	258	263	266	270	273	276	281	285	290	293	297	305	/
1A_NB	17	a	254	259	264	272	278	281	285	289	292	297	300	305	307	311	317	323
1A_NB	17	d	256	260	265	273	279	282	286	290	293	298	301	306	308	312	318	/
1A_NB	18	a	272	278	283	291	297	301	305	308	312	318	321	325	327	331	338	344
1A_NB	18	d	274	279	284	292	298	302	306	309	313	319	322	326	328	332	339	/
1A_NB	19	a	286	292	297	303	309	313	317	321	325	330	333	338	340	344	352	357
1A_NB	19	d	288	293	298	304	310	314	318	322	326	331	334	339	341	345	353	/
1A_NB	20	a	299	304	309	316	322	325	329	333	337	342	345	349	351	355	363	368
1A_NB	20	d	301	305	310	317	323	326	330	334	338	343	346	350	352	356	364	/
1A_NB	21	a	316	322	329	336	341	344	347	351	355	361	364	369	371	375	383	388
1A_NB	21	d	318	323	330	337	342	345	348	352	356	362	365	370	372	376	384	/
1A_NB	22	a	334	339	344	350	355	359	363	366	370	376	379	384	386	390	397	402
1A_NB	22	d	336	340	345	351	356	360	364	367	371	377	380	385	387	391	398	/
1A_NB	23	a	351	356	362	369	375	378	383	386	390	396	399	404	407	411	420	426
1A_NB	23	d	353	357	363	370	376	379	384	387	391	397	400	405	408	412	421	/
1A_NB	24	a	369	374	379	386	392	396	399	403	407	413	417	422	424	428	437	443
1A_NB	24	d	371	375	380	387	393	397	400	404	408	414	418	423	425	429	438	/
1A_NB	25	a	384	389	394	402	407	411	415	419	423	428	431	435	437	441	450	456
1A_NB	25	d	386	390	395	403	408	412	416	420	424	429	432	436	438	442	451	/
1A_NB	26	a	402	407	412	418	424	428	432	435	438	443	447	451	453	457	464	469
1A_NB	26	d	404	408	413	419	425	429	433	436	439	444	448	452	454	458	465	/
1A_NB	27	a	417	423	429	435	441	445	449	453	456	462	466	471	473	477	485	491
1A_NB	27	d	419	424	430	436	442	446	450	454	457	463	467	472	474	478	486	/
1A_NB	28	a	433	438	444	452	458	462	466	469	472	478	481	486	489	493	501	506
1A_NB	28	d	435	439	445	453	459	463	467	470	473	479	482	487	490	494	502	/
1A_NB	29	a	447	452	458	466	472	476	479	482	486	492	495	499	502	506	514	520
1A_NB	29	d	449	453	459	467	473	477	480	483	487	493	496	500	503	507	515	/
1A_NB	30	a	464	469	475	483	487	491	494	498	502	507	510	514	516	520	527	532
1A_NB	30	d	466	470	476	484	488	492	495	499	503	508	511	515	517	521	528	/
1A_NB	31	a	481	486	491	499	504	507	511	514	518	524	527	531	534	537	544	550
1A_NB	31	d	483	487	492	500	505	508	512	515	519	525	528	532	535	538	545	/
1A_NB	32	a	499	504	509	516	522	526	530	533	537	542	545	550	553	557	565	571
1A_NB	32	d	501	505	510	517	523	527	531	534	538	543	546	551	554	558	566	/
1A_NB	33	a	514	520	526	535	541	545	549	553	557	562	565	570	572	576	584	589
1A_NB	33	d	516	521	527	536	542	546	550	554	558	563	566	571	573	577	585	/
1A_NB	34	a	532	538	544	551	557	560	564	567	571	576	580	585	587	591	600	605
1A_NB	34	d	534	539	545	552	558	561	565	568	572	577	581	586	588	592	601	/
1A_NB	35	a	548	553	559	566	572	576	579	583	586	590	593	597	599	603	611	616
1A_NB	35	d	550	554	560	567	573	577	580	584	587	591	594	598	600	604	612	/
1A_NB	36	a	562	567	574	582	587	591	595	598	601	606	610	614	616	620	627	632
1A_NB	36	d	564	568	575	583	588	592	596	599	602	607	611	615	617	621	628	/
1A_NB	37	a	576	581	586	594	600	604	608	612	616	621	624	629	631	635	642	647
1A_NB	37	d	578	582	587	595	601	605	609	613	617	622	625	630	632	636	643	/
1A_NB	38	a	595	600	606	614	620	624	628	631	634	639	642	646	648	652	659	664
1A_NB	38	d	597	601	607	615	621	625	629	632	635	640	643	647	649	653	660	/
1A_NB	39	a	608	613	619	628	634	638	642	645	648	653	657	662	664	668	675	680
1A_NB	39	d	610	614	620	629	635	639	643	646	649	654	658	663	665	669	676	/
1A_NB	40	a	626	631	637	644	650	654	657	660	663	668	671	676	678	681	689	695
1A_NB	40	d	628	632	638	645	651	655	658	661	664	669	672	677	679	682	690	/
1A_NB	41	a	641	646	652	658	664	668	672	676	680	685	688	693	696	700	707	713
1A_NB	41	d	643	647	653	659	665	669	673	677	681	686	689	694	697	701	708	/
1A_NB	42	a	653	659	665	672	676	680	684	687	691	696	700	704	706	710	718	724
1A_NB	42	d	655	660	666	673	677	681	685	688	692	697	701	705	707	711	719	/
1A_NB	43	a	667	673	679	685	690	694	697	700	703	708	711	715	717	721	729	736
1A_NB	43	d	669	674	680	686	691	695	698	701	704	709	712	716	718	722	730	/
1A_NB	44	a	683	689	694	700	705	709	713	716	720	725	728	733	736	740	750	755
1A_NB	44	d	685	690	695	701	706	710	714	717	721	726	729	734	737	741	751	/
1A_NB	45	a	698	704	710	718	724	727	730	734	738	743	747	751	753	758	766	772
1A_NB	45	d	700	705	711	719	725	728	731	735	739	744	748	752	754	759	767	/
1A_NB	46	a	716	721	727	734	740	743	747	751	754	760	763	768	771	775	784	790
1A_NB	46	d	718	722	728	735	741	744	748	752	755	761	764	769	772	776	785	/
1A_NB	47	a	729	734	740	748	754	758	762	766	769	774	778	782	785	789	797	803
1A_NB	47	d	731	735	741	749	755	759	763	767	770	775	779	783	786	790	798	/
1A_NB	48	a	743	749	756	764	769	773	777	780	784	789	793	797	800	803	810	816
1A_NB	48	d	745	750	757	765	770	774	778	781	785	790	794	798	801	804	811	/
1A_NB	49	a	760	766	771	779	784	788	792	795	798	804	808	812	814	818	826	831
1A_NB	49	d	762	767	772	780	785	789	793	796	799	805	809	813	815	819	827	/
1A_NB	50	a	775	780	785	793	798	801	805	809	812	816	820	825	827	831	839	845
1A_NB	50	d	777	781	786	794	799	802	806	810	813	817	821	826	828	832	840	/
1A_NB	51	a	788	794	799	806	812	816	820	823	826	831	834	838	840	844	852	858
1A_NB	51	d	790	795	800	807	813	817	821	824	827	832	835	839	841	845	853	/
1A_NB	52	a	805	810	815	823	828	832	835	839	842	847	851	855	857	861	870	876
1A_NB	52	d	807	811	816	824	829	833	836	840	843	848	852	856	858	862	871	/
1A_NB	53	a	821	826	832	839	844	848	851	854	858	864	867	871	873	877	884	889
1A_NB	53	d	823	827	833	840	845	849	852	855	859	865	868	872	874	878	885	/
1A_NB	54	a	838	843	850	858	863	867	870	873	876	881	885	890	893	897	904	909
1A_NB	54	d	840	844	851	859	864	868	871	874	877	882	886	891	894	898	905	/
1A_NB	55	a	855	860	865	874	879	882	886	890	894	899	902	907	910	913	920	925
1A_NB	55	d	857	861	866	875	880	883	887	891	895	900	903	908	911	914	921	/
1A_NB	56	a	868	873	879	886	892	896	900	903	907	912	915	919	921	925	932	937
1A_NB	56	d	870	874	880	887	893	897	901	904	908	913	916	920	922	926	933	/
1A_NB	57	a	884	890	896	903	909	913	916	920	923	929	932	937	939	943	951	956
1A_NB	57	d	886	891	897	904	910	914	917	921	924	930	933	938	940	944	952	/
1A_NB	58	a	896	902	908	915	920	924	927	931	935	941	944	948	951	955	963	969
1A_NB	58	d	898	903	909	916	921	925	928	932	936	942	945	949	952	956	964	/
1A_NB	59	a	913	919	924	931	937	941	944	947	951	957	961	966	968	972	979	985
1A_NB	59	d	915	920	925	932	938	942	945	948	952	958	962	967	969	973	980	/
1A_NB	60	a	925	931	937	945	950	953	957	960	964	969	972	977	980	983	989	994
1A_NB	60	d	927	932	938	946	951	954	958	961	965	970	973	978	981	984	990	/
1A_NB	61	a	941	946	951	957	962	966	970	974	978	983	987	991	993	996	1003	1008
1A_NB	61	d	943	947	952	958	963	967	971	975	979	984	988	992	994	997	1004	/
1A_NB	62	a	956	961	966	973	978	982	986	989	993	998	1001	1006	1008	1012	1019	1024
1A_NB	62	d	958	962	967	974	979	983	987	990	994	999	1002	1007	1009	1013	1020	/
1A_NB	63	a	973	978	985	992	998	1001	1005	1009	1013	1018	1022	1026	1028	1032	1039	1044
1A_NB	63	d	975	979	986	993	999	1002	1006	1010	1014	1019	1023	1027	1029	1033	1040	/
1A_NB	64	a	990	995	1001	1008	1014	1018	1022	1026	1030	1035	1038	1042	1044	1049	1056	1061
1A_NB	64	d	992	996	1002	1009	1015	1019	1023	1027	1031	1036	1039	1043	1045	1050	1057	/
2A_NB	1	a	16	20	25	27	30	33	38	41	45	53	56	62	65	67	71	76	80	84	88	91	98	101
2A_NB	1	d	17	21	26	28	31	34	39	42	46	54	57	63	66	68	72	77	81	85	89	92	99	/
2A_NB	2	a	30	33	38	41	44	48	54	57	60	68	72	79	81	83	87	93	96	99	102	105	112	116
2A_NB	2	d	31	34	39	42	45	49	55	58	61	69	73	80	82	84	88	94	97	100	103	106	113	/
2A_NB	3	a	46	50	56	59	62	65	72	76	80	87	91	97	99	101	105	111	115	118	121	124	132	135
2A_NB	3	d	47	51	57	60	63	66	73	77	81	88	92	98	100	102	106	112	116	119	122	125	133	/
2A_NB	4	a	63	66	72	74	77	80	87	91	94	101	105	111	113	115	119	124	128	132	135	139	146	150
2A_NB	4	d	64	67	73	75	78	81	88	92	95	102	106	112	114	116	120	125	129	133	136	140	147	/
2A_NB	5	a	79	83	88	91	93	96	102	106	109	117	120	126	129	131	135	140	143	147	150	154	162	166
2A_NB	5	d	80	84	89	92	94	97	103	107	110	118	121	127	130	132	136	141	144	148	151	155	163	/
2A_NB	6	a	92	95	101	104	106	109	114	118	121	127	130	136	138	140	143	148	151	155	158	162	170	174
2A_NB	6	d	93	96	102	105	107	110	115	119	122	128	131	137	139	141	144	149	152	156	159	163	171	/
2A_NB	7	a	110	113	119	122	125	129	135	139	142	150	153	158	161	163	166	172	176	179	183	186	194	197
2A_NB	7	d	111	114	120	123	126	130	136	140	143	151	154	159	162	164	167	173	177	180	184	187	195	/
2A_NB	8	a	127	130	135	138	141	144	151	155	158	166	170	176	178	180	183	188	191	194	198	201	208	211
2A_NB	8	d	128	131	136	139	142	145	152	156	159	167	171	177	179	181	184	189	192	195	199	202	209	/
2A_NB	9	a	140	143	149	152	155	159	165	168	171	177	181	187	190	192	195	201	205	209	213	216	222	225
2A_NB	9	d	141	144	150	153	156	160	166	169	172	178	182	188	191	193	196	202	206	210	214	217	223	/
2A_NB	10	a	158	162	167	169	172	175	182	186	189	196	199	206	209	211	215	221	225	228	231	234	241	244
2A_NB	10	d	159	163	168	170	173	176	183	187	190	197	200	207	210	212	216	222	226	229	232	235	242	/
2A_NB	11	a	174	177	182	185	188	191	198	202	206	213	217	224	226	228	232	239	243	247	250	254	261	265
2A_NB	11	d	175	178	183	186	189	192	199	203	207	214	218	225	227	229	233	240	244	248	251	255	262	/
2A_NB	12	a	186	189	194	196	198	201	207	211	215	222	226	233	235	237	241	247	251	255	258	262	269	272
2A_NB	12	d	187	190	195	197	199	202	208	212	216	223	227	234	236	238	242	248	252	256	259	263	270	/
2A_NB	13	a	203	207	212	215	217	220	226	229	232	239	242	248	251	254	258	264	267	270	274	278	287	291
2A_NB	13	d	204	208	213	216	218	221	227	230	233	240	243	249	252	255	259	265	268	271	275	279	288	/
2A_NB	14	a	220	224	230	232	234	237	243	247	250	258	261	267	270	272	276	283	287	290	293	297	303	306
2A_NB	14	d	221	225	231	233	235	238	244	248	251	259	262	268	271	273	277	284	288	291	294	298	304	/
2A_NB	15	a	232	236	242	245	248	251	257	260	263	270	273	280	282	284	287	293	297	300	304	308	315	319
2A_NB	15	d	233	237	243	246	249	252	258	261	264	271	274	281	283	285	288	294	298	301	305	309	316	/
2A_NB	16	a	246	250	255	257	260	263	269	273	276	282	285	291	294	296	299	304	308	312	316	319	327	331
2A_NB	16	d	247	251	256	258	261	264	270	274	277	283	286	292	295	297	300	305	309	313	317	320	328	/
2A_NB	17	a	263	266	272	275	278	281	288	292	295	303	307	314	316	318	321	327	331	335	339	342	350	354
2A_NB	17	d	264	267	273	276	279	282	289	293	296	304	308	315	317	319	322	328	332	336	340	343	351	/
2A_NB	18	a	281	284	290	293	295	298	304	308	312	320	323	328	330	333	337	342	346	350	354	358	365	368
2A_NB	18	d	282	285	291	294	296	299	305	309	313	321	324	329	331	334	338	343	347	351	355	359	366	/
2A_NB	19	a	297	300	305	307	310	313	320	324	328	334	337	343	346	348	352	357	360	363	366	369	376	380
2A_NB	19	d	298	301	306	308	311	314	321	325	329	335	338	344	347	349	353	358	361	364	367	370	377	/
2A_NB	20	a	311	314	320	323	325	328	334	337	341	348	351	357	360	362	366	372	376	379	382	385	392	395
2A_NB	20	d	312	315	321	324	326	329	335	338	342	349	352	358	361	363	367	373	377	380	383	386	393	/
2A_NB	21	a	324	328	334	337	339	342	347	351	354	362	366	371	373	375	378	382	386	389	393	396	402	405
2A_NB	21	d	325	329	335	338	340	343	348	352	355	363	367	372	374	376	379	383	387	390	394	397	403	/
2A_NB	22	a	342	345	351	354	357	360	366	370	374	380	383	389	392	395	399	404	408	411	414	417	425	428
2A_NB	22	d	343	346	352	355	358	361	367	371	375	381	384	390	393	396	400	405	409	412	415	418	426	/
2A_NB	23	a	359	362	367	370	373	377	384	387	390	397	401	406	408	410	414	420	424	427	431	435	443	447
2A_NB	23	d	360	363	368	371	374	378	385	388	391	398	402	407	409	411	415	421	425	428	432	436	444	/
2A_NB	24	a	371	374	379	381	384	387	394	398	401	408	411	417	419	422	425	430	434	438	442	445	453	457
2A_NB	24	d	372	375	380	382	385	388	395	399	402	409	412	418	420	423	426	431	435	439	443	446	454	/
2A_NB	25	a	385	388	393	396	399	403	409	412	416	423	426	432	435	437	441	446	450	453	456	459	466	469
2A_NB	25	d	386	389	394	397	400	404	410	413	417	424	427	433	436	438	442	447	451	454	457	460	467	/
2A_NB	26	a	400	404	410	412	414	417	423	426	429	436	440	447	449	451	455	460	464	467	471	474	482	485
2A_NB	26	d	401	405	411	413	415	418	424	427	430	437	441	448	450	452	456	461	465	468	472	475	483	/
2A_NB	27	a	416	420	426	429	431	435	442	446	450	458	461	467	469	471	475	481	484	487	490	493	500	503
2A_NB	27	d	417	421	427	430	432	436	443	447	451	459	462	468	470	472	476	482	485	488	491	494	501	/
2A_NB	28	a	434	438	444	446	448	451	457	460	464	473	477	483	485	487	491	498	502	505	508	512	520	523
2A_NB	28	d	435	439	445	447	449	452	458	461	465	474	478	484	486	488	492	499	503	506	509	513	521	/
2A_NB	29	a	448	452	458	461	463	466	472	475	479	487	491	496	499	501	504	510	513	517	520	523	531	535
2A_NB	29	d	449	453	459	462	464	467	473	476	480	488	492	497	500	502	505	511	514	518	521	524	532	/
2A_NB	30	a	463	466	471	474	476	479	486	490	493	501	505	510	512	515	518	524	528	531	534	537	544	548
2A_NB	30	d	464	467	472	475	477	480	487	491	494	502	506	511	513	516	519	525	529	532	535	538	545	/
2A_NB	31	a	477	480	486	489	492	496	503	507	510	519	523	528	530	532	536	541	544	547	550	554	562	565
2A_NB	31	d	478	481	487	490	493	497	504	508	511	520	524	529	531	533	537	542	545	548	551	555	563	/
2A_NB	32	a	491	494	499	501	504	507	514	518	521	530	533	539	541	543	546	552	555	558	562	566	574	577
2A_NB	32	d	492	495	500	502	505	508	515	519	522	531	534	540	542	544	547	553	556	559	563	567	575	/
2A_NB	33	a	508	512	518	521	524	528	533	536	540	548	551	557	560	562	565	572	576	579	582	585	594	598
2A_NB	33	d	509	513	519	522	525	529	534	537	541	549	552	558	561	563	566	573	577	580	583	586	595	/
2A_NB	34	a	524	527	532	534	537	541	547	550	554	560	563	569	572	574	578	583	587	591	595	599	606	610
2A_NB	34	d	525	528	533	535	538	542	548	551	555	561	564	570	573	575	579	584	588	592	596	600	607	/
2A_NB	35	a	538	541	546	549	551	554	560	563	567	573	576	582	585	587	591	597	601	604	607	610	617	621
2A_NB	35	d	539	542	547	550	552	555	561	564	568	574	577	583	586	588	592	598	602	605	608	611	618	/
2A_NB	36	a	551	554	559	562	565	568	574	577	581	588	591	597	600	603	607	613	617	621	624	627	634	637
2A_NB	36	d	552	555	560	563	566	569	575	578	582	589	592	598	601	604	608	614	618	622	625	628	635	/
2A_NB	37	a	565	568	573	576	579	582	588	591	594	603	606	611	614	616	620	626	630	634	638	641	648	652
2A_NB	37	d	566	569	574	577	580	583	589	592	595	604	607	612	615	617	621	627	631	635	639	642	649	/
2A_NB	38	a	580	584	589	592	595	598	605	609	612	620	623	629	632	634	637	643	646	650	653	657	665	669
2A_NB	38	d	581	585	590	593	596	599	606	610	613	621	624	630	633	635	638	644	647	651	654	658	666	/
2A_NB	39	a	594	597	602	605	607	611	617	621	625	632	635	641	644	646	649	655	659	662	666	669	676	679
2A_NB	39	d	595	598	603	606	608	612	618	622	626	633	636	642	645	647	650	656	660	663	667	670	677	/
2A_NB	40	a	610	614	619	622	625	629	635	639	642	650	654	660	662	665	669	675	678	681	685	689	696	699
2A_NB	40	d	611	615	620	623	626	630	636	640	643	651	655	661	663	666	670	676	679	682	686	690	697	/
2A_NB	41	a	627	630	635	638	640	644	650	654	658	666	670	676	678	680	684	691	694	697	700	703	710	713
2A_NB	41	d	628	631	636	639	641	645	651	655	659	667	671	677	679	681	685	692	695	698	701	704	711	/
2A_NB	42	a	644	647	651	654	656	660	666	670	673	680	684	690	692	695	699	705	709	712	715	719	726	730
2A_NB	42	d	645	648	652	655	657	661	667	671	674	681	685	691	693	696	700	706	710	713	716	720	727	/
2A_NB	43	a	661	664	669	671	674	678	683	686	689	696	699	705	707	710	714	720	724	728	731	735	743	747
2A_NB	43	d	662	665	670	672	675	679	684	687	690	697	700	706	708	711	715	721	725	729	732	736	744	/
2A_NB	44	a	675	678	683	685	687	691	697	701	705	711	714	719	721	724	728	735	739	742	746	749	756	760
2A_NB	44	d	676	679	684	686	688	692	698	702	706	712	715	720	722	725	729	736	740	743	747	750	757	/
2A_NB	45	a	692	696	701	704	707	711	717	721	724	731	734	740	743	746	751	757	761	765	769	773	781	785
2A_NB	45	d	693	697	702	705	708	712	718	722	725	732	735	741	744	747	752	758	762	766	770	774	782	/
2A_NB	46	a	708	711	717	719	722	725	731	735	739	746	749	756	759	761	764	771	775	779	782	785	791	795
2A_NB	46	d	709	712	718	720	723	726	732	736	740	747	750	757	760	762	765	772	776	780	783	786	792	/
2A_NB	47	a	726	729	735	738	740	744	750	753	757	764	768	774	776	778	781	789	793	797	801	804	811	815
2A_NB	47	d	727	730	736	739	741	745	751	754	758	765	769	775	777	779	782	790	794	798	802	805	812	/
2A_NB	48	a	740	743	749	752	755	759	766	769	772	779	782	788	791	793	797	803	807	811	814	818	826	830
2A_NB	48	d	741	744	750	753	756	760	767	770	773	780	783	789	792	794	798	804	808	812	815	819	827	/
2A_NB	49	a	755	758	763	766	769	773	780	783	787	794	797	804	806	808	812	818	822	826	830	833	840	844
2A_NB	49	d	756	759	764	767	770	774	781	784	788	795	798	805	807	809	813	819	823	827	831	834	841	/
2A_NB	50	a	769	772	777	780	783	786	792	795	799	806	809	815	818	820	824	829	833	837	841	844	852	856
2A_NB	50	d	770	773	778	781	784	787	793	796	800	807	810	816	819	821	825	830	834	838	842	845	853	/
2A_NB	51	a	783	786	792	795	798	801	807	811	815	822	825	833	835	837	840	847	851	854	858	862	870	873
2A_NB	51	d	784	787	793	796	799	802	808	812	816	823	826	834	836	838	841	848	852	855	859	863	871	/
2A_NB	52	a	799	802	808	811	814	817	823	827	830	839	843	850	853	855	859	865	869	873	876	879	887	890
2A_NB	52	d	800	803	809	812	815	818	824	828	831	840	844	851	854	856	860	866	870	874	877	880	888	/
2A_NB	53	a	812	815	821	824	826	830	835	839	842	850	854	860	863	866	870	876	879	883	886	889	896	899
2A_NB	53	d	813	816	822	825	827	831	836	840	843	851	855	861	864	867	871	877	880	884	887	890	897	/
2A_NB	54	a	826	829	835	838	840	843	849	853	856	865	868	874	877	879	882	888	892	896	900	904	912	915
2A_NB	54	d	827	830	836	839	841	844	850	854	857	866	869	875	878	880	883	889	893	897	901	905	913	/
2A_NB	55	a	842	846	852	855	857	861	867	870	873	880	884	889	892	895	899	905	909	912	915	919	926	930
2A_NB	55	d	843	847	853	856	858	862	868	871	874	881	885	890	893	896	900	906	910	913	916	920	927	/
2A_NB	56	a	860	864	870	873	875	878	884	887	890	898	901	907	910	912	915	921	924	927	930	933	941	945
2A_NB	56	d	861	865	871	874	876	879	885	888	891	899	902	908	911	913	916	922	925	928	931	934	942	/
2A_NB	57	a	875	878	884	887	889	892	898	901	905	912	915	921	923	926	930	936	940	943	946	949	957	961
2A_NB	57	d	876	879	885	888	890	893	899	902	906	913	916	922	924	927	931	937	941	944	947	950	958	/
2A_NB	58	a	890	893	899	901	903	906	912	915	919	928	931	936	939	941	945	950	954	958	962	966	972	976
2A_NB	58	d	891	894	900	902	904	907	913	916	920	929	932	937	940	942	946	951	955	959	963	967	973	/
2A_NB	59	a	905	908	914	917	920	924	930	933	936	942	945	951	953	955	959	965	969	972	975	978	986	990
2A_NB	59	d	906	909	915	918	921	925	931	934	937	943	946	952	954	956	960	966	970	973	976	979	987	/
2A_NB	60	a	920	923	929	932	934	938	945	948	952	959	963	970	973	975	978	984	988	992	995	998	1006	1010
2A_NB	60	d	921	924	930	933	935	939	946	949	953	960	964	971	974	976	979	985	989	993	996	999	1007	/
2A_NB	61	a	934	937	943	946	948	951	957	960	963	971	975	980	983	986	989	994	997	1000	1003	1006	1015	1019
2A_NB	61	d	935	938	944	947	949	952	958	961	964	972	976	981	984	987	990	995	998	1001	1004	1007	1016	/
2A_NB	62	a	948	951	956	959	962	965	972	975	978	987	991	997	1000	1003	1007	1013	1017	1020	1023	1027	1035	1038
2A_NB	62	d	949	952	957	960	963	966	973	976	979	988	992	998	1001	1004	1008	1014	1018	1021	1024	1028	1036	/
2A_NB	63	a	962	965	970	973	976	980	986	989	992	1000	1004	1010	1012	1014	1018	1024	1028	1031	1034	1037	1044	1047
2A_NB	63	d	963	966	971	974	977	981	987	990	993	1001	1005	1011	1013	1015	1019	1025	1029	1032	1035	1038	1045	/
2A_NB	64	a	980	983	988	991	994	997	1002	1005	1009	1016	1020	1027	1029	1032	1036	1041	1045	1048	1051	1055	1064	1068
2A_NB	64	d	981	984	989	992	995	998	1003	1006	1010	1017	1021	1028	1030	1033	1037	1042	1046	1049	1052	1056	1065	/
2A_SB	1	a	12	15	23	26	30	33	37	42	44	47	51	54	59	63	68	71	75	82	85	89	93	96	107	112
2A_SB	1	d	14	16	24	27	31	34	38	43	45	48	52	55	60	64	69	72	76	83	86	90	94	97	108	/
2A_SB	2	a	28	32	39	42	45	47	51	57	60	63	68	71	76	80	86	89	93	99	101	105	108	112	122	127
2A_SB	2	d	30	33	40	43	46	48	52	58	61	64	69	72	77	81	87	90	94	100	102	106	109	113	123	/
2A_SB	3	a	41	45	52	56	59	62	66	72	74	77	81	84	90	94	99	102	106	113	116	119	123	126	138	143
2A_SB	3	d	43	46	53	57	60	63	67	73	75	78	82	85	91	95	100	103	107	114	117	120	124	127	139	/
2A_SB	4	a	54	58	65	68	71	74	77	83	85	88	92	95	101	105	111	115	118	125	128	131	135	138	148	153
2A_SB	4	d	56	59	66	69	72	75	78	84	86	89	93	96	102	106	112	116	119	126	129	132	136	139	149	/
2A_SB	5	a	69	72	78	81	84	86	89	95	98	102	105	108	113	117	123	126	129	135	138	141	145	148	158	164
2A_SB	5	d	71	73	79	82	85	87	90	96	99	103	106	109	114	118	124	127	130	136	139	142	146	149	159	/
2A_SB	6	a	82	85	92	96	99	101	105	112	114	117	120	123	129	133	138	141	145	151	154	157	161	164	176	182
2A_SB	6	d	84	86	93	97	100	102	106	113	115	118	121	124	130	134	139	142	146	152	155	158	162	165	177	/
2A_SB	7	a	97	101	109	112	115	118	121	128	131	134	137	141	147	150	156	159	163	169	171	174	178	181	193	199
2A_SB	7	d	99	102	110	113	116	119	122	129	132	135	138	142	148	151	157	160	164	170	172	175	179	182	194	/
2A_SB	8	a	110	114	122	126	130	133	136	141	144	147	150	153	158	161	167	170	174	179	181	184	187	191	203	209
2A_SB	8	d	112	115	123	127	131	134	137	142	145	148	151	154	159	162	168	171	175	180	182	185	188	192	204	/
2A_SB	9	a	124	127	134	137	141	143	147	152	155	158	162	165	170	174	181	185	188	193	195	198	201	205	217	223
2A_SB	9	d	126	128	135	138	142	144	148	153	156	159	163	166	171	175	182	186	189	194	196	199	202	206	218	/
2A_SB	10	a	141	145	153	157	161	163	166	172	174	177	180	183	188	191	196	200	204	210	213	217	220	223	236	242
2A_SB	10	d	143	146	154	158	162	164	167	173	175	178	181	184	189	192	197	201	205	211	214	218	221	224	237	/
2A_SB	11	a	159	162	169	172	176	179	183	189	192	195	198	201	207	210	216	219	223	229	232	236	239	242	254	259
2A_SB	11	d	161	163	170	173	177	180	184	190	193	196	199	202	208	211	217	220	224	230	233	237	240	243	255	/
2A_SB	12	a	176	179	187	190	194	196	199	206	209	213	217	220	226	230	235	238	241	247	250	254	257	260	270	275
2A_SB	12	d	178	180	188	191	195	197	200	207	210	214	218	221	227	231	236	239	242	248	251	255	258	261	271	/
2A_SB	13	a	190	193	201	205	209	211	215	221	223	227	231	235	240	243	249	253	256	262	265	269	272	275	285	290
2A_SB	13	d	192	194	202	206	210	212	216	222	224	228	232	236	241	244	250	254	257	263	266	270	273	276	286	/
2A_SB	14	a	206	210	216	219	222	224	227	233	235	238	242	246	252	255	260	263	267	273	276	280	283	286	298	303
2A_SB	14	d	208	211	217	220	223	225	228	234	236	239	243	247	253	256	261	264	268	274	277	281	284	287	299	/
2A_SB	15	a	220	223	229	232	236	239	242	249	251	254	258	262	268	272	278	281	285	291	294	297	301	304	316	322
2A_SB	15	d	222	224	230	233	237	240	243	250	252	255	259	263	269	273	279	282	286	292	295	298	302	305	317	/
2A_SB	16	a	234	238	245	248	252	255	258	264	267	270	274	278	283	287	293	297	301	306	309	312	316	319	328	334
2A_SB	16	d	236	239	246	249	253	256	259	265	268	271	275	279	284	288	294	298	302	307	310	313	317	320	329	/
2A_SB	17	a	251	255	263	267	271	274	277	282	284	287	290	294	299	303	309	312	316	322	324	328	332	335	346	351
2A_SB	17	d	253	256	264	268	272	275	278	283	285	288	291	295	300	304	310	313	317	323	325	329	333	336	347	/
2A_SB	18	a	269	272	279	282	285	288	292	297	300	304	307	310	315	318	324	328	331	337	340	344	348	351	362	367
2A_SB	18	d	271	273	280	283	286	289	293	298	301	305	308	311	316	319	325	329	332	338	341	345	349	352	363	/
2A_SB	19	a	284	288	295	299	302	305	309	315	317	320	323	326	332	335	342	345	349	355	358	362	366	369	382	387
2A_SB	19	d	286	289	296	300	303	306	310	316	318	321	324	327	333	336	343	346	350	356	359	363	367	370	383	/
2A_SB	20	a	302	305	311	315	318	321	325	331	333	337	340	343	348	351	356	359	363	368	371	374	378	382	395	400
2A_SB	20	d	304	306	312	316	319	322	326	332	334	338	341	344	349	352	357	360	364	369	372	375	379	383	396	/
2A_SB	21	a	315	318	325	329	332	334	338	344	346	349	352	356	361	364	369	372	376	381	384	387	391	394	405	412
2A_SB	21	d	317	319	326	330	333	335	339	345	347	350	353	357	362	365	370	373	377	382	385	388	392	395	406	/
2A_SB	22	a	329	332	338	341	344	346	350	357	359	362	366	370	375	378	383	387	391	398	401	405	408	412	426	431
2A_SB	22	d	331	333	339	342	345	347	351	358	360	363	367	371	376	379	384	388	392	399	402	406	409	413	427	/
2A_SB	23	a	342	345	351	354	358	360	363	369	372	375	379	382	387	390	396	400	403	410	413	417	420	424	438	444
2A_SB	23	d	344	346	352	355	359	361	364	370	373	376	380	383	388	391	397	401	404	411	414	418	421	425	439	/
2A_SB	24	a	358	362	368	372	375	377	381	387	389	392	396	399	404	408	414	418	422	428	431	434	438	442	454	459
2A_SB	24	d	360	363	369	373	376	378	382	388	390	393	397	400	405	409	415	419	423	429	432	435	439	443	455	/
2A_SB	25	a	371	375	383	387	390	392	395	401	403	406	410	414	419	423	429	433	436	442	445	449	453	456	467	472
2A_SB	25	d	373	376	384	388	391	393	396	402	404	407	411	415	420	424	430	434	437	443	446	450	454	457	468	/
2A_SB	26	a	388	392	401	404	407	410	413	419	421	425	429	433	439	443	449	452	456	461	463	467	471	474	485	490
2A_SB	26	d	390	393	402	405	408	411	414	420	422	426	430	434	440	444	450	453	457	462	464	468	472	475	486	/
2A_SB	27	a	401	405	411	414	417	420	423	428	430	434	438	441	447	451	457	460	464	470	473	477	481	484	496	501
2A_SB	27	d	403	406	412	415	418	421	424	429	431	435	439	442	448	452	458	461	465	471	474	478	482	485	497	/
2A_SB	28	a	416	419	426	430	434	436	439	444	446	449	453	456	461	464	469	473	477	483	486	489	492	495	506	511
2A_SB	28	d	418	420	427	431	435	437	440	445	447	450	454	457	462	465	470	474	478	484	487	490	493	496	507	/
2A_SB	29	a	430	434	441	445	448	450	453	458	461	464	468	472	478	482	488	491	495	501	503	506	509	513	524	529
2A_SB	29	d	432	435	442	446	449	451	454	459	462	465	469	473	479	483	489	492	496	502	504	507	510	514	525	/
2A_SB	30	a	448	451	458	461	465	468	471	477	480	484	487	490	495	499	505	508	512	517	520	523	526	530	540	546
2A_SB	30	d	450	452	459	462	466	469	472	478	481	485	488	491	496	500	506	509	513	518	521	524	527	531	541	/
2A_SB	31	a	461	464	471	475	479	481	484	490	493	497	501	505	511	515	522	525	529	534	536	539	543	546	558	564
2A_SB	31	d	463	465	472	476	480	482	485	491	494	498	502	506	512	516	523	526	530	535	537	540	544	547	559	/
2A_SB	32	a	477	480	487	490	494	496	499	504	507	511	515	518	524	527	532	536	540	546	548	551	555	559	574	580
2A_SB	32	d	479	481	488	491	495	497	500	505	508	512	516	519	525	528	533	537	541	547	549	552	556	560	575	/
2A_SB	33	a	492	496	503	507	511	513	517	522	525	528	532	535	541	544	550	553	557	563	565	568	572	576	588	593
2A_SB	33	d	494	497	504	508	512	514	518	523	526	529	533	536	542	545	551	554	558	564	566	569	573	577	589	/
2A_SB	34	a	508	511	518	521	524	526	529	535	538	541	545	548	554	557	563	567	571	577	579	582	586	590	601	607
2A_SB	34	d	510	512	519	522	525	527	530	536	539	542	546	549	555	558	564	568	572	578	580	583	587	591	602	/
2A_SB	35	a	524	528	534	538	542	544	548	553	556	560	564	567	573	576	581	584	587	593	596	599	602	605	615	620
2A_SB	35	d	526	529	535	539	543	545	549	554	557	561	565	568	574	577	582	585	588	594	597	600	603	606	616	/
2A_SB	36	a	538	541	548	552	556	558	561	566	569	572	576	580	586	590	595	599	603	608	611	614	617	620	630	635
2A_SB	36	d	540	542	549	553	557	559	562	567	570	573	577	581	587	591	596	600	604	609	612	615	618	621	631	/
2A_SB	37	a	551	554	561	564	567	569	573	579	582	585	588	591	596	600	607	611	615	621	624	627	630	633	645	651
2A_SB	37	d	553	555	562	565	568	570	574	580	583	586	589	592	597	601	608	612	616	622	625	628	631	634	646	/
2A_SB	38	a	570	573	581	584	587	589	592	598	601	604	607	611	617	620	626	629	632	639	642	645	650	653	665	670
2A_SB	38	d	572	574	582	585	588	590	593	599	602	605	608	612	618	621	627	630	633	640	643	646	651	654	666	/
2A_SB	39	a	583	586	593	597	600	602	606	612	615	618	621	624	630	633	638	642	645	652	655	659	663	666	677	682
2A_SB	39	d	585	587	594	598	601	603	607	613	616	619	622	625	631	634	639	643	646	653	656	660	664	667	678	/
2A_SB	40	a	598	602	610	613	617	619	622	629	631	634	637	640	646	650	656	660	664	669	671	675	678	681	691	697
2A_SB	40	d	600	603	611	614	618	620	623	630	632	635	638	641	647	651	657	661	665	670	672	676	679	682	692	/
2A_SB	41	a	611	615	622	625	629	631	635	641	643	646	649	652	657	661	667	670	674	681	684	687	690	694	705	711
2A_SB	41	d	613	616	623	626	630	632	636	642	644	647	650	653	658	662	668	671	675	682	685	688	691	695	706	/
2A_SB	42	a	625	628	635	638	641	643	647	654	657	660	663	666	670	674	679	683	687	694	697	700	703	707	718	724
2A_SB	42	d	627	629	636	639	642	644	648	655	658	661	664	667	671	675	680	684	688	695	698	701	704	708	719	/
2A_SB	43	a	641	645	652	655	658	661	664	670	673	676	679	683	689	693	699	702	706	711	713	717	721	725	737	742
2A_SB	43	d	643	646	653	656	659	662	665	671	674	677	680	684	690	694	700	703	707	712	714	718	722	726	738	/
2A_SB	44	a	657	660	667	671	675	677	681	687	690	693	696	700	706	709	716	719	722	727	730	733	737	740	752	758
2A_SB	44	d	659	661	668	672	676	678	682	688	691	694	697	701	707	710	717	720	723	728	731	734	738	741	753	/
2A_SB	45	a	673	676	683	686	689	691	695	702	705	708	712	716	721	725	731	735	739	745	748	751	755	758	767	772
2A_SB	45	d	675	677	684	687	690	692	696	703	706	709	713	717	722	726	732	736	740	746	749	752	756	759	768	/
2A_SB	46	a	689	692	699	703	707	710	714	720	723	726	730	733	738	741	746	749	753	760	763	767	771	774	786	791
2A_SB	46	d	691	693	700	704	708	711	715	721	724	727	731	734	739	742	747	750	754	761	764	768	772	775	787	/
2A_SB	47	a	705	708	716	719	722	724	728	735	738	741	745	748	754	758	764	767	770	776	779	782	786	789	799	804
2A_SB	47	d	707	709	717	720	723	725	729	736	739	742	746	749	755	759	765	768	771	777	780	783	787	790	800	/
2A_SB	48	a	723	726	735	739	742	744	747	754	757	760	764	767	773	777	783	786	790	796	799	802	805	808	818	823
2A_SB	48	d	725	727	736	740	743	745	748	755	758	761	765	768	774	778	784	787	791	797	800	803	806	809	819	/
2A_SB	49	a	736	739	747	751	755	757	761	768	771	774	778	781	787	791	796	799	803	809	811	814	818	821	833	839
2A_SB	49	d	738	740	748	752	756	758	762	769	772	775	779	782	788	792	797	800	804	810	812	815	819	822	834	/
2A_SB	50	a	753	757	765	768	771	773	777	783	786	789	792	796	801	804	809	812	815	822	824	827	831	834	847	852
2A_SB	50	d	755	758	766	769	772	774	778	784	787	790	793	797	802	805	810	813	816	823	825	828	832	835	848	/
2A_SB	51	a	769	772	778	781	784	787	791	797	800	803	806	809	815	818	824	827	831	837	839	842	846	850	863	869
2A_SB	51	d	771	773	779	782	785	788	792	798	801	804	807	810	816	819	825	828	832	838	840	843	847	851	864	/
2A_SB	52	a	786	789	796	799	802	804	807	812	815	818	821	825	832	835	840	843	847	852	854	857	860	864	875	881
2A_SB	52	d	788	790	797	800	803	805	808	813	816	819	822	826	833	836	841	844	848	853	855	858	861	865	876	/
2A_SB	53	a	804	808	816	819	823	825	828	835	837	840	844	847	853	857	862	865	869	875	877	880	884	887	901	906
2A_SB	53	d	806	809	817	820	824	826	829	836	838	841	845	848	854	858	863	866	870	876	878	881	885	888	902	/
2A_SB	54	a	818	822	830	834	838	840	844	850	853	856	860	863	868	871	877	880	884	890	893	896	899	902	915	921
2A_SB	54	d	820	823	831	835	839	841	845	851	854	857	861	864	869	872	878	881	885	891	894	897	900	903	916	/
2A_SB	55	a	830	833	840	844	848	850	854	859	862	865	869	872	877	881	887	891	895	901	904	907	911	914	926	932
2A_SB	55	d	832	834	841	845	849	851	855	860	863	866	870	873	878	882	888	892	896	902	905	908	912	915	927	/
2A_SB	56	a	848	852	859	863	867	870	874	880	882	886	890	893	899	902	908	912	916	923	926	930	934	937	950	956
2A_SB	56	d	850	853	860	864	868	871	875	881	883	887	891	894	900	903	909	913	917	924	927	931	935	938	951	/
2A_SB	57	a	862	865	872	876	880	882	886	892	894	897	901	904	910	913	919	922	926	933	936	940	944	948	960	965
2A_SB	57	d	864	866	873	877	881	883	887	893	895	898	902	905	911	914	920	923	927	934	937	941	945	949	961	/
2A_SB	58	a	880	883	890	893	896	898	902	907	910	913	917	920	926	929	935	938	942	947	950	953	957	961	971	976
2A_SB	58	d	882	884	891	894	897	899	903	908	911	914	918	921	927	930	936	939	943	948	951	954	958	962	972	/
2A_SB	59	a	896	899	907	910	914	916	920	926	929	932	935	938	944	948	954	957	961	966	969	972	975	979	991	997
2A_SB	59	d	898	900	908	911	915	917	921	927	930	933	936	939	945	949	955	958	962	967	970	973	976	980	992	/
2A_SB	60	a	910	913	921	924	927	929	932	938	940	943	946	949	954	958	964	967	971	976	979	982	985	989	1002	1008
2A_SB	60	d	912	914	922	925	928	930	933	939	941	944	947	950	955	959	965	968	972	977	980	983	986	990	1003	/
2A_SB	61	a	926	929	936	940	943	945	949	956	959	962	965	968	973	977	984	988	992	997	1000	1003	1007	1010	1022	1027
2A_SB	61	d	928	930	937	941	944	946	950	957	960	963	966	969	974	978	985	989	993	998	1001	1004	1008	1011	1023	/
2A_SB	62	a	941	945	951	954	957	959	962	967	970	973	976	980	986	989	995	999	1003	1008	1010	1014	1017	1020	1033	1038
2A_SB	62	d	943	946	952	955	958	960	963	968	971	974	977	981	987	990	996	1000	1004	1009	1011	1015	1018	1021	1034	/
2A_SB	63	a	956	959	967	970	974	976	979	984	987	990	993	996	1002	1006	1011	1015	1019	1026	1029	1032	1036	1040	1051	1056
2A_SB	63	d	958	960	968	971	975	977	980	985	988	991	994	997	1003	1007	1012	1016	1020	1027	1030	1033	1037	1041	1052	/
2A_SB	64	a	969	972	980	984	987	989	992	998	1000	1003	1006	1010	1015	1019	1024	1027	1030	1037	1039	1043	1046	1050	1060	1065
2A_SB	64	d	971	973	981	985	988	990	993	999	1001	1004	1007	1011	1016	1020	1025	1028	1031	1038	1040	1044	1047	1051	1061	/
3A_SB	1	a	15	21	27	31	34	38	40	43	46	50	52	54	57	60	63	66	70	73
3A_SB	1	d	16	22	28	32	35	39	41	44	47	51	53	55	58	61	64	67	71	/
3A_SB	2	a	29	35	41	44	48	52	54	57	60	64	66	68	72	75	79	83	86	89
3A_SB	2	d	30	36	42	45	49	53	55	58	61	65	67	69	73	76	80	84	87	/
3A_SB	3	a	44	49	55	58	62	66	68	71	74	77	80	83	86	89	93	97	100	103
3A_SB	3	d	45	50	56	59	63	67	69	72	75	78	81	84	87	90	94	98	101	/
3A_SB	4	a	57	62	68	71	74	77	79	82	85	88	91	94	98	101	105	108	111	114
3A_SB	4	d	58	63	69	72	75	78	80	83	86	89	92	95	99	102	106	109	112	/
3A_SB	5	a	73	79	86	89	92	96	99	101	105	109	111	114	118	121	124	127	130	133
3A_SB	5	d	74	80	87	90	93	97	100	102	106	110	112	115	119	122	125	128	131	/
3A_SB	6	a	87	93	98	102	105	108	110	112	115	119	121	124	128	131	134	138	142	146
3A_SB	6	d	88	94	99	103	106	109	111	113	116	120	122	125	129	132	135	139	143	/
3A_SB	7	a	104	110	116	120	124	127	130	133	136	139	141	144	147	150	153	157	160	163
3A_SB	7	d	105	111	117	121	125	128	131	134	137	140	142	145	148	151	154	158	161	/
3A_SB	8	a	120	125	131	134	137	141	143	146	149	153	155	158	162	165	169	173	176	179
3A_SB	8	d	121	126	132	135	138	142	144	147	150	154	156	159	163	166	170	174	177	/
3A_SB	9	a	138	144	150	153	157	161	163	166	170	174	176	178	181	185	189	192	196	200
3A_SB	9	d	139	145	151	154	158	162	164	167	171	175	177	179	182	186	190	193	197	/
3A_SB	10	a	152	157	163	166	169	173	176	179	183	187	189	192	196	200	204	207	210	214
3A_SB	10	d	153	158	164	167	170	174	177	180	184	188	190	193	197	201	205	208	211	/
3A_SB	11	a	166	172	179	183	186	190	192	195	198	201	204	206	210	214	218	222	225	228
3A_SB	11	d	167	173	180	184	187	191	193	196	199	202	205	207	211	215	219	223	226	/
3A_SB	12	a	185	191	197	200	203	206	209	212	215	219	221	223	227	231	235	239	242	245
3A_SB	12	d	186	192	198	201	204	207	210	213	216	220	222	224	228	232	236	240	243	/
3A_SB	13	a	198	204	209	212	215	218	221	224	228	232	234	236	240	244	248	252	255	258
3A_SB	13	d	199	205	210	213	216	219	222	225	229	233	235	237	241	245	249	253	256	/
3A_SB	14	a	213	218	224	227	231	235	237	240	244	248	250	253	257	260	263	266	269	272
3A_SB	14	d	214	219	225	228	232	236	238	241	245	249	251	254	258	261	264	267	270	/
3A_SB	15	a	226	232	238	241	244	247	249	251	255	259	261	263	266	269	273	276	279	282
3A_SB	15	d	227	233	239	242	245	248	250	252	256	260	262	264	267	270	274	277	280	/
3A_SB	16	a	241	248	254	257	260	263	265	267	271	275	277	280	284	287	291	294	297	300
3A_SB	16	d	242	249	255	258	261	264	266	268	272	276	278	281	285	288	292	295	298	/
3A_SB	17	a	258	263	268	271	275	278	280	283	286	290	292	294	298	301	306	309	313	316
3A_SB	17	d	259	264	269	272	276	279	281	284	287	291	293	295	299	302	307	310	314	/
3A_SB	18	a	274	280	286	290	293	297	299	302	306	310	312	315	319	322	326	330	333	337
3A_SB	18	d	275	281	287	291	294	298	300	303	307	311	313	316	320	323	327	331	334	/
3A_SB	19	a	290	296	302	306	310	314	316	319	322	325	327	330	333	336	339	343	346	350
3A_SB	19	d	291	297	303	307	311	315	317	320	323	326	328	331	334	337	340	344	347	/
3A_SB	20	a	306	312	318	322	326	329	332	335	338	341	344	346	350	353	357	361	364	367
3A_SB	20	d	307	313	319	323	327	330	333	336	339	342	345	347	351	354	358	362	365	/
3A_SB	21	a	323	329	334	338	341	345	348	351	354	358	361	363	367	371	375	378	381	384
3A_SB	21	d	324	330	335	339	342	346	349	352	355	359	362	364	368	372	376	379	382	/
3A_SB	22	a	336	341	346	349	352	356	359	362	366	370	372	374	377	380	384	387	390	393
3A_SB	22	d	337	342	347	350	353	357	360	363	367	371	373	375	378	381	385	388	391	/
3A_SB	23	a	352	358	363	366	370	374	377	380	384	388	390	392	395	399	403	406	409	412
3A_SB	23	d	353	359	364	367	371	375	378	381	385	389	391	393	396	400	404	407	410	/
3A_SB	24	a	366	372	378	382	385	389	392	395	398	402	404	406	410	413	417	420	424	427
3A_SB	24	d	367	373	379	383	386	390	393	396	399	403	405	407	411	414	418	421	425	/
3A_SB	25	a	379	385	391	394	397	400	403	406	410	414	416	418	422	425	429	432	436	440
3A_SB	25	d	380	386	392	395	398	401	404	407	411	415	417	419	423	426	430	433	437	/
3A_SB	26	a	395	400	406	409	412	416	419	422	425	428	430	432	435	438	442	446	449	452
3A_SB	26	d	396	401	407	410	413	417	420	423	426	429	431	433	436	439	443	447	450	/
3A_SB	27	a	411	416	422	425	429	432	434	436	439	443	445	447	450	454	458	461	464	467
3A_SB	27	d	412	417	423	426	430	433	435	437	440	444	446	448	451	455	459	462	465	/
3A_SB	28	a	429	435	440	444	447	451	454	457	460	464	466	468	472	475	479	482	485	488
3A_SB	28	d	430	436	441	445	448	452	455	458	461	465	467	469	473	476	480	483	486	/
3A_SB	29	a	445	450	455	458	461	464	467	469	472	475	477	479	483	486	490	493	496	499
3A_SB	29	d	446	451	456	459	462	465	468	470	473	476	478	480	484	487	491	494	497	/
3A_SB	30	a	459	465	472	475	479	482	484	487	490	493	496	498	502	506	509	512	515	519
3A_SB	30	d	460	466	473	476	480	483	485	488	491	494	497	499	503	507	510	513	516	/
3A_SB	31	a	472	477	484	487	490	493	495	498	501	504	506	508	512	515	518	521	524	527
3A_SB	31	d	473	478	485	488	491	494	496	499	502	505	507	509	513	516	519	522	525	/
3A_SB	32	a	484	489	496	499	503	507	509	512	515	518	520	522	525	529	532	536	540	544
3A_SB	32	d	485	490	497	500	504	508	510	513	516	519	521	523	526	530	533	537	541	/
3A_SB	33	a	498	503	510	514	517	521	524	527	530	534	536	538	542	545	549	552	555	558
3A_SB	33	d	499	504	511	515	518	522	525	528	531	535	537	539	543	546	550	553	556	/
3A_SB	34	a	512	517	524	527	530	534	536	539	542	546	548	551	555	559	563	566	569	572
3A_SB	34	d	513	518	525	528	531	535	537	540	543	547	549	552	556	560	564	567	570	/
3A_SB	35	a	528	533	539	542	545	548	550	553	556	560	562	564	568	572	576	579	583	586
3A_SB	35	d	529	534	540	543	546	549	551	554	557	561	563	565	569	573	577	580	584	/
3A_SB	36	a	544	550	556	559	563	567	570	573	577	580	582	584	588	592	596	599	603	606
3A_SB	36	d	545	551	557	560	564	568	571	574	578	581	583	585	589	593	597	600	604	/
3A_SB	37	a	557	562	569	573	576	580	583	586	590	594	596	598	602	605	609	613	617	620
3A_SB	37	d	558	563	570	574	577	581	584	587	591	595	597	599	603	606	610	614	618	/
3A_SB	38	a	572	577	582	586	589	592	594	596	600	604	606	608	611	614	618	622	625	628
3A_SB	38	d	573	578	583	587	590	593	595	597	601	605	607	609	612	615	619	623	626	/
3A_SB	39	a	591	597	602	605	609	613	616	619	622	625	627	630	634	637	641	644	647	650
3A_SB	39	d	592	598	603	606	610	614	617	620	623	626	628	631	635	638	642	645	648	/
3A_SB	40	a	609	614	620	624	628	632	635	638	641	644	646	649	653	657	660	664	667	670
3A_SB	40	d	610	615	621	625	629	633	636	639	642	645	647	650	654	658	661	665	668	/
3A_SB	41	a	625	631	637	640	643	646	649	652	656	660	663	666	670	673	677	681	684	687
3A_SB	41	d	626	632	638	641	644	647	650	653	657	661	664	667	671	674	678	682	685	/
3A_SB	42	a	642	648	654	657	661	664	666	668	672	676	678	680	684	688	691	694	697	700
3A_SB	42	d	643	649	655	658	662	665	667	669	673	677	679	681	685	689	692	695	698	/
3A_SB	43	a	659	666	672	676	680	684	686	689	692	696	699	701	705	708	712	715	719	722
3A_SB	43	d	660	667	673	677	681	685	687	690	693	697	700	702	706	709	713	716	720	/
3A_SB	44	a	675	681	687	690	694	697	699	702	705	708	710	712	716	719	723	726	729	732
3A_SB	44	d	676	682	688	691	695	698	700	703	706	709	711	713	717	720	724	727	730	/
3A_SB	45	a	691	697	703	706	709	713	716	719	722	726	728	731	734	737	740	743	746	749
3A_SB	45	d	692	698	704	707	710	714	717	720	723	727	729	732	735	738	741	744	747	/
3A_SB	46	a	709	715	721	724	728	731	734	736	739	742	744	746	749	752	756	759	762	765
3A_SB	46	d	710	716	722	725	729	732	735	737	740	743	745	747	750	753	757	760	763	/
3A_SB	47	a	723	728	735	739	742	746	748	750	753	757	759	762	765	768	772	776	779	782
3A_SB	47	d	724	729	736	740	743	747	749	751	754	758	760	763	766	769	773	777	780	/
3A_SB	48	a	741	746	752	755	758	762	764	767	770	774	776	778	782	786	789	792	795	798
3A_SB	48	d	742	747	753	756	759	763	765	768	771	775	777	779	783	787	790	793	796	/
3A_SB	49	a	759	764	770	774	778	782	784	787	790	794	796	798	801	805	808	811	814	817
3A_SB	49	d	760	765	771	775	779	783	785	788	791	795	797	799	802	806	809	812	815	/
3A_SB	50	a	777	783	790	794	798	801	803	806	810	813	816	818	822	826	829	833	837	840
3A_SB	50	d	778	784	791	795	799	802	804	807	811	814	817	819	823	827	830	834	838	/
3A_SB	51	a	790	795	803	806	810	814	816	818	821	824	827	829	833	836	839	842	846	850
3A_SB	51	d	791	796	804	807	811	815	817	819	822	825	828	830	834	837	840	843	847	/
3A_SB	52	a	805	810	817	821	824	827	829	832	835	839	841	843	846	849	852	855	858	861
3A_SB	52	d	806	811	818	822	825	828	830	833	836	840	842	844	847	850	853	856	859	/
3A_SB	53	a	820	826	832	835	839	842	844	846	849	852	854	856	860	864	867	870	873	876
3A_SB	53	d	821	827	833	836	840	843	845	847	850	853	855	857	861	865	868	871	874	/
3A_SB	54	a	836	842	848	851	854	858	861	863	867	871	873	875	879	882	885	889	892	895
3A_SB	54	d	837	843	849	852	855	859	862	864	868	872	874	876	880	883	886	890	893	/
3A_SB	55	a	849	855	862	866	869	873	875	877	880	883	885	887	891	894	898	902	905	909
3A_SB	55	d	850	856	863	867	870	874	876	878	881	884	886	888	892	895	899	903	906	/
3A_SB	56	a	862	867	874	877	881	885	888	891	895	899	901	904	907	911	915	918	921	924
3A_SB	56	d	863	868	875	878	882	886	889	892	896	900	902	905	908	912	916	919	922	/
3A_SB	57	a	879	885	890	893	896	899	901	904	908	912	914	917	920	924	927	930	933	936
3A_SB	57	d	880	886	891	894	897	900	902	905	909	913	915	918	921	925	928	931	934	/
3A_SB	58	a	896	902	907	910	913	917	919	922	925	929	931	933	936	939	942	946	950	953
3A_SB	58	d	897	903	908	911	914	918	920	923	926	930	932	934	937	940	943	947	951	/
3A_SB	59	a	911	916	921	924	927	930	932	935	938	942	944	946	950	953	956	959	963	967
3A_SB	59	d	912	917	922	925	928	931	933	936	939	943	945	947	951	954	957	960	964	/
3A_SB	60	a	925	931	937	940	944	947	949	952	955	958	960	962	965	968	971	975	979	982
3A_SB	60	d	926	932	938	941	945	948	950	953	956	959	961	963	966	969	972	976	980	/
3A_SB	61	a	943	949	955	958	961	965	967	970	974	977	979	981	985	989	992	996	1000	1004
3A_SB	61	d	944	950	956	959	962	966	968	971	975	978	980	982	986	990	993	997	1001	/
3A_SB	62	a	956	962	968	971	975	979	982	984	987	990	992	994	997	1001	1004	1008	1012	1015
3A_SB	62	d	957	963	969	972	976	980	983	985	988	991	993	995	998	1002	1005	1009	1013	/
3A_SB	63	a	973	979	985	988	991	995	998	1001	1004	1007	1009	1012	1016	1019	1023	1027	1030	1034
3A_SB	63	d	974	980	986	989	992	996	999	1002	1005	1008	1010	1013	1017	1020	1024	1028	1031	/
3A_SB	64	a	991	997	1004	1008	1011	1015	1018	1021	1024	1028	1030	1033	1037	1041	1045	1048	1051	1054
3A_SB	64	d	992	998	1005	1009	1012	1016	1019	1022	1025	1029	1031	1034	1038	1042	1046	1049	1052	/
3A_NB	1	a	13	17	20	23	26	30	34	38	42	45	48	52	55	58	61	64	68	73	78
3A_NB	1	d	14	18	21	24	27	31	35	39	43	46	49	53	56	59	62	65	69	74	/
3A_NB	2	a	28	31	34	37	40	44	47	50	54	58	61	65	68	71	74	76	80	86	92
3A_NB	2	d	29	32	35	38	41	45	48	51	55	59	62	66	69	72	75	77	81	87	/
3A_NB	3	a	43	47	50	53	56	59	62	65	69	73	75	79	82	85	88	90	94	99	105
3A_NB	3	d	44	48	51	54	57	60	63	66	70	74	76	80	83	86	89	91	95	100	/
3A_NB	4	a	58	62	66	68	71	74	78	82	85	89	91	95	99	103	106	109	114	120	126
3A_NB	4	d	59	63	67	69	72	75	79	83	86	90	92	96	100	104	107	110	115	121	/
3A_NB	5	a	76	79	82	84	87	90	93	97	100	104	106	111	115	119	123	126	131	137	143
3A_NB	5	d	77	80	83	85	88	91	94	98	101	105	107	112	116	120	124	127	132	138	/
3A_NB	6	a	93	96	99	101	103	107	110	114	118	122	124	128	131	135	138	141	146	152	158
3A_NB	6	d	94	97	100	102	104	108	111	115	119	123	125	129	132	136	139	142	147	153	/
3A_NB	7	a	110	113	116	119	122	125	128	132	135	139	141	146	150	154	158	161	165	170	176
3A_NB	7	d	111	114	117	120	123	126	129	133	136	140	142	147	151	155	159	162	166	171	/
3A_NB	8	a	125	128	132	134	137	141	144	148	151	155	158	163	167	171	175	178	182	187	192
3A_NB	8	d	126	129	133	135	138	142	145	149	152	156	159	164	168	172	176	179	183	188	/
3A_NB	9	a	143	146	149	151	154	157	160	164	168	172	175	179	183	186	189	192	196	201	207
3A_NB	9	d	144	147	150	152	155	158	161	165	169	173	176	180	184	187	190	193	197	202	/
3A_NB	10	a	157	160	164	166	169	172	175	179	183	187	190	194	197	200	203	205	209	214	220
3A_NB	10	d	158	161	165	167	170	173	176	180	184	188	191	195	198	201	204	206	210	215	/
3A_NB	11	a	172	175	179	181	184	188	192	196	200	204	207	211	215	218	221	224	228	233	238
3A_NB	11	d	173	176	180	182	185	189	193	197	201	205	208	212	216	219	222	225	229	234	/
3A_NB	12	a	186	189	192	194	197	201	205	208	212	216	219	224	227	231	235	238	242	247	253
3A_NB	12	d	187	190	193	195	198	202	206	209	213	217	220	225	228	232	236	239	243	248	/
3A_NB	13	a	199	203	206	209	212	215	219	223	227	231	234	239	243	247	251	253	258	263	269
3A_NB	13	d	200	204	207	210	213	216	220	224	228	232	235	240	244	248	252	254	259	264	/
3A_NB	14	a	214	217	221	223	226	229	233	237	241	245	248	254	258	261	265	268	273	278	284
3A_NB	14	d	215	218	222	224	227	230	234	238	242	246	249	255	259	262	266	269	274	279	/
3A_NB	15	a	226	229	232	235	237	240	244	248	252	256	258	263	267	270	273	275	279	284	290
3A_NB	15	d	227	230	233	236	238	241	245	249	253	257	259	264	268	271	274	276	280	285	/
3A_NB	16	a	245	249	252	254	257	260	264	268	271	275	278	283	287	290	293	296	300	305	310
3A_NB	16	d	246	250	253	255	258	261	265	269	272	276	279	284	288	291	294	297	301	306	/
3A_NB	17	a	261	264	267	269	271	275	278	282	286	290	292	296	299	302	305	308	312	317	322
3A_NB	17	d	262	265	268	270	272	276	279	283	287	291	293	297	300	303	306	309	313	318	/
3A_NB	18	a	275	279	282	284	286	289	293	297	301	304	306	310	313	316	320	322	326	332	337
3A_NB	18	d	276	280	283	285	287	290	294	298	302	305	307	311	314	317	321	323	327	333	/
3A_NB	19	a	291	295	298	301	304	307	311	315	319	322	324	329	332	335	339	342	346	351	356
3A_NB	19	d	292	296	299	302	305	308	312	316	320	323	325	330	333	336	340	343	347	352	/
3A_NB	20	a	308	311	315	318	320	324	328	332	336	339	342	346	350	353	356	359	364	370	376
3A_NB	20	d	309	312	316	319	321	325	329	333	337	340	343	347	351	354	357	360	365	371	/
3A_NB	21	a	324	327	330	332	335	339	342	346	350	354	357	362	366	369	372	375	379	384	390
3A_NB	21	d	325	328	331	333	336	340	343	347	351	355	358	363	367	370	373	376	380	385	/
3A_NB	22	a	337	340	344	346	349	352	355	359	363	367	370	374	378	382	385	387	391	397	404
3A_NB	22	d	338	341	345	347	350	353	356	360	364	368	371	375	379	383	386	388	392	398	/
3A_NB	23	a	350	353	357	359	362	365	368	372	376	380	383	387	391	394	397	399	403	409	414
3A_NB	23	d	351	354	358	360	363	366	369	373	377	381	384	388	392	395	398	400	404	410	/
3A_NB	24	a	366	370	373	375	378	381	384	387	390	393	395	400	405	409	412	415	419	424	430
3A_NB	24	d	367	371	374	376	379	382	385	388	391	394	396	401	406	410	413	416	420	425	/
3A_NB	25	a	380	383	386	389	392	395	398	402	405	409	411	416	420	423	426	429	434	439	445
3A_NB	25	d	381	384	387	390	393	396	399	403	406	410	412	417	421	424	427	430	435	440	/
3A_NB	26	a	397	400	403	405	408	412	416	419	423	427	429	434	438	442	446	449	453	458	464
3A_NB	26	d	398	401	404	406	409	413	417	420	424	428	430	435	439	443	447	450	454	459	/
3A_NB	27	a	414	417	420	422	425	429	432	435	438	442	444	448	452	455	458	461	465	471	477
3A_NB	27	d	415	418	421	423	426	430	433	436	439	443	445	449	453	456	459	462	466	472	/
3A_NB	28	a	431	434	438	440	443	447	450	454	458	461	464	469	473	477	481	483	487	491	496
3A_NB	28	d	432	435	439	441	444	448	451	455	459	462	465	470	474	478	482	484	488	492	/
3A_NB	29	a	447	450	453	456	459	462	466	470	473	477	479	484	488	492	496	498	502	507	513
3A_NB	29	d	448	451	454	457	460	463	467	471	474	478	480	485	489	493	497	499	503	508	/
3A_NB	30	a	465	469	473	475	477	480	484	488	491	495	498	502	505	509	513	516	521	527	532
3A_NB	30	d	466	470	474	476	478	481	485	489	492	496	499	503	506	510	514	517	522	528	/
3A_NB	31	a	483	487	491	494	497	501	504	507	511	515	517	522	526	529	532	535	540	545	551
3A_NB	31	d	484	488	492	495	498	502	505	508	512	516	518	523	527	530	533	536	541	546	/
3A_NB	32	a	499	502	506	509	511	515	518	522	525	529	531	536	540	544	547	550	554	560	566
3A_NB	32	d	500	503	507	510	512	516	519	523	526	530	532	537	541	545	548	551	555	561	/
3A_NB	33	a	518	521	525	527	529	533	537	540	543	547	550	554	558	561	565	567	571	577	583
3A_NB	33	d	519	522	526	528	530	534	538	541	544	548	551	555	559	562	566	568	572	578	/
3A_NB	34	a	532	535	539	541	543	547	551	555	558	561	563	567	571	574	577	580	584	589	595
3A_NB	34	d	533	536	540	542	544	548	552	556	559	562	564	568	572	575	578	581	585	590	/
3A_NB	35	a	550	554	557	559	561	564	568	572	575	579	582	586	590	594	598	601	606	611	617
3A_NB	35	d	551	555	558	560	562	565	569	573	576	580	583	587	591	595	599	602	607	612	/
3A_NB	36	a	563	566	569	571	574	577	581	585	589	593	596	600	604	607	610	613	618	624	631
3A_NB	36	d	564	567	570	572	575	578	582	586	590	594	597	601	605	608	611	614	619	625	/
3A_NB	37	a	578	581	584	586	589	592	596	600	604	607	610	614	618	621	625	628	633	639	644
3A_NB	37	d	579	582	585	587	590	593	597	601	605	608	611	615	619	622	626	629	634	640	/
3A_NB	38	a	590	594	597	599	602	606	609	612	616	620	622	627	631	634	638	641	647	652	657
3A_NB	38	d	591	595	598	600	603	607	610	613	617	621	623	628	632	635	639	642	648	653	/
3A_NB	39	a	610	613	617	619	621	624	628	632	636	639	642	647	651	654	658	661	665	671	676
3A_NB	39	d	611	614	618	620	622	625	629	633	637	640	643	648	652	655	659	662	666	672	/
3A_NB	40	a	622	626	630	632	634	638	642	646	650	653	656	662	665	668	671	674	678	683	689
3A_NB	40	d	623	627	631	633	635	639	643	647	651	654	657	663	666	669	672	675	679	684	/
3A_NB	41	a	639	643	647	650	653	656	660	664	668	672	674	679	682	685	689	692	696	701	706
3A_NB	41	d	640	644	648	651	654	657	661	665	669	673	675	680	683	686	690	693	697	702	/
3A_NB	42	a	653	656	659	661	664	667	671	675	679	683	685	690	693	696	699	702	706	711	716
3A_NB	42	d	654	657	660	662	665	668	672	676	680	684	686	691	694	697	700	703	707	712	/
3A_NB	43	a	672	675	678	680	682	685	688	692	696	699	702	706	710	713	716	719	723	728	733
3A_NB	43	d	673	676	679	681	683	686	689	693	697	700	703	707	711	714	717	720	724	729	/
3A_NB	44	a	686	689	693	696	699	702	705	709	713	716	718	723	727	731	734	737	742	746	751
3A_NB	44	d	687	690	694	697	700	703	706	710	714	717	719	724	728	732	735	738	743	747	/
3A_NB	45	a	704	708	712	714	716	720	723	727	730	733	735	741	744	747	750	753	757	762	768
3A_NB	45	d	705	709	713	715	717	721	724	728	731	734	736	742	745	748	751	754	758	763	/
3A_NB	46	a	718	722	725	727	730	734	738	742	746	750	753	757	761	764	767	770	775	780	785
3A_NB	46	d	719	723	726	728	731	735	739	743	747	751	754	758	762	765	768	771	776	781	/
3A_NB	47	a	736	740	743	745	748	751	755	759	762	766	768	772	776	779	782	785	789	794	799
3A_NB	47	d	737	741	744	746	749	752	756	760	763	767	769	773	777	780	783	786	790	795	/
3A_NB	48	a	751	755	759	761	764	767	770	774	777	781	783	788	792	796	799	801	805	810	815
3A_NB	48	d	752	756	760	762	765	768	771	775	778	782	784	789	793	797	800	802	806	811	/
3A_NB	49	a	766	769	772	774	777	780	783	786	790	794	796	800	804	808	811	814	819	824	829
3A_NB	49	d	767	770	773	775	778	781	784	787	791	795	797	801	805	809	812	815	820	825	/
3A_NB	50	a	780	784	788	791	794	797	800	803	806	810	812	816	820	823	826	829	833	839	844
3A_NB	50	d	781	785	789	792	795	798	801	804	807	811	813	817	821	824	827	830	834	840	/
3A_NB	51	a	797	801	805	807	809	812	815	819	822	826	828	833	837	841	844	847	852	857	863
3A_NB	51	d	798	802	806	808	810	813	816	820	823	827	829	834	838	842	845	848	853	858	/
3A_NB	52	a	813	817	820	822	824	827	830	834	837	840	842	847	851	855	859	862	866	872	878
3A_NB	52	d	814	818	821	823	825	828	831	835	838	841	843	848	852	856	860	863	867	873	/
3A_NB	53	a	826	829	832	834	836	839	842	846	850	854	856	861	865	868	872	875	879	885	890
3A_NB	53	d	827	830	833	835	837	840	843	847	851	855	857	862	866	869	873	876	880	886	/
3A_NB	54	a	839	843	847	849	852	855	859	863	866	869	871	876	880	884	887	890	894	899	905
3A_NB	54	d	840	844	848	850	853	856	860	864	867	870	872	877	881	885	888	891	895	900	/
3A_NB	55	a	851	855	859	861	864	867	871	875	878	882	884	888	892	896	899	901	906	911	917
3A_NB	55	d	852	856	860	862	865	868	872	876	879	883	885	889	893	897	900	902	907	912	/
3A_NB	56	a	866	870	873	875	878	882	886	890	894	897	900	904	908	911	914	917	922	928	933
3A_NB	56	d	867	871	874	876	879	883	887	891	895	898	901	905	909	912	915	918	923	929	/
3A_NB	57	a	884	887	891	893	896	900	904	907	910	914	916	921	925	928	932	935	939	945	950
3A_NB	57	d	885	888	892	894	897	901	905	908	911	915	917	922	926	929	933	936	940	946	/
3A_NB	58	a	901	904	907	909	911	914	917	920	923	927	929	934	938	941	944	946	950	955	960
3A_NB	58	d	902	905	908	910	912	915	918	921	924	928	930	935	939	942	945	947	951	956	/
3A_NB	59	a	915	919	922	924	927	930	934	938	941	945	947	951	955	959	962	965	969	974	980
3A_NB	59	d	916	920	923	925	928	931	935	939	942	946	948	952	956	960	963	966	970	975	/
3A_NB	60	a	930	934	937	939	941	944	947	950	953	956	958	962	966	969	972	975	979	984	990
3A_NB	60	d	931	935	938	940	942	945	948	951	954	957	959	963	967	970	973	976	980	985	/
3A_NB	61	a	947	950	953	955	958	962	966	970	974	978	981	985	988	991	995	998	1002	1007	1012
3A_NB	61	d	948	951	954	956	959	963	967	971	975	979	982	986	989	992	996	999	1003	1008	/
3A_NB	62	a	960	963	966	968	971	975	978	981	984	988	991	995	999	1003	1007	1010	1014	1020	1026
3A_NB	62	d	961	964	967	969	972	976	979	982	985	989	992	996	1000	1004	1008	1011	1015	1021	/
3A_NB	63	a	976	979	983	986	989	993	996	999	1002	1006	1008	1012	1015	1018	1022	1025	1030	1036	1041
3A_NB	63	d	977	980	984	987	990	994	997	1000	1003	1007	1009	1013	1016	1019	1023	1026	1031	1037	/
3A_NB	64	a	991	994	997	1000	1002	1006	1010	1014	1017	1021	1024	1028	1031	1034	1038	1040	1044	1050	1056
3A_NB	64	d	992	995	998	1001	1003	1007	1011	1015	1018	1022	1025	1029	1032	1035	1039	1041	1045	1051	/
