RouteID	RunID	Arrivals/Departures	TimePerStop
1A_SB	1	a	11	19	27	30	33	37	42	45	50	54	57	67	73	77
1A_SB	1	d	13	20	28	31	34	38	43	46	51	55	58	68	74	/
1A_SB	2	a	24	31	38	41	44	48	54	57	62	66	69	79	85	88
1A_SB	2	d	26	32	39	42	45	49	55	58	63	67	70	80	86	/
1A_SB	3	a	39	45	52	55	58	62	68	72	77	80	84	92	98	102
1A_SB	3	d	41	46	53	56	59	63	69	73	78	81	85	93	99	/
1A_SB	4	a	56	62	70	73	77	80	86	89	95	98	102	112	117	120
1A_SB	4	d	58	63	71	74	78	81	87	90	96	99	103	113	118	/
1A_SB	5	a	74	81	90	94	97	101	106	110	116	120	123	132	138	141
1A_SB	5	d	76	82	91	95	98	102	107	111	117	121	124	133	139	/
1A_SB	6	a	88	95	103	107	110	113	118	122	127	130	133	142	147	150
1A_SB	6	d	90	96	104	108	111	114	119	123	128	131	134	143	148	/
1A_SB	7	a	102	109	116	119	122	125	130	134	140	143	147	155	160	163
1A_SB	7	d	104	110	117	120	123	126	131	135	141	144	148	156	161	/
1A_SB	8	a	117	125	133	137	140	143	148	151	158	162	165	174	180	184
1A_SB	8	d	119	126	134	138	141	144	149	152	159	163	166	175	181	/
1A_SB	9	a	135	143	152	155	158	161	166	169	175	178	182	191	197	200
1A_SB	9	d	137	144	153	156	159	162	167	170	176	179	183	192	198	/
1A_SB	10	a	152	159	168	171	174	177	182	186	192	195	199	209	216	219
1A_SB	10	d	154	160	169	172	175	178	183	187	193	196	200	210	217	/
1A_SB	11	a	169	176	186	189	192	196	202	206	212	216	220	230	235	239
1A_SB	11	d	171	177	187	190	193	197	203	207	213	217	221	231	236	/
1A_SB	12	a	189	196	204	207	211	214	219	222	227	230	234	244	251	254
1A_SB	12	d	191	197	205	208	212	215	220	223	228	231	235	245	252	/
1A_SB	13	a	202	209	218	221	225	229	234	238	244	248	252	261	266	269
1A_SB	13	d	204	210	219	222	226	230	235	239	245	249	253	262	267	/
1A_SB	14	a	216	223	232	236	240	244	250	253	259	263	267	276	281	285
1A_SB	14	d	218	224	233	237	241	245	251	254	260	264	268	277	282	/
1A_SB	15	a	229	235	242	245	249	253	259	262	268	272	276	285	290	293
1A_SB	15	d	231	236	243	246	250	254	260	263	269	273	277	286	291	/
1A_SB	16	a	244	251	259	262	266	270	276	280	286	289	293	302	308	312
1A_SB	16	d	246	252	260	263	267	271	277	281	287	290	294	303	309	/
1A_SB	17	a	260	267	275	278	281	284	289	292	297	300	303	312	318	321
1A_SB	17	d	262	268	276	279	282	285	290	293	298	301	304	313	319	/
1A_SB	18	a	278	285	295	298	301	305	310	314	319	323	327	335	339	342
1A_SB	18	d	280	286	296	299	302	306	311	315	320	324	328	336	340	/
1A_SB	19	a	294	300	309	312	315	319	325	328	333	336	340	349	354	357
1A_SB	19	d	296	301	310	313	316	320	326	329	334	337	341	350	355	/
1A_SB	20	a	308	314	322	326	329	332	338	342	347	351	354	363	368	371
1A_SB	20	d	310	315	323	327	330	333	339	343	348	352	355	364	369	/
1A_SB	21	a	323	329	336	339	342	345	349	353	359	363	367	376	381	384
1A_SB	21	d	325	330	337	340	343	346	350	354	360	364	368	377	382	/
1A_SB	22	a	337	343	350	353	357	360	365	368	374	377	380	390	396	399
1A_SB	22	d	339	344	351	354	358	361	366	369	375	378	381	391	397	/
1A_SB	23	a	354	361	368	372	375	378	384	388	394	397	401	410	416	419
1A_SB	23	d	356	362	369	373	376	379	385	389	395	398	402	411	417	/
1A_SB	24	a	370	377	386	390	393	397	402	406	412	415	419	426	431	434
1A_SB	24	d	372	378	387	391	394	398	403	407	413	416	420	427	432	/
1A_SB	25	a	384	391	399	403	406	410	415	419	425	429	433	440	445	448
1A_SB	25	d	386	392	400	404	407	411	416	420	426	430	434	441	446	/
1A_SB	26	a	401	408	416	419	422	425	431	435	440	443	447	456	461	465
1A_SB	26	d	403	409	417	420	423	426	432	436	441	444	448	457	462	/
1A_SB	27	a	417	425	434	438	441	445	450	454	460	463	466	475	481	484
1A_SB	27	d	419	426	435	439	442	446	451	455	461	464	467	476	482	/
1A_SB	28	a	434	440	449	452	456	459	465	468	473	476	480	490	495	499
1A_SB	28	d	436	441	450	453	457	460	466	469	474	477	481	491	496	/
1A_SB	29	a	451	457	464	467	470	473	479	482	487	491	495	505	510	513
1A_SB	29	d	453	458	465	468	471	474	480	483	488	492	496	506	511	/
1A_SB	30	a	467	474	482	485	489	492	497	501	506	509	512	519	524	527
1A_SB	30	d	469	475	483	486	490	493	498	502	507	510	513	520	525	/
1A_SB	31	a	481	489	497	500	503	506	512	515	521	524	527	536	541	544
1A_SB	31	d	483	490	498	501	504	507	513	516	522	525	528	537	542	/
1A_SB	32	a	496	503	511	515	518	521	526	530	535	538	541	550	555	558
1A_SB	32	d	498	504	512	516	519	522	527	531	536	539	542	551	556	/
1A_SB	33	a	512	518	525	528	531	535	540	543	548	552	556	564	569	572
1A_SB	33	d	514	519	526	529	532	536	541	544	549	553	557	565	570	/
1A_SB	34	a	529	535	542	546	549	552	558	561	567	570	574	581	586	589
1A_SB	34	d	531	536	543	547	550	553	559	562	568	571	575	582	587	/
1A_SB	35	a	543	550	557	560	563	567	572	576	582	585	589	597	603	607
1A_SB	35	d	545	551	558	561	564	568	573	577	583	586	590	598	604	/
1A_SB	36	a	559	565	573	576	579	582	589	593	599	603	606	616	622	625
1A_SB	36	d	561	566	574	577	580	583	590	594	600	604	607	617	623	/
1A_SB	37	a	575	582	590	593	596	599	604	607	612	616	620	628	634	638
1A_SB	37	d	577	583	591	594	597	600	605	608	613	617	621	629	635	/
1A_SB	38	a	592	598	606	610	614	618	624	627	632	635	639	647	652	655
1A_SB	38	d	594	599	607	611	615	619	625	628	633	636	640	648	653	/
1A_SB	39	a	607	615	623	626	629	632	637	640	645	649	652	659	665	669
1A_SB	39	d	609	616	624	627	630	633	638	641	646	650	653	660	666	/
1A_SB	40	a	622	629	639	642	645	648	653	657	662	666	670	677	683	686
1A_SB	40	d	624	630	640	643	646	649	654	658	663	667	671	678	684	/
1A_SB	41	a	637	644	653	656	659	662	668	672	677	680	683	692	698	702
1A_SB	41	d	639	645	654	657	660	663	669	673	678	681	684	693	699	/
1A_SB	42	a	649	656	665	668	671	674	681	684	689	692	695	705	710	713
1A_SB	42	d	651	657	666	669	672	675	682	685	690	693	696	706	711	/
1A_SB	43	a	665	671	679	682	685	689	695	698	704	707	710	720	725	728
1A_SB	43	d	667	672	680	683	686	690	696	699	705	708	711	721	726	/
1A_SB	44	a	678	685	693	696	700	704	710	713	719	722	725	735	740	743
1A_SB	44	d	680	686	694	697	701	705	711	714	720	723	726	736	741	/
1A_SB	45	a	691	698	707	710	713	716	722	725	731	734	737	746	751	755
1A_SB	45	d	693	699	708	711	714	717	723	726	732	735	738	747	752	/
1A_SB	46	a	708	714	724	727	731	734	741	744	750	753	757	766	771	775
1A_SB	46	d	710	715	725	728	732	735	742	745	751	754	758	767	772	/
1A_SB	47	a	723	730	739	742	746	749	756	759	764	767	771	780	786	789
1A_SB	47	d	725	731	740	743	747	750	757	760	765	768	772	781	787	/
1A_SB	48	a	740	747	755	758	761	765	770	773	778	781	785	793	799	803
1A_SB	48	d	742	748	756	759	762	766	771	774	779	782	786	794	800	/
1A_SB	49	a	754	761	769	772	775	778	783	786	792	795	799	809	815	818
1A_SB	49	d	756	762	770	773	776	779	784	787	793	796	800	810	816	/
1A_SB	50	a	767	773	782	785	789	792	797	800	806	809	813	821	827	831
1A_SB	50	d	769	774	783	786	790	793	798	801	807	810	814	822	828	/
1A_SB	51	a	780	786	796	800	804	807	813	817	824	828	832	839	845	849
1A_SB	51	d	782	787	797	801	805	808	814	818	825	829	833	840	846	/
1A_SB	52	a	798	805	812	815	819	823	828	833	838	842	846	855	861	865
1A_SB	52	d	800	806	813	816	820	824	829	834	839	843	847	856	862	/
1A_SB	53	a	810	816	824	827	831	835	841	845	850	854	857	866	872	875
1A_SB	53	d	812	817	825	828	832	836	842	846	851	855	858	867	873	/
1A_SB	54	a	827	833	842	846	849	852	857	860	865	868	871	879	884	887
1A_SB	54	d	829	834	843	847	850	853	858	861	866	869	872	880	885	/
1A_SB	55	a	845	852	861	864	867	870	875	878	884	887	890	898	904	908
1A_SB	55	d	847	853	862	865	868	871	876	879	885	888	891	899	905	/
1A_SB	56	a	861	868	878	881	884	887	892	896	902	905	908	918	923	926
1A_SB	56	d	863	869	879	882	885	888	893	897	903	906	909	919	924	/
1A_SB	57	a	879	886	893	896	899	903	909	912	917	920	924	932	937	941
1A_SB	57	d	881	887	894	897	900	904	910	913	918	921	925	933	938	/
1A_SB	58	a	896	903	910	913	916	920	926	929	935	939	942	950	955	959
1A_SB	58	d	898	904	911	914	917	921	927	930	936	940	943	951	956	/
1A_SB	59	a	910	916	925	928	931	935	941	944	952	955	959	968	973	977
1A_SB	59	d	912	917	926	929	932	936	942	945	953	956	960	969	974	/
1A_SB	60	a	928	934	943	947	950	953	959	963	970	973	976	988	994	998
1A_SB	60	d	930	935	944	948	951	954	960	964	971	974	977	989	995	/
1A_SB	61	a	944	950	959	963	966	969	974	977	982	985	988	1000	1005	1009
1A_SB	61	d	946	951	960	964	967	970	975	978	983	986	989	1001	1006	/
1A_SB	62	a	961	968	976	980	983	986	992	995	1001	1004	1008	1018	1023	1026
1A_SB	62	d	963	969	977	981	984	987	993	996	1002	1005	1009	1019	1024	/
1A_SB	63	a	977	984	992	995	998	1002	1007	1011	1016	1019	1023	1031	1036	1040
1A_SB	63	d	979	985	993	996	999	1003	1008	1012	1017	1020	1024	1032	1037	/
1A_SB	64	a	992	999	1007	1010	1014	1017	1023	1026	1031	1034	1038	1047	1053	1057
1A_SB	64	d	994	1000	1008	1011	1015	1018	1024	1027	1032	1035	1039	1048	1054	/
1A_NB	1	a	12	18	23	30	37	40	45	49	55	59	63	67	74	78
1A_NB	1	d	14	19	24	31	38	41	46	50	56	60	64	68	75	/
1A_NB	2	a	25	30	34	40	47	50	56	60	66	70	74	77	84	88
1A_NB	2	d	27	31	35	41	48	51	57	61	67	71	75	78	85	/
1A_NB	3	a	43	49	54	61	66	69	74	78	84	87	90	94	102	107
1A_NB	3	d	45	50	55	62	67	70	75	79	85	88	91	95	103	/
1A_NB	4	a	57	63	68	74	79	82	87	91	97	101	105	108	116	121
1A_NB	4	d	59	64	69	75	80	83	88	92	98	102	106	109	117	/
1A_NB	5	a	74	79	84	91	97	101	107	111	118	121	124	127	135	141
1A_NB	5	d	76	80	85	92	98	102	108	112	119	122	125	128	136	/
1A_NB	6	a	91	96	101	107	113	117	122	125	132	135	139	142	149	154
1A_NB	6	d	93	97	102	108	114	118	123	126	133	136	140	143	150	/
1A_NB	7	a	107	112	118	125	131	134	140	143	150	153	156	159	166	172
1A_NB	7	d	109	113	119	126	132	135	141	144	151	154	157	160	167	/
1A_NB	8	a	120	126	131	137	143	146	152	155	161	164	167	170	177	183
1A_NB	8	d	122	127	132	138	144	147	153	156	162	165	168	171	178	/
1A_NB	9	a	136	141	146	154	159	162	166	170	176	179	183	186	194	200
1A_NB	9	d	138	142	147	155	160	163	167	171	177	180	184	187	195	/
1A_NB	10	a	150	155	161	168	173	177	182	185	191	194	197	201	208	214
1A_NB	10	d	152	156	162	169	174	178	183	186	192	195	198	202	209	/
1A_NB	11	a	165	170	175	183	189	193	200	203	209	213	216	220	227	232
1A_NB	11	d	167	171	176	184	190	194	201	204	210	214	217	221	228	/
1A_NB	12	a	181	187	192	200	206	209	215	218	224	227	231	234	241	246
1A_NB	12	d	183	188	193	201	207	210	216	219	225	228	232	235	242	/
1A_NB	13	a	194	199	205	211	216	219	225	229	235	238	242	245	252	257
1A_NB	13	d	196	200	206	212	217	220	226	230	236	239	243	246	253	/
1A_NB	14	a	211	216	222	229	236	239	244	248	254	257	260	263	271	277
1A_NB	14	d	213	217	223	230	237	240	245	249	255	258	261	264	272	/
1A_NB	15	a	226	231	236	243	249	252	257	261	266	269	272	275	283	289
1A_NB	15	d	228	232	237	244	250	253	258	262	267	270	273	276	284	/
1A_NB	16	a	243	249	255	261	266	269	274	278	284	287	291	294	301	305
1A_NB	16	d	245	250	256	262	267	270	275	279	285	288	292	295	302	/
1A_NB	17	a	260	265	270	277	283	286	291	295	300	303	307	310	316	321
1A_NB	17	d	262	266	271	278	284	287	292	296	301	304	308	311	317	/
1A_NB	18	a	275	281	286	293	299	302	307	311	317	320	324	327	333	338
1A_NB	18	d	277	282	287	294	300	303	308	312	318	321	325	328	334	/
1A_NB	19	a	293	298	303	310	316	320	324	327	334	338	342	346	353	360
1A_NB	19	d	295	299	304	311	317	321	325	328	335	339	343	347	354	/
1A_NB	20	a	309	315	320	328	333	336	341	345	351	355	358	362	369	375
1A_NB	20	d	311	316	321	329	334	337	342	346	352	356	359	363	370	/
1A_NB	21	a	324	329	334	341	345	348	353	357	363	366	370	373	380	385
1A_NB	21	d	326	330	335	342	346	349	354	358	364	367	371	374	381	/
1A_NB	22	a	336	341	346	353	359	362	368	372	377	380	383	386	394	399
1A_NB	22	d	338	342	347	354	360	363	369	373	378	381	384	387	395	/
1A_NB	23	a	354	360	365	374	380	383	388	391	397	400	403	406	413	418
1A_NB	23	d	356	361	366	375	381	384	389	392	398	401	404	407	414	/
1A_NB	24	a	370	375	380	388	394	397	403	406	412	415	418	421	428	434
1A_NB	24	d	372	376	381	389	395	398	404	407	413	416	419	422	429	/
1A_NB	25	a	388	393	399	406	413	416	421	425	432	435	439	442	449	454
1A_NB	25	d	390	394	400	407	414	417	422	426	433	436	440	443	450	/
1A_NB	26	a	405	410	415	421	427	430	435	439	446	449	452	455	461	466
1A_NB	26	d	407	411	416	422	428	431	436	440	447	450	453	456	462	/
1A_NB	27	a	418	423	429	436	441	444	449	453	458	461	464	467	474	480
1A_NB	27	d	420	424	430	437	442	445	450	454	459	462	465	468	475	/
1A_NB	28	a	436	441	446	454	460	463	468	471	477	480	484	487	494	499
1A_NB	28	d	438	442	447	455	461	464	469	472	478	481	485	488	495	/
1A_NB	29	a	451	456	462	468	473	476	482	486	492	495	499	502	511	517
1A_NB	29	d	453	457	463	469	474	477	483	487	493	496	500	503	512	/
1A_NB	30	a	466	471	477	484	490	493	499	503	508	511	515	518	526	532
1A_NB	30	d	468	472	478	485	491	494	500	504	509	512	516	519	527	/
1A_NB	31	a	483	488	494	502	508	511	517	521	527	530	534	538	546	552
1A_NB	31	d	485	489	495	503	509	512	518	522	528	531	535	539	547	/
1A_NB	32	a	497	502	508	516	521	524	529	533	539	542	546	549	558	563
1A_NB	32	d	499	503	509	517	522	525	530	534	540	543	547	550	559	/
1A_NB	33	a	514	519	525	531	537	540	545	549	555	558	562	565	572	577
1A_NB	33	d	516	520	526	532	538	541	546	550	556	559	563	566	573	/
1A_NB	34	a	528	533	539	546	552	555	560	564	570	573	576	580	586	592
1A_NB	34	d	530	534	540	547	553	556	561	565	571	574	577	581	587	/
1A_NB	35	a	546	552	559	566	572	575	580	584	590	594	598	601	608	614
1A_NB	35	d	548	553	560	567	573	576	581	585	591	595	599	602	609	/
1A_NB	36	a	562	567	573	580	585	589	594	598	604	607	611	614	621	626
1A_NB	36	d	564	568	574	581	586	590	595	599	605	608	612	615	622	/
1A_NB	37	a	575	580	586	594	599	602	607	610	616	620	623	626	633	638
1A_NB	37	d	577	581	587	595	600	603	608	611	617	621	624	627	634	/
1A_NB	38	a	593	599	604	610	615	618	623	627	632	636	640	643	651	656
1A_NB	38	d	595	600	605	611	616	619	624	628	633	637	641	644	652	/
1A_NB	39	a	609	614	619	626	631	635	641	645	652	656	660	663	670	675
1A_NB	39	d	611	615	620	627	632	636	642	646	653	657	661	664	671	/
1A_NB	40	a	623	628	633	640	645	648	653	657	664	667	671	674	681	687
1A_NB	40	d	625	629	634	641	646	649	654	658	665	668	672	675	682	/
1A_NB	41	a	640	645	651	657	663	666	672	676	682	685	689	692	699	706
1A_NB	41	d	642	646	652	658	664	667	673	677	683	686	690	693	700	/
1A_NB	42	a	655	660	665	672	677	680	685	689	695	698	702	705	712	717
1A_NB	42	d	657	661	666	673	678	681	686	690	696	699	703	706	713	/
1A_NB	43	a	668	674	680	686	691	694	699	703	709	712	716	720	727	733
1A_NB	43	d	670	675	681	687	692	695	700	704	710	713	717	721	728	/
1A_NB	44	a	681	687	693	701	706	710	716	719	725	728	732	735	742	748
1A_NB	44	d	683	688	694	702	707	711	717	720	726	729	733	736	743	/
1A_NB	45	a	697	703	710	718	724	728	734	737	743	747	750	753	761	767
1A_NB	45	d	699	704	711	719	725	729	735	738	744	748	751	754	762	/
1A_NB	46	a	711	717	722	730	735	738	744	747	753	757	761	764	772	778
1A_NB	46	d	713	718	723	731	736	739	745	748	754	758	762	765	773	/
1A_NB	47	a	729	734	741	748	753	756	762	766	771	775	778	781	787	793
1A_NB	47	d	731	735	742	749	754	757	763	767	772	776	779	782	788	/
1A_NB	48	a	745	750	757	764	770	774	779	782	788	792	795	798	803	807
1A_NB	48	d	747	751	758	765	771	775	780	783	789	793	796	799	804	/
1A_NB	49	a	759	764	770	778	784	787	792	795	801	805	809	812	819	824
1A_NB	49	d	761	765	771	779	785	788	793	796	802	806	810	813	820	/
1A_NB	50	a	774	779	785	792	797	801	806	810	815	818	822	825	831	837
1A_NB	50	d	776	780	786	793	798	802	807	811	816	819	823	826	832	/
1A_NB	51	a	792	797	803	810	815	819	824	828	835	838	842	845	852	857
1A_NB	51	d	794	798	804	811	816	820	825	829	836	839	843	846	853	/
1A_NB	52	a	804	810	816	824	829	832	837	841	847	850	854	857	864	869
1A_NB	52	d	806	811	817	825	830	833	838	842	848	851	855	858	865	/
1A_NB	53	a	823	829	834	840	844	847	852	856	862	865	868	871	878	883
1A_NB	53	d	825	830	835	841	845	848	853	857	863	866	869	872	879	/
1A_NB	54	a	838	843	848	854	859	863	868	872	878	882	886	889	895	901
1A_NB	54	d	840	844	849	855	860	864	869	873	879	883	887	890	896	/
1A_NB	55	a	853	859	864	871	877	880	885	889	895	899	902	905	912	918
1A_NB	55	d	855	860	865	872	878	881	886	890	896	900	903	906	913	/
1A_NB	56	a	866	872	878	886	892	896	902	906	913	917	921	924	931	936
1A_NB	56	d	868	873	879	887	893	897	903	907	914	918	922	925	932	/
1A_NB	57	a	880	886	891	898	904	907	912	916	922	925	929	932	939	944
1A_NB	57	d	882	887	892	899	905	908	913	917	923	926	930	933	940	/
1A_NB	58	a	897	903	908	916	921	924	929	932	938	942	945	948	956	961
1A_NB	58	d	899	904	909	917	922	925	930	933	939	943	946	949	957	/
1A_NB	59	a	913	918	924	931	937	941	947	950	956	960	964	968	975	980
1A_NB	59	d	915	919	925	932	938	942	948	951	957	961	965	969	976	/
1A_NB	60	a	932	937	942	949	954	957	962	966	973	977	980	983	989	994
1A_NB	60	d	934	938	943	950	955	958	963	967	974	978	981	984	990	/
1A_NB	61	a	953	958	964	972	979	983	988	992	999	1003	1007	1010	1018	1024
1A_NB	61	d	955	959	965	973	980	984	989	993	1000	1004	1008	1011	1019	/
1A_NB	62	a	967	972	977	983	988	992	997	1001	1008	1012	1016	1019	1026	1031
1A_NB	62	d	969	973	978	984	989	993	998	1002	1009	1013	1017	1020	1027	/
1A_NB	63	a	979	985	989	996	1002	1006	1012	1016	1023	1026	1030	1034	1040	1045
1A_NB	63	d	981	986	990	997	1003	1007	1013	1017	1024	1027	1031	1035	1041	/
1A_NB	64	a	996	1001	1006	1013	1019	1022	1027	1031	1037	1040	1044	1047	1053	1060
1A_NB	64	d	998	1002	1007	1014	1020	1023	1028	1032	1038	1041	1045	1048	1054	/
2A_NB	1	a	16	21	25	31	34	37	42	47	50	58	64	66	68	71	74	77	81	84	87	91	95	98	102	109
2A_NB	1	d	18	22	26	32	35	38	43	48	51	59	65	67	69	72	75	78	82	85	88	92	96	99	103	/
2A_NB	2	a	31	36	40	46	49	52	58	62	65	74	80	82	84	87	90	92	95	98	102	105	109	113	116	123
2A_NB	2	d	33	37	41	47	50	53	59	63	66	75	81	83	85	88	91	93	96	99	103	106	110	114	117	/
2A_NB	3	a	48	53	57	62	65	68	74	78	82	91	98	101	103	106	109	112	115	117	121	124	128	131	134	142
2A_NB	3	d	50	54	58	63	66	69	75	79	83	92	99	102	104	107	110	113	116	118	122	125	129	132	135	/
2A_NB	4	a	66	71	75	80	83	86	92	95	99	108	114	117	119	122	125	128	131	133	137	141	145	148	152	159
2A_NB	4	d	68	72	76	81	84	87	93	96	100	109	115	118	120	123	126	129	132	134	138	142	146	149	153	/
2A_NB	5	a	83	88	92	96	98	101	107	111	114	121	127	129	132	135	139	142	145	148	151	154	158	161	165	173
2A_NB	5	d	85	89	93	97	99	102	108	112	115	122	128	130	133	136	140	143	146	149	152	155	159	162	166	/
2A_NB	6	a	99	103	106	111	113	117	122	125	128	136	143	146	148	152	155	158	162	164	168	171	175	179	182	190
2A_NB	6	d	101	104	107	112	114	118	123	126	129	137	144	147	149	153	156	159	163	165	169	172	176	180	183	/
2A_NB	7	a	112	117	120	125	128	131	136	140	144	153	159	162	164	167	171	173	176	178	182	186	189	193	196	204
2A_NB	7	d	114	118	121	126	129	132	137	141	145	154	160	163	165	168	172	174	177	179	183	187	190	194	197	/
2A_NB	8	a	126	130	134	139	141	144	149	153	156	164	171	173	176	179	183	186	189	191	195	199	203	206	210	218
2A_NB	8	d	128	131	135	140	142	145	150	154	157	165	172	174	177	180	184	187	190	192	196	200	204	207	211	/
2A_NB	9	a	140	145	149	155	157	160	165	169	173	181	187	190	193	196	199	202	205	207	211	215	219	222	225	233
2A_NB	9	d	142	146	150	156	158	161	166	170	174	182	188	191	194	197	200	203	206	208	212	216	220	223	226	/
2A_NB	10	a	153	158	161	167	169	173	179	183	186	196	203	206	209	213	217	220	224	226	230	234	238	241	244	252
2A_NB	10	d	155	159	162	168	170	174	180	184	187	197	204	207	210	214	218	221	225	227	231	235	239	242	245	/
2A_NB	11	a	169	173	177	182	185	188	193	197	200	209	215	218	220	224	228	231	234	236	240	244	248	251	254	261
2A_NB	11	d	171	174	178	183	186	189	194	198	201	210	216	219	221	225	229	232	235	237	241	245	249	252	255	/
2A_NB	12	a	184	189	193	199	201	205	211	214	217	226	232	234	236	239	242	245	248	250	253	257	260	264	267	274
2A_NB	12	d	186	190	194	200	202	206	212	215	218	227	233	235	237	240	243	246	249	251	254	258	261	265	268	/
2A_NB	13	a	197	202	206	212	215	218	223	226	230	239	246	249	251	254	257	260	263	265	269	273	277	280	284	291
2A_NB	13	d	199	203	207	213	216	219	224	227	231	240	247	250	252	255	258	261	264	266	270	274	278	281	285	/
2A_NB	14	a	212	217	220	226	228	231	238	241	245	254	259	261	264	267	270	273	277	279	282	286	289	292	295	302
2A_NB	14	d	214	218	221	227	229	232	239	242	246	255	260	262	265	268	271	274	278	280	283	287	290	293	296	/
2A_NB	15	a	225	230	234	239	241	244	250	254	258	268	273	275	277	280	283	286	290	292	296	300	303	306	309	317
2A_NB	15	d	227	231	235	240	242	245	251	255	259	269	274	276	278	281	284	287	291	293	297	301	304	307	310	/
2A_NB	16	a	243	248	252	257	259	262	266	270	274	285	291	294	296	300	303	305	309	311	314	318	322	325	329	336
2A_NB	16	d	245	249	253	258	260	263	267	271	275	286	292	295	297	301	304	306	310	312	315	319	323	326	330	/
2A_NB	17	a	256	261	265	270	272	275	280	284	288	297	303	305	307	311	314	317	320	323	327	331	335	338	341	348
2A_NB	17	d	258	262	266	271	273	276	281	285	289	298	304	306	308	312	315	318	321	324	328	332	336	339	342	/
2A_NB	18	a	274	279	283	288	291	294	299	303	306	315	321	324	326	330	333	336	339	342	346	349	353	356	359	366
2A_NB	18	d	276	280	284	289	292	295	300	304	307	316	322	325	327	331	334	337	340	343	347	350	354	357	360	/
2A_NB	19	a	288	292	295	301	304	308	314	318	322	330	336	339	341	344	348	351	354	356	360	363	367	370	374	381
2A_NB	19	d	290	293	296	302	305	309	315	319	323	331	337	340	342	345	349	352	355	357	361	364	368	371	375	/
2A_NB	20	a	303	308	312	317	319	322	328	332	335	344	350	352	354	357	361	364	367	369	372	375	378	382	386	393
2A_NB	20	d	305	309	313	318	320	323	329	333	336	345	351	353	355	358	362	365	368	370	373	376	379	383	387	/
2A_NB	21	a	318	322	326	332	335	338	343	347	351	360	366	369	372	375	379	381	385	388	391	395	398	401	405	412
2A_NB	21	d	320	323	327	333	336	339	344	348	352	361	367	370	373	376	380	382	386	389	392	396	399	402	406	/
2A_NB	22	a	334	338	342	348	351	354	360	363	367	376	382	384	386	389	392	394	397	399	403	407	411	414	417	424
2A_NB	22	d	336	339	343	349	352	355	361	364	368	377	383	385	387	390	393	395	398	400	404	408	412	415	418	/
2A_NB	23	a	352	356	359	364	366	369	375	379	383	393	399	402	404	407	410	413	416	418	422	425	429	433	436	443
2A_NB	23	d	354	357	360	365	367	370	376	380	384	394	400	403	405	408	411	414	417	419	423	426	430	434	437	/
2A_NB	24	a	366	370	374	379	382	386	391	394	397	405	412	414	417	420	423	425	428	430	434	437	441	444	447	454
2A_NB	24	d	368	371	375	380	383	387	392	395	398	406	413	415	418	421	424	426	429	431	435	438	442	445	448	/
2A_NB	25	a	384	389	393	398	401	404	410	414	418	426	432	435	438	441	445	448	451	453	457	460	464	468	471	479
2A_NB	25	d	386	390	394	399	402	405	411	415	419	427	433	436	439	442	446	449	452	454	458	461	465	469	472	/
2A_NB	26	a	398	402	406	411	413	417	423	427	431	440	445	448	451	455	459	462	465	467	470	473	477	481	484	492
2A_NB	26	d	400	403	407	412	414	418	424	428	432	441	446	449	452	456	460	463	466	468	471	474	478	482	485	/
2A_NB	27	a	413	417	421	426	429	433	438	442	446	455	460	463	466	469	473	476	479	481	485	488	492	495	498	505
2A_NB	27	d	415	418	422	427	430	434	439	443	447	456	461	464	467	470	474	477	480	482	486	489	493	496	499	/
2A_NB	28	a	428	433	437	443	445	448	454	458	462	471	477	480	482	485	489	491	494	496	500	503	507	511	514	521
2A_NB	28	d	430	434	438	444	446	449	455	459	463	472	478	481	483	486	490	492	495	497	501	504	508	512	515	/
2A_NB	29	a	444	448	452	457	459	463	468	471	474	483	489	492	494	497	500	503	506	508	512	516	519	522	525	532
2A_NB	29	d	446	449	453	458	460	464	469	472	475	484	490	493	495	498	501	504	507	509	513	517	520	523	526	/
2A_NB	30	a	457	461	465	471	473	477	482	485	488	497	503	506	508	511	514	517	521	524	527	531	535	539	542	549
2A_NB	30	d	459	462	466	472	474	478	483	486	489	498	504	507	509	512	515	518	522	525	528	532	536	540	543	/
2A_NB	31	a	470	475	479	485	487	490	496	500	504	514	521	524	526	530	534	537	540	542	545	549	553	556	559	565
2A_NB	31	d	472	476	480	486	488	491	497	501	505	515	522	525	527	531	535	538	541	543	546	550	554	557	560	/
2A_NB	32	a	484	489	493	499	502	506	511	514	518	530	536	538	540	544	547	550	554	556	559	564	567	570	573	580
2A_NB	32	d	486	490	494	500	503	507	512	515	519	531	537	539	541	545	548	551	555	557	560	565	568	571	574	/
2A_NB	33	a	498	503	507	512	514	517	522	525	529	539	544	547	549	553	556	559	562	564	567	572	576	580	583	590
2A_NB	33	d	500	504	508	513	515	518	523	526	530	540	545	548	550	554	557	560	563	565	568	573	577	581	584	/
2A_NB	34	a	513	517	521	526	529	532	537	541	545	555	560	563	565	568	571	574	578	581	585	588	591	595	599	606
2A_NB	34	d	515	518	522	527	530	533	538	542	546	556	561	564	566	569	572	575	579	582	586	589	592	596	600	/
2A_NB	35	a	525	530	534	540	542	546	552	556	560	571	577	579	581	584	587	589	592	594	597	600	604	608	611	618
2A_NB	35	d	527	531	535	541	543	547	553	557	561	572	578	580	582	585	588	590	593	595	598	601	605	609	612	/
2A_NB	36	a	544	548	552	558	560	563	569	573	576	584	590	592	594	597	600	602	606	609	613	616	620	623	626	635
2A_NB	36	d	546	549	553	559	561	564	570	574	577	585	591	593	595	598	601	603	607	610	614	617	621	624	627	/
2A_NB	37	a	559	563	568	573	576	579	584	588	592	601	608	611	613	616	620	622	625	627	631	635	638	642	645	651
2A_NB	37	d	561	564	569	574	577	580	585	589	593	602	609	612	614	617	621	623	626	628	632	636	639	643	646	/
2A_NB	38	a	573	578	582	587	590	593	599	603	606	614	620	623	625	628	632	634	637	639	643	647	650	653	656	662
2A_NB	38	d	575	579	583	588	591	594	600	604	607	615	621	624	626	629	633	635	638	640	644	648	651	654	657	/
2A_NB	39	a	589	594	599	605	608	611	616	620	623	630	636	639	642	645	648	651	655	657	661	665	669	672	675	682
2A_NB	39	d	591	595	600	606	609	612	617	621	624	631	637	640	643	646	649	652	656	658	662	666	670	673	676	/
2A_NB	40	a	605	610	615	621	623	626	632	636	639	648	654	656	659	662	665	668	672	674	678	682	685	688	692	700
2A_NB	40	d	607	611	616	622	624	627	633	637	640	649	655	657	660	663	666	669	673	675	679	683	686	689	693	/
2A_NB	41	a	618	623	627	633	635	639	644	648	651	661	666	669	671	674	678	680	684	687	691	694	698	701	705	712
2A_NB	41	d	620	624	628	634	636	640	645	649	652	662	667	670	672	675	679	681	685	688	692	695	699	702	706	/
2A_NB	42	a	632	636	640	646	649	652	657	661	664	672	677	679	682	685	689	692	696	699	702	705	709	712	715	722
2A_NB	42	d	634	637	641	647	650	653	658	662	665	673	678	680	683	686	690	693	697	700	703	706	710	713	716	/
2A_NB	43	a	649	653	657	662	664	667	672	675	679	687	693	696	699	703	706	708	712	715	719	723	727	730	733	741
2A_NB	43	d	651	654	658	663	665	668	673	676	680	688	694	697	700	704	707	709	713	716	720	724	728	731	734	/
2A_NB	44	a	665	669	673	678	681	684	690	693	696	704	711	713	716	719	723	726	729	732	735	739	743	746	749	757
2A_NB	44	d	667	670	674	679	682	685	691	694	697	705	712	714	717	720	724	727	730	733	736	740	744	747	750	/
2A_NB	45	a	680	685	689	694	697	701	706	710	713	720	727	729	732	735	738	741	745	747	750	754	757	761	764	770
2A_NB	45	d	682	686	690	695	698	702	707	711	714	721	728	730	733	736	739	742	746	748	751	755	758	762	765	/
2A_NB	46	a	694	698	702	707	709	713	719	723	727	736	742	745	747	751	754	757	760	763	766	770	773	776	779	786
2A_NB	46	d	696	699	703	708	710	714	720	724	728	737	743	746	748	752	755	758	761	764	767	771	774	777	780	/
2A_NB	47	a	708	713	717	722	724	728	734	738	742	749	754	756	759	762	765	768	772	775	779	783	787	790	794	801
2A_NB	47	d	710	714	718	723	725	729	735	739	743	750	755	757	760	763	766	769	773	776	780	784	788	791	795	/
2A_NB	48	a	726	731	735	741	744	747	752	756	760	769	774	776	778	782	785	788	792	794	798	801	805	809	812	820
2A_NB	48	d	728	732	736	742	745	748	753	757	761	770	775	777	779	783	786	789	793	795	799	802	806	810	813	/
2A_NB	49	a	744	749	753	759	762	766	771	775	779	787	793	795	798	802	805	807	810	812	816	820	823	826	829	835
2A_NB	49	d	746	750	754	760	763	767	772	776	780	788	794	796	799	803	806	808	811	813	817	821	824	827	830	/
2A_NB	50	a	761	765	769	775	777	780	785	788	792	800	806	808	811	814	818	821	824	826	829	833	837	840	843	850
2A_NB	50	d	763	766	770	776	778	781	786	789	793	801	807	809	812	815	819	822	825	827	830	834	838	841	844	/
2A_NB	51	a	779	783	787	793	795	798	803	807	811	821	827	830	833	837	841	844	848	851	854	858	861	864	867	874
2A_NB	51	d	781	784	788	794	796	799	804	808	812	822	828	831	834	838	842	845	849	852	855	859	862	865	868	/
2A_NB	52	a	794	798	802	808	811	815	821	824	828	838	844	846	848	852	856	859	863	866	869	873	876	880	884	890
2A_NB	52	d	796	799	803	809	812	816	822	825	829	839	845	847	849	853	857	860	864	867	870	874	877	881	885	/
2A_NB	53	a	811	815	819	825	828	832	837	841	844	853	858	860	863	867	870	873	877	879	883	887	891	895	898	904
2A_NB	53	d	813	816	820	826	829	833	838	842	845	854	859	861	864	868	871	874	878	880	884	888	892	896	899	/
2A_NB	54	a	823	827	831	837	840	843	848	851	854	862	868	870	873	876	879	882	886	888	891	895	899	902	905	913
2A_NB	54	d	825	828	832	838	841	844	849	852	855	863	869	871	874	877	880	883	887	889	892	896	900	903	906	/
2A_NB	55	a	840	845	849	855	857	861	867	871	875	884	890	892	894	898	901	904	907	909	913	917	920	923	926	933
2A_NB	55	d	842	846	850	856	858	862	868	872	876	885	891	893	895	899	902	905	908	910	914	918	921	924	927	/
2A_NB	56	a	857	862	866	871	873	877	884	888	891	901	907	909	911	915	918	921	925	927	931	935	939	942	945	954
2A_NB	56	d	859	863	867	872	874	878	885	889	892	902	908	910	912	916	919	922	926	928	932	936	940	943	946	/
2A_NB	57	a	871	875	879	885	887	890	895	899	902	912	918	921	924	928	931	934	938	940	944	948	951	954	957	966
2A_NB	57	d	873	876	880	886	888	891	896	900	903	913	919	922	925	929	932	935	939	941	945	949	952	955	958	/
2A_NB	58	a	889	893	897	903	906	910	916	920	924	932	938	941	943	946	949	952	955	957	961	964	967	970	974	981
2A_NB	58	d	891	894	898	904	907	911	917	921	925	933	939	942	944	947	950	953	956	958	962	965	968	971	975	/
2A_NB	59	a	902	907	911	916	919	922	927	931	934	944	951	954	956	960	963	966	969	971	975	979	982	986	990	996
2A_NB	59	d	904	908	912	917	920	923	928	932	935	945	952	955	957	961	964	967	970	972	976	980	983	987	991	/
2A_NB	60	a	916	920	924	929	931	934	940	944	948	957	964	966	968	971	974	977	980	982	985	989	992	996	999	1005
2A_NB	60	d	918	921	925	930	932	935	941	945	949	958	965	967	969	972	975	978	981	983	986	990	993	997	1000	/
2A_NB	61	a	934	938	942	948	951	954	959	962	965	974	980	982	985	988	991	993	996	998	1002	1005	1008	1012	1016	1024
2A_NB	61	d	936	939	943	949	952	955	960	963	966	975	981	983	986	989	992	994	997	999	1003	1006	1009	1013	1017	/
2A_NB	62	a	948	953	957	963	965	968	973	976	979	986	992	994	997	1001	1004	1006	1009	1011	1015	1019	1022	1026	1029	1037
2A_NB	62	d	950	954	958	964	966	969	974	977	980	987	993	995	998	1002	1005	1007	1010	1012	1016	1020	1023	1027	1030	/
2A_NB	63	a	966	971	975	980	983	987	992	996	1000	1009	1015	1018	1021	1025	1029	1032	1035	1038	1042	1046	1049	1052	1055	1062
2A_NB	63	d	968	972	976	981	984	988	993	997	1001	1010	1016	1019	1022	1026	1030	1033	1036	1039	1043	1047	1050	1053	1056	/
2A_NB	64	a	982	987	991	996	999	1003	1008	1012	1016	1027	1034	1037	1039	1042	1045	1047	1050	1053	1057	1061	1064	1067	1070	1078
2A_NB	64	d	984	988	992	997	1000	1004	1009	1013	1017	1028	1035	1038	1040	1043	1046	1048	1051	1054	1058	1062	1065	1068	1071	/
2A_SB	1	a	13	20	25	29	33	35	37	40	43	47	51	54	57	60	63	69	75	78	82	87	90	94	98	101	111
2A_SB	1	d	15	21	26	30	34	36	38	41	44	48	52	55	58	61	64	70	76	79	83	88	91	95	99	102	/
2A_SB	2	a	28	35	40	44	47	49	51	55	59	63	67	70	73	77	80	87	93	96	100	106	109	113	117	120	129
2A_SB	2	d	30	36	41	45	48	50	52	56	60	64	68	71	74	78	81	88	94	97	101	107	110	114	118	121	/
2A_SB	3	a	41	48	53	57	60	63	65	69	73	77	81	83	86	89	93	101	106	110	114	120	123	128	132	135	145
2A_SB	3	d	43	49	54	58	61	64	66	70	74	78	82	84	87	90	94	102	107	111	115	121	124	129	133	136	/
2A_SB	4	a	55	62	68	71	74	76	78	82	86	90	94	97	100	103	107	114	120	124	128	134	137	141	145	148	158
2A_SB	4	d	57	63	69	72	75	77	79	83	87	91	95	98	101	104	108	115	121	125	129	135	138	142	146	149	/
2A_SB	5	a	70	77	83	87	90	92	94	97	101	105	108	111	115	119	122	129	135	139	143	148	151	155	159	163	173
2A_SB	5	d	72	78	84	88	91	93	95	98	102	106	109	112	116	120	123	130	136	140	144	149	152	156	160	164	/
2A_SB	6	a	85	91	97	100	104	106	108	111	114	118	121	123	127	130	133	140	146	150	154	160	162	166	170	173	182
2A_SB	6	d	87	92	98	101	105	107	109	112	115	119	122	124	128	131	134	141	147	151	155	161	163	167	171	174	/
2A_SB	7	a	102	108	114	117	120	122	124	127	130	134	138	140	144	147	150	158	163	166	170	177	180	184	188	191	201
2A_SB	7	d	104	109	115	118	121	123	125	128	131	135	139	141	145	148	151	159	164	167	171	178	181	185	189	192	/
2A_SB	8	a	116	123	129	132	135	137	139	142	145	149	153	155	159	162	166	174	180	183	187	194	197	202	205	208	217
2A_SB	8	d	118	124	130	133	136	138	140	143	146	150	154	156	160	163	167	175	181	184	188	195	198	203	206	209	/
2A_SB	9	a	134	139	144	147	150	153	155	158	161	165	169	172	176	179	182	189	194	197	201	207	210	214	218	221	230
2A_SB	9	d	136	140	145	148	151	154	156	159	162	166	170	173	177	180	183	190	195	198	202	208	211	215	219	222	/
2A_SB	10	a	149	155	160	164	167	169	172	175	179	183	187	190	193	196	200	206	212	215	219	226	229	234	238	241	252
2A_SB	10	d	151	156	161	165	168	170	173	176	180	184	188	191	194	197	201	207	213	216	220	227	230	235	239	242	/
2A_SB	11	a	163	169	175	179	182	184	187	191	194	198	201	203	207	210	213	220	226	229	232	239	241	245	248	251	262
2A_SB	11	d	165	170	176	180	183	185	188	192	195	199	202	204	208	211	214	221	227	230	233	240	242	246	249	252	/
2A_SB	12	a	180	187	193	196	199	202	204	207	211	215	219	221	224	228	231	237	243	247	250	255	257	261	265	268	278
2A_SB	12	d	182	188	194	197	200	203	205	208	212	216	220	222	225	229	232	238	244	248	251	256	258	262	266	269	/
2A_SB	13	a	196	202	208	211	214	217	220	223	226	230	234	236	240	243	246	254	260	264	268	273	276	280	283	287	298
2A_SB	13	d	198	203	209	212	215	218	221	224	227	231	235	237	241	244	247	255	261	265	269	274	277	281	284	288	/
2A_SB	14	a	214	220	226	230	234	237	239	243	246	249	253	256	260	263	266	272	279	283	287	293	295	300	304	308	319
2A_SB	14	d	216	221	227	231	235	238	240	244	247	250	254	257	261	264	267	273	280	284	288	294	296	301	305	309	/
2A_SB	15	a	230	237	243	247	250	253	256	259	262	265	269	271	274	278	282	290	295	298	302	308	311	316	319	323	334
2A_SB	15	d	232	238	244	248	251	254	257	260	263	266	270	272	275	279	283	291	296	299	303	309	312	317	320	324	/
2A_SB	16	a	246	252	258	261	264	267	270	273	277	280	284	286	290	293	297	305	312	316	320	325	328	333	337	341	350
2A_SB	16	d	248	253	259	262	265	268	271	274	278	281	285	287	291	294	298	306	313	317	321	326	329	334	338	342	/
2A_SB	17	a	262	268	274	277	281	284	287	290	294	297	300	302	305	309	312	320	327	331	334	340	343	347	350	354	365
2A_SB	17	d	264	269	275	278	282	285	288	291	295	298	301	303	306	310	313	321	328	332	335	341	344	348	351	355	/
2A_SB	18	a	277	283	288	291	294	296	299	302	305	308	311	313	316	319	322	330	335	338	341	347	349	353	356	360	370
2A_SB	18	d	279	284	289	292	295	297	300	303	306	309	312	314	317	320	323	331	336	339	342	348	350	354	357	361	/
2A_SB	19	a	292	299	305	308	311	314	317	320	324	328	331	334	338	341	345	353	360	364	367	374	376	380	383	386	396
2A_SB	19	d	294	300	306	309	312	315	318	321	325	329	332	335	339	342	346	354	361	365	368	375	377	381	384	387	/
2A_SB	20	a	310	316	323	326	330	333	336	340	344	348	352	354	358	362	365	372	377	380	384	391	394	398	401	404	413
2A_SB	20	d	312	317	324	327	331	334	337	341	345	349	353	355	359	363	366	373	378	381	385	392	395	399	402	405	/
2A_SB	21	a	323	329	335	338	342	345	347	350	354	358	362	364	368	371	374	382	389	392	396	402	405	410	414	417	426
2A_SB	21	d	325	330	336	339	343	346	348	351	355	359	363	365	369	372	375	383	390	393	397	403	406	411	415	418	/
2A_SB	22	a	338	345	352	355	359	362	365	368	371	375	378	381	385	388	392	400	406	409	413	418	421	425	429	432	443
2A_SB	22	d	340	346	353	356	360	363	366	369	372	376	379	382	386	389	393	401	407	410	414	419	422	426	430	433	/
2A_SB	23	a	355	361	367	371	374	377	380	384	388	392	396	399	402	405	409	416	422	425	428	435	437	442	446	449	458
2A_SB	23	d	357	362	368	372	375	378	381	385	389	393	397	400	403	406	410	417	423	426	429	436	438	443	447	450	/
2A_SB	24	a	368	375	380	384	387	390	393	396	400	404	407	410	414	418	422	429	436	440	443	449	451	456	460	463	472
2A_SB	24	d	370	376	381	385	388	391	394	397	401	405	408	411	415	419	423	430	437	441	444	450	452	457	461	464	/
2A_SB	25	a	386	393	398	401	405	408	411	414	418	422	426	428	431	434	438	446	452	456	460	466	469	474	477	480	491
2A_SB	25	d	388	394	399	402	406	409	412	415	419	423	427	429	432	435	439	447	453	457	461	467	470	475	478	481	/
2A_SB	26	a	401	407	413	417	421	424	427	430	433	437	441	443	446	449	452	458	464	467	471	478	481	485	488	492	503
2A_SB	26	d	403	408	414	418	422	425	428	431	434	438	442	444	447	450	453	459	465	468	472	479	482	486	489	493	/
2A_SB	27	a	416	422	427	430	434	437	440	443	447	450	454	456	459	462	465	472	478	481	485	491	494	499	503	506	515
2A_SB	27	d	418	423	428	431	435	438	441	444	448	451	455	457	460	463	466	473	479	482	486	492	495	500	504	507	/
2A_SB	28	a	432	438	444	447	451	453	455	458	462	465	469	471	474	478	482	490	496	500	503	508	511	516	520	523	532
2A_SB	28	d	434	439	445	448	452	454	456	459	463	466	470	472	475	479	483	491	497	501	504	509	512	517	521	524	/
2A_SB	29	a	446	452	458	461	464	466	469	473	477	481	484	486	490	493	497	504	510	513	517	523	526	531	534	537	547
2A_SB	29	d	448	453	459	462	465	467	470	474	478	482	485	487	491	494	498	505	511	514	518	524	527	532	535	538	/
2A_SB	30	a	464	470	476	480	483	485	488	491	495	499	502	504	507	511	514	521	527	530	533	538	541	546	550	553	564
2A_SB	30	d	466	471	477	481	484	486	489	492	496	500	503	505	508	512	515	522	528	531	534	539	542	547	551	554	/
2A_SB	31	a	480	487	492	495	498	500	502	505	508	512	515	517	521	524	528	535	540	543	547	552	555	560	563	567	577
2A_SB	31	d	482	488	493	496	499	501	503	506	509	513	516	518	522	525	529	536	541	544	548	553	556	561	564	568	/
2A_SB	32	a	497	503	509	513	516	518	521	524	527	530	534	537	541	544	547	554	559	563	567	572	575	579	582	586	595
2A_SB	32	d	499	504	510	514	517	519	522	525	528	531	535	538	542	545	548	555	560	564	568	573	576	580	583	587	/
2A_SB	33	a	512	519	526	530	533	536	539	542	546	549	553	556	559	562	566	573	578	581	585	592	595	599	603	606	614
2A_SB	33	d	514	520	527	531	534	537	540	543	547	550	554	557	560	563	567	574	579	582	586	593	596	600	604	607	/
2A_SB	34	a	525	531	537	541	544	546	548	551	555	559	562	564	567	570	573	580	585	588	592	599	602	606	610	613	621
2A_SB	34	d	527	532	538	542	545	547	549	552	556	560	563	565	568	571	574	581	586	589	593	600	603	607	611	614	/
2A_SB	35	a	542	548	554	558	562	564	567	570	573	576	579	581	584	587	590	599	605	609	613	618	621	625	628	632	641
2A_SB	35	d	544	549	555	559	563	565	568	571	574	577	580	582	585	588	591	600	606	610	614	619	622	626	629	633	/
2A_SB	36	a	560	567	573	577	580	582	585	588	591	595	598	600	603	606	610	617	623	626	630	636	639	644	647	650	658
2A_SB	36	d	562	568	574	578	581	583	586	589	592	596	599	601	604	607	611	618	624	627	631	637	640	645	648	651	/
2A_SB	37	a	573	579	585	588	592	595	598	601	604	608	612	614	617	621	624	630	636	639	643	649	652	657	660	664	672
2A_SB	37	d	575	580	586	589	593	596	599	602	605	609	613	615	618	622	625	631	637	640	644	650	653	658	661	665	/
2A_SB	38	a	591	598	603	606	609	612	615	618	621	625	629	631	634	638	641	648	654	657	660	666	669	673	676	679	688
2A_SB	38	d	593	599	604	607	610	613	616	619	622	626	630	632	635	639	642	649	655	658	661	667	670	674	677	680	/
2A_SB	39	a	607	614	621	624	627	630	633	637	640	643	647	649	652	655	658	666	672	676	680	687	690	694	698	702	710
2A_SB	39	d	609	615	622	625	628	631	634	638	641	644	648	650	653	656	659	667	673	677	681	688	691	695	699	703	/
2A_SB	40	a	623	629	635	638	641	644	647	650	653	657	661	663	667	671	675	682	687	690	693	698	701	705	709	713	722
2A_SB	40	d	625	630	636	639	642	645	648	651	654	658	662	664	668	672	676	683	688	691	694	699	702	706	710	714	/
2A_SB	41	a	639	646	652	655	658	661	664	667	670	674	678	680	684	687	690	697	702	705	709	716	719	724	728	732	742
2A_SB	41	d	641	647	653	656	659	662	665	668	671	675	679	681	685	688	691	698	703	706	710	717	720	725	729	733	/
2A_SB	42	a	653	659	665	668	671	673	676	679	682	686	690	692	696	699	703	710	716	719	722	727	729	734	738	741	752
2A_SB	42	d	655	660	666	669	672	674	677	680	683	687	691	693	697	700	704	711	717	720	723	728	730	735	739	742	/
2A_SB	43	a	671	677	683	686	689	692	694	698	702	706	709	711	714	717	721	728	733	737	741	747	750	754	757	760	770
2A_SB	43	d	673	678	684	687	690	693	695	699	703	707	710	712	715	718	722	729	734	738	742	748	751	755	758	761	/
2A_SB	44	a	687	694	700	703	706	708	711	714	717	721	724	726	730	734	738	745	750	753	757	762	765	769	773	776	786
2A_SB	44	d	689	695	701	704	707	709	712	715	718	722	725	727	731	735	739	746	751	754	758	763	766	770	774	777	/
2A_SB	45	a	701	707	713	716	720	722	724	727	731	735	739	741	745	748	752	758	764	767	771	777	779	784	787	791	801
2A_SB	45	d	703	708	714	717	721	723	725	728	732	736	740	742	746	749	753	759	765	768	772	778	780	785	788	792	/
2A_SB	46	a	718	724	730	733	736	738	741	744	748	751	755	757	760	763	767	775	781	785	789	796	799	804	808	812	821
2A_SB	46	d	720	725	731	734	737	739	742	745	749	752	756	758	761	764	768	776	782	786	790	797	800	805	809	813	/
2A_SB	47	a	736	742	747	750	753	755	758	761	765	769	772	775	779	782	786	793	798	801	804	810	813	818	822	826	835
2A_SB	47	d	738	743	748	751	754	756	759	762	766	770	773	776	780	783	787	794	799	802	805	811	814	819	823	827	/
2A_SB	48	a	750	757	763	767	770	773	776	780	783	787	791	793	797	800	803	810	816	819	822	829	832	836	839	842	851
2A_SB	48	d	752	758	764	768	771	774	777	781	784	788	792	794	798	801	804	811	817	820	823	830	833	837	840	843	/
2A_SB	49	a	766	772	777	780	783	785	787	791	794	798	802	805	809	812	815	822	828	832	835	841	844	848	851	854	863
2A_SB	49	d	768	773	778	781	784	786	788	792	795	799	803	806	810	813	816	823	829	833	836	842	845	849	852	855	/
2A_SB	50	a	785	792	797	800	803	805	808	811	814	818	821	823	827	831	834	840	845	849	852	858	861	866	869	873	882
2A_SB	50	d	787	793	798	801	804	806	809	812	815	819	822	824	828	832	835	841	846	850	853	859	862	867	870	874	/
2A_SB	51	a	803	810	816	820	823	826	829	832	835	839	843	845	848	851	854	862	867	870	873	879	882	886	890	893	903
2A_SB	51	d	805	811	817	821	824	827	830	833	836	840	844	846	849	852	855	863	868	871	874	880	883	887	891	894	/
2A_SB	52	a	815	821	827	831	834	837	840	843	846	850	854	856	859	863	866	874	880	884	888	894	897	901	905	908	918
2A_SB	52	d	817	822	828	832	835	838	841	844	847	851	855	857	860	864	867	875	881	885	889	895	898	902	906	909	/
2A_SB	53	a	830	837	844	847	850	853	855	859	863	867	871	874	877	880	884	891	897	901	905	910	913	917	920	923	931
2A_SB	53	d	832	838	845	848	851	854	856	860	864	868	872	875	878	881	885	892	898	902	906	911	914	918	921	924	/
2A_SB	54	a	847	853	858	861	864	866	869	872	875	879	883	886	889	892	895	902	908	911	915	920	923	928	931	935	944
2A_SB	54	d	849	854	859	862	865	867	870	873	876	880	884	887	890	893	896	903	909	912	916	921	924	929	932	936	/
2A_SB	55	a	864	870	876	880	884	887	889	893	897	901	906	908	911	915	918	925	931	934	937	943	945	950	954	957	968
2A_SB	55	d	866	871	877	881	885	888	890	894	898	902	907	909	912	916	919	926	932	935	938	944	946	951	955	958	/
2A_SB	56	a	877	883	889	893	897	900	903	906	909	913	918	920	924	928	931	938	943	946	949	954	957	962	965	969	981
2A_SB	56	d	879	884	890	894	898	901	904	907	910	914	919	921	925	929	932	939	944	947	950	955	958	963	966	970	/
2A_SB	57	a	891	897	903	907	910	912	915	918	922	926	930	932	936	939	942	949	954	957	960	966	969	974	978	982	992
2A_SB	57	d	893	898	904	908	911	913	916	919	923	927	931	933	937	940	943	950	955	958	961	967	970	975	979	983	/
2A_SB	58	a	906	912	917	921	925	928	930	933	936	939	943	945	949	953	957	964	969	972	976	982	985	989	992	996	1005
2A_SB	58	d	908	913	918	922	926	929	931	934	937	940	944	946	950	954	958	965	970	973	977	983	986	990	993	997	/
2A_SB	59	a	924	931	937	941	944	947	950	953	957	960	964	967	971	975	978	985	990	994	998	1004	1006	1011	1015	1018	1030
2A_SB	59	d	926	932	938	942	945	948	951	954	958	961	965	968	972	976	979	986	991	995	999	1005	1007	1012	1016	1019	/
2A_SB	60	a	940	946	952	955	958	961	963	966	970	974	977	980	983	986	989	997	1003	1007	1011	1016	1018	1023	1027	1030	1041
2A_SB	60	d	942	947	953	956	959	962	964	967	971	975	978	981	984	987	990	998	1004	1008	1012	1017	1019	1024	1028	1031	/
2A_SB	61	a	954	959	964	967	970	972	974	977	981	984	987	990	994	997	1001	1009	1014	1017	1021	1027	1029	1033	1037	1040	1050
2A_SB	61	d	956	960	965	968	971	973	975	978	982	985	988	991	995	998	1002	1010	1015	1018	1022	1028	1030	1034	1038	1041	/
2A_SB	62	a	968	975	981	984	987	990	993	997	1000	1004	1007	1010	1014	1017	1021	1028	1033	1036	1040	1045	1048	1052	1056	1060	1069
2A_SB	62	d	970	976	982	985	988	991	994	998	1001	1005	1008	1011	1015	1018	1022	1029	1034	1037	1041	1046	1049	1053	1057	1061	/
2A_SB	63	a	982	989	994	997	1001	1004	1006	1009	1012	1016	1019	1021	1024	1028	1031	1038	1043	1047	1051	1056	1059	1064	1067	1070	1079
2A_SB	63	d	984	990	995	998	1002	1005	1007	1010	1013	1017	1020	1022	1025	1029	1032	1039	1044	1048	1052	1057	1060	1065	1068	1071	/
2A_SB	64	a	996	1004	1010	1013	1016	1019	1021	1024	1028	1032	1036	1038	1041	1045	1049	1056	1062	1065	1069	1076	1079	1084	1087	1091	1100
2A_SB	64	d	998	1005	1011	1014	1017	1020	1022	1025	1029	1033	1037	1039	1042	1046	1050	1057	1063	1066	1070	1077	1080	1085	1088	1092	/
3A_SB	1	a	17	22	25	28	31	33	36	40	44	46	50	53	56	63	66
3A_SB	1	d	18	23	26	29	32	34	37	41	45	47	51	54	57	64	/
3A_SB	2	a	35	40	44	48	52	55	57	60	64	66	71	74	78	85	89
3A_SB	2	d	36	41	45	49	53	56	58	61	65	67	72	75	79	86	/
3A_SB	3	a	50	56	60	64	67	69	71	75	79	81	86	89	92	98	101
3A_SB	3	d	51	57	61	65	68	70	72	76	80	82	87	90	93	99	/
3A_SB	4	a	69	74	78	82	85	87	89	92	96	98	103	106	109	115	118
3A_SB	4	d	70	75	79	83	86	88	90	93	97	99	104	107	110	116	/
3A_SB	5	a	83	89	93	97	100	102	105	109	112	114	119	122	125	130	134
3A_SB	5	d	84	90	94	98	101	103	106	110	113	115	120	123	126	131	/
3A_SB	6	a	97	103	107	111	115	117	119	123	127	130	135	138	141	146	149
3A_SB	6	d	98	104	108	112	116	118	120	124	128	131	136	139	142	147	/
3A_SB	7	a	111	116	119	123	127	129	131	135	138	140	145	148	151	157	161
3A_SB	7	d	112	117	120	124	128	130	132	136	139	141	146	149	152	158	/
3A_SB	8	a	124	129	132	136	139	141	143	146	149	151	156	159	162	168	172
3A_SB	8	d	125	130	133	137	140	142	144	147	150	152	157	160	163	169	/
3A_SB	9	a	141	146	149	153	157	159	162	165	169	171	176	180	184	189	193
3A_SB	9	d	142	147	150	154	158	160	163	166	170	172	177	181	185	190	/
3A_SB	10	a	157	162	165	168	171	173	176	179	183	185	189	192	196	202	205
3A_SB	10	d	158	163	166	169	172	174	177	180	184	186	190	193	197	203	/
3A_SB	11	a	172	177	181	184	187	189	192	196	199	201	206	209	213	219	222
3A_SB	11	d	173	178	182	185	188	190	193	197	200	202	207	210	214	220	/
3A_SB	12	a	191	197	201	205	208	211	213	216	220	222	227	230	234	239	243
3A_SB	12	d	192	198	202	206	209	212	214	217	221	223	228	231	235	240	/
3A_SB	13	a	208	214	217	221	225	228	231	234	237	239	244	247	250	256	259
3A_SB	13	d	209	215	218	222	226	229	232	235	238	240	245	248	251	257	/
3A_SB	14	a	224	229	233	237	241	244	246	249	252	254	259	262	266	272	275
3A_SB	14	d	225	230	234	238	242	245	247	250	253	255	260	263	267	273	/
3A_SB	15	a	239	245	248	252	255	258	261	265	269	271	276	279	282	288	291
3A_SB	15	d	240	246	249	253	256	259	262	266	270	272	277	280	283	289	/
3A_SB	16	a	256	261	265	269	273	275	278	282	286	288	292	296	299	305	308
3A_SB	16	d	257	262	266	270	274	276	279	283	287	289	293	297	300	306	/
3A_SB	17	a	269	274	277	281	285	288	290	294	297	299	304	308	311	317	320
3A_SB	17	d	270	275	278	282	286	289	291	295	298	300	305	309	312	318	/
3A_SB	18	a	287	291	294	298	301	303	306	310	314	316	321	324	327	332	336
3A_SB	18	d	288	292	295	299	302	304	307	311	315	317	322	325	328	333	/
3A_SB	19	a	303	308	312	316	319	321	323	326	330	332	336	340	344	349	353
3A_SB	19	d	304	309	313	317	320	322	324	327	331	333	337	341	345	350	/
3A_SB	20	a	322	326	330	333	336	338	340	343	347	349	353	356	359	365	368
3A_SB	20	d	323	327	331	334	337	339	341	344	348	350	354	357	360	366	/
3A_SB	21	a	335	340	344	348	351	354	357	360	364	366	371	374	377	383	387
3A_SB	21	d	336	341	345	349	352	355	358	361	365	367	372	375	378	384	/
3A_SB	22	a	351	357	361	365	368	370	372	375	379	381	386	390	393	399	403
3A_SB	22	d	352	358	362	366	369	371	373	376	380	382	387	391	394	400	/
3A_SB	23	a	369	374	378	382	385	388	390	393	397	399	404	407	410	415	418
3A_SB	23	d	370	375	379	383	386	389	391	394	398	400	405	408	411	416	/
3A_SB	24	a	386	392	395	399	402	404	406	410	414	416	421	424	427	433	437
3A_SB	24	d	387	393	396	400	403	405	407	411	415	417	422	425	428	434	/
3A_SB	25	a	399	404	408	412	415	417	419	422	426	428	433	436	440	446	449
3A_SB	25	d	400	405	409	413	416	418	420	423	427	429	434	437	441	447	/
3A_SB	26	a	414	419	422	426	429	432	435	439	442	445	449	452	455	463	466
3A_SB	26	d	415	420	423	427	430	433	436	440	443	446	450	453	456	464	/
3A_SB	27	a	427	432	435	439	442	445	448	452	456	458	462	465	468	475	478
3A_SB	27	d	428	433	436	440	443	446	449	453	457	459	463	466	469	476	/
3A_SB	28	a	443	449	452	456	459	461	464	468	471	473	477	480	483	489	493
3A_SB	28	d	444	450	453	457	460	462	465	469	472	474	478	481	484	490	/
3A_SB	29	a	461	466	470	474	477	479	481	484	487	489	494	498	501	507	510
3A_SB	29	d	462	467	471	475	478	480	482	485	488	490	495	499	502	508	/
3A_SB	30	a	474	480	483	486	489	492	494	498	501	503	508	512	515	520	524
3A_SB	30	d	475	481	484	487	490	493	495	499	502	504	509	513	516	521	/
3A_SB	31	a	488	494	498	502	506	509	512	516	520	522	527	531	534	540	543
3A_SB	31	d	489	495	499	503	507	510	513	517	521	523	528	532	535	541	/
3A_SB	32	a	505	511	515	519	522	524	526	529	533	535	540	543	546	551	554
3A_SB	32	d	506	512	516	520	523	525	527	530	534	536	541	544	547	552	/
3A_SB	33	a	519	524	528	532	536	539	542	545	549	551	557	561	565	571	574
3A_SB	33	d	520	525	529	533	537	540	543	546	550	552	558	562	566	572	/
3A_SB	34	a	537	542	546	549	552	554	556	560	564	567	572	576	579	584	588
3A_SB	34	d	538	543	547	550	553	555	557	561	565	568	573	577	580	585	/
3A_SB	35	a	552	557	560	564	567	569	571	575	579	581	587	590	593	599	603
3A_SB	35	d	553	558	561	565	568	570	572	576	580	582	588	591	594	600	/
3A_SB	36	a	569	574	578	582	586	589	591	595	599	601	606	609	612	617	620
3A_SB	36	d	570	575	579	583	587	590	592	596	600	602	607	610	613	618	/
3A_SB	37	a	587	592	596	600	603	606	609	612	616	618	622	626	629	635	639
3A_SB	37	d	588	593	597	601	604	607	610	613	617	619	623	627	630	636	/
3A_SB	38	a	602	607	611	615	618	620	623	626	630	633	638	641	644	649	652
3A_SB	38	d	603	608	612	616	619	621	624	627	631	634	639	642	645	650	/
3A_SB	39	a	621	627	630	633	636	639	641	644	648	651	656	659	662	668	672
3A_SB	39	d	622	628	631	634	637	640	642	645	649	652	657	660	663	669	/
3A_SB	40	a	639	644	648	652	655	657	660	664	667	670	675	678	681	688	691
3A_SB	40	d	640	645	649	653	656	658	661	665	668	671	676	679	682	689	/
3A_SB	41	a	653	659	663	667	671	673	675	678	682	685	689	692	695	701	704
3A_SB	41	d	654	660	664	668	672	674	676	679	683	686	690	693	696	702	/
3A_SB	42	a	669	674	678	682	685	687	690	694	698	700	705	708	711	717	720
3A_SB	42	d	670	675	679	683	686	688	691	695	699	701	706	709	712	718	/
3A_SB	43	a	684	689	692	695	698	701	704	708	712	715	720	723	726	731	734
3A_SB	43	d	685	690	693	696	699	702	705	709	713	716	721	724	727	732	/
3A_SB	44	a	702	708	712	716	719	722	725	728	732	735	740	743	746	752	755
3A_SB	44	d	703	709	713	717	720	723	726	729	733	736	741	744	747	753	/
3A_SB	45	a	720	725	728	732	735	737	739	743	747	749	754	757	761	767	770
3A_SB	45	d	721	726	729	733	736	738	740	744	748	750	755	758	762	768	/
3A_SB	46	a	733	738	741	744	747	749	751	755	759	761	766	770	774	780	783
3A_SB	46	d	734	739	742	745	748	750	752	756	760	762	767	771	775	781	/
3A_SB	47	a	748	753	757	761	765	767	769	773	777	779	783	787	790	797	801
3A_SB	47	d	749	754	758	762	766	768	770	774	778	780	784	788	791	798	/
3A_SB	48	a	761	767	771	775	778	780	782	786	790	792	796	800	803	809	812
3A_SB	48	d	762	768	772	776	779	781	783	787	791	793	797	801	804	810	/
3A_SB	49	a	779	785	789	793	797	799	802	805	809	811	816	819	822	828	831
3A_SB	49	d	780	786	790	794	798	800	803	806	810	812	817	820	823	829	/
3A_SB	50	a	796	801	805	809	812	814	816	820	824	826	831	834	837	842	845
3A_SB	50	d	797	802	806	810	813	815	817	821	825	827	832	835	838	843	/
3A_SB	51	a	814	820	824	828	831	833	835	839	843	845	849	852	855	861	864
3A_SB	51	d	815	821	825	829	832	834	836	840	844	846	850	853	856	862	/
3A_SB	52	a	832	837	841	844	848	850	852	855	858	860	865	869	872	879	882
3A_SB	52	d	833	838	842	845	849	851	853	856	859	861	866	870	873	880	/
3A_SB	53	a	845	850	854	858	862	864	866	869	873	875	880	883	886	892	895
3A_SB	53	d	846	851	855	859	863	865	867	870	874	876	881	884	887	893	/
3A_SB	54	a	863	868	872	876	880	883	885	888	892	894	899	902	905	911	914
3A_SB	54	d	864	869	873	877	881	884	886	889	893	895	900	903	906	912	/
3A_SB	55	a	879	884	887	891	894	896	899	902	906	908	913	916	919	925	929
3A_SB	55	d	880	885	888	892	895	897	900	903	907	909	914	917	920	926	/
3A_SB	56	a	894	900	904	907	911	913	916	920	924	926	932	935	939	944	947
3A_SB	56	d	895	901	905	908	912	914	917	921	925	927	933	936	940	945	/
3A_SB	57	a	908	913	917	921	924	927	929	932	936	938	943	946	949	955	958
3A_SB	57	d	909	914	918	922	925	928	930	933	937	939	944	947	950	956	/
3A_SB	58	a	924	929	933	937	940	943	946	949	953	956	960	963	966	972	976
3A_SB	58	d	925	930	934	938	941	944	947	950	954	957	961	964	967	973	/
3A_SB	59	a	941	946	949	953	957	959	962	965	969	971	976	979	982	989	993
3A_SB	59	d	942	947	950	954	958	960	963	966	970	972	977	980	983	990	/
3A_SB	60	a	960	965	969	973	976	979	982	986	989	991	996	999	1002	1008	1011
3A_SB	60	d	961	966	970	974	977	980	983	987	990	992	997	1000	1003	1009	/
3A_SB	61	a	973	978	982	985	989	992	994	998	1001	1003	1008	1011	1014	1019	1022
3A_SB	61	d	974	979	983	986	990	993	995	999	1002	1004	1009	1012	1015	1020	/
3A_SB	62	a	988	994	998	1001	1005	1008	1011	1014	1017	1019	1024	1027	1031	1037	1040
3A_SB	62	d	989	995	999	1002	1006	1009	1012	1015	1018	1020	1025	1028	1032	1038	/
3A_SB	63	a	1005	1011	1015	1019	1022	1024	1027	1030	1034	1036	1041	1044	1047	1053	1057
3A_SB	63	d	1006	1012	1016	1020	1023	1025	1028	1031	1035	1037	1042	1045	1048	1054	/
3A_SB	64	a	1019	1025	1029	1033	1036	1039	1041	1045	1048	1050	1056	1060	1063	1069	1073
3A_SB	64	d	1020	1026	1030	1034	1037	1040	1042	1046	1049	1051	1057	1061	1064	1070	/
3A_NB	1	a	14	18	21	24	27	31	34	37	39	43	46	50	54	56	60	63	67
3A_NB	1	d	15	19	22	25	28	32	35	38	40	44	47	51	55	57	61	64	/
3A_NB	2	a	29	33	37	40	44	48	52	56	59	63	67	71	75	78	83	86	90
3A_NB	2	d	30	34	38	41	45	49	53	57	60	64	68	72	76	79	84	87	/
3A_NB	3	a	45	49	53	56	59	62	66	69	71	75	78	82	85	88	93	97	100
3A_NB	3	d	46	50	54	57	60	63	67	70	72	76	79	83	86	89	94	98	/
3A_NB	4	a	62	65	69	72	76	79	83	87	90	94	97	101	104	107	112	115	119
3A_NB	4	d	63	66	70	73	77	80	84	88	91	95	98	102	105	108	113	116	/
3A_NB	5	a	79	82	85	89	92	95	99	102	104	108	112	115	119	121	126	130	133
3A_NB	5	d	80	83	86	90	93	96	100	103	105	109	113	116	120	122	127	131	/
3A_NB	6	a	92	95	98	102	105	108	112	116	119	123	127	131	134	137	142	145	149
3A_NB	6	d	93	96	99	103	106	109	113	117	120	124	128	132	135	138	143	146	/
3A_NB	7	a	107	110	113	116	119	122	126	130	132	136	140	144	148	151	155	158	162
3A_NB	7	d	108	111	114	117	120	123	127	131	133	137	141	145	149	152	156	159	/
3A_NB	8	a	123	127	131	134	137	140	144	147	149	153	157	161	164	166	171	175	179
3A_NB	8	d	124	128	132	135	138	141	145	148	150	154	158	162	165	167	172	176	/
3A_NB	9	a	135	138	142	146	149	152	155	158	161	165	168	171	174	176	181	185	189
3A_NB	9	d	136	139	143	147	150	153	156	159	162	166	169	172	175	177	182	186	/
3A_NB	10	a	149	153	157	160	163	166	170	174	176	180	183	186	190	193	198	201	204
3A_NB	10	d	150	154	158	161	164	167	171	175	177	181	184	187	191	194	199	202	/
3A_NB	11	a	166	169	173	176	179	182	185	188	191	196	199	202	206	208	213	217	220
3A_NB	11	d	167	170	174	177	180	183	186	189	192	197	200	203	207	209	214	218	/
3A_NB	12	a	180	184	187	190	194	198	202	206	208	212	216	220	223	225	229	232	236
3A_NB	12	d	181	185	188	191	195	199	203	207	209	213	217	221	224	226	230	233	/
3A_NB	13	a	195	199	202	205	209	213	216	219	222	227	230	234	237	240	244	248	252
3A_NB	13	d	196	200	203	206	210	214	217	220	223	228	231	235	238	241	245	249	/
3A_NB	14	a	212	215	218	221	224	228	232	236	238	242	246	250	253	256	261	264	268
3A_NB	14	d	213	216	219	222	225	229	233	237	239	243	247	251	254	257	262	265	/
3A_NB	15	a	229	232	236	239	242	245	248	251	254	258	261	265	268	270	274	277	281
3A_NB	15	d	230	233	237	240	243	246	249	252	255	259	262	266	269	271	275	278	/
3A_NB	16	a	245	249	252	255	258	262	266	270	272	276	280	284	287	290	294	297	300
3A_NB	16	d	246	250	253	256	259	263	267	271	273	277	281	285	288	291	295	298	/
3A_NB	17	a	259	263	266	270	273	276	279	282	284	288	292	295	298	301	305	309	312
3A_NB	17	d	260	264	267	271	274	277	280	283	285	289	293	296	299	302	306	310	/
3A_NB	18	a	274	278	281	284	287	291	295	299	302	307	311	314	317	320	324	328	332
3A_NB	18	d	275	279	282	285	288	292	296	300	303	308	312	315	318	321	325	329	/
3A_NB	19	a	291	295	298	301	304	308	312	316	318	322	326	329	332	335	339	343	347
3A_NB	19	d	292	296	299	302	305	309	313	317	319	323	327	330	333	336	340	344	/
3A_NB	20	a	308	312	315	318	322	326	329	332	334	338	342	345	348	350	355	359	362
3A_NB	20	d	309	313	316	319	323	327	330	333	335	339	343	346	349	351	356	360	/
3A_NB	21	a	325	329	332	335	338	341	344	347	349	353	356	360	363	365	370	374	377
3A_NB	21	d	326	330	333	336	339	342	345	348	350	354	357	361	364	366	371	375	/
3A_NB	22	a	340	344	347	350	353	357	360	363	366	370	374	378	382	385	389	393	397
3A_NB	22	d	341	345	348	351	354	358	361	364	367	371	375	379	383	386	390	394	/
3A_NB	23	a	357	360	363	366	369	372	375	379	382	386	389	393	397	400	404	407	410
3A_NB	23	d	358	361	364	367	370	373	376	380	383	387	390	394	398	401	405	408	/
3A_NB	24	a	375	378	381	384	388	392	396	400	403	408	412	416	419	422	426	430	434
3A_NB	24	d	376	379	382	385	389	393	397	401	404	409	413	417	420	423	427	431	/
3A_NB	25	a	390	394	397	400	404	407	410	414	417	422	425	429	432	435	440	444	447
3A_NB	25	d	391	395	398	401	405	408	411	415	418	423	426	430	433	436	441	445	/
3A_NB	26	a	406	410	413	416	419	423	427	431	434	439	443	447	451	453	457	461	464
3A_NB	26	d	407	411	414	417	420	424	428	432	435	440	444	448	452	454	458	462	/
3A_NB	27	a	419	423	426	429	433	437	440	444	447	452	455	458	462	464	469	473	477
3A_NB	27	d	420	424	427	430	434	438	441	445	448	453	456	459	463	465	470	474	/
3A_NB	28	a	436	440	444	447	451	455	458	462	464	468	471	474	478	480	484	488	492
3A_NB	28	d	437	441	445	448	452	456	459	463	465	469	472	475	479	481	485	489	/
3A_NB	29	a	449	453	457	461	464	468	471	474	477	481	485	489	493	495	500	504	508
3A_NB	29	d	450	454	458	462	465	469	472	475	478	482	486	490	494	496	501	505	/
3A_NB	30	a	462	466	469	472	475	479	482	485	488	492	496	500	503	506	511	514	517
3A_NB	30	d	463	467	470	473	476	480	483	486	489	493	497	501	504	507	512	515	/
3A_NB	31	a	476	480	483	487	491	494	497	501	504	508	512	516	519	521	526	530	534
3A_NB	31	d	477	481	484	488	492	495	498	502	505	509	513	517	520	522	527	531	/
3A_NB	32	a	492	495	498	501	505	508	511	515	518	522	526	530	533	535	539	543	546
3A_NB	32	d	493	496	499	502	506	509	512	516	519	523	527	531	534	536	540	544	/
3A_NB	33	a	506	509	512	516	519	522	525	529	532	536	540	543	546	549	553	557	561
3A_NB	33	d	507	510	513	517	520	523	526	530	533	537	541	544	547	550	554	558	/
3A_NB	34	a	521	525	529	533	536	540	543	546	548	552	556	560	564	566	571	574	578
3A_NB	34	d	522	526	530	534	537	541	544	547	549	553	557	561	565	567	572	575	/
3A_NB	35	a	535	539	543	547	550	553	556	559	562	566	569	573	577	580	585	589	593
3A_NB	35	d	536	540	544	548	551	554	557	560	563	567	570	574	578	581	586	590	/
3A_NB	36	a	550	554	557	560	563	566	569	572	574	578	581	585	589	592	596	600	603
3A_NB	36	d	551	555	558	561	564	567	570	573	575	579	582	586	590	593	597	601	/
3A_NB	37	a	565	569	573	576	579	583	586	589	592	597	600	604	607	609	614	618	622
3A_NB	37	d	566	570	574	577	580	584	587	590	593	598	601	605	608	610	615	619	/
3A_NB	38	a	583	587	591	594	597	601	604	608	611	615	619	623	626	629	634	638	642
3A_NB	38	d	584	588	592	595	598	602	605	609	612	616	620	624	627	630	635	639	/
3A_NB	39	a	599	602	606	610	613	616	619	622	625	629	632	636	639	641	646	650	653
3A_NB	39	d	600	603	607	611	614	617	620	623	626	630	633	637	640	642	647	651	/
3A_NB	40	a	612	615	619	622	625	629	632	635	637	641	644	648	652	655	659	663	666
3A_NB	40	d	613	616	620	623	626	630	633	636	638	642	645	649	653	656	660	664	/
3A_NB	41	a	629	633	636	639	643	647	650	653	656	660	663	666	670	672	676	680	684
3A_NB	41	d	630	634	637	640	644	648	651	654	657	661	664	667	671	673	677	681	/
3A_NB	42	a	643	647	651	655	658	662	666	670	673	678	681	684	687	690	695	699	703
3A_NB	42	d	644	648	652	656	659	663	667	671	674	679	682	685	688	691	696	700	/
3A_NB	43	a	661	664	668	671	674	677	680	684	687	691	695	699	702	705	709	713	716
3A_NB	43	d	662	665	669	672	675	678	681	685	688	692	696	700	703	706	710	714	/
3A_NB	44	a	675	679	682	686	690	693	697	700	703	707	710	713	717	720	725	729	733
3A_NB	44	d	676	680	683	687	691	694	698	701	704	708	711	714	718	721	726	730	/
3A_NB	45	a	688	692	695	698	701	704	707	710	713	717	720	724	728	730	735	739	743
3A_NB	45	d	689	693	696	699	702	705	708	711	714	718	721	725	729	731	736	740	/
3A_NB	46	a	706	710	713	716	719	723	726	729	732	737	740	744	747	750	755	759	763
3A_NB	46	d	707	711	714	717	720	724	727	730	733	738	741	745	748	751	756	760	/
3A_NB	47	a	720	723	726	729	733	737	740	744	746	750	754	758	761	764	769	772	776
3A_NB	47	d	721	724	727	730	734	738	741	745	747	751	755	759	762	765	770	773	/
3A_NB	48	a	735	738	741	745	749	753	756	759	762	766	770	774	777	780	784	788	791
3A_NB	48	d	736	739	742	746	750	754	757	760	763	767	771	775	778	781	785	789	/
3A_NB	49	a	750	753	756	759	762	766	770	773	776	780	784	788	792	794	799	803	807
3A_NB	49	d	751	754	757	760	763	767	771	774	777	781	785	789	793	795	800	804	/
3A_NB	50	a	765	769	772	776	780	783	787	790	793	798	802	805	808	810	815	818	823
3A_NB	50	d	766	770	773	777	781	784	788	791	794	799	803	806	809	811	816	819	/
3A_NB	51	a	779	782	786	790	793	796	800	803	806	810	814	818	822	824	828	831	835
3A_NB	51	d	780	783	787	791	794	797	801	804	807	811	815	819	823	825	829	832	/
3A_NB	52	a	795	799	803	807	810	813	816	819	822	826	830	834	838	840	844	848	852
3A_NB	52	d	796	800	804	808	811	814	817	820	823	827	831	835	839	841	845	849	/
3A_NB	53	a	808	812	816	820	824	827	831	834	836	840	843	847	851	854	858	862	866
3A_NB	53	d	809	813	817	821	825	828	832	835	837	841	844	848	852	855	859	863	/
3A_NB	54	a	825	829	833	836	840	843	846	849	852	856	859	863	867	869	873	876	880
3A_NB	54	d	826	830	834	837	841	844	847	850	853	857	860	864	868	870	874	877	/
3A_NB	55	a	843	847	850	853	857	860	864	867	869	873	877	881	885	887	891	895	898
3A_NB	55	d	844	848	851	854	858	861	865	868	870	874	878	882	886	888	892	896	/
3A_NB	56	a	856	859	863	866	869	873	876	880	882	886	889	893	897	899	903	906	910
3A_NB	56	d	857	860	864	867	870	874	877	881	883	887	890	894	898	900	904	907	/
3A_NB	57	a	874	878	881	884	887	891	895	898	900	904	907	911	915	917	922	926	930
3A_NB	57	d	875	879	882	885	888	892	896	899	901	905	908	912	916	918	923	927	/
3A_NB	58	a	890	893	896	899	902	905	908	911	914	918	921	925	929	931	935	938	941
3A_NB	58	d	891	894	897	900	903	906	909	912	915	919	922	926	930	932	936	939	/
3A_NB	59	a	905	909	913	916	919	922	926	929	931	935	939	943	947	950	955	959	963
3A_NB	59	d	906	910	914	917	920	923	927	930	932	936	940	944	948	951	956	960	/
3A_NB	60	a	920	923	927	930	933	937	941	944	947	951	955	959	963	966	970	974	977
3A_NB	60	d	921	924	928	931	934	938	942	945	948	952	956	960	964	967	971	975	/
3A_NB	61	a	939	942	946	949	953	957	961	965	968	972	975	978	982	985	989	993	997
3A_NB	61	d	940	943	947	950	954	958	962	966	969	973	976	979	983	986	990	994	/
3A_NB	62	a	954	957	960	963	967	971	974	977	980	984	988	991	995	997	1001	1005	1008
3A_NB	62	d	955	958	961	964	968	972	975	978	981	985	989	992	996	998	1002	1006	/
3A_NB	63	a	970	974	977	980	983	987	991	994	996	1001	1004	1008	1011	1013	1018	1021	1025
3A_NB	63	d	971	975	978	981	984	988	992	995	997	1002	1005	1009	1012	1014	1019	1022	/
3A_NB	64	a	986	989	993	996	1000	1003	1006	1009	1012	1017	1021	1025	1029	1031	1035	1038	1042
3A_NB	64	d	987	990	994	997	1001	1004	1007	1010	1013	1018	1022	1026	1030	1032	1036	1039	/
