RouteID	RunID	Arrivals/Departures	TimePerStop
1A_SB	1	a	17	24	36	41	45	49	55	60	66	69	74	85	90	94
1A_SB	1	d	18	26	38	43	47	51	57	62	67	71	76	86	92	/
1A_SB	2	a	31	36	45	49	53	56	61	65	71	74	79	90	95	99
1A_SB	2	d	32	37	46	50	54	57	63	67	72	76	81	91	97	/
1A_SB	3	a	60	65	74	78	82	86	91	94	99	103	107	118	124	129
1A_SB	3	d	61	67	76	80	84	87	92	95	100	104	109	120	126	/
1A_SB	4	a	74	80	88	93	97	100	107	112	118	122	126	136	142	145
1A_SB	4	d	76	81	90	95	98	102	109	114	120	123	127	137	143	/
1A_SB	5	a	95	102	110	113	116	120	126	130	137	142	146	155	159	163
1A_SB	5	d	97	103	111	114	117	121	127	132	139	143	147	156	160	/
1A_SB	6	a	104	110	118	121	125	129	135	138	144	148	152	161	166	169
1A_SB	6	d	106	111	119	122	126	130	136	140	145	149	154	163	167	/
1A_SB	7	a	113	119	127	131	135	138	144	147	152	157	162	171	176	179
1A_SB	7	d	115	120	128	132	136	139	145	148	154	159	164	172	177	/
1A_SB	8	a	118	125	134	139	144	147	153	156	162	166	169	178	183	186
1A_SB	8	d	120	127	136	141	145	148	154	157	163	167	170	179	184	/
1A_SB	9	a	124	131	139	144	149	152	158	161	167	170	174	183	187	191
1A_SB	9	d	126	132	141	146	150	153	159	162	168	172	175	184	189	/
1A_SB	10	a	131	137	148	152	155	159	166	169	174	177	180	188	193	198
1A_SB	10	d	132	139	149	153	157	161	167	170	175	178	181	190	195	/
1A_SB	11	a	136	143	153	157	161	165	170	174	180	183	187	196	202	206
1A_SB	11	d	137	144	154	159	163	167	172	176	181	185	189	198	203	/
1A_SB	12	a	141	148	158	163	166	171	175	179	184	188	192	201	207	212
1A_SB	12	d	142	149	160	164	168	172	177	181	186	190	194	203	209	/
1A_SB	13	a	149	154	163	167	171	176	180	185	189	193	197	206	212	217
1A_SB	13	d	150	156	165	169	173	177	182	186	191	195	199	208	214	/
1A_SB	14	a	167	174	182	185	188	192	197	200	204	207	210	220	226	231
1A_SB	14	d	169	175	183	186	189	193	198	201	205	208	211	221	227	/
1A_SB	15	a	172	179	188	191	194	197	202	206	211	215	220	231	239	244
1A_SB	15	d	174	180	189	192	195	198	204	208	213	217	222	233	241	/
1A_SB	16	a	189	196	204	208	212	216	223	227	233	237	240	247	252	256
1A_SB	16	d	191	198	206	210	214	218	225	229	235	238	241	248	253	/
1A_NB	1	a	4	9	15	21	27	30	35	38	43	47	51	55	63	68
1A_NB	1	d	5	10	16	22	28	31	36	39	44	48	52	56	64	/
1A_NB	2	a	9	14	19	26	32	36	41	44	50	54	58	62	69	74
1A_NB	2	d	10	15	21	27	33	37	42	45	51	55	59	63	70	/
1A_NB	3	a	14	18	24	31	37	41	46	50	56	60	64	67	74	80
1A_NB	3	d	15	20	26	33	38	42	47	51	57	61	65	68	75	/
1A_NB	4	a	19	23	29	37	42	46	50	55	61	65	69	72	79	85
1A_NB	4	d	20	25	31	38	43	47	52	56	62	66	70	73	80	/
1A_NB	5	a	23	28	34	42	47	51	55	60	66	70	74	77	83	90
1A_NB	5	d	25	30	36	43	48	52	57	61	67	71	75	78	85	/
1A_NB	6	a	28	34	39	47	52	56	60	65	71	75	79	82	88	94
1A_NB	6	d	30	35	41	48	53	57	62	66	72	76	80	83	90	/
1A_NB	7	a	33	39	44	53	58	62	67	71	77	81	85	88	94	99
1A_NB	7	d	35	40	46	54	59	63	68	72	78	82	86	89	95	/
1A_NB	8	a	51	57	63	69	75	78	82	86	91	95	98	101	107	113
1A_NB	8	d	53	58	64	70	76	79	84	87	92	96	99	102	108	/
1A_NB	9	a	57	63	69	75	80	83	88	91	97	101	104	108	116	122
1A_NB	9	d	59	64	70	76	81	85	89	92	98	102	105	109	117	/
1A_NB	10	a	62	68	74	81	86	89	95	99	105	109	112	116	124	129
1A_NB	10	d	64	69	75	82	87	91	97	100	106	110	113	117	125	/
1A_NB	11	a	67	73	80	87	92	96	102	106	113	117	120	125	134	140
1A_NB	11	d	69	75	81	88	94	98	104	108	114	118	122	126	135	/
1A_NB	12	a	72	78	85	93	98	101	107	112	118	122	125	130	139	145
1A_NB	12	d	74	80	87	94	99	103	109	113	119	123	127	131	140	/
1A_NB	13	a	88	93	99	108	114	117	122	126	133	136	139	144	151	156
1A_NB	13	d	90	95	101	109	115	119	124	127	134	137	141	145	152	/
1A_NB	14	a	118	123	130	136	142	147	152	156	162	166	170	173	181	187
1A_NB	14	d	120	125	131	138	144	149	154	157	163	167	171	174	182	/
1A_NB	15	a	135	141	148	155	160	163	168	173	180	184	187	191	200	205
1A_NB	15	d	137	142	149	156	161	164	170	174	181	185	189	193	201	/
1A_NB	16	a	143	149	155	162	168	173	180	183	189	193	196	199	205	210
1A_NB	16	d	145	150	157	164	170	175	181	184	190	194	197	200	206	/
2A_NB	1	a	4	8	11	17	20	24	29	32	35	45	52	54	57	60	64	67	71	74	77	81	84	88	91	97
2A_NB	1	d	5	9	12	18	21	25	30	33	36	46	53	55	58	61	65	68	72	75	78	82	85	89	92	/
2A_NB	2	a	9	13	16	21	25	30	34	37	40	50	57	59	62	65	69	72	76	79	82	86	89	93	96	102
2A_NB	2	d	10	14	17	23	27	31	35	38	41	51	58	60	63	66	70	73	77	80	83	87	90	94	97	/
2A_NB	3	a	13	19	23	28	31	35	39	42	46	55	62	64	67	70	74	77	80	84	87	91	95	99	102	108
2A_NB	3	d	15	20	24	29	32	36	40	44	47	56	63	65	68	71	75	78	82	85	88	92	96	100	103	/
2A_NB	4	a	18	24	28	33	35	40	44	48	52	61	67	69	72	75	78	82	85	89	93	97	101	105	108	114
2A_NB	4	d	20	25	29	34	37	41	45	49	53	63	68	70	73	76	80	83	87	90	94	98	102	106	109	/
2A_NB	5	a	23	29	33	38	40	45	50	54	58	67	72	74	76	80	83	87	90	93	98	102	106	109	113	119
2A_NB	5	d	25	30	34	39	42	46	51	55	59	68	73	75	78	81	85	88	92	95	99	103	107	111	114	/
2A_NB	6	a	28	33	38	43	45	50	55	59	63	72	77	79	81	85	88	92	96	98	103	107	111	114	118	124
2A_NB	6	d	30	35	39	44	47	51	56	60	64	73	78	80	83	86	90	94	97	100	104	108	112	116	119	/
2A_NB	7	a	33	38	43	48	50	55	60	64	68	78	84	86	88	91	94	97	101	103	107	112	116	119	123	130
2A_NB	7	d	35	40	44	49	52	56	61	65	70	79	85	87	89	92	95	99	102	105	109	113	117	121	124	/
2A_NB	8	a	38	43	48	53	55	60	65	69	73	84	90	92	95	98	101	104	107	109	112	117	121	124	128	135
2A_NB	8	d	40	45	49	54	57	62	66	70	75	85	91	93	96	99	102	105	108	110	114	118	122	126	129	/
2A_NB	9	a	46	50	55	60	62	66	70	74	78	89	96	98	101	104	107	110	113	115	118	122	126	129	133	140
2A_NB	9	d	48	52	56	61	63	67	71	76	80	90	97	99	102	105	108	111	114	116	119	123	127	131	134	/
2A_NB	10	a	53	57	62	67	69	73	77	81	84	94	101	103	106	109	112	115	118	120	124	128	132	135	138	144
2A_NB	10	d	55	59	63	68	70	74	78	82	85	95	102	104	107	110	113	116	119	121	125	129	133	136	139	/
2A_NB	11	a	58	62	67	73	77	81	87	92	96	105	110	112	115	118	121	124	128	131	135	138	142	145	148	154
2A_NB	11	d	60	64	69	75	78	83	89	93	97	106	111	113	116	119	122	125	129	132	136	139	143	146	149	/
2A_NB	12	a	68	72	76	81	84	89	94	99	104	113	118	120	123	127	131	134	137	139	144	147	151	154	157	164
2A_NB	12	d	70	73	77	82	86	90	96	101	106	114	119	121	124	128	132	135	138	141	145	148	152	155	158	/
2A_NB	13	a	73	77	82	87	90	94	100	105	109	118	123	125	128	132	136	139	142	145	149	153	157	160	163	170
2A_NB	13	d	75	78	83	88	92	96	102	107	111	119	124	126	129	133	137	140	144	146	150	154	158	161	164	/
2A_NB	14	a	78	82	87	92	96	100	106	110	114	123	128	130	133	138	142	146	150	154	159	164	169	173	177	186
2A_NB	14	d	80	83	88	94	98	102	108	112	116	124	129	131	135	140	144	148	152	156	161	166	171	175	179	/
2A_NB	15	a	84	87	92	98	102	106	111	115	119	128	133	135	138	143	147	151	155	159	164	169	174	178	182	189
2A_NB	15	d	85	88	94	100	104	108	113	117	121	129	134	136	140	145	149	153	157	161	166	171	176	180	184	/
2A_NB	16	a	98	102	107	113	117	121	128	133	137	144	150	153	156	159	162	164	167	169	173	177	181	184	187	194
2A_NB	16	d	99	104	109	115	119	123	130	135	139	145	151	154	157	160	163	165	168	170	174	178	182	185	189	/
2A_SB	1	a	7	14	19	22	25	28	30	34	38	41	45	48	51	54	58	66	74	78	81	87	91	96	100	104	116
2A_SB	1	d	8	15	20	23	26	29	32	35	39	42	46	49	52	55	59	68	75	79	83	89	93	98	102	105	/
2A_SB	2	a	20	26	32	35	39	42	45	49	53	57	61	63	66	70	75	83	90	95	99	106	109	114	119	124	133
2A_SB	2	d	21	28	33	36	40	43	46	50	54	58	62	64	68	72	77	85	92	96	101	107	110	116	121	125	/
2A_SB	3	a	28	34	41	44	48	52	56	61	66	71	76	79	82	86	89	97	102	107	112	118	121	126	130	134	144
2A_SB	3	d	29	36	42	46	50	54	58	63	68	73	78	80	83	87	90	98	104	109	113	119	122	127	131	136	/
2A_SB	4	a	42	47	55	60	65	68	71	75	78	82	85	87	90	94	98	106	111	115	120	125	127	132	136	140	150
2A_SB	4	d	44	49	57	62	67	70	73	76	79	83	86	88	92	95	99	107	112	117	121	126	128	133	137	142	/
2A_SB	5	a	64	69	76	80	83	86	88	92	95	98	101	103	107	110	113	121	126	130	134	140	143	149	154	159	170
2A_SB	5	d	66	71	77	81	84	87	89	93	96	99	102	105	108	111	114	122	127	131	135	142	145	151	156	161	/
2A_SB	6	a	76	82	89	93	97	99	102	106	110	114	117	119	122	125	129	138	144	147	151	157	159	164	167	170	180
2A_SB	6	d	78	84	91	95	98	100	103	107	111	115	118	120	123	126	130	139	145	148	152	158	160	165	168	171	/
2A_SB	7	a	83	89	95	99	103	105	108	112	116	120	123	125	128	131	135	144	150	153	156	162	164	169	172	176	187
2A_SB	7	d	85	90	97	101	104	106	110	113	117	121	124	126	129	132	136	145	151	154	157	163	165	170	174	178	/
2A_SB	8	a	88	94	100	104	109	111	114	118	122	125	128	130	134	138	142	152	159	162	165	173	176	182	185	188	199
2A_SB	8	d	90	95	102	106	110	112	116	119	123	126	129	132	136	140	144	154	160	163	166	174	178	183	186	189	/
2A_SB	9	a	94	100	106	110	114	117	121	124	128	131	134	137	141	144	147	157	164	167	171	179	181	186	190	193	204
2A_SB	9	d	96	101	107	111	116	119	122	125	129	132	135	138	142	145	149	159	165	168	172	180	183	188	191	194	/
2A_SB	10	a	107	114	120	123	126	128	131	134	138	141	145	148	152	155	159	165	172	175	179	185	187	191	195	198	208
2A_SB	10	d	109	115	121	124	127	129	132	135	139	142	146	149	153	156	160	166	173	176	180	186	188	193	196	199	/
2A_SB	11	a	112	119	125	129	133	137	139	142	146	149	153	155	158	161	165	171	178	181	184	190	192	197	201	205	216
2A_SB	11	d	114	121	127	131	135	138	140	143	147	150	154	156	159	162	166	172	179	182	185	191	194	198	203	207	/
2A_SB	12	a	118	125	130	134	138	142	144	147	151	155	159	161	164	167	171	177	184	188	191	197	200	205	209	212	223
2A_SB	12	d	120	126	132	136	140	143	145	148	152	156	160	162	165	168	172	178	185	189	192	198	202	206	210	214	/
2A_SB	13	a	123	130	135	140	144	148	152	156	160	164	168	170	173	176	180	188	195	199	203	209	212	216	220	223	233
2A_SB	13	d	125	131	137	142	146	150	154	157	161	165	169	171	174	177	181	189	197	201	204	210	213	217	221	224	/
2A_SB	14	a	140	147	154	158	162	165	167	170	174	178	182	184	187	190	193	201	208	211	214	219	222	226	229	233	242
2A_SB	14	d	142	148	156	160	163	166	168	171	175	179	183	185	188	191	194	202	209	212	215	220	223	227	230	234	/
2A_SB	15	a	147	154	160	163	168	170	172	175	179	183	187	189	192	195	199	207	214	218	221	226	229	233	236	240	251
2A_SB	15	d	149	155	161	165	169	171	173	176	180	184	188	190	193	196	200	208	215	219	222	227	230	234	237	241	/
2A_SB	16	a	154	160	166	169	173	175	177	180	183	188	192	194	197	200	204	212	218	223	226	233	236	241	246	249	261
2A_SB	16	d	155	161	167	170	174	176	178	181	185	189	193	195	198	201	205	213	220	224	228	234	238	243	247	251	/
3A_SB	1	a	4	9	13	18	22	25	28	31	35	37	41	44	47	54	58
3A_SB	1	d	5	10	14	19	23	26	29	32	36	38	42	45	48	55	/
3A_SB	2	a	9	14	18	22	27	30	33	36	40	42	46	50	53	60	63
3A_SB	2	d	10	15	19	24	28	32	34	37	41	43	47	51	54	61	/
3A_SB	3	a	22	27	31	35	39	43	46	50	55	58	64	69	72	79	82
3A_SB	3	d	23	28	32	37	41	45	48	52	57	60	66	70	73	80	/
3A_SB	4	a	39	44	48	53	57	60	64	68	72	74	78	81	84	89	93
3A_SB	4	d	40	46	50	55	59	62	66	69	73	75	79	82	85	91	/
3A_SB	5	a	53	57	60	64	67	70	73	76	79	81	85	88	91	96	100
3A_SB	5	d	54	58	61	65	68	71	74	77	80	82	86	89	92	98	/
3A_SB	6	a	59	63	68	73	77	81	85	89	94	96	101	104	107	113	116
3A_SB	6	d	60	65	70	75	79	83	87	91	95	97	102	105	108	114	/
3A_SB	7	a	81	86	91	97	101	104	108	113	118	121	125	128	131	137	140
3A_SB	7	d	82	88	93	99	103	106	110	115	119	122	126	129	132	138	/
3A_SB	8	a	101	107	111	115	119	122	125	129	133	136	140	143	146	152	157
3A_SB	8	d	102	109	112	117	121	124	127	131	134	137	141	144	147	154	/
3A_SB	9	a	121	127	130	133	136	138	141	145	149	151	155	160	163	170	173
3A_SB	9	d	122	128	131	134	137	139	142	146	150	152	157	161	164	171	/
3A_SB	10	a	130	136	139	143	148	152	155	159	164	166	171	175	178	184	188
3A_SB	10	d	131	137	141	145	150	154	156	161	165	167	172	176	179	185	/
3A_SB	11	a	139	145	148	151	155	158	160	165	169	171	176	180	183	189	193
3A_SB	11	d	140	146	149	152	156	159	162	167	170	172	177	181	184	190	/
3A_SB	12	a	147	153	158	162	166	168	170	173	176	178	183	186	189	195	199
3A_SB	12	d	148	155	159	163	167	169	171	174	177	179	184	187	190	196	/
3A_SB	13	a	152	158	163	167	171	174	177	181	184	186	191	194	197	203	208
3A_SB	13	d	153	160	164	168	173	176	179	182	185	187	192	195	198	205	/
3A_SB	14	a	165	170	175	179	183	185	189	193	197	200	205	208	211	218	223
3A_SB	14	d	166	172	176	181	184	187	191	195	199	201	206	209	213	220	/
3A_SB	15	a	173	178	182	185	189	191	195	200	203	205	210	213	217	223	227
3A_SB	15	d	174	179	183	187	190	193	197	201	204	206	211	214	218	225	/
3A_SB	16	a	193	198	202	206	210	212	215	219	223	225	230	233	236	242	246
3A_SB	16	d	194	199	203	207	211	213	216	220	224	226	231	234	237	243	/
3A_NB	1	a	4	7	11	14	17	20	23	27	30	35	39	43	47	50	56	60	63
3A_NB	1	d	5	8	12	15	18	21	24	28	31	36	40	45	48	52	58	61	/
3A_NB	2	a	9	12	16	19	22	25	28	32	34	40	45	49	53	57	63	67	70
3A_NB	2	d	10	13	17	20	23	26	29	33	36	42	47	51	55	59	65	68	/
3A_NB	3	a	25	29	33	37	41	45	49	53	57	64	69	72	77	81	86	90	94
3A_NB	3	d	26	30	35	39	43	47	51	55	59	65	70	74	79	83	88	92	/
3A_NB	4	a	47	51	55	58	63	66	70	73	76	81	84	87	92	96	101	106	110
3A_NB	4	d	48	53	56	60	64	67	71	74	77	82	85	89	94	98	103	108	/
3A_NB	5	a	53	57	61	66	71	75	80	85	89	94	97	101	105	107	112	116	119
3A_NB	5	d	54	59	63	68	73	77	82	87	91	95	98	102	106	109	113	117	/
3A_NB	6	a	62	66	70	75	80	85	90	94	98	103	106	110	114	116	120	124	129
3A_NB	6	d	63	68	72	77	82	87	92	96	100	104	107	111	115	117	121	126	/
3A_NB	7	a	82	86	91	94	98	102	106	111	114	118	122	126	129	132	136	140	143
3A_NB	7	d	83	88	92	96	100	104	108	113	115	119	123	127	130	133	137	141	/
3A_NB	8	a	96	100	104	108	111	116	120	125	129	134	138	143	147	149	154	157	160
3A_NB	8	d	97	102	106	109	113	118	122	127	131	135	140	145	148	150	155	158	/
3A_NB	9	a	104	107	110	113	116	121	126	131	135	141	145	149	153	156	161	164	167
3A_NB	9	d	105	108	111	114	118	123	128	133	137	142	146	150	154	157	162	165	/
3A_NB	10	a	118	121	124	127	130	134	138	143	147	153	157	161	165	168	173	177	181
3A_NB	10	d	119	122	125	128	132	135	140	145	149	154	158	162	166	169	174	179	/
3A_NB	11	a	142	145	149	153	157	160	164	167	171	176	180	184	188	191	196	200	203
3A_NB	11	d	143	147	151	154	158	162	165	169	173	177	181	185	189	192	197	201	/
3A_NB	12	a	148	151	155	159	164	168	172	176	180	186	189	193	197	199	203	207	210
3A_NB	12	d	149	153	157	161	166	170	174	178	182	187	190	194	198	200	204	208	/
3A_NB	13	a	158	160	164	168	172	175	179	183	186	192	195	198	202	204	208	212	216
3A_NB	13	d	159	162	166	170	173	177	181	184	188	193	196	199	203	205	209	213	/
3A_NB	14	a	163	165	169	173	177	180	185	189	193	198	202	205	209	212	216	220	224
3A_NB	14	d	164	167	171	175	178	182	187	191	195	199	203	206	210	213	217	221	/
3A_NB	15	a	169	172	176	180	185	190	195	200	204	209	213	217	221	224	230	233	237
3A_NB	15	d	170	174	178	182	187	192	197	202	206	210	214	218	222	226	231	234	/
3A_NB	16	a	183	186	190	194	198	202	205	209	213	218	223	228	232	236	242	247	251
3A_NB	16	d	184	188	192	196	199	203	206	211	215	220	225	230	234	238	244	248	/
