RouteID	RunID	Arrivals/Departures	TimePerStop
1A_SB	1	a	23	30	40	44	49	52	57	61	66	70	74	84	90	94
1A_SB	1	d	24	32	41	46	50	53	58	62	68	71	75	86	92	/
1A_SB	2	a	30	35	45	49	54	58	65	68	74	77	81	91	96	99
1A_SB	2	d	31	37	46	51	56	60	66	70	75	78	82	92	97	/
1A_SB	3	a	60	65	74	78	82	86	91	94	99	103	107	117	123	127
1A_SB	3	d	61	67	76	80	84	87	92	95	100	104	108	119	124	/
1A_SB	4	a	75	81	89	93	97	100	107	112	118	121	125	135	141	144
1A_SB	4	d	77	82	90	95	98	102	109	114	119	122	126	136	142	/
1A_SB	5	a	94	101	110	113	116	120	126	131	137	141	146	156	160	164
1A_SB	5	d	96	103	111	114	117	121	128	132	138	143	148	157	161	/
1A_SB	6	a	99	106	115	118	121	126	133	137	142	146	151	160	165	168
1A_SB	6	d	101	108	116	119	123	128	134	138	143	148	153	162	166	/
1A_SB	7	a	107	113	122	126	130	134	140	144	150	154	159	167	172	175
1A_SB	7	d	109	115	123	127	131	135	142	146	151	156	160	168	173	/
1A_SB	8	a	114	120	129	134	139	143	149	152	158	162	166	175	180	183
1A_SB	8	d	116	122	131	136	141	144	150	153	159	163	167	176	181	/
1A_SB	9	a	120	127	135	139	144	148	154	158	165	169	172	181	185	189
1A_SB	9	d	122	128	136	141	146	149	156	160	167	170	173	182	187	/
1A_SB	10	a	130	137	148	152	155	158	164	167	172	175	178	187	191	194
1A_SB	10	d	132	139	149	153	156	159	165	168	173	176	180	188	192	/
1A_SB	11	a	135	143	153	157	160	163	168	172	177	181	184	192	196	200
1A_SB	11	d	137	144	154	158	161	165	170	173	179	182	185	193	197	/
1A_SB	12	a	140	148	158	162	165	169	174	177	183	186	189	198	204	209
1A_SB	12	d	142	149	159	163	166	171	175	179	184	187	191	200	206	/
1A_SB	13	a	167	174	182	185	188	192	197	200	204	207	210	221	228	233
1A_SB	13	d	169	175	183	186	189	193	198	201	205	208	212	223	229	/
1A_SB	14	a	172	179	188	191	194	198	204	208	214	217	221	231	238	243
1A_SB	14	d	174	180	189	192	196	200	206	210	215	218	222	232	239	/
1A_SB	15	a	177	184	193	196	200	204	209	214	219	223	227	236	243	247
1A_SB	15	d	179	185	194	198	202	205	211	215	221	224	228	237	244	/
1A_SB	16	a	183	190	200	204	208	212	218	223	228	232	235	244	249	253
1A_SB	16	d	185	192	202	206	210	213	220	224	230	233	236	245	250	/
1A_NB	1	a	4	9	15	21	27	30	35	38	43	47	51	55	63	68
1A_NB	1	d	5	10	16	22	28	31	36	39	44	48	52	56	64	/
1A_NB	2	a	9	14	19	26	32	36	41	44	50	54	58	62	69	74
1A_NB	2	d	10	15	21	27	33	37	42	45	51	55	59	63	70	/
1A_NB	3	a	14	18	24	31	36	41	46	50	56	60	64	67	74	80
1A_NB	3	d	15	20	26	32	38	42	47	51	57	61	65	68	75	/
1A_NB	4	a	19	23	29	37	42	46	50	55	61	65	69	72	79	85
1A_NB	4	d	20	25	31	38	43	47	52	56	62	66	70	73	80	/
1A_NB	5	a	27	31	36	44	49	53	57	61	67	71	75	78	84	90
1A_NB	5	d	28	32	38	45	50	54	58	62	68	72	76	79	85	/
1A_NB	6	a	41	47	53	62	69	73	78	81	86	90	93	96	102	107
1A_NB	6	d	43	48	55	64	71	75	79	82	87	91	94	97	103	/
1A_NB	7	a	47	53	60	67	74	78	83	86	91	95	98	102	108	115
1A_NB	7	d	49	55	62	69	76	80	84	87	92	96	100	103	110	/
1A_NB	8	a	52	58	65	72	79	83	88	91	97	101	104	108	116	122
1A_NB	8	d	54	60	67	74	81	85	89	92	98	102	105	109	117	/
1A_NB	9	a	66	72	79	87	92	95	100	103	109	113	116	120	129	134
1A_NB	9	d	68	74	81	88	93	96	101	104	110	114	117	121	130	/
1A_NB	10	a	74	79	85	92	97	100	105	109	115	119	122	126	135	141
1A_NB	10	d	76	80	86	93	98	101	106	110	116	120	123	127	136	/
1A_NB	11	a	79	84	90	98	103	106	110	114	120	124	128	133	141	147
1A_NB	11	d	81	85	91	99	104	107	111	115	122	126	130	135	142	/
1A_NB	12	a	92	97	102	110	116	119	124	127	135	138	142	147	154	160
1A_NB	12	d	94	98	103	111	117	120	125	129	136	140	144	148	156	/
1A_NB	13	a	118	123	129	135	141	145	149	153	160	164	169	172	181	188
1A_NB	13	d	120	124	130	137	142	146	151	155	161	166	170	174	183	/
1A_NB	14	a	143	149	155	161	166	170	176	180	186	190	193	196	202	207
1A_NB	14	d	145	150	156	162	167	171	177	181	187	191	194	197	203	/
1A_NB	15	a	148	153	160	166	171	175	181	184	191	195	199	202	208	213
1A_NB	15	d	150	155	161	167	172	176	182	186	192	196	200	203	209	/
1A_NB	16	a	153	158	165	171	176	180	186	190	196	199	204	207	213	218
1A_NB	16	d	155	160	166	172	177	182	188	191	197	201	205	208	214	/
2A_NB	1	a	4	8	11	17	20	24	29	32	35	45	52	54	57	60	64	67	71	74	77	81	84	88	91	97
2A_NB	1	d	5	9	12	18	21	25	30	33	36	46	53	55	58	61	65	68	72	75	78	82	85	89	92	/
2A_NB	2	a	9	13	16	21	25	30	34	37	40	50	57	59	62	65	69	72	76	79	82	86	89	93	96	102
2A_NB	2	d	10	14	17	23	27	31	35	38	41	51	58	60	63	66	70	73	77	80	83	87	90	94	97	/
2A_NB	3	a	13	19	23	28	31	35	39	42	45	54	62	64	67	70	74	77	80	84	87	91	95	99	102	108
2A_NB	3	d	15	20	24	29	32	36	40	43	46	56	63	65	68	71	75	78	82	85	88	92	96	100	103	/
2A_NB	4	a	18	24	28	33	35	40	44	48	52	61	67	69	72	75	78	82	85	89	93	97	101	105	108	114
2A_NB	4	d	20	25	29	34	37	41	45	49	53	63	68	70	73	76	80	83	87	90	94	98	102	106	109	/
2A_NB	5	a	23	29	33	38	40	45	50	54	58	67	72	74	76	80	83	87	90	93	98	102	106	109	113	119
2A_NB	5	d	25	30	34	39	42	46	51	55	59	68	73	75	78	81	85	88	92	95	99	103	107	111	114	/
2A_NB	6	a	29	34	39	44	46	50	55	59	63	72	77	79	81	85	88	92	95	98	103	107	111	114	118	124
2A_NB	6	d	31	36	40	45	47	51	56	60	64	73	78	80	83	86	90	93	97	100	104	108	112	116	119	/
2A_NB	7	a	34	39	44	49	51	55	60	64	69	78	84	86	88	91	94	97	100	103	107	112	116	119	123	130
2A_NB	7	d	36	41	45	50	52	56	61	66	70	79	85	87	89	92	95	98	102	105	109	113	117	121	124	/
2A_NB	8	a	41	46	50	55	57	61	65	69	74	84	90	92	95	98	101	104	107	109	113	117	121	124	128	135
2A_NB	8	d	43	47	51	56	58	62	66	71	75	85	91	93	96	99	102	105	108	111	114	118	122	126	129	/
2A_NB	9	a	58	62	67	73	77	81	87	92	96	105	110	112	115	118	121	124	129	133	137	140	144	147	150	157
2A_NB	9	d	60	64	69	75	78	83	89	93	97	106	111	113	116	119	122	126	131	134	138	141	145	148	151	/
2A_NB	10	a	68	72	76	81	84	88	94	99	104	113	118	120	123	127	131	134	137	139	143	146	150	153	157	164
2A_NB	10	d	70	73	77	82	85	90	96	101	106	114	119	121	124	128	132	135	138	140	144	147	151	155	158	/
2A_NB	11	a	73	77	82	87	91	95	101	106	109	118	123	125	128	132	136	139	142	144	148	151	155	158	162	169
2A_NB	11	d	75	78	83	89	93	97	103	107	111	119	124	126	129	133	137	140	143	145	149	152	156	160	163	/
2A_NB	12	a	78	82	87	92	96	100	106	110	114	123	128	130	133	137	140	144	147	149	153	157	161	164	167	175
2A_NB	12	d	80	83	88	94	98	102	108	112	116	124	129	131	134	138	142	145	148	150	154	158	162	165	168	/
2A_NB	13	a	83	87	92	98	102	106	111	115	119	128	133	135	138	142	146	149	152	155	159	163	167	170	173	181
2A_NB	13	d	85	88	94	100	104	108	113	117	121	129	134	136	139	144	147	150	153	156	160	164	168	171	174	/
2A_NB	14	a	88	93	97	103	107	111	116	120	124	133	138	141	144	148	151	153	157	160	164	168	172	175	178	185
2A_NB	14	d	90	94	99	105	109	113	118	122	126	134	139	142	145	149	152	155	158	161	165	169	173	176	180	/
2A_NB	15	a	94	98	102	108	112	116	121	126	129	138	144	147	150	153	156	158	162	165	169	173	177	180	183	190
2A_NB	15	d	95	99	104	110	114	118	123	127	131	139	145	148	151	154	157	160	163	166	170	174	178	181	185	/
2A_NB	16	a	99	103	107	113	117	121	128	133	137	143	149	152	155	158	161	163	167	169	174	178	182	185	188	195
2A_NB	16	d	100	104	109	115	119	123	130	135	138	144	150	153	156	159	162	165	168	171	175	179	183	186	190	/
2A_SB	1	a	7	14	19	22	25	28	30	34	38	41	45	48	51	54	58	66	74	78	81	87	91	96	100	104	117
2A_SB	1	d	8	15	20	23	26	29	32	35	39	42	46	49	52	55	59	68	75	79	83	89	93	98	102	106	/
2A_SB	2	a	17	23	28	32	36	39	43	48	52	57	61	63	66	70	75	83	90	95	100	107	111	117	122	126	135
2A_SB	2	d	18	24	30	33	37	41	45	49	54	58	62	64	68	72	77	85	92	97	102	109	113	119	123	127	/
2A_SB	3	a	33	37	44	48	51	54	57	61	66	71	76	79	82	86	89	98	103	107	112	118	121	126	131	136	145
2A_SB	3	d	34	39	45	49	52	55	58	63	68	73	78	80	83	87	91	99	104	109	113	120	122	128	133	137	/
2A_SB	4	a	47	52	60	65	70	73	76	80	84	88	92	94	97	100	104	113	119	123	127	132	134	139	143	147	156
2A_SB	4	d	48	54	62	67	72	75	77	82	85	90	93	95	98	101	106	115	120	124	128	133	135	140	144	148	/
2A_SB	5	a	65	69	76	80	83	86	88	92	95	98	101	103	107	110	113	121	126	130	134	140	143	149	154	159	170
2A_SB	5	d	66	71	77	81	84	87	89	93	96	99	102	105	108	111	114	122	127	131	135	142	145	151	156	161	/
2A_SB	6	a	78	84	91	94	97	99	102	106	110	114	117	119	122	125	129	139	146	150	153	159	161	166	169	172	182
2A_SB	6	d	80	86	92	95	98	100	103	107	111	115	118	120	123	126	131	141	148	151	154	160	162	167	170	173	/
2A_SB	7	a	93	99	105	109	113	115	118	121	125	128	131	133	136	139	142	151	157	160	163	169	172	177	180	183	194
2A_SB	7	d	95	100	106	110	114	116	119	122	126	129	132	134	137	140	143	152	158	161	164	170	173	178	181	184	/
2A_SB	8	a	107	114	120	123	126	128	131	134	138	141	145	148	152	155	159	166	174	178	182	188	190	194	198	201	211
2A_SB	8	d	109	115	121	124	127	129	132	135	139	142	146	149	153	156	161	168	176	180	183	189	191	195	199	202	/
2A_SB	9	a	117	124	129	133	137	140	142	145	149	153	157	159	162	165	169	175	182	186	189	195	198	202	206	209	219
2A_SB	9	d	119	125	131	135	138	141	143	146	150	154	158	160	163	166	170	176	183	187	190	196	199	203	207	210	/
2A_SB	10	a	122	129	134	139	142	145	147	150	154	158	162	164	167	170	174	180	187	191	194	200	203	207	211	214	224
2A_SB	10	d	124	130	136	140	143	146	148	151	155	159	163	165	168	171	175	181	188	192	195	201	204	208	212	215	/
2A_SB	11	a	127	134	141	145	148	151	154	157	161	165	169	171	174	177	181	189	196	199	202	208	211	215	220	224	233
2A_SB	11	d	129	135	142	146	149	152	155	158	162	166	170	172	175	178	182	190	197	200	203	209	212	217	222	225	/
2A_SB	12	a	140	147	154	158	162	165	167	170	174	178	182	184	187	190	193	201	208	211	214	219	222	227	230	234	243
2A_SB	12	d	142	148	156	160	163	166	168	171	175	179	183	185	188	191	194	202	209	212	215	220	224	228	231	235	/
2A_SB	13	a	147	154	160	164	168	170	172	175	179	183	187	189	192	195	199	207	214	218	221	226	229	233	236	240	251
2A_SB	13	d	149	155	162	165	169	171	173	176	180	184	188	190	193	196	200	208	215	219	222	227	230	234	237	241	/
2A_SB	14	a	152	159	166	170	174	176	178	181	184	188	192	194	197	200	204	212	218	223	227	233	236	240	244	247	258
2A_SB	14	d	154	161	168	171	175	177	179	182	185	189	193	195	198	201	205	213	220	225	228	234	237	241	245	248	/
2A_SB	15	a	159	166	174	177	182	185	189	193	197	201	204	206	209	213	216	225	230	234	237	244	248	252	256	259	269
2A_SB	15	d	161	168	175	179	184	187	191	195	198	202	205	207	210	214	217	226	232	235	239	246	249	253	257	260	/
2A_SB	16	a	165	172	179	183	187	190	194	199	202	206	209	211	215	220	224	233	238	241	244	250	253	257	261	264	274
2A_SB	16	d	166	173	180	185	189	192	196	200	203	207	210	212	217	222	226	234	239	242	245	251	254	259	262	265	/
3A_SB	1	a	22	27	31	35	38	41	43	46	50	52	56	60	63	70	73
3A_SB	1	d	23	28	32	36	39	42	44	47	51	53	57	61	64	71	/
3A_SB	2	a	48	52	56	61	65	69	72	76	79	81	85	88	91	96	99
3A_SB	2	d	49	54	58	63	67	70	74	77	80	82	86	89	92	97	/
3A_SB	3	a	55	59	63	68	72	76	80	83	87	89	94	97	100	105	108
3A_SB	3	d	56	60	65	70	74	78	81	85	88	90	95	98	101	106	/
3A_SB	4	a	62	66	71	76	79	82	86	90	94	96	101	104	107	113	117
3A_SB	4	d	63	68	73	77	80	84	88	91	95	97	102	105	108	115	/
3A_SB	5	a	74	79	84	88	92	95	99	104	109	112	116	119	122	128	131
3A_SB	5	d	75	81	85	90	94	97	101	106	110	113	117	120	123	129	/
3A_SB	6	a	88	93	97	102	105	107	110	114	118	121	125	128	131	137	140
3A_SB	6	d	89	95	98	103	106	108	111	115	119	122	126	129	132	138	/
3A_SB	7	a	102	108	111	115	118	120	123	126	129	132	136	139	142	148	151
3A_SB	7	d	103	109	112	116	119	122	124	127	130	133	137	140	143	149	/
3A_SB	8	a	120	126	130	133	136	138	141	145	149	151	155	160	164	170	173
3A_SB	8	d	121	128	131	134	137	139	142	146	150	152	157	162	165	171	/
3A_SB	9	a	135	141	144	147	151	154	156	160	164	166	171	175	178	185	190
3A_SB	9	d	136	142	145	148	152	155	157	161	165	167	172	176	180	187	/
3A_SB	10	a	143	149	154	158	162	165	167	170	173	175	180	183	186	192	196
3A_SB	10	d	144	151	155	159	163	166	168	171	174	176	181	184	187	193	/
3A_SB	11	a	148	154	159	163	167	169	172	175	178	180	185	188	191	197	201
3A_SB	11	d	149	156	160	164	168	171	173	176	179	181	186	189	192	198	/
3A_SB	12	a	153	159	164	168	172	174	177	181	185	187	192	195	198	204	208
3A_SB	12	d	154	161	165	169	173	176	179	183	186	188	193	196	199	205	/
3A_SB	13	a	162	168	173	177	181	183	186	189	192	195	200	203	206	212	217
3A_SB	13	d	163	170	174	178	182	184	187	190	194	196	201	204	207	214	/
3A_SB	14	a	175	180	183	186	189	192	195	200	203	205	210	213	217	223	227
3A_SB	14	d	176	181	184	187	191	193	197	201	204	206	211	214	218	225	/
3A_SB	15	a	182	187	190	193	196	199	201	205	209	212	219	222	226	232	236
3A_SB	15	d	183	188	191	194	197	200	202	207	211	214	220	223	227	234	/
3A_SB	16	a	192	197	202	206	210	212	215	219	223	225	230	233	236	242	246
3A_SB	16	d	193	199	203	207	211	213	216	220	224	226	231	234	237	243	/
3A_NB	1	a	24	28	33	37	41	45	49	53	57	64	69	73	77	81	86	90	93
3A_NB	1	d	25	30	35	39	43	47	51	55	59	65	71	74	79	83	88	91	/
3A_NB	2	a	45	49	52	56	61	65	69	72	75	81	84	87	91	95	100	105	108
3A_NB	2	d	46	50	54	58	63	66	70	73	77	82	85	88	93	97	102	106	/
3A_NB	3	a	54	58	61	66	71	75	80	85	89	94	97	101	105	107	112	117	121
3A_NB	3	d	55	59	63	68	73	77	82	87	91	95	98	102	106	109	114	119	/
3A_NB	4	a	70	74	78	82	87	92	96	100	104	109	113	117	121	124	128	132	136
3A_NB	4	d	71	75	80	84	89	94	98	102	106	110	114	118	122	125	129	133	/
3A_NB	5	a	83	87	91	95	99	103	107	112	114	118	122	126	129	132	136	140	143
3A_NB	5	d	84	88	93	97	101	105	109	113	115	119	123	127	130	133	137	141	/
3A_NB	6	a	91	95	98	101	105	110	114	119	123	128	132	137	141	144	149	153	156
3A_NB	6	d	92	96	99	103	107	112	116	121	125	130	134	139	143	146	151	154	/
3A_NB	7	a	101	105	108	111	114	118	121	126	130	134	138	143	147	150	156	160	164
3A_NB	7	d	102	106	109	112	115	119	123	128	131	135	140	145	149	152	158	162	/
3A_NB	8	a	116	119	123	127	130	133	137	141	144	149	153	157	161	165	171	176	180
3A_NB	8	d	117	121	125	128	131	134	138	142	145	150	154	158	163	167	173	178	/
3A_NB	9	a	127	131	134	138	142	146	151	155	159	164	168	172	175	178	183	186	190
3A_NB	9	d	128	132	136	140	144	148	153	157	161	165	169	173	176	179	184	187	/
3A_NB	10	a	143	146	150	153	157	160	163	166	170	174	178	182	186	189	194	198	201
3A_NB	10	d	144	148	151	154	158	161	164	168	171	175	179	183	187	190	195	199	/
3A_NB	11	a	148	151	155	158	162	165	168	171	175	179	182	187	191	194	199	203	207
3A_NB	11	d	149	153	156	159	163	166	169	173	176	180	184	188	192	196	200	205	/
3A_NB	12	a	155	157	160	163	167	171	174	178	181	187	190	194	198	200	204	208	213
3A_NB	12	d	156	158	161	165	169	172	176	179	183	188	191	195	199	201	205	210	/
3A_NB	13	a	163	165	169	172	176	180	185	189	193	198	202	205	209	212	216	220	224
3A_NB	13	d	164	167	170	174	178	182	187	191	195	199	203	206	210	213	217	221	/
3A_NB	14	a	168	171	174	177	181	186	190	194	198	203	207	210	214	217	221	225	230
3A_NB	14	d	169	172	175	179	183	187	192	196	200	204	208	211	215	218	222	227	/
3A_NB	15	a	173	176	179	182	187	191	195	200	204	209	213	217	221	224	229	232	237
3A_NB	15	d	174	177	180	184	188	192	197	202	206	210	214	218	222	225	230	234	/
3A_NB	16	a	179	182	185	188	192	196	200	205	209	214	219	224	228	232	238	243	248
3A_NB	16	d	180	183	186	189	193	198	202	207	211	216	221	226	230	234	240	245	/
