RouteID	RunID	Arrivals/Departures	TimePerStop
1A_SB	1	a	17	24	36	41	45	49	55	60	66	69	73	82	88	91
1A_SB	1	d	18	26	38	43	47	51	57	62	67	70	74	84	89	/
1A_SB	2	a	33	38	47	51	55	58	63	66	71	75	80	90	95	98
1A_SB	2	d	34	39	48	52	56	59	64	67	73	77	81	91	96	/
1A_SB	3	a	60	65	74	78	82	86	91	94	99	103	107	117	122	126
1A_SB	3	d	61	67	76	80	84	87	92	95	100	104	108	118	123	/
1A_SB	4	a	73	79	88	93	97	100	107	112	118	122	127	137	144	147
1A_SB	4	d	75	81	90	95	98	102	109	114	120	124	128	139	145	/
1A_SB	5	a	95	102	110	113	116	120	126	130	137	142	146	155	159	163
1A_SB	5	d	97	103	111	114	117	121	127	132	139	143	147	156	160	/
1A_SB	6	a	104	110	118	121	125	129	135	138	143	147	151	159	164	168
1A_SB	6	d	106	111	119	122	126	130	136	139	144	148	152	161	166	/
1A_SB	7	a	109	115	124	128	133	137	144	148	155	159	163	171	176	179
1A_SB	7	d	111	117	125	130	134	139	146	150	156	160	164	172	177	/
1A_SB	8	a	114	120	129	134	139	143	149	153	160	165	168	177	182	185
1A_SB	8	d	116	122	131	136	141	144	151	155	162	166	169	178	183	/
1A_SB	9	a	121	128	136	140	145	148	154	158	165	169	173	182	186	190
1A_SB	9	d	123	129	137	142	146	149	156	160	167	171	174	183	188	/
1A_SB	10	a	130	137	148	152	155	158	164	167	172	175	178	187	191	195
1A_SB	10	d	132	139	149	153	156	159	165	168	173	176	180	188	193	/
1A_SB	11	a	135	143	153	157	161	165	170	174	180	183	186	194	199	203
1A_SB	11	d	137	144	154	159	163	167	172	176	181	184	187	195	200	/
1A_SB	12	a	140	148	157	162	166	171	175	179	184	188	192	200	205	209
1A_SB	12	d	142	150	159	164	168	172	177	181	186	190	193	201	206	/
1A_SB	13	a	167	174	182	185	188	192	197	200	205	208	211	221	227	232
1A_SB	13	d	169	175	183	186	189	193	198	202	206	209	212	222	228	/
1A_SB	14	a	172	179	188	191	194	198	203	206	210	213	217	227	234	239
1A_SB	14	d	174	180	189	192	196	199	204	207	211	214	218	228	235	/
1A_SB	15	a	178	184	193	196	199	203	208	211	216	219	223	233	240	244
1A_SB	15	d	179	185	194	197	201	204	209	212	217	220	224	234	241	/
1A_SB	16	a	183	189	198	202	206	209	216	220	225	228	231	240	245	249
1A_SB	16	d	184	190	200	204	207	211	217	221	226	229	232	241	246	/
1A_NB	1	a	4	9	15	21	27	30	35	38	43	47	51	55	63	68
1A_NB	1	d	5	10	16	22	28	31	36	39	44	48	52	56	64	/
1A_NB	2	a	9	14	19	26	32	36	41	44	50	54	58	62	69	74
1A_NB	2	d	10	15	21	27	33	37	42	45	51	55	59	63	70	/
1A_NB	3	a	17	21	27	34	39	43	48	52	58	62	66	69	76	82
1A_NB	3	d	18	23	29	35	40	44	49	53	59	63	67	70	77	/
1A_NB	4	a	25	29	34	41	46	50	54	58	64	69	73	76	83	90
1A_NB	4	d	26	30	35	42	47	51	55	59	66	70	74	78	85	/
1A_NB	5	a	45	50	57	66	73	77	82	86	91	95	98	101	107	113
1A_NB	5	d	46	52	59	68	75	79	84	87	92	96	99	102	108	/
1A_NB	6	a	54	59	65	71	78	82	87	91	97	101	104	108	116	122
1A_NB	6	d	55	60	66	73	80	84	89	92	98	102	105	109	117	/
1A_NB	7	a	66	72	79	87	92	95	101	104	110	114	117	121	130	135
1A_NB	7	d	68	74	81	88	93	97	102	105	111	115	118	122	131	/
1A_NB	8	a	76	81	88	97	102	105	109	113	119	122	125	129	138	144
1A_NB	8	d	78	83	90	98	103	106	110	114	120	123	126	130	139	/
1A_NB	9	a	87	92	98	107	113	116	120	123	131	134	137	142	149	154
1A_NB	9	d	89	94	100	108	114	117	121	125	132	135	139	143	150	/
1A_NB	10	a	94	99	105	112	119	122	127	130	137	140	143	147	154	159
1A_NB	10	d	96	101	107	114	120	123	128	131	138	141	144	148	155	/
1A_NB	11	a	102	107	112	118	124	127	133	136	142	145	148	152	159	164
1A_NB	11	d	104	108	113	119	125	129	134	138	143	146	149	153	160	/
1A_NB	12	a	107	112	117	123	130	134	138	143	149	154	159	163	172	178
1A_NB	12	d	109	113	118	124	132	135	140	145	151	156	161	165	173	/
1A_NB	13	a	112	117	122	128	135	140	144	148	155	160	164	168	177	183
1A_NB	13	d	114	118	123	129	137	141	145	150	157	161	166	170	178	/
1A_NB	14	a	118	123	129	135	141	146	151	155	161	165	169	173	182	189
1A_NB	14	d	120	124	130	137	143	148	153	156	162	166	171	175	184	/
1A_NB	15	a	143	149	155	161	166	170	176	180	187	191	195	199	205	210
1A_NB	15	d	145	150	156	162	167	171	177	182	188	193	197	200	206	/
1A_NB	16	a	148	153	160	167	172	177	183	186	192	197	201	204	210	215
1A_NB	16	d	150	155	162	168	174	178	184	187	194	198	202	205	211	/
2A_NB	1	a	4	8	11	17	20	24	29	32	35	45	52	54	57	60	64	67	71	74	77	81	84	88	91	97
2A_NB	1	d	5	9	12	18	21	25	30	33	36	46	53	55	58	61	65	68	72	75	78	82	85	89	92	/
2A_NB	2	a	9	13	16	21	25	29	34	37	40	50	57	59	62	65	69	72	76	79	82	86	89	93	96	102
2A_NB	2	d	10	14	17	23	26	31	35	38	41	51	58	60	63	66	70	73	77	80	83	87	90	94	97	/
2A_NB	3	a	13	19	23	28	31	35	39	42	45	54	62	64	67	70	74	77	80	84	87	91	95	99	103	109
2A_NB	3	d	15	20	24	29	32	36	40	43	46	56	63	65	68	71	75	78	82	85	88	92	96	101	104	/
2A_NB	4	a	18	24	28	33	35	40	44	48	52	61	67	69	72	75	78	82	85	89	93	97	101	105	108	114
2A_NB	4	d	20	25	29	34	37	41	45	49	53	63	68	70	73	76	80	83	87	90	94	98	102	106	109	/
2A_NB	5	a	23	29	33	38	40	45	50	54	58	67	72	74	76	80	83	87	90	93	98	102	106	109	113	119
2A_NB	5	d	25	30	34	39	42	46	51	55	59	68	73	75	78	81	85	88	92	95	99	103	107	111	114	/
2A_NB	6	a	33	38	42	47	49	53	58	62	66	75	81	83	85	88	91	94	97	100	105	109	113	116	119	126
2A_NB	6	d	35	39	43	48	50	54	59	63	67	76	82	84	86	89	92	95	99	102	106	110	114	117	120	/
2A_NB	7	a	63	67	71	76	79	83	88	92	96	105	110	112	115	118	121	124	128	131	135	138	142	145	148	154
2A_NB	7	d	65	68	72	77	80	84	89	93	97	106	111	113	116	119	122	125	129	132	136	139	143	146	149	/
2A_NB	8	a	68	72	76	81	84	88	94	99	104	113	118	120	123	127	131	134	137	139	143	146	150	153	156	163
2A_NB	8	d	70	73	77	82	85	90	96	101	106	114	119	121	124	128	132	135	138	140	144	147	151	154	157	/
2A_NB	9	a	73	77	82	88	91	95	101	105	109	118	123	125	128	132	136	139	142	144	148	151	155	158	161	168
2A_NB	9	d	75	78	84	89	93	97	102	107	111	119	124	126	129	133	137	140	143	145	149	152	156	159	162	/
2A_NB	10	a	78	82	88	93	97	101	107	110	114	123	128	130	134	138	141	144	147	149	153	157	161	164	167	176
2A_NB	10	d	80	84	89	95	99	103	108	112	116	124	129	132	135	139	142	145	148	150	154	158	162	165	169	/
2A_NB	11	a	85	89	94	99	102	106	111	115	119	128	133	135	139	143	146	149	152	155	159	163	167	170	173	181
2A_NB	11	d	87	91	95	100	104	108	113	117	121	129	134	137	140	144	147	150	153	156	160	164	168	171	174	/
2A_NB	12	a	90	95	99	104	107	111	116	120	124	133	138	141	144	148	151	153	157	160	164	168	172	175	178	186
2A_NB	12	d	92	96	100	105	109	113	118	122	126	134	139	142	145	149	152	155	158	161	165	169	173	176	179	/
2A_NB	13	a	95	100	105	110	113	117	122	126	129	138	144	147	150	153	156	158	162	165	169	173	177	180	184	190
2A_NB	13	d	97	102	106	111	115	119	123	127	131	139	145	148	151	154	157	160	163	166	170	174	178	182	185	/
2A_NB	14	a	102	107	111	117	120	123	129	133	136	143	149	152	155	158	161	163	167	169	174	178	182	185	189	195
2A_NB	14	d	104	108	113	118	121	124	130	134	138	144	150	153	156	159	162	165	168	171	175	179	183	187	190	/
2A_NB	15	a	108	112	117	123	126	129	135	139	142	148	154	157	160	163	166	169	172	174	179	183	187	191	194	202
2A_NB	15	d	109	114	119	125	127	130	137	140	143	149	155	158	161	164	167	170	173	176	180	184	189	192	196	/
2A_NB	16	a	126	130	134	139	142	146	153	158	162	170	177	179	183	186	189	193	196	199	202	205	209	212	217	224
2A_NB	16	d	127	131	136	141	144	148	155	160	164	172	178	181	184	187	191	194	197	200	203	206	210	213	218	/
2A_SB	1	a	4	11	17	20	23	26	28	31	35	38	43	46	49	52	57	66	74	78	82	88	92	96	99	102	112
2A_SB	1	d	5	12	18	21	24	27	29	32	36	40	44	47	50	54	59	68	75	80	84	90	93	97	100	103	/
2A_SB	2	a	12	19	24	28	33	37	40	44	49	54	59	62	66	70	75	83	90	95	100	107	111	117	122	127	137
2A_SB	2	d	13	20	26	30	35	38	42	46	51	56	61	64	68	72	77	85	92	97	102	109	113	119	124	129	/
2A_SB	3	a	31	35	42	46	49	52	56	61	66	71	76	79	82	86	89	97	102	107	112	118	121	126	130	135	145
2A_SB	3	d	32	37	44	47	50	54	58	63	68	73	78	80	83	87	90	98	104	109	113	119	122	127	132	137	/
2A_SB	4	a	49	55	63	67	71	73	76	81	85	89	92	94	97	100	104	112	117	121	125	131	133	138	143	148	159
2A_SB	4	d	51	57	64	68	72	75	78	83	86	90	93	95	98	101	105	113	118	122	127	132	134	140	145	150	/
2A_SB	5	a	65	70	76	80	83	86	88	92	95	98	101	104	107	110	113	121	126	130	134	140	142	147	151	155	165
2A_SB	5	d	67	71	77	81	84	87	89	93	96	99	103	105	108	111	114	122	127	131	135	141	143	148	152	156	/
2A_SB	6	a	78	84	90	93	97	99	103	107	111	115	118	120	123	126	130	140	147	151	155	161	163	168	171	174	184
2A_SB	6	d	80	85	91	95	98	101	104	108	112	116	119	121	124	127	132	142	149	153	156	162	164	169	172	175	/
2A_SB	7	a	93	99	105	110	115	117	121	124	128	131	134	137	141	144	147	156	162	165	169	177	180	185	189	193	204
2A_SB	7	d	95	100	107	112	116	119	122	125	129	132	135	138	142	145	148	157	163	166	170	178	182	187	191	195	/
2A_SB	8	a	107	114	120	123	126	128	131	134	138	141	145	149	152	155	159	166	174	178	182	188	190	194	199	203	214
2A_SB	8	d	109	115	121	124	127	129	132	135	139	142	147	150	153	156	161	168	176	180	183	189	191	196	201	205	/
2A_SB	9	a	116	123	129	133	137	140	143	147	151	155	159	161	164	167	171	177	184	188	191	197	200	204	208	212	222
2A_SB	9	d	118	125	131	135	138	142	145	148	152	156	160	162	165	168	172	178	185	189	192	198	201	205	210	213	/
2A_SB	10	a	122	129	134	139	142	146	148	152	157	161	165	167	170	173	177	183	190	194	198	205	208	212	216	219	229
2A_SB	10	d	124	130	136	140	144	147	150	154	158	162	166	168	171	174	178	184	191	196	200	206	209	213	217	220	/
2A_SB	11	a	127	134	141	145	148	151	154	158	162	166	170	173	176	179	182	190	197	200	203	210	213	217	221	224	233
2A_SB	11	d	129	135	142	146	149	152	156	159	163	167	172	174	177	180	183	191	198	201	205	211	214	218	222	225	/
2A_SB	12	a	139	146	154	158	162	165	167	170	174	178	182	184	187	190	193	201	208	213	216	221	224	228	231	235	244
2A_SB	12	d	141	148	156	160	163	166	168	171	175	179	183	185	188	191	194	202	210	214	217	222	225	229	232	236	/
2A_SB	13	a	146	153	160	164	168	170	172	175	179	183	187	189	192	195	199	207	214	218	221	226	229	233	236	240	252
2A_SB	13	d	148	155	162	165	169	171	173	176	180	184	188	190	193	196	200	208	215	219	222	227	230	234	237	242	/
2A_SB	14	a	151	158	165	169	173	175	177	180	183	188	192	194	197	200	204	212	219	223	226	232	235	239	243	246	257
2A_SB	14	d	153	160	167	170	174	176	178	181	185	189	193	195	198	201	205	214	220	224	227	233	236	240	244	247	/
2A_SB	15	a	156	163	171	174	178	180	183	186	189	193	197	199	202	205	209	218	224	227	231	237	240	244	248	251	262
2A_SB	15	d	158	165	172	175	179	181	184	187	190	194	198	200	203	206	210	219	225	229	232	238	241	245	249	252	/
2A_SB	16	a	162	168	176	179	182	185	188	191	194	198	201	204	207	210	213	223	229	232	236	242	245	249	253	256	266
2A_SB	16	d	163	170	177	180	184	186	189	192	195	199	203	205	208	211	215	225	230	234	237	243	246	250	254	257	/
3A_SB	1	a	4	9	13	18	22	25	28	31	35	37	41	44	47	54	58
3A_SB	1	d	5	10	14	19	23	26	29	32	36	38	42	45	48	55	/
3A_SB	2	a	9	14	18	23	27	30	32	36	40	42	46	50	53	60	63
3A_SB	2	d	10	15	20	24	28	31	34	37	41	43	47	51	54	61	/
3A_SB	3	a	16	21	25	30	34	38	41	45	50	52	56	60	63	70	73
3A_SB	3	d	17	22	27	32	36	40	43	47	51	53	57	61	64	71	/
3A_SB	4	a	46	50	54	59	63	67	71	75	79	81	85	88	91	96	99
3A_SB	4	d	47	52	56	61	65	69	73	77	80	82	86	89	92	97	/
3A_SB	5	a	60	64	69	74	78	81	85	89	94	96	101	104	107	113	116
3A_SB	5	d	61	66	71	76	79	83	87	91	95	97	102	105	108	114	/
3A_SB	6	a	79	84	88	92	95	97	100	105	109	112	116	119	122	128	131
3A_SB	6	d	80	85	89	93	96	98	102	106	110	113	117	120	123	129	/
3A_SB	7	a	84	89	93	98	101	104	108	113	118	121	125	128	131	137	141
3A_SB	7	d	85	91	94	99	103	106	110	115	119	122	126	129	132	139	/
3A_SB	8	a	102	108	111	115	118	120	122	125	128	131	135	138	141	147	151
3A_SB	8	d	103	109	112	116	119	121	123	126	129	132	136	139	142	149	/
3A_SB	9	a	120	126	130	133	136	139	142	147	152	154	158	162	165	171	174
3A_SB	9	d	121	128	131	134	138	140	144	149	153	155	159	163	166	172	/
3A_SB	10	a	129	135	139	143	148	152	154	159	164	166	171	175	178	184	188
3A_SB	10	d	130	137	141	145	150	153	156	161	165	167	172	176	179	185	/
3A_SB	11	a	143	149	154	158	162	165	167	171	175	177	182	185	188	194	198
3A_SB	11	d	144	151	155	159	163	166	169	173	176	178	183	186	189	195	/
3A_SB	12	a	149	155	159	164	169	172	174	178	181	183	188	191	194	200	205
3A_SB	12	d	150	156	161	166	171	173	176	179	182	184	189	192	195	202	/
3A_SB	13	a	165	170	175	179	182	184	187	191	194	196	201	204	208	215	220
3A_SB	13	d	166	172	176	180	183	185	189	192	195	197	202	206	210	217	/
3A_SB	14	a	172	177	181	185	188	190	194	199	203	205	210	213	217	223	227
3A_SB	14	d	173	178	183	186	189	192	196	201	204	206	211	214	218	224	/
3A_SB	15	a	193	198	202	206	210	212	215	219	223	225	230	233	236	243	247
3A_SB	15	d	194	199	203	207	211	213	216	220	224	226	231	234	238	244	/
3A_SB	16	a	202	206	211	215	220	223	227	232	237	240	245	250	254	262	265
3A_SB	16	d	203	208	212	217	222	225	229	234	239	242	247	252	256	263	/
3A_NB	1	a	4	7	11	14	17	20	23	27	30	35	39	43	46	49	54	57	61
3A_NB	1	d	5	8	12	15	18	21	24	28	31	36	40	44	47	50	55	58	/
3A_NB	2	a	9	12	16	19	22	25	28	32	35	40	44	47	51	54	59	62	65
3A_NB	2	d	10	13	17	20	23	26	29	34	36	41	45	49	52	55	60	63	/
3A_NB	3	a	27	31	35	38	42	45	49	53	57	64	70	73	78	82	86	90	93
3A_NB	3	d	28	32	36	40	43	47	51	55	59	66	71	75	80	83	88	91	/
3A_NB	4	a	41	44	48	52	57	62	67	71	75	81	84	87	91	94	98	102	105
3A_NB	4	d	42	46	50	54	59	64	69	73	77	82	85	88	92	95	99	103	/
3A_NB	5	a	55	59	62	66	71	75	80	85	89	94	97	101	105	107	111	115	118
3A_NB	5	d	56	60	63	68	73	77	82	87	91	95	98	102	106	108	112	116	/
3A_NB	6	a	70	74	79	83	87	92	96	100	104	109	113	117	121	124	128	132	136
3A_NB	6	d	71	76	81	84	89	94	98	102	106	110	114	118	122	125	129	133	/
3A_NB	7	a	87	91	95	99	102	105	108	112	114	118	122	126	129	132	136	140	144
3A_NB	7	d	88	93	97	100	103	106	109	113	115	120	123	127	130	133	137	142	/
3A_NB	8	a	101	105	109	112	115	119	123	127	131	135	139	143	146	148	152	155	158
3A_NB	8	d	102	107	110	113	116	120	124	129	132	136	140	144	147	149	153	156	/
3A_NB	9	a	116	119	123	127	131	135	139	143	147	153	157	161	165	168	173	177	180
3A_NB	9	d	117	121	125	129	133	136	140	145	149	154	158	162	166	169	174	178	/
3A_NB	10	a	143	146	149	153	157	160	163	167	171	176	180	184	188	191	196	200	203
3A_NB	10	d	144	147	151	154	158	161	165	169	173	177	181	185	189	192	197	201	/
3A_NB	11	a	148	151	155	158	162	165	169	173	177	182	185	189	193	196	200	205	208
3A_NB	11	d	149	153	156	159	163	167	171	175	179	183	186	190	195	197	202	206	/
3A_NB	12	a	155	157	160	163	167	170	174	178	182	188	191	195	199	201	206	210	214
3A_NB	12	d	156	158	161	164	168	172	176	180	184	189	192	196	200	203	207	211	/
3A_NB	13	a	162	164	168	172	176	180	185	189	193	198	202	205	209	212	216	220	224
3A_NB	13	d	163	166	170	174	178	182	187	191	195	199	203	206	210	213	217	221	/
3A_NB	14	a	171	174	177	181	186	191	195	200	204	209	213	217	221	224	229	232	236
3A_NB	14	d	172	175	179	183	188	192	197	202	206	210	214	218	222	225	230	233	/
3A_NB	15	a	177	180	183	186	191	196	200	205	209	214	218	222	226	229	234	237	242
3A_NB	15	d	178	181	184	188	193	198	202	207	211	215	219	223	227	230	235	239	/
3A_NB	16	a	182	185	188	191	196	201	205	210	214	219	224	229	232	235	240	244	248
3A_NB	16	d	183	186	189	193	198	203	207	212	216	221	226	230	233	236	241	245	/
