RouteID	RunID	Arrivals/Departures	TimePerStop
1A_SB	1	a	7	10	14	23	27	32	37	40	44	48	51	55	65	69	76
1A_SB	1	d	8	12	15	25	29	33	38	41	46	49	53	56	67	70	/
1A_SB	2	a	13	16	21	30	34	37	43	47	51	55	59	63	76	79	88
1A_SB	2	d	14	18	22	32	35	39	45	48	53	57	61	65	77	81	/
1A_SB	3	a	36	40	45	56	61	65	72	76	81	84	88	92	103	108	116
1A_SB	3	d	37	42	47	58	62	67	73	78	82	86	89	93	105	109	/
1A_SB	4	a	56	60	64	73	76	80	87	92	97	101	105	108	116	121	131
1A_SB	4	d	57	61	65	74	78	82	89	94	99	103	106	109	118	123	/
1A_SB	5	a	64	68	72	81	86	90	96	100	105	109	114	118	129	133	142
1A_SB	5	d	65	69	73	83	88	92	98	102	107	111	116	120	131	134	/
1A_SB	6	a	80	85	90	101	105	109	115	118	122	125	129	132	142	145	152
1A_SB	6	d	82	87	92	103	107	110	116	119	123	126	130	133	143	146	/
1A_SB	7	a	86	91	95	106	110	114	120	123	128	132	137	142	151	155	162
1A_SB	7	d	88	93	97	108	112	115	121	125	130	134	139	144	153	156	/
1A_SB	8	a	101	106	110	118	121	125	132	135	139	143	147	151	162	166	172
1A_SB	8	d	103	108	111	119	123	127	133	136	140	144	148	153	164	167	/
1A_SB	9	a	117	121	125	134	138	142	147	150	154	158	163	167	176	180	187
1A_SB	9	d	119	123	126	135	139	143	148	151	156	160	164	168	177	181	/
1A_SB	10	a	125	130	133	142	146	150	155	158	163	166	170	175	185	189	197
1A_SB	10	d	127	131	135	143	147	151	156	160	164	168	172	177	187	191	/
1A_SB	11	a	130	135	140	148	152	156	161	164	168	172	175	180	192	196	204
1A_SB	11	d	132	137	141	150	153	157	162	165	169	173	177	182	194	198	/
1A_SB	12	a	144	148	154	162	165	168	173	177	181	185	189	192	203	206	213
1A_SB	12	d	146	150	155	163	166	169	174	178	183	186	190	193	204	207	/
1A_SB	13	a	149	153	159	167	171	174	179	183	187	190	194	198	208	211	219
1A_SB	13	d	151	155	160	168	172	175	180	184	188	191	196	199	209	212	/
1A_SB	14	a	155	159	164	173	177	180	186	190	194	197	201	204	214	219	228
1A_SB	14	d	157	160	165	174	178	181	187	191	195	199	202	205	216	221	/
1A_SB	15	a	179	183	187	195	199	203	208	213	217	221	225	229	240	244	251
1A_SB	15	d	180	184	188	197	201	204	210	214	219	223	227	231	242	245	/
1A_SB	16	a	199	202	207	218	222	225	232	236	239	243	247	252	259	263	272
1A_SB	16	d	200	204	209	219	223	227	234	237	240	245	249	253	261	265	/
1A_NB	1	a	4	12	15	26	32	36	41	44	48	53	56	60	69	73	77
1A_NB	1	d	5	13	16	27	33	38	42	46	49	54	57	61	70	74	/
1A_NB	2	a	12	20	23	35	41	46	50	55	59	65	69	73	82	86	90
1A_NB	2	d	13	21	25	37	43	47	52	57	60	67	71	74	84	87	/
1A_NB	3	a	28	37	40	48	54	58	62	66	69	75	79	83	92	97	102
1A_NB	3	d	29	38	41	50	55	59	63	67	70	76	81	85	94	99	/
1A_NB	4	a	48	58	62	72	77	81	84	89	93	99	102	105	114	117	121
1A_NB	4	d	49	59	63	74	79	82	85	91	95	100	103	107	115	118	/
1A_NB	5	a	59	68	72	83	88	92	96	100	103	108	112	116	125	129	133
1A_NB	5	d	61	70	74	84	90	94	97	101	104	110	113	118	126	130	/
1A_NB	6	a	76	86	89	100	105	108	112	117	121	129	132	135	143	148	153
1A_NB	6	d	78	87	90	101	106	110	114	118	123	130	133	136	145	150	/
1A_NB	7	a	96	105	108	119	125	129	133	138	142	148	152	156	165	170	174
1A_NB	7	d	98	106	110	121	126	130	135	140	143	150	153	158	167	171	/
1A_NB	8	a	108	119	122	132	137	141	145	150	154	162	165	169	176	181	186
1A_NB	8	d	110	120	124	133	138	143	147	152	156	163	166	170	178	183	/
1A_NB	9	a	115	126	130	140	146	150	154	159	163	170	175	180	190	196	201
1A_NB	9	d	117	128	132	141	147	152	156	161	164	172	177	182	192	197	/
1A_NB	10	a	142	151	155	162	168	171	176	181	184	190	193	197	205	209	214
1A_NB	10	d	144	153	156	164	169	173	178	182	186	191	195	198	206	211	/
1A_NB	11	a	148	158	161	168	174	178	182	187	191	197	200	204	212	217	222
1A_NB	11	d	150	159	162	170	176	179	183	189	193	198	202	205	214	219	/
1A_NB	12	a	158	167	170	178	183	187	192	198	201	207	210	214	225	229	233
1A_NB	12	d	159	168	171	179	185	189	194	199	202	208	212	215	227	230	/
1A_NB	13	a	177	186	189	198	204	207	212	217	220	227	231	234	243	246	250
1A_NB	13	d	178	187	190	200	205	209	214	218	222	229	232	236	244	247	/
1A_NB	14	a	194	205	209	218	224	227	232	237	241	247	250	254	264	268	272
1A_NB	14	d	195	207	210	219	225	229	234	238	242	248	252	255	266	269	/
1A_NB	15	a	211	222	226	237	243	247	250	255	259	266	270	273	283	286	291
1A_NB	15	d	212	224	227	239	245	248	252	256	261	268	271	275	284	288	/
1A_NB	16	a	226	235	240	250	256	260	265	270	274	281	285	289	299	303	306
1A_NB	16	d	227	237	242	252	258	262	267	271	275	283	287	291	300	304	/
2A_NB	1	a	29	32	38	42	45	50	55	59	70	75	82	85	87	91	97	99	104	107
2A_NB	1	d	30	34	39	43	46	52	57	61	72	77	84	86	89	93	98	101	105	/
2A_NB	2	a	44	47	53	57	60	67	71	74	82	87	94	98	101	105	111	113	117	120
2A_NB	2	d	45	48	54	58	62	68	72	75	84	89	96	99	102	107	112	114	118	/
2A_NB	3	a	60	63	69	73	77	83	87	90	98	103	109	113	115	120	125	127	132	136
2A_NB	3	d	61	64	71	75	79	85	88	91	100	104	111	114	117	121	126	129	133	/
2A_NB	4	a	76	79	85	89	93	99	103	106	116	121	126	128	132	136	141	143	148	152
2A_NB	4	d	77	81	87	91	94	100	104	107	118	122	127	130	134	137	142	145	150	/
2A_NB	5	a	89	92	99	102	105	110	115	120	128	132	137	140	144	148	154	158	162	166
2A_NB	5	d	90	94	100	103	106	112	117	121	129	133	139	142	146	150	156	159	164	/
2A_NB	6	a	110	113	119	123	128	134	137	141	150	154	160	163	166	170	177	179	184	188
2A_NB	6	d	111	115	121	125	129	135	139	143	151	155	161	164	168	172	178	181	186	/
2A_NB	7	a	132	136	143	146	150	156	160	163	173	178	184	187	190	194	202	204	209	212
2A_NB	7	d	133	138	144	147	151	158	161	164	175	180	185	188	192	195	203	206	210	/
2A_NB	8	a	146	150	155	160	164	171	176	180	189	193	198	200	203	206	214	217	221	224
2A_NB	8	d	147	151	157	161	166	173	177	181	191	194	199	201	204	207	216	218	222	/
2A_NB	9	a	156	160	165	169	173	180	185	189	198	203	208	210	213	217	223	225	228	232
2A_NB	9	d	157	161	166	171	175	182	186	190	200	204	209	212	214	219	224	226	230	/
2A_NB	10	a	184	187	193	196	200	205	210	215	224	227	234	236	239	245	249	252	256	259
2A_NB	10	d	185	189	194	197	201	207	212	217	225	229	235	237	241	246	251	254	257	/
2A_NB	11	a	198	202	208	212	215	222	227	231	240	244	250	254	256	261	266	269	273	276
2A_NB	11	d	199	203	210	213	216	224	228	233	241	246	252	255	257	262	267	270	274	/
2A_NB	12	a	209	212	217	221	224	230	235	239	250	254	259	262	264	270	276	278	283	288
2A_NB	12	d	210	213	219	222	225	232	236	241	251	255	261	263	266	271	277	280	285	/
2A_NB	13	a	234	238	244	248	252	258	262	265	276	279	283	286	289	293	300	302	307	312
2A_NB	13	d	235	239	246	249	253	260	263	267	277	280	285	288	290	294	301	304	309	/
2A_NB	14	a	252	256	264	268	272	278	281	284	292	295	300	303	307	311	318	321	324	328
2A_NB	14	d	253	258	266	270	274	279	282	285	293	296	302	305	308	313	319	322	325	/
2A_NB	15	a	267	270	277	280	283	288	292	297	306	309	315	317	321	324	331	334	339	343
2A_NB	15	d	268	271	278	281	284	289	294	299	307	311	316	319	322	326	332	336	340	/
2A_NB	16	a	275	279	287	291	296	302	306	309	317	321	328	331	334	338	345	348	353	358
2A_NB	16	d	276	281	288	293	297	304	307	310	319	323	330	332	335	339	347	350	355	/
2A_SB	1	a	21	26	30	33	39	42	46	51	54	60	65	69	73	77	83	87	92	96
2A_SB	1	d	22	28	31	35	40	44	48	52	55	62	66	71	74	79	84	89	94	/
2A_SB	2	a	43	47	51	54	60	63	67	73	77	83	87	93	97	100	105	108	113	116
2A_SB	2	d	44	49	52	56	61	65	69	75	79	84	89	95	98	101	106	110	114	/
2A_SB	3	a	62	65	67	70	75	78	82	86	89	95	100	106	109	112	117	120	123	126
2A_SB	3	d	63	66	68	71	76	80	83	87	91	96	102	107	110	113	118	121	124	/
2A_SB	4	a	74	77	80	83	90	93	96	99	102	107	110	116	119	123	129	133	136	139
2A_SB	4	d	75	78	81	85	92	94	97	100	103	108	111	117	120	124	131	134	137	/
2A_SB	5	a	88	91	94	97	103	105	108	112	116	121	125	130	133	137	142	145	148	151
2A_SB	5	d	89	92	95	98	104	106	110	113	117	122	126	131	134	138	143	146	149	/
2A_SB	6	a	92	96	100	104	111	114	118	121	124	130	134	138	141	145	150	154	159	163
2A_SB	6	d	94	98	102	106	113	116	119	122	125	131	135	139	142	146	151	156	161	/
2A_SB	7	a	107	111	114	118	124	126	129	132	135	139	144	148	151	155	161	165	169	173
2A_SB	7	d	109	113	116	120	125	127	130	133	136	141	145	149	152	156	162	166	171	/
2A_SB	8	a	121	125	128	131	136	138	141	145	148	152	156	161	164	168	173	177	182	185
2A_SB	8	d	123	127	129	132	137	139	142	146	149	154	157	162	166	169	175	179	183	/
2A_SB	9	a	130	133	136	141	146	148	153	157	161	166	170	176	179	183	188	191	195	198
2A_SB	9	d	131	135	138	142	147	150	154	158	162	168	172	177	180	184	189	192	196	/
2A_SB	10	a	138	142	145	149	155	157	161	166	170	176	179	186	190	194	201	205	210	213
2A_SB	10	d	140	144	146	150	156	158	163	167	171	177	181	187	191	196	203	207	211	/
2A_SB	11	a	147	151	154	158	165	167	170	174	178	184	188	194	198	202	208	211	215	219
2A_SB	11	d	149	152	156	160	166	168	172	175	179	186	189	196	199	203	209	212	217	/
2A_SB	12	a	163	168	172	175	181	184	188	191	194	202	205	212	216	221	226	231	234	237
2A_SB	12	d	165	170	173	176	182	185	189	192	196	203	207	214	218	222	228	232	235	/
2A_SB	13	a	177	182	185	188	194	196	200	203	207	215	220	226	230	233	239	243	247	250
2A_SB	13	d	179	183	186	189	195	197	201	204	209	217	221	227	231	235	240	245	248	/
2A_SB	14	a	200	205	207	210	216	219	224	228	232	238	242	247	252	255	262	266	270	273
2A_SB	14	d	202	206	208	212	217	221	226	230	233	240	244	249	253	256	264	268	271	/
2A_SB	15	a	221	226	229	232	238	241	245	249	253	258	263	268	272	275	282	287	291	295
2A_SB	15	d	223	228	230	233	239	242	247	251	254	260	265	270	273	277	284	289	293	/
2A_SB	16	a	241	246	249	254	259	262	267	272	277	282	286	292	296	301	306	310	314	318
2A_SB	16	d	243	247	251	256	260	264	269	274	278	283	287	293	298	302	307	312	316	/
3A_SB	1	a	8	13	17	25	28	31	35	41	45	49	52	54	59	63	67	72	76
3A_SB	1	d	9	14	19	26	29	32	37	43	46	50	53	55	60	64	68	73	/
3A_SB	2	a	38	42	46	52	56	60	65	69	73	78	82	84	89	93	96	101	104
3A_SB	2	d	39	43	48	54	58	62	67	71	75	79	83	85	90	94	97	102	/
3A_SB	3	a	66	71	75	81	85	90	93	96	100	103	107	109	112	116	120	124	128
3A_SB	3	d	67	73	76	82	87	91	94	98	101	104	108	110	113	117	121	126	/
3A_SB	4	a	74	80	85	92	96	100	103	107	111	116	120	123	127	131	134	139	143
3A_SB	4	d	75	82	87	93	97	101	105	109	113	118	121	124	128	132	135	140	/
3A_SB	5	a	97	104	109	115	119	122	125	129	132	136	139	141	145	148	151	157	160
3A_SB	5	d	98	106	111	117	120	123	126	130	133	137	140	142	146	149	152	158	/
3A_SB	6	a	106	112	117	122	126	130	134	140	144	148	153	156	160	163	166	171	175
3A_SB	6	d	107	114	118	124	128	132	136	142	146	150	154	157	161	164	167	173	/
3A_SB	7	a	129	136	140	147	151	155	159	163	167	171	174	176	180	183	187	193	197
3A_SB	7	d	130	138	142	149	152	156	160	165	168	172	175	177	181	184	188	194	/
3A_SB	8	a	142	148	153	161	165	169	173	177	180	184	187	190	195	199	204	209	212
3A_SB	8	d	143	150	155	163	166	170	174	178	181	185	188	191	196	200	205	210	/
3A_SB	9	a	157	162	167	173	177	181	184	187	190	194	198	200	205	209	213	219	222
3A_SB	9	d	158	164	169	175	178	182	185	188	191	196	199	201	206	210	214	220	/
3A_SB	10	a	164	170	174	179	184	188	191	194	197	201	204	206	211	214	218	224	228
3A_SB	10	d	165	171	175	181	185	189	192	195	198	202	205	207	212	215	219	225	/
3A_SB	11	a	171	177	181	187	191	195	198	202	205	209	212	215	220	223	227	232	236
3A_SB	11	d	172	178	182	188	192	196	199	203	206	210	213	216	221	224	228	233	/
3A_SB	12	a	182	187	191	198	203	207	210	214	218	223	228	231	237	240	245	251	256
3A_SB	12	d	183	188	193	200	204	208	211	216	220	225	230	233	238	242	247	253	/
3A_SB	13	a	203	209	214	220	224	228	231	234	239	243	247	250	254	259	263	268	271
3A_SB	13	d	204	211	215	222	225	229	232	236	241	244	248	251	256	261	265	269	/
3A_SB	14	a	220	225	229	235	238	243	247	251	255	259	262	266	270	274	277	282	286
3A_SB	14	d	221	227	230	236	240	244	249	252	256	260	264	267	271	275	279	284	/
3A_SB	15	a	234	240	244	251	256	260	263	268	272	276	280	282	287	291	295	300	303
3A_SB	15	d	235	241	246	253	257	261	265	269	273	277	281	284	288	292	296	301	/
3A_SB	16	a	245	251	255	261	265	269	273	277	282	287	290	293	298	302	306	312	315
3A_SB	16	d	246	252	257	262	266	270	275	279	284	288	292	294	299	303	308	313	/
3A_NB	1	a	10	14	18	22	25	29	34	37	40	46	50	52	55	59	63	67	70	73
3A_NB	1	d	11	16	20	23	27	31	35	38	42	47	51	54	56	60	65	68	71	/
3A_NB	2	a	25	28	32	37	41	46	49	51	56	60	64	67	69	73	77	80	85	88
3A_NB	2	d	26	30	34	38	43	47	50	53	57	61	65	68	71	75	78	82	86	/
3A_NB	3	a	52	56	59	63	67	71	74	78	82	87	91	93	96	100	103	106	110	115
3A_NB	3	d	53	57	60	65	68	72	76	79	83	88	92	94	97	101	104	107	112	/
3A_NB	4	a	60	64	68	72	76	81	86	89	94	100	104	108	110	114	118	123	126	130
3A_NB	4	d	61	66	69	74	77	83	87	91	95	101	106	109	112	116	120	124	127	/
3A_NB	5	a	88	92	96	101	105	109	114	116	121	127	131	134	137	142	147	151	154	157
3A_NB	5	d	89	94	98	102	107	111	115	118	122	128	132	136	139	144	148	152	155	/
3A_NB	6	a	97	101	105	109	114	118	122	125	129	135	139	142	144	148	152	156	159	162
3A_NB	6	d	98	103	106	111	116	119	124	126	130	136	140	143	145	149	153	157	160	/
3A_NB	7	a	103	107	111	115	120	123	127	130	135	141	145	149	151	155	159	163	166	171
3A_NB	7	d	104	109	112	117	121	124	129	132	136	142	147	150	153	157	160	164	168	/
3A_NB	8	a	116	120	123	128	131	134	137	139	143	149	154	156	158	162	165	168	172	176
3A_NB	8	d	117	121	124	129	132	135	138	140	144	151	155	157	160	163	166	169	173	/
3A_NB	9	a	123	127	130	136	139	144	147	149	153	158	162	164	167	171	175	179	183	187
3A_NB	9	d	124	128	132	137	141	145	148	150	154	159	163	166	169	173	177	180	185	/
3A_NB	10	a	151	154	158	163	168	172	176	179	183	187	192	195	198	201	205	208	212	215
3A_NB	10	d	152	155	160	165	169	174	178	180	184	189	193	196	199	202	206	210	213	/
3A_NB	11	a	180	184	188	193	197	202	205	207	212	218	222	224	226	229	232	235	239	243
3A_NB	11	d	181	185	190	194	199	203	206	209	213	219	223	225	227	230	233	237	241	/
3A_NB	12	a	196	199	203	208	213	218	221	223	226	232	235	238	241	244	248	253	257	262
3A_NB	12	d	197	201	205	210	215	219	222	224	228	233	236	240	242	245	250	254	259	/
3A_NB	13	a	212	216	221	226	229	234	238	242	246	252	255	259	261	264	268	273	276	280
3A_NB	13	d	213	218	223	227	231	236	240	243	247	253	257	260	262	266	270	274	277	/
3A_NB	14	a	222	226	231	234	237	241	244	248	252	259	263	267	269	272	276	280	284	288
3A_NB	14	d	223	228	232	235	238	242	246	249	254	261	265	268	270	273	277	282	285	/
3A_NB	15	a	229	232	237	240	244	248	252	255	260	267	271	275	277	280	285	289	293	297
3A_NB	15	d	230	234	238	242	245	250	253	257	262	269	273	276	278	282	286	290	294	/
3A_NB	16	a	246	249	254	258	262	267	270	272	276	282	285	287	289	292	295	299	302	306
3A_NB	16	d	247	251	256	260	264	268	271	273	278	283	286	288	290	293	296	300	303	/
