RouteID	RunID	Arrivals/Departures	TimePerStop
1A_SB	1	a	18	25	37	41	45	49	55	60	66	69	73	82	88	92
1A_SB	1	d	19	27	38	43	47	51	57	62	67	70	74	84	90	/
1A_SB	2	a	32	37	47	51	56	59	65	69	74	77	82	92	98	101
1A_SB	2	d	33	39	48	53	57	60	67	70	75	79	83	94	99	/
1A_SB	3	a	61	66	75	79	82	86	91	94	99	103	107	118	124	128
1A_SB	3	d	62	68	77	80	84	87	92	95	100	104	109	120	125	/
1A_SB	4	a	75	80	88	93	97	100	107	112	118	122	126	137	144	147
1A_SB	4	d	76	81	90	95	98	102	109	114	120	123	128	139	145	/
1A_SB	5	a	96	102	110	113	116	120	126	130	136	140	144	154	158	162
1A_SB	5	d	97	103	111	114	117	121	127	131	137	141	146	155	159	/
1A_SB	6	a	105	110	118	121	126	130	136	139	144	149	153	161	166	170
1A_SB	6	d	106	111	119	123	127	131	137	140	146	150	154	163	168	/
1A_SB	7	a	114	119	127	131	136	139	145	148	153	157	162	171	176	179
1A_SB	7	d	115	120	128	133	137	140	146	149	154	159	164	172	177	/
1A_SB	8	a	122	128	136	140	144	147	153	156	162	166	170	180	185	188
1A_SB	8	d	123	129	137	141	145	148	154	157	163	168	172	182	186	/
1A_SB	9	a	132	138	149	154	157	160	167	170	175	178	182	190	195	199
1A_SB	9	d	133	140	151	155	158	162	168	171	176	180	183	192	196	/
1A_SB	10	a	138	146	156	160	163	166	171	175	181	185	188	197	203	207
1A_SB	10	d	140	147	157	161	164	168	173	177	183	186	190	199	204	/
1A_SB	11	a	145	153	162	166	170	174	179	183	188	192	196	204	209	214
1A_SB	11	d	147	155	163	168	171	176	180	185	190	194	197	205	211	/
1A_SB	12	a	167	174	182	185	188	192	197	201	206	210	214	224	231	237
1A_SB	12	d	169	175	183	186	189	193	199	203	208	211	215	225	233	/
1A_SB	13	a	172	179	188	192	196	199	204	207	211	215	220	230	237	242
1A_SB	13	d	174	180	190	194	197	200	205	208	213	217	221	231	238	/
1A_SB	14	a	177	184	194	198	201	204	210	215	220	223	227	236	243	247
1A_SB	14	d	179	186	196	199	202	206	212	216	221	224	228	237	244	/
1A_SB	15	a	200	208	217	221	224	227	233	236	241	245	249	257	263	267
1A_SB	15	d	202	210	219	222	225	228	234	237	242	246	251	259	265	/
1A_SB	16	a	206	214	222	226	230	233	239	242	248	253	257	265	271	275
1A_SB	16	d	208	215	224	227	231	234	240	243	250	255	259	267	273	/
1A_NB	1	a	24	28	34	42	47	51	56	60	67	72	77	80	86	92
1A_NB	1	d	25	30	36	43	48	53	57	62	69	74	78	81	87	/
1A_NB	2	a	38	43	48	57	62	66	72	76	82	87	92	96	102	107
1A_NB	2	d	39	44	50	58	64	68	73	78	84	89	94	97	103	/
1A_NB	3	a	48	53	60	67	74	78	82	86	91	96	100	103	112	118
1A_NB	3	d	49	55	62	69	76	79	84	87	93	98	101	105	113	/
1A_NB	4	a	67	72	79	87	92	95	101	105	112	117	120	125	135	142
1A_NB	4	d	68	74	81	88	93	97	103	107	114	118	122	127	137	/
1A_NB	5	a	83	87	93	101	107	111	116	121	129	132	136	141	148	154
1A_NB	5	d	84	88	94	103	109	113	118	123	130	134	138	142	149	/
1A_NB	6	a	97	101	107	113	119	122	127	130	138	142	145	149	157	163
1A_NB	6	d	98	103	108	114	120	123	128	132	140	143	146	151	159	/
1A_NB	7	a	120	124	130	137	143	147	152	155	162	166	171	175	184	191
1A_NB	7	d	121	125	132	139	144	149	153	157	163	168	173	177	186	/
1A_NB	8	a	144	149	155	162	167	172	179	182	188	192	195	199	206	211
1A_NB	8	d	145	150	157	163	169	174	180	183	189	193	197	201	207	/
1A_NB	9	a	165	168	174	180	187	191	197	201	209	212	216	219	226	232
1A_NB	9	d	166	169	175	182	189	193	198	203	210	214	217	220	227	/
1A_NB	10	a	187	191	196	204	211	215	223	227	234	238	242	246	254	261
1A_NB	10	d	188	192	197	206	212	217	225	228	236	239	244	247	256	/
1A_NB	11	a	214	218	224	231	237	242	248	253	260	265	270	273	281	289
1A_NB	11	d	215	219	226	233	239	243	250	255	262	267	271	275	283	/
1A_NB	12	a	225	229	234	241	248	253	260	264	271	275	280	283	290	297
1A_NB	12	d	226	230	236	243	250	255	262	266	272	277	281	284	292	/
1A_NB	13	a	244	249	255	262	269	273	279	284	291	294	298	303	309	316
1A_NB	13	d	245	250	256	264	270	275	281	286	292	296	300	305	310	/
1A_NB	14	a	254	258	265	272	278	282	287	292	299	304	309	314	320	326
1A_NB	14	d	255	260	266	273	279	283	289	294	301	306	311	315	321	/
1A_NB	15	a	277	281	287	293	300	303	309	313	320	324	327	330	337	345
1A_NB	15	d	278	283	288	295	301	304	310	314	322	325	328	331	339	/
1A_NB	16	a	297	301	306	314	321	325	331	336	343	347	352	356	364	371
1A_NB	16	d	298	302	308	316	322	326	333	338	345	349	354	358	366	/
2A_NB	1	a	9	13	18	23	26	30	34	38	42	52	60	63	66	70	74	78	81	85	89	94	99	103	106	112
2A_NB	1	d	10	15	19	24	27	31	36	40	43	54	62	64	68	71	76	79	83	87	91	96	100	104	107	/
2A_NB	2	a	34	38	42	47	50	55	61	65	70	80	86	89	93	96	100	103	106	109	113	117	122	126	130	138
2A_NB	2	d	35	39	43	49	52	57	62	67	72	81	88	91	94	98	101	104	108	111	114	119	124	128	132	/
2A_NB	3	a	48	51	56	62	64	69	74	79	83	93	100	102	106	110	114	118	121	125	130	134	139	143	147	154
2A_NB	3	d	49	53	58	63	66	71	76	81	84	94	101	104	108	112	116	119	123	127	131	136	141	145	149	/
2A_NB	4	a	60	63	68	74	77	81	87	92	96	105	110	113	116	120	125	129	133	136	141	145	149	152	156	163
2A_NB	4	d	61	65	70	75	78	83	89	93	97	106	112	114	118	122	127	130	134	138	143	146	150	154	157	/
2A_NB	5	a	69	72	76	82	86	90	95	100	104	113	119	121	124	128	133	137	141	143	148	153	157	160	163	172
2A_NB	5	d	70	73	78	84	87	91	97	101	106	115	120	122	125	130	135	139	142	145	150	154	158	161	165	/
2A_NB	6	a	97	101	105	110	113	117	121	126	129	137	144	148	152	155	158	161	164	166	170	174	179	182	186	192
2A_NB	6	d	98	102	106	111	115	118	123	127	130	139	146	150	153	156	160	162	165	167	171	176	180	184	187	/
2A_NB	7	a	103	107	111	116	120	123	130	135	139	146	152	155	158	162	166	170	174	176	180	185	190	194	198	205
2A_NB	7	d	104	108	112	118	121	125	132	137	141	147	153	156	160	164	168	172	175	177	182	187	192	195	199	/
2A_NB	8	a	122	126	131	137	140	143	150	155	158	166	172	174	177	182	185	188	191	194	197	201	205	209	214	222
2A_NB	8	d	123	128	133	139	141	145	152	156	160	167	173	176	179	183	186	189	193	195	199	202	207	210	216	/
2A_NB	9	a	134	138	142	147	150	154	160	165	168	177	184	187	190	194	199	201	204	207	211	215	220	224	228	235
2A_NB	9	d	135	139	144	149	152	156	162	166	169	179	186	188	192	196	200	202	205	209	213	217	222	226	229	/
2A_NB	10	a	148	152	156	161	165	169	175	179	183	192	198	200	203	207	211	214	218	220	223	228	233	236	239	246
2A_NB	10	d	149	153	157	163	167	171	177	180	185	193	199	202	205	208	212	215	219	221	225	230	234	237	241	/
2A_NB	11	a	158	161	165	171	173	177	182	186	191	200	207	209	212	215	219	223	228	230	234	239	243	248	252	259
2A_NB	11	d	159	162	167	172	175	178	183	188	193	202	208	210	213	217	221	225	229	232	236	240	245	250	254	/
2A_NB	12	a	174	177	181	187	190	194	201	206	210	219	226	228	232	236	240	244	248	251	255	258	263	266	270	278
2A_NB	12	d	175	178	182	189	192	196	203	207	211	220	227	230	234	237	242	245	250	252	256	260	264	267	272	/
2A_NB	13	a	203	206	210	216	219	223	228	231	235	245	251	254	258	263	266	270	274	277	280	284	289	294	297	305
2A_NB	13	d	204	207	211	218	221	224	229	232	236	246	253	256	260	264	268	271	275	278	281	286	291	295	298	/
2A_NB	14	a	227	231	236	241	244	248	253	258	262	271	277	280	282	286	291	293	298	300	305	310	314	318	322	331
2A_NB	14	d	228	233	238	243	246	249	255	259	264	272	278	281	284	288	292	295	299	301	307	311	316	320	324	/
2A_NB	15	a	240	243	247	253	257	261	267	272	277	286	293	296	299	302	306	309	313	315	320	324	329	333	337	348
2A_NB	15	d	241	245	249	255	258	262	269	274	279	288	294	298	300	303	308	311	314	317	322	326	330	334	339	/
2A_NB	16	a	261	265	270	275	277	282	288	292	296	304	310	313	315	319	324	326	330	333	338	341	346	350	354	363
2A_NB	16	d	262	267	271	276	279	283	290	294	297	306	312	314	316	321	325	327	332	335	339	342	348	351	355	/
2A_SB	1	a	4	11	17	20	23	26	28	32	36	39	44	47	50	53	57	66	74	78	82	88	92	97	101	105	117
2A_SB	1	d	5	12	18	21	24	27	30	33	37	41	45	48	51	54	59	68	75	80	84	90	94	99	103	106	/
2A_SB	2	a	17	23	28	31	36	39	43	46	50	55	59	62	66	70	75	82	89	93	97	103	106	111	115	119	129
2A_SB	2	d	18	24	29	33	37	41	44	47	52	56	61	64	68	72	76	84	90	94	98	104	107	112	117	121	/
2A_SB	3	a	34	38	44	49	52	55	59	62	67	71	76	79	82	86	89	97	103	107	112	118	121	127	132	137	147
2A_SB	3	d	35	39	46	50	53	57	60	64	68	73	78	80	83	87	90	99	104	109	113	119	123	129	134	139	/
2A_SB	4	a	45	51	59	63	68	70	72	75	78	82	85	88	91	94	98	106	112	116	121	127	130	135	140	144	153
2A_SB	4	d	47	53	60	65	69	71	73	76	79	83	87	89	92	95	99	108	113	118	123	129	131	137	141	145	/
2A_SB	5	a	64	69	76	80	83	86	88	92	95	98	101	104	107	110	113	121	126	130	134	140	143	149	153	158	169
2A_SB	5	d	66	71	77	81	84	87	89	93	96	99	103	105	108	111	114	122	127	131	135	142	145	150	155	160	/
2A_SB	6	a	71	76	82	86	89	92	96	100	103	106	110	113	116	119	123	133	140	144	149	155	157	162	166	169	179
2A_SB	6	d	73	77	83	87	91	94	97	101	104	108	112	114	117	120	125	135	142	146	150	156	158	163	167	170	/
2A_SB	7	a	79	85	92	95	99	101	105	108	112	117	121	123	127	131	135	144	150	153	157	163	165	170	173	176	186
2A_SB	7	d	81	87	93	97	100	103	106	109	114	119	122	125	129	132	136	145	151	155	158	164	166	171	174	177	/
2A_SB	8	a	93	99	106	111	115	118	121	124	128	131	134	137	141	144	148	155	161	164	168	176	180	184	187	191	202
2A_SB	8	d	95	101	108	112	117	119	122	125	129	132	135	138	142	146	150	156	162	165	169	178	181	185	189	192	/
2A_SB	9	a	108	114	120	123	126	128	131	134	138	141	145	149	152	155	159	165	172	175	180	186	189	193	198	201	212
2A_SB	9	d	109	115	121	124	127	129	132	135	139	142	147	150	153	156	160	166	173	177	181	188	190	195	199	203	/
2A_SB	10	a	115	121	126	129	133	137	139	142	146	149	154	156	159	162	166	172	179	183	186	192	194	199	203	207	218
2A_SB	10	d	116	122	127	131	135	138	140	143	147	151	155	157	160	163	167	173	180	184	187	193	196	200	205	209	/
2A_SB	11	a	121	127	133	138	141	144	146	149	153	157	161	163	166	169	173	179	187	191	194	200	204	209	214	217	228
2A_SB	11	d	122	129	135	139	142	145	147	150	154	158	162	164	167	170	174	181	188	192	195	202	206	211	215	219	/
2A_SB	12	a	127	133	138	143	147	150	153	156	160	164	168	170	173	176	180	188	196	200	204	210	214	218	222	225	235
2A_SB	12	d	128	134	140	145	148	151	154	157	161	165	169	171	174	177	181	190	198	202	205	212	215	219	223	227	/
2A_SB	13	a	132	138	146	150	154	157	161	165	170	175	179	181	184	188	191	199	207	210	213	218	221	226	230	234	243
2A_SB	13	d	133	140	147	152	155	159	163	167	172	176	180	182	186	189	192	201	208	211	214	219	223	228	231	235	/
2A_SB	14	a	146	152	159	162	166	169	171	174	178	182	186	188	191	194	198	206	214	218	222	228	232	237	241	245	256
2A_SB	14	d	147	154	160	164	168	170	172	175	179	183	187	189	192	195	199	208	215	220	224	230	234	239	243	246	/
2A_SB	15	a	154	160	167	170	174	176	178	181	184	188	192	194	198	201	205	213	220	225	229	236	240	244	249	253	264
2A_SB	15	d	155	162	168	171	175	177	179	182	185	189	193	196	199	202	206	215	222	227	231	238	241	246	251	254	/
2A_SB	16	a	166	173	181	186	189	191	195	200	203	207	210	212	217	222	226	235	241	245	249	256	258	264	268	273	283
2A_SB	16	d	167	175	183	187	190	193	197	201	204	208	211	214	219	224	228	237	243	247	251	257	260	266	270	274	/
3A_SB	1	a	10	15	20	25	29	33	36	39	43	46	51	56	59	67	71
3A_SB	1	d	11	17	22	26	31	35	37	40	45	48	53	57	61	69	/
3A_SB	2	a	20	25	30	35	39	43	46	50	54	57	61	65	69	76	80
3A_SB	2	d	21	27	32	37	41	45	48	51	56	58	62	67	70	78	/
3A_SB	3	a	48	52	56	61	65	69	72	76	79	81	85	88	91	96	99
3A_SB	3	d	49	54	58	63	67	70	74	77	80	82	86	89	92	97	/
3A_SB	4	a	65	69	73	78	81	84	87	90	94	96	101	104	107	113	117
3A_SB	4	d	66	70	75	79	82	85	88	91	95	97	102	105	108	115	/
3A_SB	5	a	83	88	92	98	102	105	109	113	118	121	125	128	131	137	140
3A_SB	5	d	84	90	94	100	104	107	110	115	119	122	126	129	132	138	/
3A_SB	6	a	101	107	111	115	118	120	122	125	128	132	136	140	143	150	154
3A_SB	6	d	102	109	112	116	119	121	123	126	130	133	138	141	145	151	/
3A_SB	7	a	121	127	130	133	138	140	144	149	153	155	159	163	166	172	175
3A_SB	7	d	122	128	131	135	139	142	146	150	154	156	160	164	167	173	/
3A_SB	8	a	130	136	140	144	149	152	155	160	164	166	171	175	178	184	189
3A_SB	8	d	131	138	142	146	150	154	157	161	165	167	172	176	179	186	/
3A_SB	9	a	140	146	149	153	157	160	162	167	170	172	177	181	184	190	194
3A_SB	9	d	141	147	150	154	158	161	164	168	171	173	178	182	185	191	/
3A_SB	10	a	147	153	158	162	167	169	171	174	177	179	184	187	190	196	200
3A_SB	10	d	148	155	159	164	168	170	172	175	178	180	185	188	191	197	/
3A_SB	11	a	154	160	164	169	173	175	177	180	184	186	191	194	197	203	208
3A_SB	11	d	155	161	166	170	174	176	178	182	185	187	192	195	198	205	/
3A_SB	12	a	167	172	177	182	186	189	193	198	202	204	209	212	216	222	227
3A_SB	12	d	168	174	179	184	188	191	195	200	203	205	210	213	217	224	/
3A_SB	13	a	179	184	188	191	195	199	201	206	210	212	219	223	227	233	237
3A_SB	13	d	180	186	189	193	197	200	203	208	211	214	221	225	228	235	/
3A_SB	14	a	192	197	202	206	210	212	215	219	224	227	232	235	239	246	251
3A_SB	14	d	193	199	203	207	211	213	216	221	226	228	233	237	241	248	/
3A_SB	15	a	215	220	225	229	232	234	237	241	244	248	252	256	259	267	271
3A_SB	15	d	216	222	226	230	233	235	238	242	246	249	253	257	261	269	/
3A_SB	16	a	223	228	232	237	241	243	246	251	255	257	261	265	269	274	278
3A_SB	16	d	224	229	234	239	242	244	248	253	256	258	263	267	270	276	/
3A_NB	1	a	27	31	36	40	44	49	53	56	60	66	71	74	79	82	87	90	94
3A_NB	1	d	28	33	38	42	46	51	54	58	62	67	72	76	80	84	88	92	/
3A_NB	2	a	46	50	53	57	61	65	69	73	76	81	84	87	91	94	99	103	106
3A_NB	2	d	47	51	55	58	63	66	71	74	77	82	85	88	92	96	100	104	/
3A_NB	3	a	56	60	64	68	73	78	83	87	90	94	97	101	105	108	112	116	120
3A_NB	3	d	57	62	65	70	75	80	84	88	91	95	98	102	107	109	113	118	/
3A_NB	4	a	68	72	76	79	83	88	92	95	99	103	106	110	114	116	120	124	129
3A_NB	4	d	69	74	77	80	85	90	93	97	100	104	107	111	115	117	121	126	/
3A_NB	5	a	84	88	92	96	100	103	107	111	114	118	122	126	129	132	136	140	144
3A_NB	5	d	85	90	94	98	101	105	108	113	115	120	123	127	130	133	137	142	/
3A_NB	6	a	98	102	106	109	113	118	121	126	129	134	138	142	146	148	154	157	160
3A_NB	6	d	99	104	107	111	115	119	123	127	131	135	139	144	147	150	155	158	/
3A_NB	7	a	106	109	113	117	120	123	128	133	136	141	145	149	153	156	162	165	169
3A_NB	7	d	107	111	115	118	121	125	130	134	137	142	146	150	154	158	163	167	/
3A_NB	8	a	118	121	125	128	132	135	140	144	148	153	157	161	165	168	173	177	181
3A_NB	8	d	119	123	126	130	133	137	141	146	150	154	158	162	166	169	174	179	/
3A_NB	9	a	143	146	150	153	157	161	165	169	173	178	182	186	190	193	198	202	205
3A_NB	9	d	144	148	151	154	159	163	167	171	175	180	183	187	191	195	199	203	/
3A_NB	10	a	157	159	162	165	169	172	175	178	181	186	189	194	199	201	206	210	215
3A_NB	10	d	158	160	163	167	170	173	176	179	182	187	191	196	200	203	207	212	/
3A_NB	11	a	169	172	176	179	183	187	191	194	198	203	207	210	214	217	221	225	230
3A_NB	11	d	170	174	177	180	184	188	192	196	200	204	208	211	215	218	222	227	/
3A_NB	12	a	177	180	184	187	192	196	199	203	206	210	214	218	222	225	231	235	240
3A_NB	12	d	178	182	185	189	193	197	200	204	207	211	215	219	223	227	233	237	/
3A_NB	13	a	193	196	201	204	208	214	218	223	226	231	235	239	243	246	252	256	259
3A_NB	13	d	194	198	202	206	210	216	220	225	227	232	236	241	245	247	253	257	/
3A_NB	14	a	218	221	226	230	234	239	243	247	250	256	260	264	267	270	275	280	285
3A_NB	14	d	219	223	228	231	236	241	244	249	252	258	261	265	268	271	277	282	/
3A_NB	15	a	236	240	244	248	252	257	262	266	269	274	278	281	286	289	295	299	303
3A_NB	15	d	237	241	246	249	254	259	264	268	271	276	279	283	287	291	296	301	/
3A_NB	16	a	253	257	261	264	267	272	276	279	282	287	290	295	299	302	307	311	314
3A_NB	16	d	254	259	262	265	269	274	277	281	284	288	292	296	300	304	308	312	/
