RouteID	RunID	Arrivals/Departures	TimePerStop
1A_SB	1	a	11	17	25	29	32	36	42	46	53	57	61	71	76	80
1A_SB	1	d	12	18	26	30	33	37	44	48	55	59	62	72	78	/
1A_SB	2	a	24	30	36	40	43	47	53	57	64	68	73	85	91	96
1A_SB	2	d	25	31	38	41	44	49	55	59	65	70	75	87	93	/
1A_SB	3	a	38	44	53	56	59	63	68	73	80	84	89	99	103	107
1A_SB	3	d	39	46	54	57	61	64	70	75	82	86	91	100	104	/
1A_SB	4	a	62	68	77	80	84	88	94	99	106	110	115	124	130	134
1A_SB	4	d	63	69	78	82	86	90	96	101	108	112	116	126	131	/
1A_SB	5	a	71	77	87	90	95	100	106	110	116	120	124	132	137	141
1A_SB	5	d	72	79	88	92	97	102	108	112	118	121	125	133	139	/
1A_SB	6	a	96	103	113	116	120	124	128	131	137	140	144	152	159	162
1A_SB	6	d	97	105	114	117	121	125	129	132	138	141	146	154	160	/
1A_SB	7	a	105	110	120	123	126	130	134	138	145	149	152	161	168	172
1A_SB	7	d	106	112	121	124	127	131	135	140	147	150	154	163	169	/
1A_SB	8	a	118	123	134	139	143	146	150	154	159	164	169	180	187	192
1A_SB	8	d	119	125	136	141	144	147	151	155	161	166	171	181	189	/
1A_SB	9	a	135	140	150	154	159	163	170	175	182	186	190	200	207	211
1A_SB	9	d	136	142	152	156	161	165	172	176	183	187	192	202	209	/
1A_SB	10	a	146	151	160	164	167	170	176	181	187	192	197	207	214	217
1A_SB	10	d	147	153	162	165	168	171	178	182	189	194	199	209	215	/
1A_SB	11	a	156	162	170	175	179	183	189	194	201	204	208	217	223	227
1A_SB	11	d	157	163	172	177	180	184	191	196	202	205	209	218	225	/
1A_SB	12	a	169	176	185	189	193	197	204	209	214	218	222	230	235	239
1A_SB	12	d	170	177	187	191	194	199	206	210	216	220	223	232	237	/
1A_SB	13	a	178	185	196	199	203	207	213	217	222	225	229	237	242	246
1A_SB	13	d	179	187	197	201	204	208	214	218	223	226	230	239	244	/
1A_SB	14	a	195	201	209	212	215	220	227	230	236	239	243	252	257	261
1A_SB	14	d	196	202	210	213	217	222	228	231	237	241	244	253	258	/
1A_SB	15	a	225	231	239	242	245	249	254	258	263	267	271	280	285	290
1A_SB	15	d	226	232	240	243	247	250	256	259	264	269	273	281	287	/
1A_SB	16	a	240	246	255	259	263	267	272	275	282	287	290	300	306	310
1A_SB	16	d	241	248	257	261	264	268	273	276	284	288	292	302	307	/
1A_SB	17	a	252	258	268	272	275	280	286	290	298	303	307	315	322	327
1A_SB	17	d	253	259	270	273	277	282	288	292	300	305	308	317	324	/
1A_SB	18	a	261	268	276	279	282	286	293	296	304	309	313	322	329	333
1A_SB	18	d	262	270	277	280	283	288	294	298	306	311	315	324	331	/
1A_SB	19	a	288	294	302	305	308	311	317	320	325	329	332	343	349	352
1A_SB	19	d	289	295	303	306	309	312	318	321	327	330	334	344	350	/
1A_SB	20	a	299	305	313	316	320	324	332	336	341	345	349	359	366	370
1A_SB	20	d	300	307	314	317	322	326	334	337	343	346	351	361	368	/
1A_SB	21	a	315	321	329	333	337	341	347	351	356	361	365	374	381	386
1A_SB	21	d	316	322	330	334	339	342	348	352	358	363	367	376	383	/
1A_SB	22	a	339	344	352	356	360	363	370	375	381	386	389	398	403	408
1A_SB	22	d	340	345	353	357	361	365	372	377	383	387	391	400	405	/
1A_SB	23	a	362	367	375	379	384	387	393	397	402	406	409	420	427	431
1A_SB	23	d	363	368	376	381	385	389	395	398	404	407	411	422	428	/
1A_SB	24	a	380	386	397	401	405	408	416	420	427	431	436	445	450	455
1A_SB	24	d	381	388	399	402	406	410	418	422	428	433	438	446	452	/
1A_SB	25	a	399	405	413	417	420	423	429	432	439	442	447	455	461	466
1A_SB	25	d	400	406	415	418	421	424	430	434	440	444	448	456	463	/
1A_SB	26	a	416	421	431	435	439	442	447	450	455	458	463	472	479	483
1A_SB	26	d	417	422	432	437	440	443	448	451	456	460	465	474	481	/
1A_SB	27	a	429	435	444	448	452	455	461	465	470	474	479	489	494	498
1A_SB	27	d	430	436	445	450	453	456	463	466	472	476	481	490	495	/
1A_SB	28	a	441	448	457	462	466	470	476	480	486	490	494	503	509	513
1A_SB	28	d	442	450	459	464	468	471	478	481	488	491	495	505	511	/
1A_SB	29	a	461	467	476	479	483	488	493	498	504	509	513	524	530	534
1A_SB	29	d	462	468	477	481	485	489	495	500	506	511	514	526	532	/
1A_SB	30	a	474	480	489	493	497	502	508	512	517	521	524	534	539	543
1A_SB	30	d	475	481	491	495	499	503	510	513	518	522	525	535	541	/
1A_SB	31	a	491	498	506	511	514	518	523	528	534	537	540	551	557	561
1A_SB	31	d	492	499	508	512	515	519	525	530	535	538	542	552	559	/
1A_SB	32	a	516	522	530	533	537	541	547	552	558	561	566	577	583	586
1A_SB	32	d	517	524	531	535	538	543	549	553	559	563	568	579	584	/
1A_NB	1	a	26	30	36	45	52	56	63	67	73	77	80	84	91	96
1A_NB	1	d	27	32	38	47	54	58	64	68	74	78	82	86	93	/
1A_NB	2	a	49	53	60	67	74	77	83	87	94	99	104	108	115	120
1A_NB	2	d	50	55	61	69	75	79	84	89	96	101	106	109	116	/
1A_NB	3	a	63	67	73	80	86	90	95	99	106	111	115	118	125	131
1A_NB	3	d	64	69	74	81	88	91	96	101	108	113	116	119	127	/
1A_NB	4	a	70	74	79	88	95	100	106	110	117	121	124	127	134	140
1A_NB	4	d	71	75	81	90	97	102	107	112	118	122	125	128	136	/
1A_NB	5	a	88	93	100	109	115	120	125	128	134	139	144	147	156	161
1A_NB	5	d	89	95	102	110	117	121	126	130	136	141	145	149	158	/
1A_NB	6	a	102	106	112	120	125	128	133	136	142	146	150	153	164	169
1A_NB	6	d	103	108	114	121	126	129	134	138	143	147	151	155	165	/
1A_NB	7	a	113	118	124	133	138	142	147	151	158	161	166	169	177	182
1A_NB	7	d	114	120	126	134	140	143	148	153	159	163	167	170	178	/
1A_NB	8	a	120	124	130	139	146	149	155	160	166	169	174	177	186	193
1A_NB	8	d	121	126	132	141	147	150	157	161	167	171	175	179	188	/
1A_NB	9	a	130	134	141	148	156	159	165	170	177	181	186	189	198	204
1A_NB	9	d	131	136	143	150	157	160	167	172	179	183	187	191	199	/
1A_NB	10	a	144	148	155	164	170	173	178	183	191	195	200	204	211	218
1A_NB	10	d	145	150	157	166	171	174	180	185	193	197	202	205	213	/
1A_NB	11	a	169	174	180	187	193	197	204	209	215	220	224	227	236	244
1A_NB	11	d	170	176	182	188	195	199	206	210	217	222	225	229	238	/
1A_NB	12	a	190	195	201	209	216	219	225	229	236	241	244	247	255	261
1A_NB	12	d	191	196	203	211	217	221	226	230	238	242	245	249	257	/
1A_NB	13	a	214	218	224	230	236	240	246	251	258	263	267	270	276	282
1A_NB	13	d	215	220	225	231	238	242	248	252	260	265	268	271	277	/
1A_NB	14	a	221	225	232	239	244	249	255	259	266	271	275	279	285	292
1A_NB	14	d	222	227	234	240	246	251	257	260	268	273	276	280	287	/
1A_NB	15	a	233	237	244	251	256	260	266	270	276	280	284	288	296	303
1A_NB	15	d	234	239	246	252	257	262	268	271	277	282	286	290	298	/
1A_NB	16	a	238	243	249	256	261	265	271	275	282	287	291	294	302	308
1A_NB	16	d	240	245	251	257	262	267	273	277	284	288	292	296	303	/
1A_NB	17	a	243	248	254	262	268	272	279	283	290	294	298	301	310	317
1A_NB	17	d	245	250	256	264	269	274	281	285	292	295	299	303	312	/
1A_NB	18	a	256	261	267	274	280	284	290	294	300	304	308	313	321	327
1A_NB	18	d	258	262	268	276	282	286	291	295	302	306	310	314	323	/
1A_NB	19	a	263	268	274	282	288	291	297	302	309	313	318	321	328	334
1A_NB	19	d	265	269	275	284	289	293	299	303	311	315	319	323	330	/
1A_NB	20	a	282	288	294	302	307	311	317	321	327	331	336	340	347	352
1A_NB	20	d	284	290	295	303	309	313	319	323	329	333	338	341	348	/
1A_NB	21	a	297	303	308	315	321	324	330	335	341	344	347	350	360	366
1A_NB	21	d	299	304	309	316	322	325	332	337	342	345	348	352	361	/
1A_NB	22	a	305	309	314	322	329	333	340	344	351	354	357	361	371	377
1A_NB	22	d	306	310	316	324	331	335	341	346	352	355	359	363	372	/
1A_NB	23	a	314	318	325	332	338	341	347	351	357	361	364	368	377	382
1A_NB	23	d	315	320	326	333	339	342	348	352	359	362	366	369	378	/
1A_NB	24	a	328	332	338	346	352	355	361	366	372	376	380	384	392	398
1A_NB	24	d	329	334	340	348	353	356	363	367	374	377	381	386	394	/
1A_NB	25	a	344	348	355	364	371	375	381	385	392	395	398	401	409	415
1A_NB	25	d	345	350	357	366	372	377	382	386	393	396	399	403	411	/
1A_NB	26	a	357	361	366	373	379	383	389	394	402	405	408	412	421	426
1A_NB	26	d	358	362	367	374	380	385	391	396	403	406	409	414	423	/
1A_NB	27	a	370	374	380	388	394	398	403	409	417	420	423	427	436	441
1A_NB	27	d	371	376	382	390	396	399	405	411	418	421	425	428	437	/
1A_NB	28	a	382	386	391	398	404	407	414	420	427	431	435	439	447	453
1A_NB	28	d	383	387	392	400	405	409	416	422	429	433	437	441	449	/
1A_NB	29	a	400	405	411	419	424	428	435	439	444	448	452	455	462	468
1A_NB	29	d	401	407	413	420	426	430	437	440	446	449	453	456	463	/
1A_NB	30	a	421	426	432	440	447	451	456	460	467	472	476	480	486	491
1A_NB	30	d	422	428	434	442	449	453	458	462	469	473	477	481	487	/
1A_NB	31	a	445	449	454	462	469	473	478	481	488	492	495	499	505	512
1A_NB	31	d	446	450	455	464	470	474	479	483	489	493	497	500	507	/
1A_NB	32	a	453	457	463	471	477	481	488	492	499	502	505	509	515	522
1A_NB	32	d	454	459	464	473	478	483	490	494	500	503	507	510	517	/
2A_NB	1	a	16	19	24	29	33	37	42	46	51	63	69	73	75	79	83	87	91	94	98	102	106	111	114	121
2A_NB	1	d	17	21	25	31	35	38	44	48	53	65	71	74	76	81	85	89	93	95	100	103	108	112	115	/
2A_NB	2	a	38	42	46	51	54	58	64	68	71	83	89	93	96	100	103	106	110	112	117	122	126	131	134	142
2A_NB	2	d	39	43	47	53	56	59	65	69	73	85	91	94	98	101	104	107	111	114	119	123	128	132	135	/
2A_NB	3	a	63	66	70	77	79	82	88	92	95	104	109	111	114	119	123	126	130	133	137	141	145	148	152	161
2A_NB	3	d	64	68	72	78	80	84	90	93	96	105	110	113	116	121	124	128	132	134	138	142	146	150	153	/
2A_NB	4	a	70	73	78	85	88	91	96	100	104	114	119	122	124	128	132	135	138	140	144	149	154	159	162	171
2A_NB	4	d	71	75	80	87	89	92	98	102	106	115	120	123	126	130	133	136	139	141	146	151	156	160	163	/
2A_NB	5	a	82	86	91	96	99	102	107	111	114	123	129	132	135	139	143	146	149	153	157	161	165	170	173	181
2A_NB	5	d	83	88	93	98	100	103	108	112	115	124	130	134	137	140	144	147	151	154	158	162	167	171	175	/
2A_NB	6	a	99	102	106	112	114	117	123	126	129	136	142	144	146	150	153	156	160	164	167	171	175	179	183	192
2A_NB	6	d	100	103	108	113	115	119	124	127	130	137	143	145	148	151	155	157	162	165	169	172	176	180	185	/
2A_NB	7	a	108	112	117	123	126	131	137	140	143	151	158	160	162	165	169	172	176	180	185	189	194	198	202	209
2A_NB	7	d	109	114	119	125	128	133	138	141	145	152	159	161	163	167	170	174	178	182	186	191	196	200	204	/
2A_NB	8	a	123	127	132	137	140	143	149	152	155	163	170	172	176	180	184	187	191	194	198	201	205	208	213	221
2A_NB	8	d	124	129	133	139	141	145	150	153	156	164	171	174	178	182	185	188	192	195	199	202	206	210	215	/
2A_NB	9	a	135	138	142	150	152	156	162	166	169	179	186	189	193	198	201	203	206	209	213	216	220	224	228	238
2A_NB	9	d	136	139	144	151	154	157	164	167	170	180	187	191	195	199	202	204	208	210	214	218	222	225	230	/
2A_NB	10	a	142	145	149	156	158	162	169	173	176	186	193	197	199	204	207	209	213	215	220	224	228	232	237	246
2A_NB	10	d	143	146	151	157	160	164	170	174	177	187	195	198	201	205	208	211	214	217	222	226	230	234	238	/
2A_NB	11	a	161	164	168	174	176	181	187	191	195	205	212	215	217	221	226	229	233	235	239	244	248	252	255	263
2A_NB	11	d	162	165	169	175	178	183	188	193	197	207	213	216	219	223	227	230	234	237	241	245	249	253	256	/
2A_NB	12	a	189	192	196	202	204	207	212	216	219	228	234	236	238	243	247	251	255	257	261	265	269	273	277	285
2A_NB	12	d	190	193	197	203	205	208	213	217	220	229	235	237	240	244	249	253	256	259	262	266	270	275	279	/
2A_NB	13	a	194	197	202	209	212	216	222	227	231	240	248	250	254	257	261	265	269	272	276	280	285	288	292	299
2A_NB	13	d	195	199	204	210	213	218	224	228	232	242	249	252	255	258	263	266	271	274	278	282	286	289	293	/
2A_NB	14	a	209	213	216	223	226	230	236	241	245	253	260	264	268	272	276	280	283	286	291	295	300	305	308	315
2A_NB	14	d	210	214	218	224	227	231	238	243	247	254	262	266	270	273	278	281	285	288	292	297	302	306	309	/
2A_NB	15	a	236	239	243	249	252	256	262	267	271	282	291	294	297	301	305	308	312	314	319	323	326	330	334	341
2A_NB	15	d	237	240	245	251	253	257	264	268	272	284	292	296	298	303	307	310	313	316	320	324	328	332	335	/
2A_NB	16	a	257	260	265	270	272	276	282	286	291	301	308	311	314	319	323	326	329	332	337	340	345	348	351	359
2A_NB	16	d	258	262	266	271	273	278	283	288	293	303	310	312	316	320	325	327	330	334	338	342	346	349	352	/
2A_NB	17	a	271	275	278	283	286	289	294	298	303	314	320	322	324	329	333	336	340	343	347	352	356	359	363	371
2A_NB	17	d	272	276	279	285	287	290	295	300	305	315	321	323	326	331	334	338	341	344	349	354	357	361	364	/
2A_NB	18	a	293	297	302	308	311	315	320	323	327	336	342	346	349	352	357	360	364	366	371	376	379	384	388	394
2A_NB	18	d	294	299	304	309	313	316	321	324	329	337	344	348	350	354	359	362	365	368	373	377	381	386	389	/
2A_NB	19	a	320	323	328	334	338	342	347	351	356	365	371	373	375	379	384	388	391	393	398	403	408	412	416	423
2A_NB	19	d	321	325	330	336	339	343	348	353	358	366	372	374	377	381	386	389	392	395	400	405	410	414	418	/
2A_NB	20	a	327	330	334	340	344	347	353	357	361	372	379	381	383	387	391	394	398	401	406	410	415	418	421	429
2A_NB	20	d	328	331	336	342	345	348	354	358	363	374	380	382	385	388	392	396	400	403	407	412	416	419	423	/
2A_NB	21	a	341	345	349	354	356	359	365	369	374	385	391	394	397	401	404	408	413	416	421	425	428	432	436	444
2A_NB	21	d	342	346	350	355	357	361	367	371	376	386	392	396	398	402	406	410	415	418	422	426	430	433	438	/
2A_NB	22	a	363	367	371	377	380	383	389	394	397	408	415	418	420	423	426	430	435	439	442	445	449	452	455	463
2A_NB	22	d	364	369	372	379	381	384	391	395	398	409	417	419	421	424	428	432	437	440	443	446	450	453	457	/
2A_NB	23	a	385	389	393	398	401	405	411	415	420	428	433	437	439	442	446	448	452	455	459	463	466	470	474	482
2A_NB	23	d	386	390	394	400	403	406	412	417	421	429	435	438	440	443	447	450	454	456	461	464	468	472	475	/
2A_NB	24	a	406	409	413	419	421	425	432	437	441	450	457	461	463	468	472	476	480	482	486	489	493	497	500	506
2A_NB	24	d	407	410	415	420	423	427	434	438	443	451	459	462	465	469	474	477	481	483	487	490	495	498	501	/
2A_NB	25	a	424	428	433	439	442	446	454	457	460	467	474	477	479	483	487	491	496	499	502	506	511	515	519	525
2A_NB	25	d	425	430	435	440	444	448	455	458	461	468	475	478	481	484	489	493	498	500	504	508	513	516	520	/
2A_NB	26	a	436	440	445	451	454	458	464	468	472	481	488	490	493	496	500	503	507	509	514	518	522	526	530	538
2A_NB	26	d	437	442	447	453	455	459	466	469	473	482	489	492	494	497	501	505	508	511	516	519	524	527	532	/
2A_NB	27	a	446	450	454	460	462	467	473	477	482	492	500	503	507	511	515	518	522	526	529	533	536	539	543	550
2A_NB	27	d	447	451	456	461	464	469	475	479	483	494	502	505	508	512	516	519	524	527	531	534	537	541	544	/
2A_NB	28	a	460	463	467	472	475	479	485	489	492	502	509	512	515	519	523	526	530	533	536	539	542	547	551	558
2A_NB	28	d	461	464	468	474	476	481	486	490	493	504	510	513	516	520	525	527	532	534	537	540	544	549	552	/
2A_NB	29	a	478	482	487	494	497	501	508	513	518	529	536	540	542	546	550	554	558	560	563	567	571	575	579	587
2A_NB	29	d	479	484	489	495	498	503	510	515	520	530	538	541	544	548	552	555	559	561	565	569	573	577	580	/
2A_NB	30	a	506	510	513	517	521	525	531	536	539	548	554	557	559	564	568	572	576	579	583	586	590	595	598	606
2A_NB	30	d	507	511	514	519	522	526	533	537	540	549	555	558	561	565	570	574	578	581	584	587	592	596	599	/
2A_NB	31	a	529	533	536	541	545	549	555	559	564	576	582	586	588	592	595	597	601	603	607	611	616	620	624	631
2A_NB	31	d	530	534	537	543	547	550	556	561	566	577	584	587	589	593	596	599	602	605	608	613	618	621	625	/
2A_NB	32	a	548	552	556	564	567	570	577	582	587	598	605	609	613	617	621	624	629	631	635	639	643	646	650	657
2A_NB	32	d	549	553	558	566	568	572	579	584	589	600	607	611	615	618	622	626	630	632	636	640	644	648	651	/
2A_SB	1	a	17	22	28	32	37	40	43	46	50	55	60	62	66	70	74	82	87	91	94	100	103	107	112	116	125
2A_SB	1	d	18	24	30	34	38	41	44	47	52	57	61	63	68	72	75	83	88	92	95	102	104	109	113	118	/
2A_SB	2	a	44	50	57	62	65	68	71	75	79	83	87	89	92	96	100	107	113	117	121	129	131	136	140	144	155
2A_SB	2	d	45	52	59	63	66	70	73	76	80	84	88	90	93	97	101	108	114	118	123	130	132	137	142	145	/
2A_SB	3	a	55	61	67	70	73	77	81	86	91	95	100	103	107	110	114	123	129	132	135	140	144	149	153	158	166
2A_SB	3	d	56	62	68	71	75	79	83	88	93	97	102	105	108	111	115	124	130	133	136	142	146	150	155	159	/
2A_SB	4	a	66	71	77	81	85	89	92	96	100	104	108	110	114	118	123	133	141	144	148	153	155	159	163	167	176
2A_SB	4	d	67	72	79	82	87	90	93	97	102	105	109	112	116	120	125	135	142	146	149	154	156	160	165	168	/
2A_SB	5	a	82	87	92	95	99	102	105	109	114	119	122	124	128	131	135	143	150	153	156	161	163	167	170	173	183
2A_SB	5	d	83	88	93	97	101	103	106	111	116	120	123	125	129	132	136	144	151	154	157	162	164	168	171	175	/
2A_SB	6	a	94	100	106	110	115	118	121	124	127	131	134	137	141	145	149	159	167	170	174	179	182	186	189	194	204
2A_SB	6	d	95	102	108	112	117	119	122	125	128	132	136	138	142	146	151	161	168	171	175	180	184	187	191	196	/
2A_SB	7	a	114	120	128	133	137	140	142	146	150	154	157	160	163	167	170	180	186	191	195	202	205	209	212	216	228
2A_SB	7	d	116	122	130	135	138	141	143	148	151	155	158	161	165	168	172	181	188	192	196	203	206	210	213	217	/
2A_SB	8	a	125	131	138	141	145	149	152	156	160	164	167	169	172	175	178	187	194	198	202	209	212	216	219	223	235
2A_SB	8	d	127	132	139	143	147	151	154	157	161	165	168	170	173	176	180	189	195	199	203	210	213	217	220	224	/
2A_SB	9	a	144	151	157	161	166	169	172	175	178	181	184	186	189	192	196	202	207	212	217	223	226	230	234	237	247
2A_SB	9	d	146	153	159	163	168	170	173	176	179	182	185	187	190	193	197	203	209	214	219	224	227	231	235	238	/
2A_SB	10	a	156	162	167	171	174	176	180	183	188	192	196	199	202	205	210	218	224	229	234	239	242	247	252	255	264
2A_SB	10	d	157	163	168	172	175	178	181	185	189	194	198	200	203	207	212	219	226	231	235	241	243	249	253	256	/
2A_SB	11	a	164	169	176	180	183	187	191	195	198	203	206	208	211	214	218	226	232	237	242	248	251	257	262	266	276
2A_SB	11	d	165	171	177	181	185	189	193	196	200	204	207	209	212	215	220	227	234	239	243	250	253	259	264	268	/
2A_SB	12	a	173	178	184	189	192	195	199	202	206	210	214	217	222	226	230	237	243	247	250	256	259	263	268	271	282
2A_SB	12	d	174	180	186	190	193	197	200	204	207	211	216	219	224	227	231	238	244	248	251	258	260	265	269	273	/
2A_SB	13	a	183	189	195	199	203	206	209	212	215	218	222	224	228	231	236	243	250	255	259	266	268	273	278	282	292
2A_SB	13	d	184	191	196	200	204	207	210	213	216	219	223	225	229	233	237	245	252	257	261	267	270	275	279	283	/
2A_SB	14	a	202	206	211	215	220	223	225	229	232	236	240	243	247	252	255	262	268	272	275	281	283	287	291	295	304
2A_SB	14	d	203	207	212	217	222	224	227	230	233	237	242	245	249	253	256	263	269	273	276	282	284	288	292	296	/
2A_SB	15	a	214	219	224	227	231	233	235	238	241	245	249	251	254	258	262	269	275	279	283	288	291	296	301	305	316
2A_SB	15	d	215	220	225	229	232	234	236	239	242	246	250	252	255	260	263	270	277	281	285	290	293	298	303	306	/
2A_SB	16	a	220	225	231	234	237	239	242	246	250	255	259	261	264	268	273	282	289	293	297	301	304	308	313	317	327
2A_SB	16	d	221	226	232	235	238	240	244	248	252	256	260	262	265	270	275	284	290	294	298	303	305	310	315	319	/
2A_SB	17	a	237	243	249	253	258	260	263	267	270	273	277	279	282	286	290	299	305	308	312	317	320	326	330	333	341
2A_SB	17	d	238	245	251	255	259	261	265	268	271	274	278	280	283	288	291	300	306	309	313	318	322	327	331	334	/
2A_SB	18	a	246	252	258	261	266	269	272	276	279	282	286	289	293	296	299	306	312	315	319	325	328	333	337	340	348
2A_SB	18	d	247	254	259	263	268	271	274	277	280	283	288	290	294	297	300	307	313	316	320	326	330	335	338	341	/
2A_SB	19	a	266	272	278	282	286	290	292	295	298	302	306	308	312	316	319	325	332	336	340	346	349	353	358	361	371
2A_SB	19	d	267	273	280	284	288	291	293	296	299	303	307	309	313	317	320	327	333	337	341	347	350	355	359	363	/
2A_SB	20	a	273	278	285	289	293	296	298	301	305	309	313	315	319	322	325	331	337	341	346	353	356	361	364	368	377
2A_SB	20	d	274	280	287	290	294	297	299	302	306	310	314	316	320	323	326	333	338	343	348	354	358	362	365	369	/
2A_SB	21	a	290	295	302	306	310	314	317	321	324	329	333	336	341	345	349	357	364	369	374	381	383	387	391	395	406
2A_SB	21	d	291	296	303	307	312	316	318	322	326	331	334	338	343	346	350	358	366	371	376	382	384	388	392	397	/
2A_SB	22	a	312	318	324	328	331	335	338	342	345	349	354	356	360	364	367	373	380	385	389	397	399	404	408	412	424
2A_SB	22	d	313	319	326	329	333	336	340	343	346	351	355	358	362	365	368	375	382	386	391	398	401	405	409	414	/
2A_SB	23	a	339	344	350	354	357	360	363	367	370	374	379	381	386	390	393	400	405	409	414	420	424	429	433	437	448
2A_SB	23	d	340	346	351	355	359	361	365	368	371	376	380	383	387	391	394	401	407	411	415	422	425	430	434	438	/
2A_SB	24	a	357	362	369	373	377	381	385	390	394	398	401	405	410	414	417	425	431	434	437	443	447	453	457	461	470
2A_SB	24	d	358	364	371	375	379	383	387	391	395	399	403	407	412	415	419	426	432	435	439	445	449	454	458	462	/
2A_SB	25	a	378	384	391	395	400	403	405	409	413	416	420	423	426	429	434	441	447	450	453	460	463	468	473	476	488
2A_SB	25	d	379	385	393	397	401	404	406	411	414	417	421	424	427	431	435	442	448	451	454	461	465	470	474	478	/
2A_SB	26	a	386	392	398	402	406	409	412	416	420	423	426	430	434	438	441	448	455	460	464	471	474	478	482	485	494
2A_SB	26	d	387	394	400	403	407	410	413	418	421	424	428	432	436	439	442	450	457	462	466	472	475	479	483	486	/
2A_SB	27	a	404	410	417	421	425	429	432	435	438	442	447	449	454	458	461	470	476	479	483	491	494	498	503	506	514
2A_SB	27	d	405	412	419	423	427	430	433	436	440	444	448	451	456	459	463	471	477	481	485	493	495	500	504	507	/
2A_SB	28	a	433	439	444	449	453	456	458	462	466	470	474	478	483	488	492	499	506	509	512	518	522	527	532	535	545
2A_SB	28	d	434	440	446	450	455	457	460	463	467	472	476	480	485	489	493	501	507	510	513	520	524	529	533	537	/
2A_SB	29	a	451	458	465	470	474	477	480	484	489	494	498	501	505	510	514	521	528	532	536	542	546	551	556	560	569
2A_SB	29	d	452	460	467	472	476	479	482	486	491	495	500	502	507	512	515	523	530	533	537	544	548	553	558	561	/
2A_SB	30	a	475	480	486	490	495	497	499	504	509	513	517	520	524	527	532	540	546	549	554	560	564	570	574	579	590
2A_SB	30	d	476	482	487	492	496	498	501	506	510	514	518	522	525	529	534	541	547	551	555	562	566	572	576	580	/
2A_SB	31	a	497	503	510	513	517	520	522	526	531	536	539	542	546	549	552	558	565	569	572	579	582	587	590	594	604
2A_SB	31	d	498	505	511	515	519	521	523	528	533	537	541	544	547	550	554	560	567	570	574	580	583	588	592	596	/
2A_SB	32	a	504	510	517	521	524	528	532	536	541	545	548	550	553	556	560	566	573	577	581	588	591	596	600	604	612
2A_SB	32	d	505	511	519	522	526	530	533	538	542	546	549	551	554	558	561	568	575	579	583	589	593	598	601	605	/
3A_SB	1	a	11	15	18	23	26	30	34	39	44	47	52	56	60	67	71
3A_SB	1	d	12	16	20	24	28	32	36	41	45	49	54	58	61	69	/
3A_SB	2	a	29	35	38	43	46	48	50	55	60	63	68	71	75	81	86
3A_SB	2	d	30	36	40	44	47	49	52	57	62	64	69	73	76	83	/
3A_SB	3	a	45	51	56	60	64	67	71	75	79	81	86	90	93	99	104
3A_SB	3	d	46	53	57	61	65	69	73	76	80	82	87	91	94	101	/
3A_SB	4	a	70	76	80	84	89	92	95	100	105	107	111	115	118	123	127
3A_SB	4	d	71	77	81	86	90	93	97	102	106	108	112	116	119	124	/
3A_SB	5	a	88	93	96	100	104	108	112	115	119	121	126	129	132	138	141
3A_SB	5	d	89	94	97	102	106	110	113	116	120	122	127	130	133	139	/
3A_SB	6	a	93	98	102	107	111	114	118	123	127	129	134	137	140	146	150
3A_SB	6	d	94	100	104	109	112	116	120	125	128	130	135	138	141	148	/
3A_SB	7	a	101	106	111	114	118	122	125	129	132	135	142	145	148	154	159
3A_SB	7	d	102	108	112	116	120	124	126	130	134	137	143	146	150	156	/
3A_SB	8	a	123	129	133	137	141	143	146	149	154	156	161	164	168	173	177
3A_SB	8	d	124	130	134	138	142	144	147	151	155	157	162	165	169	175	/
3A_SB	9	a	128	134	138	142	146	148	151	155	159	161	166	170	174	180	183
3A_SB	9	d	129	136	139	143	147	149	152	156	160	162	168	171	176	181	/
3A_SB	10	a	144	150	154	158	162	164	167	171	175	177	181	184	187	193	196
3A_SB	10	d	145	152	155	159	163	165	169	172	176	178	182	185	188	194	/
3A_SB	11	a	153	159	162	167	170	172	176	179	182	184	189	192	195	201	206
3A_SB	11	d	154	160	164	168	171	174	177	180	183	185	190	193	196	203	/
3A_SB	12	a	168	173	176	180	185	188	191	196	201	203	208	211	214	219	223
3A_SB	12	d	169	174	178	182	187	190	193	198	202	204	209	212	215	221	/
3A_SB	13	a	184	189	194	198	201	203	206	210	215	217	222	226	229	234	237
3A_SB	13	d	185	191	195	199	202	205	208	212	216	218	223	227	230	235	/
3A_SB	14	a	200	205	209	214	218	221	225	230	234	236	240	243	246	252	255
3A_SB	14	d	201	206	211	216	220	223	227	232	235	237	241	244	247	253	/
3A_SB	15	a	210	215	219	223	226	229	232	236	240	243	247	250	253	259	264
3A_SB	15	d	211	216	220	224	227	231	233	238	241	244	248	251	254	261	/
3A_SB	16	a	222	227	232	237	241	244	248	251	254	257	262	266	269	276	280
3A_SB	16	d	223	229	233	239	242	246	249	252	255	259	264	267	271	278	/
3A_SB	17	a	235	241	245	250	254	256	258	262	266	269	274	277	281	287	290
3A_SB	17	d	236	242	247	252	255	257	259	264	267	270	275	278	282	288	/
3A_SB	18	a	249	255	259	262	265	267	269	273	277	279	284	287	291	298	301
3A_SB	18	d	250	256	260	263	266	268	270	274	278	280	285	289	292	299	/
3A_SB	19	a	267	272	277	281	284	287	289	292	296	299	304	307	310	317	321
3A_SB	19	d	268	274	278	282	285	288	290	293	297	300	305	308	311	318	/
3A_SB	20	a	273	278	282	286	290	293	295	299	304	306	311	314	317	323	327
3A_SB	20	d	274	279	283	287	291	294	297	301	305	307	312	315	318	324	/
3A_SB	21	a	289	294	298	303	307	311	314	319	323	325	329	332	335	341	344
3A_SB	21	d	290	295	300	305	309	313	316	321	324	326	330	333	336	342	/
3A_SB	22	a	305	311	314	319	322	325	327	332	337	341	346	349	352	357	361
3A_SB	22	d	306	312	316	320	324	326	329	334	339	342	347	350	353	359	/
3A_SB	23	a	311	317	322	326	329	332	334	338	342	346	352	355	358	363	367
3A_SB	23	d	312	319	323	327	330	333	335	339	344	348	353	356	359	365	/
3A_SB	24	a	329	335	340	343	348	351	354	357	361	365	370	373	377	382	386
3A_SB	24	d	330	337	341	345	349	352	355	358	363	367	371	375	378	384	/
3A_SB	25	a	344	349	352	356	360	362	364	368	373	376	381	384	388	395	398
3A_SB	25	d	345	350	353	357	361	363	366	370	374	377	382	386	390	396	/
3A_SB	26	a	356	361	365	370	374	376	379	384	388	392	398	401	405	412	417
3A_SB	26	d	357	362	367	372	375	378	381	385	390	394	399	403	406	414	/
3A_SB	27	a	377	382	386	390	393	395	397	401	405	408	413	417	421	428	431
3A_SB	27	d	378	383	387	391	394	396	399	402	406	409	415	419	423	429	/
3A_SB	28	a	390	394	398	402	405	408	410	414	419	422	427	430	435	442	445
3A_SB	28	d	391	396	399	403	407	409	411	416	421	423	428	432	437	443	/
3A_SB	29	a	413	418	422	426	430	432	435	438	443	446	453	457	461	467	471
3A_SB	29	d	414	419	423	428	431	434	436	440	444	448	455	459	462	469	/
3A_SB	30	a	428	433	436	441	446	450	452	456	460	463	469	472	476	483	486
3A_SB	30	d	429	434	438	443	448	451	453	458	462	465	470	474	478	484	/
3A_SB	31	a	453	459	464	469	473	477	479	483	486	489	494	499	503	510	513
3A_SB	31	d	454	461	466	471	475	478	480	484	488	491	496	501	505	511	/
3A_SB	32	a	466	471	476	481	484	487	490	494	498	500	506	510	514	518	521
3A_SB	32	d	467	473	478	482	485	489	491	496	499	502	507	512	515	519	/
3A_NB	1	a	29	33	37	42	45	49	53	56	60	66	70	74	78	82	87	92	96
3A_NB	1	d	30	35	39	43	47	50	54	58	62	67	71	75	80	83	89	94	/
3A_NB	2	a	45	49	53	57	61	64	67	71	74	79	83	86	90	92	97	101	104
3A_NB	2	d	46	50	54	59	62	65	69	72	76	80	84	87	91	94	98	102	/
3A_NB	3	a	53	57	61	65	69	73	76	80	83	87	91	95	98	100	105	109	112
3A_NB	3	d	54	58	62	67	71	74	78	81	84	88	92	96	99	102	106	110	/
3A_NB	4	a	70	73	78	81	84	88	93	98	101	105	109	113	116	119	123	126	131
3A_NB	4	d	71	75	79	82	85	90	95	99	102	106	110	114	117	120	124	128	/
3A_NB	5	a	83	86	91	95	99	102	107	111	114	121	125	129	132	135	139	143	148
3A_NB	5	d	84	88	92	97	100	104	108	112	116	122	126	130	133	136	140	145	/
3A_NB	6	a	91	94	98	103	106	111	115	120	123	128	133	138	142	145	150	155	158
3A_NB	6	d	92	96	100	104	108	112	117	121	125	130	135	139	143	147	152	156	/
3A_NB	7	a	98	101	105	110	113	118	122	126	130	134	139	143	148	151	155	160	163
3A_NB	7	d	99	103	107	111	115	119	123	128	131	136	140	145	149	152	157	161	/
3A_NB	8	a	106	110	113	117	121	125	128	133	136	140	144	149	152	155	160	165	170
3A_NB	8	d	107	111	114	119	122	126	130	134	137	141	146	150	154	157	162	167	/
3A_NB	9	a	116	120	124	128	131	136	140	145	149	154	157	161	164	167	172	175	179
3A_NB	9	d	117	122	126	129	133	138	142	147	151	155	158	162	165	168	173	176	/
3A_NB	10	a	142	145	149	153	157	160	164	167	171	176	179	182	185	187	192	196	200
3A_NB	10	d	143	147	150	154	158	161	165	169	172	177	180	183	186	188	193	197	/
3A_NB	11	a	148	151	154	159	163	168	172	175	179	183	186	189	192	194	200	205	209
3A_NB	11	d	149	152	156	160	165	169	173	177	180	184	187	190	193	196	202	206	/
3A_NB	12	a	168	172	175	178	181	185	190	194	197	202	205	209	212	214	219	223	227
3A_NB	12	d	169	173	176	179	183	187	191	195	198	203	206	210	213	215	220	224	/
3A_NB	13	a	177	181	185	189	193	197	203	206	210	215	219	223	226	229	234	239	243
3A_NB	13	d	178	182	187	190	195	199	204	208	212	216	220	224	227	231	236	241	/
3A_NB	14	a	189	192	196	201	204	208	213	216	219	223	227	230	234	237	241	245	249
3A_NB	14	d	190	193	198	202	206	209	214	218	220	224	228	231	235	238	242	247	/
3A_NB	15	a	205	208	212	217	219	222	226	229	231	236	240	243	246	249	254	257	261
3A_NB	15	d	206	210	214	218	220	223	227	230	232	237	241	244	247	250	255	259	/
3A_NB	16	a	219	223	226	230	234	239	242	246	249	253	256	260	264	268	273	277	281
3A_NB	16	d	220	224	228	232	236	240	243	248	250	254	257	261	266	270	274	278	/
3A_NB	17	a	226	229	232	236	240	244	248	252	255	260	264	268	272	275	279	284	289
3A_NB	17	d	227	230	234	238	242	246	249	254	257	261	265	270	274	276	281	286	/
3A_NB	18	a	237	240	243	248	251	254	257	261	263	267	271	275	278	281	286	290	295
3A_NB	18	d	238	241	245	249	252	255	258	262	264	268	272	276	280	283	288	292	/
3A_NB	19	a	246	249	252	256	259	263	267	271	274	278	281	285	289	291	294	297	301
3A_NB	19	d	247	250	253	257	261	265	268	272	275	279	282	286	290	292	295	298	/
3A_NB	20	a	261	264	268	273	277	281	284	288	291	295	299	303	306	308	312	315	319
3A_NB	20	d	262	266	270	274	279	282	285	289	292	296	300	304	307	309	313	316	/
3A_NB	21	a	268	271	274	278	283	287	291	296	300	304	308	312	315	318	322	326	331
3A_NB	21	d	269	272	275	280	285	289	293	298	301	305	309	313	316	319	324	328	/
3A_NB	22	a	289	293	298	301	304	308	312	316	320	325	328	332	336	339	343	346	351
3A_NB	22	d	290	295	299	302	305	310	313	318	321	326	329	333	337	340	344	348	/
3A_NB	23	a	295	299	303	306	310	315	319	323	326	331	334	338	342	345	350	353	357
3A_NB	23	d	296	301	304	308	312	317	320	324	327	332	335	339	343	347	351	354	/
3A_NB	24	a	304	308	311	315	320	323	327	332	334	338	342	347	352	355	359	363	368
3A_NB	24	d	305	309	313	317	321	325	329	333	335	340	344	349	353	356	360	365	/
3A_NB	25	a	319	323	327	330	333	337	340	343	346	351	354	359	363	366	370	375	379
3A_NB	25	d	320	324	328	331	334	338	341	345	348	352	356	361	365	367	372	377	/
3A_NB	26	a	345	348	352	355	359	364	368	372	375	379	382	386	390	393	398	403	407
3A_NB	26	d	346	349	353	356	361	366	370	374	376	380	383	387	392	395	400	404	/
3A_NB	27	a	367	371	374	378	382	386	390	394	398	402	406	411	416	419	423	427	431
3A_NB	27	d	368	372	375	379	384	388	392	396	399	403	408	413	418	420	425	428	/
3A_NB	28	a	385	388	393	398	401	405	410	413	416	421	425	429	433	437	443	447	452
3A_NB	28	d	386	390	395	399	403	407	411	414	418	423	427	431	435	439	445	449	/
3A_NB	29	a	405	408	412	415	419	424	428	431	434	438	443	446	450	453	459	463	467
3A_NB	29	d	406	409	413	416	421	426	429	432	435	440	444	447	451	455	460	465	/
3A_NB	30	a	421	424	428	432	435	439	442	446	450	455	458	462	465	468	473	478	481
3A_NB	30	d	422	425	430	433	437	440	444	448	452	456	459	463	466	470	475	479	/
3A_NB	31	a	438	442	445	449	453	458	462	465	469	473	477	480	484	488	492	496	499
3A_NB	31	d	439	443	447	451	455	460	463	467	470	474	478	481	486	489	494	497	/
3A_NB	32	a	450	453	456	459	463	468	473	476	480	484	488	492	496	498	503	507	510
3A_NB	32	d	451	454	457	461	465	470	474	478	481	485	489	493	497	500	504	508	/
