RouteID	RunID	Arrivals/Departures	TimePerStop
1A_SB	1	a	20	27	38	43	46	49	55	60	66	69	73	82	88	91
1A_SB	1	d	21	28	40	44	47	51	57	62	67	70	74	84	89	/
1A_SB	2	a	40	45	53	57	61	64	70	74	80	83	87	98	104	108
1A_SB	2	d	41	46	54	58	62	65	72	75	81	84	89	100	105	/
1A_SB	3	a	63	68	76	79	83	86	91	94	99	103	107	117	122	126
1A_SB	3	d	64	69	77	81	84	87	92	95	100	104	108	118	123	/
1A_SB	4	a	73	78	86	89	93	97	104	108	113	117	121	131	136	139
1A_SB	4	d	74	79	87	91	95	99	105	109	115	118	122	132	137	/
1A_SB	5	a	78	83	92	96	99	102	109	113	119	123	128	139	146	149
1A_SB	5	d	79	85	93	97	100	104	110	115	121	125	130	141	147	/
1A_SB	6	a	95	102	110	113	116	120	126	131	137	141	145	154	159	164
1A_SB	6	d	97	103	111	114	117	121	128	132	138	142	146	156	161	/
1A_SB	7	a	104	110	118	121	125	130	136	139	144	148	152	161	165	168
1A_SB	7	d	106	111	119	122	127	131	137	140	145	149	154	162	166	/
1A_SB	8	a	109	115	124	129	134	138	145	148	153	158	163	171	176	180
1A_SB	8	d	111	117	126	131	136	140	146	149	155	160	164	172	178	/
1A_SB	9	a	118	125	134	139	144	147	153	157	163	167	170	179	184	187
1A_SB	9	d	120	127	136	141	145	148	155	158	165	168	171	181	185	/
1A_SB	10	a	131	138	148	152	155	158	165	168	173	176	179	188	192	196
1A_SB	10	d	133	139	149	153	156	160	166	169	174	177	181	189	194	/
1A_SB	11	a	137	145	155	159	162	165	170	174	180	184	188	197	203	208
1A_SB	11	d	139	146	156	160	163	167	172	176	182	186	190	199	205	/
1A_SB	12	a	146	154	162	167	171	176	181	185	190	193	196	205	210	214
1A_SB	12	d	148	155	164	169	173	178	182	187	191	194	198	206	211	/
1A_SB	13	a	155	161	169	173	177	182	187	192	196	199	202	210	216	220
1A_SB	13	d	157	162	171	175	179	183	189	193	197	200	203	211	217	/
1A_SB	14	a	167	174	182	185	188	192	197	201	206	209	214	225	232	238
1A_SB	14	d	169	175	183	186	189	193	199	203	207	211	216	226	234	/
1A_SB	15	a	185	192	201	205	208	212	219	223	229	233	236	246	251	256
1A_SB	15	d	187	193	203	206	210	214	220	225	231	234	238	247	253	/
1A_SB	16	a	196	204	211	215	219	223	230	234	239	244	248	256	262	265
1A_SB	16	d	198	205	213	217	221	225	232	235	241	245	250	258	263	/
1A_NB	1	a	18	22	28	34	40	44	49	53	59	63	68	71	79	86
1A_NB	1	d	19	24	29	36	41	46	50	54	60	65	69	73	81	/
1A_NB	2	a	30	35	41	49	54	58	64	69	76	81	85	89	96	102
1A_NB	2	d	31	37	43	50	55	60	66	71	78	82	87	91	98	/
1A_NB	3	a	49	54	61	68	74	77	82	86	92	96	100	104	113	120
1A_NB	3	d	50	56	63	69	75	79	84	88	93	98	102	106	115	/
1A_NB	4	a	67	72	79	87	93	97	102	106	113	117	120	125	135	141
1A_NB	4	d	68	74	81	89	95	98	104	108	114	118	122	127	136	/
1A_NB	5	a	78	82	89	97	103	106	111	115	122	126	130	134	142	149
1A_NB	5	d	79	84	90	99	104	108	112	117	124	128	131	136	144	/
1A_NB	6	a	90	94	100	109	116	120	125	129	137	140	143	148	155	160
1A_NB	6	d	91	96	102	111	118	121	127	131	138	141	145	149	156	/
1A_NB	7	a	120	124	130	137	143	147	151	154	160	165	170	173	182	189
1A_NB	7	d	121	125	132	139	144	148	152	155	162	167	171	175	184	/
1A_NB	8	a	144	149	155	162	167	172	178	182	189	194	199	203	210	215
1A_NB	8	d	145	150	157	163	169	173	179	184	191	196	201	205	211	/
1A_NB	9	a	163	167	173	179	185	188	193	198	206	210	214	218	225	231
1A_NB	9	d	164	168	174	180	186	189	195	200	208	212	216	219	226	/
1A_NB	10	a	182	186	192	200	207	210	218	221	228	232	236	240	248	253
1A_NB	10	d	183	188	194	202	208	212	219	222	230	233	238	241	249	/
1A_NB	11	a	188	192	198	207	213	218	225	229	237	240	245	249	258	265
1A_NB	11	d	189	194	200	208	215	219	227	231	238	242	247	251	260	/
1A_NB	12	a	204	208	215	221	228	232	237	241	247	250	254	258	265	271
1A_NB	12	d	205	210	216	223	229	233	239	242	248	251	256	260	266	/
1A_NB	13	a	229	233	238	247	254	257	264	268	274	278	282	286	293	299
1A_NB	13	d	230	234	240	249	255	259	266	270	275	279	284	287	294	/
1A_NB	14	a	246	251	257	265	271	275	280	284	291	294	297	301	306	314
1A_NB	14	d	247	252	259	266	272	276	281	286	292	295	299	302	308	/
1A_NB	15	a	267	271	276	283	289	293	298	303	311	316	319	322	328	334
1A_NB	15	d	268	272	278	284	290	294	300	305	313	317	320	323	329	/
1A_NB	16	a	288	292	297	303	309	312	318	323	330	335	338	342	350	356
1A_NB	16	d	289	293	298	304	310	313	320	324	332	336	339	344	352	/
2A_NB	1	a	15	20	24	30	33	37	41	44	48	58	65	68	72	76	79	82	86	89	94	98	103	107	111	118
2A_NB	1	d	16	21	26	32	34	38	42	45	50	59	67	70	74	77	80	84	87	91	95	100	104	109	113	/
2A_NB	2	a	31	35	40	46	48	52	58	62	67	77	84	87	90	94	97	101	105	108	112	117	122	125	129	136
2A_NB	2	d	32	37	42	47	49	54	59	64	69	79	86	89	92	95	99	103	107	110	114	119	123	127	130	/
2A_NB	3	a	59	62	67	73	77	82	87	92	96	105	110	112	116	119	124	128	132	135	139	142	147	150	153	160
2A_NB	3	d	60	64	69	75	79	83	89	93	97	106	111	114	117	121	126	129	133	136	140	144	148	151	154	/
2A_NB	4	a	69	72	76	82	86	91	96	101	105	113	119	122	126	130	135	139	143	145	150	154	159	163	166	175
2A_NB	4	d	70	73	78	84	88	92	98	102	106	115	121	124	127	132	137	141	144	147	151	156	161	164	168	/
2A_NB	5	a	89	93	97	103	106	109	114	117	120	128	133	135	139	144	148	151	155	158	162	166	171	174	178	186
2A_NB	5	d	90	94	99	104	107	111	115	118	121	129	134	137	141	146	149	153	156	159	163	168	172	176	179	/
2A_NB	6	a	108	112	117	122	125	129	136	139	143	149	156	160	164	169	173	176	179	181	185	189	194	197	202	210
2A_NB	6	d	109	114	118	124	127	131	137	141	144	150	158	162	166	170	174	177	180	183	186	191	195	199	204	/
2A_NB	7	a	127	131	136	141	144	148	154	158	162	169	176	179	182	186	190	193	197	200	204	208	212	216	222	229
2A_NB	7	d	128	133	138	143	146	149	155	160	163	171	178	180	184	188	191	195	198	202	206	209	214	218	223	/
2A_NB	8	a	149	152	157	163	166	170	176	180	184	193	200	203	205	208	212	216	220	223	226	231	235	238	242	248
2A_NB	8	d	150	154	159	164	168	172	178	181	186	195	202	204	206	210	214	217	222	224	228	232	236	240	243	/
2A_NB	9	a	168	171	176	181	183	187	194	199	203	213	220	223	227	230	234	238	243	246	250	255	259	262	267	273
2A_NB	9	d	169	173	177	182	185	189	196	200	205	214	221	225	228	231	236	240	245	247	252	256	260	264	268	/
2A_NB	10	a	190	194	199	204	206	210	215	219	223	234	240	242	246	251	255	258	262	265	270	275	278	282	287	295
2A_NB	10	d	191	196	200	205	207	211	217	220	225	235	241	244	248	252	256	260	263	267	272	276	280	284	288	/
2A_NB	11	a	204	207	212	219	221	224	231	234	239	248	254	258	261	266	269	272	276	280	283	287	292	297	301	308
2A_NB	11	d	205	209	214	220	222	226	232	236	240	249	256	259	263	267	271	273	278	281	284	289	294	299	302	/
2A_NB	12	a	226	230	234	239	242	245	250	255	259	267	275	279	282	286	291	293	298	300	306	311	315	319	322	330
2A_NB	12	d	227	231	236	241	243	246	252	256	260	269	277	281	284	288	292	295	299	302	308	312	317	320	323	/
2A_NB	13	a	233	237	242	248	251	255	261	265	270	278	284	287	290	294	299	302	306	309	315	318	323	327	330	340
2A_NB	13	d	234	239	244	250	253	256	262	267	271	279	285	289	291	296	301	304	308	311	316	320	325	328	331	/
2A_NB	14	a	257	261	266	273	276	280	287	290	293	302	307	309	312	315	320	323	327	330	335	338	343	347	351	361
2A_NB	14	d	258	263	268	275	277	282	288	291	295	303	308	311	313	317	322	324	329	332	336	339	345	348	353	/
2A_NB	15	a	270	274	278	284	286	290	296	300	305	314	321	324	327	331	334	338	342	345	349	353	357	360	364	371
2A_NB	15	d	271	276	280	285	287	292	298	302	306	316	322	325	328	332	336	340	344	346	351	354	358	362	365	/
2A_NB	16	a	287	290	294	299	302	305	312	316	320	330	336	339	343	348	351	355	358	360	364	368	373	377	380	387
2A_NB	16	d	288	292	295	300	303	307	314	318	321	331	338	341	345	349	353	356	359	361	365	369	375	378	381	/
2A_SB	1	a	4	11	18	21	24	27	29	32	36	39	43	46	50	53	58	66	74	78	81	86	90	95	98	102	113
2A_SB	1	d	5	13	19	22	25	28	30	33	37	40	44	48	51	55	59	68	75	79	82	88	92	96	100	104	/
2A_SB	2	a	18	24	29	32	37	41	44	49	53	57	61	63	66	70	75	83	90	95	100	107	111	117	121	125	135
2A_SB	2	d	19	25	30	34	39	42	46	50	54	58	62	64	68	72	77	85	92	97	102	109	113	118	122	127	/
2A_SB	3	a	35	39	46	51	54	57	60	63	67	71	76	79	82	86	89	97	103	107	112	119	122	128	133	138	147
2A_SB	3	d	36	41	48	52	55	58	61	64	68	73	78	80	83	87	90	99	104	109	114	121	124	130	135	139	/
2A_SB	4	a	51	56	64	68	72	74	76	81	84	88	91	94	97	100	104	113	119	123	127	132	135	140	144	149	159
2A_SB	4	d	52	58	65	69	73	75	78	82	85	89	93	95	98	101	106	115	120	124	128	134	136	141	146	150	/
2A_SB	5	a	65	70	76	80	83	86	88	92	95	98	101	103	107	110	113	122	127	131	136	143	146	152	157	161	172
2A_SB	5	d	67	71	77	81	84	87	89	93	96	99	102	105	108	111	115	123	128	133	138	145	148	154	158	163	/
2A_SB	6	a	70	75	82	87	91	93	96	101	104	108	111	114	118	122	126	135	142	145	150	156	159	164	167	170	180
2A_SB	6	d	72	77	84	89	92	94	98	102	105	109	113	116	120	123	127	137	143	147	151	158	160	165	168	171	/
2A_SB	7	a	80	86	92	95	98	100	104	107	112	117	121	123	127	131	135	144	150	153	156	162	164	169	172	176	186
2A_SB	7	d	82	87	93	96	99	102	105	109	114	119	122	125	129	132	136	145	151	154	157	163	165	170	174	177	/
2A_SB	8	a	94	100	107	111	116	118	121	124	128	131	134	137	141	144	148	155	161	164	168	176	179	184	187	190	201
2A_SB	8	d	96	102	108	113	117	119	122	125	129	132	135	138	142	146	150	156	162	165	169	177	181	185	188	191	/
2A_SB	9	a	107	114	120	123	126	128	131	135	139	142	146	149	153	157	161	168	176	180	183	189	191	195	200	204	215
2A_SB	9	d	109	115	121	124	127	129	133	136	140	143	147	151	155	158	163	170	178	181	184	190	192	197	202	206	/
2A_SB	10	a	117	124	129	133	137	140	142	146	151	155	159	161	164	167	171	177	185	189	192	198	201	206	211	214	224
2A_SB	10	d	119	125	131	135	138	141	144	148	152	156	160	162	165	168	172	179	186	190	193	199	203	208	212	215	/
2A_SB	11	a	123	129	135	140	144	148	152	156	160	164	168	170	173	176	180	189	197	201	204	211	214	218	223	228	238
2A_SB	11	d	124	131	137	142	146	150	154	157	161	165	169	171	174	177	182	191	199	202	206	212	215	220	225	230	/
2A_SB	12	a	153	159	166	169	173	175	177	180	183	187	191	193	197	200	204	213	220	225	229	235	239	243	247	250	262
2A_SB	12	d	154	161	167	170	174	176	178	181	184	188	192	195	198	201	206	215	222	227	230	237	240	244	248	252	/
2A_SB	13	a	169	176	183	188	191	194	196	201	204	209	214	217	222	226	229	237	243	247	251	257	260	265	269	273	283
2A_SB	13	d	170	177	185	189	193	195	198	202	206	211	216	219	223	227	230	239	245	249	252	259	261	267	270	274	/
2A_SB	14	a	182	189	196	201	206	209	213	217	220	224	228	231	235	238	241	249	254	257	260	267	270	274	277	282	293
2A_SB	14	d	183	191	198	203	208	211	214	218	221	225	230	232	236	239	242	251	255	258	261	269	271	275	279	284	/
2A_SB	15	a	202	207	214	218	221	224	228	232	235	238	243	245	250	255	258	265	271	275	279	285	288	294	298	302	310
2A_SB	15	d	203	209	216	219	223	226	230	233	236	240	244	247	252	256	259	267	273	277	281	287	290	296	299	304	/
2A_SB	16	a	224	230	236	240	244	247	250	254	259	264	268	270	274	278	281	288	294	298	302	308	312	316	320	325	335
2A_SB	16	d	225	231	238	241	246	249	252	256	261	265	269	271	275	279	282	289	296	299	303	310	313	317	322	327	/
3A_SB	1	a	20	25	29	33	37	40	42	45	49	52	57	61	64	72	75
3A_SB	1	d	21	26	30	35	38	41	43	46	51	54	58	62	66	73	/
3A_SB	2	a	31	36	40	45	49	51	54	57	61	64	69	73	77	83	86
3A_SB	2	d	32	38	42	47	50	53	55	58	63	65	70	75	79	84	/
3A_SB	3	a	49	53	57	62	66	70	73	76	79	81	85	88	91	96	100
3A_SB	3	d	50	55	59	64	68	71	74	77	80	82	86	89	92	98	/
3A_SB	4	a	64	68	73	77	80	83	86	90	94	96	101	104	107	113	116
3A_SB	4	d	65	70	74	78	81	84	88	91	95	97	102	105	108	114	/
3A_SB	5	a	75	80	85	90	94	96	100	105	109	112	116	119	122	128	132
3A_SB	5	d	76	82	87	92	95	98	102	106	110	113	117	120	123	130	/
3A_SB	6	a	84	89	93	99	102	105	108	113	118	121	125	128	131	137	140
3A_SB	6	d	85	91	95	100	104	106	110	115	119	122	126	129	132	138	/
3A_SB	7	a	98	104	108	112	116	118	121	124	128	132	136	139	142	149	154
3A_SB	7	d	99	106	109	114	117	120	122	126	130	133	137	140	144	151	/
3A_SB	8	a	104	109	113	118	121	124	126	129	133	137	142	146	149	157	161
3A_SB	8	d	105	111	115	119	123	125	127	131	135	139	144	147	151	158	/
3A_SB	9	a	121	127	130	133	138	140	144	148	153	155	159	164	168	174	177
3A_SB	9	d	122	128	131	135	139	142	145	150	154	156	161	166	169	175	/
3A_SB	10	a	131	137	140	144	149	153	156	161	166	168	173	177	180	186	191
3A_SB	10	d	132	138	142	146	151	155	158	163	167	169	174	178	181	188	/
3A_SB	11	a	147	153	158	162	166	168	170	173	176	178	183	186	189	195	199
3A_SB	11	d	148	155	159	163	167	169	171	174	177	179	184	187	190	196	/
3A_SB	12	a	154	160	164	168	172	175	177	180	184	186	191	194	197	203	208
3A_SB	12	d	155	161	165	169	174	176	178	182	185	187	192	195	198	205	/
3A_SB	13	a	165	170	175	179	183	186	190	193	197	199	204	208	211	217	222
3A_SB	13	d	166	172	176	181	185	188	191	195	198	200	206	209	212	219	/
3A_SB	14	a	177	182	186	190	193	197	200	204	208	210	216	219	223	229	233
3A_SB	14	d	178	184	188	191	195	199	201	206	209	211	217	220	224	231	/
3A_SB	15	a	193	198	202	206	210	212	215	219	223	226	231	235	239	245	249
3A_SB	15	d	194	199	203	207	211	213	216	220	225	227	233	237	240	246	/
3A_SB	16	a	206	210	214	218	222	224	228	232	236	238	243	248	252	258	262
3A_SB	16	d	207	211	215	219	223	226	229	233	237	239	245	250	253	260	/
3A_NB	1	a	7	10	15	19	22	25	29	34	36	42	47	50	53	57	62	66	69
3A_NB	1	d	8	12	17	20	23	27	31	35	38	44	48	51	55	58	64	67	/
3A_NB	2	a	21	25	30	33	37	40	43	47	50	57	62	65	70	73	78	81	86
3A_NB	2	d	22	27	31	35	38	41	44	48	52	59	63	67	71	74	79	83	/
3A_NB	3	a	31	34	39	42	45	49	52	55	59	64	70	74	78	82	86	90	93
3A_NB	3	d	32	36	40	43	46	50	53	57	60	66	72	75	80	83	88	91	/
3A_NB	4	a	44	48	52	55	59	63	67	71	75	81	84	87	91	94	99	104	107
3A_NB	4	d	45	50	53	56	61	64	69	73	77	82	85	88	92	96	101	105	/
3A_NB	5	a	58	62	66	71	75	79	83	87	90	94	97	101	105	107	111	115	118
3A_NB	5	d	59	64	68	72	76	80	84	88	91	95	98	102	106	108	112	116	/
3A_NB	6	a	74	78	82	85	90	93	97	100	104	109	113	117	121	124	128	132	136
3A_NB	6	d	75	79	83	87	91	95	98	102	106	110	114	118	122	125	129	133	/
3A_NB	7	a	87	91	94	97	100	103	107	111	114	118	122	126	129	132	136	140	143
3A_NB	7	d	88	92	95	98	101	105	108	113	115	119	123	127	130	133	137	141	/
3A_NB	8	a	106	109	113	116	119	122	127	132	136	141	145	149	153	156	161	164	167
3A_NB	8	d	107	111	114	117	120	124	129	134	137	142	146	150	154	157	162	165	/
3A_NB	9	a	118	121	125	128	132	135	140	145	148	153	157	161	165	168	173	177	180
3A_NB	9	d	119	123	126	130	133	137	142	146	150	154	158	162	166	169	174	178	/
3A_NB	10	a	136	139	142	146	149	153	157	160	164	168	172	177	181	185	190	193	197
3A_NB	10	d	137	140	144	147	151	155	158	162	165	169	174	179	183	186	191	195	/
3A_NB	11	a	144	147	150	153	157	160	164	167	171	176	180	184	188	191	196	200	203
3A_NB	11	d	145	148	151	154	158	162	165	169	173	177	181	185	189	192	197	201	/
3A_NB	12	a	155	157	160	164	167	170	173	177	181	186	189	193	197	199	204	209	213
3A_NB	12	d	156	158	162	165	168	171	175	179	182	187	190	194	198	201	206	210	/
3A_NB	13	a	174	177	180	183	188	193	197	201	204	209	213	217	221	224	229	232	237
3A_NB	13	d	175	178	181	185	190	195	198	202	206	210	214	218	222	225	230	234	/
3A_NB	14	a	194	197	202	205	208	214	218	223	226	231	235	239	243	245	251	255	258
3A_NB	14	d	195	199	203	206	210	216	220	224	227	232	236	241	244	246	252	256	/
3A_NB	15	a	222	225	229	233	237	241	245	250	253	258	261	265	269	272	277	282	287
3A_NB	15	d	223	227	231	234	238	243	247	252	255	259	262	267	270	273	279	284	/
3A_NB	16	a	230	234	237	241	246	250	254	258	261	265	268	272	277	281	287	292	296
3A_NB	16	d	231	235	239	243	247	252	256	260	262	266	269	274	279	283	289	293	/
