RouteID	RunID	Arrivals/Departures	TimePerStop
1A_SB	1	a	4	7	11	21	25	29	34	37	41	45	48	51	62	66	73
1A_SB	1	d	5	9	12	23	26	30	35	38	43	46	49	53	64	67	/
1A_SB	2	a	29	33	38	47	51	55	60	65	69	72	75	79	92	96	104
1A_SB	2	d	30	35	40	48	53	56	62	66	70	73	76	81	93	97	/
1A_SB	3	a	54	58	63	73	76	79	86	91	96	100	104	108	116	120	130
1A_SB	3	d	55	60	65	74	77	81	88	93	98	102	106	109	117	122	/
1A_SB	4	a	63	68	73	82	87	90	96	99	103	106	110	113	122	125	135
1A_SB	4	d	65	70	74	84	88	92	97	100	104	107	111	115	123	127	/
1A_SB	5	a	78	83	87	99	102	105	111	114	118	121	125	128	138	141	148
1A_SB	5	d	80	84	88	100	103	106	112	115	119	122	126	129	139	142	/
1A_SB	6	a	86	91	94	104	107	110	116	120	125	128	132	136	145	149	157
1A_SB	6	d	88	92	95	105	108	111	118	122	126	129	134	138	147	151	/
1A_SB	7	a	99	104	108	117	121	125	131	134	138	142	146	151	161	165	171
1A_SB	7	d	101	106	110	119	123	126	132	135	139	143	148	152	163	166	/
1A_SB	8	a	117	121	125	134	138	142	147	150	154	157	161	165	174	178	184
1A_SB	8	d	119	123	126	135	139	143	148	151	155	158	162	166	175	179	/
1A_SB	9	a	128	133	136	144	149	153	158	162	166	170	174	178	190	194	202
1A_SB	9	d	130	134	137	146	150	154	160	163	167	172	175	180	192	196	/
1A_SB	10	a	137	141	146	154	157	162	167	171	175	180	184	187	199	202	209
1A_SB	10	d	139	143	147	155	159	163	168	172	177	181	185	189	200	203	/
1A_SB	11	a	147	151	157	166	171	174	179	184	188	191	196	199	209	213	221
1A_SB	11	d	149	153	159	168	172	175	181	185	189	193	197	200	210	214	/
1A_SB	12	a	152	156	162	171	176	179	185	190	195	198	201	205	216	220	229
1A_SB	12	d	154	158	164	173	177	180	187	192	196	199	203	207	217	222	/
1A_SB	13	a	166	171	176	185	189	193	199	203	207	211	215	218	229	233	239
1A_SB	13	d	168	173	177	186	191	194	200	205	209	213	216	219	231	234	/
1A_SB	14	a	188	192	196	206	209	212	218	223	227	231	236	239	246	250	257
1A_SB	14	d	189	193	197	207	210	214	220	224	229	233	237	240	248	251	/
1A_SB	15	a	217	220	224	232	236	240	246	250	254	258	263	268	276	279	286
1A_SB	15	d	218	222	225	233	237	241	247	251	255	260	265	270	277	280	/
1A_SB	16	a	233	237	242	250	253	256	264	268	272	276	281	284	291	294	302
1A_SB	16	d	234	239	243	251	254	258	266	270	273	278	282	286	292	296	/
1A_NB	1	a	27	36	40	49	54	58	62	66	70	76	81	85	93	98	102
1A_NB	1	d	28	38	42	50	55	59	63	68	71	78	83	86	95	99	/
1A_NB	2	a	40	50	55	63	68	71	75	80	83	88	92	96	104	107	111
1A_NB	2	d	41	52	56	65	69	72	76	81	84	90	94	97	105	108	/
1A_NB	3	a	46	56	61	71	75	78	81	86	89	94	98	102	110	114	118
1A_NB	3	d	47	58	62	72	76	79	82	87	90	96	100	103	112	115	/
1A_NB	4	a	55	66	69	79	84	88	91	95	98	104	107	112	121	125	129
1A_NB	4	d	57	67	70	80	86	89	92	96	100	105	109	114	122	126	/
1A_NB	5	a	78	88	91	103	109	112	115	120	123	130	133	136	145	150	155
1A_NB	5	d	80	89	93	105	110	113	117	121	124	131	134	138	147	152	/
1A_NB	6	a	93	102	106	117	123	128	133	138	142	149	153	158	166	171	176
1A_NB	6	d	95	104	108	119	125	130	135	140	144	151	155	159	168	173	/
1A_NB	7	a	110	121	125	135	141	146	149	154	158	165	170	175	182	188	192
1A_NB	7	d	112	123	127	136	143	147	151	156	159	167	172	176	184	189	/
1A_NB	8	a	119	129	132	141	148	152	156	161	165	172	177	182	192	198	203
1A_NB	8	d	120	130	133	143	150	154	158	163	166	174	179	184	194	199	/
1A_NB	9	a	132	143	147	155	161	164	169	173	176	184	188	193	202	206	212
1A_NB	9	d	134	145	149	157	162	166	170	174	178	186	190	194	203	208	/
1A_NB	10	a	157	167	170	178	183	187	192	197	200	206	209	213	225	228	232
1A_NB	10	d	159	168	171	179	185	189	193	198	201	207	211	215	226	229	/
1A_NB	11	a	163	173	177	185	192	196	200	203	207	213	217	220	231	235	240
1A_NB	11	d	165	175	178	186	194	197	201	205	208	215	218	221	233	237	/
1A_NB	12	a	179	191	195	205	211	215	220	225	230	237	240	243	254	257	261
1A_NB	12	d	181	193	196	207	213	217	222	227	231	238	241	245	255	258	/
1A_NB	13	a	189	200	204	215	222	226	230	234	238	245	248	251	262	265	270
1A_NB	13	d	190	202	206	217	224	227	231	235	240	246	249	253	263	267	/
1A_NB	14	a	205	216	220	229	235	238	242	247	250	256	259	263	274	277	282
1A_NB	14	d	206	218	221	231	236	240	244	248	251	257	261	265	275	279	/
1A_NB	15	a	228	237	242	252	258	262	267	271	275	282	285	288	298	301	305
1A_NB	15	d	229	239	244	254	260	264	268	272	276	283	286	290	299	303	/
1A_NB	16	a	257	266	270	279	286	290	293	296	300	305	308	312	321	324	328
1A_NB	16	d	258	267	272	281	287	291	294	298	301	306	309	314	322	325	/
2A_NB	1	a	9	12	18	22	26	31	35	39	49	53	59	62	65	69	76	79	84	88
2A_NB	1	d	10	14	19	24	27	33	37	41	51	54	60	63	66	71	78	81	85	/
2A_NB	2	a	17	20	25	29	32	38	42	46	56	59	67	71	74	78	84	86	90	94
2A_NB	2	d	18	21	26	30	34	40	44	47	57	61	69	72	76	80	85	87	92	/
2A_NB	3	a	27	30	35	39	42	47	51	54	65	70	77	80	83	86	91	93	98	101
2A_NB	3	d	28	31	36	40	43	48	52	56	67	71	79	82	84	87	92	95	99	/
2A_NB	4	a	35	38	44	49	53	58	63	67	77	81	87	90	94	99	105	107	112	115
2A_NB	4	d	36	40	46	51	54	60	65	68	78	82	89	92	96	101	106	109	113	/
2A_NB	5	a	54	57	63	66	70	77	81	84	92	96	102	106	108	113	118	120	124	128
2A_NB	5	d	55	58	64	68	72	79	82	85	93	97	104	107	110	114	119	121	125	/
2A_NB	6	a	61	64	70	74	77	83	87	90	99	103	109	112	114	119	125	128	133	138
2A_NB	6	d	62	65	72	75	79	85	88	92	100	105	110	113	116	121	127	130	135	/
2A_NB	7	a	90	93	100	103	106	112	116	120	128	132	137	139	143	147	152	156	161	164
2A_NB	7	d	91	95	101	104	108	113	117	121	129	133	138	141	145	148	154	158	162	/
2A_NB	8	a	115	118	123	127	131	138	142	146	154	159	166	168	172	176	182	185	190	194
2A_NB	8	d	116	119	125	128	133	140	144	147	156	161	167	170	174	177	184	187	192	/
2A_NB	9	a	121	125	131	134	139	144	148	151	161	166	171	174	177	181	189	192	197	200
2A_NB	9	d	122	126	132	136	140	146	149	152	163	167	173	175	179	183	191	194	198	/
2A_NB	10	a	137	141	147	151	155	161	164	169	177	182	187	190	193	197	206	208	212	216
2A_NB	10	d	138	142	149	152	156	162	166	171	179	183	188	191	195	199	207	209	214	/
2A_NB	11	a	154	158	163	167	170	177	181	185	195	199	205	208	211	216	222	224	227	231
2A_NB	11	d	155	159	164	168	172	178	182	187	196	201	207	210	213	218	223	225	229	/
2A_NB	12	a	174	178	182	186	191	198	202	205	212	217	223	225	228	233	238	241	245	248
2A_NB	12	d	175	179	184	188	193	199	203	206	214	218	224	226	230	234	240	243	246	/
2A_NB	13	a	194	198	205	208	212	219	224	229	238	243	248	251	254	259	265	269	273	276
2A_NB	13	d	195	200	206	209	213	221	226	231	240	244	249	252	255	261	267	270	274	/
2A_NB	14	a	206	210	216	220	224	230	234	239	249	253	259	262	265	270	276	279	283	286
2A_NB	14	d	207	212	218	222	225	231	236	240	250	255	261	264	266	271	278	280	284	/
2A_NB	15	a	228	232	238	242	247	253	257	261	271	275	280	283	286	291	298	300	305	309
2A_NB	15	d	229	233	240	244	248	255	259	262	273	277	282	284	288	292	299	302	306	/
2A_NB	16	a	245	249	255	259	263	268	272	275	283	286	291	293	296	300	307	310	315	320
2A_NB	16	d	246	250	257	261	264	270	273	277	284	287	292	295	297	302	309	312	317	/
2A_SB	1	a	20	25	29	33	38	42	46	50	53	59	64	68	72	76	81	86	91	94
2A_SB	1	d	21	27	31	34	40	44	47	51	54	61	65	70	73	77	83	88	92	/
2A_SB	2	a	45	48	52	55	60	63	67	73	77	82	86	92	95	98	104	108	112	116
2A_SB	2	d	46	50	53	56	61	65	69	75	78	83	88	93	96	100	106	109	114	/
2A_SB	3	a	61	65	67	70	75	78	82	87	91	97	103	110	113	117	122	125	128	131
2A_SB	3	d	63	66	68	71	76	80	84	89	93	99	105	111	115	118	123	126	129	/
2A_SB	4	a	78	82	85	88	94	97	101	105	109	115	119	125	129	133	139	142	145	148
2A_SB	4	d	80	83	86	89	96	99	103	106	111	117	121	127	130	134	140	143	146	/
2A_SB	5	a	90	94	97	100	106	108	111	114	118	123	127	132	136	140	145	148	151	155
2A_SB	5	d	92	95	98	101	107	109	112	115	119	124	128	134	137	141	146	149	153	/
2A_SB	6	a	98	102	105	109	116	118	122	125	128	134	138	142	145	149	155	159	163	167
2A_SB	6	d	100	103	107	111	117	120	123	126	129	135	139	143	146	150	156	160	165	/
2A_SB	7	a	109	113	116	119	124	126	129	132	135	139	143	147	150	154	160	165	169	173
2A_SB	7	d	111	115	117	120	125	127	130	133	136	140	144	148	151	155	162	166	171	/
2A_SB	8	a	121	125	128	131	136	138	141	145	148	152	155	160	163	167	172	175	180	184
2A_SB	8	d	123	127	129	132	137	139	142	146	149	153	156	161	164	168	173	177	182	/
2A_SB	9	a	128	132	134	138	143	146	149	153	158	164	168	174	178	183	188	191	195	198
2A_SB	9	d	130	133	135	139	145	147	150	155	160	166	170	176	180	184	189	192	196	/
2A_SB	10	a	139	143	145	149	155	158	162	166	170	176	179	185	189	193	198	201	205	208
2A_SB	10	d	141	144	146	150	157	159	163	167	171	177	180	186	190	194	199	202	206	/
2A_SB	11	a	145	149	152	156	163	165	169	173	177	183	186	192	196	200	206	209	214	217
2A_SB	11	d	147	150	154	158	164	167	171	174	178	184	187	193	197	201	207	211	215	/
2A_SB	12	a	151	156	160	164	170	173	176	180	183	189	192	198	201	205	211	214	219	223
2A_SB	12	d	153	158	162	165	172	174	178	181	184	190	193	199	202	206	212	216	221	/
2A_SB	13	a	163	168	171	174	180	183	187	190	193	199	202	208	212	216	221	225	229	233
2A_SB	13	d	165	169	172	175	181	184	188	191	194	200	203	210	213	217	223	227	231	/
2A_SB	14	a	177	182	185	188	194	196	200	203	207	215	220	226	230	233	238	242	245	248
2A_SB	14	d	179	183	186	189	195	197	201	204	209	217	221	227	231	234	239	243	246	/
2A_SB	15	a	202	206	208	212	217	221	225	228	232	239	242	247	252	255	262	265	269	273
2A_SB	15	d	203	207	210	213	219	222	226	230	234	240	244	249	253	256	263	267	271	/
2A_SB	16	a	230	234	237	240	246	249	253	258	262	268	272	277	280	283	289	294	298	301
2A_SB	16	d	231	236	238	241	248	250	255	259	264	269	274	278	281	284	291	296	299	/
3A_SB	1	a	4	9	13	18	22	26	30	35	38	41	45	47	52	56	62	67	71
3A_SB	1	d	5	10	14	20	24	27	31	36	39	42	46	48	53	58	63	68	/
3A_SB	2	a	13	18	23	31	34	38	43	47	51	56	59	61	67	71	76	82	85
3A_SB	2	d	14	20	25	32	36	40	45	48	53	57	60	63	68	73	78	83	/
3A_SB	3	a	43	47	51	56	60	65	69	72	76	80	84	86	91	95	98	103	106
3A_SB	3	d	44	48	52	58	62	66	70	74	77	81	85	87	92	96	99	104	/
3A_SB	4	a	69	74	79	85	90	94	98	102	105	110	113	115	118	122	125	129	132
3A_SB	4	d	70	76	80	87	91	96	100	103	107	111	114	116	119	123	126	130	/
3A_SB	5	a	78	84	88	94	99	103	108	111	114	119	122	125	129	133	136	141	145
3A_SB	5	d	79	85	89	96	100	105	109	112	116	120	123	126	130	134	137	142	/
3A_SB	6	a	89	96	99	106	109	113	118	121	125	129	132	135	139	142	145	150	154
3A_SB	6	d	90	97	100	107	110	115	119	123	126	130	133	136	140	143	146	152	/
3A_SB	7	a	100	107	111	117	120	123	126	130	133	137	140	142	146	149	152	159	162
3A_SB	7	d	101	108	113	118	121	124	127	131	135	138	141	143	147	150	154	160	/
3A_SB	8	a	110	116	120	126	129	132	136	141	145	149	153	156	160	163	166	171	175
3A_SB	8	d	111	117	121	127	130	134	137	143	147	150	154	157	161	164	167	173	/
3A_SB	9	a	130	137	141	148	151	155	159	163	167	171	174	176	180	183	187	193	197
3A_SB	9	d	131	139	143	149	152	156	160	164	168	172	175	177	181	184	188	194	/
3A_SB	10	a	151	156	160	168	171	175	180	184	188	193	197	199	204	208	213	219	223
3A_SB	10	d	152	157	162	169	172	177	182	186	190	195	198	200	205	209	214	221	/
3A_SB	11	a	163	168	173	179	184	188	191	194	197	201	204	206	211	214	218	225	229
3A_SB	11	d	164	170	175	181	185	189	192	195	198	202	205	207	212	215	220	226	/
3A_SB	12	a	169	175	179	185	190	194	197	201	204	208	211	214	219	223	227	233	237
3A_SB	12	d	170	176	180	187	191	195	198	202	205	209	212	215	221	224	229	234	/
3A_SB	13	a	174	180	184	191	196	201	205	209	213	218	221	224	229	233	237	243	247
3A_SB	13	d	175	181	186	193	198	203	206	211	215	219	222	225	231	235	239	244	/
3A_SB	14	a	185	190	194	202	207	212	217	221	224	227	231	233	238	241	245	251	256
3A_SB	14	d	186	191	196	204	209	214	218	222	225	228	232	234	239	242	247	253	/
3A_SB	15	a	205	211	216	222	225	229	233	237	241	244	249	252	256	260	263	268	271
3A_SB	15	d	206	213	217	223	226	231	235	238	242	246	250	253	257	261	265	269	/
3A_SB	16	a	217	222	226	233	237	241	246	250	254	259	263	266	271	276	279	284	288
3A_SB	16	d	218	223	228	235	238	243	248	251	256	261	264	268	273	277	281	285	/
3A_NB	1	a	14	17	20	23	27	31	35	38	41	47	52	55	58	62	66	69	72	75
3A_NB	1	d	15	18	21	25	29	32	36	39	43	49	54	57	59	63	67	70	73	/
3A_NB	2	a	25	28	32	37	42	47	51	53	58	64	69	73	75	78	81	84	88	91
3A_NB	2	d	26	30	34	39	44	49	52	55	60	66	71	74	76	79	82	85	89	/
3A_NB	3	a	51	55	59	63	66	71	74	77	82	87	91	93	96	100	103	106	111	115
3A_NB	3	d	52	57	60	64	68	72	75	79	83	88	92	94	97	101	104	108	112	/
3A_NB	4	a	57	61	64	69	72	76	81	84	89	95	99	101	105	108	111	114	118	122
3A_NB	4	d	58	62	66	70	73	78	82	86	90	96	100	103	106	109	112	115	119	/
3A_NB	5	a	62	66	69	74	77	82	87	91	96	102	106	110	112	116	120	124	127	131
3A_NB	5	d	63	67	71	75	78	84	89	93	97	103	108	111	114	118	121	125	128	/
3A_NB	6	a	83	87	90	95	100	104	108	110	114	120	124	127	129	133	136	140	144	149
3A_NB	6	d	84	88	92	97	101	105	109	111	115	121	125	128	130	134	137	142	146	/
3A_NB	7	a	91	95	99	104	108	112	117	119	123	129	133	136	138	142	147	152	155	158
3A_NB	7	d	92	97	101	105	110	114	118	120	124	130	134	137	139	144	149	153	156	/
3A_NB	8	a	101	105	108	113	118	122	126	129	133	139	144	147	149	152	155	159	162	165
3A_NB	8	d	102	106	110	115	120	123	128	130	134	141	145	148	150	153	156	160	163	/
3A_NB	9	a	109	113	116	121	124	127	132	134	138	145	149	152	154	158	162	166	170	174
3A_NB	9	d	110	114	118	122	125	129	133	135	140	146	151	153	156	160	163	167	171	/
3A_NB	10	a	115	119	122	128	132	136	140	142	146	153	157	159	161	164	167	171	175	179
3A_NB	10	d	116	120	124	130	134	138	141	143	148	154	158	160	162	165	169	172	176	/
3A_NB	11	a	123	127	131	136	139	143	147	149	153	158	162	164	166	169	173	177	182	186
3A_NB	11	d	124	129	132	137	140	145	148	150	154	159	163	165	167	171	175	179	184	/
3A_NB	12	a	136	140	144	149	153	157	160	162	166	171	175	179	183	187	191	194	198	202
3A_NB	12	d	137	141	146	151	154	158	161	163	167	172	177	181	184	188	192	195	199	/
3A_NB	13	a	151	154	158	162	166	170	174	177	182	186	190	193	196	199	203	206	210	213
3A_NB	13	d	152	155	159	164	167	172	176	179	183	187	191	194	197	200	204	207	211	/
3A_NB	14	a	169	172	176	181	185	188	191	194	199	205	211	214	217	220	223	227	230	235
3A_NB	14	d	170	173	178	182	186	189	193	196	201	207	213	215	218	221	225	228	232	/
3A_NB	15	a	181	185	189	193	197	202	205	208	212	218	222	224	226	229	232	235	239	243
3A_NB	15	d	182	186	190	194	199	203	207	209	213	219	223	225	227	230	233	237	241	/
3A_NB	16	a	191	195	199	204	209	213	217	220	224	230	234	237	239	243	248	253	257	262
3A_NB	16	d	192	197	201	206	210	215	219	222	226	232	235	238	241	245	250	255	259	/
