RouteID	RunID	Arrivals/Departures	TimePerStop
1A_SB	1	a	6	9	13	23	27	31	36	39	43	46	49	52	62	66	73
1A_SB	1	d	7	11	14	25	28	32	37	40	44	47	50	53	64	67	/
1A_SB	2	a	26	30	34	42	46	49	54	58	63	67	70	74	87	90	99
1A_SB	2	d	27	31	35	44	47	50	56	60	65	68	72	76	88	92	/
1A_SB	3	a	36	40	44	54	59	63	69	74	78	82	85	89	100	104	112
1A_SB	3	d	37	41	45	56	60	64	71	75	80	83	86	90	101	105	/
1A_SB	4	a	53	57	62	72	76	79	86	91	96	100	104	108	116	120	129
1A_SB	4	d	54	59	64	74	77	81	88	93	98	102	106	109	117	121	/
1A_SB	5	a	63	67	71	81	86	90	96	99	104	108	112	115	124	127	137
1A_SB	5	d	64	68	73	83	88	92	97	101	106	109	113	117	125	129	/
1A_SB	6	a	87	91	94	104	107	110	116	119	123	126	130	133	143	147	154
1A_SB	6	d	88	92	95	105	108	111	117	120	124	127	131	134	145	148	/
1A_SB	7	a	92	96	99	109	112	115	121	124	129	132	136	140	148	152	160
1A_SB	7	d	93	97	100	110	113	116	122	126	130	133	137	141	150	154	/
1A_SB	8	a	104	107	110	119	122	125	131	134	139	143	148	152	163	168	175
1A_SB	8	d	105	108	112	120	123	126	132	136	140	145	149	154	165	170	/
1A_SB	9	a	118	121	125	135	140	145	151	155	160	163	167	171	181	184	192
1A_SB	9	d	119	123	127	137	142	147	153	157	161	165	168	173	182	186	/
1A_SB	10	a	130	134	139	148	152	156	161	164	168	172	175	179	190	193	200
1A_SB	10	d	131	136	141	149	153	157	162	165	169	173	176	180	191	194	/
1A_SB	11	a	145	148	154	162	165	168	173	178	182	186	190	193	204	207	214
1A_SB	11	d	146	150	155	163	166	169	175	179	184	187	191	195	205	208	/
1A_SB	12	a	153	156	162	171	175	178	183	188	193	197	201	204	214	218	226
1A_SB	12	d	154	158	164	172	176	179	185	190	195	199	202	205	215	219	/
1A_SB	13	a	173	177	182	191	195	199	204	209	214	217	220	224	234	238	244
1A_SB	13	d	174	179	184	192	197	200	206	211	215	218	222	225	236	239	/
1A_SB	14	a	188	192	197	208	211	215	221	225	228	231	235	238	248	252	260
1A_SB	14	d	189	194	199	209	213	217	222	226	229	232	236	239	250	254	/
1A_SB	15	a	202	205	209	220	225	230	237	241	245	249	253	258	266	270	277
1A_SB	15	d	203	206	211	222	227	232	239	242	246	251	255	260	268	271	/
1A_SB	16	a	214	217	220	231	236	241	247	252	256	261	265	269	276	280	288
1A_SB	16	d	215	218	222	233	238	242	249	253	258	262	266	270	278	282	/
1A_NB	1	a	22	31	35	44	50	55	59	64	67	74	79	83	91	95	100
1A_NB	1	d	23	33	37	46	52	56	61	65	69	76	81	84	92	97	/
1A_NB	2	a	49	59	62	72	77	81	85	90	94	100	104	108	116	120	124
1A_NB	2	d	50	60	63	74	79	83	86	92	96	102	105	109	118	121	/
1A_NB	3	a	56	66	70	81	86	90	94	99	103	108	111	116	125	130	134
1A_NB	3	d	57	68	72	82	88	92	96	101	104	109	113	118	127	131	/
1A_NB	4	a	67	75	78	89	95	99	102	106	111	118	121	124	132	137	143
1A_NB	4	d	68	76	80	91	97	100	103	108	113	119	122	125	134	139	/
1A_NB	5	a	77	86	89	100	105	108	111	116	121	129	133	136	145	150	154
1A_NB	5	d	78	87	90	101	106	109	113	118	123	131	134	138	147	151	/
1A_NB	6	a	98	106	109	120	126	130	134	138	142	149	152	156	164	168	173
1A_NB	6	d	99	107	111	122	127	131	135	140	144	150	153	157	165	170	/
1A_NB	7	a	109	119	123	133	138	143	147	152	155	163	166	170	177	181	185
1A_NB	7	d	110	121	125	134	140	145	149	153	157	164	167	171	178	182	/
1A_NB	8	a	135	143	147	155	161	165	169	173	176	183	187	191	201	205	210
1A_NB	8	d	136	145	149	157	163	166	170	174	177	185	188	193	202	206	/
1A_NB	9	a	158	167	171	179	186	190	194	197	200	206	210	214	226	229	233
1A_NB	9	d	159	169	172	180	188	191	195	198	201	208	212	216	227	230	/
1A_NB	10	a	177	186	189	199	205	209	213	217	220	226	229	233	241	245	249
1A_NB	10	d	178	187	191	201	207	210	214	218	221	227	231	234	243	246	/
1A_NB	11	a	188	199	203	213	220	224	228	233	237	244	247	251	261	265	269
1A_NB	11	d	189	201	204	215	222	225	230	234	238	245	249	252	263	266	/
1A_NB	12	a	198	209	213	222	228	231	235	240	243	250	254	258	268	271	276
1A_NB	12	d	199	211	214	223	229	232	237	241	245	252	256	259	269	273	/
1A_NB	13	a	206	217	220	230	236	240	244	248	251	258	261	265	275	278	282
1A_NB	13	d	207	218	222	232	238	242	245	249	253	259	263	266	276	279	/
1A_NB	14	a	218	229	234	246	251	255	259	264	269	277	281	284	294	297	302
1A_NB	14	d	219	231	236	247	253	256	261	266	271	279	282	286	295	299	/
1A_NB	15	a	242	252	256	267	273	277	282	287	290	297	300	304	312	317	322
1A_NB	15	d	243	253	258	269	274	279	284	288	291	298	301	305	314	319	/
1A_NB	16	a	261	270	274	282	289	294	298	301	305	310	314	318	325	329	334
1A_NB	16	d	262	271	275	284	291	296	299	302	306	312	315	319	327	331	/
2A_NB	1	a	23	26	31	35	39	45	49	52	62	66	74	76	79	82	87	89	93	96
2A_NB	1	d	24	27	32	37	41	46	50	53	63	68	75	78	80	83	88	90	94	/
2A_NB	2	a	40	43	50	55	59	65	69	72	82	87	94	98	102	107	113	115	120	125
2A_NB	2	d	41	45	52	57	60	66	70	73	84	89	96	100	104	109	114	117	122	/
2A_NB	3	a	61	64	70	73	76	81	84	87	95	100	106	109	111	116	122	124	128	132
2A_NB	3	d	62	65	71	74	77	82	85	88	97	101	107	110	113	118	123	125	129	/
2A_NB	4	a	75	78	83	87	91	97	101	105	115	119	124	127	131	134	140	142	147	152
2A_NB	4	d	76	79	85	89	92	98	103	106	116	120	126	129	132	136	141	144	149	/
2A_NB	5	a	98	101	108	112	115	120	125	129	138	143	149	153	157	161	167	170	173	178
2A_NB	5	d	99	103	110	113	116	122	127	131	140	144	151	155	159	163	169	171	175	/
2A_NB	6	a	116	119	125	128	132	138	141	145	153	158	165	168	171	174	180	183	187	191
2A_NB	6	d	117	120	126	129	133	139	143	146	155	160	167	169	172	175	182	184	189	/
2A_NB	7	a	129	133	140	144	148	155	158	162	172	177	182	186	190	194	203	206	210	214
2A_NB	7	d	130	135	142	145	150	156	160	163	174	178	184	188	192	196	205	207	212	/
2A_NB	8	a	152	156	161	166	170	177	182	187	196	201	207	210	213	218	224	228	232	236
2A_NB	8	d	153	157	163	168	172	179	184	188	198	203	209	212	215	220	226	230	234	/
2A_NB	9	a	181	184	190	193	197	203	208	211	220	224	230	232	236	241	245	247	250	253
2A_NB	9	d	182	186	191	194	199	205	209	213	221	225	231	234	238	242	246	248	251	/
2A_NB	10	a	205	209	215	219	222	229	233	237	246	250	255	257	260	266	271	274	279	283
2A_NB	10	d	206	211	217	220	223	230	234	239	247	251	256	259	262	267	273	276	281	/
2A_NB	11	a	229	233	240	243	247	254	258	261	271	275	279	282	286	291	299	301	306	311
2A_NB	11	d	230	235	241	244	249	256	259	262	273	276	281	284	288	293	300	303	308	/
2A_NB	12	a	253	257	265	269	273	279	282	285	294	297	303	306	310	314	321	325	328	332
2A_NB	12	d	254	259	267	271	275	280	283	287	295	299	305	308	311	316	323	326	329	/
2A_NB	13	a	277	281	289	294	298	305	309	312	321	325	332	334	337	342	349	352	357	361
2A_NB	13	d	278	283	291	295	300	307	310	314	323	327	333	335	339	343	351	354	358	/
2A_NB	14	a	290	294	300	304	310	317	320	324	333	336	342	345	347	352	360	363	368	372
2A_NB	14	d	291	296	302	306	312	318	322	326	334	338	344	346	349	354	361	365	369	/
2A_NB	15	a	319	323	329	333	336	342	346	350	360	364	369	372	376	381	387	390	393	397
2A_NB	15	d	320	324	330	334	337	343	347	352	361	365	370	374	378	382	389	391	394	/
2A_NB	16	a	348	352	358	362	365	372	376	379	388	392	398	400	402	406	412	414	419	424
2A_NB	16	d	349	353	359	363	366	373	377	380	390	393	399	401	403	408	413	416	421	/
2A_SB	1	a	17	22	26	30	35	38	42	46	50	57	62	67	71	76	81	86	91	94
2A_SB	1	d	18	24	28	31	36	40	44	48	52	59	64	69	73	77	83	88	92	/
2A_SB	2	a	44	47	51	55	60	63	67	73	77	83	87	93	97	101	107	111	116	120
2A_SB	2	d	45	49	53	56	61	65	69	75	79	84	89	95	99	103	109	113	118	/
2A_SB	3	a	62	65	67	70	75	78	81	85	88	93	99	105	109	112	117	120	124	128
2A_SB	3	d	63	66	68	71	76	79	82	86	89	95	101	107	110	113	118	122	126	/
2A_SB	4	a	69	72	74	77	83	86	89	93	97	102	107	113	116	119	126	129	133	136
2A_SB	4	d	70	73	75	78	84	87	91	95	98	103	108	114	117	121	127	131	134	/
2A_SB	5	a	77	81	84	88	94	97	101	105	109	114	117	123	126	130	136	139	142	145
2A_SB	5	d	79	82	86	89	96	99	103	106	110	115	118	124	127	131	137	140	143	/
2A_SB	6	a	87	91	95	98	104	106	109	112	116	121	126	131	134	138	143	146	149	152
2A_SB	6	d	89	93	96	99	105	107	110	113	117	123	127	132	135	139	144	147	150	/
2A_SB	7	a	97	101	105	109	116	118	122	125	128	134	139	143	147	151	158	162	166	169
2A_SB	7	d	99	103	107	111	117	120	123	126	129	136	140	145	148	153	159	163	167	/
2A_SB	8	a	109	113	115	119	124	126	129	132	136	141	145	149	152	156	163	167	171	175
2A_SB	8	d	111	114	117	120	125	127	130	134	138	142	146	150	153	158	164	168	173	/
2A_SB	9	a	121	125	128	131	136	138	141	145	148	154	158	164	167	171	177	180	184	188
2A_SB	9	d	123	127	129	132	137	139	142	146	150	156	160	165	169	173	178	181	186	/
2A_SB	10	a	129	133	135	140	146	149	153	157	162	167	171	176	179	184	189	192	196	199
2A_SB	10	d	131	134	137	142	148	150	154	159	163	169	172	177	181	185	190	193	197	/
2A_SB	11	a	145	149	152	156	162	165	169	173	177	183	187	193	197	201	207	211	215	219
2A_SB	11	d	147	150	154	157	164	167	171	174	178	185	188	195	198	202	209	212	217	/
2A_SB	12	a	163	168	171	174	180	183	187	190	193	199	202	208	212	216	222	225	228	232
2A_SB	12	d	165	169	172	175	181	184	188	191	194	200	203	210	213	218	223	226	230	/
2A_SB	13	a	177	182	185	188	194	196	200	203	207	214	219	226	230	233	238	243	246	250
2A_SB	13	d	179	183	186	189	195	197	201	204	208	216	221	227	231	234	240	244	248	/
2A_SB	14	a	192	196	198	202	206	209	213	217	220	226	230	236	240	244	250	254	258	261
2A_SB	14	d	194	197	200	203	208	210	215	218	221	228	232	237	242	245	251	256	259	/
2A_SB	15	a	209	213	216	220	226	230	234	238	242	247	251	255	261	265	273	277	281	284
2A_SB	15	d	210	215	218	222	228	232	236	240	243	249	252	257	263	267	274	279	282	/
2A_SB	16	a	224	228	231	234	240	243	248	252	255	260	265	269	273	276	282	287	291	294
2A_SB	16	d	225	230	232	235	242	245	250	253	256	262	266	271	274	277	284	289	292	/
3A_SB	1	a	4	9	13	18	21	24	29	34	38	41	45	47	52	56	61	66	71
3A_SB	1	d	5	10	14	19	22	26	30	36	39	42	46	48	53	57	62	68	/
3A_SB	2	a	13	18	23	31	34	37	41	47	52	56	60	63	69	74	77	82	85
3A_SB	2	d	14	20	25	32	35	38	43	49	53	58	62	65	71	75	78	83	/
3A_SB	3	a	31	35	40	45	48	52	57	61	64	67	70	72	77	81	84	89	92
3A_SB	3	d	32	37	41	46	50	53	59	62	65	68	71	73	78	82	85	90	/
3A_SB	4	a	39	43	48	54	57	61	66	70	73	78	82	84	89	93	96	101	105
3A_SB	4	d	40	45	50	55	59	63	68	71	75	79	83	85	90	94	97	103	/
3A_SB	5	a	46	51	55	60	64	69	74	78	83	88	92	95	99	103	106	111	115
3A_SB	5	d	47	52	56	62	66	71	75	80	85	89	94	96	100	104	107	113	/
3A_SB	6	a	59	64	68	74	79	83	87	92	95	98	102	104	107	111	115	120	123
3A_SB	6	d	60	66	70	76	80	84	89	93	96	99	103	105	108	112	116	121	/
3A_SB	7	a	71	76	80	87	91	95	98	101	105	110	113	115	118	122	125	129	132
3A_SB	7	d	72	77	82	88	92	96	99	103	107	111	114	116	119	123	126	130	/
3A_SB	8	a	76	82	86	93	97	102	106	109	113	117	120	123	127	131	134	139	144
3A_SB	8	d	77	83	88	94	99	104	107	111	114	118	121	124	128	132	135	141	/
3A_SB	9	a	85	91	95	102	107	112	117	120	124	128	132	135	139	142	145	150	154
3A_SB	9	d	86	93	96	104	109	114	118	122	125	130	133	136	140	143	146	152	/
3A_SB	10	a	99	106	110	116	120	123	127	131	134	137	140	142	146	149	152	159	163
3A_SB	10	d	100	107	112	118	121	125	128	132	135	138	141	143	147	150	154	161	/
3A_SB	11	a	110	116	120	127	131	134	138	143	146	149	153	156	160	163	166	171	174
3A_SB	11	d	111	117	122	129	132	135	139	144	147	150	154	157	161	164	167	172	/
3A_SB	12	a	133	140	144	151	155	159	163	168	172	177	181	184	189	192	196	201	205
3A_SB	12	d	134	142	146	153	156	160	165	170	174	179	182	185	190	193	197	202	/
3A_SB	13	a	144	150	154	162	165	169	173	177	180	184	187	190	195	199	205	210	213
3A_SB	13	d	145	151	156	163	166	170	174	178	181	185	188	191	196	201	206	211	/
3A_SB	14	a	157	162	167	173	177	181	184	187	190	194	197	199	204	209	213	219	223
3A_SB	14	d	158	164	169	175	178	182	185	188	191	195	198	200	206	210	214	221	/
3A_SB	15	a	168	174	178	183	188	192	195	199	202	206	209	212	217	220	224	230	234
3A_SB	15	d	169	175	179	185	189	193	196	200	203	207	210	213	218	221	226	231	/
3A_SB	16	a	174	180	184	190	194	198	201	206	209	213	217	221	226	229	232	237	241
3A_SB	16	d	175	181	185	191	195	199	203	207	210	215	219	222	227	230	233	238	/
3A_NB	1	a	13	17	21	24	27	31	36	39	43	48	52	54	57	61	66	70	74	78
3A_NB	1	d	14	19	22	25	29	33	37	41	44	49	53	56	58	63	68	72	76	/
3A_NB	2	a	22	25	29	34	38	43	47	50	55	60	65	68	70	74	78	81	86	89
3A_NB	2	d	23	27	31	35	40	45	49	52	57	62	66	69	72	76	79	83	87	/
3A_NB	3	a	31	34	37	42	47	51	55	58	62	67	71	74	78	82	85	89	94	98
3A_NB	3	d	32	35	39	44	49	53	57	60	63	68	72	76	80	83	87	91	96	/
3A_NB	4	a	50	54	57	61	64	69	73	77	82	87	91	93	96	100	103	106	110	114
3A_NB	4	d	51	55	59	62	66	71	75	79	83	88	92	94	97	101	104	107	111	/
3A_NB	5	a	61	65	68	73	76	81	86	89	93	99	103	107	109	112	115	118	122	126
3A_NB	5	d	62	66	70	74	77	83	87	90	94	100	105	108	110	113	116	120	123	/
3A_NB	6	a	83	87	91	95	100	104	108	110	114	120	124	127	129	134	139	144	147	152
3A_NB	6	d	84	89	92	97	101	105	109	111	115	121	125	128	131	136	141	145	149	/
3A_NB	7	a	90	94	97	102	106	110	114	117	121	127	131	135	138	142	147	151	154	158
3A_NB	7	d	91	95	99	103	108	111	116	118	122	128	133	137	139	144	148	152	156	/
3A_NB	8	a	103	107	110	115	119	122	126	128	133	139	143	146	148	152	155	159	162	165
3A_NB	8	d	104	108	112	116	120	123	127	130	134	140	144	147	149	153	156	160	163	/
3A_NB	9	a	109	113	117	121	125	129	134	136	140	147	152	154	157	161	165	168	172	177
3A_NB	9	d	110	115	118	123	127	131	135	137	142	149	153	156	159	163	166	169	174	/
3A_NB	10	a	118	122	126	132	136	141	145	148	153	158	162	164	166	170	174	177	181	185
3A_NB	10	d	119	124	128	134	138	143	147	150	154	159	163	165	168	172	175	178	183	/
3A_NB	11	a	134	138	142	146	149	154	158	160	165	170	174	177	180	184	188	192	197	201
3A_NB	11	d	135	139	143	147	151	156	159	162	166	171	175	179	181	185	190	194	198	/
3A_NB	12	a	151	154	159	163	168	172	175	178	182	186	190	193	196	199	203	206	210	213
3A_NB	12	d	152	156	160	165	169	173	177	179	183	187	191	194	197	200	204	207	211	/
3A_NB	13	a	170	173	177	182	187	191	194	196	201	206	212	215	218	222	225	228	231	235
3A_NB	13	d	171	174	179	184	189	192	195	198	202	208	214	216	220	223	226	229	232	/
3A_NB	14	a	179	183	188	193	197	202	206	208	212	218	222	224	226	229	232	235	238	242
3A_NB	14	d	180	185	190	194	199	204	207	209	213	219	223	225	227	230	233	236	239	/
3A_NB	15	a	201	204	208	212	217	221	224	228	232	238	241	244	246	249	254	259	263	267
3A_NB	15	d	202	206	209	214	218	222	226	229	234	239	242	245	247	251	256	261	264	/
3A_NB	16	a	215	219	224	227	230	235	238	241	245	252	255	259	261	265	268	272	276	281
3A_NB	16	d	216	221	225	228	232	236	239	242	247	253	257	260	263	266	269	274	278	/
