RouteID	RunID	Arrivals/Departures	TimePerStop
1A_SB	1	a	10	16	25	28	32	38	41	47	51	55	59	63	68	78	85	89
1A_SB	1	d	11	17	26	30	33	40	43	48	52	57	61	65	69	79	87	/
1A_SB	2	a	37	42	50	52	56	63	66	71	75	78	81	84	87	96	102	105
1A_SB	2	d	38	43	51	54	58	65	67	72	76	79	82	85	88	98	103	/
1A_SB	3	a	53	58	66	68	72	78	81	86	89	94	99	103	106	114	118	122
1A_SB	3	d	54	59	67	70	74	79	83	87	91	96	100	104	108	115	119	/
1A_SB	4	a	62	67	76	79	84	90	93	99	104	108	112	116	119	127	133	137
1A_SB	4	d	63	69	78	81	85	92	95	101	105	109	114	117	121	129	134	/
1A_SB	5	a	76	82	93	95	98	104	106	111	114	119	122	125	128	136	141	146
1A_SB	5	d	77	84	94	96	99	105	108	112	116	120	123	126	130	138	143	/
1A_SB	6	a	84	90	98	100	104	111	114	119	124	128	131	135	139	147	151	155
1A_SB	6	d	85	91	99	102	106	113	116	121	126	129	133	137	140	148	152	/
1A_SB	7	a	106	111	119	121	126	132	134	139	142	146	149	153	156	166	171	176
1A_SB	7	d	108	113	120	123	127	133	136	140	143	147	150	154	158	168	173	/
1A_SB	8	a	116	121	128	130	134	140	144	148	151	154	157	162	166	174	179	183
1A_SB	8	d	118	122	129	131	135	142	145	149	152	155	159	164	168	176	180	/
1A_SB	9	a	126	132	140	142	145	151	153	157	161	164	169	173	177	184	190	194
1A_SB	9	d	128	134	141	143	146	152	154	158	162	166	170	175	178	186	191	/
1A_SB	10	a	131	137	147	149	153	158	160	165	168	172	176	180	184	193	198	202
1A_SB	10	d	133	139	148	150	154	159	162	166	170	173	177	181	185	194	199	/
1A_SB	11	a	137	143	152	155	159	164	167	172	176	180	184	189	193	202	208	213
1A_SB	11	d	139	144	153	156	160	166	169	174	178	182	186	190	194	204	210	/
1A_SB	12	a	162	169	179	181	184	189	191	196	200	204	209	212	218	228	234	238
1A_SB	12	d	164	171	180	182	185	190	192	198	202	206	210	214	219	230	235	/
1A_SB	13	a	173	178	189	192	196	201	203	207	210	215	218	221	227	239	244	247
1A_SB	13	d	174	180	191	194	197	202	204	208	212	216	219	223	229	241	245	/
1A_SB	14	a	199	205	213	215	219	226	230	235	239	243	247	250	253	260	264	268
1A_SB	14	d	200	206	214	217	221	228	231	237	241	244	248	251	254	261	265	/
1A_SB	15	a	224	230	238	240	243	249	252	257	262	266	270	273	276	287	294	298
1A_SB	15	d	225	231	239	241	244	250	253	259	264	268	271	274	278	289	295	/
1A_SB	16	a	230	236	244	247	250	257	261	265	269	273	278	282	285	297	304	308
1A_SB	16	d	231	237	245	248	252	259	262	266	271	275	280	283	287	299	306	/
1A_NB	1	a	6	10	17	26	31	35	39	44	49	53	58	62	65	70	79	84
1A_NB	1	d	7	12	19	27	32	36	41	46	50	55	59	63	67	71	80	/
1A_NB	2	a	28	32	38	46	52	55	59	63	66	71	75	80	84	89	96	104
1A_NB	2	d	29	34	39	47	53	56	61	64	67	73	76	82	86	90	98	/
1A_NB	3	a	45	51	57	65	72	77	81	85	88	95	98	102	105	109	115	122
1A_NB	3	d	47	52	59	66	74	78	83	86	90	96	99	103	106	110	116	/
1A_NB	4	a	61	67	73	79	84	89	93	96	100	106	111	115	118	123	131	138
1A_NB	4	d	63	69	74	80	86	91	94	98	101	108	112	117	120	125	133	/
1A_NB	5	a	66	72	78	87	93	98	102	106	110	116	121	126	129	134	142	150
1A_NB	5	d	68	74	80	89	95	100	104	107	112	118	122	127	131	136	144	/
1A_NB	6	a	96	101	107	115	121	126	131	135	139	145	149	154	156	160	168	173
1A_NB	6	d	98	103	109	117	123	128	133	136	140	147	151	155	157	162	169	/
1A_NB	7	a	104	109	115	123	129	134	138	142	147	154	157	162	164	169	177	182
1A_NB	7	d	106	110	117	125	131	135	140	144	149	155	159	163	166	170	178	/
1A_NB	8	a	126	130	137	144	148	151	155	158	161	168	172	177	179	183	193	199
1A_NB	8	d	127	131	138	145	149	153	156	159	163	170	173	178	180	185	194	/
1A_NB	9	a	135	141	147	154	160	164	169	172	176	182	186	190	193	197	208	215
1A_NB	9	d	137	142	148	156	162	166	170	173	177	183	187	191	194	199	209	/
1A_NB	10	a	147	153	159	165	169	173	178	182	187	193	198	204	206	210	217	223
1A_NB	10	d	149	155	160	166	170	175	180	184	189	195	200	205	207	211	219	/
1A_NB	11	a	165	170	176	184	190	193	198	202	207	213	218	224	226	230	240	245
1A_NB	11	d	167	171	178	186	191	195	199	204	209	215	220	225	227	232	241	/
1A_NB	12	a	187	193	200	209	216	220	224	228	232	240	245	249	252	256	263	268
1A_NB	12	d	189	195	202	211	217	221	226	230	234	242	246	251	253	258	264	/
1A_NB	13	a	200	204	211	219	225	230	235	238	243	249	253	258	261	265	271	277
1A_NB	13	d	201	206	213	220	226	232	236	240	245	250	255	260	262	266	273	/
1A_NB	14	a	224	229	234	243	251	256	260	265	268	273	277	282	285	289	296	302
1A_NB	14	d	225	230	236	245	253	257	262	266	270	275	279	284	286	290	297	/
1A_NB	15	a	252	257	262	270	277	280	284	288	292	297	301	306	309	314	322	328
1A_NB	15	d	253	258	264	272	278	281	286	289	293	299	302	308	311	316	323	/
1A_NB	16	a	275	279	284	293	300	304	308	313	318	322	325	330	333	336	343	349
1A_NB	16	d	276	280	286	295	302	306	310	315	319	323	327	332	334	337	345	/
2A_NB	1	a	17	20	26	29	32	36	42	46	50	58	63	70	72	74	77	84	89	93	97	100	107	112
2A_NB	1	d	18	21	27	30	33	38	44	48	51	60	65	71	73	75	79	86	90	94	98	101	109	/
2A_NB	2	a	38	41	47	51	53	57	64	67	71	78	82	88	92	95	99	105	110	114	117	122	133	137
2A_NB	2	d	39	42	49	52	55	59	65	69	73	79	84	90	94	96	100	107	112	115	119	124	134	/
2A_NB	3	a	54	57	64	67	70	74	81	86	90	99	103	109	113	117	120	126	131	134	138	141	150	154
2A_NB	3	d	55	59	65	68	72	75	83	88	92	101	104	111	115	118	121	128	132	136	139	143	152	/
2A_NB	4	a	64	67	72	76	80	84	92	97	100	109	114	121	124	126	130	137	140	144	148	151	158	161
2A_NB	4	d	65	68	74	78	82	86	94	98	102	111	115	123	125	128	132	138	142	146	149	152	159	/
2A_NB	5	a	75	79	87	91	94	98	104	108	112	121	124	133	135	139	144	150	155	159	163	168	176	179
2A_NB	5	d	76	81	89	92	96	100	105	109	113	122	126	134	137	141	146	152	157	161	165	170	177	/
2A_NB	6	a	103	106	113	117	121	124	130	133	136	144	148	154	158	161	165	172	177	181	185	189	198	201
2A_NB	6	d	104	108	115	119	122	125	131	134	138	146	149	156	160	163	166	174	178	183	187	191	199	/
2A_NB	7	a	120	123	129	133	135	138	143	147	151	158	163	169	172	175	179	185	189	193	197	201	210	215
2A_NB	7	d	121	125	131	134	136	139	145	149	152	160	165	171	173	176	181	186	190	195	198	203	212	/
2A_NB	8	a	137	140	145	148	150	154	161	165	169	176	181	186	189	191	194	201	205	210	214	218	227	232
2A_NB	8	d	138	141	146	149	152	156	162	167	171	178	182	188	190	192	196	203	207	212	216	219	229	/
2A_NB	9	a	156	160	167	171	174	178	184	187	191	198	203	208	212	215	218	225	229	233	237	242	250	253
2A_NB	9	d	157	162	169	173	176	180	185	189	192	200	204	210	213	216	220	227	231	234	239	244	251	/
2A_NB	10	a	178	181	186	189	191	195	201	205	208	216	221	228	232	234	238	244	249	253	257	262	270	275
2A_NB	10	d	179	182	187	190	193	196	202	206	209	218	223	230	233	235	240	246	251	254	259	264	272	/
2A_NB	11	a	196	199	206	210	213	218	224	227	231	237	240	247	250	253	258	265	270	275	280	283	291	296
2A_NB	11	d	197	201	208	211	215	219	225	228	232	238	241	249	251	255	260	267	272	277	281	284	293	/
2A_NB	12	a	216	219	226	229	232	237	243	247	251	259	263	270	273	277	280	285	289	293	296	301	309	314
2A_NB	12	d	217	221	228	231	234	238	245	248	252	261	264	272	275	278	281	286	291	294	298	302	310	/
2A_NB	13	a	231	235	240	243	247	250	257	261	264	272	276	282	285	287	290	296	301	304	308	312	321	324
2A_NB	13	d	232	236	242	245	248	251	259	262	265	273	277	284	286	288	291	298	302	306	309	314	322	/
2A_NB	14	a	251	255	260	264	267	271	279	284	289	296	301	308	311	315	318	324	329	334	337	340	350	355
2A_NB	14	d	252	256	262	265	268	273	281	286	290	298	303	309	313	316	320	326	331	335	338	342	352	/
2A_NB	15	a	276	280	286	289	292	295	303	309	314	321	324	331	334	337	340	346	350	354	357	361	368	372
2A_NB	15	d	277	281	288	291	293	297	305	311	316	322	326	333	336	338	341	348	351	355	358	363	369	/
2A_NB	16	a	293	296	301	303	305	308	314	318	323	330	335	340	342	345	348	354	357	362	365	369	376	379
2A_NB	16	d	294	297	302	304	306	309	315	320	325	332	336	341	344	346	350	355	359	363	367	371	377	/
2A_SB	1	a	19	21	29	33	36	38	43	51	54	57	62	66	72	77	84	88	91	98	101	105	109	113	123	130
2A_SB	1	d	20	23	30	34	37	40	45	52	55	59	64	67	74	78	86	89	92	99	102	106	110	114	125	/
2A_SB	2	a	25	27	35	39	43	47	51	59	61	65	70	73	79	84	92	97	101	108	111	116	120	124	134	139
2A_SB	2	d	26	29	36	41	45	49	53	60	63	67	71	74	81	86	94	99	102	109	113	117	122	126	135	/
2A_SB	3	a	51	54	60	63	67	69	72	79	81	84	88	91	96	99	105	109	114	122	125	130	134	138	149	154
2A_SB	3	d	52	55	61	65	68	70	74	80	82	85	89	92	97	100	107	111	115	123	127	131	135	139	150	/
2A_SB	4	a	58	61	69	72	75	79	83	90	94	98	102	106	112	117	125	129	132	138	141	145	149	154	164	169
2A_SB	4	d	59	63	70	73	77	81	85	92	96	100	103	108	114	119	127	130	133	139	142	146	151	156	165	/
2A_SB	5	a	79	81	88	92	95	97	101	108	111	114	117	120	126	129	136	140	144	149	152	155	159	163	175	181
2A_SB	5	d	80	83	89	93	96	98	102	109	112	115	118	121	127	130	137	141	145	150	153	156	160	165	177	/
2A_SB	6	a	91	95	101	105	108	111	114	121	124	127	130	134	140	144	149	152	157	164	166	170	174	177	189	195
2A_SB	6	d	93	96	102	106	109	112	115	122	125	128	132	135	141	145	150	154	159	165	167	171	175	179	191	/
2A_SB	7	a	102	105	113	116	120	123	127	133	136	139	142	145	151	155	163	166	169	174	176	180	184	188	201	207
2A_SB	7	d	103	107	114	118	122	125	129	134	137	140	143	146	153	157	164	167	170	175	177	182	185	189	203	/
2A_SB	8	a	108	110	118	121	126	129	133	138	141	145	148	151	157	161	168	171	174	180	182	186	190	194	208	213
2A_SB	8	d	109	112	119	123	128	131	134	139	143	146	149	152	159	162	169	172	176	181	184	188	191	195	209	/
2A_SB	9	a	115	117	124	128	132	134	138	144	147	151	155	158	165	168	174	178	181	187	189	193	196	199	213	218
2A_SB	9	d	116	118	125	129	133	136	140	145	149	153	156	160	166	169	176	179	182	188	191	194	197	200	214	/
2A_SB	10	a	125	127	134	138	142	144	147	152	154	157	160	163	169	173	180	184	189	195	198	202	206	209	220	225
2A_SB	10	d	126	128	135	139	143	145	148	153	155	158	161	165	171	175	182	186	190	196	199	203	207	211	221	/
2A_SB	11	a	132	134	140	144	148	150	155	162	165	169	173	176	181	184	190	193	197	202	205	209	212	215	225	231
2A_SB	11	d	133	135	141	145	149	152	157	164	167	170	174	177	182	185	191	195	198	203	206	210	213	216	226	/
2A_SB	12	a	140	142	149	154	158	161	165	172	175	178	182	185	191	195	200	204	208	215	217	221	224	228	242	249
2A_SB	12	d	141	144	151	155	159	162	166	173	176	179	183	186	193	196	202	206	210	216	219	222	225	230	244	/
2A_SB	13	a	150	153	161	166	169	171	175	182	185	189	192	195	201	204	210	213	217	223	225	228	232	236	250	256
2A_SB	13	d	151	155	163	167	170	172	176	183	186	190	193	197	202	206	211	214	218	224	226	230	233	238	251	/
2A_SB	14	a	163	166	173	178	183	185	189	195	198	202	205	208	213	218	223	228	233	240	243	247	251	256	270	277
2A_SB	14	d	164	167	175	180	184	186	190	196	199	203	206	209	215	219	225	230	235	241	245	248	253	258	272	/
2A_SB	15	a	176	178	185	190	195	198	202	208	211	215	218	222	229	233	240	244	249	255	258	262	267	271	283	289
2A_SB	15	d	177	179	187	192	197	200	204	209	212	216	219	224	231	235	241	246	250	256	260	264	269	273	284	/
2A_SB	16	a	190	192	199	203	208	210	213	219	222	226	230	234	240	243	250	255	259	265	269	272	275	280	292	300
2A_SB	16	d	191	194	200	205	209	211	214	220	223	227	231	235	241	245	252	256	260	267	270	273	277	282	294	/
3A_SB	1	a	23	28	36	40	45	49	51	55	58	61	65	67	71	74	77	81	85	88
3A_SB	1	d	24	29	38	42	46	50	53	56	59	63	66	69	72	75	79	83	86	/
3A_SB	2	a	32	38	45	48	52	57	60	63	66	71	74	76	79	82	85	89	93	96
3A_SB	2	d	33	40	46	50	54	59	61	64	68	72	75	77	80	83	87	91	94	/
3A_SB	3	a	40	46	51	55	58	63	65	69	73	78	81	83	86	89	93	97	100	104
3A_SB	3	d	41	47	53	56	60	64	67	71	75	79	82	84	87	90	94	98	102	/
3A_SB	4	a	61	66	71	75	78	82	84	87	91	96	98	101	104	108	112	116	119	122
3A_SB	4	d	62	67	73	76	80	83	86	88	93	97	99	102	105	109	113	117	120	/
3A_SB	5	a	77	81	87	91	96	100	102	104	107	111	113	115	119	122	125	128	132	136
3A_SB	5	d	78	82	88	93	97	101	103	105	108	112	114	116	120	123	126	130	134	/
3A_SB	6	a	87	91	99	104	108	111	113	116	120	125	127	130	133	136	140	144	147	151
3A_SB	6	d	88	93	101	105	109	112	114	118	122	126	128	131	134	137	141	145	148	/
3A_SB	7	a	101	106	112	115	119	124	128	131	135	140	142	146	150	154	158	161	165	169
3A_SB	7	d	102	107	113	116	121	126	130	133	137	141	144	147	151	155	159	163	167	/
3A_SB	8	a	125	131	139	143	147	151	155	158	163	168	170	173	177	180	184	187	191	194
3A_SB	8	d	126	133	141	144	149	153	157	160	165	169	171	174	178	181	185	188	192	/
3A_SB	9	a	146	151	158	161	165	168	171	173	177	181	183	185	188	191	195	198	201	205
3A_SB	9	d	147	153	159	162	166	169	172	174	178	182	184	186	189	192	196	199	202	/
3A_SB	10	a	152	156	163	168	171	175	179	182	186	191	193	195	199	203	206	209	212	215
3A_SB	10	d	153	158	165	169	173	177	180	183	187	192	194	196	200	204	207	210	213	/
3A_SB	11	a	164	170	176	180	183	186	189	192	196	200	202	204	208	212	215	218	221	224
3A_SB	11	d	165	171	177	181	184	187	190	193	197	201	203	205	209	213	216	219	222	/
3A_SB	12	a	179	184	190	194	197	201	204	206	209	212	214	216	219	223	226	230	233	237
3A_SB	12	d	180	185	191	195	198	202	205	207	210	213	215	217	220	224	227	231	235	/
3A_SB	13	a	185	190	196	201	205	210	212	215	218	221	223	225	230	234	237	241	245	249
3A_SB	13	d	186	191	198	203	207	211	213	216	219	222	224	227	231	235	238	242	247	/
3A_SB	14	a	204	208	214	218	222	226	229	231	234	238	241	245	249	252	256	259	264	268
3A_SB	14	d	205	210	215	219	223	228	230	232	236	240	243	246	250	253	257	261	266	/
3A_SB	15	a	227	233	239	243	246	250	252	255	258	263	265	268	272	276	280	283	286	289
3A_SB	15	d	228	235	240	244	248	251	254	256	260	264	266	269	273	277	281	284	287	/
3A_SB	16	a	243	247	253	257	260	264	267	271	274	278	280	284	289	294	298	303	308	312
3A_SB	16	d	244	249	255	258	262	266	269	272	275	279	282	286	291	295	300	305	310	/
3A_NB	1	a	7	10	13	17	20	24	27	32	36	41	45	50	53	56	60	63	68	73	79
3A_NB	1	d	8	12	15	19	22	25	29	33	38	43	46	51	54	58	61	64	70	74	/
3A_NB	2	a	26	30	33	37	40	44	48	52	57	61	65	70	74	77	81	84	89	94	100
3A_NB	2	d	27	31	35	39	41	46	49	54	59	63	67	71	75	78	82	85	90	96	/
3A_NB	3	a	39	43	48	51	55	58	61	66	69	73	76	81	85	89	92	96	103	108	113
3A_NB	3	d	40	45	50	53	56	59	63	67	71	74	78	82	87	90	94	98	104	109	/
3A_NB	4	a	45	49	54	56	60	63	67	71	75	79	82	86	91	94	98	102	108	113	119
3A_NB	4	d	46	51	55	58	61	65	68	73	77	81	83	88	92	96	100	103	110	115	/
3A_NB	5	a	64	67	72	75	79	82	86	90	95	100	103	108	112	115	118	120	125	131	138
3A_NB	5	d	65	69	74	77	80	84	88	92	97	101	104	109	113	116	119	122	127	133	/
3A_NB	6	a	87	90	94	96	99	102	105	110	114	117	120	125	129	133	138	141	146	153	159
3A_NB	6	d	88	92	95	97	100	103	107	111	115	118	122	126	130	135	139	142	148	155	/
3A_NB	7	a	92	95	99	101	104	108	111	116	121	125	128	132	136	140	145	149	156	161	166
3A_NB	7	d	93	97	100	102	106	109	113	118	122	127	129	133	138	142	147	151	157	162	/
3A_NB	8	a	99	102	105	107	110	113	117	122	127	132	135	139	143	146	151	154	161	167	173
3A_NB	8	d	100	103	106	108	111	115	119	124	129	134	136	140	144	148	153	156	163	168	/
3A_NB	9	a	109	113	117	120	123	126	130	135	138	143	145	150	153	157	161	163	168	174	181
3A_NB	9	d	110	115	119	121	124	127	132	136	140	144	147	151	154	158	162	165	170	176	/
3A_NB	10	a	135	139	143	145	147	150	155	159	162	167	170	176	179	183	187	190	196	201	207
3A_NB	10	d	136	141	144	146	148	152	156	160	164	169	172	177	180	185	189	192	198	202	/
3A_NB	11	a	142	146	149	151	153	157	161	166	169	173	176	182	185	190	194	197	201	206	213
3A_NB	11	d	143	147	150	152	154	158	163	167	171	175	178	183	187	192	196	198	203	208	/
3A_NB	12	a	151	154	158	160	162	167	170	175	179	183	186	191	194	199	203	206	211	216	224
3A_NB	12	d	152	156	159	161	164	168	172	177	180	184	187	192	196	201	205	208	212	218	/
3A_NB	13	a	175	178	182	185	188	192	196	200	203	207	209	214	217	220	223	225	230	235	241
3A_NB	13	d	176	179	184	187	190	193	197	201	205	208	210	215	218	221	224	226	231	237	/
3A_NB	14	a	181	184	189	191	193	197	202	206	209	214	216	222	226	229	234	237	242	249	255
3A_NB	14	d	182	185	190	192	195	199	203	207	211	215	218	224	227	231	235	238	244	251	/
3A_NB	15	a	190	193	198	200	202	205	210	214	217	222	224	230	234	237	242	245	250	256	263
3A_NB	15	d	191	195	199	201	203	207	211	215	219	223	226	232	235	239	244	247	251	258	/
3A_NB	16	a	205	209	213	216	220	224	227	232	236	240	243	249	252	255	259	263	267	272	277
3A_NB	16	d	206	210	214	218	222	225	229	234	237	241	245	250	253	257	261	264	268	273	/
