RouteID	RunID	Arrivals/Departures	TimePerStop
1A_SB	1	a	7	10	13	23	26	30	35	39	43	46	49	52	62	66	74
1A_SB	1	d	8	11	15	24	27	31	37	40	44	47	50	53	64	68	/
1A_SB	2	a	30	34	38	46	51	55	61	65	69	73	77	81	93	97	105
1A_SB	2	d	31	35	39	48	53	57	62	66	71	75	78	82	94	98	/
1A_SB	3	a	50	54	59	69	73	77	84	88	92	95	98	102	114	119	129
1A_SB	3	d	51	56	61	71	75	79	85	89	93	96	100	104	116	121	/
1A_SB	4	a	63	67	72	82	87	90	96	99	103	106	110	113	122	125	135
1A_SB	4	d	64	69	74	84	88	92	97	100	104	107	111	115	123	127	/
1A_SB	5	a	87	91	94	104	107	110	116	119	124	128	133	136	144	148	156
1A_SB	5	d	88	92	95	105	108	111	117	121	126	130	134	137	146	150	/
1A_SB	6	a	101	105	109	118	121	124	131	134	138	142	147	151	161	165	172
1A_SB	6	d	102	107	111	119	122	126	132	135	139	144	148	152	163	167	/
1A_SB	7	a	118	121	125	134	138	142	147	150	154	158	162	166	176	180	188
1A_SB	7	d	119	123	126	135	139	143	148	151	156	159	163	168	177	182	/
1A_SB	8	a	130	134	139	148	152	156	161	164	168	172	175	179	191	194	202
1A_SB	8	d	131	136	141	149	153	157	162	165	169	173	176	181	192	196	/
1A_SB	9	a	143	146	151	160	163	167	172	176	181	185	189	193	204	207	215
1A_SB	9	d	144	148	153	161	165	168	173	178	183	186	191	194	205	209	/
1A_SB	10	a	148	151	157	166	171	174	179	183	187	190	194	198	209	213	221
1A_SB	10	d	149	153	159	168	172	175	180	184	188	191	196	200	210	214	/
1A_SB	11	a	154	157	163	171	176	179	185	190	195	199	203	207	217	222	230
1A_SB	11	d	155	159	164	173	177	180	187	192	197	201	205	208	219	223	/
1A_SB	12	a	170	174	179	188	192	195	201	205	208	211	214	217	229	233	240
1A_SB	12	d	171	176	181	189	193	197	202	206	209	212	215	219	231	235	/
1A_SB	13	a	176	180	185	194	198	202	208	213	218	221	224	227	238	242	249
1A_SB	13	d	177	182	187	196	200	204	210	215	219	222	225	229	240	243	/
1A_SB	14	a	192	196	201	211	216	219	224	227	230	234	239	243	251	255	264
1A_SB	14	d	193	198	202	213	217	220	225	228	232	236	240	245	253	257	/
1A_SB	15	a	218	221	225	233	237	241	247	251	255	259	264	269	277	280	288
1A_SB	15	d	219	223	226	234	238	242	248	252	256	261	266	271	278	282	/
1A_SB	16	a	241	245	250	258	261	265	272	275	278	283	288	291	297	301	308
1A_SB	16	d	242	247	251	259	263	266	273	276	280	285	289	292	299	302	/
1A_NB	1	a	15	24	27	39	44	48	53	58	61	67	70	73	82	86	91
1A_NB	1	d	16	25	29	40	45	50	55	59	62	68	71	74	84	88	/
1A_NB	2	a	38	48	52	61	66	69	73	79	83	88	92	95	103	107	112
1A_NB	2	d	39	49	54	63	67	70	75	81	84	90	93	96	104	109	/
1A_NB	3	a	54	64	67	78	83	86	89	93	97	103	107	111	119	123	127
1A_NB	3	d	55	65	69	79	84	87	90	95	99	105	108	112	120	124	/
1A_NB	4	a	78	87	91	103	109	112	116	121	125	132	135	139	148	152	156
1A_NB	4	d	79	89	93	105	110	114	118	123	126	133	136	141	149	153	/
1A_NB	5	a	96	104	107	118	124	129	134	138	142	148	152	156	164	168	172
1A_NB	5	d	97	105	109	120	126	131	135	140	143	149	153	157	165	169	/
1A_NB	6	a	110	120	124	134	141	146	149	153	156	163	166	170	178	182	187
1A_NB	6	d	111	122	126	136	143	147	150	154	157	164	167	172	179	184	/
1A_NB	7	a	138	146	149	156	161	165	170	174	178	184	188	192	201	205	210
1A_NB	7	d	139	147	150	157	163	167	171	176	180	186	189	193	202	206	/
1A_NB	8	a	158	167	170	179	186	189	193	198	201	208	211	214	225	228	232
1A_NB	8	d	159	168	172	180	187	190	194	199	203	209	212	215	226	229	/
1A_NB	9	a	181	192	196	206	212	216	220	225	229	236	240	243	253	256	260
1A_NB	9	d	182	194	197	208	214	217	222	226	230	238	241	244	254	257	/
1A_NB	10	a	203	214	217	226	231	234	239	244	248	254	258	261	272	276	280
1A_NB	10	d	204	215	218	227	232	236	241	246	249	256	259	263	274	277	/
1A_NB	11	a	211	222	226	238	243	246	250	255	260	267	270	273	283	286	291
1A_NB	11	d	212	224	228	239	244	248	252	257	262	268	271	275	284	288	/
1A_NB	12	a	232	241	246	256	261	264	268	272	277	284	287	290	299	303	307
1A_NB	12	d	233	243	248	257	262	265	269	274	278	285	288	291	300	305	/
1A_NB	13	a	244	254	259	270	277	281	285	289	292	300	303	307	316	319	323
1A_NB	13	d	245	256	261	272	278	282	287	290	294	301	304	309	317	320	/
1A_NB	14	a	259	268	273	282	288	292	296	300	305	311	314	319	326	329	334
1A_NB	14	d	260	270	275	283	289	294	298	302	307	312	316	320	327	331	/
1A_NB	15	a	283	293	297	307	313	317	321	325	330	336	341	345	354	359	363
1A_NB	15	d	284	294	298	309	314	318	322	327	331	338	343	346	356	360	/
1A_NB	16	a	304	311	314	324	331	335	340	345	349	354	358	362	370	374	379
1A_NB	16	d	305	312	315	326	333	337	342	346	350	356	359	363	372	376	/
2A_NB	1	a	15	18	23	27	30	35	38	41	51	55	61	64	67	72	78	80	85	90
2A_NB	1	d	16	19	24	28	31	36	39	43	53	56	62	65	69	73	79	82	87	/
2A_NB	2	a	27	30	35	39	42	48	53	56	67	71	78	80	83	86	91	93	98	102
2A_NB	2	d	28	31	36	40	44	50	54	58	68	72	79	82	84	87	92	95	100	/
2A_NB	3	a	34	37	42	46	49	55	60	63	73	78	85	88	92	96	101	104	108	112
2A_NB	3	d	35	38	43	47	51	57	61	64	75	80	87	90	93	97	103	105	110	/
2A_NB	4	a	60	63	70	74	78	84	88	92	100	105	110	113	115	119	124	127	131	135
2A_NB	4	d	61	65	72	76	80	86	90	93	102	106	111	114	116	120	126	128	132	/
2A_NB	5	a	89	92	98	102	105	111	115	119	127	131	136	139	143	147	153	157	161	164
2A_NB	5	d	90	93	100	103	107	112	116	120	128	132	138	141	145	149	155	158	162	/
2A_NB	6	a	95	98	104	108	111	116	120	124	132	136	143	145	149	153	159	162	166	170
2A_NB	6	d	96	99	106	109	112	117	122	125	133	138	144	147	151	155	160	163	167	/
2A_NB	7	a	100	103	109	113	117	123	127	130	138	142	148	152	155	159	165	168	171	175
2A_NB	7	d	101	104	111	115	119	124	128	131	139	143	150	153	157	161	167	169	172	/
2A_NB	8	a	108	111	116	119	123	130	135	138	147	152	159	163	166	169	175	178	183	186
2A_NB	8	d	109	112	117	120	125	132	136	140	149	154	161	164	167	170	177	180	184	/
2A_NB	9	a	126	130	136	139	143	148	152	156	166	171	176	179	183	186	193	196	200	203
2A_NB	9	d	127	131	137	140	144	150	154	157	168	172	178	181	184	187	195	197	201	/
2A_NB	10	a	135	139	146	149	153	159	163	168	175	179	184	187	190	193	202	204	208	211
2A_NB	10	d	136	141	147	150	154	161	165	169	176	180	185	188	191	195	203	205	209	/
2A_NB	11	a	149	153	159	163	167	173	177	181	190	193	199	202	206	210	215	218	223	227
2A_NB	11	d	150	155	160	164	168	174	178	182	191	195	201	204	208	211	217	220	225	/
2A_NB	12	a	172	176	180	183	188	195	199	203	210	215	222	224	228	233	239	242	246	250
2A_NB	12	d	173	177	181	185	190	196	201	204	212	217	223	226	230	235	241	244	248	/
2A_NB	13	a	184	187	192	196	201	206	210	214	222	226	233	235	238	244	249	252	256	259
2A_NB	13	d	185	188	194	198	202	207	211	215	223	228	234	236	240	246	251	254	257	/
2A_NB	14	a	206	210	215	218	221	228	233	237	245	250	256	259	261	267	272	274	278	282
2A_NB	14	d	207	211	216	219	222	230	234	238	247	252	258	260	263	268	273	275	280	/
2A_NB	15	a	211	214	220	223	227	234	238	242	252	257	262	265	267	272	279	281	286	290
2A_NB	15	d	212	216	221	225	229	235	240	243	254	258	264	266	268	274	280	283	287	/
2A_NB	16	a	235	239	246	249	253	259	263	266	277	280	284	286	288	292	300	302	306	311
2A_NB	16	d	236	241	247	250	254	261	264	268	278	281	285	287	289	294	301	303	308	/
2A_SB	1	a	17	22	26	30	35	38	41	44	47	53	57	63	66	71	76	81	85	90
2A_SB	1	d	18	24	28	31	36	39	42	45	48	54	58	64	68	72	78	82	87	/
2A_SB	2	a	46	49	52	56	61	64	67	73	77	82	86	91	94	98	103	107	112	116
2A_SB	2	d	47	50	54	57	62	65	69	75	78	83	87	92	96	99	105	109	114	/
2A_SB	3	a	55	59	61	64	69	72	75	80	84	89	94	99	102	105	111	114	118	121
2A_SB	3	d	57	60	62	65	70	73	77	82	85	90	95	100	103	107	112	115	119	/
2A_SB	4	a	62	66	68	71	76	79	83	88	91	97	103	110	113	117	122	125	128	131
2A_SB	4	d	64	67	69	72	77	81	85	89	93	99	105	111	115	118	123	126	129	/
2A_SB	5	a	76	80	83	87	94	97	101	105	109	114	117	123	127	132	138	142	145	148
2A_SB	5	d	78	81	85	89	96	99	103	106	110	115	118	125	129	133	140	143	146	/
2A_SB	6	a	91	94	97	100	106	108	111	114	118	123	128	133	137	141	146	149	154	157
2A_SB	6	d	92	95	98	101	107	109	112	115	119	125	129	135	138	142	147	151	155	/
2A_SB	7	a	109	112	114	118	124	126	129	132	136	140	144	148	151	155	162	167	172	175
2A_SB	7	d	110	113	116	120	125	127	130	134	137	141	145	149	152	157	164	169	173	/
2A_SB	8	a	121	125	128	131	136	138	141	145	148	152	156	161	165	169	174	178	182	185
2A_SB	8	d	123	127	129	132	137	139	142	146	149	154	157	163	167	170	176	179	183	/
2A_SB	9	a	130	134	136	140	145	147	151	156	160	166	170	175	179	184	189	192	196	200
2A_SB	9	d	132	135	137	141	146	149	153	157	162	168	171	177	181	185	190	193	198	/
2A_SB	10	a	138	142	145	149	155	158	162	166	170	177	180	187	191	195	202	206	211	214
2A_SB	10	d	140	144	146	150	157	159	163	167	172	178	182	188	192	197	204	208	212	/
2A_SB	11	a	146	150	154	158	164	166	169	173	177	184	188	194	198	202	208	211	216	219
2A_SB	11	d	148	152	156	159	165	167	171	174	179	186	189	196	199	203	209	213	217	/
2A_SB	12	a	163	168	171	174	180	183	188	191	194	201	204	210	213	217	222	226	230	233
2A_SB	12	d	165	169	172	175	181	185	189	192	195	202	205	211	214	218	224	228	231	/
2A_SB	13	a	177	182	185	188	194	196	200	204	208	215	220	226	231	234	240	244	247	251
2A_SB	13	d	179	183	186	189	195	197	202	205	209	217	221	228	232	236	241	245	249	/
2A_SB	14	a	198	202	204	207	211	214	218	221	224	231	234	240	244	247	253	257	261	265
2A_SB	14	d	199	203	205	208	212	215	219	222	226	232	236	241	245	248	255	259	263	/
2A_SB	15	a	219	223	225	229	236	239	243	246	249	255	259	263	268	271	278	282	285	288
2A_SB	15	d	220	224	227	231	237	240	244	247	251	256	260	264	269	273	279	283	286	/
2A_SB	16	a	236	240	244	249	256	259	263	268	273	279	284	291	296	300	305	309	313	317
2A_SB	16	d	237	242	246	251	257	260	265	270	275	281	286	293	297	301	306	311	315	/
3A_SB	1	a	4	9	13	18	22	25	29	34	37	40	44	46	52	56	61	66	71
3A_SB	1	d	5	10	14	20	23	26	30	35	38	41	45	48	53	57	62	68	/
3A_SB	2	a	26	30	34	40	43	46	52	56	60	64	67	70	76	80	84	90	93
3A_SB	2	d	27	31	36	41	44	48	54	57	62	65	69	72	77	82	86	91	/
3A_SB	3	a	41	45	50	55	58	61	66	69	73	78	82	84	89	93	96	101	104
3A_SB	3	d	42	47	51	56	59	63	67	71	75	79	83	85	90	94	97	102	/
3A_SB	4	a	46	51	55	60	64	68	73	76	80	85	90	93	97	102	106	112	115
3A_SB	4	d	47	52	56	62	65	70	74	77	82	87	92	94	99	104	108	113	/
3A_SB	5	a	69	74	79	85	90	95	99	102	105	109	113	115	118	122	125	129	132
3A_SB	5	d	70	76	80	87	92	97	100	103	106	111	114	116	119	123	126	130	/
3A_SB	6	a	77	83	88	96	101	105	109	112	115	119	122	125	129	133	136	141	146
3A_SB	6	d	78	85	90	98	102	106	110	113	116	120	123	126	130	134	137	143	/
3A_SB	7	a	100	107	111	117	120	123	126	131	134	137	140	142	146	149	152	158	162
3A_SB	7	d	101	108	113	118	121	124	128	132	135	138	141	143	147	150	153	160	/
3A_SB	8	a	109	115	119	125	128	131	135	141	144	148	153	156	160	163	166	171	174
3A_SB	8	d	110	116	120	126	129	133	137	142	146	150	154	157	161	164	167	172	/
3A_SB	9	a	130	137	141	148	151	155	159	163	167	171	174	176	180	183	187	193	197
3A_SB	9	d	131	139	143	149	152	156	160	165	168	172	175	177	181	184	188	194	/
3A_SB	10	a	145	151	155	162	165	169	173	177	180	184	187	190	195	199	205	210	214
3A_SB	10	d	146	152	156	163	166	170	174	178	181	185	188	191	196	201	206	212	/
3A_SB	11	a	158	163	167	172	176	180	183	186	189	194	198	200	205	209	213	219	223
3A_SB	11	d	159	164	168	174	177	181	184	187	191	196	199	201	206	210	214	221	/
3A_SB	12	a	163	168	173	179	184	188	191	194	197	201	204	206	211	214	218	225	230
3A_SB	12	d	164	170	175	181	185	189	192	195	198	202	205	207	212	215	220	227	/
3A_SB	13	a	169	175	180	186	190	194	197	201	204	208	211	214	219	223	227	232	237
3A_SB	13	d	170	177	181	187	191	195	198	202	205	209	212	215	221	225	228	234	/
3A_SB	14	a	180	185	189	196	201	205	209	213	217	222	225	228	234	237	240	246	251
3A_SB	14	d	181	186	191	198	202	207	210	215	219	223	227	230	235	238	242	248	/
3A_SB	15	a	188	193	197	205	210	213	218	223	226	230	235	238	243	248	252	258	262
3A_SB	15	d	189	194	199	207	211	215	220	224	228	232	237	239	245	249	254	260	/
3A_SB	16	a	214	219	224	231	235	239	244	248	253	258	262	266	271	275	278	283	286
3A_SB	16	d	215	221	226	233	236	241	246	250	255	260	264	268	272	276	280	284	/
3A_NB	1	a	26	29	33	37	41	46	49	51	56	60	64	68	71	75	78	82	86	90
3A_NB	1	d	27	31	34	38	43	47	50	53	57	61	66	70	73	76	80	83	88	/
3A_NB	2	a	51	55	58	63	66	70	73	77	82	87	91	93	96	100	103	106	110	115
3A_NB	2	d	52	56	60	64	67	71	75	79	83	88	92	94	97	101	104	107	112	/
3A_NB	3	a	63	67	71	75	78	83	88	91	96	102	106	109	112	116	120	124	128	133
3A_NB	3	d	64	69	72	76	79	85	89	93	97	103	107	111	114	118	121	126	130	/
3A_NB	4	a	83	87	91	95	99	103	108	110	114	120	124	127	129	134	139	143	147	151
3A_NB	4	d	84	89	92	96	100	105	109	111	115	121	125	128	131	136	140	145	148	/
3A_NB	5	a	91	95	98	102	107	111	116	118	123	129	133	136	138	142	147	152	155	158
3A_NB	5	d	92	96	99	104	109	113	117	120	124	130	134	137	139	144	149	153	156	/
3A_NB	6	a	110	114	117	122	126	129	133	136	141	148	152	155	157	161	165	168	172	176
3A_NB	6	d	111	115	119	124	127	130	135	138	143	149	154	156	159	163	166	169	173	/
3A_NB	7	a	120	124	128	134	138	142	145	148	153	158	162	164	166	170	174	178	183	187
3A_NB	7	d	121	126	130	136	139	143	147	150	154	159	163	165	168	172	176	180	185	/
3A_NB	8	a	127	131	135	140	144	149	153	156	161	167	172	175	178	183	187	190	194	198
3A_NB	8	d	128	133	137	142	146	151	155	158	163	169	173	177	180	184	188	191	195	/
3A_NB	9	a	140	144	149	153	156	161	165	167	171	177	181	185	189	193	197	200	205	209
3A_NB	9	d	141	146	150	154	158	163	166	168	173	178	183	187	190	194	198	202	206	/
3A_NB	10	a	150	153	158	162	166	171	175	178	182	186	190	193	196	199	203	206	210	213
3A_NB	10	d	151	155	159	164	168	173	177	179	183	187	191	194	197	200	204	207	211	/
3A_NB	11	a	169	172	176	180	184	187	190	193	198	203	208	211	215	218	221	224	227	231
3A_NB	11	d	170	173	177	181	185	188	192	195	199	204	210	213	216	219	222	225	228	/
3A_NB	12	a	179	183	187	192	197	202	206	208	212	218	222	224	226	229	232	236	240	243
3A_NB	12	d	180	184	189	194	199	204	207	210	213	219	223	225	227	230	234	238	241	/
3A_NB	13	a	204	207	211	215	220	225	228	231	235	240	244	248	250	253	257	262	266	270
3A_NB	13	d	205	209	212	217	222	226	229	232	236	242	246	249	251	255	259	264	267	/
3A_NB	14	a	216	220	225	229	232	236	239	242	247	253	257	260	263	267	271	275	279	284
3A_NB	14	d	217	222	227	230	233	237	240	244	248	255	258	262	265	269	272	277	281	/
3A_NB	15	a	229	232	237	241	245	250	254	258	263	270	274	277	279	283	287	291	295	299
3A_NB	15	d	230	234	239	243	247	252	256	260	265	272	275	278	281	285	288	292	296	/
3A_NB	16	a	247	250	255	259	263	267	270	273	277	283	287	289	292	296	300	304	308	313
3A_NB	16	d	248	252	257	261	264	268	272	274	279	285	288	291	294	298	301	306	310	/
