RouteID	RunID	Arrivals/Departures	TimePerStop
1A_SB	1	a	7	13	22	24	29	34	37	42	46	49	53	56	60	71	77	82
1A_SB	1	d	8	15	23	26	30	36	39	44	47	51	54	58	62	73	79	/
1A_SB	2	a	20	27	36	40	43	48	52	57	61	65	70	73	77	88	93	97
1A_SB	2	d	21	29	38	41	44	50	54	59	63	67	71	74	79	90	94	/
1A_SB	3	a	37	43	52	55	59	65	68	74	77	82	86	89	93	103	107	112
1A_SB	3	d	38	45	54	56	60	67	70	75	79	84	87	91	95	104	109	/
1A_SB	4	a	58	63	74	78	81	86	90	95	100	103	107	110	114	124	130	133
1A_SB	4	d	59	65	76	79	83	88	92	97	101	104	108	111	115	126	131	/
1A_SB	5	a	67	72	83	87	90	96	99	103	107	110	114	117	121	130	136	141
1A_SB	5	d	68	74	85	88	92	98	100	105	108	111	115	118	122	132	138	/
1A_SB	6	a	78	84	93	95	98	103	107	112	115	118	122	127	132	141	147	151
1A_SB	6	d	79	86	94	96	99	105	108	113	116	119	124	129	133	143	148	/
1A_SB	7	a	84	90	98	100	104	110	113	119	124	128	132	136	140	150	157	160
1A_SB	7	d	85	92	99	102	106	111	115	121	126	129	133	137	142	152	158	/
1A_SB	8	a	104	109	119	122	126	132	135	140	145	148	153	157	161	171	176	180
1A_SB	8	d	105	111	121	124	127	134	137	142	146	150	155	159	162	172	177	/
1A_SB	9	a	130	136	145	149	153	160	163	167	170	173	177	180	184	195	202	206
1A_SB	9	d	131	138	147	151	155	162	164	168	171	174	178	182	186	197	203	/
1A_SB	10	a	144	150	158	161	165	172	176	180	183	188	192	195	199	210	216	219
1A_SB	10	d	145	151	159	163	167	174	177	181	185	190	193	196	201	212	217	/
1A_SB	11	a	159	165	172	175	178	184	186	190	194	197	201	205	209	218	224	228
1A_SB	11	d	160	166	173	176	179	185	187	192	195	198	202	206	211	220	226	/
1A_SB	12	a	169	175	183	187	191	197	200	205	208	211	215	218	221	229	236	240
1A_SB	12	d	170	177	185	189	193	199	201	206	209	213	216	219	222	231	238	/
1A_SB	13	a	197	202	211	213	216	223	226	231	234	238	241	245	249	258	264	269
1A_SB	13	d	198	204	212	214	218	225	228	232	235	239	242	246	251	259	266	/
1A_SB	14	a	204	209	220	222	225	231	234	239	244	248	253	257	260	268	275	279
1A_SB	14	d	205	211	221	223	227	233	236	241	246	250	254	258	261	270	277	/
1A_SB	15	a	228	233	240	242	245	251	253	257	261	265	269	273	277	288	294	298
1A_SB	15	d	229	234	241	243	246	252	254	258	262	266	271	274	279	290	295	/
1A_SB	16	a	237	243	252	254	259	265	268	275	279	282	286	289	293	304	311	315
1A_SB	16	d	239	245	253	256	260	267	270	276	280	283	287	291	295	306	313	/
1A_SB	17	a	253	259	268	271	274	280	284	289	292	296	300	304	308	319	324	328
1A_SB	17	d	255	261	270	272	276	282	285	290	294	297	302	305	310	320	326	/
1A_SB	18	a	282	289	298	300	303	308	310	314	317	321	326	329	332	339	345	349
1A_SB	18	d	284	291	299	301	304	309	311	315	319	323	327	330	333	341	347	/
1A_SB	19	a	293	298	306	308	311	317	320	325	328	332	336	340	344	353	360	365
1A_SB	19	d	294	299	307	309	313	319	322	326	330	334	338	342	345	355	362	/
1A_SB	20	a	300	306	314	317	321	327	329	334	338	341	345	349	353	363	368	373
1A_SB	20	d	301	307	316	318	322	328	330	335	339	343	347	350	355	364	370	/
1A_SB	21	a	317	323	331	333	336	342	345	351	355	358	361	364	367	377	383	388
1A_SB	21	d	318	324	332	334	338	344	347	352	356	359	362	365	368	378	385	/
1A_SB	22	a	323	330	340	342	345	351	354	360	364	368	371	374	378	387	394	397
1A_SB	22	d	325	331	341	343	346	353	356	362	366	369	372	376	379	389	395	/
1A_SB	23	a	342	349	360	364	368	375	379	384	388	391	395	399	403	414	420	424
1A_SB	23	d	344	351	362	366	370	377	381	385	389	392	397	400	405	415	422	/
1A_SB	24	a	370	376	386	389	394	400	404	409	413	416	420	424	428	436	442	445
1A_SB	24	d	371	378	388	391	396	402	405	410	414	418	422	425	429	438	443	/
1A_SB	25	a	398	404	413	416	420	424	427	432	436	441	446	450	453	462	467	470
1A_SB	25	d	399	406	414	417	421	425	428	433	438	443	448	451	455	463	468	/
1A_SB	26	a	404	410	419	421	425	429	432	437	442	446	451	455	458	467	473	476
1A_SB	26	d	405	412	420	423	426	430	433	439	443	448	453	456	460	468	474	/
1A_SB	27	a	421	427	435	437	441	446	449	453	458	461	466	469	473	482	486	490
1A_SB	27	d	422	429	436	438	442	447	450	455	459	463	467	470	474	483	487	/
1A_SB	28	a	436	442	450	453	457	463	466	472	475	479	483	486	490	501	506	509
1A_SB	28	d	437	444	451	454	458	464	468	473	476	481	484	487	492	502	507	/
1A_SB	29	a	442	448	455	459	463	470	473	479	484	488	491	494	497	505	511	516
1A_SB	29	d	443	449	457	460	465	472	475	481	486	489	492	495	498	507	513	/
1A_SB	30	a	455	461	469	473	477	484	487	492	496	500	505	508	513	523	528	531
1A_SB	30	d	456	463	471	474	479	485	489	493	498	502	506	510	514	524	529	/
1A_SB	31	a	464	470	480	483	487	494	497	503	508	512	517	520	524	535	540	544
1A_SB	31	d	465	472	482	485	489	496	499	505	510	514	518	521	525	536	541	/
1A_SB	32	a	477	483	492	494	498	505	508	514	519	522	526	529	533	544	550	555
1A_SB	32	d	478	485	493	495	500	507	510	516	520	523	527	531	534	546	552	/
1A_SB	33	a	492	497	506	509	514	520	523	528	531	536	541	545	549	558	564	567
1A_SB	33	d	493	499	508	511	516	522	524	529	533	538	543	546	551	560	565	/
1A_SB	34	a	517	524	534	536	540	546	548	552	555	558	563	567	571	580	585	589
1A_SB	34	d	518	526	535	537	541	547	549	553	556	560	565	569	572	581	586	/
1A_SB	35	a	523	530	539	541	545	551	554	559	564	568	573	577	582	592	599	603
1A_SB	35	d	524	531	540	543	546	553	555	561	566	570	574	579	584	594	600	/
1A_SB	36	a	549	555	564	566	571	578	581	586	590	594	598	603	606	616	622	627
1A_SB	36	d	550	556	565	568	573	580	583	587	592	595	600	604	608	618	624	/
1A_SB	37	a	556	562	572	576	581	587	590	596	600	604	608	613	617	626	632	636
1A_SB	37	d	557	564	574	578	582	589	592	597	602	605	610	615	618	628	634	/
1A_SB	38	a	570	576	584	588	593	598	600	604	608	612	616	619	622	632	639	643
1A_SB	38	d	571	578	586	590	594	599	601	605	610	613	617	620	624	634	641	/
1A_SB	39	a	580	586	595	598	602	607	609	613	617	620	624	627	630	640	646	650
1A_SB	39	d	581	587	596	599	604	608	610	614	618	621	625	628	632	641	647	/
1A_SB	40	a	591	598	608	611	615	621	624	628	632	636	641	644	647	656	663	666
1A_SB	40	d	592	600	609	613	617	623	625	630	634	638	642	645	648	658	664	/
1A_SB	41	a	618	623	633	635	639	646	649	654	659	664	668	672	677	686	692	697
1A_SB	41	d	619	625	634	636	641	648	651	656	661	665	670	674	678	688	694	/
1A_SB	42	a	629	635	643	647	651	658	660	665	670	674	679	684	687	697	703	708
1A_SB	42	d	630	636	645	649	653	659	661	667	671	676	681	685	689	699	705	/
1A_SB	43	a	650	656	664	667	671	677	681	686	690	693	697	701	706	716	723	728
1A_SB	43	d	651	657	666	669	673	679	683	688	691	695	699	703	708	718	725	/
1A_SB	44	a	657	663	674	676	681	687	691	696	701	705	709	713	718	728	733	737
1A_SB	44	d	658	665	675	678	683	689	693	698	703	706	711	715	720	729	735	/
1A_SB	45	a	672	678	687	690	694	700	704	708	711	714	719	723	727	737	743	746
1A_SB	45	d	673	679	689	691	695	702	705	709	712	716	721	724	729	739	744	/
1A_SB	46	a	679	684	694	697	702	708	710	714	717	721	725	729	734	743	749	753
1A_SB	46	d	680	686	696	699	703	709	711	715	719	723	727	731	736	745	751	/
1A_SB	47	a	696	702	710	713	717	725	727	731	735	739	742	745	748	758	765	770
1A_SB	47	d	697	704	712	715	719	726	728	733	737	740	743	746	750	760	767	/
1A_SB	48	a	711	717	725	727	731	737	740	745	750	753	758	762	767	775	782	786
1A_SB	48	d	712	718	726	729	732	739	741	747	751	755	759	764	768	777	783	/
1A_SB	49	a	731	736	746	749	753	760	763	767	771	775	779	784	787	797	802	806
1A_SB	49	d	732	738	748	750	755	762	764	768	773	776	781	785	789	798	804	/
1A_SB	50	a	747	753	765	767	770	776	780	785	790	793	798	801	804	813	819	823
1A_SB	50	d	748	755	766	768	772	778	781	787	791	795	799	802	806	814	820	/
1A_SB	51	a	762	767	776	779	782	788	791	797	802	806	811	814	818	828	834	838
1A_SB	51	d	763	769	778	780	784	790	793	799	804	808	812	816	820	830	836	/
1A_SB	52	a	775	781	789	791	795	801	804	809	814	819	824	829	833	843	848	852
1A_SB	52	d	776	782	790	793	796	802	806	811	816	821	826	831	834	844	850	/
1A_SB	53	a	796	801	809	811	815	822	825	831	835	839	843	847	850	859	864	867
1A_SB	53	d	797	802	810	813	817	823	827	832	836	841	845	848	851	860	865	/
1A_SB	54	a	805	810	818	821	825	831	834	839	844	849	853	857	860	868	874	878
1A_SB	54	d	806	811	820	823	826	832	835	841	846	851	855	858	861	870	875	/
1A_SB	55	a	817	823	831	834	837	844	847	852	856	860	863	866	870	880	885	888
1A_SB	55	d	818	824	833	835	839	846	848	853	858	861	864	868	872	881	886	/
1A_SB	56	a	836	842	851	854	857	862	865	870	874	879	884	888	892	901	907	911
1A_SB	56	d	837	844	852	855	858	863	866	871	876	881	886	889	894	903	909	/
1A_SB	57	a	844	850	859	863	867	873	875	880	884	889	893	897	902	911	917	921
1A_SB	57	d	845	852	861	865	869	874	877	881	886	890	895	899	903	913	918	/
1A_SB	58	a	867	873	881	884	888	895	899	904	909	912	915	919	923	933	938	941
1A_SB	58	d	868	875	883	886	890	897	900	906	910	913	916	920	924	934	939	/
1A_SB	59	a	880	885	895	898	901	908	911	917	921	926	930	934	938	948	954	957
1A_SB	59	d	881	887	896	899	903	909	913	918	923	928	931	936	939	950	955	/
1A_SB	60	a	886	891	901	904	907	914	918	922	927	932	936	941	945	955	960	965
1A_SB	60	d	887	893	902	905	909	916	919	924	929	934	938	943	946	956	962	/
1A_SB	61	a	913	918	926	928	933	939	942	947	950	953	957	960	963	971	976	980
1A_SB	61	d	914	919	927	930	934	941	944	948	951	954	958	961	964	973	978	/
1A_SB	62	a	931	936	945	948	952	958	960	965	969	972	977	981	985	995	1000	1004
1A_SB	62	d	932	938	947	950	953	959	962	966	970	974	979	983	987	997	1002	/
1A_SB	63	a	940	945	952	954	958	965	967	972	976	980	985	989	993	1003	1007	1010
1A_SB	63	d	941	946	953	956	960	966	969	973	978	982	987	990	995	1004	1008	/
1A_SB	64	a	951	957	964	966	970	977	980	984	987	990	994	998	1002	1012	1018	1022
1A_SB	64	d	952	958	965	968	972	978	981	985	988	991	996	999	1004	1014	1020	/
1A_NB	1	a	8	13	19	27	34	38	43	47	50	55	59	64	67	72	81	87
1A_NB	1	d	9	14	21	29	35	40	45	48	51	57	61	65	69	74	83	/
1A_NB	2	a	31	35	42	51	57	61	66	70	75	80	84	90	92	96	103	109
1A_NB	2	d	32	37	44	53	58	63	68	72	76	81	86	91	93	97	104	/
1A_NB	3	a	50	55	61	68	73	76	80	83	87	93	96	102	105	110	117	123
1A_NB	3	d	51	56	63	69	74	77	81	84	89	94	98	104	107	111	118	/
1A_NB	4	a	68	73	79	86	93	97	102	105	109	117	120	125	129	133	143	150
1A_NB	4	d	69	75	81	88	95	99	103	106	111	118	121	127	130	135	145	/
1A_NB	5	a	86	90	95	103	108	113	117	120	124	130	135	140	144	148	157	163
1A_NB	5	d	87	91	96	104	110	115	118	121	125	132	137	142	145	149	158	/
1A_NB	6	a	96	100	106	113	119	122	126	130	134	140	144	148	152	156	164	169
1A_NB	6	d	97	102	107	114	120	123	127	131	135	141	145	150	154	157	165	/
1A_NB	7	a	102	106	112	120	127	131	136	140	144	151	154	160	163	168	176	182
1A_NB	7	d	103	108	114	122	129	133	137	141	146	152	156	161	165	169	178	/
1A_NB	8	a	118	122	127	134	140	144	148	152	155	160	164	169	173	177	186	193
1A_NB	8	d	119	123	128	136	142	145	150	153	157	162	165	171	174	179	188	/
1A_NB	9	a	123	127	133	142	147	151	156	159	162	167	171	177	180	185	193	199
1A_NB	9	d	124	129	135	143	149	153	157	160	164	169	173	178	182	187	194	/
1A_NB	10	a	145	149	154	164	169	174	178	182	187	193	197	203	206	210	217	222
1A_NB	10	d	146	150	156	165	171	175	180	184	188	194	199	204	208	212	218	/
1A_NB	11	a	165	169	176	184	190	195	200	204	207	212	216	221	225	230	239	245
1A_NB	11	d	166	171	178	185	192	197	201	205	208	214	217	223	227	232	240	/
1A_NB	12	a	174	178	184	191	197	202	206	211	215	220	224	228	231	236	244	250
1A_NB	12	d	175	179	185	192	199	203	208	212	217	222	225	230	233	237	245	/
1A_NB	13	a	191	195	202	209	216	221	226	229	233	239	244	250	253	258	267	273
1A_NB	13	d	192	197	204	211	218	222	227	230	235	241	246	252	255	259	269	/
1A_NB	14	a	218	222	227	236	241	245	250	253	257	262	266	271	274	278	286	292
1A_NB	14	d	219	223	229	237	242	247	251	254	258	264	268	272	275	280	287	/
1A_NB	15	a	233	237	243	252	257	260	264	268	272	277	281	287	291	295	303	309
1A_NB	15	d	234	238	245	253	258	261	266	270	273	278	283	289	292	296	305	/
1A_NB	16	a	245	249	255	263	269	272	276	279	283	289	293	298	301	305	311	316
1A_NB	16	d	246	251	256	265	270	273	277	281	285	291	294	299	302	306	312	/
1A_NB	17	a	269	274	279	288	294	298	303	307	311	317	321	326	328	332	339	345
1A_NB	17	d	270	275	281	289	295	300	305	308	312	319	323	327	329	333	340	/
1A_NB	18	a	289	294	300	308	314	318	322	326	331	336	340	346	348	353	362	368
1A_NB	18	d	290	296	302	309	316	319	323	328	332	338	342	347	350	355	364	/
1A_NB	19	a	305	309	314	322	328	332	336	341	346	353	357	361	363	367	375	380
1A_NB	19	d	306	310	315	323	330	333	338	343	348	355	358	362	364	368	376	/
1A_NB	20	a	317	322	329	336	342	346	349	353	358	365	368	374	377	382	390	396
1A_NB	20	d	318	323	330	338	344	347	350	355	360	366	370	376	379	383	392	/
1A_NB	21	a	328	333	338	345	350	354	357	362	366	373	377	382	385	389	396	401
1A_NB	21	d	329	334	339	346	351	355	359	363	368	375	378	384	386	390	397	/
1A_NB	22	a	340	344	351	358	365	370	375	379	384	389	393	399	403	407	417	424
1A_NB	22	d	341	346	353	360	367	372	377	381	386	391	395	401	404	409	419	/
1A_NB	23	a	353	357	363	370	377	381	387	391	395	402	405	410	413	417	426	432
1A_NB	23	d	354	358	364	372	379	383	389	392	397	403	406	411	414	418	427	/
1A_NB	24	a	364	368	374	381	388	393	397	402	407	413	418	423	425	430	439	445
1A_NB	24	d	365	369	375	383	390	395	399	404	408	415	419	424	427	431	440	/
1A_NB	25	a	376	380	385	393	399	404	409	413	417	423	427	432	434	438	447	453
1A_NB	25	d	377	381	387	395	401	406	410	415	418	425	429	433	435	439	448	/
1A_NB	26	a	401	405	411	418	424	429	433	438	441	447	451	455	457	462	470	476
1A_NB	26	d	402	407	413	420	426	430	435	439	443	448	452	456	459	464	472	/
1A_NB	27	a	410	415	421	428	433	437	441	446	450	456	461	465	468	472	480	487
1A_NB	27	d	411	417	423	429	434	438	443	448	451	458	462	467	469	473	482	/
1A_NB	28	a	427	431	438	447	453	458	462	467	471	478	482	487	491	496	504	510
1A_NB	28	d	428	433	440	448	455	459	464	469	473	480	483	489	493	497	506	/
1A_NB	29	a	442	446	452	460	467	471	475	478	483	490	493	498	501	506	515	522
1A_NB	29	d	443	447	453	462	468	473	476	480	485	491	494	499	503	508	517	/
1A_NB	30	a	458	462	468	477	484	489	493	498	503	508	511	516	519	523	530	536
1A_NB	30	d	459	463	470	479	486	491	495	500	504	509	513	518	520	524	532	/
1A_NB	31	a	470	474	480	488	493	497	502	507	512	519	522	527	531	534	542	549
1A_NB	31	d	471	475	481	490	494	499	504	509	514	520	524	529	532	536	544	/
1A_NB	32	a	485	489	494	502	508	511	515	518	522	529	532	536	539	543	551	558
1A_NB	32	d	486	490	495	504	509	513	516	519	524	530	533	537	540	544	553	/
1A_NB	33	a	502	506	512	519	525	530	535	538	543	547	551	557	561	566	575	581
1A_NB	33	d	503	508	513	520	527	532	536	540	544	549	553	559	563	568	577	/
1A_NB	34	a	526	531	537	547	553	557	561	565	570	576	581	587	589	593	602	608
1A_NB	34	d	527	532	539	548	555	558	563	567	572	578	583	588	590	594	604	/
1A_NB	35	a	541	545	551	558	564	568	572	577	580	586	590	595	597	601	610	616
1A_NB	35	d	542	546	552	559	566	569	574	578	582	588	592	596	598	603	612	/
1A_NB	36	a	546	550	557	565	572	576	580	584	588	593	596	601	605	610	618	623
1A_NB	36	d	547	552	559	567	573	578	581	586	590	594	598	603	607	611	619	/
1A_NB	37	a	571	575	580	588	594	599	604	609	613	619	622	628	630	634	641	646
1A_NB	37	d	572	576	581	589	596	601	606	610	615	620	624	629	631	635	642	/
1A_NB	38	a	581	585	591	600	606	611	616	619	623	629	632	636	638	643	650	656
1A_NB	38	d	582	586	593	602	608	613	617	620	625	630	633	637	640	644	651	/
1A_NB	39	a	602	606	612	621	628	632	637	640	643	649	654	660	663	668	675	680
1A_NB	39	d	603	607	614	623	629	634	638	641	645	651	656	662	665	669	676	/
1A_NB	40	a	622	626	632	639	645	649	652	655	658	663	667	672	674	677	686	692
1A_NB	40	d	623	627	633	641	646	650	653	656	659	665	668	673	675	679	688	/
1A_NB	41	a	629	633	639	647	653	657	661	665	669	675	679	685	687	691	698	705
1A_NB	41	d	630	634	641	648	654	659	662	667	671	677	681	686	689	692	700	/
1A_NB	42	a	653	658	664	672	676	680	684	687	691	697	701	705	708	713	721	728
1A_NB	42	d	654	659	666	673	677	681	685	688	693	698	702	707	710	714	722	/
1A_NB	43	a	665	670	676	683	688	692	696	699	703	708	711	716	718	722	731	738
1A_NB	43	d	666	671	678	684	689	694	697	701	704	709	713	717	719	724	732	/
1A_NB	44	a	675	680	684	690	695	700	703	707	711	716	720	725	729	733	741	747
1A_NB	44	d	676	681	685	691	697	701	705	708	713	718	721	727	731	734	743	/
1A_NB	45	a	691	696	701	708	714	719	723	728	732	737	741	745	747	751	760	766
1A_NB	45	d	692	697	703	709	716	721	725	730	733	738	742	746	748	753	762	/
1A_NB	46	a	714	718	725	733	740	743	748	753	757	763	766	771	774	779	788	794
1A_NB	46	d	715	720	727	735	741	745	750	755	758	764	768	772	776	781	789	/
1A_NB	47	a	738	743	750	758	765	770	774	777	780	785	789	793	797	800	807	813
1A_NB	47	d	739	745	751	760	767	771	775	778	781	786	790	795	798	801	808	/
1A_NB	48	a	748	753	760	768	774	778	782	785	790	795	799	803	807	810	818	824
1A_NB	48	d	749	754	761	770	775	779	783	787	791	796	800	805	808	811	819	/
1A_NB	49	a	756	761	768	777	783	788	793	798	802	808	812	818	820	824	833	838
1A_NB	49	d	757	762	770	779	785	790	795	800	803	809	814	819	821	826	834	/
1A_NB	50	a	778	782	788	797	803	806	811	814	818	823	827	831	833	838	846	852
1A_NB	50	d	779	784	790	798	804	808	812	816	820	824	828	832	835	839	847	/
1A_NB	51	a	786	791	797	804	810	815	820	823	826	831	834	839	842	846	854	861
1A_NB	51	d	787	793	798	805	812	817	821	824	827	832	836	840	843	847	856	/
1A_NB	52	a	793	798	803	810	815	820	825	829	833	839	843	847	850	855	864	871
1A_NB	52	d	794	799	804	811	817	822	826	831	835	840	844	848	852	856	866	/
1A_NB	53	a	819	823	830	838	843	848	851	854	859	866	870	875	877	882	890	896
1A_NB	53	d	820	825	832	839	845	849	852	856	861	868	871	876	879	884	892	/
1A_NB	54	a	834	838	844	853	859	864	867	871	875	880	885	890	894	898	906	912
1A_NB	54	d	835	839	846	855	861	865	869	873	876	882	886	892	895	900	908	/
1A_NB	55	a	854	858	864	873	879	883	887	891	895	900	903	908	912	915	922	927
1A_NB	55	d	855	860	865	875	881	884	888	892	896	901	904	910	913	916	923	/
1A_NB	56	a	866	870	877	885	892	897	901	905	909	914	918	922	925	929	937	942
1A_NB	56	d	867	872	879	887	894	898	903	906	910	916	919	924	926	930	938	/
1A_NB	57	a	887	892	899	907	914	918	922	926	929	935	938	944	948	953	962	969
1A_NB	57	d	888	894	901	909	915	920	923	927	930	936	940	946	950	955	964	/
1A_NB	58	a	899	903	909	916	922	927	931	935	940	947	952	956	959	964	972	979
1A_NB	58	d	900	904	910	918	924	929	933	937	942	949	953	957	961	966	974	/
1A_NB	59	a	910	914	920	928	935	940	944	948	953	960	963	968	970	975	981	988
1A_NB	59	d	911	916	922	930	937	942	946	950	955	961	964	969	972	976	983	/
1A_NB	60	a	923	928	933	941	948	952	957	960	965	971	974	978	981	985	991	996
1A_NB	60	d	924	929	934	943	950	954	958	962	967	972	975	979	983	986	992	/
1A_NB	61	a	929	933	940	948	954	958	962	966	971	976	980	985	989	992	1000	1006
1A_NB	61	d	930	935	941	950	956	959	963	968	972	977	982	987	990	994	1002	/
1A_NB	62	a	946	950	955	962	968	973	977	980	984	990	993	998	1001	1005	1012	1018
1A_NB	62	d	947	951	957	964	970	974	978	981	986	991	994	1000	1003	1006	1013	/
1A_NB	63	a	954	958	964	971	977	982	987	991	996	1001	1004	1008	1010	1015	1022	1028
1A_NB	63	d	955	960	965	973	979	984	989	993	997	1002	1005	1009	1012	1016	1024	/
1A_NB	64	a	977	981	989	997	1004	1008	1012	1017	1021	1027	1030	1035	1038	1044	1052	1057
1A_NB	64	d	978	983	991	999	1005	1009	1014	1018	1023	1028	1032	1037	1040	1046	1053	/
2A_NB	1	a	5	9	15	17	20	23	28	32	36	45	49	56	58	61	66	72	75	79	83	86	93	97
2A_NB	1	d	6	11	16	18	21	24	30	33	38	47	51	57	60	63	68	73	76	80	84	87	95	/
2A_NB	2	a	21	25	31	35	39	43	48	52	55	64	68	76	79	82	87	93	96	99	103	106	114	119
2A_NB	2	d	22	27	33	37	41	44	50	53	57	65	70	78	81	84	88	94	97	101	104	108	116	/
2A_NB	3	a	40	43	50	54	57	62	69	73	78	86	90	96	98	101	105	112	117	120	124	128	136	140
2A_NB	3	d	41	45	52	56	59	63	70	75	80	87	91	97	100	102	107	114	118	122	126	129	137	/
2A_NB	4	a	49	53	59	61	65	69	76	81	85	93	98	105	107	110	114	121	126	131	134	138	146	151
2A_NB	4	d	50	54	60	63	67	70	78	82	87	95	100	106	109	111	116	123	128	132	135	140	148	/
2A_NB	5	a	61	64	70	72	75	79	87	91	94	102	106	113	115	118	123	128	133	138	142	147	154	158
2A_NB	5	d	62	65	71	73	77	81	88	92	96	103	108	114	117	120	124	130	135	140	144	148	155	/
2A_NB	6	a	87	91	97	100	103	107	113	118	121	127	131	138	141	144	148	154	158	163	168	172	180	184
2A_NB	6	d	88	92	98	102	105	109	115	119	122	129	133	140	143	146	150	155	160	165	170	173	182	/
2A_NB	7	a	100	103	110	113	116	119	126	130	134	143	147	153	157	159	163	170	175	178	182	185	193	196
2A_NB	7	d	101	105	111	115	117	121	127	132	136	144	148	155	158	161	165	172	176	179	183	186	194	/
2A_NB	8	a	119	122	127	130	133	137	144	149	153	162	166	173	175	178	182	188	192	195	200	204	212	215
2A_NB	8	d	120	123	128	131	135	138	146	151	155	164	168	174	177	180	184	190	193	197	202	206	213	/
2A_NB	9	a	130	133	138	141	144	148	155	159	163	170	174	180	183	186	190	196	201	205	210	214	221	225
2A_NB	9	d	131	134	139	142	146	150	156	161	165	171	175	181	185	188	192	198	202	207	212	216	223	/
2A_NB	10	a	157	161	167	169	172	175	183	187	190	198	201	208	211	213	218	225	229	232	235	239	246	250
2A_NB	10	d	158	163	168	170	173	177	184	188	192	199	202	210	212	215	220	227	230	233	237	240	248	/
2A_NB	11	a	172	175	181	185	188	191	199	203	208	215	220	228	231	233	237	244	249	254	257	261	269	272
2A_NB	11	d	173	177	183	186	189	193	200	205	209	217	222	230	232	234	238	246	251	255	258	263	270	/
2A_NB	12	a	195	199	204	206	209	212	219	224	228	236	240	247	251	255	260	266	270	274	279	284	290	295
2A_NB	12	d	196	200	205	208	210	214	220	226	230	238	242	249	253	257	261	268	272	276	281	285	292	/
2A_NB	13	a	209	213	219	222	224	227	234	238	242	250	253	259	263	266	271	278	282	286	290	294	301	305
2A_NB	13	d	210	214	220	223	225	229	236	240	243	251	254	261	264	268	272	279	284	288	291	296	303	/
2A_NB	14	a	217	221	227	230	233	236	243	248	251	259	263	269	271	274	279	287	292	295	298	303	311	314
2A_NB	14	d	218	222	229	232	234	238	245	249	252	261	264	270	273	276	281	289	293	296	300	305	312	/
2A_NB	15	a	232	236	242	245	249	253	260	263	266	274	277	285	288	290	293	300	305	310	315	319	327	331
2A_NB	15	d	233	237	243	247	251	255	261	264	268	275	279	286	289	291	295	302	307	312	317	320	328	/
2A_NB	16	a	247	251	257	260	264	267	273	277	280	287	291	297	301	304	308	314	318	323	327	331	339	344
2A_NB	16	d	248	253	259	262	265	268	274	278	282	288	292	299	302	306	310	315	320	324	329	332	341	/
2A_NB	17	a	254	257	263	265	269	272	279	284	287	295	300	308	311	314	317	323	327	331	336	339	347	351
2A_NB	17	d	255	258	264	267	270	273	281	285	288	297	302	310	312	315	318	324	328	333	337	340	348	/
2A_NB	18	a	278	281	288	292	295	299	306	310	314	321	325	330	334	337	341	346	349	354	359	362	370	374
2A_NB	18	d	279	282	290	294	297	300	307	311	316	323	326	332	335	338	342	347	351	356	360	364	372	/
2A_NB	19	a	289	292	299	301	304	307	315	319	324	331	335	342	345	348	352	357	360	363	366	369	376	381
2A_NB	19	d	290	294	300	302	305	309	316	321	326	333	337	343	347	349	353	358	361	364	367	370	378	/
2A_NB	20	a	311	314	321	324	326	330	336	339	344	352	355	361	364	367	372	379	384	387	390	393	399	402
2A_NB	20	d	312	316	322	325	328	332	337	341	345	353	356	363	366	369	374	381	385	388	391	394	400	/
2A_NB	21	a	324	328	334	337	339	343	350	355	359	367	371	376	380	383	387	392	395	398	403	406	414	418
2A_NB	21	d	325	329	335	338	341	345	352	357	361	368	372	378	382	385	389	393	396	400	404	407	415	/
2A_NB	22	a	345	348	354	358	362	366	372	376	380	387	390	395	399	402	407	413	417	421	425	430	439	444
2A_NB	22	d	346	349	356	360	363	367	373	378	382	388	391	397	400	404	408	414	419	422	427	432	441	/
2A_NB	23	a	360	363	369	372	375	379	386	389	392	399	404	410	412	414	419	424	429	433	437	440	449	453
2A_NB	23	d	361	365	370	373	377	380	387	390	393	401	405	411	413	416	420	426	431	434	438	442	450	/
2A_NB	24	a	371	374	379	381	384	387	395	399	403	411	415	422	425	429	432	437	442	446	451	454	461	465
2A_NB	24	d	372	375	380	382	385	389	396	401	405	413	417	423	427	430	433	439	443	448	452	455	462	/
2A_NB	25	a	392	396	402	406	408	411	418	422	425	433	438	446	448	451	455	461	466	469	473	476	484	488
2A_NB	25	d	393	398	404	407	409	413	420	423	427	435	440	447	450	452	457	463	467	470	474	477	486	/
2A_NB	26	a	401	405	411	413	416	419	428	432	435	443	447	455	458	460	465	471	475	478	482	486	494	497
2A_NB	26	d	402	406	412	415	417	421	430	433	437	444	449	457	459	462	466	473	476	479	484	488	495	/
2A_NB	27	a	409	413	419	422	424	429	438	442	446	453	457	464	467	469	473	479	482	486	490	493	501	505
2A_NB	27	d	410	414	420	423	426	431	439	443	447	455	459	466	468	470	474	480	484	488	491	495	503	/
2A_NB	28	a	428	432	438	441	443	446	453	457	462	471	476	483	486	489	493	500	504	508	511	515	523	528
2A_NB	28	d	429	433	440	442	444	447	455	459	464	473	478	485	488	490	495	501	506	509	513	516	525	/
2A_NB	29	a	444	448	454	457	459	463	470	473	478	487	491	497	500	502	506	512	515	520	523	527	534	538
2A_NB	29	d	445	449	455	458	461	465	471	475	479	488	493	498	501	504	507	513	517	521	525	528	535	/
2A_NB	30	a	466	469	475	478	482	487	494	498	502	510	514	519	521	524	529	535	540	544	548	552	559	562
2A_NB	30	d	467	471	476	480	484	488	495	500	503	511	515	520	522	526	531	537	542	546	549	553	560	/
2A_NB	31	a	488	491	498	500	503	506	514	518	522	531	534	541	544	547	550	557	561	565	569	572	580	583
2A_NB	31	d	489	493	499	501	504	508	515	520	523	532	536	543	546	548	552	559	563	566	570	574	581	/
2A_NB	32	a	501	505	511	515	518	522	528	532	537	545	548	555	559	562	565	573	578	582	585	590	599	604
2A_NB	32	d	502	507	513	516	520	524	530	534	539	546	550	557	561	563	567	575	580	583	587	591	601	/
2A_NB	33	a	509	513	519	522	526	531	537	540	544	552	556	563	567	569	574	579	583	588	593	597	606	611
2A_NB	33	d	510	514	520	524	528	533	538	541	545	554	558	565	568	571	575	580	585	590	594	598	608	/
2A_NB	34	a	524	527	533	536	540	543	550	553	557	563	566	572	576	578	582	588	592	596	600	604	612	616
2A_NB	34	d	525	529	535	538	541	545	551	554	558	564	567	574	577	579	584	589	593	597	602	606	613	/
2A_NB	35	a	540	543	548	551	553	556	562	566	571	579	583	590	593	596	600	606	611	614	617	621	628	632
2A_NB	35	d	541	544	549	552	554	557	564	568	573	581	585	591	595	597	601	608	612	615	619	622	630	/
2A_NB	36	a	547	550	556	560	564	567	573	577	582	589	592	598	602	606	611	618	622	626	629	633	640	643
2A_NB	36	d	548	552	558	562	565	568	575	579	583	590	593	600	604	608	613	619	623	627	631	634	641	/
2A_NB	37	a	570	574	579	583	586	589	596	600	603	612	615	622	624	626	631	637	641	646	649	654	662	667
2A_NB	37	d	571	575	581	584	587	590	598	601	605	613	617	623	625	628	632	639	643	647	651	655	664	/
2A_NB	38	a	586	589	595	598	601	605	612	616	620	628	631	638	642	645	648	655	659	662	667	670	677	681
2A_NB	38	d	587	591	596	599	602	607	613	617	622	629	633	640	644	646	650	656	660	664	668	671	679	/
2A_NB	39	a	605	609	616	619	623	628	636	640	643	652	657	664	667	671	675	682	686	689	692	695	702	706
2A_NB	39	d	606	611	617	621	625	629	637	641	645	654	659	666	669	672	676	684	687	690	693	696	704	/
2A_NB	40	a	614	617	622	626	629	634	641	645	650	659	663	670	672	676	681	688	691	694	698	702	709	712
2A_NB	40	d	615	618	624	627	631	636	642	647	652	660	665	671	674	678	682	689	692	696	700	703	710	/
2A_NB	41	a	629	632	638	641	644	649	656	660	664	672	677	684	686	689	694	701	704	707	711	715	722	726
2A_NB	41	d	630	634	639	643	646	651	657	662	666	674	679	685	688	691	696	702	705	709	712	716	723	/
2A_NB	42	a	658	661	666	669	673	676	681	684	688	696	700	707	710	713	718	724	728	733	738	741	750	755
2A_NB	42	d	659	662	668	671	674	677	682	686	690	698	702	709	711	715	719	725	730	735	739	743	752	/
2A_NB	43	a	676	679	684	686	688	693	700	705	708	714	718	725	728	731	735	740	745	749	752	756	763	768
2A_NB	43	d	677	680	685	687	690	695	702	706	709	716	720	727	729	732	736	742	747	750	754	757	765	/
2A_NB	44	a	683	686	691	694	697	702	708	713	717	724	727	733	735	739	745	751	755	759	762	766	775	780
2A_NB	44	d	684	687	692	695	699	703	710	715	719	725	728	734	737	741	747	752	756	760	764	768	777	/
2A_NB	45	a	705	708	715	718	722	725	731	735	740	748	752	759	762	765	768	775	780	785	788	791	798	803
2A_NB	45	d	706	710	717	720	723	726	732	737	742	750	753	760	764	766	769	777	782	786	789	793	800	/
2A_NB	46	a	733	736	743	746	749	753	760	763	767	774	779	786	789	791	795	801	805	810	814	818	827	832
2A_NB	46	d	734	738	744	748	750	754	761	764	768	776	781	787	790	792	796	802	807	812	815	820	829	/
2A_NB	47	a	738	741	748	752	756	761	768	771	775	782	786	792	796	798	802	808	812	816	819	824	832	837
2A_NB	47	d	739	743	750	754	758	762	769	773	776	784	787	794	797	799	803	809	813	817	821	826	834	/
2A_NB	48	a	761	764	770	774	777	782	788	791	796	804	808	815	819	821	825	831	836	840	844	848	856	860
2A_NB	48	d	762	766	772	775	779	783	789	793	798	806	809	817	820	822	827	833	837	841	846	849	857	/
2A_NB	49	a	783	786	793	796	800	804	811	815	819	827	831	839	842	844	849	857	862	866	870	873	881	885
2A_NB	49	d	784	788	794	798	802	806	812	816	821	829	832	840	843	846	851	859	864	867	871	874	883	/
2A_NB	50	a	812	815	822	826	828	833	838	843	847	855	858	864	867	871	874	881	884	889	894	898	905	909
2A_NB	50	d	813	817	824	827	830	834	840	845	848	856	859	865	869	872	876	882	886	891	896	899	907	/
2A_NB	51	a	823	826	833	837	840	844	850	855	858	867	870	876	880	883	888	895	899	902	906	910	919	923
2A_NB	51	d	824	828	835	839	842	845	852	856	859	868	871	878	882	885	890	896	900	904	907	912	920	/
2A_NB	52	a	852	856	863	866	868	872	878	882	885	893	897	902	906	909	912	919	922	926	929	933	941	946
2A_NB	52	d	853	858	864	867	870	873	880	883	886	895	898	904	908	910	914	920	924	927	931	934	943	/
2A_NB	53	a	873	876	882	885	887	890	897	900	904	911	915	921	924	928	932	939	943	948	952	955	963	967
2A_NB	53	d	874	877	883	886	888	892	898	901	905	913	916	923	926	929	934	940	945	949	953	956	964	/
2A_NB	54	a	893	896	903	906	908	912	919	922	926	935	938	943	946	948	952	958	963	967	970	974	983	987
2A_NB	54	d	894	898	905	907	910	914	920	923	927	936	939	944	947	949	954	960	965	968	971	976	984	/
2A_NB	55	a	902	905	911	914	917	922	929	933	937	944	949	955	957	960	964	971	976	980	983	986	995	999
2A_NB	55	d	903	906	913	915	919	924	931	935	939	946	950	956	959	961	966	973	977	981	984	988	996	/
2A_NB	56	a	928	931	938	942	945	948	955	959	963	972	976	981	984	988	991	996	1000	1003	1006	1009	1018	1022
2A_NB	56	d	929	933	940	944	946	950	957	961	965	973	977	982	986	989	992	998	1001	1004	1007	1010	1019	/
2A_NB	57	a	938	941	948	952	955	959	966	969	973	983	988	993	996	1000	1005	1012	1016	1020	1024	1029	1038	1042
2A_NB	57	d	939	943	950	954	957	960	967	971	975	985	989	994	998	1002	1007	1013	1018	1022	1026	1031	1040	/
2A_NB	58	a	957	960	966	969	973	976	982	986	990	999	1003	1009	1011	1013	1017	1023	1028	1032	1035	1038	1046	1050
2A_NB	58	d	958	962	967	971	974	977	984	988	992	1000	1004	1010	1012	1014	1018	1025	1030	1033	1036	1040	1048	/
2A_NB	59	a	969	972	978	981	984	988	994	998	1001	1009	1014	1021	1023	1026	1030	1037	1042	1045	1048	1051	1061	1066
2A_NB	59	d	970	974	979	982	985	989	996	999	1002	1011	1016	1022	1024	1027	1032	1039	1043	1046	1049	1053	1063	/
2A_NB	60	a	987	990	995	998	1002	1005	1011	1014	1019	1028	1032	1039	1042	1046	1050	1055	1060	1063	1067	1071	1079	1082
2A_NB	60	d	988	991	996	1000	1003	1006	1012	1016	1020	1029	1033	1041	1044	1047	1051	1057	1061	1065	1068	1072	1080	/
2A_NB	61	a	999	1003	1008	1011	1013	1017	1023	1027	1031	1040	1044	1049	1052	1056	1060	1065	1069	1074	1078	1083	1092	1095
2A_NB	61	d	1000	1004	1010	1012	1015	1018	1025	1029	1032	1042	1045	1050	1054	1057	1061	1066	1071	1076	1080	1085	1093	/
2A_NB	62	a	1010	1013	1018	1020	1023	1026	1033	1037	1041	1049	1053	1059	1062	1065	1069	1074	1079	1083	1086	1090	1098	1102
2A_NB	62	d	1011	1014	1019	1022	1024	1028	1035	1039	1042	1051	1055	1060	1063	1067	1070	1076	1080	1084	1087	1091	1100	/
2A_NB	63	a	1032	1036	1042	1044	1046	1049	1056	1061	1065	1072	1075	1083	1087	1091	1096	1103	1107	1110	1115	1119	1128	1133
2A_NB	63	d	1033	1037	1043	1045	1047	1051	1058	1062	1066	1073	1077	1085	1089	1093	1098	1104	1108	1112	1117	1121	1130	/
2A_NB	64	a	1049	1052	1058	1061	1065	1069	1075	1079	1082	1090	1093	1099	1102	1106	1111	1117	1121	1124	1128	1131	1141	1145
2A_NB	64	d	1050	1054	1060	1063	1067	1070	1077	1080	1084	1091	1094	1100	1104	1108	1113	1118	1122	1126	1129	1133	1142	/
2A_SB	1	a	10	12	19	23	27	30	35	40	43	47	51	55	61	66	72	75	79	86	90	95	100	103	114	119
2A_SB	1	d	11	13	21	24	28	32	36	42	45	48	53	57	63	68	73	77	80	88	92	97	101	105	115	/
2A_SB	2	a	15	17	26	30	34	38	43	50	54	58	62	66	72	77	83	87	90	96	98	102	107	111	121	126
2A_SB	2	d	16	19	28	32	36	40	45	52	56	59	64	68	74	78	85	88	91	97	99	104	108	112	122	/
2A_SB	3	a	26	28	36	40	44	47	52	59	61	65	71	74	80	84	90	93	97	103	105	108	111	116	126	132
2A_SB	3	d	27	29	38	42	46	49	54	60	63	67	72	75	81	85	91	94	98	104	106	109	113	117	128	/
2A_SB	4	a	51	54	62	65	68	72	77	83	86	90	94	98	105	110	117	122	125	131	134	138	142	145	155	162
2A_SB	4	d	52	56	63	66	70	74	78	85	88	92	96	100	107	112	119	123	126	132	136	139	143	146	157	/
2A_SB	5	a	70	72	78	82	86	88	93	100	104	107	110	113	118	122	127	131	134	140	143	146	150	153	165	171
2A_SB	5	d	71	73	80	84	87	90	95	102	105	108	111	114	119	123	129	132	135	141	144	147	151	155	166	/
2A_SB	6	a	80	82	89	94	97	99	103	109	111	114	117	120	127	131	136	140	145	151	154	157	162	165	178	184
2A_SB	6	d	81	83	91	95	98	100	104	110	112	115	118	122	128	132	138	142	146	152	155	159	163	167	179	/
2A_SB	7	a	92	95	103	107	110	113	116	123	126	129	132	136	143	146	152	156	161	168	170	174	178	183	195	201
2A_SB	7	d	93	96	104	108	111	114	117	124	127	130	134	138	144	147	154	158	163	169	172	175	180	184	196	/
2A_SB	8	a	112	115	123	128	133	136	141	147	151	155	160	164	170	174	181	185	188	193	195	198	201	205	217	224
2A_SB	8	d	113	116	125	130	134	138	143	149	153	157	162	166	171	175	182	186	189	194	196	199	202	206	219	/
2A_SB	9	a	129	131	139	142	147	150	154	161	165	169	172	176	181	184	190	195	199	206	209	213	216	220	234	241
2A_SB	9	d	130	133	140	144	149	152	156	163	167	170	173	177	182	186	192	196	201	208	210	214	218	222	236	/
2A_SB	10	a	145	148	156	160	165	168	173	179	183	186	189	192	197	200	206	210	214	220	223	227	230	233	248	254
2A_SB	10	d	146	150	157	162	166	170	174	181	184	187	190	193	198	202	207	211	215	221	224	228	231	234	249	/
2A_SB	11	a	167	169	175	179	184	187	192	199	202	206	209	212	219	223	229	233	237	243	247	251	255	258	269	274
2A_SB	11	d	168	170	177	181	186	189	194	200	204	207	210	214	220	224	231	235	238	245	248	253	256	260	270	/
2A_SB	12	a	179	181	190	194	199	201	204	211	214	218	223	228	233	238	245	250	253	259	262	266	269	273	283	288
2A_SB	12	d	180	183	192	196	200	202	205	213	215	220	225	229	235	240	247	251	254	260	263	267	271	274	284	/
2A_SB	13	a	198	201	207	211	214	216	220	227	230	233	237	242	248	251	258	261	265	271	274	278	281	284	296	302
2A_SB	13	d	199	203	208	212	215	217	222	229	231	234	239	243	249	253	259	262	266	272	275	279	282	285	298	/
2A_SB	14	a	212	214	220	223	226	229	232	238	240	244	249	254	260	265	270	273	277	284	288	292	297	301	313	318
2A_SB	14	d	213	215	221	224	227	230	233	239	242	246	251	255	262	266	271	274	279	286	290	294	298	302	314	/
2A_SB	15	a	225	228	235	238	243	246	249	257	260	264	268	272	278	283	289	294	298	304	307	310	315	318	327	333
2A_SB	15	d	226	229	236	240	244	247	251	258	262	265	269	274	280	284	291	295	299	305	308	312	316	319	328	/
2A_SB	16	a	242	245	253	258	263	266	269	274	276	280	284	288	294	299	305	308	313	318	321	325	329	332	344	349
2A_SB	16	d	243	247	255	260	264	267	270	275	277	281	285	290	296	300	306	310	314	320	322	326	330	334	345	/
2A_SB	17	a	257	260	269	273	276	280	283	288	291	294	297	302	308	313	319	323	326	332	335	339	343	346	358	363
2A_SB	17	d	258	262	271	274	278	281	284	289	292	295	299	304	310	314	320	324	327	333	336	340	344	348	359	/
2A_SB	18	a	272	274	281	285	288	291	295	301	304	308	311	314	320	323	329	333	337	343	346	351	355	358	369	374
2A_SB	18	d	273	275	283	286	289	292	297	302	305	309	312	315	321	324	331	334	338	344	348	352	356	359	370	/
2A_SB	19	a	285	288	295	299	303	307	312	319	322	326	329	333	339	343	350	353	358	364	368	371	375	380	393	399
2A_SB	19	d	286	289	296	301	305	309	314	321	324	327	331	335	341	344	351	355	360	366	369	372	377	381	395	/
2A_SB	20	a	304	306	312	317	320	323	327	333	335	339	343	348	354	358	364	368	372	377	380	383	387	391	402	408
2A_SB	20	d	305	307	314	318	321	324	328	334	336	341	345	350	356	360	366	369	373	378	381	384	388	392	404	/
2A_SB	21	a	320	322	329	332	336	338	342	348	350	354	357	361	366	370	375	379	383	388	391	395	399	403	418	424
2A_SB	21	d	321	323	330	334	337	339	343	349	352	355	358	362	368	371	376	380	384	389	392	396	401	405	420	/
2A_SB	22	a	342	344	351	355	360	363	367	374	376	380	384	387	392	395	401	405	410	416	420	424	428	433	446	452
2A_SB	22	d	343	346	353	357	362	365	369	375	377	381	385	388	393	396	402	407	411	418	422	425	430	435	447	/
2A_SB	23	a	364	367	374	379	383	385	390	396	398	401	405	410	415	419	425	429	432	438	441	445	449	453	464	469
2A_SB	23	d	365	369	376	381	384	387	391	397	399	402	407	411	416	420	426	430	433	439	442	446	451	454	465	/
2A_SB	24	a	383	386	395	399	402	404	407	413	416	419	423	427	433	437	444	448	453	458	460	464	468	472	484	489
2A_SB	24	d	384	388	397	400	403	405	408	414	417	420	424	428	434	439	445	450	454	459	461	465	470	474	485	/
2A_SB	25	a	390	393	402	405	408	411	414	420	422	426	430	434	441	445	451	455	459	465	468	472	476	479	491	496
2A_SB	25	d	391	394	403	406	409	412	415	421	423	427	431	436	442	446	453	456	461	466	469	473	477	480	492	/
2A_SB	26	a	407	409	415	419	424	428	432	438	440	443	447	451	456	459	466	471	476	483	486	490	494	497	509	514
2A_SB	26	d	408	410	417	421	426	430	434	439	441	444	449	452	457	461	468	473	478	484	488	492	495	499	510	/
2A_SB	27	a	422	425	432	437	440	443	447	453	456	460	465	470	476	480	486	490	495	501	503	506	509	513	525	531
2A_SB	27	d	423	426	434	438	442	445	449	454	458	462	467	471	477	481	488	492	496	502	504	507	510	515	527	/
2A_SB	28	a	429	432	439	444	448	450	454	459	463	467	472	476	483	487	494	498	502	508	510	513	516	520	531	536
2A_SB	28	d	430	433	441	446	449	452	455	461	465	469	473	478	485	489	496	499	503	509	511	514	517	521	532	/
2A_SB	29	a	441	443	451	455	459	462	465	472	476	480	484	488	494	499	505	508	513	518	522	525	529	534	544	550
2A_SB	29	d	442	445	453	456	461	463	467	474	478	482	486	490	496	500	506	510	514	520	523	527	531	535	545	/
2A_SB	30	a	452	454	462	465	470	473	476	482	485	489	492	496	503	507	513	517	522	527	529	532	536	541	553	560
2A_SB	30	d	453	456	463	467	471	474	477	483	486	490	494	498	504	508	515	519	523	528	530	534	538	542	555	/
2A_SB	31	a	465	467	474	478	482	484	487	494	498	502	506	510	517	521	529	534	538	543	545	549	554	559	574	580
2A_SB	31	d	466	468	475	479	483	485	489	496	499	503	507	512	518	523	531	535	539	544	547	551	556	560	575	/
2A_SB	32	a	481	484	492	496	501	504	507	512	515	520	524	527	534	538	545	549	554	560	562	565	569	574	586	592
2A_SB	32	d	482	486	494	498	503	505	508	513	517	521	525	529	536	540	547	551	555	561	563	566	571	575	588	/
2A_SB	33	a	487	490	498	503	508	510	515	521	525	529	533	536	542	546	552	556	560	567	570	574	578	583	595	600
2A_SB	33	d	488	492	500	505	509	512	517	523	527	530	534	537	544	547	554	557	562	569	572	575	580	585	596	/
2A_SB	34	a	511	513	521	525	529	531	534	540	543	547	551	554	560	564	571	574	579	585	588	592	596	600	611	618
2A_SB	34	d	512	515	523	526	530	532	535	541	544	548	552	555	562	566	572	576	580	586	590	593	597	602	613	/
2A_SB	35	a	524	527	533	538	543	545	549	554	557	561	565	568	575	578	584	589	593	599	603	606	609	612	622	628
2A_SB	35	d	525	528	535	540	544	546	550	555	558	562	566	570	576	580	586	591	594	601	604	607	610	613	624	/
2A_SB	36	a	541	543	550	555	558	560	563	568	572	575	579	584	589	594	600	605	609	615	618	622	625	628	641	646
2A_SB	36	d	542	544	552	556	559	561	564	570	573	576	581	585	591	596	602	606	611	616	620	623	626	630	642	/
2A_SB	37	a	560	562	569	572	576	579	583	589	593	597	600	605	611	615	621	624	628	634	638	642	646	649	661	667
2A_SB	37	d	561	563	570	574	578	580	584	591	595	598	602	606	612	616	622	625	629	636	640	643	647	650	663	/
2A_SB	38	a	571	573	581	585	589	591	594	601	605	608	611	615	622	625	632	637	640	647	651	656	661	665	676	681
2A_SB	38	d	572	574	583	587	590	592	596	603	606	609	612	617	623	627	634	638	641	649	653	657	663	666	677	/
2A_SB	39	a	594	596	604	608	612	614	617	625	628	632	635	638	644	648	655	659	663	668	670	675	678	681	692	698
2A_SB	39	d	595	598	606	609	613	615	619	626	630	633	636	639	645	650	656	660	664	669	672	676	679	683	693	/
2A_SB	40	a	604	607	615	618	623	626	629	635	638	642	646	649	654	659	665	668	672	677	681	684	688	693	704	710
2A_SB	40	d	605	608	616	620	625	627	630	637	640	644	647	650	656	660	666	669	673	679	682	686	690	694	705	/
2A_SB	41	a	611	614	622	626	631	633	638	645	648	652	656	659	663	668	675	680	684	691	695	698	701	705	717	723
2A_SB	41	d	612	616	624	628	632	635	640	646	650	654	657	660	665	670	677	681	685	693	696	699	702	707	718	/
2A_SB	42	a	628	630	636	639	643	645	649	657	660	664	668	671	675	679	685	690	694	700	704	708	712	716	727	733
2A_SB	42	d	629	631	637	641	644	647	651	658	662	666	669	672	677	681	687	691	695	702	705	709	713	717	728	/
2A_SB	43	a	642	645	652	655	659	662	666	673	677	680	683	688	695	699	706	710	714	720	724	727	732	737	750	756
2A_SB	43	d	643	646	653	657	661	664	668	675	678	681	685	690	696	701	708	711	716	722	725	729	734	739	751	/
2A_SB	44	a	667	669	676	680	684	687	691	698	702	705	710	714	719	724	731	735	739	745	748	751	756	759	768	773
2A_SB	44	d	668	670	678	682	686	688	692	700	703	707	711	715	721	726	732	736	740	746	749	753	757	760	769	/
2A_SB	45	a	675	677	685	689	694	697	702	709	712	716	721	724	730	734	739	743	747	753	756	761	765	768	780	785
2A_SB	45	d	676	679	687	691	696	699	703	710	714	718	722	726	731	735	741	744	748	754	758	762	766	769	781	/
2A_SB	46	a	693	695	702	707	711	714	719	726	730	733	738	742	749	753	760	764	768	774	778	782	786	789	800	805
2A_SB	46	d	694	696	704	708	712	716	720	728	731	735	740	744	750	755	762	766	769	776	780	783	787	791	801	/
2A_SB	47	a	704	706	715	719	723	726	730	738	742	745	750	755	761	765	771	775	778	784	787	791	796	799	810	816
2A_SB	47	d	705	708	717	721	725	727	732	740	743	747	752	757	762	766	773	776	779	785	789	793	797	801	812	/
2A_SB	48	a	721	723	732	735	738	741	744	752	756	759	763	767	773	777	784	787	791	798	802	806	810	814	827	834
2A_SB	48	d	722	724	733	736	740	742	746	754	757	760	765	768	774	779	785	788	793	800	804	808	812	816	829	/
2A_SB	49	a	726	728	738	743	746	749	753	761	765	769	774	777	783	788	793	796	801	807	811	815	819	823	835	841
2A_SB	49	d	727	730	740	744	748	750	755	763	767	771	775	778	785	789	794	798	802	809	813	816	821	824	836	/
2A_SB	50	a	754	757	766	769	773	776	781	787	791	795	798	801	807	811	818	821	825	832	835	839	844	848	861	868
2A_SB	50	d	755	759	767	771	775	778	782	789	793	796	799	803	809	813	819	823	827	834	837	841	845	849	863	/
2A_SB	51	a	784	786	793	797	800	802	805	811	814	817	821	826	833	836	842	845	849	854	857	861	864	869	883	890
2A_SB	51	d	785	787	794	798	801	803	807	812	815	819	823	827	834	838	843	846	850	856	859	862	866	871	885	/
2A_SB	52	a	793	795	803	806	810	813	816	822	825	829	832	835	843	847	852	856	861	866	868	871	876	879	892	898
2A_SB	52	d	794	796	804	808	812	814	817	823	827	830	833	837	844	848	854	858	862	867	869	873	877	880	893	/
2A_SB	53	a	806	809	817	821	826	828	832	839	843	847	851	855	860	864	869	872	876	882	884	888	891	895	909	914
2A_SB	53	d	807	810	819	823	827	830	833	841	845	848	853	856	862	865	870	873	877	883	886	889	893	896	910	/
2A_SB	54	a	817	820	828	833	838	841	846	853	856	859	864	867	872	876	883	888	892	899	902	906	910	913	926	933
2A_SB	54	d	818	821	830	835	840	843	848	854	857	861	865	868	873	878	885	889	894	900	904	907	911	915	928	/
2A_SB	55	a	831	833	840	844	848	851	855	861	865	868	872	876	882	886	893	897	902	909	913	918	923	926	939	945
2A_SB	55	d	832	834	841	845	850	852	857	863	866	870	874	878	883	888	894	899	904	911	915	920	924	928	940	/
2A_SB	56	a	849	852	859	864	869	871	875	881	883	887	892	896	903	906	912	916	920	927	930	934	938	941	954	960
2A_SB	56	d	850	853	861	866	870	872	876	882	885	889	894	898	904	907	913	917	921	928	931	935	939	942	955	/
2A_SB	57	a	863	865	873	878	883	885	890	896	898	901	905	908	914	917	924	927	932	937	941	946	950	954	967	973
2A_SB	57	d	864	867	875	880	884	887	891	897	899	902	906	909	915	919	925	929	933	939	943	947	951	956	969	/
2A_SB	58	a	887	889	896	899	903	905	909	915	918	922	925	928	934	938	945	949	954	961	964	967	971	975	987	992
2A_SB	58	d	888	891	897	900	904	906	911	916	920	923	926	929	935	940	947	951	956	962	965	969	972	976	988	/
2A_SB	59	a	908	910	918	922	925	927	932	938	940	943	948	952	958	962	967	970	974	980	983	987	990	993	1006	1011
2A_SB	59	d	909	911	920	923	926	929	933	939	941	945	950	954	959	963	968	971	976	981	985	988	991	994	1007	/
2A_SB	60	a	918	920	929	933	936	938	941	947	950	954	959	963	968	973	981	986	990	995	998	1001	1006	1010	1023	1029
2A_SB	60	d	919	921	930	934	937	939	942	948	952	956	961	964	970	975	983	987	991	996	999	1003	1008	1012	1025	/
2A_SB	61	a	933	936	944	947	950	952	956	964	967	970	973	978	985	988	995	1000	1005	1011	1014	1018	1021	1025	1038	1043
2A_SB	61	d	934	938	945	948	951	953	958	965	968	971	975	980	986	989	997	1002	1006	1013	1015	1019	1023	1026	1039	/
2A_SB	62	a	954	956	963	966	971	973	977	983	987	990	993	996	1002	1006	1011	1016	1021	1028	1031	1034	1038	1042	1053	1058
2A_SB	62	d	955	958	964	968	972	975	979	985	988	991	994	997	1003	1007	1013	1018	1022	1029	1032	1036	1039	1043	1054	/
2A_SB	63	a	963	965	974	979	983	985	989	995	997	1000	1003	1008	1014	1019	1024	1027	1031	1039	1041	1045	1049	1052	1063	1069
2A_SB	63	d	964	967	976	981	984	987	990	996	998	1001	1005	1010	1016	1020	1025	1029	1033	1040	1042	1047	1050	1054	1065	/
2A_SB	64	a	977	979	986	990	995	999	1002	1009	1012	1015	1020	1023	1029	1032	1037	1040	1043	1050	1054	1058	1062	1066	1080	1087
2A_SB	64	d	978	980	987	992	997	1000	1004	1010	1013	1017	1021	1024	1030	1033	1038	1041	1045	1052	1055	1059	1064	1068	1082	/
3A_SB	1	a	29	35	42	46	50	55	58	62	66	71	73	75	78	81	86	90	93	97
3A_SB	1	d	30	37	44	47	52	57	60	64	68	72	74	76	79	83	87	91	95	/
3A_SB	2	a	39	45	52	55	59	64	67	70	74	78	81	84	87	90	94	98	101	104
3A_SB	2	d	40	47	53	56	61	66	68	72	76	79	82	85	88	91	95	99	102	/
3A_SB	3	a	65	71	77	80	84	88	90	93	98	103	105	108	112	115	118	121	124	127
3A_SB	3	d	66	72	78	82	86	89	92	95	100	104	106	109	113	116	119	122	125	/
3A_SB	4	a	72	78	85	88	91	96	100	102	106	110	113	116	120	123	127	131	134	138
3A_SB	4	d	73	79	86	89	93	98	101	103	107	112	114	117	121	125	129	132	135	/
3A_SB	5	a	85	91	96	100	103	107	109	111	114	118	120	123	127	130	133	138	143	147
3A_SB	5	d	86	92	97	101	105	108	110	112	115	119	121	124	128	131	135	140	144	/
3A_SB	6	a	91	97	102	106	109	112	114	117	120	124	126	129	133	136	140	145	149	152
3A_SB	6	d	92	98	103	107	110	113	116	118	122	125	127	130	134	137	142	146	150	/
3A_SB	7	a	100	106	113	117	120	123	126	130	134	138	140	144	148	151	155	159	162	165
3A_SB	7	d	101	108	114	118	121	124	128	132	136	139	142	146	149	153	156	160	163	/
3A_SB	8	a	122	127	134	138	141	145	147	150	154	159	161	164	167	170	174	178	183	187
3A_SB	8	d	123	129	136	139	142	146	148	151	156	160	162	165	168	171	175	180	184	/
3A_SB	9	a	128	133	140	144	147	152	155	159	164	169	171	173	176	180	184	187	191	195
3A_SB	9	d	129	135	142	145	149	154	157	161	166	170	172	174	178	181	185	188	192	/
3A_SB	10	a	140	146	153	156	160	164	167	171	176	181	183	186	190	194	198	201	204	209
3A_SB	10	d	141	148	154	157	161	165	169	173	178	182	184	187	191	195	199	202	206	/
3A_SB	11	a	158	163	169	172	175	180	183	187	192	197	200	202	206	210	214	218	221	226
3A_SB	11	d	159	164	170	173	177	182	185	189	194	198	201	203	207	211	215	219	223	/
3A_SB	12	a	178	184	190	195	199	202	206	209	212	217	219	221	225	229	233	237	240	243
3A_SB	12	d	179	185	192	197	200	204	207	210	214	218	220	222	226	230	234	238	241	/
3A_SB	13	a	194	200	206	209	213	216	220	223	228	233	235	237	241	245	249	254	257	260
3A_SB	13	d	195	202	207	211	214	218	221	225	230	234	236	238	242	246	251	255	258	/
3A_SB	14	a	219	224	231	235	239	242	244	246	250	254	256	258	261	264	267	271	274	278
3A_SB	14	d	220	226	233	236	240	243	245	247	251	255	257	259	262	265	269	272	276	/
3A_SB	15	a	235	241	248	251	255	259	261	263	268	272	275	279	284	288	293	296	299	303
3A_SB	15	d	236	243	249	253	257	260	262	265	269	274	277	281	286	290	294	297	301	/
3A_SB	16	a	245	252	258	261	264	268	271	274	278	283	286	288	293	296	300	303	308	312
3A_SB	16	d	246	253	259	262	266	270	272	276	280	285	287	290	294	297	301	305	310	/
3A_SB	17	a	256	261	267	271	276	279	281	284	288	293	295	297	301	304	309	312	316	319
3A_SB	17	d	257	263	269	273	277	280	282	286	290	294	296	298	302	305	310	313	317	/
3A_SB	18	a	268	273	279	283	287	292	295	298	303	307	309	312	316	319	323	327	331	335
3A_SB	18	d	269	274	280	284	289	294	297	300	304	308	310	313	317	320	324	329	332	/
3A_SB	19	a	277	283	289	294	298	303	306	310	314	318	320	323	327	330	333	337	340	344
3A_SB	19	d	278	284	291	296	300	304	308	311	316	319	321	324	328	331	334	338	341	/
3A_SB	20	a	302	308	315	319	323	326	328	331	335	339	342	344	348	351	355	359	362	365
3A_SB	20	d	303	310	316	320	324	327	329	333	337	340	343	345	349	352	356	360	363	/
3A_SB	21	a	314	320	326	330	334	339	343	346	349	353	356	358	362	366	370	373	376	379
3A_SB	21	d	315	321	327	332	336	341	344	347	350	354	357	359	363	367	371	374	377	/
3A_SB	22	a	322	328	334	339	342	346	349	352	355	359	361	363	367	371	375	379	382	386
3A_SB	22	d	323	329	336	340	343	347	350	353	356	360	362	364	368	372	377	380	384	/
3A_SB	23	a	327	333	339	344	347	352	355	358	361	366	368	370	374	377	381	385	388	392
3A_SB	23	d	328	335	341	345	349	353	356	359	363	367	369	371	375	378	383	386	390	/
3A_SB	24	a	349	355	361	364	368	373	377	381	386	391	393	396	399	404	408	412	415	418
3A_SB	24	d	350	357	362	365	370	375	379	383	388	392	395	397	401	405	410	413	416	/
3A_SB	25	a	372	378	385	389	393	397	401	405	410	415	417	419	422	425	429	432	436	440
3A_SB	25	d	373	380	386	391	395	399	403	407	412	416	418	420	423	426	430	433	437	/
3A_SB	26	a	398	403	409	413	416	420	422	425	428	431	433	435	438	441	445	450	453	456
3A_SB	26	d	399	404	411	414	417	421	423	426	429	432	434	436	439	442	447	451	454	/
3A_SB	27	a	404	409	416	419	424	427	429	432	435	439	441	443	446	449	453	456	459	462
3A_SB	27	d	405	411	417	421	425	428	430	433	436	440	442	444	447	450	454	457	460	/
3A_SB	28	a	419	425	432	436	440	444	446	448	451	456	458	461	465	468	472	476	480	483
3A_SB	28	d	420	427	434	438	441	445	447	449	453	457	459	462	466	469	473	477	481	/
3A_SB	29	a	425	431	438	442	445	449	452	455	458	462	464	466	470	473	478	482	485	488
3A_SB	29	d	426	433	439	443	446	450	453	456	459	463	465	467	471	475	479	483	486	/
3A_SB	30	a	442	447	453	457	460	463	466	468	471	474	476	478	482	485	489	493	496	499
3A_SB	30	d	443	449	455	458	461	464	467	469	472	475	477	479	483	486	491	494	497	/
3A_SB	31	a	461	467	475	478	482	486	489	493	497	501	504	506	510	513	516	520	524	527
3A_SB	31	d	462	469	476	480	484	488	491	495	499	503	505	507	511	514	518	522	525	/
3A_SB	32	a	491	496	503	507	511	516	519	523	527	532	534	536	540	543	547	550	553	557
3A_SB	32	d	492	497	505	508	513	517	521	525	529	533	535	537	541	544	548	551	555	/
3A_SB	33	a	501	506	514	519	523	527	529	532	536	541	543	546	550	553	557	560	563	566
3A_SB	33	d	502	508	516	521	524	528	530	534	538	542	544	547	551	554	558	561	564	/
3A_SB	34	a	521	526	532	535	539	543	546	550	554	559	561	563	567	571	575	578	582	586
3A_SB	34	d	522	527	533	537	541	545	548	552	556	560	562	564	568	572	576	579	584	/
3A_SB	35	a	535	540	546	550	554	558	562	565	568	572	574	576	580	583	587	590	593	596
3A_SB	35	d	536	541	548	552	555	560	563	566	570	573	575	577	581	584	588	591	594	/
3A_SB	36	a	540	546	552	556	561	566	569	572	576	580	583	585	590	595	599	603	608	612
3A_SB	36	d	541	547	554	558	563	567	570	573	578	582	584	587	592	596	600	605	610	/
3A_SB	37	a	546	552	559	563	568	572	576	579	584	589	592	594	598	602	606	610	614	617
3A_SB	37	d	547	554	561	565	569	574	577	581	586	591	593	595	600	603	607	611	615	/
3A_SB	38	a	556	561	569	574	577	581	585	587	592	596	598	600	603	607	612	617	620	624
3A_SB	38	d	557	563	571	575	578	583	586	589	593	597	599	601	605	609	614	618	622	/
3A_SB	39	a	580	585	591	594	597	601	605	609	612	616	619	622	626	630	635	638	642	647
3A_SB	39	d	581	587	592	595	599	603	607	610	613	618	620	624	628	632	636	639	644	/
3A_SB	40	a	589	595	601	604	608	613	616	619	622	625	628	631	636	639	643	646	650	653
3A_SB	40	d	590	597	602	605	610	615	617	620	623	627	629	633	637	640	644	648	651	/
3A_SB	41	a	596	602	609	612	617	622	624	628	631	634	636	639	644	649	653	657	660	664
3A_SB	41	d	597	604	610	614	619	623	626	629	632	635	637	641	646	651	655	658	662	/
3A_SB	42	a	623	629	636	640	643	646	650	653	658	663	666	669	674	678	682	686	689	693
3A_SB	42	d	624	631	638	641	644	648	651	655	660	664	667	671	675	680	683	687	691	/
3A_SB	43	a	649	655	662	667	671	675	678	681	684	689	693	696	701	704	709	713	717	722
3A_SB	43	d	650	657	664	668	673	677	679	682	686	691	695	698	702	706	711	714	719	/
3A_SB	44	a	664	671	677	681	686	690	693	696	699	703	706	709	713	717	722	726	730	733
3A_SB	44	d	665	672	679	683	687	692	694	697	700	705	708	710	715	719	724	728	731	/
3A_SB	45	a	679	685	692	696	701	704	708	711	714	718	720	724	727	731	735	739	742	746
3A_SB	45	d	680	687	694	698	702	706	709	712	716	719	722	725	728	732	737	740	744	/
3A_SB	46	a	706	712	718	721	725	728	732	735	739	743	745	747	751	755	760	763	767	770
3A_SB	46	d	707	713	719	722	726	730	733	737	741	744	746	749	753	757	761	765	768	/
3A_SB	47	a	717	723	730	734	737	741	744	746	750	754	757	760	763	767	771	775	779	782
3A_SB	47	d	718	724	732	735	738	743	745	748	751	756	758	761	765	768	772	777	780	/
3A_SB	48	a	732	737	744	748	752	757	760	763	766	770	772	774	779	783	787	790	793	796
3A_SB	48	d	733	739	745	750	754	759	762	764	767	771	773	776	780	785	788	791	794	/
3A_SB	49	a	742	747	753	757	761	765	767	771	775	780	782	785	789	793	796	800	804	808
3A_SB	49	d	743	748	755	759	762	766	769	773	777	781	784	786	790	794	798	802	806	/
3A_SB	50	a	749	754	762	765	770	774	776	779	782	786	789	791	795	799	802	806	810	813
3A_SB	50	d	750	756	763	767	771	775	777	780	783	788	790	792	796	800	804	808	811	/
3A_SB	51	a	774	780	788	792	795	798	800	803	807	812	816	818	822	827	830	834	839	844
3A_SB	51	d	775	782	789	793	796	799	801	804	809	814	817	819	824	828	831	836	841	/
3A_SB	52	a	798	803	812	817	820	824	826	830	834	838	841	843	846	850	854	857	861	865
3A_SB	52	d	799	805	814	818	821	825	828	832	835	840	842	844	848	852	855	859	863	/
3A_SB	53	a	825	831	838	842	846	850	852	854	859	863	865	867	871	874	877	881	885	889
3A_SB	53	d	826	833	840	844	848	851	853	856	860	864	866	868	872	875	878	883	887	/
3A_SB	54	a	833	839	845	849	853	858	862	865	869	873	876	879	883	887	892	897	901	905
3A_SB	54	d	834	840	847	851	855	860	864	866	871	875	878	880	885	889	894	899	902	/
3A_SB	55	a	849	855	862	867	870	874	876	879	883	888	890	892	897	901	906	909	912	916
3A_SB	55	d	850	856	864	868	871	875	878	881	885	889	891	894	899	903	907	910	913	/
3A_SB	56	a	856	861	868	872	877	881	884	887	891	896	898	900	903	908	913	916	920	924
3A_SB	56	d	857	862	869	874	878	883	885	888	893	897	899	901	905	910	914	918	922	/
3A_SB	57	a	870	876	881	884	887	890	893	897	902	906	908	911	914	918	921	924	928	932
3A_SB	57	d	871	877	882	885	888	891	895	899	903	907	909	912	915	919	922	926	930	/
3A_SB	58	a	881	887	893	897	901	906	909	912	917	921	923	927	931	935	938	943	948	952
3A_SB	58	d	882	889	895	899	903	908	910	914	918	922	925	929	933	936	940	945	950	/
3A_SB	59	a	905	910	916	920	923	926	928	932	935	939	941	943	946	950	953	957	961	965
3A_SB	59	d	906	912	918	921	924	927	930	933	936	940	942	944	948	951	955	958	962	/
3A_SB	60	a	915	921	927	930	934	937	939	943	947	950	953	956	960	964	968	973	977	980
3A_SB	60	d	916	923	928	931	935	938	941	945	948	952	955	957	962	966	970	974	978	/
3A_SB	61	a	933	939	946	949	953	957	959	963	968	972	975	977	982	986	990	994	998	1003
3A_SB	61	d	934	941	947	951	955	958	961	965	969	974	976	979	983	987	991	995	1000	/
3A_SB	62	a	954	960	967	970	974	979	983	986	989	992	994	997	1001	1006	1010	1015	1019	1024
3A_SB	62	d	955	962	968	971	976	981	985	987	990	993	996	999	1003	1008	1012	1016	1021	/
3A_SB	63	a	974	980	987	991	994	999	1002	1005	1009	1013	1015	1018	1023	1026	1031	1035	1039	1043
3A_SB	63	d	975	982	989	992	996	1000	1003	1007	1011	1014	1016	1020	1024	1028	1032	1037	1041	/
3A_SB	64	a	997	1003	1010	1015	1018	1022	1024	1028	1031	1036	1039	1042	1046	1051	1054	1057	1060	1064
3A_SB	64	d	998	1005	1012	1016	1020	1023	1026	1029	1033	1038	1041	1043	1048	1052	1055	1058	1062	/
3A_NB	1	a	9	13	16	20	23	28	31	35	40	43	45	50	53	57	61	64	69	74	81
3A_NB	1	d	10	14	18	21	25	29	32	37	41	44	47	51	55	59	62	66	70	76	/
3A_NB	2	a	39	43	46	49	52	55	59	62	66	70	73	78	82	85	88	90	94	99	106
3A_NB	2	d	40	44	47	50	53	57	60	63	67	72	75	80	83	86	89	91	95	101	/
3A_NB	3	a	58	62	67	70	73	76	80	84	87	92	94	98	103	107	112	115	121	127	133
3A_NB	3	d	59	64	69	71	74	77	81	85	89	93	95	100	104	109	113	117	122	128	/
3A_NB	4	a	66	69	73	76	79	83	88	93	97	102	104	110	114	118	123	127	132	139	146
3A_NB	4	d	67	70	75	77	81	85	90	95	99	103	106	111	115	120	125	128	134	141	/
3A_NB	5	a	80	83	86	88	91	96	99	103	106	111	113	119	123	128	133	137	143	150	157
3A_NB	5	d	81	84	87	89	93	97	100	104	108	112	115	121	125	130	135	139	145	152	/
3A_NB	6	a	99	102	105	108	112	117	121	126	130	134	136	142	146	149	154	158	162	169	175
3A_NB	6	d	100	103	106	110	114	119	123	128	131	135	138	143	147	151	156	159	164	170	/
3A_NB	7	a	119	122	126	128	131	135	138	142	146	151	155	160	164	169	173	177	181	187	193
3A_NB	7	d	120	123	127	129	133	136	139	144	148	153	156	161	166	170	175	178	183	189	/
3A_NB	8	a	128	131	136	139	142	147	150	154	158	162	165	169	173	177	181	185	189	195	201
3A_NB	8	d	129	133	137	140	144	148	151	155	159	163	166	170	174	178	183	186	191	196	/
3A_NB	9	a	140	143	147	151	154	157	160	164	169	173	177	181	185	188	192	195	200	205	211
3A_NB	9	d	141	145	149	152	155	158	161	166	170	175	178	182	186	190	193	197	201	206	/
3A_NB	10	a	146	149	154	157	161	164	168	172	177	181	184	189	193	197	200	202	206	211	217
3A_NB	10	d	147	151	156	159	162	166	169	174	178	182	186	190	195	198	201	203	207	212	/
3A_NB	11	a	155	158	162	165	168	172	175	180	184	189	192	197	200	204	208	210	215	220	227
3A_NB	11	d	156	159	164	166	170	173	177	181	186	190	194	198	202	206	209	212	216	222	/
3A_NB	12	a	175	178	182	185	189	194	198	201	205	209	212	218	222	225	229	232	236	241	247
3A_NB	12	d	176	180	184	187	191	195	199	202	206	210	214	219	223	226	230	233	237	242	/
3A_NB	13	a	190	193	197	201	205	210	215	219	224	229	232	237	240	245	250	252	258	264	270
3A_NB	13	d	191	195	199	203	207	212	216	221	226	230	233	238	242	247	251	254	260	265	/
3A_NB	14	a	203	207	211	214	218	222	226	231	236	240	243	249	254	257	261	265	270	275	281
3A_NB	14	d	204	209	213	216	220	223	228	233	237	241	244	251	255	258	263	266	271	276	/
3A_NB	15	a	215	218	223	225	228	232	237	242	247	251	254	260	264	267	271	274	278	283	289
3A_NB	15	d	216	220	224	227	230	234	239	244	248	252	256	261	265	268	273	275	279	284	/
3A_NB	16	a	222	225	229	233	235	238	242	247	252	257	260	266	270	275	278	280	284	289	296
3A_NB	16	d	223	227	231	234	236	239	244	249	254	259	262	267	272	276	279	281	285	291	/
3A_NB	17	a	236	239	243	245	249	252	257	261	265	269	272	278	282	286	290	293	298	304	309
3A_NB	17	d	237	241	244	247	250	254	258	263	267	270	274	279	283	288	291	295	300	305	/
3A_NB	18	a	251	255	259	262	266	270	274	278	283	288	291	296	299	302	306	310	314	321	326
3A_NB	18	d	252	257	261	264	268	272	275	280	285	290	293	297	300	304	308	311	316	322	/
3A_NB	19	a	266	269	272	275	277	281	285	290	295	300	303	307	310	313	318	321	326	333	339
3A_NB	19	d	267	270	274	276	278	283	287	292	297	302	304	308	311	315	320	323	328	335	/
3A_NB	20	a	278	282	286	289	292	295	300	304	309	313	315	321	325	329	334	338	342	347	353
3A_NB	20	d	279	284	287	291	293	297	301	306	311	314	317	322	327	331	336	339	343	349	/
3A_NB	21	a	296	300	304	307	310	313	317	322	326	330	333	338	341	344	347	350	355	361	367
3A_NB	21	d	297	301	305	308	311	314	319	323	328	331	335	339	342	345	348	352	357	362	/
3A_NB	22	a	304	307	312	315	318	323	328	333	338	341	345	351	356	359	363	367	373	379	385
3A_NB	22	d	305	309	313	317	320	325	330	335	339	343	347	353	357	361	365	369	375	380	/
3A_NB	23	a	322	325	329	332	336	341	344	348	353	357	361	366	370	373	377	379	383	388	394
3A_NB	23	d	323	327	331	334	338	342	345	350	354	359	363	367	371	375	378	380	384	389	/
3A_NB	24	a	352	355	360	362	365	369	373	377	380	385	388	392	397	400	403	405	409	415	421
3A_NB	24	d	353	357	361	363	367	371	375	378	382	386	389	393	398	401	404	406	410	417	/
3A_NB	25	a	374	377	381	385	388	391	395	400	404	408	410	416	421	425	429	432	438	443	449
3A_NB	25	d	375	379	383	386	389	393	397	402	405	409	412	418	423	427	430	434	439	444	/
3A_NB	26	a	389	392	396	399	403	406	410	414	419	424	427	433	437	441	446	450	454	460	467
3A_NB	26	d	390	394	398	401	404	407	412	416	421	426	429	434	438	443	448	451	456	462	/
3A_NB	27	a	396	399	403	405	409	414	419	423	428	432	434	439	444	449	452	455	460	465	472
3A_NB	27	d	397	401	404	407	411	416	421	425	429	433	436	441	446	450	453	457	461	467	/
3A_NB	28	a	417	420	424	426	429	434	437	441	444	449	452	457	461	464	468	470	475	482	488
3A_NB	28	d	418	421	425	427	431	435	439	442	446	450	453	458	462	465	469	472	477	484	/
3A_NB	29	a	439	442	446	448	452	456	461	466	470	474	476	482	487	492	496	499	503	509	514
3A_NB	29	d	440	443	447	450	454	458	463	468	471	475	478	484	489	493	498	500	505	510	/
3A_NB	30	a	452	456	460	464	466	469	472	477	481	485	488	494	497	502	506	509	515	521	526
3A_NB	30	d	453	458	462	465	467	470	474	479	482	486	490	495	499	504	508	511	516	522	/
3A_NB	31	a	462	466	471	473	475	478	481	486	489	494	497	501	504	508	513	517	522	529	534
3A_NB	31	d	463	468	472	474	476	479	483	487	491	495	498	502	505	510	515	518	524	530	/
3A_NB	32	a	473	477	482	485	488	492	496	499	504	509	511	516	520	523	527	530	536	542	549
3A_NB	32	d	474	479	483	486	489	493	497	501	506	510	512	517	521	524	528	532	537	544	/
3A_NB	33	a	500	503	507	510	513	517	521	526	529	534	537	542	546	550	553	556	560	566	572
3A_NB	33	d	501	504	508	512	514	519	523	527	531	536	538	543	547	551	554	557	561	567	/
3A_NB	34	a	520	523	527	529	531	536	540	545	548	552	555	559	563	567	572	576	581	587	594
3A_NB	34	d	521	524	528	530	533	537	542	546	549	553	556	560	565	569	574	578	582	589	/
3A_NB	35	a	531	534	539	542	545	550	555	559	562	565	568	573	577	580	583	586	592	597	604
3A_NB	35	d	532	536	541	544	547	552	556	560	563	567	570	574	578	581	584	588	593	599	/
3A_NB	36	a	559	562	566	568	570	574	578	582	586	590	593	598	603	606	609	612	617	624	631
3A_NB	36	d	560	564	567	569	572	575	579	584	587	591	595	600	604	607	610	613	619	625	/
3A_NB	37	a	570	573	576	578	582	585	590	594	599	602	605	610	615	619	624	628	635	642	647
3A_NB	37	d	571	574	577	580	583	587	591	596	600	603	607	612	617	621	626	630	637	643	/
3A_NB	38	a	587	591	595	598	602	607	610	614	617	622	625	631	635	638	643	647	652	658	663
3A_NB	38	d	588	593	597	600	604	608	612	615	619	624	627	633	636	640	645	648	654	659	/
3A_NB	39	a	609	612	617	620	623	626	631	635	640	643	647	654	658	662	666	669	673	679	685
3A_NB	39	d	610	614	619	622	624	628	632	637	641	645	649	655	660	664	667	670	674	680	/
3A_NB	40	a	634	638	642	644	647	651	655	659	664	669	671	677	681	684	688	691	696	701	706
3A_NB	40	d	635	639	643	645	649	652	656	661	666	670	673	679	682	685	689	693	697	702	/
3A_NB	41	a	640	644	648	652	655	659	663	668	673	677	679	684	688	692	696	700	705	711	717
3A_NB	41	d	641	646	650	653	657	660	665	670	674	678	680	686	690	694	698	702	707	713	/
3A_NB	42	a	661	664	668	670	673	676	680	685	690	694	697	701	705	708	712	716	721	727	732
3A_NB	42	d	662	665	669	671	674	678	682	687	692	695	698	703	706	710	714	717	723	728	/
3A_NB	43	a	667	670	674	677	680	683	686	691	695	699	703	709	713	716	720	723	727	733	738
3A_NB	43	d	668	671	676	679	681	684	688	692	697	701	705	710	714	718	721	724	729	734	/
3A_NB	44	a	677	680	684	686	688	691	695	699	704	708	711	716	721	725	729	733	739	744	750
3A_NB	44	d	678	682	685	687	689	693	696	701	706	710	712	718	722	727	731	735	741	746	/
3A_NB	45	a	693	697	701	705	708	712	716	721	725	728	731	737	741	745	749	753	757	762	768
3A_NB	45	d	694	698	703	707	709	713	718	723	726	730	733	739	743	747	751	754	758	763	/
3A_NB	46	a	717	721	724	727	730	735	739	744	749	753	757	761	765	769	772	776	781	787	793
3A_NB	46	d	718	722	726	728	732	736	741	746	750	755	758	762	767	770	774	777	783	789	/
3A_NB	47	a	731	734	738	741	745	749	753	757	760	764	767	771	775	779	782	785	789	795	800
3A_NB	47	d	732	736	740	743	747	750	754	758	761	766	768	772	777	780	783	786	791	796	/
3A_NB	48	a	738	742	746	748	751	755	760	764	767	771	774	779	784	789	793	796	800	805	811
3A_NB	48	d	739	744	747	749	753	757	761	765	768	773	776	781	786	791	795	797	801	807	/
3A_NB	49	a	757	761	766	769	773	777	780	783	787	791	793	798	802	806	809	813	818	824	830
3A_NB	49	d	758	763	768	771	775	778	781	784	788	792	794	799	803	807	811	814	820	826	/
3A_NB	50	a	772	775	778	780	784	787	790	794	798	802	804	808	812	816	819	823	828	834	840
3A_NB	50	d	773	776	779	782	785	788	792	796	799	803	805	809	814	817	821	824	829	836	/
3A_NB	51	a	780	784	789	793	796	800	803	807	810	815	818	823	828	833	836	839	844	849	854
3A_NB	51	d	781	786	791	795	798	801	805	808	812	817	820	825	830	834	837	840	845	850	/
3A_NB	52	a	809	813	817	820	823	826	830	835	838	843	845	850	854	858	863	867	872	878	885
3A_NB	52	d	810	815	819	822	824	828	832	836	840	844	846	851	856	860	865	869	873	880	/
3A_NB	53	a	820	824	828	830	832	836	840	845	849	853	855	860	864	868	872	876	881	888	894
3A_NB	53	d	821	826	829	831	834	838	842	846	850	854	856	861	866	869	874	878	883	890	/
3A_NB	54	a	840	844	849	852	856	860	865	870	874	878	880	886	890	894	897	901	906	912	918
3A_NB	54	d	841	846	851	854	858	862	867	872	875	879	882	887	891	895	899	902	908	913	/
3A_NB	55	a	852	856	861	863	867	870	875	879	882	886	889	894	898	902	906	909	915	922	927
3A_NB	55	d	853	858	862	865	868	872	876	880	883	887	891	895	899	904	908	911	917	923	/
3A_NB	56	a	861	865	870	873	877	882	887	891	896	899	902	907	911	914	918	921	927	933	940
3A_NB	56	d	862	867	872	875	879	884	888	893	897	901	904	908	912	915	919	923	928	935	/
3A_NB	57	a	887	890	894	897	900	903	907	910	913	918	921	926	931	934	938	942	946	952	957
3A_NB	57	d	888	891	896	898	901	904	908	911	915	920	922	928	932	936	940	943	948	953	/
3A_NB	58	a	911	914	917	920	923	926	930	935	939	944	947	951	955	959	963	967	972	978	984
3A_NB	58	d	912	915	919	921	924	928	932	937	941	946	948	952	956	961	965	969	974	979	/
3A_NB	59	a	928	932	935	938	940	944	947	951	954	957	960	966	970	974	978	980	984	990	995
3A_NB	59	d	929	933	937	939	942	945	949	952	955	959	962	967	972	976	979	981	986	991	/
3A_NB	60	a	949	952	955	957	960	964	968	972	976	981	984	989	994	999	1003	1006	1010	1016	1022
3A_NB	60	d	950	953	956	958	961	965	969	973	978	982	986	991	996	1000	1004	1007	1011	1018	/
3A_NB	61	a	958	961	965	968	972	977	981	985	988	993	996	1001	1006	1009	1014	1018	1024	1031	1038
3A_NB	61	d	959	963	967	970	974	979	983	986	990	995	998	1003	1007	1011	1016	1020	1026	1033	/
3A_NB	62	a	972	975	980	984	988	992	995	998	1001	1006	1008	1012	1015	1018	1022	1025	1031	1038	1043
3A_NB	62	d	973	977	982	986	989	993	996	999	1003	1007	1009	1013	1016	1019	1023	1027	1033	1039	/
3A_NB	63	a	984	987	991	994	996	1000	1003	1008	1011	1015	1017	1022	1025	1028	1031	1034	1038	1044	1050
3A_NB	63	d	985	988	992	995	997	1001	1005	1009	1012	1016	1019	1023	1026	1029	1032	1035	1039	1046	/
3A_NB	64	a	997	1000	1004	1007	1010	1014	1018	1022	1026	1031	1034	1040	1044	1048	1053	1055	1060	1067	1074
3A_NB	64	d	998	1002	1006	1008	1011	1015	1019	1023	1028	1032	1036	1042	1046	1050	1054	1057	1062	1069	/
