RouteID	RunID	Arrivals/Departures	TimePerStop
1A_SB	1	a	18	24	31	34	38	44	48	52	55	58	62	65	68	79	84	87
1A_SB	1	d	19	25	32	36	39	46	49	53	56	59	63	66	70	80	85	/
1A_SB	2	a	36	42	51	53	58	63	67	72	75	78	82	86	90	100	106	109
1A_SB	2	d	37	43	52	55	59	65	69	73	76	80	84	88	91	102	107	/
1A_SB	3	a	49	55	64	68	73	78	81	85	89	93	97	101	104	115	119	124
1A_SB	3	d	50	56	66	70	74	80	82	86	91	95	99	102	105	116	121	/
1A_SB	4	a	59	65	75	77	81	86	88	92	96	100	103	106	109	121	127	131
1A_SB	4	d	60	67	76	78	82	87	89	94	98	101	104	107	111	123	128	/
1A_SB	5	a	76	82	90	92	97	103	106	111	114	117	120	123	127	137	143	147
1A_SB	5	d	77	84	91	94	99	105	108	112	115	118	121	124	129	139	145	/
1A_SB	6	a	85	91	99	102	107	114	117	122	126	130	134	138	143	152	157	162
1A_SB	6	d	86	92	101	104	109	116	119	124	128	132	136	140	145	153	159	/
1A_SB	7	a	95	102	110	113	117	124	127	133	136	141	145	148	152	161	166	170
1A_SB	7	d	96	103	112	114	119	126	129	134	138	143	146	149	154	162	168	/
1A_SB	8	a	100	107	118	122	126	133	135	140	145	149	152	157	162	170	176	179
1A_SB	8	d	101	109	120	124	128	134	137	142	146	150	154	159	163	172	177	/
1A_SB	9	a	118	124	134	137	142	148	150	154	158	162	165	169	172	182	187	192
1A_SB	9	d	119	125	136	139	144	149	151	156	159	163	166	170	174	183	189	/
1A_SB	10	a	134	139	147	150	154	160	164	170	173	177	181	185	188	200	205	209
1A_SB	10	d	135	141	149	152	156	162	166	171	174	179	183	186	190	201	207	/
1A_SB	11	a	163	169	177	179	182	187	189	193	197	200	204	207	212	221	228	232
1A_SB	11	d	164	171	178	180	183	188	190	194	198	202	205	209	214	223	229	/
1A_SB	12	a	172	178	187	190	193	200	203	209	214	218	221	225	229	238	244	248
1A_SB	12	d	173	180	189	191	195	201	205	211	215	219	223	227	230	239	245	/
1A_SB	13	a	181	186	194	197	200	206	209	214	219	224	228	232	235	245	251	255
1A_SB	13	d	182	187	196	198	201	207	210	216	221	226	229	233	237	247	252	/
1A_SB	14	a	195	202	212	215	218	225	228	233	236	239	242	246	250	259	264	268
1A_SB	14	d	196	204	213	216	219	226	229	234	237	240	243	247	251	260	265	/
1A_SB	15	a	200	207	217	220	223	230	234	240	245	248	252	256	260	270	275	279
1A_SB	15	d	201	209	218	221	224	232	236	242	246	250	253	258	261	272	276	/
1A_SB	16	a	222	228	239	241	245	251	254	259	263	267	271	275	279	288	294	299
1A_SB	16	d	223	230	240	242	247	252	255	260	265	268	273	277	280	290	296	/
1A_SB	17	a	238	245	254	256	259	264	268	274	279	282	285	289	292	300	306	310
1A_SB	17	d	240	247	255	257	260	266	270	276	280	283	286	290	293	302	307	/
1A_SB	18	a	246	253	263	265	268	275	278	284	288	292	295	299	303	313	318	322
1A_SB	18	d	248	255	264	266	270	277	280	286	290	293	296	300	305	314	320	/
1A_SB	19	a	252	259	269	272	276	282	285	291	295	299	304	308	312	322	327	330
1A_SB	19	d	254	261	271	274	277	284	287	293	297	301	306	309	314	323	328	/
1A_SB	20	a	265	271	280	283	286	292	295	300	304	308	313	317	320	330	337	341
1A_SB	20	d	266	272	282	284	288	293	296	301	306	310	315	318	322	332	338	/
1A_SB	21	a	279	285	292	295	298	303	305	309	314	318	322	326	329	337	344	348
1A_SB	21	d	280	286	293	296	299	304	306	311	316	319	324	327	330	339	346	/
1A_SB	22	a	284	290	297	300	304	310	312	316	321	325	329	333	338	346	353	357
1A_SB	22	d	285	291	298	301	305	311	313	318	323	326	330	335	339	348	355	/
1A_SB	23	a	308	315	323	325	329	335	337	342	345	348	353	358	363	375	382	386
1A_SB	23	d	309	317	324	327	330	336	338	343	346	350	355	360	365	377	384	/
1A_SB	24	a	330	336	346	348	352	357	361	367	372	375	378	381	385	394	400	405
1A_SB	24	d	331	338	347	350	353	359	363	369	373	376	379	382	387	395	402	/
1A_SB	25	a	338	344	353	355	359	365	367	372	377	380	384	388	392	400	406	411
1A_SB	25	d	339	345	354	357	361	366	368	374	378	382	386	390	393	401	408	/
1A_SB	26	a	354	361	370	372	376	382	386	391	396	401	405	410	415	424	430	434
1A_SB	26	d	355	362	371	374	378	384	387	392	398	403	407	412	417	426	431	/
1A_SB	27	a	370	375	384	387	390	396	398	404	409	412	417	421	425	434	440	444
1A_SB	27	d	371	377	386	388	392	397	400	406	410	414	418	423	427	436	441	/
1A_SB	28	a	380	386	394	396	400	406	410	415	420	423	428	433	437	447	452	457
1A_SB	28	d	381	387	395	398	402	408	411	417	421	424	430	435	439	448	454	/
1A_SB	29	a	390	396	405	409	412	418	421	426	430	434	439	443	447	456	462	466
1A_SB	29	d	391	398	407	410	413	419	422	428	432	436	440	445	448	458	463	/
1A_SB	30	a	401	407	416	419	423	430	433	438	441	446	451	456	460	468	473	478
1A_SB	30	d	402	409	417	421	425	431	435	439	443	448	453	457	461	469	475	/
1A_SB	31	a	420	426	436	440	443	449	451	456	460	463	468	471	475	486	491	495
1A_SB	31	d	421	428	438	441	445	450	453	458	461	465	469	472	477	487	492	/
1A_SB	32	a	446	452	460	463	467	472	475	479	483	487	490	494	498	509	515	519
1A_SB	32	d	447	453	462	465	468	474	476	480	484	488	492	495	500	511	516	/
1A_NB	1	a	25	30	35	43	49	53	56	60	64	71	75	80	83	87	94	100
1A_NB	1	d	26	31	37	44	50	54	58	61	66	73	77	81	85	88	96	/
1A_NB	2	a	50	55	61	67	73	76	81	84	88	94	98	104	108	113	119	126
1A_NB	2	d	51	57	62	68	74	78	82	85	89	96	100	106	110	114	120	/
1A_NB	3	a	66	71	77	85	90	94	99	104	107	112	116	121	124	128	137	144
1A_NB	3	d	68	72	78	86	91	96	101	105	108	114	118	123	125	130	138	/
1A_NB	4	a	76	81	87	95	100	104	108	111	115	121	125	130	132	136	144	152
1A_NB	4	d	78	83	88	96	101	105	109	113	117	123	127	131	133	138	146	/
1A_NB	5	a	89	94	99	109	115	120	125	128	131	137	141	145	147	152	161	167
1A_NB	5	d	90	95	101	111	117	122	126	129	132	139	142	146	149	153	163	/
1A_NB	6	a	98	103	108	116	122	127	132	136	140	146	150	155	157	162	172	178
1A_NB	6	d	99	104	110	118	124	129	134	138	142	148	152	156	159	164	174	/
1A_NB	7	a	125	130	135	142	147	151	156	159	162	168	171	176	178	183	191	197
1A_NB	7	d	126	131	137	144	148	153	157	160	163	169	173	177	180	184	192	/
1A_NB	8	a	151	156	161	168	174	179	184	188	192	197	201	206	208	212	219	225
1A_NB	8	d	153	157	162	170	176	181	185	189	193	198	203	207	210	213	221	/
1A_NB	9	a	167	172	179	188	194	198	203	207	211	216	220	225	227	231	237	242
1A_NB	9	d	169	174	181	189	196	200	204	208	212	218	222	226	229	232	238	/
1A_NB	10	a	184	189	194	201	206	210	215	219	222	228	232	237	240	244	252	257
1A_NB	10	d	186	190	195	202	208	212	216	220	224	230	233	239	242	245	253	/
1A_NB	11	a	193	199	205	212	217	221	226	230	235	241	245	250	254	258	266	272
1A_NB	11	d	195	200	206	213	219	223	228	232	237	243	247	252	255	259	267	/
1A_NB	12	a	204	210	216	221	226	229	233	237	242	248	251	256	259	263	271	278
1A_NB	12	d	206	212	217	222	227	230	235	239	244	249	253	258	260	264	273	/
1A_NB	13	a	218	222	227	235	242	247	252	256	259	265	269	274	277	280	287	294
1A_NB	13	d	219	223	229	237	244	249	254	257	261	267	271	275	278	281	289	/
1A_NB	14	a	235	240	247	253	260	265	269	274	277	283	287	292	295	299	306	311
1A_NB	14	d	236	242	248	255	262	266	271	275	279	285	288	293	296	300	307	/
1A_NB	15	a	245	249	256	262	268	272	276	280	283	288	292	297	300	304	311	316
1A_NB	15	d	246	251	257	263	269	273	277	281	285	290	293	298	301	305	312	/
1A_NB	16	a	272	276	284	291	297	302	306	309	312	317	321	326	329	333	341	347
1A_NB	16	d	273	278	285	293	299	303	307	310	313	319	323	327	331	334	342	/
1A_NB	17	a	286	290	296	303	308	312	316	321	325	331	335	341	344	348	356	361
1A_NB	17	d	287	291	297	304	309	313	318	322	327	333	337	343	346	350	357	/
1A_NB	18	a	301	306	312	320	325	328	333	336	340	345	348	352	355	359	368	375
1A_NB	18	d	302	307	313	321	326	330	334	338	342	346	349	353	357	361	370	/
1A_NB	19	a	306	311	317	325	330	335	340	343	348	354	358	362	366	370	379	387
1A_NB	19	d	307	312	319	326	332	337	341	345	349	356	359	364	367	372	381	/
1A_NB	20	a	317	321	327	335	341	346	351	355	359	364	368	372	375	379	385	392
1A_NB	20	d	318	323	329	337	343	348	353	356	360	366	369	373	376	380	386	/
1A_NB	21	a	343	346	353	361	366	370	375	379	383	390	393	398	402	407	414	419
1A_NB	21	d	344	348	355	362	367	372	377	380	385	391	394	400	404	408	415	/
1A_NB	22	a	356	360	367	375	381	385	390	393	397	403	406	411	414	419	427	433
1A_NB	22	d	357	362	369	377	382	387	391	394	399	404	408	413	416	421	428	/
1A_NB	23	a	362	366	373	383	389	393	398	401	406	413	417	422	425	431	439	445
1A_NB	23	d	363	368	375	385	390	395	399	403	408	415	419	423	427	433	440	/
1A_NB	24	a	374	378	383	393	399	403	408	412	415	421	424	428	431	437	446	453
1A_NB	24	d	375	379	385	395	400	405	410	413	416	422	426	429	433	439	448	/
1A_NB	25	a	399	403	409	417	423	427	431	436	441	446	450	456	460	464	471	476
1A_NB	25	d	400	404	411	419	424	428	433	438	442	447	452	458	461	465	472	/
1A_NB	26	a	426	430	437	446	452	455	460	465	469	474	479	484	488	492	498	503
1A_NB	26	d	427	432	439	447	453	457	462	467	470	476	480	486	489	493	499	/
1A_NB	27	a	438	443	449	456	462	465	469	472	476	482	486	491	494	498	506	512
1A_NB	27	d	439	445	450	457	463	466	470	474	478	483	487	492	495	500	508	/
1A_NB	28	a	446	451	457	465	472	477	482	486	490	497	501	506	509	514	522	528
1A_NB	28	d	447	453	459	467	474	479	484	487	492	499	502	507	511	515	524	/
1A_NB	29	a	474	478	484	490	497	502	506	510	514	519	523	529	532	536	545	551
1A_NB	29	d	475	480	485	492	499	503	507	511	515	521	525	530	533	538	547	/
1A_NB	30	a	498	503	511	520	526	531	535	539	542	547	551	555	558	562	571	578
1A_NB	30	d	499	505	513	522	528	532	536	540	544	548	552	556	559	564	573	/
1A_NB	31	a	528	532	537	545	552	556	561	565	570	575	579	584	586	590	599	605
1A_NB	31	d	529	533	539	546	554	558	562	567	571	576	580	585	587	592	601	/
1A_NB	32	a	557	561	567	575	580	584	587	592	596	602	606	611	615	620	629	634
1A_NB	32	d	558	563	569	576	581	585	589	594	598	603	608	613	617	621	630	/
2A_NB	1	a	20	23	30	34	37	41	48	52	55	61	64	70	73	75	80	86	90	93	98	103	111	114
2A_NB	1	d	21	24	32	35	39	43	50	53	56	62	66	71	74	77	81	88	91	95	100	104	112	/
2A_NB	2	a	42	45	51	54	58	63	69	73	77	85	89	95	99	101	106	112	115	118	122	127	134	137
2A_NB	2	d	43	47	52	56	60	65	71	75	79	87	90	97	100	103	107	113	116	119	124	128	135	/
2A_NB	3	a	52	55	60	63	65	70	75	79	83	91	96	102	105	108	113	119	123	128	132	136	144	148
2A_NB	3	d	53	56	61	64	67	71	76	81	85	93	97	103	106	110	114	121	125	129	133	138	146	/
2A_NB	4	a	68	72	78	81	84	89	95	99	102	109	112	119	123	125	130	135	140	145	148	152	159	162
2A_NB	4	d	69	74	80	82	86	90	96	100	103	110	114	121	124	127	131	137	142	146	149	154	160	/
2A_NB	5	a	75	78	84	86	89	93	100	104	107	116	120	126	129	132	136	142	147	152	156	159	165	169
2A_NB	5	d	76	79	85	87	91	95	101	105	109	118	122	127	131	133	137	144	149	154	157	160	166	/
2A_NB	6	a	80	83	89	92	95	98	105	109	112	121	126	131	134	137	141	147	152	157	161	165	172	177
2A_NB	6	d	81	84	90	93	96	100	106	110	114	123	127	132	136	138	142	149	154	159	163	166	174	/
2A_NB	7	a	85	88	94	98	102	106	112	117	121	128	132	137	140	143	148	154	158	162	166	170	177	182
2A_NB	7	d	86	89	96	100	104	108	114	119	122	129	133	138	142	145	149	155	159	164	168	171	179	/
2A_NB	8	a	103	107	113	117	121	125	131	136	140	148	152	158	160	163	167	172	175	179	183	186	193	197
2A_NB	8	d	104	109	115	119	123	127	133	138	142	150	153	159	162	164	168	173	176	180	184	187	195	/
2A_NB	9	a	115	118	123	126	130	134	142	147	151	161	165	172	176	179	184	191	196	200	204	208	216	221
2A_NB	9	d	116	119	125	128	132	136	144	149	153	163	167	174	178	181	186	193	198	201	205	209	218	/
2A_NB	10	a	145	148	154	156	159	163	168	172	177	186	191	196	200	203	208	214	219	223	228	232	239	243
2A_NB	10	d	146	149	155	158	160	164	170	174	179	188	192	198	202	205	209	216	221	225	230	234	241	/
2A_NB	11	a	169	173	180	184	187	190	197	201	205	212	215	221	224	228	232	238	242	246	249	253	262	265
2A_NB	11	d	170	175	182	186	188	191	198	202	206	213	217	222	226	230	234	240	243	247	251	255	263	/
2A_NB	12	a	177	181	187	190	193	197	203	208	212	222	226	232	235	238	243	249	253	257	262	266	274	278
2A_NB	12	d	178	182	188	192	195	198	205	209	214	224	227	233	236	240	244	251	255	259	263	267	276	/
2A_NB	13	a	206	209	215	219	222	226	233	237	240	247	251	257	260	262	266	271	277	280	284	288	295	299
2A_NB	13	d	207	211	217	220	223	227	234	238	241	248	252	258	261	263	267	273	278	281	285	290	296	/
2A_NB	14	a	235	239	246	248	251	254	262	265	269	276	280	287	289	291	295	302	305	309	313	316	325	329
2A_NB	14	d	236	241	247	250	252	256	263	267	270	278	281	288	290	293	296	303	307	311	314	318	326	/
2A_NB	15	a	253	257	262	266	269	272	277	281	285	291	296	303	307	310	315	320	324	329	333	337	345	350
2A_NB	15	d	254	258	264	267	270	273	279	283	286	293	298	305	309	312	316	321	326	331	335	338	347	/
2A_NB	16	a	262	266	271	274	276	279	284	288	292	298	303	310	314	317	321	327	332	336	339	343	350	355
2A_NB	16	d	263	267	273	275	277	280	286	290	293	300	305	312	315	319	323	329	334	337	341	345	352	/
2A_NB	17	a	275	278	285	288	291	295	301	305	309	317	320	328	332	334	337	343	347	351	355	360	368	373
2A_NB	17	d	276	280	286	290	293	296	303	307	311	318	322	330	333	335	339	344	349	353	357	361	370	/
2A_NB	18	a	295	298	304	307	311	314	322	326	330	337	340	346	349	352	356	361	365	368	372	376	385	388
2A_NB	18	d	296	300	305	309	312	316	323	327	332	338	342	348	351	354	357	362	366	370	374	378	386	/
2A_NB	19	a	309	313	320	323	326	329	334	338	341	348	352	358	362	365	370	376	380	383	387	391	399	404
2A_NB	19	d	310	315	321	325	327	330	336	339	343	350	354	360	364	367	371	378	381	384	389	392	401	/
2A_NB	20	a	318	322	328	331	334	339	344	349	353	360	364	369	373	376	381	388	391	396	401	405	412	417
2A_NB	20	d	319	323	329	332	336	340	346	350	354	361	365	371	375	378	383	389	393	398	403	407	414	/
2A_NB	21	a	334	338	344	347	351	355	362	366	370	376	380	387	390	392	397	403	406	411	415	420	428	433
2A_NB	21	d	335	340	345	349	352	357	363	367	371	378	382	389	391	394	398	404	408	413	417	421	430	/
2A_NB	22	a	353	356	363	366	369	372	379	383	387	393	398	403	406	409	412	417	422	427	430	435	444	449
2A_NB	22	d	354	358	364	368	370	374	380	385	388	395	399	404	407	410	413	419	424	428	432	437	446	/
2A_NB	23	a	379	382	389	393	396	400	406	409	414	423	427	433	435	437	441	446	451	455	459	463	470	473
2A_NB	23	d	380	383	391	395	398	401	407	411	415	425	429	434	436	438	442	448	453	457	461	464	471	/
2A_NB	24	a	388	391	397	401	404	407	415	419	423	432	435	440	443	446	451	458	462	465	469	473	480	483
2A_NB	24	d	389	392	399	403	405	409	417	421	424	433	436	441	445	448	453	459	463	467	470	475	481	/
2A_NB	25	a	409	412	418	421	424	428	434	437	441	448	452	457	460	463	467	473	478	481	486	491	499	503
2A_NB	25	d	410	413	420	423	425	429	435	438	442	450	453	458	462	465	468	475	479	483	488	493	501	/
2A_NB	26	a	435	438	444	446	449	452	459	463	467	474	478	483	486	490	494	500	503	508	512	516	524	528
2A_NB	26	d	436	439	445	448	450	454	460	464	468	476	479	484	488	492	495	501	505	510	513	518	525	/
2A_NB	27	a	454	458	465	468	471	475	482	486	490	498	502	509	512	515	520	525	530	534	539	542	550	554
2A_NB	27	d	455	460	466	470	473	477	484	488	492	499	504	511	514	517	521	527	531	536	540	543	551	/
2A_NB	28	a	465	469	476	480	482	486	492	495	500	509	513	520	523	527	532	539	543	546	551	554	562	567
2A_NB	28	d	466	471	478	481	483	487	493	497	502	510	514	522	525	529	534	540	544	548	552	556	564	/
2A_NB	29	a	484	487	492	495	498	502	507	511	514	522	526	532	534	537	541	548	552	556	561	564	572	576
2A_NB	29	d	485	488	493	497	500	503	508	512	516	523	527	533	535	538	543	549	554	558	562	566	574	/
2A_NB	30	a	505	508	513	516	518	523	531	534	538	548	551	556	560	562	566	573	576	579	582	586	594	597
2A_NB	30	d	506	509	514	517	520	525	532	535	540	549	552	558	561	563	567	574	577	580	584	587	595	/
2A_NB	31	a	514	517	522	526	528	532	540	544	547	556	560	566	570	572	577	584	589	592	596	600	607	611
2A_NB	31	d	515	518	524	527	529	534	541	545	548	557	561	568	571	574	579	586	590	594	597	601	609	/
2A_NB	32	a	528	531	537	540	544	547	553	558	561	568	572	579	582	584	588	594	599	603	606	609	617	621
2A_NB	32	d	529	533	538	542	545	548	555	559	562	569	573	581	583	585	589	596	601	604	607	611	619	/
2A_SB	1	a	15	18	27	32	36	40	44	50	54	58	62	66	72	76	82	86	89	94	97	100	103	106	117	121
2A_SB	1	d	16	20	29	34	38	42	46	52	56	60	64	68	73	77	83	87	90	95	98	101	104	108	118	/
2A_SB	2	a	30	32	41	44	47	50	54	60	63	66	69	72	77	81	87	91	95	100	103	106	109	112	122	128
2A_SB	2	d	31	34	42	45	48	51	56	62	64	67	70	73	78	82	88	92	96	101	104	107	110	113	124	/
2A_SB	3	a	51	54	60	64	68	71	74	80	83	87	91	96	101	105	110	113	118	126	130	134	138	142	153	159
2A_SB	3	d	52	55	61	65	70	72	76	81	85	89	93	97	102	106	111	115	120	128	132	136	139	143	154	/
2A_SB	4	a	55	59	67	72	76	79	83	89	92	96	101	105	112	117	123	127	132	139	142	146	149	153	167	172
2A_SB	4	d	57	60	69	73	78	81	85	91	94	98	102	107	114	119	125	129	133	140	143	147	150	155	168	/
2A_SB	5	a	78	81	92	95	99	101	105	112	115	120	124	127	132	136	141	144	147	153	156	159	163	167	179	184
2A_SB	5	d	79	83	93	96	100	102	106	113	117	122	125	128	133	137	142	145	148	154	157	160	164	168	180	/
2A_SB	6	a	91	95	103	106	110	112	116	123	126	130	134	138	144	147	152	156	160	165	168	172	176	181	193	198
2A_SB	6	d	93	96	104	107	111	114	117	124	127	132	135	139	145	148	154	157	161	166	170	174	178	182	194	/
2A_SB	7	a	100	104	111	116	120	124	128	135	138	142	146	151	158	162	169	173	177	183	186	190	194	197	211	216
2A_SB	7	d	102	106	113	117	122	126	130	136	140	143	148	153	160	164	171	174	178	184	188	192	195	199	212	/
2A_SB	8	a	124	127	134	137	142	145	149	155	158	161	164	167	174	178	185	189	193	199	202	205	209	212	226	232
2A_SB	8	d	126	128	135	139	144	147	150	156	159	162	165	169	175	180	187	190	194	200	203	206	210	214	228	/
2A_SB	9	a	140	143	150	153	157	159	163	169	171	174	177	180	185	190	197	201	206	214	216	219	223	226	239	245
2A_SB	9	d	142	144	151	154	158	161	164	170	172	175	178	181	187	192	199	203	208	215	217	220	224	228	241	/
2A_SB	10	a	152	155	161	165	168	170	173	180	183	186	190	193	198	201	207	211	214	220	222	225	228	232	244	250
2A_SB	10	d	154	156	163	166	169	171	174	181	184	187	191	194	199	202	209	212	215	221	223	226	229	233	246	/
2A_SB	11	a	166	169	176	179	184	187	192	200	203	206	209	213	219	223	230	234	239	244	247	251	255	259	271	278
2A_SB	11	d	167	170	177	181	186	189	194	201	204	207	211	215	220	224	232	236	240	246	249	252	257	260	273	/
2A_SB	12	a	178	181	189	193	198	200	205	214	217	222	227	231	236	240	247	251	255	261	264	267	271	275	287	294
2A_SB	12	d	179	182	191	195	199	202	207	216	219	224	229	232	237	242	248	252	256	262	265	268	273	276	289	/
2A_SB	13	a	198	201	209	213	217	219	222	228	231	235	239	243	248	251	257	261	265	271	273	276	280	283	295	302
2A_SB	13	d	200	203	210	214	218	220	223	229	232	237	240	244	249	252	258	262	266	272	274	277	281	284	297	/
2A_SB	14	a	211	214	222	226	229	232	236	242	245	249	253	257	263	268	275	278	281	287	290	295	298	302	313	318
2A_SB	14	d	213	215	223	227	230	233	237	243	246	250	254	258	265	270	276	279	282	288	292	296	299	303	314	/
2A_SB	15	a	226	230	236	239	242	244	248	256	260	263	267	271	277	282	289	293	297	303	306	311	314	319	334	339
2A_SB	15	d	228	231	237	240	243	246	250	258	261	264	269	273	279	284	291	294	298	304	308	312	316	321	335	/
2A_SB	16	a	234	238	244	248	252	255	259	266	270	275	280	283	288	292	299	304	308	314	317	320	324	328	343	349
2A_SB	16	d	236	239	246	250	254	257	261	268	272	277	281	284	290	294	301	305	309	315	318	321	325	330	345	/
2A_SB	17	a	251	254	260	264	268	270	275	281	285	289	292	295	300	304	309	313	317	323	326	329	333	338	352	357
2A_SB	17	d	253	255	261	266	269	272	277	283	287	290	293	296	301	305	310	314	318	324	327	330	335	339	353	/
2A_SB	18	a	259	263	270	274	278	280	285	291	294	297	300	303	310	314	321	325	330	335	338	342	347	350	364	371
2A_SB	18	d	261	265	271	275	279	282	286	292	295	298	301	305	311	316	323	327	331	336	340	344	348	351	366	/
2A_SB	19	a	269	272	281	286	289	291	294	300	303	307	310	313	319	324	331	334	338	344	347	351	355	358	372	379
2A_SB	19	d	270	274	283	287	290	292	295	301	304	308	311	314	321	326	332	335	340	345	349	353	356	359	374	/
2A_SB	20	a	285	288	295	298	302	304	308	314	316	319	324	327	332	336	342	345	349	355	359	362	365	369	383	388
2A_SB	20	d	286	289	296	300	303	305	309	315	317	321	325	328	333	338	343	346	350	357	360	363	367	371	384	/
2A_SB	21	a	306	309	317	321	326	329	334	340	342	346	350	354	361	365	370	373	378	384	388	391	395	398	411	418
2A_SB	21	d	307	311	319	323	328	331	336	341	343	347	352	356	363	366	371	375	380	386	389	392	396	400	413	/
2A_SB	22	a	315	317	324	328	333	336	341	346	350	354	358	363	368	371	376	380	385	391	394	397	401	405	417	423
2A_SB	22	d	316	319	326	330	335	338	342	348	352	355	360	364	369	372	378	382	387	393	395	398	403	406	418	/
2A_SB	23	a	345	348	354	357	360	362	365	370	373	376	379	383	389	392	398	401	405	412	415	419	424	429	440	447
2A_SB	23	d	346	349	355	358	361	363	366	371	374	377	381	384	390	394	399	403	407	413	417	421	426	430	442	/
2A_SB	24	a	363	365	371	374	378	381	384	391	394	397	401	404	410	415	420	424	427	434	438	442	447	451	464	471
2A_SB	24	d	364	366	372	375	380	382	386	392	395	398	402	405	412	416	421	425	428	436	440	444	449	453	466	/
2A_SB	25	a	374	376	382	387	392	394	399	405	408	413	418	421	426	430	437	441	446	455	459	463	468	472	486	492
2A_SB	25	d	375	377	384	389	393	396	400	407	410	415	419	422	427	432	438	443	448	457	460	465	469	474	488	/
2A_SB	26	a	400	402	409	413	417	420	424	430	434	438	443	448	455	459	464	467	472	478	481	486	491	496	508	514
2A_SB	26	d	401	403	411	415	419	422	425	432	435	440	445	450	457	460	465	469	473	479	483	488	493	497	510	/
2A_SB	27	a	429	431	437	440	443	446	449	455	457	461	465	470	477	480	485	489	493	500	504	509	512	516	530	536
2A_SB	27	d	430	432	438	441	445	447	450	456	458	463	467	472	478	481	486	491	495	502	506	510	514	517	532	/
2A_SB	28	a	444	447	453	456	461	464	469	477	480	484	487	490	497	501	508	512	516	523	526	530	535	540	553	559
2A_SB	28	d	445	448	454	458	462	466	471	479	482	485	488	491	499	503	509	513	518	524	527	532	537	542	555	/
2A_SB	29	a	473	475	482	486	490	493	496	504	507	511	514	518	523	528	535	539	544	550	553	557	560	563	576	583
2A_SB	29	d	474	477	484	487	492	494	498	505	508	512	515	519	525	529	537	541	545	551	555	558	561	565	578	/
2A_SB	30	a	482	484	492	495	498	500	504	512	515	518	522	526	531	536	543	547	551	557	559	563	567	570	582	589
2A_SB	30	d	483	486	493	496	499	501	506	513	516	520	523	527	533	537	544	548	552	558	561	565	568	571	584	/
2A_SB	31	a	500	503	509	512	515	517	522	528	532	535	539	544	550	555	562	567	570	577	581	586	591	595	608	614
2A_SB	31	d	501	504	510	513	516	519	523	530	533	536	541	545	552	557	564	568	572	579	583	588	593	596	609	/
2A_SB	32	a	519	522	529	533	536	538	542	548	551	555	558	562	568	571	578	582	587	595	598	603	607	612	621	627
2A_SB	32	d	520	523	530	534	537	540	543	549	553	556	559	564	569	573	580	584	589	597	600	605	609	613	623	/
3A_SB	1	a	10	16	22	25	30	34	36	39	43	48	50	53	58	62	66	71	74	77
3A_SB	1	d	11	17	23	27	31	35	37	40	45	49	51	55	60	64	68	72	75	/
3A_SB	2	a	34	40	45	48	52	56	58	62	66	71	73	75	79	83	87	91	95	99
3A_SB	2	d	35	41	46	49	53	57	60	64	68	72	74	76	80	84	88	92	96	/
3A_SB	3	a	39	45	52	55	59	63	66	69	73	77	79	81	85	89	93	96	100	104
3A_SB	3	d	40	46	53	56	60	64	67	71	74	78	80	82	86	90	94	97	101	/
3A_SB	4	a	62	67	73	76	80	84	88	92	96	100	103	106	109	112	115	118	122	125
3A_SB	4	d	63	68	74	78	81	86	90	94	98	101	104	107	110	113	116	119	123	/
3A_SB	5	a	74	80	85	89	93	97	100	103	106	109	111	114	117	120	124	128	133	138
3A_SB	5	d	75	81	87	90	94	98	101	104	107	110	112	115	118	121	126	130	135	/
3A_SB	6	a	81	87	92	96	100	104	107	109	112	115	117	120	124	128	133	137	141	145
3A_SB	6	d	82	88	94	97	101	105	108	110	113	116	118	121	126	130	135	138	142	/
3A_SB	7	a	93	100	106	109	113	118	121	124	127	131	133	135	138	141	144	148	152	155
3A_SB	7	d	94	101	107	110	115	119	122	125	129	132	134	136	139	142	146	150	153	/
3A_SB	8	a	100	107	113	116	121	126	129	133	138	141	145	147	151	155	159	164	168	171
3A_SB	8	d	101	108	114	118	123	128	131	135	139	143	146	149	153	157	161	166	169	/
3A_SB	9	a	130	135	141	144	149	154	158	162	167	172	174	177	181	184	187	190	193	196
3A_SB	9	d	131	136	142	146	151	156	160	164	169	173	175	178	182	185	188	191	194	/
3A_SB	10	a	147	151	157	160	164	168	172	175	180	185	188	190	194	197	201	204	208	211
3A_SB	10	d	148	152	158	162	165	170	173	177	182	186	189	191	195	198	202	206	209	/
3A_SB	11	a	159	164	171	174	178	183	185	189	193	198	200	202	206	209	212	216	220	223
3A_SB	11	d	160	165	172	176	180	184	187	191	195	199	201	203	207	210	213	217	221	/
3A_SB	12	a	181	186	194	197	201	205	208	211	215	220	222	224	227	231	234	237	241	244
3A_SB	12	d	182	188	195	199	203	206	209	213	217	221	223	225	228	232	235	238	242	/
3A_SB	13	a	201	206	214	218	221	224	226	228	232	235	237	240	244	248	251	255	259	263
3A_SB	13	d	202	208	216	219	222	225	227	229	233	236	238	241	245	249	253	257	261	/
3A_SB	14	a	211	216	223	226	229	234	237	240	244	247	249	251	255	259	263	266	269	273
3A_SB	14	d	212	218	224	227	231	236	239	242	245	248	250	252	256	260	264	267	271	/
3A_SB	15	a	222	227	234	238	241	245	248	252	255	259	261	264	269	273	277	281	285	289
3A_SB	15	d	223	228	235	239	242	247	250	253	257	260	262	266	271	274	279	283	287	/
3A_SB	16	a	245	251	259	264	268	273	275	279	283	288	290	292	296	300	305	309	312	315
3A_SB	16	d	246	253	261	265	270	274	277	281	285	289	291	293	297	301	306	310	313	/
3A_SB	17	a	260	267	274	277	281	285	288	292	295	300	302	304	308	312	317	320	323	327
3A_SB	17	d	261	269	275	279	282	287	290	293	297	301	303	305	309	313	318	321	325	/
3A_SB	18	a	272	278	284	289	292	295	297	300	303	307	309	311	315	318	322	326	330	334
3A_SB	18	d	273	279	286	290	293	296	298	301	305	308	310	312	316	319	324	328	332	/
3A_SB	19	a	277	283	290	295	299	304	306	309	313	317	320	323	327	330	334	337	340	343
3A_SB	19	d	278	285	292	297	301	305	308	311	315	318	321	324	328	331	335	338	341	/
3A_SB	20	a	284	290	296	301	305	309	312	315	319	322	325	329	334	337	342	345	349	353
3A_SB	20	d	285	291	298	303	306	311	314	317	320	323	327	331	335	339	343	346	351	/
3A_SB	21	a	299	304	310	313	316	319	321	324	327	331	333	336	340	344	347	351	355	359
3A_SB	21	d	300	305	311	314	317	320	322	325	329	332	334	337	342	345	349	352	357	/
3A_SB	22	a	304	309	316	321	324	328	331	335	338	341	344	346	350	353	356	359	363	366
3A_SB	22	d	305	311	318	322	326	330	333	336	339	343	345	348	351	354	357	361	364	/
3A_SB	23	a	314	320	326	330	334	337	339	342	345	349	351	354	358	363	367	371	374	377
3A_SB	23	d	315	321	327	331	335	338	340	343	346	350	353	356	360	364	368	372	375	/
3A_SB	24	a	344	349	355	358	361	365	368	371	374	377	379	382	385	388	391	395	398	401
3A_SB	24	d	345	350	356	359	362	366	369	372	375	378	380	383	386	389	392	396	399	/
3A_SB	25	a	349	354	360	363	366	370	373	376	379	382	384	387	390	393	397	401	404	408
3A_SB	25	d	350	355	361	364	367	371	374	377	380	383	385	388	391	394	398	402	405	/
3A_SB	26	a	354	359	365	369	373	378	381	384	387	390	392	395	399	403	408	412	416	420
3A_SB	26	d	355	360	367	371	375	379	382	385	388	391	393	396	401	405	409	413	417	/
3A_SB	27	a	383	388	394	398	403	407	410	413	416	420	422	424	428	431	435	438	442	445
3A_SB	27	d	384	390	395	400	405	408	411	414	417	421	423	425	429	432	436	439	443	/
3A_SB	28	a	388	393	399	404	408	412	415	418	421	425	427	429	433	436	439	443	447	450
3A_SB	28	d	389	395	401	406	410	413	416	419	422	426	428	430	434	437	441	444	448	/
3A_SB	29	a	400	407	414	417	421	425	428	432	436	441	444	448	452	455	460	464	467	471
3A_SB	29	d	401	408	415	419	423	427	430	434	438	443	446	450	453	457	461	465	468	/
3A_SB	30	a	430	436	442	446	451	455	458	461	466	471	474	478	482	486	489	493	497	500
3A_SB	30	d	431	437	444	448	452	457	459	463	468	473	476	480	483	487	490	495	498	/
3A_SB	31	a	460	465	472	476	480	485	488	490	494	499	501	503	508	512	516	520	525	529
3A_SB	31	d	461	467	474	478	482	487	489	492	496	500	502	505	509	514	517	522	527	/
3A_SB	32	a	472	477	483	486	490	495	499	503	507	512	514	517	522	527	531	536	540	545
3A_SB	32	d	473	478	484	487	492	497	501	504	509	513	516	519	524	528	533	538	542	/
3A_NB	1	a	14	17	21	24	28	32	37	41	46	51	55	61	65	69	72	75	81	86	92
3A_NB	1	d	15	19	23	26	29	34	38	43	48	53	57	62	66	70	74	77	82	88	/
3A_NB	2	a	34	37	41	44	46	50	53	58	61	64	66	71	76	80	83	86	91	98	104
3A_NB	2	d	35	39	43	45	48	51	55	59	62	65	68	73	77	81	85	87	93	100	/
3A_NB	3	a	50	53	57	61	64	67	72	76	80	83	86	90	94	98	101	105	110	116	123
3A_NB	3	d	51	54	59	62	65	69	73	77	81	84	87	91	96	99	103	106	111	117	/
3A_NB	4	a	58	61	65	68	71	74	77	82	86	90	93	99	104	108	112	115	121	127	135
3A_NB	4	d	59	63	66	69	72	75	79	83	88	92	95	101	105	109	114	117	122	129	/
3A_NB	5	a	70	73	76	79	81	85	88	92	96	99	102	108	112	117	122	126	131	137	142
3A_NB	5	d	71	74	78	80	83	86	89	93	97	101	104	109	114	119	124	128	132	138	/
3A_NB	6	a	93	97	100	102	105	109	113	117	121	126	128	132	136	140	143	145	149	155	160
3A_NB	6	d	94	98	101	103	107	110	115	118	123	127	129	133	138	141	144	146	151	156	/
3A_NB	7	a	104	107	111	114	116	119	123	127	132	136	138	143	147	150	154	157	162	168	175
3A_NB	7	d	105	109	112	115	117	120	125	129	133	137	140	144	148	152	156	159	164	170	/
3A_NB	8	a	112	115	119	123	126	130	135	140	144	149	152	157	161	165	169	173	178	183	189
3A_NB	8	d	113	117	121	125	127	132	137	141	146	150	153	158	162	167	171	175	179	185	/
3A_NB	9	a	132	135	139	143	145	148	153	158	163	167	170	175	179	184	187	189	194	199	204
3A_NB	9	d	133	136	141	144	146	150	155	160	164	169	171	176	181	185	188	191	195	200	/
3A_NB	10	a	141	145	149	152	156	160	164	169	174	177	180	185	189	194	197	201	205	211	216
3A_NB	10	d	142	146	150	154	157	161	166	171	175	179	182	186	191	195	199	202	207	212	/
3A_NB	11	a	157	160	163	166	169	173	176	180	185	189	192	197	200	204	207	210	214	219	224
3A_NB	11	d	158	161	164	167	170	174	177	182	187	190	194	198	202	205	208	211	215	220	/
3A_NB	12	a	179	182	187	190	193	196	199	204	208	211	213	219	223	226	229	232	237	243	249
3A_NB	12	d	180	184	188	192	194	197	201	205	209	212	215	220	224	227	230	234	239	245	/
3A_NB	13	a	196	199	203	206	209	212	215	219	223	228	232	237	241	244	249	252	256	261	266
3A_NB	13	d	197	201	204	207	210	213	216	221	225	230	233	238	242	246	250	253	257	262	/
3A_NB	14	a	208	211	215	219	221	225	228	232	235	240	243	249	252	255	259	263	268	274	280
3A_NB	14	d	209	212	217	220	223	226	229	233	237	241	245	250	253	257	261	264	270	276	/
3A_NB	15	a	216	220	224	226	228	232	235	239	242	247	251	256	261	264	268	271	276	282	288
3A_NB	15	d	217	221	225	227	230	233	236	240	244	249	252	258	262	266	270	272	278	284	/
3A_NB	16	a	221	225	229	232	235	238	243	248	252	256	258	263	267	270	274	277	283	289	294
3A_NB	16	d	222	227	231	234	236	240	245	250	253	257	259	264	268	272	276	279	285	290	/
3A_NB	17	a	231	234	237	240	243	248	253	258	263	268	272	277	281	284	288	292	298	304	310
3A_NB	17	d	232	235	239	241	245	250	255	260	265	270	273	278	282	285	290	293	300	306	/
3A_NB	18	a	257	261	265	268	271	275	278	283	288	292	296	300	304	308	312	315	319	324	329
3A_NB	18	d	258	263	267	269	272	276	280	285	289	294	297	301	305	309	313	316	320	325	/
3A_NB	19	a	267	271	275	278	280	285	290	295	299	302	304	308	312	316	321	324	329	334	339
3A_NB	19	d	268	272	277	279	282	287	292	296	300	303	305	309	313	318	322	326	330	335	/
3A_NB	20	a	292	295	299	301	304	308	313	317	321	325	328	332	335	338	341	344	349	355	360
3A_NB	20	d	293	296	300	302	306	310	314	319	322	327	329	333	336	339	342	345	351	356	/
3A_NB	21	a	300	303	308	311	315	319	323	327	331	335	338	343	347	350	354	357	363	368	374
3A_NB	21	d	301	305	310	313	316	321	324	329	332	336	339	345	348	352	355	359	364	370	/
3A_NB	22	a	328	331	334	337	341	345	350	354	357	362	365	370	373	377	381	385	389	394	400
3A_NB	22	d	329	332	336	339	343	347	351	355	359	364	367	371	375	379	383	386	390	396	/
3A_NB	23	a	350	354	358	361	364	368	371	374	379	383	387	391	395	399	403	405	410	416	422
3A_NB	23	d	351	356	360	363	366	369	372	376	381	385	388	393	397	401	404	407	412	418	/
3A_NB	24	a	378	382	386	388	391	394	398	402	406	409	412	418	421	425	428	432	438	443	450
3A_NB	24	d	379	384	387	390	392	395	399	403	407	411	413	419	423	426	430	434	439	445	/
3A_NB	25	a	387	391	394	397	400	403	407	410	415	418	422	426	430	433	436	440	446	452	457
3A_NB	25	d	388	392	396	399	401	405	408	412	416	420	423	428	431	434	438	442	448	453	/
3A_NB	26	a	409	412	417	419	422	425	428	432	435	440	444	448	452	456	459	463	467	473	479
3A_NB	26	d	410	414	418	421	423	426	430	433	437	442	445	449	453	457	461	464	469	475	/
3A_NB	27	a	433	437	441	444	447	450	454	458	461	466	469	475	479	482	487	491	496	502	509
3A_NB	27	d	434	438	443	446	448	452	455	459	463	468	471	476	480	484	489	493	497	504	/
3A_NB	28	a	450	453	457	459	462	466	469	473	477	481	484	489	494	498	502	505	511	516	523
3A_NB	28	d	451	455	458	460	464	467	471	474	478	483	486	491	496	499	503	507	512	518	/
3A_NB	29	a	469	473	476	478	480	484	488	491	494	499	502	506	510	515	520	524	528	534	540
3A_NB	29	d	470	474	477	479	481	485	489	492	496	501	503	508	512	517	522	525	530	536	/
3A_NB	30	a	490	494	498	501	504	507	510	516	520	524	527	533	537	541	545	548	553	558	565
3A_NB	30	d	491	496	499	503	505	508	512	517	522	525	529	534	539	542	546	550	555	560	/
3A_NB	31	a	501	505	509	512	515	518	521	527	530	534	537	542	547	550	554	558	563	568	575
3A_NB	31	d	502	507	510	514	516	519	523	528	532	535	538	544	548	551	556	559	565	570	/
3A_NB	32	a	524	527	530	533	537	542	547	551	555	560	564	569	573	576	579	582	586	592	599
3A_NB	32	d	525	528	531	535	539	544	548	552	557	562	566	570	574	577	581	583	588	594	/
