RouteID	RunID	Arrivals/Departures	TimePerStop
1A_SB	1	a	4	8	13	22	25	29	34	38	42	45	48	52	62	66	74
1A_SB	1	d	5	10	15	23	26	30	35	39	43	46	49	53	63	68	/
1A_SB	2	a	23	27	32	41	44	47	54	58	62	67	72	76	87	91	99
1A_SB	2	d	24	29	34	42	45	49	56	59	64	69	74	78	88	93	/
1A_SB	3	a	53	57	62	71	74	78	83	86	90	93	97	101	111	116	123
1A_SB	3	d	54	59	64	72	75	79	84	87	91	94	99	102	113	117	/
1A_SB	4	a	78	82	86	94	98	101	107	111	116	120	124	128	139	143	149
1A_SB	4	d	80	83	87	95	99	103	109	113	118	121	126	129	141	144	/
1A_SB	5	a	87	91	95	104	107	111	117	121	124	128	133	136	146	150	156
1A_SB	5	d	89	92	96	105	108	112	119	122	126	130	134	138	148	151	/
1A_SB	6	a	101	106	110	118	121	125	130	133	136	139	143	147	157	161	167
1A_SB	6	d	103	107	111	119	123	126	131	134	137	140	144	149	158	162	/
1A_SB	7	a	117	122	126	134	139	143	148	153	157	161	165	169	181	185	194
1A_SB	7	d	119	123	127	136	140	144	150	155	159	163	167	171	183	187	/
1A_SB	8	a	130	134	139	149	153	156	162	166	170	174	179	183	193	196	203
1A_SB	8	d	132	136	141	150	154	157	163	168	172	176	181	184	194	197	/
1A_SB	9	a	146	150	155	166	170	173	179	183	186	190	193	196	205	208	215
1A_SB	9	d	148	152	157	168	171	174	180	184	187	191	194	197	206	209	/
1A_SB	10	a	168	172	177	189	193	197	204	207	210	214	217	221	230	233	240
1A_SB	10	d	170	174	179	191	195	199	205	208	211	215	219	222	231	234	/
1A_SB	11	a	198	202	205	215	219	222	229	233	236	240	243	247	255	258	266
1A_SB	11	d	200	203	206	216	220	224	230	234	238	241	244	248	256	259	/
1A_SB	12	a	208	213	217	226	230	234	241	245	250	254	258	261	268	271	281
1A_SB	12	d	210	214	219	228	232	236	243	247	252	256	259	262	269	273	/
1A_SB	13	a	220	225	230	238	241	245	250	253	257	261	265	269	279	282	292
1A_SB	13	d	222	227	231	239	243	246	251	254	258	263	267	271	280	284	/
1A_SB	14	a	243	247	251	260	263	267	272	276	280	283	286	290	300	304	312
1A_SB	14	d	245	248	253	261	264	268	273	277	281	284	287	291	301	305	/
1A_SB	15	a	250	254	259	268	271	275	281	286	289	292	297	302	313	318	327
1A_SB	15	d	252	256	261	269	272	276	283	287	290	294	299	304	315	320	/
1A_SB	16	a	266	270	275	283	287	291	296	299	303	307	311	314	324	328	336
1A_SB	16	d	268	272	276	284	288	292	297	300	304	309	312	316	325	329	/
1A_SB	17	a	273	278	282	291	294	298	303	307	312	317	322	325	334	338	348
1A_SB	17	d	275	279	284	292	295	299	305	309	314	319	323	326	336	340	/
1A_SB	18	a	293	298	301	312	317	322	329	333	337	342	347	350	360	363	371
1A_SB	18	d	295	299	302	314	319	324	331	335	339	344	348	352	361	365	/
1A_SB	19	a	318	322	326	335	338	341	349	353	357	360	363	366	374	379	387
1A_SB	19	d	320	323	327	336	339	343	350	354	358	361	364	367	376	380	/
1A_SB	20	a	326	330	335	343	348	352	360	363	366	370	373	377	387	391	399
1A_SB	20	d	328	332	336	345	350	354	361	364	367	371	375	379	388	392	/
1A_SB	21	a	338	342	346	356	360	365	371	374	377	380	385	389	397	402	411
1A_SB	21	d	340	343	348	357	362	366	372	375	378	382	387	390	399	404	/
1A_SB	22	a	358	361	366	374	379	382	387	390	393	397	401	405	412	416	424
1A_SB	22	d	359	363	368	376	380	383	388	391	395	399	403	406	413	418	/
1A_SB	23	a	364	368	373	383	388	392	398	402	405	409	414	418	425	429	437
1A_SB	23	d	365	370	375	385	390	394	400	403	407	411	416	419	427	430	/
1A_SB	24	a	370	374	379	389	393	397	403	407	411	414	419	423	432	435	442
1A_SB	24	d	371	376	381	391	395	399	405	408	412	416	421	424	433	436	/
1A_SB	25	a	387	391	396	406	410	413	418	421	424	427	431	435	445	448	455
1A_SB	25	d	388	393	398	408	411	414	419	422	425	428	433	436	446	449	/
1A_SB	26	a	396	400	404	414	418	422	429	432	435	439	444	448	458	463	469
1A_SB	26	d	397	401	406	416	420	424	430	433	437	441	446	450	460	464	/
1A_SB	27	a	425	430	434	443	447	450	456	459	463	466	469	473	484	488	496
1A_SB	27	d	426	431	435	445	448	452	457	460	464	467	471	475	486	490	/
1A_SB	28	a	447	451	456	465	468	473	480	483	486	490	494	497	507	511	520
1A_SB	28	d	448	453	457	466	470	475	481	484	488	492	495	498	509	512	/
1A_SB	29	a	457	461	465	476	480	485	491	494	498	502	506	510	520	524	533
1A_SB	29	d	458	462	467	478	482	486	492	495	499	503	508	511	522	526	/
1A_SB	30	a	484	487	491	500	503	507	513	517	521	524	528	532	542	546	555
1A_SB	30	d	485	488	492	501	505	508	515	519	522	525	530	534	543	547	/
1A_SB	31	a	491	494	499	509	512	516	521	525	530	535	540	543	552	556	564
1A_SB	31	d	492	496	501	510	513	517	523	527	532	537	541	544	553	557	/
1A_SB	32	a	506	510	515	527	530	534	540	543	547	550	554	559	570	573	581
1A_SB	32	d	507	512	517	528	531	535	541	544	548	552	556	561	571	575	/
1A_SB	33	a	515	519	524	533	536	540	547	551	556	560	564	568	578	582	589
1A_SB	33	d	516	521	525	534	537	542	549	553	557	562	565	569	580	583	/
1A_SB	34	a	528	532	537	546	550	555	561	566	570	574	578	581	593	596	605
1A_SB	34	d	529	534	538	548	552	557	563	567	571	575	579	583	594	598	/
1A_SB	35	a	539	543	547	558	562	567	572	576	579	584	589	593	603	607	614
1A_SB	35	d	540	544	548	560	564	568	573	577	581	586	590	595	604	608	/
1A_SB	36	a	557	560	564	572	575	578	584	589	593	596	600	604	613	618	625
1A_SB	36	d	558	561	565	573	576	580	586	590	594	597	601	605	615	619	/
1A_SB	37	a	579	582	587	595	598	603	609	614	618	622	627	630	639	643	649
1A_SB	37	d	580	584	589	596	600	605	611	615	620	624	628	631	640	644	/
1A_SB	38	a	585	589	593	600	603	608	614	619	624	627	632	636	646	650	658
1A_SB	38	d	586	590	594	601	605	610	616	621	625	629	634	638	647	651	/
1A_SB	39	a	592	596	601	611	615	619	626	630	635	638	642	645	655	659	666
1A_SB	39	d	593	598	603	613	616	621	627	632	636	640	643	647	656	660	/
1A_SB	40	a	608	612	617	627	630	634	642	646	650	654	657	660	671	675	682
1A_SB	40	d	609	614	619	628	632	636	643	648	652	655	658	662	673	676	/
1A_SB	41	a	624	628	633	640	643	647	652	657	660	663	666	670	681	685	693
1A_SB	41	d	625	630	634	641	645	648	654	658	661	664	668	672	683	687	/
1A_SB	42	a	641	644	649	658	661	665	671	674	679	683	687	690	699	703	711
1A_SB	42	d	642	646	650	659	663	667	672	676	681	684	688	692	701	704	/
1A_SB	43	a	656	660	664	673	678	682	689	693	698	702	706	709	718	721	728
1A_SB	43	d	657	661	666	675	680	684	691	695	700	703	707	710	719	722	/
1A_SB	44	a	661	665	670	679	684	688	695	698	703	707	711	714	723	726	733
1A_SB	44	d	662	667	672	681	686	690	696	700	705	708	712	715	724	727	/
1A_SB	45	a	670	674	679	688	692	696	702	705	709	712	716	719	728	731	738
1A_SB	45	d	671	676	681	690	693	697	703	706	710	713	717	720	729	732	/
1A_SB	46	a	675	679	684	693	697	701	707	710	714	717	721	724	733	736	743
1A_SB	46	d	676	681	686	695	698	702	708	711	715	718	722	725	734	737	/
1A_SB	47	a	704	707	711	722	725	729	736	740	744	747	750	753	762	766	773
1A_SB	47	d	705	708	712	723	726	731	737	741	745	748	751	754	763	767	/
1A_SB	48	a	726	730	735	744	748	753	759	763	766	769	773	776	785	788	794
1A_SB	48	d	727	732	737	746	750	754	760	764	767	770	774	777	786	789	/
1A_SB	49	a	732	736	741	750	754	759	766	770	775	779	784	788	798	802	809
1A_SB	49	d	733	738	743	752	756	761	768	772	777	781	786	790	800	803	/
1A_SB	50	a	759	763	768	779	783	788	795	800	805	809	814	819	829	832	838
1A_SB	50	d	760	765	770	781	785	790	797	802	807	811	816	820	830	833	/
1A_SB	51	a	787	791	795	804	807	811	817	820	823	827	830	834	842	847	854
1A_SB	51	d	788	792	796	805	809	813	818	821	824	828	832	835	844	848	/
1A_SB	52	a	807	810	814	824	829	833	838	843	848	853	857	861	870	875	883
1A_SB	52	d	808	812	816	826	830	834	840	845	850	854	858	862	872	876	/
1A_SB	53	a	824	828	832	840	844	847	852	856	860	864	868	872	882	887	894
1A_SB	53	d	825	829	833	841	845	848	853	857	862	865	870	874	884	889	/
1A_SB	54	a	842	846	850	860	864	869	875	878	881	885	889	893	902	906	914
1A_SB	54	d	843	848	852	862	866	871	876	879	882	887	890	894	903	907	/
1A_SB	55	a	862	866	870	879	882	886	891	894	898	902	906	910	919	922	929
1A_SB	55	d	863	868	871	880	884	887	892	896	900	904	907	911	920	923	/
1A_SB	56	a	879	882	887	896	899	904	909	912	917	920	924	928	939	944	953
1A_SB	56	d	880	884	889	897	901	905	910	914	918	921	926	930	941	946	/
1A_SB	57	a	894	898	903	913	917	921	928	933	936	940	944	948	959	962	970
1A_SB	57	d	895	900	904	915	919	923	930	934	938	942	946	949	960	964	/
1A_SB	58	a	904	908	912	923	927	930	936	940	944	947	952	956	967	971	979
1A_SB	58	d	905	909	914	925	928	932	937	942	945	949	954	957	969	973	/
1A_SB	59	a	917	921	925	934	938	942	948	952	957	960	965	968	978	982	989
1A_SB	59	d	918	923	926	936	940	944	949	954	958	962	966	970	979	983	/
1A_SB	60	a	933	937	941	951	955	959	965	970	974	978	983	987	995	1000	1008
1A_SB	60	d	934	939	942	952	957	961	967	971	975	980	985	988	997	1002	/
1A_SB	61	a	949	953	958	968	972	976	982	987	991	996	1001	1005	1016	1019	1026
1A_SB	61	d	950	955	960	970	974	978	984	989	993	998	1003	1007	1017	1020	/
1A_SB	62	a	966	970	975	984	987	991	997	1001	1005	1008	1013	1016	1027	1031	1038
1A_SB	62	d	967	972	977	985	989	992	998	1002	1006	1010	1014	1018	1029	1032	/
1A_SB	63	a	980	984	989	1000	1004	1008	1014	1018	1022	1026	1029	1033	1041	1044	1052
1A_SB	63	d	981	986	991	1001	1006	1009	1016	1020	1024	1027	1030	1034	1042	1046	/
1A_SB	64	a	989	993	998	1009	1013	1016	1023	1026	1029	1033	1038	1043	1053	1057	1063
1A_SB	64	d	990	995	1000	1010	1014	1018	1024	1027	1031	1035	1040	1045	1054	1058	/
1A_NB	1	a	11	19	24	34	39	43	48	52	56	62	67	71	79	82	86
1A_NB	1	d	12	21	26	35	40	45	49	54	58	64	69	72	80	84	/
1A_NB	2	a	32	42	46	58	63	68	72	75	78	84	88	91	102	106	111
1A_NB	2	d	33	43	48	59	65	69	73	76	79	86	89	93	103	108	/
1A_NB	3	a	40	50	54	65	70	75	79	83	86	92	95	100	110	115	119
1A_NB	3	d	41	52	55	66	72	76	81	84	87	93	97	101	112	116	/
1A_NB	4	a	68	77	82	91	95	98	102	106	110	116	120	124	133	137	142
1A_NB	4	d	69	79	84	92	96	99	103	108	111	118	121	126	134	139	/
1A_NB	5	a	78	88	92	100	105	109	112	117	121	126	129	134	142	146	150
1A_NB	5	d	79	89	93	102	107	110	114	119	122	127	131	135	144	147	/
1A_NB	6	a	94	102	106	118	124	129	134	138	143	150	154	157	167	172	176
1A_NB	6	d	95	104	108	120	126	131	135	140	145	152	155	159	169	173	/
1A_NB	7	a	109	119	124	134	139	143	148	153	158	163	166	170	178	182	186
1A_NB	7	d	110	121	126	135	141	145	150	155	159	164	168	171	180	183	/
1A_NB	8	a	121	129	133	142	147	150	154	159	164	169	174	177	186	189	193
1A_NB	8	d	122	130	134	143	148	151	156	161	165	171	175	179	187	190	/
1A_NB	9	a	134	144	148	157	162	166	171	175	179	185	189	193	202	206	210
1A_NB	9	d	135	146	150	158	163	168	173	177	180	186	191	194	203	207	/
1A_NB	10	a	159	168	173	183	188	192	197	201	205	212	215	218	225	229	233
1A_NB	10	d	160	170	175	184	190	194	198	202	206	213	216	219	227	230	/
1A_NB	11	a	165	174	179	187	193	197	201	206	210	217	221	224	233	237	241
1A_NB	11	d	166	176	180	189	195	199	203	207	212	219	222	226	235	238	/
1A_NB	12	a	190	197	202	212	217	220	225	230	233	239	243	247	255	259	263
1A_NB	12	d	191	199	203	213	218	222	227	231	235	241	244	248	257	260	/
1A_NB	13	a	197	206	210	221	226	230	235	239	243	248	252	257	266	269	274
1A_NB	13	d	198	207	212	222	228	232	236	240	244	250	254	259	267	271	/
1A_NB	14	a	204	213	217	228	235	239	244	249	253	258	261	264	273	278	283
1A_NB	14	d	205	215	219	230	237	241	246	250	254	259	262	266	275	280	/
1A_NB	15	a	216	228	232	243	248	251	256	261	266	272	276	280	288	292	296
1A_NB	15	d	218	230	234	244	249	253	258	263	268	274	278	281	290	293	/
1A_NB	16	a	233	243	247	258	263	266	270	274	279	284	288	291	300	305	309
1A_NB	16	d	235	245	249	259	264	267	271	276	280	286	289	293	302	307	/
1A_NB	17	a	259	271	275	284	289	293	298	302	307	313	316	320	328	332	337
1A_NB	17	d	261	273	276	285	291	295	299	304	309	314	318	321	329	334	/
1A_NB	18	a	277	287	290	301	307	310	314	318	323	330	335	339	346	349	353
1A_NB	18	d	279	288	291	302	308	311	315	320	325	332	336	341	347	350	/
1A_NB	19	a	299	310	313	322	329	332	335	340	345	352	356	360	368	372	375
1A_NB	19	d	301	311	314	324	330	333	337	342	347	354	357	362	369	373	/
1A_NB	20	a	316	327	330	342	348	352	356	360	363	368	371	374	383	387	391
1A_NB	20	d	318	328	331	343	349	353	357	361	364	369	372	376	384	388	/
1A_NB	21	a	334	344	349	360	366	370	374	379	383	389	394	397	407	411	415
1A_NB	21	d	336	346	351	361	368	371	376	380	385	391	395	399	409	412	/
1A_NB	22	a	349	358	363	374	379	382	385	390	393	399	404	408	417	421	425
1A_NB	22	d	351	360	365	375	380	383	387	391	394	401	405	410	419	422	/
1A_NB	23	a	362	369	374	384	389	394	398	403	407	413	416	420	431	435	439
1A_NB	23	d	363	371	376	385	391	396	400	405	409	414	417	422	433	436	/
1A_NB	24	a	372	379	383	393	398	402	405	409	413	419	423	427	438	443	447
1A_NB	24	d	373	381	385	394	399	403	406	411	415	421	425	429	440	444	/
1A_NB	25	a	398	407	410	418	424	428	432	436	440	447	451	456	466	470	475
1A_NB	25	d	399	408	411	419	425	429	433	437	442	449	453	458	468	472	/
1A_NB	26	a	409	419	422	432	438	441	445	450	455	462	466	471	480	483	487
1A_NB	26	d	410	420	423	434	439	442	447	452	457	464	468	473	481	484	/
1A_NB	27	a	418	428	432	443	449	452	456	459	463	469	473	478	488	492	496
1A_NB	27	d	419	430	434	444	450	453	457	460	464	471	475	480	490	493	/
1A_NB	28	a	438	446	451	461	467	470	474	478	483	488	492	495	504	509	513
1A_NB	28	d	439	448	453	463	468	472	475	480	484	490	493	497	506	510	/
1A_NB	29	a	448	456	459	468	474	477	480	485	490	495	499	503	512	515	519
1A_NB	29	d	449	457	460	469	475	478	482	487	491	497	501	505	513	516	/
1A_NB	30	a	452	461	464	473	480	485	489	493	497	503	506	510	519	523	528
1A_NB	30	d	454	462	466	475	482	486	490	494	498	504	508	512	521	525	/
1A_NB	31	a	458	467	471	480	486	490	494	499	502	509	514	517	526	530	535
1A_NB	31	d	460	469	473	481	487	491	496	500	504	511	515	519	527	532	/
1A_NB	32	a	467	478	481	490	496	500	503	507	511	517	521	524	532	537	541
1A_NB	32	d	469	479	482	491	497	501	504	509	512	518	522	525	534	538	/
1A_NB	33	a	479	489	493	503	509	513	518	522	526	534	539	543	552	557	563
1A_NB	33	d	481	490	495	505	510	515	519	524	528	536	541	545	554	559	/
1A_NB	34	a	504	514	518	531	536	539	542	547	551	557	561	564	573	577	582
1A_NB	34	d	506	516	520	532	537	540	544	548	553	559	562	565	575	578	/
1A_NB	35	a	520	529	533	543	550	554	558	563	567	573	578	581	589	594	599
1A_NB	35	d	522	531	535	545	552	555	560	565	569	575	579	582	591	596	/
1A_NB	36	a	537	547	552	561	566	571	575	580	585	590	593	597	607	610	614
1A_NB	36	d	539	549	553	562	568	572	576	582	586	591	594	598	608	611	/
1A_NB	37	a	559	568	572	582	587	590	594	599	602	607	611	614	623	628	633
1A_NB	37	d	561	570	573	583	588	591	596	600	603	609	612	616	625	630	/
1A_NB	38	a	576	586	590	602	608	612	616	621	625	632	635	638	647	651	654
1A_NB	38	d	578	588	592	604	609	613	618	622	627	633	636	639	649	652	/
1A_NB	39	a	589	597	601	609	615	620	625	629	632	637	641	644	652	656	659
1A_NB	39	d	590	599	602	611	617	622	626	630	633	639	642	645	654	657	/
1A_NB	40	a	605	615	618	628	634	637	641	645	648	655	660	665	675	679	684
1A_NB	40	d	606	616	619	630	635	638	642	646	650	657	662	667	677	681	/
1A_NB	41	a	622	630	635	643	648	652	657	661	666	672	676	679	689	694	699
1A_NB	41	d	623	632	636	644	649	654	659	663	668	674	677	680	691	696	/
1A_NB	42	a	647	656	660	669	676	680	684	688	692	698	702	706	715	720	725
1A_NB	42	d	648	658	662	671	677	682	686	689	693	700	704	707	717	722	/
1A_NB	43	a	663	673	676	686	691	696	700	704	708	715	719	722	732	737	741
1A_NB	43	d	664	674	678	687	693	697	701	705	710	717	720	724	734	738	/
1A_NB	44	a	679	690	693	704	709	712	717	722	727	733	737	741	752	756	760
1A_NB	44	d	680	691	695	705	710	714	719	724	728	735	739	743	753	758	/
1A_NB	45	a	684	695	699	709	714	718	722	727	732	739	743	747	758	763	768
1A_NB	45	d	685	697	700	710	716	720	724	729	734	741	745	749	760	765	/
1A_NB	46	a	703	712	716	726	733	737	741	746	750	756	760	764	774	778	782
1A_NB	46	d	704	714	717	728	734	738	743	748	751	757	762	766	775	779	/
1A_NB	47	a	723	732	735	744	750	754	759	763	766	773	777	780	789	793	798
1A_NB	47	d	724	733	737	746	752	756	760	764	768	775	778	782	790	795	/
1A_NB	48	a	745	755	759	768	774	778	781	785	790	796	800	803	811	815	819
1A_NB	48	d	746	757	760	770	775	779	782	787	791	798	801	805	812	816	/
1A_NB	49	a	759	769	774	786	792	796	799	804	808	813	817	820	827	831	835
1A_NB	49	d	760	771	776	788	793	797	801	805	809	815	818	821	828	832	/
1A_NB	50	a	770	780	784	795	801	805	808	812	816	823	826	830	840	844	849
1A_NB	50	d	771	782	786	797	802	806	809	813	818	824	828	832	841	846	/
1A_NB	51	a	786	797	800	812	817	821	826	830	834	840	844	848	855	859	863
1A_NB	51	d	787	798	802	813	818	823	828	831	836	842	845	850	856	860	/
1A_NB	52	a	809	820	825	835	840	845	850	854	858	863	866	870	878	882	887
1A_NB	52	d	810	822	826	836	842	847	851	856	859	864	868	871	880	884	/
1A_NB	53	a	828	839	842	851	857	861	866	870	873	880	883	887	897	901	905
1A_NB	53	d	829	840	843	853	859	863	867	871	875	881	885	889	899	902	/
1A_NB	54	a	838	849	853	862	867	871	875	880	884	891	895	898	906	911	916
1A_NB	54	d	839	851	854	863	869	872	877	882	886	893	896	900	908	913	/
1A_NB	55	a	851	863	867	877	884	888	892	896	901	907	911	914	924	928	932
1A_NB	55	d	852	865	869	879	885	889	893	898	903	909	912	916	925	929	/
1A_NB	56	a	871	882	886	897	903	906	910	914	919	925	929	934	944	948	952
1A_NB	56	d	872	883	887	898	904	907	911	916	921	927	931	936	946	949	/
1A_NB	57	a	893	902	905	916	921	926	931	936	940	946	949	953	961	966	970
1A_NB	57	d	894	903	906	917	923	928	933	938	942	947	951	954	963	968	/
1A_NB	58	a	911	921	924	935	940	944	947	952	955	961	965	969	978	983	988
1A_NB	58	d	912	922	926	936	942	945	949	953	956	963	967	971	980	985	/
1A_NB	59	a	938	947	950	961	967	971	975	980	983	990	993	996	1004	1008	1012
1A_NB	59	d	939	948	952	963	968	972	977	981	985	991	994	998	1006	1010	/
1A_NB	60	a	956	966	969	978	984	988	991	995	999	1005	1008	1013	1022	1026	1030
1A_NB	60	d	957	967	971	980	985	989	992	997	1000	1006	1010	1015	1023	1028	/
1A_NB	61	a	978	988	992	1003	1009	1013	1018	1022	1026	1033	1038	1042	1050	1053	1056
1A_NB	61	d	979	989	993	1005	1010	1015	1019	1023	1028	1035	1040	1043	1051	1054	/
1A_NB	62	a	992	1001	1004	1013	1019	1023	1028	1032	1037	1044	1049	1053	1060	1063	1067
1A_NB	62	d	993	1002	1005	1015	1021	1025	1029	1034	1039	1046	1051	1054	1061	1065	/
1A_NB	63	a	1005	1014	1018	1027	1033	1037	1041	1044	1048	1054	1059	1062	1069	1074	1078
1A_NB	63	d	1006	1015	1019	1029	1035	1038	1042	1046	1050	1056	1060	1063	1071	1076	/
1A_NB	64	a	1020	1029	1033	1044	1050	1054	1058	1062	1065	1070	1075	1079	1087	1092	1096
1A_NB	64	d	1021	1031	1035	1045	1052	1055	1059	1063	1066	1072	1077	1080	1089	1093	/
2A_NB	1	a	6	10	16	21	26	33	38	42	51	55	60	63	66	71	77	79	84	89
2A_NB	1	d	7	11	18	23	28	35	40	43	52	56	61	64	68	72	78	81	86	/
2A_NB	2	a	23	26	32	37	40	47	50	54	62	65	70	73	77	81	86	88	92	96
2A_NB	2	d	24	27	34	38	41	48	51	55	63	66	71	75	79	82	87	90	93	/
2A_NB	3	a	37	40	47	51	55	61	65	69	77	82	88	90	94	99	105	107	112	116
2A_NB	3	d	38	42	48	52	57	63	66	71	79	83	89	92	96	100	106	109	113	/
2A_NB	4	a	43	46	52	56	60	67	71	76	85	89	95	97	101	105	112	115	120	124
2A_NB	4	d	44	47	53	57	62	69	73	77	86	90	96	99	102	107	114	117	121	/
2A_NB	5	a	48	51	58	63	67	74	78	81	91	95	101	103	107	112	119	121	126	130
2A_NB	5	d	49	53	60	64	69	76	79	83	93	96	102	105	109	114	120	123	127	/
2A_NB	6	a	72	75	81	85	88	95	100	105	113	117	122	125	128	131	138	140	145	148
2A_NB	6	d	73	76	83	86	90	97	102	106	114	118	124	126	129	132	139	142	146	/
2A_NB	7	a	84	87	93	97	101	108	112	116	124	129	135	139	142	146	154	156	159	162
2A_NB	7	d	85	88	94	99	103	109	114	117	126	130	137	140	143	148	155	157	160	/
2A_NB	8	a	93	96	103	107	111	116	121	125	132	137	142	146	149	154	161	164	169	174
2A_NB	8	d	94	98	104	108	112	118	122	126	134	138	144	147	151	155	163	166	171	/
2A_NB	9	a	111	115	120	124	128	134	138	141	150	155	161	165	168	173	179	181	185	189
2A_NB	9	d	112	116	121	125	129	135	139	142	152	157	163	167	170	174	180	183	187	/
2A_NB	10	a	126	130	136	140	145	151	155	158	168	172	179	183	186	190	197	200	205	208
2A_NB	10	d	127	131	137	142	146	153	156	160	169	174	181	184	187	192	199	202	206	/
2A_NB	11	a	139	143	150	154	158	165	169	172	182	187	193	196	199	204	211	213	217	220
2A_NB	11	d	140	145	152	156	160	166	170	174	184	189	194	197	201	206	212	215	218	/
2A_NB	12	a	147	151	157	161	165	171	176	180	190	195	201	204	207	211	217	220	224	228
2A_NB	12	d	148	152	159	163	167	173	178	182	192	197	202	205	208	213	219	222	226	/
2A_NB	13	a	157	160	167	170	173	179	184	188	198	203	209	212	216	220	225	227	232	236
2A_NB	13	d	158	162	168	171	175	181	185	190	200	205	210	214	217	221	226	229	234	/
2A_NB	14	a	168	171	178	182	186	193	197	200	209	213	218	221	225	230	235	238	242	245
2A_NB	14	d	169	173	180	184	188	195	198	202	210	214	219	223	227	231	237	239	243	/
2A_NB	15	a	180	183	189	192	196	203	207	210	218	222	227	231	234	238	243	246	251	255
2A_NB	15	d	181	185	190	194	198	205	208	211	219	223	229	232	235	239	245	248	253	/
2A_NB	16	a	199	202	207	211	215	221	225	229	240	244	249	252	256	260	265	268	271	276
2A_NB	16	d	200	204	209	212	216	222	227	231	241	245	250	254	257	261	267	269	273	/
2A_NB	17	a	212	215	220	224	228	234	238	241	250	255	262	266	270	273	278	281	285	290
2A_NB	17	d	213	216	222	226	230	235	239	243	252	257	264	268	271	274	279	283	287	/
2A_NB	18	a	239	242	247	251	254	260	264	267	277	282	287	290	293	296	302	306	310	314
2A_NB	18	d	240	243	249	252	255	261	265	268	279	283	289	292	294	297	304	308	311	/
2A_NB	19	a	254	258	265	268	272	278	282	285	294	298	304	307	311	315	321	323	328	333
2A_NB	19	d	255	260	266	269	273	279	283	286	296	300	306	309	312	317	322	325	330	/
2A_NB	20	a	276	279	284	288	293	298	302	305	314	317	322	326	330	335	342	345	349	354
2A_NB	20	d	277	280	285	290	294	299	303	306	315	318	324	328	332	337	344	347	351	/
2A_NB	21	a	287	291	296	301	304	311	316	320	331	336	342	345	348	351	358	361	366	371
2A_NB	21	d	288	292	298	302	306	313	317	322	333	338	343	347	349	352	360	363	368	/
2A_NB	22	a	300	303	309	313	316	323	328	332	342	346	353	355	357	361	367	369	373	377
2A_NB	22	d	301	304	311	314	318	325	330	333	343	348	354	356	359	363	368	370	374	/
2A_NB	23	a	328	331	336	340	344	351	355	360	368	371	376	379	382	386	392	394	399	403
2A_NB	23	d	329	332	337	341	346	352	357	362	369	372	378	380	384	387	393	396	400	/
2A_NB	24	a	342	346	352	356	361	366	370	374	381	385	391	395	397	401	407	411	416	420
2A_NB	24	d	343	347	354	358	362	367	372	375	382	387	393	396	398	403	409	413	418	/
2A_NB	25	a	353	356	363	367	370	376	379	382	389	393	400	403	406	410	416	419	422	427
2A_NB	25	d	354	358	364	368	372	377	380	383	391	395	401	405	407	411	417	420	424	/
2A_NB	26	a	370	373	379	383	387	393	398	401	409	412	417	419	422	427	433	436	440	444
2A_NB	26	d	371	375	381	384	388	395	399	403	410	413	418	421	424	428	435	437	442	/
2A_NB	27	a	377	381	386	389	394	401	406	410	419	422	428	431	434	438	444	447	452	457
2A_NB	27	d	378	382	387	391	395	403	408	412	420	424	429	433	435	440	446	449	454	/
2A_NB	28	a	393	397	404	408	412	417	422	425	432	435	441	445	448	452	458	461	466	471
2A_NB	28	d	394	399	406	410	413	419	423	426	433	436	443	446	449	454	459	463	468	/
2A_NB	29	a	418	422	428	432	436	443	446	451	458	462	467	470	473	478	484	486	490	495
2A_NB	29	d	419	424	430	434	437	444	448	452	459	463	469	471	475	480	485	488	492	/
2A_NB	30	a	430	433	438	442	446	453	456	460	468	473	479	483	485	489	494	496	499	503
2A_NB	30	d	431	434	440	443	447	454	458	462	470	474	481	484	486	490	495	497	500	/
2A_NB	31	a	444	448	453	458	463	468	472	476	485	488	495	498	501	506	512	516	520	525
2A_NB	31	d	445	449	455	460	464	470	473	478	486	490	496	500	503	508	514	517	522	/
2A_NB	32	a	457	460	466	470	473	480	485	489	498	503	509	513	517	522	528	532	536	541
2A_NB	32	d	458	462	467	471	475	482	487	491	500	504	511	515	519	524	530	533	538	/
2A_NB	33	a	467	470	475	479	483	490	495	498	508	513	520	523	526	530	536	539	543	548
2A_NB	33	d	468	471	476	480	485	492	496	500	510	515	521	524	527	532	537	541	545	/
2A_NB	34	a	491	494	500	504	507	512	517	520	530	534	539	541	544	548	553	555	559	563
2A_NB	34	d	492	496	502	505	508	514	518	522	532	535	540	542	545	549	554	557	560	/
2A_NB	35	a	499	502	507	511	516	522	526	531	538	541	546	549	552	557	562	565	568	572
2A_NB	35	d	500	503	509	513	517	523	528	532	539	543	548	550	554	558	563	566	569	/
2A_NB	36	a	519	523	529	533	538	545	549	552	559	564	569	572	574	578	584	588	592	596
2A_NB	36	d	520	525	531	535	540	547	550	553	561	565	571	573	575	580	586	589	593	/
2A_NB	37	a	536	539	546	549	553	560	564	568	577	582	587	589	592	597	602	605	610	614
2A_NB	37	d	537	541	547	551	555	561	566	569	579	583	588	591	594	598	604	607	612	/
2A_NB	38	a	565	569	575	579	582	589	594	597	604	609	614	616	619	622	629	631	635	640
2A_NB	38	d	566	571	577	580	584	591	595	598	606	610	615	617	620	624	630	632	637	/
2A_NB	39	a	571	575	580	584	589	595	599	603	611	615	622	625	629	633	639	641	646	650
2A_NB	39	d	572	576	582	586	591	596	601	604	612	617	624	627	631	634	640	643	648	/
2A_NB	40	a	587	591	596	600	603	608	611	615	624	628	634	636	639	643	649	651	655	659
2A_NB	40	d	588	592	597	601	604	609	613	616	626	630	635	637	641	644	650	653	657	/
2A_NB	41	a	610	614	619	623	628	636	641	644	651	654	660	663	666	671	676	679	684	687
2A_NB	41	d	611	615	620	625	630	638	642	645	652	656	662	665	668	672	678	681	685	/
2A_NB	42	a	618	622	627	632	636	643	647	650	658	661	666	669	672	677	683	685	689	693
2A_NB	42	d	619	623	629	634	637	644	648	652	659	662	668	671	674	678	684	686	690	/
2A_NB	43	a	638	642	648	653	657	662	666	669	677	681	687	690	692	697	704	706	710	715
2A_NB	43	d	639	643	650	654	658	663	667	671	678	683	688	691	694	699	705	708	712	/
2A_NB	44	a	648	652	659	662	666	673	677	680	689	692	698	701	704	709	716	719	722	726
2A_NB	44	d	649	654	660	663	668	674	678	682	690	693	700	703	706	711	718	720	723	/
2A_NB	45	a	659	663	668	672	677	684	688	691	698	702	709	712	715	720	728	731	735	739
2A_NB	45	d	660	664	670	674	678	686	689	692	700	704	711	713	717	722	730	733	736	/
2A_NB	46	a	687	690	697	701	705	711	716	720	728	731	737	741	744	748	753	755	759	764
2A_NB	46	d	688	692	699	703	706	713	717	721	729	733	739	743	745	749	754	756	761	/
2A_NB	47	a	702	706	713	717	721	727	731	736	745	749	756	758	762	767	775	778	782	785
2A_NB	47	d	703	708	715	718	723	729	733	738	746	751	757	760	764	769	776	780	783	/
2A_NB	48	a	715	718	724	728	732	737	741	746	755	760	767	769	773	777	785	788	791	795
2A_NB	48	d	716	719	726	730	733	738	743	748	757	762	768	771	774	779	787	789	793	/
2A_NB	49	a	735	738	744	747	751	757	761	766	774	779	784	787	790	794	801	804	809	814
2A_NB	49	d	736	739	745	748	753	758	763	767	776	780	786	788	791	796	803	806	811	/
2A_NB	50	a	755	758	764	767	771	776	780	784	794	798	806	809	812	817	822	825	829	834
2A_NB	50	d	756	760	765	768	772	778	782	786	795	800	808	810	814	818	824	827	831	/
2A_NB	51	a	767	770	775	778	782	789	793	797	805	810	816	819	823	828	833	835	838	843
2A_NB	51	d	768	771	776	779	784	790	795	798	807	812	817	821	825	829	834	836	840	/
2A_NB	52	a	794	798	804	808	811	817	820	824	833	836	843	846	849	853	859	863	867	872
2A_NB	52	d	795	800	805	809	812	818	822	826	834	838	844	847	851	854	861	864	869	/
2A_NB	53	a	815	819	825	829	832	837	842	846	854	858	864	867	869	874	880	884	889	893
2A_NB	53	d	816	820	827	830	833	839	844	847	855	860	865	868	871	875	882	886	890	/
2A_NB	54	a	834	837	842	846	850	857	861	864	873	877	883	887	889	893	898	901	905	909
2A_NB	54	d	835	838	844	847	852	859	862	865	874	879	885	888	890	894	899	903	906	/
2A_NB	55	a	847	850	855	858	863	868	871	875	884	887	893	896	898	902	909	912	915	919
2A_NB	55	d	848	851	856	860	864	869	872	876	885	888	894	897	899	904	911	913	916	/
2A_NB	56	a	860	864	871	874	877	885	889	892	903	907	914	918	921	925	932	936	941	945
2A_NB	56	d	861	866	872	875	879	887	890	894	904	908	916	919	922	927	934	938	942	/
2A_NB	57	a	890	894	901	904	907	912	916	921	930	934	940	943	947	951	957	960	965	969
2A_NB	57	d	891	896	902	905	908	913	918	922	931	935	942	945	949	953	959	962	966	/
2A_NB	58	a	905	909	916	919	922	928	932	936	947	950	957	959	961	966	972	975	979	984
2A_NB	58	d	906	910	917	920	923	929	933	938	948	952	958	960	963	968	973	976	981	/
2A_NB	59	a	924	927	934	937	942	948	952	957	965	970	976	980	984	988	994	997	1001	1006
2A_NB	59	d	925	929	935	939	943	949	954	959	967	972	978	982	985	990	995	999	1003	/
2A_NB	60	a	950	954	960	964	969	976	980	984	994	998	1004	1007	1009	1014	1019	1022	1025	1029
2A_NB	60	d	951	956	962	966	970	978	982	986	995	1000	1006	1008	1011	1015	1020	1023	1026	/
2A_NB	61	a	958	962	969	973	977	984	988	991	1000	1004	1010	1013	1016	1020	1026	1030	1034	1037
2A_NB	61	d	959	964	971	974	978	986	989	992	1001	1006	1012	1015	1017	1022	1028	1032	1035	/
2A_NB	62	a	986	989	995	998	1002	1008	1013	1017	1027	1031	1037	1040	1043	1048	1055	1059	1064	1068
2A_NB	62	d	987	991	996	1000	1003	1010	1014	1019	1029	1033	1038	1041	1045	1050	1057	1061	1065	/
2A_NB	63	a	997	1001	1006	1010	1014	1020	1025	1029	1037	1041	1048	1051	1054	1058	1064	1067	1071	1076
2A_NB	63	d	998	1002	1007	1012	1016	1022	1027	1030	1038	1043	1050	1052	1055	1059	1065	1068	1073	/
2A_NB	64	a	1017	1020	1026	1030	1033	1039	1044	1047	1056	1059	1064	1068	1070	1074	1080	1083	1087	1090
2A_NB	64	d	1018	1022	1027	1031	1035	1041	1045	1049	1057	1060	1066	1069	1072	1075	1081	1084	1088	/
2A_SB	1	a	27	30	33	36	43	46	49	53	57	63	67	73	77	81	88	91	96	100
2A_SB	1	d	28	31	34	38	44	47	50	55	59	64	68	74	78	83	89	93	98	/
2A_SB	2	a	54	57	60	64	69	72	76	79	83	88	91	97	102	106	112	116	120	123
2A_SB	2	d	55	58	62	65	71	74	77	80	84	89	92	99	103	108	113	117	121	/
2A_SB	3	a	63	67	71	74	79	82	86	89	92	96	100	106	109	112	117	121	125	128
2A_SB	3	d	64	69	72	75	80	83	87	90	93	98	101	107	110	113	118	122	126	/
2A_SB	4	a	76	80	83	87	93	97	102	106	109	114	118	124	129	132	137	142	146	149
2A_SB	4	d	78	82	85	89	95	99	103	107	110	116	119	126	130	133	139	143	147	/
2A_SB	5	a	90	94	97	100	105	108	111	114	117	123	127	134	137	141	146	151	155	158
2A_SB	5	d	92	95	98	101	106	109	112	115	119	124	129	135	138	142	148	153	156	/
2A_SB	6	a	98	101	105	109	115	118	123	127	130	135	139	144	147	151	157	161	165	168
2A_SB	6	d	99	103	106	111	116	120	124	128	131	136	140	145	148	153	158	163	166	/
2A_SB	7	a	121	125	129	133	139	141	145	149	153	159	164	169	173	178	184	189	192	197
2A_SB	7	d	122	127	130	135	140	142	146	150	154	161	165	170	175	179	186	190	194	/
2A_SB	8	a	137	141	144	148	153	156	159	163	167	172	175	180	184	188	194	197	200	204
2A_SB	8	d	139	143	146	149	154	157	160	164	168	173	176	181	185	189	195	198	201	/
2A_SB	9	a	146	150	153	157	162	166	170	173	177	182	185	193	198	202	208	211	215	219
2A_SB	9	d	148	151	154	158	164	168	171	175	178	183	187	195	199	203	209	213	216	/
2A_SB	10	a	151	156	160	164	169	173	176	179	183	188	191	198	203	207	213	217	221	226
2A_SB	10	d	153	158	161	165	171	174	177	180	184	189	192	200	204	208	215	219	223	/
2A_SB	11	a	163	168	172	176	182	186	190	193	197	205	210	217	222	226	233	237	241	245
2A_SB	11	d	165	170	174	178	184	188	191	195	199	207	212	219	223	227	235	238	243	/
2A_SB	12	a	181	186	188	191	197	200	204	207	210	216	220	227	230	235	242	245	248	251
2A_SB	12	d	183	187	189	192	198	202	205	208	211	217	222	228	231	236	243	246	249	/
2A_SB	13	a	197	202	204	208	214	217	222	225	228	234	238	243	247	252	257	262	267	272
2A_SB	13	d	199	203	205	209	216	219	223	226	229	235	239	245	249	253	259	264	269	/
2A_SB	14	a	210	216	219	224	230	234	239	243	246	251	254	259	263	266	272	275	279	283
2A_SB	14	d	212	217	221	226	232	236	240	244	247	252	255	260	264	267	273	276	281	/
2A_SB	15	a	216	222	225	229	235	239	244	249	252	257	261	266	270	274	281	285	290	294
2A_SB	15	d	218	223	226	231	237	241	246	250	253	258	262	267	271	276	283	287	292	/
2A_SB	16	a	240	245	249	253	259	262	265	268	272	277	280	285	290	294	299	304	308	312
2A_SB	16	d	242	247	250	255	260	263	266	269	273	278	281	287	292	295	301	306	309	/
2A_SB	17	a	247	252	255	259	265	269	274	279	283	288	293	298	302	306	312	316	320	323
2A_SB	17	d	249	253	257	261	267	271	276	281	284	290	294	299	303	307	313	317	321	/
2A_SB	18	a	260	264	268	273	280	284	289	294	297	303	307	314	317	321	327	332	336	339
2A_SB	18	d	262	266	270	275	282	286	291	295	298	305	309	315	318	322	329	333	337	/
2A_SB	19	a	283	288	290	294	301	303	308	313	317	322	325	330	334	337	343	347	350	354
2A_SB	19	d	285	289	291	296	302	305	310	315	318	323	326	331	335	338	344	348	352	/
2A_SB	20	a	301	306	309	312	317	320	325	329	333	339	343	349	353	356	363	367	370	373
2A_SB	20	d	303	307	310	313	318	322	326	331	335	341	345	350	354	357	364	368	371	/
2A_SB	21	a	317	322	325	328	334	337	341	344	349	354	358	363	367	370	376	380	384	387
2A_SB	21	d	319	324	326	330	336	339	342	346	350	356	359	365	368	371	377	381	385	/
2A_SB	22	a	330	334	337	340	345	348	352	355	359	365	368	374	377	381	387	391	395	398
2A_SB	22	d	332	335	338	341	346	349	353	356	360	366	369	375	378	382	388	392	396	/
2A_SB	23	a	339	343	346	349	356	359	363	367	370	376	380	386	389	392	398	402	407	410
2A_SB	23	d	341	344	347	351	357	360	364	368	371	377	382	387	390	393	399	404	408	/
2A_SB	24	a	357	362	364	367	374	377	382	385	388	393	398	403	406	411	418	422	426	429
2A_SB	24	d	359	363	365	369	376	379	383	386	389	395	399	404	408	413	420	423	427	/
2A_SB	25	a	363	368	371	375	381	384	389	394	398	404	409	415	419	423	429	432	436	440
2A_SB	25	d	365	370	373	377	383	386	391	396	400	406	410	416	420	424	430	433	438	/
2A_SB	26	a	378	383	386	390	395	398	402	407	410	417	421	427	430	434	439	442	446	450
2A_SB	26	d	380	385	387	391	397	400	404	408	412	418	423	428	431	435	440	443	448	/
2A_SB	27	a	388	392	394	399	404	407	411	414	418	424	428	433	436	440	445	448	453	457
2A_SB	27	d	389	393	396	400	405	409	412	416	419	425	429	434	437	441	446	450	455	/
2A_SB	28	a	403	407	411	416	422	424	428	433	437	443	446	453	458	463	468	472	476	479
2A_SB	28	d	405	409	413	418	423	426	430	435	438	444	448	455	460	464	470	473	477	/
2A_SB	29	a	424	428	431	435	442	445	449	453	456	462	465	470	474	478	484	487	490	493
2A_SB	29	d	426	430	433	437	444	447	451	454	458	463	466	471	475	479	485	488	491	/
2A_SB	30	a	439	443	446	449	454	457	461	464	469	476	481	487	490	495	501	504	507	511
2A_SB	30	d	441	444	447	450	456	459	462	466	471	478	483	488	492	496	502	505	508	/
2A_SB	31	a	450	455	457	460	465	468	472	476	480	486	489	494	499	503	509	512	515	518
2A_SB	31	d	452	456	458	461	466	469	473	477	481	487	490	496	500	504	510	513	516	/
2A_SB	32	a	458	463	465	470	475	478	483	487	490	496	499	506	511	515	522	525	530	533
2A_SB	32	d	460	464	467	471	476	480	484	488	491	497	501	508	512	517	523	527	531	/
2A_SB	33	a	480	485	489	493	498	501	505	509	512	519	523	529	533	537	543	546	550	553
2A_SB	33	d	482	487	490	494	499	502	506	510	514	520	525	530	534	538	544	547	551	/
2A_SB	34	a	497	501	504	509	514	516	520	524	527	533	536	541	544	547	553	556	560	563
2A_SB	34	d	499	503	506	510	515	517	521	525	528	534	537	542	545	548	554	557	561	/
2A_SB	35	a	509	513	516	519	525	528	532	536	540	546	550	556	559	563	568	571	576	581
2A_SB	35	d	511	514	517	521	526	530	534	538	542	548	552	557	560	564	569	573	578	/
2A_SB	36	a	523	527	531	534	539	542	545	548	552	558	562	566	569	573	578	582	586	589
2A_SB	36	d	525	529	532	535	540	543	546	549	554	560	563	567	570	574	580	583	587	/
2A_SB	37	a	537	541	544	548	554	556	559	563	567	573	577	582	585	589	594	597	601	604
2A_SB	37	d	539	542	545	549	555	557	561	565	568	574	578	583	586	590	595	598	602	/
2A_SB	38	a	556	560	562	565	570	573	577	580	585	591	595	601	605	609	616	620	623	626
2A_SB	38	d	557	561	563	566	571	574	578	582	587	592	597	603	606	611	618	621	624	/
2A_SB	39	a	574	578	581	584	591	595	600	604	608	614	618	623	626	631	638	641	645	649
2A_SB	39	d	575	580	582	586	593	597	602	606	609	615	619	624	628	633	639	642	647	/
2A_SB	40	a	585	589	591	595	602	604	607	611	614	620	625	631	636	640	646	649	653	657
2A_SB	40	d	586	590	593	597	603	605	609	612	616	622	627	633	637	641	647	651	655	/
2A_SB	41	a	612	615	617	621	627	629	634	638	643	649	652	658	661	664	669	673	677	680
2A_SB	41	d	613	616	619	622	628	631	636	640	644	650	654	659	662	665	671	675	678	/
2A_SB	42	a	628	631	634	637	642	645	649	652	657	664	668	674	677	681	688	691	695	699
2A_SB	42	d	629	632	635	639	643	647	650	654	659	665	669	675	678	683	689	692	696	/
2A_SB	43	a	640	644	648	652	657	660	665	669	673	679	683	690	695	699	706	709	714	718
2A_SB	43	d	641	646	650	653	658	662	667	671	675	680	685	692	696	701	707	711	715	/
2A_SB	44	a	661	664	666	669	676	679	683	687	692	698	701	707	711	716	722	726	729	734
2A_SB	44	d	662	665	667	671	678	680	684	689	694	699	703	709	713	717	724	727	731	/
2A_SB	45	a	669	672	674	678	685	687	692	696	700	706	709	714	718	722	728	732	735	739
2A_SB	45	d	670	673	676	680	686	689	693	697	702	707	710	716	719	723	730	733	736	/
2A_SB	46	a	690	694	697	701	706	708	713	716	720	726	729	736	739	744	751	754	758	761
2A_SB	46	d	691	695	699	702	707	710	714	718	721	727	731	737	741	746	752	755	759	/
2A_SB	47	a	699	703	706	710	716	719	723	727	731	738	743	748	753	757	763	766	770	775
2A_SB	47	d	700	705	707	711	718	721	725	729	733	740	744	750	754	758	764	768	772	/
2A_SB	48	a	707	711	714	719	725	729	732	735	738	745	749	754	758	762	768	771	775	780
2A_SB	48	d	708	713	716	721	727	730	733	736	739	746	750	755	759	763	769	773	777	/
2A_SB	49	a	732	736	738	742	747	750	753	757	761	767	771	778	782	786	793	798	802	805
2A_SB	49	d	733	737	739	743	748	751	754	759	762	769	773	779	783	788	795	800	803	/
2A_SB	50	a	741	745	748	752	758	762	766	770	773	778	782	787	791	795	802	807	811	814
2A_SB	50	d	742	747	750	754	760	764	768	771	774	780	783	789	792	796	804	809	812	/
2A_SB	51	a	759	762	765	770	775	778	783	786	790	795	798	803	807	811	817	820	825	829
2A_SB	51	d	760	763	767	771	777	780	784	788	791	796	799	804	808	812	818	822	827	/
2A_SB	52	a	765	769	772	777	783	787	791	794	798	806	809	814	818	823	829	833	836	840
2A_SB	52	d	766	770	774	779	785	788	792	796	800	807	810	815	820	824	831	834	838	/
2A_SB	53	a	790	794	797	801	806	810	814	818	822	828	831	836	841	846	852	856	859	862
2A_SB	53	d	791	795	798	802	808	811	815	819	823	829	832	838	843	847	853	857	860	/
2A_SB	54	a	805	809	812	817	823	827	831	834	838	845	850	857	861	865	871	874	879	883
2A_SB	54	d	806	811	814	819	825	829	832	835	840	847	852	859	862	866	872	876	881	/
2A_SB	55	a	822	826	830	833	839	843	848	852	856	861	864	869	872	877	883	886	890	893
2A_SB	55	d	823	828	831	834	841	845	850	853	857	862	865	870	874	878	884	887	891	/
2A_SB	56	a	837	841	844	847	852	856	860	863	867	872	875	881	885	889	896	899	903	907
2A_SB	56	d	838	843	845	848	854	858	861	865	868	873	877	883	886	891	897	901	905	/
2A_SB	57	a	859	862	864	868	875	877	882	887	891	897	900	906	911	915	923	928	932	936
2A_SB	57	d	860	863	866	870	876	879	884	889	892	898	901	908	912	917	925	930	933	/
2A_SB	58	a	881	884	886	890	896	899	903	907	910	917	921	927	930	934	940	945	949	953
2A_SB	58	d	882	885	888	891	898	901	904	908	912	919	922	928	932	936	942	947	951	/
2A_SB	59	a	889	893	895	899	905	909	912	917	922	929	934	940	945	949	956	959	963	966
2A_SB	59	d	890	894	897	901	907	910	914	919	923	931	936	942	946	951	957	961	964	/
2A_SB	60	a	914	918	921	925	930	933	937	942	946	952	955	961	965	970	977	982	985	990
2A_SB	60	d	915	919	922	926	932	935	939	944	947	953	956	963	967	972	979	983	987	/
2A_SB	61	a	931	935	938	943	949	952	955	960	964	969	974	979	983	986	992	995	998	1003
2A_SB	61	d	932	937	940	945	951	953	957	961	965	971	975	980	984	988	993	996	1000	/
2A_SB	62	a	960	964	967	970	977	980	984	989	993	998	1003	1007	1011	1014	1021	1024	1029	1032
2A_SB	62	d	961	966	968	972	978	981	986	991	994	1000	1004	1008	1012	1016	1022	1026	1030	/
2A_SB	63	a	970	974	977	981	987	990	994	999	1002	1008	1011	1016	1021	1024	1029	1033	1038	1042
2A_SB	63	d	971	976	979	982	988	991	996	1000	1004	1009	1012	1018	1022	1025	1031	1035	1039	/
2A_SB	64	a	986	989	992	996	1001	1004	1008	1012	1016	1022	1027	1033	1037	1042	1048	1051	1056	1060
2A_SB	64	d	987	991	994	997	1002	1005	1010	1014	1017	1024	1029	1035	1039	1044	1049	1053	1057	/
3A_SB	1	a	4	9	13	21	24	28	32	36	39	42	46	50	54	57	60	66	70
3A_SB	1	d	5	10	15	22	25	29	33	37	40	44	48	51	55	58	62	68	/
3A_SB	2	a	24	29	32	39	42	46	50	54	58	62	66	68	72	76	80	85	89
3A_SB	2	d	25	30	34	40	43	47	51	55	59	63	67	69	73	77	81	86	/
3A_SB	3	a	44	49	53	59	62	65	70	74	79	84	88	91	96	100	104	110	114
3A_SB	3	d	45	50	54	60	63	67	72	76	81	85	89	92	97	101	105	111	/
3A_SB	4	a	74	79	82	88	91	94	98	102	106	110	114	116	121	125	129	134	138
3A_SB	4	d	75	80	83	89	92	95	99	103	107	111	115	117	122	126	130	135	/
3A_SB	5	a	83	88	92	97	101	104	107	111	114	118	122	125	130	134	138	143	147
3A_SB	5	d	84	90	93	98	102	105	108	112	115	119	123	126	131	135	139	144	/
3A_SB	6	a	94	99	103	108	111	114	117	121	125	130	135	137	141	144	148	153	156
3A_SB	6	d	95	101	104	109	112	115	118	122	127	132	136	138	142	145	149	154	/
3A_SB	7	a	103	108	112	118	121	125	128	132	136	139	144	146	151	155	159	165	170
3A_SB	7	d	104	110	113	119	122	126	129	133	137	141	145	148	152	156	160	167	/
3A_SB	8	a	115	122	126	132	136	140	143	147	150	154	157	160	164	168	171	177	181
3A_SB	8	d	116	123	127	133	137	141	144	148	151	155	158	161	165	169	172	178	/
3A_SB	9	a	133	139	143	148	152	156	160	164	168	171	174	177	181	185	189	195	198
3A_SB	9	d	134	141	144	150	153	157	161	165	169	172	175	178	182	186	190	196	/
3A_SB	10	a	149	154	158	163	166	169	173	177	181	185	188	191	195	199	204	210	213
3A_SB	10	d	150	155	159	164	167	170	174	178	182	186	189	192	196	201	206	211	/
3A_SB	11	a	156	161	166	172	176	180	183	187	192	197	201	203	207	211	215	220	224
3A_SB	11	d	157	163	167	173	178	181	184	189	194	199	202	204	208	212	216	222	/
3A_SB	12	a	164	170	174	180	183	187	190	194	198	202	206	208	212	216	220	226	231
3A_SB	12	d	165	171	175	181	184	188	191	195	200	204	207	209	213	217	222	228	/
3A_SB	13	a	189	195	200	205	209	212	216	221	225	228	233	235	240	244	248	254	257
3A_SB	13	d	190	197	201	206	210	213	218	223	226	230	234	236	241	245	249	255	/
3A_SB	14	a	208	213	216	221	225	230	234	238	242	247	250	253	258	261	265	271	275
3A_SB	14	d	209	214	217	223	227	231	236	240	244	248	251	254	259	262	266	272	/
3A_SB	15	a	216	221	224	230	233	237	241	245	248	252	256	258	263	266	270	276	281
3A_SB	15	d	217	222	225	231	234	238	242	246	249	254	257	260	264	267	271	278	/
3A_SB	16	a	230	235	240	245	248	253	258	263	267	272	277	280	285	288	291	297	301
3A_SB	16	d	231	237	241	246	250	255	260	265	269	274	278	281	286	289	292	298	/
3A_SB	17	a	258	263	267	272	276	280	284	289	293	297	301	304	308	311	315	320	323
3A_SB	17	d	259	265	268	274	278	282	286	291	295	299	302	305	309	312	316	321	/
3A_SB	18	a	267	272	275	281	285	289	292	296	299	303	307	310	314	318	323	328	331
3A_SB	18	d	268	273	277	283	286	290	293	297	300	304	308	311	315	320	324	329	/
3A_SB	19	a	279	284	289	296	300	303	307	311	314	318	321	324	329	332	336	340	343
3A_SB	19	d	280	286	291	298	301	304	308	312	315	319	322	325	330	333	337	341	/
3A_SB	20	a	287	292	297	303	308	311	315	319	323	327	330	333	338	341	345	350	353
3A_SB	20	d	288	294	298	305	309	312	316	320	324	328	331	334	339	342	346	351	/
3A_SB	21	a	312	317	322	327	331	335	339	343	346	349	353	355	359	363	366	371	375
3A_SB	21	d	313	319	323	329	332	336	341	344	347	351	354	356	360	364	367	373	/
3A_SB	22	a	332	337	341	346	350	355	359	362	367	370	374	377	381	385	389	394	398
3A_SB	22	d	333	339	342	348	352	357	360	364	368	372	375	378	382	386	390	395	/
3A_SB	23	a	345	350	354	360	364	369	374	379	384	388	392	395	399	402	406	412	415
3A_SB	23	d	346	351	356	362	366	371	376	381	386	390	393	396	400	403	407	413	/
3A_SB	24	a	373	379	382	387	391	395	399	403	407	411	415	417	421	424	428	434	438
3A_SB	24	d	374	380	383	389	392	396	400	405	408	412	416	418	422	425	429	435	/
3A_SB	25	a	387	393	397	404	408	412	415	419	422	426	430	432	437	441	445	451	455
3A_SB	25	d	388	395	399	405	409	413	416	420	423	427	431	433	438	442	447	453	/
3A_SB	26	a	400	406	411	418	423	427	430	433	436	439	443	446	450	453	457	462	466
3A_SB	26	d	401	408	413	420	424	428	431	434	437	440	444	447	451	454	458	464	/
3A_SB	27	a	411	417	422	429	434	439	443	448	452	456	460	463	467	470	474	480	484
3A_SB	27	d	412	419	424	431	436	441	445	450	453	458	461	464	468	471	475	481	/
3A_SB	28	a	432	437	442	448	451	455	459	462	465	469	474	477	482	486	489	494	499
3A_SB	28	d	433	439	444	449	452	456	460	463	467	471	475	478	483	487	490	496	/
3A_SB	29	a	449	454	459	466	469	473	477	481	486	490	495	498	502	505	509	514	518
3A_SB	29	d	450	456	461	467	470	474	479	483	487	492	496	499	503	506	510	516	/
3A_SB	30	a	464	470	475	481	484	487	491	494	497	501	504	507	512	517	520	525	529
3A_SB	30	d	465	472	476	482	485	488	492	495	498	502	505	509	514	518	521	526	/
3A_SB	31	a	473	479	484	489	493	498	502	506	509	513	516	518	522	526	530	535	539
3A_SB	31	d	474	481	485	491	495	500	504	507	511	514	517	519	523	527	531	536	/
3A_SB	32	a	488	493	497	503	506	511	515	519	524	528	532	535	539	543	546	551	554
3A_SB	32	d	489	494	499	504	508	512	516	521	526	529	533	536	540	544	547	552	/
3A_SB	33	a	497	503	507	513	517	521	525	529	532	535	539	542	546	551	555	560	564
3A_SB	33	d	498	504	509	515	518	522	526	530	533	536	540	543	548	553	556	562	/
3A_SB	34	a	504	510	515	521	525	529	533	537	540	544	547	550	554	557	561	567	570
3A_SB	34	d	505	512	517	523	526	530	534	538	541	545	548	551	555	558	563	568	/
3A_SB	35	a	510	516	521	527	531	535	539	544	548	552	556	558	562	565	569	574	578
3A_SB	35	d	511	518	523	529	532	536	541	546	549	554	557	559	563	566	570	576	/
3A_SB	36	a	523	529	534	541	545	549	554	557	560	564	568	570	575	579	583	589	593
3A_SB	36	d	524	530	536	542	546	551	555	558	561	565	569	571	576	580	585	590	/
3A_SB	37	a	531	537	542	547	552	556	560	563	566	570	573	575	580	584	589	595	600
3A_SB	37	d	532	538	543	549	553	558	561	564	567	571	574	576	581	586	591	597	/
3A_SB	38	a	540	545	550	556	561	564	567	571	575	580	584	587	592	596	600	606	610
3A_SB	38	d	541	547	552	558	562	565	569	572	577	582	586	588	593	597	602	608	/
3A_SB	39	a	553	558	563	569	572	575	579	583	587	592	596	599	605	609	614	619	623
3A_SB	39	d	554	560	565	570	573	576	581	584	589	594	598	601	607	611	616	621	/
3A_SB	40	a	569	574	579	585	589	594	599	603	608	612	616	620	626	631	636	641	645
3A_SB	40	d	570	576	580	586	591	596	601	605	609	614	618	622	628	633	637	642	/
3A_SB	41	a	581	586	591	598	603	608	613	616	620	624	627	630	634	639	643	648	652
3A_SB	41	d	582	588	593	600	605	610	614	618	622	625	628	631	636	640	644	649	/
3A_SB	42	a	599	604	609	616	620	623	628	633	637	641	645	649	654	658	662	667	670
3A_SB	42	d	600	606	611	618	621	625	630	635	638	642	647	650	656	660	663	668	/
3A_SB	43	a	611	616	620	626	629	633	636	641	645	650	653	656	661	665	669	674	677
3A_SB	43	d	612	618	622	627	630	634	638	643	647	651	654	657	663	667	670	675	/
3A_SB	44	a	623	628	633	639	643	647	652	656	660	664	667	670	676	679	684	689	692
3A_SB	44	d	624	630	634	641	644	649	654	658	661	665	669	672	677	681	685	690	/
3A_SB	45	a	642	647	650	657	662	667	672	677	681	686	690	694	698	702	706	711	715
3A_SB	45	d	643	648	651	659	664	669	674	678	683	687	692	695	700	703	708	712	/
3A_SB	46	a	653	659	663	669	673	677	682	685	690	695	700	704	710	714	719	724	728
3A_SB	46	d	654	661	664	670	674	679	683	687	692	697	702	706	711	716	721	725	/
3A_SB	47	a	670	676	680	687	692	695	700	704	708	712	715	718	723	728	733	737	741
3A_SB	47	d	671	678	682	689	693	696	701	706	709	713	716	720	725	730	734	739	/
3A_SB	48	a	678	684	688	694	698	701	707	710	713	718	721	725	729	734	739	745	749
3A_SB	48	d	679	686	690	695	699	703	708	711	715	719	723	726	731	736	741	747	/
3A_SB	49	a	705	711	716	723	728	732	736	740	743	747	751	753	758	762	767	774	777
3A_SB	49	d	706	713	718	725	729	733	737	741	745	749	752	754	759	764	769	775	/
3A_SB	50	a	720	725	728	735	740	744	748	752	757	762	766	770	775	779	783	789	794
3A_SB	50	d	721	726	730	737	741	745	749	754	759	763	768	772	776	780	785	791	/
3A_SB	51	a	730	735	739	746	750	755	759	764	767	772	777	780	784	788	793	798	802
3A_SB	51	d	731	736	740	747	752	757	761	765	769	774	778	781	785	790	794	799	/
3A_SB	52	a	742	747	752	758	762	766	770	775	779	784	787	790	795	799	804	809	814
3A_SB	52	d	743	749	754	760	763	767	772	777	781	785	789	792	797	801	806	811	/
3A_SB	53	a	760	766	770	775	778	781	786	791	795	800	804	808	814	818	822	827	830
3A_SB	53	d	761	768	771	776	779	783	788	792	797	802	806	810	816	819	823	828	/
3A_SB	54	a	778	783	788	795	799	802	805	810	814	818	821	824	828	831	835	841	844
3A_SB	54	d	779	785	790	796	800	803	807	812	815	819	823	825	829	832	837	842	/
3A_SB	55	a	793	799	803	811	814	818	822	826	830	835	839	843	847	852	855	860	864
3A_SB	55	d	794	801	805	812	815	819	823	827	832	837	841	844	849	853	856	862	/
3A_SB	56	a	808	813	817	822	826	831	836	839	844	848	853	857	861	865	870	877	881
3A_SB	56	d	809	815	818	824	828	833	837	841	846	850	855	858	862	867	872	879	/
3A_SB	57	a	822	827	831	837	841	845	850	853	857	860	864	868	872	876	881	887	891
3A_SB	57	d	823	829	832	839	842	847	851	855	858	862	866	869	873	878	882	889	/
3A_SB	58	a	845	850	855	862	866	871	875	880	884	888	891	893	898	902	906	913	916
3A_SB	58	d	846	852	857	863	868	872	877	881	886	889	892	894	900	903	908	914	/
3A_SB	59	a	858	864	867	873	877	882	887	891	896	899	903	905	910	914	919	925	929
3A_SB	59	d	859	865	868	875	879	884	888	893	897	901	904	907	912	916	920	927	/
3A_SB	60	a	866	872	875	881	884	888	892	897	902	906	909	912	916	920	925	931	934
3A_SB	60	d	867	873	877	882	885	890	894	899	903	907	911	913	917	922	926	932	/
3A_SB	61	a	878	885	888	895	900	905	909	914	919	924	928	931	936	940	945	951	955
3A_SB	61	d	879	886	890	897	902	907	910	916	921	925	930	933	937	942	947	953	/
3A_SB	62	a	895	901	906	913	917	921	926	930	933	938	941	944	948	953	958	964	967
3A_SB	62	d	896	903	907	915	918	923	927	931	935	939	943	945	950	955	960	965	/
3A_SB	63	a	924	931	935	942	945	949	952	956	961	965	968	970	976	980	985	990	994
3A_SB	63	d	925	932	937	943	947	950	953	958	963	966	969	972	978	982	986	992	/
3A_SB	64	a	949	955	958	963	967	971	975	980	984	988	991	994	998	1002	1007	1013	1017
3A_SB	64	d	950	956	959	964	968	972	977	982	985	989	993	995	999	1004	1009	1014	/
3A_NB	1	a	8	11	16	20	23	27	31	35	40	45	49	52	54	58	61	66	71	75
3A_NB	1	d	9	13	17	21	24	28	33	37	41	47	51	53	56	59	63	68	72	/
3A_NB	2	a	28	32	36	41	46	49	52	54	58	63	67	69	71	74	78	82	86	91
3A_NB	2	d	29	34	37	43	47	50	53	55	59	64	68	70	72	76	80	83	88	/
3A_NB	3	a	33	37	41	47	50	54	57	60	65	72	76	79	82	85	89	92	95	100
3A_NB	3	d	34	39	43	48	52	55	59	62	67	73	77	81	83	87	90	93	97	/
3A_NB	4	a	61	64	67	70	74	79	82	84	88	93	97	99	101	105	109	112	116	119
3A_NB	4	d	62	65	68	71	76	80	83	85	89	94	98	100	102	106	110	114	117	/
3A_NB	5	a	66	69	73	78	82	87	90	93	97	102	106	108	112	116	121	125	129	132
3A_NB	5	d	67	71	75	80	84	88	91	94	98	103	107	110	114	118	122	126	130	/
3A_NB	6	a	82	85	89	94	97	102	106	109	114	118	121	124	127	131	136	140	144	148
3A_NB	6	d	83	87	91	95	99	104	108	111	115	119	122	125	128	133	137	142	146	/
3A_NB	7	a	95	98	101	105	109	112	115	117	122	128	132	136	139	143	147	152	155	158
3A_NB	7	d	96	99	102	106	110	113	116	119	123	129	134	138	141	145	149	153	156	/
3A_NB	8	a	104	108	111	116	121	124	128	130	134	140	144	146	148	151	154	158	161	164
3A_NB	8	d	105	109	113	118	122	125	129	132	135	141	145	147	149	152	155	159	162	/
3A_NB	9	a	113	117	120	125	128	131	135	138	142	148	152	154	158	162	166	169	172	175
3A_NB	9	d	114	118	122	126	129	132	136	139	143	149	153	156	160	164	167	170	173	/
3A_NB	10	a	126	129	134	139	143	147	151	154	157	162	166	169	171	174	178	182	186	190
3A_NB	10	d	127	131	136	141	144	149	153	155	158	163	167	170	172	176	180	184	188	/
3A_NB	11	a	134	138	141	145	149	152	156	159	163	168	172	175	178	183	187	191	195	200
3A_NB	11	d	135	139	142	147	150	154	158	161	164	169	173	177	180	184	189	193	197	/
3A_NB	12	a	155	159	162	166	169	172	175	177	182	187	190	192	194	198	201	204	207	211
3A_NB	12	d	156	160	164	167	170	173	176	179	183	188	191	193	195	199	202	205	208	/
3A_NB	13	a	170	174	177	182	185	189	193	197	201	207	210	212	214	217	220	224	228	231
3A_NB	13	d	171	175	179	183	186	191	195	199	202	208	211	213	215	218	221	225	229	/
3A_NB	14	a	185	189	193	197	201	205	208	211	214	220	224	227	229	232	236	241	246	251
3A_NB	14	d	186	191	194	199	202	206	209	212	215	221	225	228	230	233	238	243	248	/
3A_NB	15	a	201	205	208	212	217	221	226	229	232	238	242	245	247	252	257	261	264	269
3A_NB	15	d	202	206	209	214	218	223	228	230	233	239	243	246	249	254	259	262	266	/
3A_NB	16	a	220	223	228	233	237	241	244	247	251	256	259	261	263	267	270	273	276	279
3A_NB	16	d	221	225	230	235	238	242	246	248	252	257	260	262	264	268	271	274	277	/
3A_NB	17	a	229	232	237	242	246	251	254	258	262	268	271	274	277	281	286	289	292	297
3A_NB	17	d	230	234	239	244	248	252	256	260	263	269	272	275	279	283	287	290	294	/
3A_NB	18	a	247	250	254	258	262	267	270	273	276	282	285	288	291	296	300	303	307	310
3A_NB	18	d	248	251	255	259	264	268	272	274	277	283	286	289	293	298	301	305	308	/
3A_NB	19	a	273	276	280	283	286	290	294	298	302	307	311	314	317	320	323	326	329	333
3A_NB	19	d	274	277	281	284	287	292	296	299	303	308	312	315	318	321	324	327	330	/
3A_NB	20	a	291	294	299	303	306	311	315	317	322	327	331	334	336	339	343	347	350	354
3A_NB	20	d	292	296	300	304	308	312	316	319	323	328	332	335	337	340	344	348	352	/
3A_NB	21	a	303	307	312	317	321	324	329	333	338	343	347	350	353	356	359	362	367	371
3A_NB	21	d	304	309	314	319	322	326	331	335	339	344	348	351	354	357	360	364	368	/
3A_NB	22	a	324	327	331	336	339	343	347	350	353	358	362	365	367	371	374	378	381	385
3A_NB	22	d	325	329	333	337	340	345	348	351	354	359	363	366	369	372	376	379	382	/
3A_NB	23	a	333	336	339	344	348	352	356	359	363	368	372	376	379	383	387	390	393	397
3A_NB	23	d	334	337	341	346	350	354	357	361	364	369	374	377	381	385	388	391	395	/
3A_NB	24	a	347	350	354	357	360	364	367	370	374	379	382	384	387	390	393	396	399	402
3A_NB	24	d	348	351	355	358	362	365	369	372	375	380	383	385	388	391	394	397	400	/
3A_NB	25	a	364	368	371	374	378	382	386	388	393	399	402	405	407	410	413	417	420	425
3A_NB	25	d	365	369	372	375	379	383	387	390	394	400	403	406	408	411	414	418	422	/
3A_NB	26	a	374	377	380	384	389	392	395	398	403	409	413	416	418	422	425	430	434	437
3A_NB	26	d	375	378	381	386	390	393	396	400	404	410	415	417	420	423	427	432	435	/
3A_NB	27	a	389	393	397	402	406	410	414	418	423	429	433	435	437	441	444	448	452	455
3A_NB	27	d	390	395	399	404	407	412	416	420	424	430	434	436	438	442	445	449	453	/
3A_NB	28	a	409	413	417	422	425	430	434	437	442	448	451	453	455	458	461	465	469	474
3A_NB	28	d	410	415	419	423	427	432	436	439	443	449	452	454	456	459	462	466	471	/
3A_NB	29	a	428	432	436	440	444	448	452	456	461	467	470	473	475	478	482	486	490	495
3A_NB	29	d	429	433	438	442	446	450	454	458	462	468	471	474	476	479	484	487	492	/
3A_NB	30	a	444	447	451	456	459	463	466	469	473	477	480	482	484	488	492	495	499	504
3A_NB	30	d	445	449	453	457	460	464	468	471	474	478	481	483	485	489	493	496	501	/
3A_NB	31	a	455	458	462	466	471	475	479	481	485	490	493	495	498	502	507	510	514	517
3A_NB	31	d	456	459	463	468	473	477	480	482	486	491	494	496	500	504	508	512	515	/
3A_NB	32	a	463	466	470	474	479	483	487	490	495	501	505	507	510	513	516	519	522	525
3A_NB	32	d	464	468	471	476	480	485	489	492	496	502	506	508	511	514	517	520	523	/
3A_NB	33	a	472	475	478	483	486	490	493	495	500	506	511	515	519	522	525	529	532	535
3A_NB	33	d	473	476	480	484	487	491	494	497	501	508	513	517	520	523	526	530	533	/
3A_NB	34	a	489	492	497	500	504	508	511	513	516	522	525	527	530	534	538	542	547	551
3A_NB	34	d	490	494	498	502	505	509	512	514	517	523	526	528	532	536	539	544	548	/
3A_NB	35	a	498	501	506	510	515	518	521	524	529	535	538	542	544	548	552	557	562	567
3A_NB	35	d	499	503	508	512	516	519	523	526	531	536	540	543	546	550	554	559	564	/
3A_NB	36	a	511	515	519	523	527	532	536	540	545	550	554	556	558	562	566	570	574	578
3A_NB	36	d	512	516	520	525	529	534	538	542	546	551	555	557	559	563	567	571	575	/
3A_NB	37	a	538	542	546	551	556	560	564	567	571	577	581	583	585	588	591	595	599	603
3A_NB	37	d	539	544	548	553	558	562	566	569	572	578	582	584	586	589	592	596	600	/
3A_NB	38	a	555	558	562	566	570	574	579	581	584	590	594	598	600	605	609	613	617	621
3A_NB	38	d	556	559	563	567	572	576	580	582	585	591	596	599	602	606	610	614	618	/
3A_NB	39	a	576	580	583	587	592	597	601	604	609	614	617	620	624	628	633	637	640	645
3A_NB	39	d	577	581	584	589	594	599	603	606	610	615	619	622	626	630	635	638	642	/
3A_NB	40	a	585	589	592	596	600	605	609	611	616	622	626	629	632	635	640	643	646	650
3A_NB	40	d	586	590	593	597	602	607	610	613	617	624	628	631	633	637	641	644	648	/
3A_NB	41	a	603	607	611	616	619	623	627	629	634	641	645	647	650	653	658	663	667	670
3A_NB	41	d	604	609	613	617	620	625	628	631	636	643	646	649	651	655	660	664	668	/
3A_NB	42	a	612	616	620	624	628	633	637	640	644	649	653	656	658	661	665	670	674	679
3A_NB	42	d	613	618	621	626	630	635	639	641	645	651	655	657	659	662	667	671	676	/
3A_NB	43	a	633	636	639	644	648	652	656	660	664	669	673	675	678	683	688	692	695	700
3A_NB	43	d	634	637	641	645	650	654	658	661	665	670	674	677	680	685	690	693	697	/
3A_NB	44	a	652	655	658	662	666	670	673	676	680	687	691	695	698	701	704	708	712	717
3A_NB	44	d	653	656	659	663	667	671	675	677	682	689	693	697	699	702	706	709	714	/
3A_NB	45	a	669	673	677	681	686	691	695	698	702	708	712	715	718	721	725	728	732	736
3A_NB	45	d	670	675	678	683	688	693	696	699	703	710	713	716	719	722	726	729	733	/
3A_NB	46	a	692	696	700	704	707	712	716	718	722	728	732	736	738	743	747	750	754	759
3A_NB	46	d	693	698	701	705	709	714	717	719	723	729	734	737	740	744	748	752	756	/
3A_NB	47	a	708	712	717	721	725	729	733	736	740	747	751	754	756	760	765	768	771	774
3A_NB	47	d	709	714	718	723	727	730	735	738	742	749	752	755	758	762	766	769	772	/
3A_NB	48	a	718	722	727	732	736	739	743	746	750	756	759	763	765	769	772	776	779	783
3A_NB	48	d	719	724	729	734	737	741	745	748	751	757	761	764	766	770	774	777	780	/
3A_NB	49	a	732	736	741	745	749	753	756	759	763	769	774	776	779	784	788	791	794	798
3A_NB	49	d	733	738	742	747	750	754	757	761	765	771	775	778	781	785	789	792	795	/
3A_NB	50	a	740	744	748	752	756	761	764	766	770	776	781	785	787	791	795	798	802	806
3A_NB	50	d	741	745	750	753	758	762	765	767	772	778	783	786	788	792	796	800	803	/
3A_NB	51	a	758	761	764	769	772	776	780	782	787	792	796	799	801	806	811	814	817	820
3A_NB	51	d	759	762	766	770	773	778	781	784	788	793	797	800	803	808	812	815	818	/
3A_NB	52	a	765	769	773	778	782	786	790	793	797	802	807	810	813	817	822	825	828	832
3A_NB	52	d	766	771	775	780	783	787	792	794	798	804	808	811	814	819	823	826	829	/
3A_NB	53	a	777	781	786	791	794	798	801	804	808	813	817	820	824	829	833	837	841	846
3A_NB	53	d	778	783	788	792	796	799	803	805	809	814	819	822	826	830	834	839	843	/
3A_NB	54	a	807	811	816	820	823	827	831	833	836	843	847	850	852	856	861	864	868	873
3A_NB	54	d	808	813	817	821	824	829	832	834	838	844	849	851	854	858	862	866	870	/
3A_NB	55	a	814	818	823	828	831	835	838	841	845	850	855	858	860	864	868	871	874	879
3A_NB	55	d	815	820	825	829	832	836	840	842	846	852	856	859	862	865	869	872	876	/
3A_NB	56	a	836	839	844	849	853	856	859	862	867	874	878	881	885	890	894	898	901	905
3A_NB	56	d	837	841	846	851	854	857	861	864	869	875	880	883	887	892	895	899	902	/
3A_NB	57	a	844	848	852	856	860	864	867	870	874	880	885	889	892	897	901	904	908	913
3A_NB	57	d	845	849	853	858	861	865	869	872	876	882	887	890	894	899	902	905	910	/
3A_NB	58	a	856	860	864	868	871	875	878	880	883	890	895	899	902	906	910	914	918	922
3A_NB	58	d	857	861	866	869	872	876	879	881	885	892	897	901	904	908	912	916	919	/
3A_NB	59	a	866	870	875	879	884	889	893	897	901	906	911	913	915	920	924	928	932	937
3A_NB	59	d	867	872	876	881	886	891	895	898	902	908	912	914	917	921	926	930	934	/
3A_NB	60	a	882	885	889	893	897	901	906	908	913	918	922	926	929	933	937	940	943	947
3A_NB	60	d	883	886	891	895	898	903	907	910	914	919	924	928	930	935	938	941	944	/
3A_NB	61	a	893	896	900	904	908	913	917	920	924	930	934	938	941	945	949	954	958	962
3A_NB	61	d	894	897	901	906	910	915	918	922	926	932	936	940	942	946	951	955	959	/
3A_NB	62	a	910	913	917	921	924	929	933	935	938	945	948	951	954	958	963	967	971	976
3A_NB	62	d	911	915	918	922	926	930	934	936	940	946	950	952	956	960	965	969	973	/
3A_NB	63	a	923	927	930	935	939	944	947	949	954	961	965	968	972	976	980	984	988	992
3A_NB	63	d	924	928	932	937	941	945	948	951	956	963	967	970	974	977	982	985	990	/
3A_NB	64	a	940	944	949	953	956	959	963	966	970	975	980	984	987	991	995	999	1003	1006
3A_NB	64	d	941	946	951	954	957	961	964	967	971	977	982	986	989	993	996	1001	1004	/
