indexLine	algoIter	time	best obj	current obj	T	probdelta1	nb uses 1	nb uses 2	nb uses 3	nb uses 4	nb uses 5	nb uses 6	nb uses 7	nb uses 8	nb uses 9	score 1	score 2	score 3	score 4	score 5	score 6	score 7	score 8	score 9	duration 1	duration 2	duration 3	duration 4	duration 5	duration 6	duration 7	duration 8	duration 9	avgDuration 1	avgDuration 2	avgDuration 3	avgDuration 4	avgDuration 5	avgDuration 6	avgDuration 7	avgDuration 8	avgDuration 9	sigmas1 1	sigmas1 2	sigmas1 3	sigmas1 4	sigmas1 5	sigmas1 6	sigmas1 7	sigmas1 8	sigmas1 9	sigmas2 1	sigmas2 2	sigmas2 3	sigmas2 4	sigmas2 5	sigmas2 6	sigmas2 7	sigmas2 8	sigmas2 9	sigmas3 1	sigmas3 2	sigmas3 3	sigmas3 4	sigmas3 5	sigmas3 6	sigmas3 7	sigmas3 8	sigmas3 9	sigmas4 1	sigmas4 2	sigmas4 3	sigmas4 4	sigmas4 5	sigmas4 6	sigmas4 7	sigmas4 8	sigmas4 9	sigmas5 1	sigmas5 2	sigmas5 3	sigmas5 4	sigmas5 5	sigmas5 6	sigmas5 7	sigmas5 8	sigmas5 9	sigmas6 1	sigmas6 2	sigmas6 3	sigmas6 4	sigmas6 5	sigmas6 6	sigmas6 7	sigmas6 8	sigmas6 9	weight 1	weight 2	weight 3	weight 4	weight 5	weight 6	weight 7	weight 8	weight 9	proba 1	proba 2	proba 3	proba 4	proba 5	proba 6	proba 7	proba 8	proba 9	
1	1	56.689315682	17382.70588235294	17382.706	100.0	0.99005	0	0	0	0	0	0	0	0	0	0.0	0.0	0.0	0.0	0.0	0.0	0.0	0.0	0.0	0.0	0.0	0.0	0.0	0.0	0.0	0.0	0.0	0.0	0.0	0.0	0.0	0.0	0.0	0.0	0.0	0.0	0.0	0	0	0	0	0	0	0	0	0	0	0	0	0	0	0	0	0	0	0	0	0	0	0	0	0	0	0	0	0	0	0	0	0	0	0	0	0	0	0	0	0	0	0	0	0	0	0	0	0	0	0	0	0	0	0.0	0.0	0.0	0.0	0.0	0.0	0.0	0.0	0.0	0.0	0.0	0.0	0.0	0.0	0.0	0.0	0.0	0.0	
2	2	75.795634933	16878.971	16878.971	100.0	0.99005	0	0	0	0	0	0	0	0	0	0.0	0.0	0.0	0.0	1.0	0.0	0.0	0.0	0.0	0.0	0.0	0.0	0.0	0.0	0.0	0.0	0.0	0.0	0.0	0.0	0.0	0.0	19.1063	0.0	0.0	0.0	0.0	0	0	0	0	0	0	0	0	0	0	0	0	0	0	0	0	0	0	0	0	0	0	0	0	0	0	0	0	0	0	0	0	0	0	0	0	0	0	0	0	0	0	0	0	0	0	0	0	0	0	0	0	0	0	0.0	0.0	0.0	0.0	0.002739	0.0	0.0	0.0	0.0	0.0	0.0	0.0	0.0	0.0	0.0	0.0	0.0	0.0	
3	3	97.274225418	16871.471	16871.471	100.0	0.99005	0	0	0	0	1	0	0	0	0	0.0	0.0	0.0	0.0	1.0	0.0	0.0	0.0	0.0	0.0	0.0	0.0	0.0	21.4786	0.0	0.0	0.0	0.0	0.0	0.0	0.0	0.0	21.4786	0.0	0.0	0.0	0.0	0	0	0	0	1	0	0	0	0	0	0	0	0	0	0	0	0	0	0	0	0	0	0	0	0	0	0	0	0	0	0	0	0	0	0	0	0	0	0	0	0	0	0	0	0	0	0	0	0	0	0	0	0	0	0.0	0.0	0.0	0.0	0.002168	0.0	0.0	0.0	0.0	0.0	0.0	0.0	0.0	1.0	0.0	0.0	0.0	0.0	
4	4	113.080571158	16871.471	16871.471	82.8488	0.988002	0	0	0	0	2	0	0	0	0	0.0	0.0	0.0	0.0	0.9	0.0	0.0	0.0	0.0	0.0	0.0	0.0	0.0	37.2849	0.0	0.0	0.0	0.0	0.0	0.0	0.0	0.0	18.6425	0.0	0.0	0.0	0.0	0	0	0	0	1	0	0	0	0	0	0	0	0	0	0	0	0	0	0	0	0	0	1	0	0	0	0	0	0	0	0	0	0	0	0	0	0	0	0	0	0	0	0	0	0	0	0	0	0	0	0	0	0	0	0.0	0.0	0.0	0.0	0.00259	0.0	0.0	0.0	0.0	0.0	0.0	0.0	0.0	1.0	0.0	0.0	0.0	0.0	
5	5	135.231020532	16608.485	16608.485	80.3541	0.987632	0	0	0	0	3	0	0	0	0	0.0	0.0	0.0	0.0	0.91	0.0	0.0	0.0	0.0	0.0	0.0	0.0	0.0	59.4353	0.0	0.0	0.0	0.0	0.0	0.0	0.0	0.0	19.8118	0.0	0.0	0.0	0.0	0	0	0	0	2	0	0	0	0	0	0	0	0	0	0	0	0	0	0	0	0	0	1	0	0	0	0	0	0	0	0	0	0	0	0	0	0	0	0	0	0	0	0	0	0	0	0	0	0	0	0	0	0	0	0.0	0.0	0.0	0.0	0.002318	0.0	0.0	0.0	0.0	0.0	0.0	0.0	0.0	1.0	0.0	0.0	0.0	0.0	
6	6	153.135380049	16469.279	16469.279	76.9841	0.987094	0	0	0	0	4	0	0	0	0	0.0	0.0	0.0	0.0	0.919	0.0	0.0	0.0	0.0	0.0	0.0	0.0	0.0	77.3397	0.0	0.0	0.0	0.0	0.0	0.0	0.0	0.0	19.3349	0.0	0.0	0.0	0.0	0	0	0	0	3	0	0	0	0	0	0	0	0	0	0	0	0	0	0	0	0	0	1	0	0	0	0	0	0	0	0	0	0	0	0	0	0	0	0	0	0	0	0	0	0	0	0	0	0	0	0	0	0	0	0.0	0.0	0.0	0.0	0.002458	0.0	0.0	0.0	0.0	0.0	0.0	0.0	0.0	1.0	0.0	0.0	0.0	0.0	
7	7	184.405175834	15808.897	15808.897	74.3636	0.986643	0	0	0	0	5	0	0	0	0	0.0	0.0	0.0	0.0	0.9271	0.0	0.0	0.0	0.0	0.0	0.0	0.0	0.0	108.609	0.0	0.0	0.0	0.0	0.0	0.0	0.0	0.0	21.7219	0.0	0.0	0.0	0.0	0	0	0	0	4	0	0	0	0	0	0	0	0	0	0	0	0	0	0	0	0	0	1	0	0	0	0	0	0	0	0	0	0	0	0	0	0	0	0	0	0	0	0	0	0	0	0	0	0	0	0	0	0	0	0.0	0.0	0.0	0.0	0.001965	0.0	0.0	0.0	0.0	0.0	0.0	0.0	0.0	1.0	0.0	0.0	0.0	0.0	
8	8	203.456185694	15801.397	15801.397	69.9991	0.985816	0	0	0	0	6	0	0	0	0	0.0	0.0	0.0	0.0	0.93439	0.0	0.0	0.0	0.0	0.0	0.0	0.0	0.0	127.66	0.0	0.0	0.0	0.0	0.0	0.0	0.0	0.0	21.2767	0.0	0.0	0.0	0.0	0	0	0	0	5	0	0	0	0	0	0	0	0	0	0	0	0	0	0	0	0	0	1	0	0	0	0	0	0	0	0	0	0	0	0	0	0	0	0	0	0	0	0	0	0	0	0	0	0	0	0	0	0	0	0.0	0.0	0.0	0.0	0.002064	0.0	0.0	0.0	0.0	0.0	0.0	0.0	0.0	1.0	0.0	0.0	0.0	0.0	
9	9	219.256425937	15801.397	15801.397	67.4667	0.985287	0	0	0	0	7	0	0	0	0	0.0	0.0	0.0	0.0	0.840951	0.0	0.0	0.0	0.0	0.0	0.0	0.0	0.0	143.461	0.0	0.0	0.0	0.0	0.0	0.0	0.0	0.0	20.4944	0.0	0.0	0.0	0.0	0	0	0	0	5	0	0	0	0	0	0	0	0	0	0	0	0	0	0	0	0	0	2	0	0	0	0	0	0	0	0	0	0	0	0	0	0	0	0	0	0	0	0	0	0	0	0	0	0	0	0	0	0	0	0.0	0.0	0.0	0.0	0.002002	0.0	0.0	0.0	0.0	0.0	0.0	0.0	0.0	1.0	0.0	0.0	0.0	0.0	
10	10	253.17442153	15230.676	15230.676	65.4359	0.984834	0	0	0	0	8	0	0	0	0	0.0	0.0	0.0	0.0	0.856856	0.0	0.0	0.0	0.0	0.0	0.0	0.0	0.0	177.379	0.0	0.0	0.0	0.0	0.0	0.0	0.0	0.0	22.1723	0.0	0.0	0.0	0.0	0	0	0	0	6	0	0	0	0	0	0	0	0	0	0	0	0	0	0	0	0	0	2	0	0	0	0	0	0	0	0	0	0	0	0	0	0	0	0	0	0	0	0	0	0	0	0	0	0	0	0	0	0	0	0.0	0.0	0.0	0.0	0.001743	0.0	0.0	0.0	0.0	0.0	0.0	0.0	0.0	1.0	0.0	0.0	0.0	0.0	
11	11	268.957145692	15230.676	15230.676	61.2807	0.983814	0	0	0	0	9	0	0	0	0	0.0	0.0	0.0	0.0	0.77117	0.0	0.0	0.0	0.0	0.0	0.0	0.0	0.0	193.161	0.0	0.0	0.0	0.0	0.0	0.0	0.0	0.0	21.4624	0.0	0.0	0.0	0.0	0	0	0	0	6	0	0	0	0	0	0	0	0	0	0	0	0	0	0	0	0	0	3	0	0	0	0	0	0	0	0	0	0	0	0	0	0	0	0	0	0	0	0	0	0	0	0	0	0	0	0	0	0	0	0.0	0.0	0.0	0.0	0.001674	0.0	0.0	0.0	0.0	0.0	0.0	0.0	0.0	1.0	0.0	0.0	0.0	0.0	
12	12	296.065577921	14956.441	14956.441	59.4382	0.983317	0	0	0	0	10	0	0	0	0	0.0	0.0	0.0	0.0	0.794053	0.0	0.0	0.0	0.0	0.0	0.0	0.0	0.0	220.27	0.0	0.0	0.0	0.0	0.0	0.0	0.0	0.0	22.027	0.0	0.0	0.0	0.0	0	0	0	0	7	0	0	0	0	0	0	0	0	0	0	0	0	0	0	0	0	0	3	0	0	0	0	0	0	0	0	0	0	0	0	0	0	0	0	0	0	0	0	0	0	0	0	0	0	0	0	0	0	0	0.0	0.0	0.0	0.0	0.001637	0.0	0.0	0.0	0.0	0.0	0.0	0.0	0.0	1.0	0.0	0.0	0.0	0.0	
13	13	337.556581964	14533.441	14533.441	56.4019	0.982426	0	0	0	0	11	0	0	0	0	0.0	0.0	0.0	0.0	0.814648	0.0	0.0	0.0	0.0	0.0	0.0	0.0	0.0	261.761	0.0	0.0	0.0	0.0	0.0	0.0	0.0	0.0	23.7964	0.0	0.0	0.0	0.0	0	0	0	0	8	0	0	0	0	0	0	0	0	0	0	0	0	0	0	0	0	0	3	0	0	0	0	0	0	0	0	0	0	0	0	0	0	0	0	0	0	0	0	0	0	0	0	0	0	0	0	0	0	0	0.0	0.0	0.0	0.0	0.001439	0.0	0.0	0.0	0.0	0.0	0.0	0.0	0.0	1.0	0.0	0.0	0.0	0.0	
14	14	407.090030505	14310.103	14310.103	52.0523	0.980972	0	0	0	0	12	0	0	0	0	0.0	0.0	0.0	0.0	0.833183	0.0	0.0	0.0	0.0	0.0	0.0	0.0	0.0	331.294	0.0	0.0	0.0	0.0	0.0	0.0	0.0	0.0	27.6078	0.0	0.0	0.0	0.0	0	0	0	0	9	0	0	0	0	0	0	0	0	0	0	0	0	0	0	0	0	0	3	0	0	0	0	0	0	0	0	0	0	0	0	0	0	0	0	0	0	0	0	0	0	0	0	0	0	0	0	0	0	0	0.0	0.0	0.0	0.0	0.001093	0.0	0.0	0.0	0.0	0.0	0.0	0.0	0.0	1.0	0.0	0.0	0.0	0.0	
15	15	445.174667076	13630.529	13630.529	45.5019	0.978263	0	0	0	0	13	0	0	0	0	0.0	0.0	0.0	0.0	0.849865	0.0	0.0	0.0	0.0	0.0	0.0	0.0	0.0	369.379	0.0	0.0	0.0	0.0	0.0	0.0	0.0	0.0	28.4138	0.0	0.0	0.0	0.0	0	0	0	0	10	0	0	0	0	0	0	0	0	0	0	0	0	0	0	0	0	0	3	0	0	0	0	0	0	0	0	0	0	0	0	0	0	0	0	0	0	0	0	0	0	0	0	0	0	0	0	0	0	0	0.0	0.0	0.0	0.0	0.001053	0.0	0.0	0.0	0.0	0.0	0.0	0.0	0.0	1.0	0.0	0.0	0.0	0.0	
16	16	465.406604271	13303.794	13303.794	42.2704	0.97662	0	0	0	0	14	0	0	0	0	0.0	0.0	0.0	0.0	0.864878	0.0	0.0	0.0	0.0	0.0	0.0	0.0	0.0	389.611	0.0	0.0	0.0	0.0	0.0	0.0	0.0	0.0	27.8293	0.0	0.0	0.0	0.0	0	0	0	0	11	0	0	0	0	0	0	0	0	0	0	0	0	0	0	0	0	0	3	0	0	0	0	0	0	0	0	0	0	0	0	0	0	0	0	0	0	0	0	0	0	0	0	0	0	0	0	0	0	0	0.0	0.0	0.0	0.0	0.001117	0.0	0.0	0.0	0.0	0.0	0.0	0.0	0.0	1.0	0.0	0.0	0.0	0.0	
17	17	481.179532823	13303.794	13303.794	40.6482	0.975699	0	0	0	0	15	0	0	0	0	0.0	0.0	0.0	0.0	0.778391	0.0	0.0	0.0	0.0	0.0	0.0	0.0	0.0	405.384	0.0	0.0	0.0	0.0	0.0	0.0	0.0	0.0	27.0256	0.0	0.0	0.0	0.0	0	0	0	0	11	0	0	0	0	0	0	0	0	0	0	0	0	0	0	0	0	0	4	0	0	0	0	0	0	0	0	0	0	0	0	0	0	0	0	0	0	0	0	0	0	0	0	0	0	0	0	0	0	0	0.0	0.0	0.0	0.0	0.001066	0.0	0.0	0.0	0.0	0.0	0.0	0.0	0.0	1.0	0.0	0.0	0.0	0.0	
18	18	496.852689437	13303.794	13303.794	39.4268	0.974955	0	0	0	0	16	0	0	0	0	0.0	0.0	0.0	0.0	0.700551	0.0	0.0	0.0	0.0	0.0	0.0	0.0	0.0	421.057	0.0	0.0	0.0	0.0	0.0	0.0	0.0	0.0	26.316	0.0	0.0	0.0	0.0	0	0	0	0	11	0	0	0	0	0	0	0	0	0	0	0	0	0	0	0	0	0	5	0	0	0	0	0	0	0	0	0	0	0	0	0	0	0	0	0	0	0	0	0	0	0	0	0	0	0	0	0	0	0	0.0	0.0	0.0	0.0	0.001012	0.0	0.0	0.0	0.0	0.0	0.0	0.0	0.0	1.0	0.0	0.0	0.0	0.0	
19	19	518.012876144	13188.838	13188.838	38.2494	0.974195	0	0	0	0	17	0	0	0	0	0.0	0.0	0.0	0.0	0.730496	0.0	0.0	0.0	0.0	0.0	0.0	0.0	0.0	442.217	0.0	0.0	0.0	0.0	0.0	0.0	0.0	0.0	26.0128	0.0	0.0	0.0	0.0	0	0	0	0	12	0	0	0	0	0	0	0	0	0	0	0	0	0	0	0	0	0	5	0	0	0	0	0	0	0	0	0	0	0	0	0	0	0	0	0	0	0	0	0	0	0	0	0	0	0	0	0	0	0	0.0	0.0	0.0	0.0	0.00108	0.0	0.0	0.0	0.0	0.0	0.0	0.0	0.0	1.0	0.0	0.0	0.0	0.0	
20	20	533.757349681	13188.838	13188.838	36.7155	0.973131	0	0	0	0	18	0	0	0	0	0.0	0.0	0.0	0.0	0.657447	0.0	0.0	0.0	0.0	0.0	0.0	0.0	0.0	457.961	0.0	0.0	0.0	0.0	0.0	0.0	0.0	0.0	25.4423	0.0	0.0	0.0	0.0	0	0	0	0	12	0	0	0	0	0	0	0	0	0	0	0	0	0	0	0	0	0	6	0	0	0	0	0	0	0	0	0	0	0	0	0	0	0	0	0	0	0	0	0	0	0	0	0	0	0	0	0	0	0	0.0	0.0	0.0	0.0	0.001016	0.0	0.0	0.0	0.0	0.0	0.0	0.0	0.0	1.0	0.0	0.0	0.0	0.0	
21	21	551.274298122	13175.838	13175.838	35.6143	0.972312	0	0	0	0	19	0	0	0	0	0.0	0.0	0.0	0.0	0.691702	0.0	0.0	0.0	0.0	0.0	0.0	0.0	0.0	475.478	0.0	0.0	0.0	0.0	0.0	0.0	0.0	0.0	25.0252	0.0	0.0	0.0	0.0	0	0	0	0	13	0	0	0	0	0	0	0	0	0	0	0	0	0	0	0	0	0	6	0	0	0	0	0	0	0	0	0	0	0	0	0	0	0	0	0	0	0	0	0	0	0	0	0	0	0	0	0	0	0	0.0	0.0	0.0	0.0	0.001104	0.0	0.0	0.0	0.0	0.0	0.0	0.0	0.0	1.0	0.0	0.0	0.0	0.0	
22	22	732.155859735	12752.809	12752.809	34.4278	0.971371	0	0	0	0	20	0	0	0	0	0.0	0.0	0.0	0.0	0.722532	0.0	0.0	0.0	0.0	0.0	0.0	0.0	0.0	656.36	0.0	0.0	0.0	0.0	0.0	0.0	0.0	0.0	32.818	0.0	0.0	0.0	0.0	0	0	0	0	14	0	0	0	0	0	0	0	0	0	0	0	0	0	0	0	0	0	6	0	0	0	0	0	0	0	0	0	0	0	0	0	0	0	0	0	0	0	0	0	0	0	0	0	0	0	0	0	0	0	0.0	0.0	0.0	0.0	0.000671	0.0	0.0	0.0	0.0	0.0	0.0	0.0	0.0	1.0	0.0	0.0	0.0	0.0	
23	23	757.58087625	12616.132	12616.132	24.264	0.959624	0	0	0	0	21	0	0	0	0	0.0	0.0	0.0	0.0	0.750279	0.0	0.0	0.0	0.0	0.0	0.0	0.0	0.0	681.785	0.0	0.0	0.0	0.0	0.0	0.0	0.0	0.0	32.4659	0.0	0.0	0.0	0.0	0	0	0	0	15	0	0	0	0	0	0	0	0	0	0	0	0	0	0	0	0	0	6	0	0	0	0	0	0	0	0	0	0	0	0	0	0	0	0	0	0	0	0	0	0	0	0	0	0	0	0	0	0	0	0.0	0.0	0.0	0.0	0.000712	0.0	0.0	0.0	0.0	0.0	0.0	0.0	0.0	1.0	0.0	0.0	0.0	0.0	
24	24	796.985027276	12611.868	12611.868	23.0996	0.957633	0	0	0	0	22	0	0	0	0	0.0	0.0	0.0	0.0	0.775251	0.0	0.0	0.0	0.0	0.0	0.0	0.0	0.0	721.189	0.0	0.0	0.0	0.0	0.0	0.0	0.0	0.0	32.7813	0.0	0.0	0.0	0.0	0	0	0	0	16	0	0	0	0	0	0	0	0	0	0	0	0	0	0	0	0	0	6	0	0	0	0	0	0	0	0	0	0	0	0	0	0	0	0	0	0	0	0	0	0	0	0	0	0	0	0	0	0	0	0.0	0.0	0.0	0.0	0.000721	0.0	0.0	0.0	0.0	0.0	0.0	0.0	0.0	1.0	0.0	0.0	0.0	0.0	
25	25	819.557538978	12512.544	12512.544	21.4044	0.954355	0	0	0	0	23	0	0	0	0	0.0	0.0	0.0	0.0	0.797726	0.0	0.0	0.0	0.0	0.0	0.0	0.0	0.0	743.761	0.0	0.0	0.0	0.0	0.0	0.0	0.0	0.0	32.3375	0.0	0.0	0.0	0.0	0	0	0	0	17	0	0	0	0	0	0	0	0	0	0	0	0	0	0	0	0	0	6	0	0	0	0	0	0	0	0	0	0	0	0	0	0	0	0	0	0	0	0	0	0	0	0	0	0	0	0	0	0	0	0.0	0.0	0.0	0.0	0.000763	0.0	0.0	0.0	0.0	0.0	0.0	0.0	0.0	1.0	0.0	0.0	0.0	0.0	
26	26	837.633392865	12497.544	12497.544	20.49	0.952367	0	0	0	0	24	0	0	0	0	0.0	0.0	0.0	0.0	0.817953	0.0	0.0	0.0	0.0	0.0	0.0	0.0	0.0	761.837	0.0	0.0	0.0	0.0	0.0	0.0	0.0	0.0	31.7432	0.0	0.0	0.0	0.0	0	0	0	0	18	0	0	0	0	0	0	0	0	0	0	0	0	0	0	0	0	0	6	0	0	0	0	0	0	0	0	0	0	0	0	0	0	0	0	0	0	0	0	0	0	0	0	0	0	0	0	0	0	0	0.0	0.0	0.0	0.0	0.000812	0.0	0.0	0.0	0.0	0.0	0.0	0.0	0.0	1.0	0.0	0.0	0.0	0.0	
27	27	1018.461155048	12077.559	12077.559	19.7859	0.950715	0	0	0	0	25	0	0	0	0	0.0	0.0	0.0	0.0	0.836158	0.0	0.0	0.0	0.0	0.0	0.0	0.0	0.0	942.665	0.0	0.0	0.0	0.0	0.0	0.0	0.0	0.0	37.7066	0.0	0.0	0.0	0.0	0	0	0	0	19	0	0	0	0	0	0	0	0	0	0	0	0	0	0	0	0	0	6	0	0	0	0	0	0	0	0	0	0	0	0	0	0	0	0	0	0	0	0	0	0	0	0	0	0	0	0	0	0	0	0.0	0.0	0.0	0.0	0.000588	0.0	0.0	0.0	0.0	0.0	0.0	0.0	0.0	1.0	0.0	0.0	0.0	0.0	
28	28	1046.460087782	12062.559	12062.559	13.9462	0.930806	0	0	0	0	26	0	0	0	0	0.0	0.0	0.0	0.0	0.852542	0.0	0.0	0.0	0.0	0.0	0.0	0.0	0.0	970.664	0.0	0.0	0.0	0.0	0.0	0.0	0.0	0.0	37.3332	0.0	0.0	0.0	0.0	0	0	0	0	20	0	0	0	0	0	0	0	0	0	0	0	0	0	0	0	0	0	6	0	0	0	0	0	0	0	0	0	0	0	0	0	0	0	0	0	0	0	0	0	0	0	0	0	0	0	0	0	0	0	0.0	0.0	0.0	0.0	0.000612	0.0	0.0	0.0	0.0	0.0	0.0	0.0	0.0	1.0	0.0	0.0	0.0	0.0	
29	29	1065.569331799	12044.5	12044.5	13.211	0.927099	0	0	0	0	27	0	0	0	0	0.0	0.0	0.0	0.0	0.867288	0.0	0.0	0.0	0.0	0.0	0.0	0.0	0.0	989.773	0.0	0.0	0.0	0.0	0.0	0.0	0.0	0.0	36.6583	0.0	0.0	0.0	0.0	0	0	0	0	21	0	0	0	0	0	0	0	0	0	0	0	0	0	0	0	0	0	6	0	0	0	0	0	0	0	0	0	0	0	0	0	0	0	0	0	0	0	0	0	0	0	0	0	0	0	0	0	0	0	0.0	0.0	0.0	0.0	0.000645	0.0	0.0	0.0	0.0	0.0	0.0	0.0	0.0	1.0	0.0	0.0	0.0	0.0	
30	30	1081.278235627	12044.5	12044.5	12.7316	0.924461	0	0	0	0	28	0	0	0	0	0.0	0.0	0.0	0.0	0.780559	0.0	0.0	0.0	0.0	0.0	0.0	0.0	0.0	1005.48	0.0	0.0	0.0	0.0	0.0	0.0	0.0	0.0	35.9101	0.0	0.0	0.0	0.0	0	0	0	0	21	0	0	0	0	0	0	0	0	0	0	0	0	0	0	0	0	0	7	0	0	0	0	0	0	0	0	0	0	0	0	0	0	0	0	0	0	0	0	0	0	0	0	0	0	0	0	0	0	0	0.0	0.0	0.0	0.0	0.000605	0.0	0.0	0.0	0.0	0.0	0.0	0.0	0.0	1.0	0.0	0.0	0.0	0.0	
31	31	1096.954448935	12044.5	12044.5	12.3505	0.922223	0	0	0	0	29	0	0	0	0	0.0	0.0	0.0	0.0	0.702503	0.0	0.0	0.0	0.0	0.0	0.0	0.0	0.0	1021.16	0.0	0.0	0.0	0.0	0.0	0.0	0.0	0.0	35.2124	0.0	0.0	0.0	0.0	0	0	0	0	21	0	0	0	0	0	0	0	0	0	0	0	0	0	0	0	0	0	8	0	0	0	0	0	0	0	0	0	0	0	0	0	0	0	0	0	0	0	0	0	0	0	0	0	0	0	0	0	0	0	0.0	0.0	0.0	0.0	0.000567	0.0	0.0	0.0	0.0	0.0	0.0	0.0	0.0	1.0	0.0	0.0	0.0	0.0	
32	32	1121.552803801	11967.779	11967.779	11.9817	0.919927	0	0	0	0	30	0	0	0	0	0.0	0.0	0.0	0.0	0.732253	0.0	0.0	0.0	0.0	0.0	0.0	0.0	0.0	1045.76	0.0	0.0	0.0	0.0	0.0	0.0	0.0	0.0	34.8586	0.0	0.0	0.0	0.0	0	0	0	0	22	0	0	0	0	0	0	0	0	0	0	0	0	0	0	0	0	0	8	0	0	0	0	0	0	0	0	0	0	0	0	0	0	0	0	0	0	0	0	0	0	0	0	0	0	0	0	0	0	0	0.0	0.0	0.0	0.0	0.000603	0.0	0.0	0.0	0.0	0.0	0.0	0.0	0.0	1.0	0.0	0.0	0.0	0.0	
33	33	1141.919655617	11937.279	11937.279	11.4249	0.916193	0	0	0	0	31	0	0	0	0	0.0	0.0	0.0	0.0	0.759028	0.0	0.0	0.0	0.0	0.0	0.0	0.0	0.0	1066.12	0.0	0.0	0.0	0.0	0.0	0.0	0.0	0.0	34.3911	0.0	0.0	0.0	0.0	0	0	0	0	23	0	0	0	0	0	0	0	0	0	0	0	0	0	0	0	0	0	8	0	0	0	0	0	0	0	0	0	0	0	0	0	0	0	0	0	0	0	0	0	0	0	0	0	0	0	0	0	0	0	0.0	0.0	0.0	0.0	0.000642	0.0	0.0	0.0	0.0	0.0	0.0	0.0	0.0	1.0	0.0	0.0	0.0	0.0	
34	34	1161.018565945	11927.279	11927.279	10.9836	0.912977	0	0	0	0	32	0	0	0	0	0.0	0.0	0.0	0.0	0.783125	0.0	0.0	0.0	0.0	0.0	0.0	0.0	0.0	1085.22	0.0	0.0	0.0	0.0	0.0	0.0	0.0	0.0	33.9132	0.0	0.0	0.0	0.0	0	0	0	0	24	0	0	0	0	0	0	0	0	0	0	0	0	0	0	0	0	0	8	0	0	0	0	0	0	0	0	0	0	0	0	0	0	0	0	0	0	0	0	0	0	0	0	0	0	0	0	0	0	0	0.0	0.0	0.0	0.0	0.000681	0.0	0.0	0.0	0.0	0.0	0.0	0.0	0.0	1.0	0.0	0.0	0.0	0.0	
35	35	1195.627898977	11927.279	11927.279	10.5852	0.909854	0	0	0	0	33	0	0	0	0	0.0	0.0	0.0	0.0	0.704812	0.0	0.0	0.0	0.0	0.0	0.0	0.0	0.0	1119.83	0.0	0.0	0.0	0.0	0.0	0.0	0.0	0.0	33.9343	0.0	0.0	0.0	0.0	0	0	0	0	24	0	0	0	0	0	0	0	0	0	0	0	0	0	0	0	0	0	9	0	0	0	0	0	0	0	0	0	0	0	0	0	0	0	0	0	0	0	0	0	0	0	0	0	0	0	0	0	0	0	0.0	0.0	0.0	0.0	0.000612	0.0	0.0	0.0	0.0	0.0	0.0	0.0	0.0	1.0	0.0	0.0	0.0	0.0	
36	36	1213.052524906	11923.779	11923.779	9.89983	0.903922	0	0	0	0	34	0	0	0	0	0.0	0.0	0.0	0.0	0.734331	0.0	0.0	0.0	0.0	0.0	0.0	0.0	0.0	1137.26	0.0	0.0	0.0	0.0	0.0	0.0	0.0	0.0	33.4487	0.0	0.0	0.0	0.0	0	0	0	0	25	0	0	0	0	0	0	0	0	0	0	0	0	0	0	0	0	0	9	0	0	0	0	0	0	0	0	0	0	0	0	0	0	0	0	0	0	0	0	0	0	0	0	0	0	0	0	0	0	0	0.0	0.0	0.0	0.0	0.000656	0.0	0.0	0.0	0.0	0.0	0.0	0.0	0.0	1.0	0.0	0.0	0.0	0.0	
37	37	1238.755957802	11923.779	11923.779	9.57173	0.900798	0	0	0	0	35	0	0	0	0	0.0	0.0	0.0	0.0	0.660898	0.0	0.0	0.0	0.0	0.0	0.0	0.0	0.0	1162.96	0.0	0.0	0.0	0.0	0.0	0.0	0.0	0.0	33.2274	0.0	0.0	0.0	0.0	0	0	0	0	25	0	0	0	0	0	0	0	0	0	0	0	0	0	0	0	0	0	10	0	0	0	0	0	0	0	0	0	0	0	0	0	0	0	0	0	0	0	0	0	0	0	0	0	0	0	0	0	0	0	0.0	0.0	0.0	0.0	0.000599	0.0	0.0	0.0	0.0	0.0	0.0	0.0	0.0	1.0	0.0	0.0	0.0	0.0	
38	38	1258.915855065	11903.588	11903.588	9.10749	0.896014	0	0	0	0	36	0	0	0	0	0.0	0.0	0.0	0.0	0.694808	0.0	0.0	0.0	0.0	0.0	0.0	0.0	0.0	1183.12	0.0	0.0	0.0	0.0	0.0	0.0	0.0	0.0	32.8644	0.0	0.0	0.0	0.0	0	0	0	0	26	0	0	0	0	0	0	0	0	0	0	0	0	0	0	0	0	0	10	0	0	0	0	0	0	0	0	0	0	0	0	0	0	0	0	0	0	0	0	0	0	0	0	0	0	0	0	0	0	0	0.0	0.0	0.0	0.0	0.000643	0.0	0.0	0.0	0.0	0.0	0.0	0.0	0.0	1.0	0.0	0.0	0.0	0.0	
39	39	1302.929521253	11894.397	11894.397	8.75918	0.89211	0	0	0	0	37	0	0	0	0	0.0	0.0	0.0	0.0	0.725327	0.0	0.0	0.0	0.0	0.0	0.0	0.0	0.0	1227.13	0.0	0.0	0.0	0.0	0.0	0.0	0.0	0.0	33.1658	0.0	0.0	0.0	0.0	0	0	0	0	27	0	0	0	0	0	0	0	0	0	0	0	0	0	0	0	0	0	10	0	0	0	0	0	0	0	0	0	0	0	0	0	0	0	0	0	0	0	0	0	0	0	0	0	0	0	0	0	0	0	0.0	0.0	0.0	0.0	0.000659	0.0	0.0	0.0	0.0	0.0	0.0	0.0	0.0	1.0	0.0	0.0	0.0	0.0	
40	40	1325.770984298	11861.676	11861.676	8.04434	0.883105	0	0	0	0	38	0	0	0	0	0.0	0.0	0.0	0.0	0.752795	0.0	0.0	0.0	0.0	0.0	0.0	0.0	0.0	1249.97	0.0	0.0	0.0	0.0	0.0	0.0	0.0	0.0	32.8941	0.0	0.0	0.0	0.0	0	0	0	0	28	0	0	0	0	0	0	0	0	0	0	0	0	0	0	0	0	0	10	0	0	0	0	0	0	0	0	0	0	0	0	0	0	0	0	0	0	0	0	0	0	0	0	0	0	0	0	0	0	0	0.0	0.0	0.0	0.0	0.000696	0.0	0.0	0.0	0.0	0.0	0.0	0.0	0.0	1.0	0.0	0.0	0.0	0.0	
41	41	1352.963306491	11845.279	11845.279	7.69667	0.87816	0	0	0	0	39	0	0	0	0	0.0	0.0	0.0	0.0	0.777515	0.0	0.0	0.0	0.0	0.0	0.0	0.0	0.0	1277.17	0.0	0.0	0.0	0.0	0.0	0.0	0.0	0.0	32.7479	0.0	0.0	0.0	0.0	0	0	0	0	29	0	0	0	0	0	0	0	0	0	0	0	0	0	0	0	0	0	10	0	0	0	0	0	0	0	0	0	0	0	0	0	0	0	0	0	0	0	0	0	0	0	0	0	0	0	0	0	0	0	0.0	0.0	0.0	0.0	0.000725	0.0	0.0	0.0	0.0	0.0	0.0	0.0	0.0	1.0	0.0	0.0	0.0	0.0	
42	42	1368.714243211	11845.279	11845.279	7.30231	0.87202	0	0	0	0	40	0	0	0	0	0.0	0.0	0.0	0.0	0.699764	0.0	0.0	0.0	0.0	0.0	0.0	0.0	0.0	1292.92	0.0	0.0	0.0	0.0	0.0	0.0	0.0	0.0	32.3229	0.0	0.0	0.0	0.0	0	0	0	0	29	0	0	0	0	0	0	0	0	0	0	0	0	0	0	0	0	0	11	0	0	0	0	0	0	0	0	0	0	0	0	0	0	0	0	0	0	0	0	0	0	0	0	0	0	0	0	0	0	0	0.0	0.0	0.0	0.0	0.00067	0.0	0.0	0.0	0.0	0.0	0.0	0.0	0.0	1.0	0.0	0.0	0.0	0.0	
43	43	1384.492105609	11845.279	11845.279	7.08319	0.868334	0	0	0	0	41	0	0	0	0	0.0	0.0	0.0	0.0	0.629787	0.0	0.0	0.0	0.0	0.0	0.0	0.0	0.0	1308.7	0.0	0.0	0.0	0.0	0.0	0.0	0.0	0.0	31.9194	0.0	0.0	0.0	0.0	0	0	0	0	29	0	0	0	0	0	0	0	0	0	0	0	0	0	0	0	0	0	12	0	0	0	0	0	0	0	0	0	0	0	0	0	0	0	0	0	0	0	0	0	0	0	0	0	0	0	0	0	0	0	0.0	0.0	0.0	0.0	0.000618	0.0	0.0	0.0	0.0	0.0	0.0	0.0	0.0	1.0	0.0	0.0	0.0	0.0	
44	44	1436.03382857	11839.853	11839.853	6.87029	0.864543	0	0	0	0	42	0	0	0	0	0.0	0.0	0.0	0.0	0.666809	0.0	0.0	0.0	0.0	0.0	0.0	0.0	0.0	1360.24	0.0	0.0	0.0	0.0	0.0	0.0	0.0	0.0	32.3866	0.0	0.0	0.0	0.0	0	0	0	0	30	0	0	0	0	0	0	0	0	0	0	0	0	0	0	0	0	0	12	0	0	0	0	0	0	0	0	0	0	0	0	0	0	0	0	0	0	0	0	0	0	0	0	0	0	0	0	0	0	0	0.0	0.0	0.0	0.0	0.000636	0.0	0.0	0.0	0.0	0.0	0.0	0.0	0.0	1.0	0.0	0.0	0.0	0.0	
45	45	1538.788259929	11797.382	11797.382	6.21839	0.851451	0	0	0	0	43	0	0	0	0	0.0	0.0	0.0	0.0	0.700128	0.0	0.0	0.0	0.0	0.0	0.0	0.0	0.0	1462.99	0.0	0.0	0.0	0.0	0.0	0.0	0.0	0.0	34.0231	0.0	0.0	0.0	0.0	0	0	0	0	31	0	0	0	0	0	0	0	0	0	0	0	0	0	0	0	0	0	12	0	0	0	0	0	0	0	0	0	0	0	0	0	0	0	0	0	0	0	0	0	0	0	0	0	0	0	0	0	0	0	0.0	0.0	0.0	0.0	0.000605	0.0	0.0	0.0	0.0	0.0	0.0	0.0	0.0	1.0	0.0	0.0	0.0	0.0	
46	46	1557.451300148	11724.0	11724.0	5.09754	0.82187	0	0	0	0	44	0	0	0	0	0.0	0.0	0.0	0.0	0.730115	0.0	0.0	0.0	0.0	0.0	0.0	0.0	0.0	1481.65	0.0	0.0	0.0	0.0	0.0	0.0	0.0	0.0	33.674	0.0	0.0	0.0	0.0	0	0	0	0	32	0	0	0	0	0	0	0	0	0	0	0	0	0	0	0	0	0	12	0	0	0	0	0	0	0	0	0	0	0	0	0	0	0	0	0	0	0	0	0	0	0	0	0	0	0	0	0	0	0	0.0	0.0	0.0	0.0	0.000644	0.0	0.0	0.0	0.0	0.0	0.0	0.0	0.0	1.0	0.0	0.0	0.0	0.0	
47	47	1599.652661624	11716.5	11716.5	4.9168	0.815965	0	0	0	0	45	0	0	0	0	0.0	0.0	0.0	0.0	0.757103	0.0	0.0	0.0	0.0	0.0	0.0	0.0	0.0	1523.86	0.0	0.0	0.0	0.0	0.0	0.0	0.0	0.0	33.8635	0.0	0.0	0.0	0.0	0	0	0	0	33	0	0	0	0	0	0	0	0	0	0	0	0	0	0	0	0	0	12	0	0	0	0	0	0	0	0	0	0	0	0	0	0	0	0	0	0	0	0	0	0	0	0	0	0	0	0	0	0	0	0.0	0.0	0.0	0.0	0.00066	0.0	0.0	0.0	0.0	0.0	0.0	0.0	0.0	1.0	0.0	0.0	0.0	0.0	
48	48	1626.216173054	11716.5	11716.5	4.5314	0.801971	0	0	0	0	46	0	0	0	0	0.0	0.0	0.0	0.0	0.681393	0.0	0.0	0.0	0.0	0.0	0.0	0.0	0.0	1550.42	0.0	0.0	0.0	0.0	0.0	0.0	0.0	0.0	33.7048	0.0	0.0	0.0	0.0	0	0	0	0	33	0	0	0	0	0	0	0	0	0	0	0	0	0	0	0	0	0	13	0	0	0	0	0	0	0	0	0	0	0	0	0	0	0	0	0	0	0	0	0	0	0	0	0	0	0	0	0	0	0	0.0	0.0	0.0	0.0	0.0006	0.0	0.0	0.0	0.0	0.0	0.0	0.0	0.0	1.0	0.0	0.0	0.0	0.0	
49	49	1658.259823952	11716.5	11716.5	4.30445	0.792694	0	0	0	0	47	0	0	0	0	0.0	0.0	0.0	0.0	0.613254	0.0	0.0	0.0	0.0	0.0	0.0	0.0	0.0	1582.46	0.0	0.0	0.0	0.0	0.0	0.0	0.0	0.0	33.6694	0.0	0.0	0.0	0.0	0	0	0	0	33	0	0	0	0	0	0	0	0	0	0	0	0	0	0	0	0	0	14	0	0	0	0	0	0	0	0	0	0	0	0	0	0	0	0	0	0	0	0	0	0	0	0	0	0	0	0	0	0	0	0.0	0.0	0.0	0.0	0.000541	0.0	0.0	0.0	0.0	0.0	0.0	0.0	0.0	1.0	0.0	0.0	0.0	0.0	
50	50	1839.1368834	11703.132	11703.132	4.04576	0.781006	0	0	0	0	48	0	0	0	0	0.0	0.0	0.0	0.0	0.651928	0.0	0.0	0.0	0.0	0.0	0.0	0.0	0.0	1763.34	0.0	0.0	0.0	0.0	0.0	0.0	0.0	0.0	36.7363	0.0	0.0	0.0	0.0	0	0	0	0	34	0	0	0	0	0	0	0	0	0	0	0	0	0	0	0	0	0	14	0	0	0	0	0	0	0	0	0	0	0	0	0	0	0	0	0	0	0	0	0	0	0	0	0	0	0	0	0	0	0	0.0	0.0	0.0	0.0	0.000483	0.0	0.0	0.0	0.0	0.0	0.0	0.0	0.0	1.0	0.0	0.0	0.0	0.0	
51	51	1858.779917654	11698.632	11698.632	2.85139	0.70419	0	0	0	0	49	0	0	0	0	0.0	0.0	0.0	0.0	0.686736	0.0	0.0	0.0	0.0	0.0	0.0	0.0	0.0	1782.98	0.0	0.0	0.0	0.0	0.0	0.0	0.0	0.0	36.3874	0.0	0.0	0.0	0.0	0	0	0	0	35	0	0	0	0	0	0	0	0	0	0	0	0	0	0	0	0	0	14	0	0	0	0	0	0	0	0	0	0	0	0	0	0	0	0	0	0	0	0	0	0	0	0	0	0	0	0	0	0	0	0.0	0.0	0.0	0.0	0.000519	0.0	0.0	0.0	0.0	0.0	0.0	0.0	0.0	1.0	0.0	0.0	0.0	0.0	
52	52	1878.259105564	11682.015	11682.015	2.74508	0.694691	0	0	0	0	50	0	0	0	0	0.0	0.0	0.0	0.0	0.718062	0.0	0.0	0.0	0.0	0.0	0.0	0.0	0.0	1802.46	0.0	0.0	0.0	0.0	0.0	0.0	0.0	0.0	36.0492	0.0	0.0	0.0	0.0	0	0	0	0	36	0	0	0	0	0	0	0	0	0	0	0	0	0	0	0	0	0	14	0	0	0	0	0	0	0	0	0	0	0	0	0	0	0	0	0	0	0	0	0	0	0	0	0	0	0	0	0	0	0	0.0	0.0	0.0	0.0	0.000553	0.0	0.0	0.0	0.0	0.0	0.0	0.0	0.0	1.0	0.0	0.0	0.0	0.0	
53	53	1911.066895723	11676.515	11676.515	2.64358	0.685042	0	0	0	0	51	0	0	0	0	0.0	0.0	0.0	0.0	0.746256	0.0	0.0	0.0	0.0	0.0	0.0	0.0	0.0	1835.27	0.0	0.0	0.0	0.0	0.0	0.0	0.0	0.0	35.9857	0.0	0.0	0.0	0.0	0	0	0	0	37	0	0	0	0	0	0	0	0	0	0	0	0	0	0	0	0	0	14	0	0	0	0	0	0	0	0	0	0	0	0	0	0	0	0	0	0	0	0	0	0	0	0	0	0	0	0	0	0	0	0.0	0.0	0.0	0.0	0.000576	0.0	0.0	0.0	0.0	0.0	0.0	0.0	0.0	1.0	0.0	0.0	0.0	0.0	
54	54	1935.510026008	11615.191	11615.191	2.48103	0.668273	0	0	0	0	52	0	0	0	0	0.0	0.0	0.0	0.0	0.77163	0.0	0.0	0.0	0.0	0.0	0.0	0.0	0.0	1859.71	0.0	0.0	0.0	0.0	0.0	0.0	0.0	0.0	35.7637	0.0	0.0	0.0	0.0	0	0	0	0	38	0	0	0	0	0	0	0	0	0	0	0	0	0	0	0	0	0	14	0	0	0	0	0	0	0	0	0	0	0	0	0	0	0	0	0	0	0	0	0	0	0	0	0	0	0	0	0	0	0	0.0	0.0	0.0	0.0	0.000603	0.0	0.0	0.0	0.0	0.0	0.0	0.0	0.0	1.0	0.0	0.0	0.0	0.0	
55	55	1986.032981531	11615.191	11615.191	2.36646	0.655359	0	0	0	0	53	0	0	0	0	0.0	0.0	0.0	0.0	0.694467	0.0	0.0	0.0	0.0	0.0	0.0	0.0	0.0	1910.24	0.0	0.0	0.0	0.0	0.0	0.0	0.0	0.0	36.0422	0.0	0.0	0.0	0.0	0	0	0	0	38	0	0	0	0	0	0	0	0	0	0	0	0	0	0	0	0	0	15	0	0	0	0	0	0	0	0	0	0	0	0	0	0	0	0	0	0	0	0	0	0	0	0	0	0	0	0	0	0	0	0.0	0.0	0.0	0.0	0.000535	0.0	0.0	0.0	0.0	0.0	0.0	0.0	0.0	1.0	0.0	0.0	0.0	0.0	
56	56	2012.421046717	11597.691	11597.691	2.14614	0.627537	0	0	0	0	54	0	0	0	0	0.0	0.0	0.0	0.0	0.72502	0.0	0.0	0.0	0.0	0.0	0.0	0.0	0.0	1936.62	0.0	0.0	0.0	0.0	0.0	0.0	0.0	0.0	35.8634	0.0	0.0	0.0	0.0	0	0	0	0	39	0	0	0	0	0	0	0	0	0	0	0	0	0	0	0	0	0	15	0	0	0	0	0	0	0	0	0	0	0	0	0	0	0	0	0	0	0	0	0	0	0	0	0	0	0	0	0	0	0	0.0	0.0	0.0	0.0	0.000564	0.0	0.0	0.0	0.0	0.0	0.0	0.0	0.0	1.0	0.0	0.0	0.0	0.0	
57	57	2045.368206418	11597.691	11597.691	2.03935	0.61241	0	0	0	0	55	0	0	0	0	0.0	0.0	0.0	0.0	0.652518	0.0	0.0	0.0	0.0	0.0	0.0	0.0	0.0	1969.57	0.0	0.0	0.0	0.0	0.0	0.0	0.0	0.0	35.8104	0.0	0.0	0.0	0.0	0	0	0	0	39	0	0	0	0	0	0	0	0	0	0	0	0	0	0	0	0	0	16	0	0	0	0	0	0	0	0	0	0	0	0	0	0	0	0	0	0	0	0	0	0	0	0	0	0	0	0	0	0	0	0.0	0.0	0.0	0.0	0.000509	0.0	0.0	0.0	0.0	0.0	0.0	0.0	0.0	1.0	0.0	0.0	0.0	0.0	
58	58	2075.361097165	11597.691	11597.691	1.91344	0.592965	0	0	0	0	56	0	0	0	0	0.0	0.0	0.0	0.0	0.587267	0.0	0.0	0.0	0.0	0.0	0.0	0.0	0.0	1999.56	0.0	0.0	0.0	0.0	0.0	0.0	0.0	0.0	35.7065	0.0	0.0	0.0	0.0	0	0	0	0	39	0	0	0	0	0	0	0	0	0	0	0	0	0	0	0	0	0	17	0	0	0	0	0	0	0	0	0	0	0	0	0	0	0	0	0	0	0	0	0	0	0	0	0	0	0	0	0	0	0	0.0	0.0	0.0	0.0	0.000461	0.0	0.0	0.0	0.0	0.0	0.0	0.0	0.0	1.0	0.0	0.0	0.0	0.0	
59	59	2091.354819038	11597.691	11597.691	1.80559	0.574741	0	0	0	0	57	0	0	0	0	0.0	0.0	0.0	0.0	0.52854	0.0	0.0	0.0	0.0	0.0	0.0	0.0	0.0	2015.56	0.0	0.0	0.0	0.0	0.0	0.0	0.0	0.0	35.3607	0.0	0.0	0.0	0.0	0	0	0	0	39	0	0	0	0	0	0	0	0	0	0	0	0	0	0	0	0	0	18	0	0	0	0	0	0	0	0	0	0	0	0	0	0	0	0	0	0	0	0	0	0	0	0	0	0	0	0	0	0	0	0.0	0.0	0.0	0.0	0.000423	0.0	0.0	0.0	0.0	0.0	0.0	0.0	0.0	1.0	0.0	0.0	0.0	0.0	
60	60	2111.737006608	11591.191	11591.191	1.75059	0.564826	0	0	0	0	58	0	0	0	0	0.0	0.0	0.0	0.0	0.575686	0.0	0.0	0.0	0.0	0.0	0.0	0.0	0.0	2035.94	0.0	0.0	0.0	0.0	0.0	0.0	0.0	0.0	35.1024	0.0	0.0	0.0	0.0	0	0	0	0	40	0	0	0	0	0	0	0	0	0	0	0	0	0	0	0	0	0	18	0	0	0	0	0	0	0	0	0	0	0	0	0	0	0	0	0	0	0	0	0	0	0	0	0	0	0	0	0	0	0	0.0	0.0	0.0	0.0	0.000467	0.0	0.0	0.0	0.0	0.0	0.0	0.0	0.0	1.0	0.0	0.0	0.0	0.0	
61	61	2127.592923764	11591.191	11591.191	1.68291	0.552	0	0	0	0	59	0	0	0	0	0.0	0.0	0.0	0.0	0.518117	0.0	0.0	0.0	0.0	0.0	0.0	0.0	0.0	2051.8	0.0	0.0	0.0	0.0	0.0	0.0	0.0	0.0	34.7762	0.0	0.0	0.0	0.0	0	0	0	0	40	0	0	0	0	0	0	0	0	0	0	0	0	0	0	0	0	0	19	0	0	0	0	0	0	0	0	0	0	0	0	0	0	0	0	0	0	0	0	0	0	0	0	0	0	0	0	0	0	0	0.0	0.0	0.0	0.0	0.000428	0.0	0.0	0.0	0.0	0.0	0.0	0.0	0.0	1.0	0.0	0.0	0.0	0.0	
62	62	2143.544886815	11591.191	11591.191	1.63208	0.541878	0	0	0	0	60	0	0	0	0	0.0	0.0	0.0	0.0	0.466306	0.0	0.0	0.0	0.0	0.0	0.0	0.0	0.0	2067.75	0.0	0.0	0.0	0.0	0.0	0.0	0.0	0.0	34.4625	0.0	0.0	0.0	0.0	0	0	0	0	40	0	0	0	0	0	0	0	0	0	0	0	0	0	0	0	0	0	20	0	0	0	0	0	0	0	0	0	0	0	0	0	0	0	0	0	0	0	0	0	0	0	0	0	0	0	0	0	0	0	0.0	0.0	0.0	0.0	0.000393	0.0	0.0	0.0	0.0	0.0	0.0	0.0	0.0	1.0	0.0	0.0	0.0	0.0	
63	63	2164.191159454	11591.191	11591.191	1.58249	0.531574	0	0	0	0	61	0	0	0	0	0.0	0.0	0.0	0.0	0.419675	0.0	0.0	0.0	0.0	0.0	0.0	0.0	0.0	2088.39	0.0	0.0	0.0	0.0	0.0	0.0	0.0	0.0	34.236	0.0	0.0	0.0	0.0	0	0	0	0	40	0	0	0	0	0	0	0	0	0	0	0	0	0	0	0	0	0	21	0	0	0	0	0	0	0	0	0	0	0	0	0	0	0	0	0	0	0	0	0	0	0	0	0	0	0	0	0	0	0	0.0	0.0	0.0	0.0	0.000358	0.0	0.0	0.0	0.0	0.0	0.0	0.0	0.0	1.0	0.0	0.0	0.0	0.0	
64	64	2185.018677721	11576.691	11576.691	1.52054	0.518062	0	0	0	0	62	0	0	0	0	0.0	0.0	0.0	0.0	0.477708	0.0	0.0	0.0	0.0	0.0	0.0	0.0	0.0	2109.22	0.0	0.0	0.0	0.0	0.0	0.0	0.0	0.0	34.0197	0.0	0.0	0.0	0.0	0	0	0	0	41	0	0	0	0	0	0	0	0	0	0	0	0	0	0	0	0	0	21	0	0	0	0	0	0	0	0	0	0	0	0	0	0	0	0	0	0	0	0	0	0	0	0	0	0	0	0	0	0	0	0.0	0.0	0.0	0.0	0.000413	0.0	0.0	0.0	0.0	0.0	0.0	0.0	0.0	1.0	0.0	0.0	0.0	0.0	
65	65	2204.018231153	11576.691	11576.691	1.4605	0.504244	0	0	0	0	63	0	0	0	0	0.0	0.0	0.0	0.0	0.429937	0.0	0.0	0.0	0.0	0.0	0.0	0.0	0.0	2128.22	0.0	0.0	0.0	0.0	0.0	0.0	0.0	0.0	33.7813	0.0	0.0	0.0	0.0	0	0	0	0	41	0	0	0	0	0	0	0	0	0	0	0	0	0	0	0	0	0	22	0	0	0	0	0	0	0	0	0	0	0	0	0	0	0	0	0	0	0	0	0	0	0	0	0	0	0	0	0	0	0	0.0	0.0	0.0	0.0	0.000377	0.0	0.0	0.0	0.0	0.0	0.0	0.0	0.0	1.0	0.0	0.0	0.0	0.0	
66	66	2222.152665341	11576.691	11576.691	1.4078	0.491484	0	0	0	0	64	0	0	0	0	0.0	0.0	0.0	0.0	0.386943	0.0	0.0	0.0	0.0	0.0	0.0	0.0	0.0	2146.36	0.0	0.0	0.0	0.0	0.0	0.0	0.0	0.0	33.5368	0.0	0.0	0.0	0.0	0	0	0	0	41	0	0	0	0	0	0	0	0	0	0	0	0	0	0	0	0	0	23	0	0	0	0	0	0	0	0	0	0	0	0	0	0	0	0	0	0	0	0	0	0	0	0	0	0	0	0	0	0	0	0.0	0.0	0.0	0.0	0.000344	0.0	0.0	0.0	0.0	0.0	0.0	0.0	0.0	1.0	0.0	0.0	0.0	0.0	
67	67	2237.893528409	11576.691	11576.691	1.35928	0.479178	0	0	0	0	65	0	0	0	0	0.0	0.0	0.0	0.0	0.348249	0.0	0.0	0.0	0.0	0.0	0.0	0.0	0.0	2162.1	0.0	0.0	0.0	0.0	0.0	0.0	0.0	0.0	33.263	0.0	0.0	0.0	0.0	0	0	0	0	41	0	0	0	0	0	0	0	0	0	0	0	0	0	0	0	0	0	24	0	0	0	0	0	0	0	0	0	0	0	0	0	0	0	0	0	0	0	0	0	0	0	0	0	0	0	0	0	0	0	0.0	0.0	0.0	0.0	0.000315	0.0	0.0	0.0	0.0	0.0	0.0	0.0	0.0	1.0	0.0	0.0	0.0	0.0	
68	68	2267.826658276	11525.235	11525.235	1.31852	0.468402	0	0	0	0	66	0	0	0	0	0.0	0.0	0.0	0.0	0.413424	0.0	0.0	0.0	0.0	0.0	0.0	0.0	0.0	2192.03	0.0	0.0	0.0	0.0	0.0	0.0	0.0	0.0	33.2126	0.0	0.0	0.0	0.0	0	0	0	0	42	0	0	0	0	0	0	0	0	0	0	0	0	0	0	0	0	0	24	0	0	0	0	0	0	0	0	0	0	0	0	0	0	0	0	0	0	0	0	0	0	0	0	0	0	0	0	0	0	0	0.0	0.0	0.0	0.0	0.000375	0.0	0.0	0.0	0.0	0.0	0.0	0.0	0.0	1.0	0.0	0.0	0.0	0.0	
69	69	2288.894438757	11523.735	11523.735	1.24435	0.447698	0	0	0	0	67	0	0	0	0	0.0	0.0	0.0	0.0	0.472082	0.0	0.0	0.0	0.0	0.0	0.0	0.0	0.0	2213.1	0.0	0.0	0.0	0.0	0.0	0.0	0.0	0.0	33.0313	0.0	0.0	0.0	0.0	0	0	0	0	43	0	0	0	0	0	0	0	0	0	0	0	0	0	0	0	0	0	24	0	0	0	0	0	0	0	0	0	0	0	0	0	0	0	0	0	0	0	0	0	0	0	0	0	0	0	0	0	0	0	0.0	0.0	0.0	0.0	0.000433	0.0	0.0	0.0	0.0	0.0	0.0	0.0	0.0	1.0	0.0	0.0	0.0	0.0	
70	70	2310.102529998	11490.735	11490.735	1.19466	0.432981	0	0	0	0	68	0	0	0	0	0.0	0.0	0.0	0.0	0.524873	0.0	0.0	0.0	0.0	0.0	0.0	0.0	0.0	2234.31	0.0	0.0	0.0	0.0	0.0	0.0	0.0	0.0	32.8574	0.0	0.0	0.0	0.0	0	0	0	0	44	0	0	0	0	0	0	0	0	0	0	0	0	0	0	0	0	0	24	0	0	0	0	0	0	0	0	0	0	0	0	0	0	0	0	0	0	0	0	0	0	0	0	0	0	0	0	0	0	0	0.0	0.0	0.0	0.0	0.000486	0.0	0.0	0.0	0.0	0.0	0.0	0.0	0.0	1.0	0.0	0.0	0.0	0.0	
71	71	2327.636903687	11459.368	11459.368	1.14664	0.418067	0	0	0	0	69	0	0	0	0	0.0	0.0	0.0	0.0	0.572386	0.0	0.0	0.0	0.0	0.0	0.0	0.0	0.0	2251.84	0.0	0.0	0.0	0.0	0.0	0.0	0.0	0.0	32.6354	0.0	0.0	0.0	0.0	0	0	0	0	45	0	0	0	0	0	0	0	0	0	0	0	0	0	0	0	0	0	24	0	0	0	0	0	0	0	0	0	0	0	0	0	0	0	0	0	0	0	0	0	0	0	0	0	0	0	0	0	0	0	0.0	0.0	0.0	0.0	0.000537	0.0	0.0	0.0	0.0	0.0	0.0	0.0	0.0	1.0	0.0	0.0	0.0	0.0	
72	72	2343.670683375	11459.368	11459.368	1.1084	0.405677	0	0	0	0	70	0	0	0	0	0.0	0.0	0.0	0.0	0.515147	0.0	0.0	0.0	0.0	0.0	0.0	0.0	0.0	2267.87	0.0	0.0	0.0	0.0	0.0	0.0	0.0	0.0	32.3982	0.0	0.0	0.0	0.0	0	0	0	0	45	0	0	0	0	0	0	0	0	0	0	0	0	0	0	0	0	0	25	0	0	0	0	0	0	0	0	0	0	0	0	0	0	0	0	0	0	0	0	0	0	0	0	0	0	0	0	0	0	0	0.0	0.0	0.0	0.0	0.000491	0.0	0.0	0.0	0.0	0.0	0.0	0.0	0.0	1.0	0.0	0.0	0.0	0.0	
73	73	2424.59616297	11422.691	11422.691	1.07456	0.39431	0	0	0	0	71	0	0	0	0	0.0	0.0	0.0	0.0	0.563633	0.0	0.0	0.0	0.0	0.0	0.0	0.0	0.0	2348.8	0.0	0.0	0.0	0.0	0.0	0.0	0.0	0.0	33.0817	0.0	0.0	0.0	0.0	0	0	0	0	46	0	0	0	0	0	0	0	0	0	0	0	0	0	0	0	0	0	25	0	0	0	0	0	0	0	0	0	0	0	0	0	0	0	0	0	0	0	0	0	0	0	0	0	0	0	0	0	0	0	0.0	0.0	0.0	0.0	0.000515	0.0	0.0	0.0	0.0	0.0	0.0	0.0	0.0	1.0	0.0	0.0	0.0	0.0	
74	74	2440.410004429	11422.691	11422.691	0.918858	0.336786	0	0	0	0	72	0	0	0	0	0.0	0.0	0.0	0.0	0.507269	0.0	0.0	0.0	0.0	0.0	0.0	0.0	0.0	2364.61	0.0	0.0	0.0	0.0	0.0	0.0	0.0	0.0	32.8418	0.0	0.0	0.0	0.0	0	0	0	0	46	0	0	0	0	0	0	0	0	0	0	0	0	0	0	0	0	0	26	0	0	0	0	0	0	0	0	0	0	0	0	0	0	0	0	0	0	0	0	0	0	0	0	0	0	0	0	0	0	0	0.0	0.0	0.0	0.0	0.00047	0.0	0.0	0.0	0.0	0.0	0.0	0.0	0.0	1.0	0.0	0.0	0.0	0.0	
75	75	2460.014669492	11422.691	11422.691	0.891178	0.325592	0	0	0	0	73	0	0	0	0	0.0	0.0	0.0	0.0	0.456542	0.0	0.0	0.0	0.0	0.0	0.0	0.0	0.0	2384.22	0.0	0.0	0.0	0.0	0.0	0.0	0.0	0.0	32.6605	0.0	0.0	0.0	0.0	0	0	0	0	46	0	0	0	0	0	0	0	0	0	0	0	0	0	0	0	0	0	27	0	0	0	0	0	0	0	0	0	0	0	0	0	0	0	0	0	0	0	0	0	0	0	0	0	0	0	0	0	0	0	0.0	0.0	0.0	0.0	0.000428	0.0	0.0	0.0	0.0	0.0	0.0	0.0	0.0	1.0	0.0	0.0	0.0	0.0	
76	76	2483.007593287	11422.691	11422.691	0.858017	0.311773	0	0	0	0	74	0	0	0	0	0.0	0.0	0.0	0.0	0.410888	0.0	0.0	0.0	0.0	0.0	0.0	0.0	0.0	2407.21	0.0	0.0	0.0	0.0	0.0	0.0	0.0	0.0	32.5299	0.0	0.0	0.0	0.0	0	0	0	0	46	0	0	0	0	0	0	0	0	0	0	0	0	0	0	0	0	0	28	0	0	0	0	0	0	0	0	0	0	0	0	0	0	0	0	0	0	0	0	0	0	0	0	0	0	0	0	0	0	0	0.0	0.0	0.0	0.0	0.000388	0.0	0.0	0.0	0.0	0.0	0.0	0.0	0.0	1.0	0.0	0.0	0.0	0.0	
77	77	2522.670794361	11422.691	11422.691	0.820693	0.295679	0	0	0	0	75	0	0	0	0	0.0	0.0	0.0	0.0	0.369799	0.0	0.0	0.0	0.0	0.0	0.0	0.0	0.0	2446.87	0.0	0.0	0.0	0.0	0.0	0.0	0.0	0.0	32.625	0.0	0.0	0.0	0.0	0	0	0	0	46	0	0	0	0	0	0	0	0	0	0	0	0	0	0	0	0	0	29	0	0	0	0	0	0	0	0	0	0	0	0	0	0	0	0	0	0	0	0	0	0	0	0	0	0	0	0	0	0	0	0.0	0.0	0.0	0.0	0.000347	0.0	0.0	0.0	0.0	0.0	0.0	0.0	0.0	1.0	0.0	0.0	0.0	0.0	
78	78	2538.491692556	11422.691	11422.691	0.760085	0.268302	0	0	0	0	76	0	0	0	0	0.0	0.0	0.0	0.0	0.332819	0.0	0.0	0.0	0.0	0.0	0.0	0.0	0.0	2462.69	0.0	0.0	0.0	0.0	0.0	0.0	0.0	0.0	32.4039	0.0	0.0	0.0	0.0	0	0	0	0	46	0	0	0	0	0	0	0	0	0	0	0	0	0	0	0	0	0	30	0	0	0	0	0	0	0	0	0	0	0	0	0	0	0	0	0	0	0	0	0	0	0	0	0	0	0	0	0	0	0	0.0	0.0	0.0	0.0	0.000317	0.0	0.0	0.0	0.0	0.0	0.0	0.0	0.0	1.0	0.0	0.0	0.0	0.0	
79	79	2565.337000979	11418.191	11418.191	0.737178	0.257554	0	0	0	0	77	0	0	0	0	0.0	0.0	0.0	0.0	0.399538	0.0	0.0	0.0	0.0	0.0	0.0	0.0	0.0	2489.54	0.0	0.0	0.0	0.0	0.0	0.0	0.0	0.0	32.3317	0.0	0.0	0.0	0.0	0	0	0	0	47	0	0	0	0	0	0	0	0	0	0	0	0	0	0	0	0	0	30	0	0	0	0	0	0	0	0	0	0	0	0	0	0	0	0	0	0	0	0	0	0	0	0	0	0	0	0	0	0	0	0.0	0.0	0.0	0.0	0.000382	0.0	0.0	0.0	0.0	0.0	0.0	0.0	0.0	1.0	0.0	0.0	0.0	0.0	
80	80	2586.257035838	11410.191	11410.191	0.699876	0.23959	0	0	0	0	78	0	0	0	0	0.0	0.0	0.0	0.0	0.459584	0.0	0.0	0.0	0.0	0.0	0.0	0.0	0.0	2510.46	0.0	0.0	0.0	0.0	0.0	0.0	0.0	0.0	32.1854	0.0	0.0	0.0	0.0	0	0	0	0	48	0	0	0	0	0	0	0	0	0	0	0	0	0	0	0	0	0	30	0	0	0	0	0	0	0	0	0	0	0	0	0	0	0	0	0	0	0	0	0	0	0	0	0	0	0	0	0	0	0	0.0	0.0	0.0	0.0	0.000444	0.0	0.0	0.0	0.0	0.0	0.0	0.0	0.0	1.0	0.0	0.0	0.0	0.0	
81	81	2611.576973313	11400.691	11400.691	0.672121	0.225863	0	0	0	0	79	0	0	0	0	0.0	0.0	0.0	0.0	0.513625	0.0	0.0	0.0	0.0	0.0	0.0	0.0	0.0	2535.78	0.0	0.0	0.0	0.0	0.0	0.0	0.0	0.0	32.0985	0.0	0.0	0.0	0.0	0	0	0	0	49	0	0	0	0	0	0	0	0	0	0	0	0	0	0	0	0	0	30	0	0	0	0	0	0	0	0	0	0	0	0	0	0	0	0	0	0	0	0	0	0	0	0	0	0	0	0	0	0	0	0.0	0.0	0.0	0.0	0.000499	0.0	0.0	0.0	0.0	0.0	0.0	0.0	0.0	1.0	0.0	0.0	0.0	0.0	
82	82	2632.211223901	11400.691	11400.691	0.639997	0.20961	0	0	0	0	80	0	0	0	0	0.0	0.0	0.0	0.0	0.462263	0.0	0.0	0.0	0.0	0.0	0.0	0.0	0.0	2556.41	0.0	0.0	0.0	0.0	0.0	0.0	0.0	0.0	31.9552	0.0	0.0	0.0	0.0	0	0	0	0	49	0	0	0	0	0	0	0	0	0	0	0	0	0	0	0	0	0	31	0	0	0	0	0	0	0	0	0	0	0	0	0	0	0	0	0	0	0	0	0	0	0	0	0	0	0	0	0	0	0	0.0	0.0	0.0	0.0	0.000453	0.0	0.0	0.0	0.0	0.0	0.0	0.0	0.0	1.0	0.0	0.0	0.0	0.0	
83	83	2651.06809336	11396.691	11396.691	0.614956	0.196689	0	0	0	0	81	0	0	0	0	0.0	0.0	0.0	0.0	0.516037	0.0	0.0	0.0	0.0	0.0	0.0	0.0	0.0	2575.27	0.0	0.0	0.0	0.0	0.0	0.0	0.0	0.0	31.7935	0.0	0.0	0.0	0.0	0	0	0	0	50	0	0	0	0	0	0	0	0	0	0	0	0	0	0	0	0	0	31	0	0	0	0	0	0	0	0	0	0	0	0	0	0	0	0	0	0	0	0	0	0	0	0	0	0	0	0	0	0	0	0.0	0.0	0.0	0.0	0.000511	0.0	0.0	0.0	0.0	0.0	0.0	0.0	0.0	1.0	0.0	0.0	0.0	0.0	
84	84	2670.21108106	11396.691	11396.691	0.59293	0.185159	0	0	0	0	82	0	0	0	0	0.0	0.0	0.0	0.0	0.464433	0.0	0.0	0.0	0.0	0.0	0.0	0.0	0.0	2594.41	0.0	0.0	0.0	0.0	0.0	0.0	0.0	0.0	31.6392	0.0	0.0	0.0	0.0	0	0	0	0	50	0	0	0	0	0	0	0	0	0	0	0	0	0	0	0	0	0	32	0	0	0	0	0	0	0	0	0	0	0	0	0	0	0	0	0	0	0	0	0	0	0	0	0	0	0	0	0	0	0	0.0	0.0	0.0	0.0	0.000464	0.0	0.0	0.0	0.0	0.0	0.0	0.0	0.0	1.0	0.0	0.0	0.0	0.0	
85	85	2692.131776484	11380.206	11380.206	0.571377	0.173747	0	0	0	0	83	0	0	0	0	0.0	0.0	0.0	0.0	0.51799	0.0	0.0	0.0	0.0	0.0	0.0	0.0	0.0	2616.33	0.0	0.0	0.0	0.0	0.0	0.0	0.0	0.0	31.5221	0.0	0.0	0.0	0.0	0	0	0	0	51	0	0	0	0	0	0	0	0	0	0	0	0	0	0	0	0	0	32	0	0	0	0	0	0	0	0	0	0	0	0	0	0	0	0	0	0	0	0	0	0	0	0	0	0	0	0	0	0	0	0.0	0.0	0.0	0.0	0.000521	0.0	0.0	0.0	0.0	0.0	0.0	0.0	0.0	1.0	0.0	0.0	0.0	0.0	
86	86	2805.006824547	11354.706	11354.706	0.547657	0.161063	0	0	0	0	84	0	0	0	0	0.0	0.0	0.0	0.0	0.566191	0.0	0.0	0.0	0.0	0.0	0.0	0.0	0.0	2729.21	0.0	0.0	0.0	0.0	0.0	0.0	0.0	0.0	32.4906	0.0	0.0	0.0	0.0	0	0	0	0	52	0	0	0	0	0	0	0	0	0	0	0	0	0	0	0	0	0	32	0	0	0	0	0	0	0	0	0	0	0	0	0	0	0	0	0	0	0	0	0	0	0	0	0	0	0	0	0	0	0	0.0	0.0	0.0	0.0	0.000536	0.0	0.0	0.0	0.0	0.0	0.0	0.0	0.0	1.0	0.0	0.0	0.0	0.0	
87	87	2823.198951026	11354.706	11354.706	0.44024	0.103159	0	0	0	0	85	0	0	0	0	0.0	0.0	0.0	0.0	0.509572	0.0	0.0	0.0	0.0	0.0	0.0	0.0	0.0	2747.4	0.0	0.0	0.0	0.0	0.0	0.0	0.0	0.0	32.3224	0.0	0.0	0.0	0.0	0	0	0	0	52	0	0	0	0	0	0	0	0	0	0	0	0	0	0	0	0	0	33	0	0	0	0	0	0	0	0	0	0	0	0	0	0	0	0	0	0	0	0	0	0	0	0	0	0	0	0	0	0	0	0.0	0.0	0.0	0.0	0.000488	0.0	0.0	0.0	0.0	0.0	0.0	0.0	0.0	1.0	0.0	0.0	0.0	0.0	
88	88	2864.915876523	11353.206	11353.206	0.425018	0.095099	0	0	0	0	86	0	0	0	0	0.0	0.0	0.0	0.0	0.558614	0.0	0.0	0.0	0.0	0.0	0.0	0.0	0.0	2789.12	0.0	0.0	0.0	0.0	0.0	0.0	0.0	0.0	32.4316	0.0	0.0	0.0	0.0	0	0	0	0	53	0	0	0	0	0	0	0	0	0	0	0	0	0	0	0	0	0	33	0	0	0	0	0	0	0	0	0	0	0	0	0	0	0	0	0	0	0	0	0	0	0	0	0	0	0	0	0	0	0	0.0	0.0	0.0	0.0	0.000531	0.0	0.0	0.0	0.0	0.0	0.0	0.0	0.0	1.0	0.0	0.0	0.0	0.0	
89	89	2906.994195025	11349.132	11349.132	0.39207	0.078038	0	0	0	0	87	0	0	0	0	0.0	0.0	0.0	0.0	0.602753	0.0	0.0	0.0	0.0	0.0	0.0	0.0	0.0	2831.2	0.0	0.0	0.0	0.0	0.0	0.0	0.0	0.0	32.5425	0.0	0.0	0.0	0.0	0	0	0	0	54	0	0	0	0	0	0	0	0	0	0	0	0	0	0	0	0	0	33	0	0	0	0	0	0	0	0	0	0	0	0	0	0	0	0	0	0	0	0	0	0	0	0	0	0	0	0	0	0	0	0.0	0.0	0.0	0.0	0.000569	0.0	0.0	0.0	0.0	0.0	0.0	0.0	0.0	1.0	0.0	0.0	0.0	0.0	
90	90	2955.872568344	11342.206	11342.206	0.361423	0.06286	0	0	0	0	88	0	0	0	0	0.0	0.0	0.0	0.0	0.642478	0.0	0.0	0.0	0.0	0.0	0.0	0.0	0.0	2880.07	0.0	0.0	0.0	0.0	0.0	0.0	0.0	0.0	32.7281	0.0	0.0	0.0	0.0	0	0	0	0	55	0	0	0	0	0	0	0	0	0	0	0	0	0	0	0	0	0	33	0	0	0	0	0	0	0	0	0	0	0	0	0	0	0	0	0	0	0	0	0	0	0	0	0	0	0	0	0	0	0	0.0	0.0	0.0	0.0	0.0006	0.0	0.0	0.0	0.0	0.0	0.0	0.0	0.0	1.0	0.0	0.0	0.0	0.0	
91	91	2971.710480532	11342.206	11342.206	0.328819	0.047778	0	0	0	0	89	0	0	0	0	0.0	0.0	0.0	0.0	0.57823	0.0	0.0	0.0	0.0	0.0	0.0	0.0	0.0	2895.91	0.0	0.0	0.0	0.0	0.0	0.0	0.0	0.0	32.5383	0.0	0.0	0.0	0.0	0	0	0	0	55	0	0	0	0	0	0	0	0	0	0	0	0	0	0	0	0	0	34	0	0	0	0	0	0	0	0	0	0	0	0	0	0	0	0	0	0	0	0	0	0	0	0	0	0	0	0	0	0	0	0.0	0.0	0.0	0.0	0.000546	0.0	0.0	0.0	0.0	0.0	0.0	0.0	0.0	1.0	0.0	0.0	0.0	0.0	
92	92	2990.214240228	11342.206	11342.206	0.318898	0.043465	0	0	0	0	90	0	0	0	0	0.0	0.0	0.0	0.0	0.520407	0.0	0.0	0.0	0.0	0.0	0.0	0.0	0.0	2914.42	0.0	0.0	0.0	0.0	0.0	0.0	0.0	0.0	32.3824	0.0	0.0	0.0	0.0	0	0	0	0	55	0	0	0	0	0	0	0	0	0	0	0	0	0	0	0	0	0	35	0	0	0	0	0	0	0	0	0	0	0	0	0	0	0	0	0	0	0	0	0	0	0	0	0	0	0	0	0	0	0	0.0	0.0	0.0	0.0	0.000496	0.0	0.0	0.0	0.0	0.0	0.0	0.0	0.0	1.0	0.0	0.0	0.0	0.0	
93	93	3013.396481143	11342.206	11342.206	0.307686	0.038772	0	0	0	0	91	0	0	0	0	0.0	0.0	0.0	0.0	0.468366	0.0	0.0	0.0	0.0	0.0	0.0	0.0	0.0	2937.6	0.0	0.0	0.0	0.0	0.0	0.0	0.0	0.0	32.2813	0.0	0.0	0.0	0.0	0	0	0	0	55	0	0	0	0	0	0	0	0	0	0	0	0	0	0	0	0	0	36	0	0	0	0	0	0	0	0	0	0	0	0	0	0	0	0	0	0	0	0	0	0	0	0	0	0	0	0	0	0	0	0.0	0.0	0.0	0.0	0.000449	0.0	0.0	0.0	0.0	0.0	0.0	0.0	0.0	1.0	0.0	0.0	0.0	0.0	
94	94	3032.35221117	11339.706	11339.706	0.294194	0.033403	0	0	0	0	92	0	0	0	0	0.0	0.0	0.0	0.0	0.52153	0.0	0.0	0.0	0.0	0.0	0.0	0.0	0.0	2956.55	0.0	0.0	0.0	0.0	0.0	0.0	0.0	0.0	32.1365	0.0	0.0	0.0	0.0	0	0	0	0	56	0	0	0	0	0	0	0	0	0	0	0	0	0	0	0	0	0	36	0	0	0	0	0	0	0	0	0	0	0	0	0	0	0	0	0	0	0	0	0	0	0	0	0	0	0	0	0	0	0	0.0	0.0	0.0	0.0	0.000505	0.0	0.0	0.0	0.0	0.0	0.0	0.0	0.0	1.0	0.0	0.0	0.0	0.0	
95	95	3051.854729925	11339.706	11339.706	0.283603	0.029421	0	0	0	0	93	0	0	0	0	0.0	0.0	0.0	0.0	0.469377	0.0	0.0	0.0	0.0	0.0	0.0	0.0	0.0	2976.06	0.0	0.0	0.0	0.0	0.0	0.0	0.0	0.0	32.0006	0.0	0.0	0.0	0.0	0	0	0	0	56	0	0	0	0	0	0	0	0	0	0	0	0	0	0	0	0	0	37	0	0	0	0	0	0	0	0	0	0	0	0	0	0	0	0	0	0	0	0	0	0	0	0	0	0	0	0	0	0	0	0.0	0.0	0.0	0.0	0.000458	0.0	0.0	0.0	0.0	0.0	0.0	0.0	0.0	1.0	0.0	0.0	0.0	0.0	
96	96	3229.098407406	11302.0	11302.0	0.273104	0.025691	0	0	0	0	94	0	0	0	0	0.0	0.0	0.0	0.0	0.522439	0.0	0.0	0.0	0.0	0.0	0.0	0.0	0.0	3153.3	0.0	0.0	0.0	0.0	0.0	0.0	0.0	0.0	33.5458	0.0	0.0	0.0	0.0	0	0	0	0	57	0	0	0	0	0	0	0	0	0	0	0	0	0	0	0	0	0	37	0	0	0	0	0	0	0	0	0	0	0	0	0	0	0	0	0	0	0	0	0	0	0	0	0	0	0	0	0	0	0	0.0	0.0	0.0	0.0	0.000464	0.0	0.0	0.0	0.0	0.0	0.0	0.0	0.0	1.0	0.0	0.0	0.0	0.0	
97	97	3248.944037557	11302.0	11302.0	0.193837	0.005748	0	0	0	0	95	0	0	0	0	0.0	0.0	0.0	0.0	0.470195	0.0	0.0	0.0	0.0	0.0	0.0	0.0	0.0	3173.15	0.0	0.0	0.0	0.0	0.0	0.0	0.0	0.0	33.4015	0.0	0.0	0.0	0.0	0	0	0	0	57	0	0	0	0	0	0	0	0	0	0	0	0	0	0	0	0	0	38	0	0	0	0	0	0	0	0	0	0	0	0	0	0	0	0	0	0	0	0	0	0	0	0	0	0	0	0	0	0	0	0.0	0.0	0.0	0.0	0.000421	0.0	0.0	0.0	0.0	0.0	0.0	0.0	0.0	1.0	0.0	0.0	0.0	0.0	
98	98	3282.601785675	11301.0	11301.0	0.186537	0.004697	0	0	0	0	96	0	0	0	0	0.0	0.0	0.0	0.0	0.523176	0.0	0.0	0.0	0.0	0.0	0.0	0.0	0.0	3206.8	0.0	0.0	0.0	0.0	0.0	0.0	0.0	0.0	33.4042	0.0	0.0	0.0	0.0	0	0	0	0	58	0	0	0	0	0	0	0	0	0	0	0	0	0	0	0	0	0	38	0	0	0	0	0	0	0	0	0	0	0	0	0	0	0	0	0	0	0	0	0	0	0	0	0	0	0	0	0	0	0	0.0	0.0	0.0	0.0	0.000469	0.0	0.0	0.0	0.0	0.0	0.0	0.0	0.0	1.0	0.0	0.0	0.0	0.0	
99	99	3301.894913633	11301.0	11301.0	0.17478	0.003275	0	0	0	0	97	0	0	0	0	0.0	0.0	0.0	0.0	0.470858	0.0	0.0	0.0	0.0	0.0	0.0	0.0	0.0	3226.1	0.0	0.0	0.0	0.0	0.0	0.0	0.0	0.0	33.2587	0.0	0.0	0.0	0.0	0	0	0	0	58	0	0	0	0	0	0	0	0	0	0	0	0	0	0	0	0	0	39	0	0	0	0	0	0	0	0	0	0	0	0	0	0	0	0	0	0	0	0	0	0	0	0	0	0	0	0	0	0	0	0.0	0.0	0.0	0.0	0.000426	0.0	0.0	0.0	0.0	0.0	0.0	0.0	0.0	1.0	0.0	0.0	0.0	0.0	
100	100	3321.876219061	11275.691	11275.691	0.168378	0.002635	0	0	0	0	98	0	0	0	0	0.0	0.0	0.0	0.0	0.523772	0.0	0.0	0.0	0.0	0.0	0.0	0.0	0.0	3246.08	0.0	0.0	0.0	0.0	0.0	0.0	0.0	0.0	33.1232	0.0	0.0	0.0	0.0	0	0	0	0	59	0	0	0	0	0	0	0	0	0	0	0	0	0	0	0	0	0	39	0	0	0	0	0	0	0	0	0	0	0	0	0	0	0	0	0	0	0	0	0	0	0	0	0	0	0	0	0	0	0	0.0	0.0	0.0	0.0	0.000477	0.0	0.0	0.0	0.0	0.0	0.0	0.0	0.0	1.0	0.0	0.0	0.0	0.0	
101	101	3337.643453075	11275.691	11275.691	0.161994	0.002085	0	0	0	0	99	0	0	0	0	0.0	0.0	0.0	0.0	0.471395	0.0	0.0	0.0	0.0	0.0	0.0	0.0	0.0	3261.85	0.0	0.0	0.0	0.0	0.0	0.0	0.0	0.0	32.9479	0.0	0.0	0.0	0.0	0	0	0	0	59	0	0	0	0	0	0	0	0	0	0	0	0	0	0	0	0	0	40	0	0	0	0	0	0	0	0	0	0	0	0	0	0	0	0	0	0	0	0	0	0	0	0	0	0	0	0	0	0	0	0.0	0.0	0.0	0.0	0.000434	0.0	0.0	0.0	0.0	0.0	0.0	0.0	0.0	1.0	0.0	0.0	0.0	0.0	
102	102	3386.242972018	11275.691	11275.691	0.157128	0.001722	0	0	0	0	100	0	0	0	0	0.0	0.0	0.0	0.0	0.424256	0.0	0.0	0.0	0.0	0.0	0.0	0.0	0.0	3310.45	0.0	0.0	0.0	0.0	0.0	0.0	0.0	0.0	33.1045	0.0	0.0	0.0	0.0	0	0	0	0	59	0	0	0	0	0	0	0	0	0	0	0	0	0	0	0	0	0	41	0	0	0	0	0	0	0	0	0	0	0	0	0	0	0	0	0	0	0	0	0	0	0	0	0	0	0	0	0	0	0	0.0	0.0	0.0	0.0	0.000387	0.0	0.0	0.0	0.0	0.0	0.0	0.0	0.0	1.0	0.0	0.0	0.0	0.0	
103	103	3407.265843876	11275.691	11275.691	0.143031	0.00092	0	0	0	0	101	0	0	0	0	0.0	0.0	0.0	0.0	0.38183	0.0	0.0	0.0	0.0	0.0	0.0	0.0	0.0	3331.47	0.0	0.0	0.0	0.0	0.0	0.0	0.0	0.0	32.9848	0.0	0.0	0.0	0.0	0	0	0	0	59	0	0	0	0	0	0	0	0	0	0	0	0	0	0	0	0	0	42	0	0	0	0	0	0	0	0	0	0	0	0	0	0	0	0	0	0	0	0	0	0	0	0	0	0	0	0	0	0	0	0.0	0.0	0.0	0.0	0.000351	0.0	0.0	0.0	0.0	0.0	0.0	0.0	0.0	1.0	0.0	0.0	0.0	0.0	
104	104	3457.229168878	11275.691	11275.691	0.137331	0.000688	0	0	0	0	102	0	0	0	0	0.0	0.0	0.0	0.0	0.343647	0.0	0.0	0.0	0.0	0.0	0.0	0.0	0.0	3381.43	0.0	0.0	0.0	0.0	0.0	0.0	0.0	0.0	33.1513	0.0	0.0	0.0	0.0	0	0	0	0	59	0	0	0	0	0	0	0	0	0	0	0	0	0	0	0	0	0	43	0	0	0	0	0	0	0	0	0	0	0	0	0	0	0	0	0	0	0	0	0	0	0	0	0	0	0	0	0	0	0	0.0	0.0	0.0	0.0	0.000313	0.0	0.0	0.0	0.0	0.0	0.0	0.0	0.0	1.0	0.0	0.0	0.0	0.0	
105	105	3474.937134951	11275.691	11275.691	0.12468	0.000329	0	0	0	0	103	0	0	0	0	0.0	0.0	0.0	0.0	0.309282	0.0	0.0	0.0	0.0	0.0	0.0	0.0	0.0	3399.14	0.0	0.0	0.0	0.0	0.0	0.0	0.0	0.0	33.0014	0.0	0.0	0.0	0.0	0	0	0	0	59	0	0	0	0	0	0	0	0	0	0	0	0	0	0	0	0	0	44	0	0	0	0	0	0	0	0	0	0	0	0	0	0	0	0	0	0	0	0	0	0	0	0	0	0	0	0	0	0	0	0.0	0.0	0.0	0.0	0.000284	0.0	0.0	0.0	0.0	0.0	0.0	0.0	0.0	1.0	0.0	0.0	0.0	0.0	
106	106	3496.996402406	11275.691	11275.691	0.120482	0.000249	0	0	0	0	104	0	0	0	0	0.0	0.0	0.0	0.0	0.278354	0.0	0.0	0.0	0.0	0.0	0.0	0.0	0.0	3421.2	0.0	0.0	0.0	0.0	0.0	0.0	0.0	0.0	32.8961	0.0	0.0	0.0	0.0	0	0	0	0	59	0	0	0	0	0	0	0	0	0	0	0	0	0	0	0	0	0	45	0	0	0	0	0	0	0	0	0	0	0	0	0	0	0	0	0	0	0	0	0	0	0	0	0	0	0	0	0	0	0	0.0	0.0	0.0	0.0	0.000257	0.0	0.0	0.0	0.0	0.0	0.0	0.0	0.0	1.0	0.0	0.0	0.0	0.0	
107	107	3528.020265572	11275.691	11275.691	0.11545	0.000173	0	0	0	0	105	0	0	0	0	0.0	0.0	0.0	0.0	0.250519	0.0	0.0	0.0	0.0	0.0	0.0	0.0	0.0	3452.22	0.0	0.0	0.0	0.0	0.0	0.0	0.0	0.0	32.8783	0.0	0.0	0.0	0.0	0	0	0	0	59	0	0	0	0	0	0	0	0	0	0	0	0	0	0	0	0	0	46	0	0	0	0	0	0	0	0	0	0	0	0	0	0	0	0	0	0	0	0	0	0	0	0	0	0	0	0	0	0	0	0.0	0.0	0.0	0.0	0.000232	0.0	0.0	0.0	0.0	0.0	0.0	0.0	0.0	1.0	0.0	0.0	0.0	0.0	
108	108	3546.358131579	11275.691	11275.691	0.108725	0.000101	0	0	0	0	106	0	0	0	0	0.0	0.0	0.0	0.0	0.225467	0.0	0.0	0.0	0.0	0.0	0.0	0.0	0.0	3470.56	0.0	0.0	0.0	0.0	0.0	0.0	0.0	0.0	32.7411	0.0	0.0	0.0	0.0	0	0	0	0	59	0	0	0	0	0	0	0	0	0	0	0	0	0	0	0	0	0	47	0	0	0	0	0	0	0	0	0	0	0	0	0	0	0	0	0	0	0	0	0	0	0	0	0	0	0	0	0	0	0	0.0	0.0	0.0	0.0	0.00021	0.0	0.0	0.0	0.0	0.0	0.0	0.0	0.0	1.0	0.0	0.0	0.0	0.0	
109	109	3566.043767916	11250.618	11250.618	0.104937	7.3e-5	0	0	0	0	107	0	0	0	0	0.0	0.0	0.0	0.0	0.30292	0.0	0.0	0.0	0.0	0.0	0.0	0.0	0.0	3490.25	0.0	0.0	0.0	0.0	0.0	0.0	0.0	0.0	32.6191	0.0	0.0	0.0	0.0	0	0	0	0	60	0	0	0	0	0	0	0	0	0	0	0	0	0	0	0	0	0	47	0	0	0	0	0	0	0	0	0	0	0	0	0	0	0	0	0	0	0	0	0	0	0	0	0	0	0	0	0	0	0	0.0	0.0	0.0	0.0	0.000285	0.0	0.0	0.0	0.0	0.0	0.0	0.0	0.0	1.0	0.0	0.0	0.0	0.0	
110	110	3593.070836557	11250.618	11250.618	0.101016	5.0e-5	0	0	0	0	108	0	0	0	0	0.0	0.0	0.0	0.0	0.272628	0.0	0.0	0.0	0.0	0.0	0.0	0.0	0.0	3517.27	0.0	0.0	0.0	0.0	0.0	0.0	0.0	0.0	32.5673	0.0	0.0	0.0	0.0	0	0	0	0	60	0	0	0	0	0	0	0	0	0	0	0	0	0	0	0	0	0	48	0	0	0	0	0	0	0	0	0	0	0	0	0	0	0	0	0	0	0	0	0	0	0	0	0	0	0	0	0	0	0	0.0	0.0	0.0	0.0	0.000257	0.0	0.0	0.0	0.0	0.0	0.0	0.0	0.0	1.0	0.0	0.0	0.0	0.0	
111	111	3613.970446385	11250.618	11250.618	0.095871	3.0e-5	0	0	0	0	109	0	0	0	0	0.0	0.0	0.0	0.0	0.245365	0.0	0.0	0.0	0.0	0.0	0.0	0.0	0.0	3538.17	0.0	0.0	0.0	0.0	0.0	0.0	0.0	0.0	32.4603	0.0	0.0	0.0	0.0	0	0	0	0	60	0	0	0	0	0	0	0	0	0	0	0	0	0	0	0	0	0	49	0	0	0	0	0	0	0	0	0	0	0	0	0	0	0	0	0	0	0	0	0	0	0	0	0	0	0	0	0	0	0	0.0	0.0	0.0	0.0	0.000233	0.0	0.0	0.0	0.0	0.0	0.0	0.0	0.0	1.0	0.0	0.0	0.0	0.0	
112	112	3635.371465325	11250.618	11250.618	0.092072	1.9e-5	0	0	0	0	110	0	0	0	0	0.0	0.0	0.0	0.0	0.220829	0.0	0.0	0.0	0.0	0.0	0.0	0.0	0.0	3559.57	0.0	0.0	0.0	0.0	0.0	0.0	0.0	0.0	32.3598	0.0	0.0	0.0	0.0	0	0	0	0	60	0	0	0	0	0	0	0	0	0	0	0	0	0	0	0	0	0	50	0	0	0	0	0	0	0	0	0	0	0	0	0	0	0	0	0	0	0	0	0	0	0	0	0	0	0	0	0	0	0	0.0	0.0	0.0	0.0	0.000211	0.0	0.0	0.0	0.0	0.0	0.0	0.0	0.0	1.0	0.0	0.0	0.0	0.0	
113	113	3654.125762304	11250.618	11250.618	0.088339	1.2e-5	0	0	0	0	111	0	0	0	0	0.0	0.0	0.0	0.0	0.198746	0.0	0.0	0.0	0.0	0.0	0.0	0.0	0.0	3578.33	0.0	0.0	0.0	0.0	0.0	0.0	0.0	0.0	32.2372	0.0	0.0	0.0	0.0	0	0	0	0	60	0	0	0	0	0	0	0	0	0	0	0	0	0	0	0	0	0	51	0	0	0	0	0	0	0	0	0	0	0	0	0	0	0	0	0	0	0	0	0	0	0	0	0	0	0	0	0	0	0	0.0	0.0	0.0	0.0	0.000191	0.0	0.0	0.0	0.0	0.0	0.0	0.0	0.0	1.0	0.0	0.0	0.0	0.0	
114	114	3697.830758002	11250.618	11250.618	0.085192	8.0e-6	0	0	0	0	112	0	0	0	0	0.0	0.0	0.0	0.0	0.178871	0.0	0.0	0.0	0.0	0.0	0.0	0.0	0.0	3622.03	0.0	0.0	0.0	0.0	0.0	0.0	0.0	0.0	32.3396	0.0	0.0	0.0	0.0	0	0	0	0	60	0	0	0	0	0	0	0	0	0	0	0	0	0	0	0	0	0	52	0	0	0	0	0	0	0	0	0	0	0	0	0	0	0	0	0	0	0	0	0	0	0	0	0	0	0	0	0	0	0	0.0	0.0	0.0	0.0	0.000171	0.0	0.0	0.0	0.0	0.0	0.0	0.0	0.0	1.0	0.0	0.0	0.0	0.0	
115	115	3717.287198813	11250.618	11250.618	0.078286	3.0e-6	0	0	0	0	113	0	0	0	0	0.0	0.0	0.0	0.0	0.160984	0.0	0.0	0.0	0.0	0.0	0.0	0.0	0.0	3641.49	0.0	0.0	0.0	0.0	0.0	0.0	0.0	0.0	32.2256	0.0	0.0	0.0	0.0	0	0	0	0	60	0	0	0	0	0	0	0	0	0	0	0	0	0	0	0	0	0	53	0	0	0	0	0	0	0	0	0	0	0	0	0	0	0	0	0	0	0	0	0	0	0	0	0	0	0	0	0	0	0	0.0	0.0	0.0	0.0	0.000155	0.0	0.0	0.0	0.0	0.0	0.0	0.0	0.0	1.0	0.0	0.0	0.0	0.0	
116	116	3738.476085744	11250.618	11250.618	0.075394	2.0e-6	0	0	0	0	114	0	0	0	0	0.0	0.0	0.0	0.0	0.144886	0.0	0.0	0.0	0.0	0.0	0.0	0.0	0.0	3662.68	0.0	0.0	0.0	0.0	0.0	0.0	0.0	0.0	32.1288	0.0	0.0	0.0	0.0	0	0	0	0	60	0	0	0	0	0	0	0	0	0	0	0	0	0	0	0	0	0	54	0	0	0	0	0	0	0	0	0	0	0	0	0	0	0	0	0	0	0	0	0	0	0	0	0	0	0	0	0	0	0	0.0	0.0	0.0	0.0	0.00014	0.0	0.0	0.0	0.0	0.0	0.0	0.0	0.0	1.0	0.0	0.0	0.0	0.0	
117	117	3756.595881827	11250.618	11250.618	0.072367	1.0e-6	0	0	0	0	115	0	0	0	0	0.0	0.0	0.0	0.0	0.130397	0.0	0.0	0.0	0.0	0.0	0.0	0.0	0.0	3680.8	0.0	0.0	0.0	0.0	0.0	0.0	0.0	0.0	32.0069	0.0	0.0	0.0	0.0	0	0	0	0	60	0	0	0	0	0	0	0	0	0	0	0	0	0	0	0	0	0	55	0	0	0	0	0	0	0	0	0	0	0	0	0	0	0	0	0	0	0	0	0	0	0	0	0	0	0	0	0	0	0	0.0	0.0	0.0	0.0	0.000127	0.0	0.0	0.0	0.0	0.0	0.0	0.0	0.0	1.0	0.0	0.0	0.0	0.0	
118	118	3783.98558417	11250.618	11250.618	0.069875	1.0e-6	0	0	0	0	116	0	0	0	0	0.0	0.0	0.0	0.0	0.117357	0.0	0.0	0.0	0.0	0.0	0.0	0.0	0.0	3708.19	0.0	0.0	0.0	0.0	0.0	0.0	0.0	0.0	31.9671	0.0	0.0	0.0	0.0	0	0	0	0	60	0	0	0	0	0	0	0	0	0	0	0	0	0	0	0	0	0	56	0	0	0	0	0	0	0	0	0	0	0	0	0	0	0	0	0	0	0	0	0	0	0	0	0	0	0	0	0	0	0	0.0	0.0	0.0	0.0	0.000115	0.0	0.0	0.0	0.0	0.0	0.0	0.0	0.0	1.0	0.0	0.0	0.0	0.0	
119	119	3806.732942009	11250.618	11250.618	0.066269	0.0	0	0	0	0	117	0	0	0	0	0.0	0.0	0.0	0.0	0.105622	0.0	0.0	0.0	0.0	0.0	0.0	0.0	0.0	3730.93	0.0	0.0	0.0	0.0	0.0	0.0	0.0	0.0	31.8883	0.0	0.0	0.0	0.0	0	0	0	0	60	0	0	0	0	0	0	0	0	0	0	0	0	0	0	0	0	0	57	0	0	0	0	0	0	0	0	0	0	0	0	0	0	0	0	0	0	0	0	0	0	0	0	0	0	0	0	0	0	0	0.0	0.0	0.0	0.0	0.000104	0.0	0.0	0.0	0.0	0.0	0.0	0.0	0.0	1.0	0.0	0.0	0.0	0.0	
120	120	3827.288317194	11224.618	11224.618	0.063416	0.0	0	0	0	0	118	0	0	0	0	0.0	0.0	0.0	0.0	0.19506	0.0	0.0	0.0	0.0	0.0	0.0	0.0	0.0	3751.49	0.0	0.0	0.0	0.0	0.0	0.0	0.0	0.0	31.7923	0.0	0.0	0.0	0.0	0	0	0	0	61	0	0	0	0	0	0	0	0	0	0	0	0	0	0	0	0	0	57	0	0	0	0	0	0	0	0	0	0	0	0	0	0	0	0	0	0	0	0	0	0	0	0	0	0	0	0	0	0	0	0.0	0.0	0.0	0.0	0.000193	0.0	0.0	0.0	0.0	0.0	0.0	0.0	0.0	1.0	0.0	0.0	0.0	0.0	
121	121	3846.49354188	11224.618	11224.618	0.060944	0.0	0	0	0	0	119	0	0	0	0	0.0	0.0	0.0	0.0	0.175554	0.0	0.0	0.0	0.0	0.0	0.0	0.0	0.0	3770.7	0.0	0.0	0.0	0.0	0.0	0.0	0.0	0.0	31.6865	0.0	0.0	0.0	0.0	0	0	0	0	61	0	0	0	0	0	0	0	0	0	0	0	0	0	0	0	0	0	58	0	0	0	0	0	0	0	0	0	0	0	0	0	0	0	0	0	0	0	0	0	0	0	0	0	0	0	0	0	0	0	0.0	0.0	0.0	0.0	0.000175	0.0	0.0	0.0	0.0	0.0	0.0	0.0	0.0	1.0	0.0	0.0	0.0	0.0	
122	122	3862.523392564	11224.618	11224.618	0.058722	0.0	0	0	0	0	120	0	0	0	0	0.0	0.0	0.0	0.0	0.157998	0.0	0.0	0.0	0.0	0.0	0.0	0.0	0.0	3786.73	0.0	0.0	0.0	0.0	0.0	0.0	0.0	0.0	31.556	0.0	0.0	0.0	0.0	0	0	0	0	61	0	0	0	0	0	0	0	0	0	0	0	0	0	0	0	0	0	59	0	0	0	0	0	0	0	0	0	0	0	0	0	0	0	0	0	0	0	0	0	0	0	0	0	0	0	0	0	0	0	0.0	0.0	0.0	0.0	0.000159	0.0	0.0	0.0	0.0	0.0	0.0	0.0	0.0	1.0	0.0	0.0	0.0	0.0	
123	123	3880.582552488	11224.618	11224.618	0.056929	0.0	0	0	0	0	121	0	0	0	0	0.0	0.0	0.0	0.0	0.142198	0.0	0.0	0.0	0.0	0.0	0.0	0.0	0.0	3804.78	0.0	0.0	0.0	0.0	0.0	0.0	0.0	0.0	31.4445	0.0	0.0	0.0	0.0	0	0	0	0	61	0	0	0	0	0	0	0	0	0	0	0	0	0	0	0	0	0	60	0	0	0	0	0	0	0	0	0	0	0	0	0	0	0	0	0	0	0	0	0	0	0	0	0	0	0	0	0	0	0	0.0	0.0	0.0	0.0	0.000144	0.0	0.0	0.0	0.0	0.0	0.0	0.0	0.0	1.0	0.0	0.0	0.0	0.0	
124	124	3910.624126406	11224.618	11224.618	0.054975	0.0	0	0	0	0	122	0	0	0	0	0.0	0.0	0.0	0.0	0.127979	0.0	0.0	0.0	0.0	0.0	0.0	0.0	0.0	3834.83	0.0	0.0	0.0	0.0	0.0	0.0	0.0	0.0	31.433	0.0	0.0	0.0	0.0	0	0	0	0	61	0	0	0	0	0	0	0	0	0	0	0	0	0	0	0	0	0	61	0	0	0	0	0	0	0	0	0	0	0	0	0	0	0	0	0	0	0	0	0	0	0	0	0	0	0	0	0	0	0	0.0	0.0	0.0	0.0	0.00013	0.0	0.0	0.0	0.0	0.0	0.0	0.0	0.0	1.0	0.0	0.0	0.0	0.0	
125	125	3926.793879011	11224.618	11224.618	0.051872	0.0	0	0	0	0	123	0	0	0	0	0.0	0.0	0.0	0.0	0.115181	0.0	0.0	0.0	0.0	0.0	0.0	0.0	0.0	3851.0	0.0	0.0	0.0	0.0	0.0	0.0	0.0	0.0	31.3089	0.0	0.0	0.0	0.0	0	0	0	0	61	0	0	0	0	0	0	0	0	0	0	0	0	0	0	0	0	0	62	0	0	0	0	0	0	0	0	0	0	0	0	0	0	0	0	0	0	0	0	0	0	0	0	0	0	0	0	0	0	0	0.0	0.0	0.0	0.0	0.000118	0.0	0.0	0.0	0.0	0.0	0.0	0.0	0.0	1.0	0.0	0.0	0.0	0.0	
126	126	3961.092977017	11223.603	11223.603	0.050274	0.0	0	0	0	0	124	0	0	0	0	0.0	0.0	0.0	0.0	0.203663	0.0	0.0	0.0	0.0	0.0	0.0	0.0	0.0	3885.29	0.0	0.0	0.0	0.0	0.0	0.0	0.0	0.0	31.333	0.0	0.0	0.0	0.0	0	0	0	0	62	0	0	0	0	0	0	0	0	0	0	0	0	0	0	0	0	0	62	0	0	0	0	0	0	0	0	0	0	0	0	0	0	0	0	0	0	0	0	0	0	0	0	0	0	0	0	0	0	0	0.0	0.0	0.0	0.0	0.000207	0.0	0.0	0.0	0.0	0.0	0.0	0.0	0.0	1.0	0.0	0.0	0.0	0.0	
127	127	3979.198382114	11223.603	11223.603	0.047047	0.0	0	0	0	0	125	0	0	0	0	0.0	0.0	0.0	0.0	0.183296	0.0	0.0	0.0	0.0	0.0	0.0	0.0	0.0	3903.4	0.0	0.0	0.0	0.0	0.0	0.0	0.0	0.0	31.2272	0.0	0.0	0.0	0.0	0	0	0	0	62	0	0	0	0	0	0	0	0	0	0	0	0	0	0	0	0	0	63	0	0	0	0	0	0	0	0	0	0	0	0	0	0	0	0	0	0	0	0	0	0	0	0	0	0	0	0	0	0	0	0.0	0.0	0.0	0.0	0.000188	0.0	0.0	0.0	0.0	0.0	0.0	0.0	0.0	1.0	0.0	0.0	0.0	0.0	
128	128	3995.965301481	11223.603	11223.603	0.045428	0.0	0	0	0	0	126	0	0	0	0	0.0	0.0	0.0	0.0	0.164967	0.0	0.0	0.0	0.0	0.0	0.0	0.0	0.0	3920.17	0.0	0.0	0.0	0.0	0.0	0.0	0.0	0.0	31.1124	0.0	0.0	0.0	0.0	0	0	0	0	62	0	0	0	0	0	0	0	0	0	0	0	0	0	0	0	0	0	64	0	0	0	0	0	0	0	0	0	0	0	0	0	0	0	0	0	0	0	0	0	0	0	0	0	0	0	0	0	0	0	0.0	0.0	0.0	0.0	0.00017	0.0	0.0	0.0	0.0	0.0	0.0	0.0	0.0	1.0	0.0	0.0	0.0	0.0	
129	129	4018.181332916	11211.603	11211.603	0.043978	0.0	0	0	0	0	127	0	0	0	0	0.0	0.0	0.0	0.0	0.24847	0.0	0.0	0.0	0.0	0.0	0.0	0.0	0.0	3942.38	0.0	0.0	0.0	0.0	0.0	0.0	0.0	0.0	31.0424	0.0	0.0	0.0	0.0	0	0	0	0	63	0	0	0	0	0	0	0	0	0	0	0	0	0	0	0	0	0	64	0	0	0	0	0	0	0	0	0	0	0	0	0	0	0	0	0	0	0	0	0	0	0	0	0	0	0	0	0	0	0	0.0	0.0	0.0	0.0	0.000258	0.0	0.0	0.0	0.0	0.0	0.0	0.0	0.0	1.0	0.0	0.0	0.0	0.0	
130	130	4058.408551579	11211.603	11211.603	0.042129	0.0	0	0	0	0	128	0	0	0	0	0.0	0.0	0.0	0.0	0.223623	0.0	0.0	0.0	0.0	0.0	0.0	0.0	0.0	3982.61	0.0	0.0	0.0	0.0	0.0	0.0	0.0	0.0	31.1141	0.0	0.0	0.0	0.0	0	0	0	0	63	0	0	0	0	0	0	0	0	0	0	0	0	0	0	0	0	0	65	0	0	0	0	0	0	0	0	0	0	0	0	0	0	0	0	0	0	0	0	0	0	0	0	0	0	0	0	0	0	0	0.0	0.0	0.0	0.0	0.000231	0.0	0.0	0.0	0.0	0.0	0.0	0.0	0.0	1.0	0.0	0.0	0.0	0.0	
131	131	4074.655997005	11211.603	11211.603	0.038975	0.0	0	0	0	0	129	0	0	0	0	0.0	0.0	0.0	0.0	0.201261	0.0	0.0	0.0	0.0	0.0	0.0	0.0	0.0	3998.86	0.0	0.0	0.0	0.0	0.0	0.0	0.0	0.0	30.9989	0.0	0.0	0.0	0.0	0	0	0	0	63	0	0	0	0	0	0	0	0	0	0	0	0	0	0	0	0	0	66	0	0	0	0	0	0	0	0	0	0	0	0	0	0	0	0	0	0	0	0	0	0	0	0	0	0	0	0	0	0	0	0.0	0.0	0.0	0.0	0.000209	0.0	0.0	0.0	0.0	0.0	0.0	0.0	0.0	1.0	0.0	0.0	0.0	0.0	
132	132	4101.58732307	11194.103	11194.103	0.037769	0.0	0	0	0	0	130	0	0	0	0	0.0	0.0	0.0	0.0	0.281135	0.0	0.0	0.0	0.0	0.0	0.0	0.0	0.0	4025.79	0.0	0.0	0.0	0.0	0.0	0.0	0.0	0.0	30.9676	0.0	0.0	0.0	0.0	0	0	0	0	64	0	0	0	0	0	0	0	0	0	0	0	0	0	0	0	0	0	66	0	0	0	0	0	0	0	0	0	0	0	0	0	0	0	0	0	0	0	0	0	0	0	0	0	0	0	0	0	0	0	0.0	0.0	0.0	0.0	0.000293	0.0	0.0	0.0	0.0	0.0	0.0	0.0	0.0	1.0	0.0	0.0	0.0	0.0	
133	133	4118.506997378	11194.103	11194.103	0.035852	0.0	0	0	0	0	131	0	0	0	0	0.0	0.0	0.0	0.0	0.253021	0.0	0.0	0.0	0.0	0.0	0.0	0.0	0.0	4042.71	0.0	0.0	0.0	0.0	0.0	0.0	0.0	0.0	30.8604	0.0	0.0	0.0	0.0	0	0	0	0	64	0	0	0	0	0	0	0	0	0	0	0	0	0	0	0	0	0	67	0	0	0	0	0	0	0	0	0	0	0	0	0	0	0	0	0	0	0	0	0	0	0	0	0	0	0	0	0	0	0	0.0	0.0	0.0	0.0	0.000266	0.0	0.0	0.0	0.0	0.0	0.0	0.0	0.0	1.0	0.0	0.0	0.0	0.0	
134	134	4139.870962295	11194.103	11194.103	0.034698	0.0	0	0	0	0	132	0	0	0	0	0.0	0.0	0.0	0.0	0.227719	0.0	0.0	0.0	0.0	0.0	0.0	0.0	0.0	4064.07	0.0	0.0	0.0	0.0	0.0	0.0	0.0	0.0	30.7884	0.0	0.0	0.0	0.0	0	0	0	0	64	0	0	0	0	0	0	0	0	0	0	0	0	0	0	0	0	0	68	0	0	0	0	0	0	0	0	0	0	0	0	0	0	0	0	0	0	0	0	0	0	0	0	0	0	0	0	0	0	0	0.0	0.0	0.0	0.0	0.00024	0.0	0.0	0.0	0.0	0.0	0.0	0.0	0.0	1.0	0.0	0.0	0.0	0.0	
135	135	4156.211312436	11194.103	11194.103	0.033293	0.0	0	0	0	0	133	0	0	0	0	0.0	0.0	0.0	0.0	0.204947	0.0	0.0	0.0	0.0	0.0	0.0	0.0	0.0	4080.41	0.0	0.0	0.0	0.0	0.0	0.0	0.0	0.0	30.6798	0.0	0.0	0.0	0.0	0	0	0	0	64	0	0	0	0	0	0	0	0	0	0	0	0	0	0	0	0	0	69	0	0	0	0	0	0	0	0	0	0	0	0	0	0	0	0	0	0	0	0	0	0	0	0	0	0	0	0	0	0	0	0.0	0.0	0.0	0.0	0.000218	0.0	0.0	0.0	0.0	0.0	0.0	0.0	0.0	1.0	0.0	0.0	0.0	0.0	
136	136	4177.128499568	11194.103	11194.103	0.032257	0.0	0	0	0	0	134	0	0	0	0	0.0	0.0	0.0	0.0	0.184452	0.0	0.0	0.0	0.0	0.0	0.0	0.0	0.0	4101.33	0.0	0.0	0.0	0.0	0.0	0.0	0.0	0.0	30.6069	0.0	0.0	0.0	0.0	0	0	0	0	64	0	0	0	0	0	0	0	0	0	0	0	0	0	0	0	0	0	70	0	0	0	0	0	0	0	0	0	0	0	0	0	0	0	0	0	0	0	0	0	0	0	0	0	0	0	0	0	0	0	0.0	0.0	0.0	0.0	0.000197	0.0	0.0	0.0	0.0	0.0	0.0	0.0	0.0	1.0	0.0	0.0	0.0	0.0	
137	137	4194.283217089	11194.103	11194.103	0.030978	0.0	0	0	0	0	135	0	0	0	0	0.0	0.0	0.0	0.0	0.166007	0.0	0.0	0.0	0.0	0.0	0.0	0.0	0.0	4118.48	0.0	0.0	0.0	0.0	0.0	0.0	0.0	0.0	30.5073	0.0	0.0	0.0	0.0	0	0	0	0	64	0	0	0	0	0	0	0	0	0	0	0	0	0	0	0	0	0	71	0	0	0	0	0	0	0	0	0	0	0	0	0	0	0	0	0	0	0	0	0	0	0	0	0	0	0	0	0	0	0	0.0	0.0	0.0	0.0	0.000178	0.0	0.0	0.0	0.0	0.0	0.0	0.0	0.0	1.0	0.0	0.0	0.0	0.0	
138	138	4212.182334027	11194.103	11194.103	0.029967	0.0	0	0	0	0	136	0	0	0	0	0.0	0.0	0.0	0.0	0.149407	0.0	0.0	0.0	0.0	0.0	0.0	0.0	0.0	4136.38	0.0	0.0	0.0	0.0	0.0	0.0	0.0	0.0	30.4146	0.0	0.0	0.0	0.0	0	0	0	0	64	0	0	0	0	0	0	0	0	0	0	0	0	0	0	0	0	0	72	0	0	0	0	0	0	0	0	0	0	0	0	0	0	0	0	0	0	0	0	0	0	0	0	0	0	0	0	0	0	0	0.0	0.0	0.0	0.0	0.000162	0.0	0.0	0.0	0.0	0.0	0.0	0.0	0.0	1.0	0.0	0.0	0.0	0.0	
139	139	4230.378567252	11194.103	11194.103	0.028947	0.0	0	0	0	0	137	0	0	0	0	0.0	0.0	0.0	0.0	0.134466	0.0	0.0	0.0	0.0	0.0	0.0	0.0	0.0	4154.58	0.0	0.0	0.0	0.0	0.0	0.0	0.0	0.0	30.3254	0.0	0.0	0.0	0.0	0	0	0	0	64	0	0	0	0	0	0	0	0	0	0	0	0	0	0	0	0	0	73	0	0	0	0	0	0	0	0	0	0	0	0	0	0	0	0	0	0	0	0	0	0	0	0	0	0	0	0	0	0	0	0.0	0.0	0.0	0.0	0.000146	0.0	0.0	0.0	0.0	0.0	0.0	0.0	0.0	1.0	0.0	0.0	0.0	0.0	
140	140	4247.895217066	11194.103	11194.103	0.027946	0.0	0	0	0	0	138	0	0	0	0	0.0	0.0	0.0	0.0	0.121019	0.0	0.0	0.0	0.0	0.0	0.0	0.0	0.0	4172.1	0.0	0.0	0.0	0.0	0.0	0.0	0.0	0.0	30.2326	0.0	0.0	0.0	0.0	0	0	0	0	64	0	0	0	0	0	0	0	0	0	0	0	0	0	0	0	0	0	74	0	0	0	0	0	0	0	0	0	0	0	0	0	0	0	0	0	0	0	0	0	0	0	0	0	0	0	0	0	0	0	0.0	0.0	0.0	0.0	0.000132	0.0	0.0	0.0	0.0	0.0	0.0	0.0	0.0	1.0	0.0	0.0	0.0	0.0	
141	141	4264.138137841	11194.103	11194.103	0.027015	0.0	0	0	0	0	139	0	0	0	0	0.0	0.0	0.0	0.0	0.108917	0.0	0.0	0.0	0.0	0.0	0.0	0.0	0.0	4188.34	0.0	0.0	0.0	0.0	0.0	0.0	0.0	0.0	30.1319	0.0	0.0	0.0	0.0	0	0	0	0	64	0	0	0	0	0	0	0	0	0	0	0	0	0	0	0	0	0	75	0	0	0	0	0	0	0	0	0	0	0	0	0	0	0	0	0	0	0	0	0	0	0	0	0	0	0	0	0	0	0	0.0	0.0	0.0	0.0	0.00012	0.0	0.0	0.0	0.0	0.0	0.0	0.0	0.0	1.0	0.0	0.0	0.0	0.0	
142	142	4297.691219414	11194.103	11194.103	0.02618	0.0	0	0	0	0	140	0	0	0	0	0.0	0.0	0.0	0.0	0.098026	0.0	0.0	0.0	0.0	0.0	0.0	0.0	0.0	4221.89	0.0	0.0	0.0	0.0	0.0	0.0	0.0	0.0	30.1564	0.0	0.0	0.0	0.0	0	0	0	0	64	0	0	0	0	0	0	0	0	0	0	0	0	0	0	0	0	0	76	0	0	0	0	0	0	0	0	0	0	0	0	0	0	0	0	0	0	0	0	0	0	0	0	0	0	0	0	0	0	0	0.0	0.0	0.0	0.0	0.000108	0.0	0.0	0.0	0.0	0.0	0.0	0.0	0.0	1.0	0.0	0.0	0.0	0.0	
143	143	4317.864000861	11154.382	11154.382	0.024535	0.0	0	0	0	0	141	0	0	0	0	0.0	0.0	0.0	0.0	0.188223	0.0	0.0	0.0	0.0	0.0	0.0	0.0	0.0	4242.07	0.0	0.0	0.0	0.0	0.0	0.0	0.0	0.0	30.0856	0.0	0.0	0.0	0.0	0	0	0	0	65	0	0	0	0	0	0	0	0	0	0	0	0	0	0	0	0	0	76	0	0	0	0	0	0	0	0	0	0	0	0	0	0	0	0	0	0	0	0	0	0	0	0	0	0	0	0	0	0	0	0.0	0.0	0.0	0.0	0.000208	0.0	0.0	0.0	0.0	0.0	0.0	0.0	0.0	1.0	0.0	0.0	0.0	0.0	
144	144	4341.275391982	11147.882	11147.882	0.023596	0.0	0	0	0	0	142	0	0	0	0	0.0	0.0	0.0	0.0	0.269401	0.0	0.0	0.0	0.0	0.0	0.0	0.0	0.0	4265.48	0.0	0.0	0.0	0.0	0.0	0.0	0.0	0.0	30.0386	0.0	0.0	0.0	0.0	0	0	0	0	66	0	0	0	0	0	0	0	0	0	0	0	0	0	0	0	0	0	76	0	0	0	0	0	0	0	0	0	0	0	0	0	0	0	0	0	0	0	0	0	0	0	0	0	0	0	0	0	0	0	0.0	0.0	0.0	0.0	0.000299	0.0	0.0	0.0	0.0	0.0	0.0	0.0	0.0	1.0	0.0	0.0	0.0	0.0	
145	145	4365.789837342	11143.897	11143.897	0.022551	0.0	0	0	0	0	143	0	0	0	0	0.0	0.0	0.0	0.0	0.342461	0.0	0.0	0.0	0.0	0.0	0.0	0.0	0.0	4289.99	0.0	0.0	0.0	0.0	0.0	0.0	0.0	0.0	29.9999	0.0	0.0	0.0	0.0	0	0	0	0	67	0	0	0	0	0	0	0	0	0	0	0	0	0	0	0	0	0	76	0	0	0	0	0	0	0	0	0	0	0	0	0	0	0	0	0	0	0	0	0	0	0	0	0	0	0	0	0	0	0	0.0	0.0	0.0	0.0	0.000381	0.0	0.0	0.0	0.0	0.0	0.0	0.0	0.0	1.0	0.0	0.0	0.0	0.0	
146	146	4411.582704179	11141.588	11141.588	0.021507	0.0	0	0	0	0	144	0	0	0	0	0.0	0.0	0.0	0.0	0.408215	0.0	0.0	0.0	0.0	0.0	0.0	0.0	0.0	4335.78	0.0	0.0	0.0	0.0	0.0	0.0	0.0	0.0	30.1096	0.0	0.0	0.0	0.0	0	0	0	0	68	0	0	0	0	0	0	0	0	0	0	0	0	0	0	0	0	0	76	0	0	0	0	0	0	0	0	0	0	0	0	0	0	0	0	0	0	0	0	0	0	0	0	0	0	0	0	0	0	0	0.0	0.0	0.0	0.0	0.00045	0.0	0.0	0.0	0.0	0.0	0.0	0.0	0.0	1.0	0.0	0.0	0.0	0.0	
147	147	4434.31546986	11119.029	11119.029	0.019684	0.0	0	0	0	0	145	0	0	0	0	0.0	0.0	0.0	0.0	0.467393	0.0	0.0	0.0	0.0	0.0	0.0	0.0	0.0	4358.52	0.0	0.0	0.0	0.0	0.0	0.0	0.0	0.0	30.0587	0.0	0.0	0.0	0.0	0	0	0	0	69	0	0	0	0	0	0	0	0	0	0	0	0	0	0	0	0	0	76	0	0	0	0	0	0	0	0	0	0	0	0	0	0	0	0	0	0	0	0	0	0	0	0	0	0	0	0	0	0	0	0.0	0.0	0.0	0.0	0.000517	0.0	0.0	0.0	0.0	0.0	0.0	0.0	0.0	1.0	0.0	0.0	0.0	0.0	
148	148	4450.728689051	11119.029	11119.029	0.018837	0.0	0	0	0	0	146	0	0	0	0	0.0	0.0	0.0	0.0	0.420654	0.0	0.0	0.0	0.0	0.0	0.0	0.0	0.0	4374.93	0.0	0.0	0.0	0.0	0.0	0.0	0.0	0.0	29.9653	0.0	0.0	0.0	0.0	0	0	0	0	69	0	0	0	0	0	0	0	0	0	0	0	0	0	0	0	0	0	77	0	0	0	0	0	0	0	0	0	0	0	0	0	0	0	0	0	0	0	0	0	0	0	0	0	0	0	0	0	0	0	0.0	0.0	0.0	0.0	0.000468	0.0	0.0	0.0	0.0	0.0	0.0	0.0	0.0	1.0	0.0	0.0	0.0	0.0	
149	149	4490.451946195	11118.235	11118.235	0.018248	0.0	0	0	0	0	147	0	0	0	0	0.0	0.0	0.0	0.0	0.478588	0.0	0.0	0.0	0.0	0.0	0.0	0.0	0.0	4414.65	0.0	0.0	0.0	0.0	0.0	0.0	0.0	0.0	30.0317	0.0	0.0	0.0	0.0	0	0	0	0	70	0	0	0	0	0	0	0	0	0	0	0	0	0	0	0	0	0	77	0	0	0	0	0	0	0	0	0	0	0	0	0	0	0	0	0	0	0	0	0	0	0	0	0	0	0	0	0	0	0	0.0	0.0	0.0	0.0	0.000531	0.0	0.0	0.0	0.0	0.0	0.0	0.0	0.0	1.0	0.0	0.0	0.0	0.0	
150	150	4521.114657133	11118.235	11118.235	0.016899	0.0	0	0	0	0	148	0	0	0	0	0.0	0.0	0.0	0.0	0.43073	0.0	0.0	0.0	0.0	0.0	0.0	0.0	0.0	4445.32	0.0	0.0	0.0	0.0	0.0	0.0	0.0	0.0	30.0359	0.0	0.0	0.0	0.0	0	0	0	0	70	0	0	0	0	0	0	0	0	0	0	0	0	0	0	0	0	0	78	0	0	0	0	0	0	0	0	0	0	0	0	0	0	0	0	0	0	0	0	0	0	0	0	0	0	0	0	0	0	0	0.0	0.0	0.0	0.0	0.000477	0.0	0.0	0.0	0.0	0.0	0.0	0.0	0.0	1.0	0.0	0.0	0.0	0.0	
151	151	4540.025521991	11117.235	11117.235	0.015926	0.0	0	0	0	0	149	0	0	0	0	0.0	0.0	0.0	0.0	0.487657	0.0	0.0	0.0	0.0	0.0	0.0	0.0	0.0	4464.23	0.0	0.0	0.0	0.0	0.0	0.0	0.0	0.0	29.9613	0.0	0.0	0.0	0.0	0	0	0	0	71	0	0	0	0	0	0	0	0	0	0	0	0	0	0	0	0	0	78	0	0	0	0	0	0	0	0	0	0	0	0	0	0	0	0	0	0	0	0	0	0	0	0	0	0	0	0	0	0	0	0.0	0.0	0.0	0.0	0.000543	0.0	0.0	0.0	0.0	0.0	0.0	0.0	0.0	1.0	0.0	0.0	0.0	0.0	
152	152	4559.121069147	11117.235	11117.235	0.015354	0.0	0	0	0	0	150	0	0	0	0	0.0	0.0	0.0	0.0	0.438891	0.0	0.0	0.0	0.0	0.0	0.0	0.0	0.0	4483.32	0.0	0.0	0.0	0.0	0.0	0.0	0.0	0.0	29.8888	0.0	0.0	0.0	0.0	0	0	0	0	71	0	0	0	0	0	0	0	0	0	0	0	0	0	0	0	0	0	79	0	0	0	0	0	0	0	0	0	0	0	0	0	0	0	0	0	0	0	0	0	0	0	0	0	0	0	0	0	0	0	0.0	0.0	0.0	0.0	0.000491	0.0	0.0	0.0	0.0	0.0	0.0	0.0	0.0	1.0	0.0	0.0	0.0	0.0	
153	153	4574.90213872	11117.235	11117.235	0.014797	0.0	0	0	0	0	151	0	0	0	0	0.0	0.0	0.0	0.0	0.395002	0.0	0.0	0.0	0.0	0.0	0.0	0.0	0.0	4499.1	0.0	0.0	0.0	0.0	0.0	0.0	0.0	0.0	29.7954	0.0	0.0	0.0	0.0	0	0	0	0	71	0	0	0	0	0	0	0	0	0	0	0	0	0	0	0	0	0	80	0	0	0	0	0	0	0	0	0	0	0	0	0	0	0	0	0	0	0	0	0	0	0	0	0	0	0	0	0	0	0	0.0	0.0	0.0	0.0	0.000445	0.0	0.0	0.0	0.0	0.0	0.0	0.0	0.0	1.0	0.0	0.0	0.0	0.0	
154	154	4648.022907037	11108.412	11108.412	0.014352	0.0	0	0	0	0	152	0	0	0	0	0.0	0.0	0.0	0.0	0.455502	0.0	0.0	0.0	0.0	0.0	0.0	0.0	0.0	4572.22	0.0	0.0	0.0	0.0	0.0	0.0	0.0	0.0	30.0804	0.0	0.0	0.0	0.0	0	0	0	0	72	0	0	0	0	0	0	0	0	0	0	0	0	0	0	0	0	0	80	0	0	0	0	0	0	0	0	0	0	0	0	0	0	0	0	0	0	0	0	0	0	0	0	0	0	0	0	0	0	0	0.0	0.0	0.0	0.0	0.000503	0.0	0.0	0.0	0.0	0.0	0.0	0.0	0.0	1.0	0.0	0.0	0.0	0.0	
155	155	4667.845266125	11103.412	11103.412	0.012459	0.0	0	0	0	0	153	0	0	0	0	0.0	0.0	0.0	0.0	0.509952	0.0	0.0	0.0	0.0	0.0	0.0	0.0	0.0	4592.05	0.0	0.0	0.0	0.0	0.0	0.0	0.0	0.0	30.0134	0.0	0.0	0.0	0.0	0	0	0	0	73	0	0	0	0	0	0	0	0	0	0	0	0	0	0	0	0	0	80	0	0	0	0	0	0	0	0	0	0	0	0	0	0	0	0	0	0	0	0	0	0	0	0	0	0	0	0	0	0	0	0.0	0.0	0.0	0.0	0.000566	0.0	0.0	0.0	0.0	0.0	0.0	0.0	0.0	1.0	0.0	0.0	0.0	0.0	
156	156	4683.987035326	11103.412	11103.412	0.01199	0.0	0	0	0	0	154	0	0	0	0	0.0	0.0	0.0	0.0	0.458956	0.0	0.0	0.0	0.0	0.0	0.0	0.0	0.0	4608.19	0.0	0.0	0.0	0.0	0.0	0.0	0.0	0.0	29.9233	0.0	0.0	0.0	0.0	0	0	0	0	73	0	0	0	0	0	0	0	0	0	0	0	0	0	0	0	0	0	81	0	0	0	0	0	0	0	0	0	0	0	0	0	0	0	0	0	0	0	0	0	0	0	0	0	0	0	0	0	0	0	0.0	0.0	0.0	0.0	0.000513	0.0	0.0	0.0	0.0	0.0	0.0	0.0	0.0	1.0	0.0	0.0	0.0	0.0	
157	157	4702.814899581	11099.412	11099.412	0.011622	0.0	0	0	0	0	155	0	0	0	0	0.0	0.0	0.0	0.0	0.513061	0.0	0.0	0.0	0.0	0.0	0.0	0.0	0.0	4627.02	0.0	0.0	0.0	0.0	0.0	0.0	0.0	0.0	29.8517	0.0	0.0	0.0	0.0	0	0	0	0	74	0	0	0	0	0	0	0	0	0	0	0	0	0	0	0	0	0	81	0	0	0	0	0	0	0	0	0	0	0	0	0	0	0	0	0	0	0	0	0	0	0	0	0	0	0	0	0	0	0	0.0	0.0	0.0	0.0	0.000576	0.0	0.0	0.0	0.0	0.0	0.0	0.0	0.0	1.0	0.0	0.0	0.0	0.0	
158	158	4726.367330754	11078.853	11078.853	0.011206	0.0	0	0	0	0	156	0	0	0	0	0.0	0.0	0.0	0.0	0.561755	0.0	0.0	0.0	0.0	0.0	0.0	0.0	0.0	4650.57	0.0	0.0	0.0	0.0	0.0	0.0	0.0	0.0	29.8113	0.0	0.0	0.0	0.0	0	0	0	0	75	0	0	0	0	0	0	0	0	0	0	0	0	0	0	0	0	0	81	0	0	0	0	0	0	0	0	0	0	0	0	0	0	0	0	0	0	0	0	0	0	0	0	0	0	0	0	0	0	0	0.0	0.0	0.0	0.0	0.000632	0.0	0.0	0.0	0.0	0.0	0.0	0.0	0.0	1.0	0.0	0.0	0.0	0.0	
159	159	4763.852308681	11078.853	11078.853	0.010707	0.0	0	0	0	0	157	0	0	0	0	0.0	0.0	0.0	0.0	0.505579	0.0	0.0	0.0	0.0	0.0	0.0	0.0	0.0	4688.05	0.0	0.0	0.0	0.0	0.0	0.0	0.0	0.0	29.8602	0.0	0.0	0.0	0.0	0	0	0	0	75	0	0	0	0	0	0	0	0	0	0	0	0	0	0	0	0	0	82	0	0	0	0	0	0	0	0	0	0	0	0	0	0	0	0	0	0	0	0	0	0	0	0	0	0	0	0	0	0	0	0.0	0.0	0.0	0.0	0.000567	0.0	0.0	0.0	0.0	0.0	0.0	0.0	0.0	1.0	0.0	0.0	0.0	0.0	
160	160	4782.606864961	11077.853	11077.853	0.009958	0.0	0	0	0	0	158	0	0	0	0	0.0	0.0	0.0	0.0	0.555021	0.0	0.0	0.0	0.0	0.0	0.0	0.0	0.0	4706.81	0.0	0.0	0.0	0.0	0.0	0.0	0.0	0.0	29.7899	0.0	0.0	0.0	0.0	0	0	0	0	76	0	0	0	0	0	0	0	0	0	0	0	0	0	0	0	0	0	82	0	0	0	0	0	0	0	0	0	0	0	0	0	0	0	0	0	0	0	0	0	0	0	0	0	0	0	0	0	0	0	0.0	0.0	0.0	0.0	0.000625	0.0	0.0	0.0	0.0	0.0	0.0	0.0	0.0	1.0	0.0	0.0	0.0	0.0	
161	161	4798.557834627	11077.853	11077.853	0.009604	0.0	0	0	0	0	159	0	0	0	0	0.0	0.0	0.0	0.0	0.499519	0.0	0.0	0.0	0.0	0.0	0.0	0.0	0.0	4722.76	0.0	0.0	0.0	0.0	0.0	0.0	0.0	0.0	29.7029	0.0	0.0	0.0	0.0	0	0	0	0	76	0	0	0	0	0	0	0	0	0	0	0	0	0	0	0	0	0	83	0	0	0	0	0	0	0	0	0	0	0	0	0	0	0	0	0	0	0	0	0	0	0	0	0	0	0	0	0	0	0	0.0	0.0	0.0	0.0	0.000566	0.0	0.0	0.0	0.0	0.0	0.0	0.0	0.0	1.0	0.0	0.0	0.0	0.0	
162	162	4827.579790593	11073.853	11073.853	0.009312	0.0	0	0	0	0	160	0	0	0	0	0.0	0.0	0.0	0.0	0.549567	0.0	0.0	0.0	0.0	0.0	0.0	0.0	0.0	4751.78	0.0	0.0	0.0	0.0	0.0	0.0	0.0	0.0	29.6986	0.0	0.0	0.0	0.0	0	0	0	0	77	0	0	0	0	0	0	0	0	0	0	0	0	0	0	0	0	0	83	0	0	0	0	0	0	0	0	0	0	0	0	0	0	0	0	0	0	0	0	0	0	0	0	0	0	0	0	0	0	0	0.0	0.0	0.0	0.0	0.000623	0.0	0.0	0.0	0.0	0.0	0.0	0.0	0.0	1.0	0.0	0.0	0.0	0.0	
163	163	4844.34817363	11073.853	11073.853	0.008803	0.0	0	0	0	0	161	0	0	0	0	0.0	0.0	0.0	0.0	0.494611	0.0	0.0	0.0	0.0	0.0	0.0	0.0	0.0	4768.55	0.0	0.0	0.0	0.0	0.0	0.0	0.0	0.0	29.6183	0.0	0.0	0.0	0.0	0	0	0	0	77	0	0	0	0	0	0	0	0	0	0	0	0	0	0	0	0	0	84	0	0	0	0	0	0	0	0	0	0	0	0	0	0	0	0	0	0	0	0	0	0	0	0	0	0	0	0	0	0	0	0.0	0.0	0.0	0.0	0.000564	0.0	0.0	0.0	0.0	0.0	0.0	0.0	0.0	1.0	0.0	0.0	0.0	0.0	
164	164	4898.594375394	11073.853	11073.853	0.008522	0.0	0	0	0	0	162	0	0	0	0	0.0	0.0	0.0	0.0	0.445149	0.0	0.0	0.0	0.0	0.0	0.0	0.0	0.0	4822.8	0.0	0.0	0.0	0.0	0.0	0.0	0.0	0.0	29.7703	0.0	0.0	0.0	0.0	0	0	0	0	77	0	0	0	0	0	0	0	0	0	0	0	0	0	0	0	0	0	85	0	0	0	0	0	0	0	0	0	0	0	0	0	0	0	0	0	0	0	0	0	0	0	0	0	0	0	0	0	0	0	0.0	0.0	0.0	0.0	0.000502	0.0	0.0	0.0	0.0	0.0	0.0	0.0	0.0	1.0	0.0	0.0	0.0	0.0	
165	165	4914.590483384	11073.853	11073.853	0.007674	0.0	0	0	0	0	163	0	0	0	0	0.0	0.0	0.0	0.0	0.400635	0.0	0.0	0.0	0.0	0.0	0.0	0.0	0.0	4838.79	0.0	0.0	0.0	0.0	0.0	0.0	0.0	0.0	29.6858	0.0	0.0	0.0	0.0	0	0	0	0	77	0	0	0	0	0	0	0	0	0	0	0	0	0	0	0	0	0	86	0	0	0	0	0	0	0	0	0	0	0	0	0	0	0	0	0	0	0	0	0	0	0	0	0	0	0	0	0	0	0	0.0	0.0	0.0	0.0	0.000455	0.0	0.0	0.0	0.0	0.0	0.0	0.0	0.0	1.0	0.0	0.0	0.0	0.0	
166	166	4931.117974036	11073.853	11073.853	0.00744	0.0	0	0	0	0	164	0	0	0	0	0.0	0.0	0.0	0.0	0.360571	0.0	0.0	0.0	0.0	0.0	0.0	0.0	0.0	4855.32	0.0	0.0	0.0	0.0	0.0	0.0	0.0	0.0	29.6056	0.0	0.0	0.0	0.0	0	0	0	0	77	0	0	0	0	0	0	0	0	0	0	0	0	0	0	0	0	0	87	0	0	0	0	0	0	0	0	0	0	0	0	0	0	0	0	0	0	0	0	0	0	0	0	0	0	0	0	0	0	0	0.0	0.0	0.0	0.0	0.000411	0.0	0.0	0.0	0.0	0.0	0.0	0.0	0.0	1.0	0.0	0.0	0.0	0.0	
167	167	4956.45901055	11066.853	11066.853	0.007206	0.0	0	0	0	0	165	0	0	0	0	0.0	0.0	0.0	0.0	0.424514	0.0	0.0	0.0	0.0	0.0	0.0	0.0	0.0	4880.66	0.0	0.0	0.0	0.0	0.0	0.0	0.0	0.0	29.5798	0.0	0.0	0.0	0.0	0	0	0	0	78	0	0	0	0	0	0	0	0	0	0	0	0	0	0	0	0	0	87	0	0	0	0	0	0	0	0	0	0	0	0	0	0	0	0	0	0	0	0	0	0	0	0	0	0	0	0	0	0	0	0.0	0.0	0.0	0.0	0.000485	0.0	0.0	0.0	0.0	0.0	0.0	0.0	0.0	1.0	0.0	0.0	0.0	0.0	
168	168	4979.13245293	11057.886	11057.886	0.006861	0.0	0	0	0	0	166	0	0	0	0	0.0	0.0	0.0	0.0	0.482063	0.0	0.0	0.0	0.0	0.0	0.0	0.0	0.0	4903.33	0.0	0.0	0.0	0.0	0.0	0.0	0.0	0.0	29.5382	0.0	0.0	0.0	0.0	0	0	0	0	79	0	0	0	0	0	0	0	0	0	0	0	0	0	0	0	0	0	87	0	0	0	0	0	0	0	0	0	0	0	0	0	0	0	0	0	0	0	0	0	0	0	0	0	0	0	0	0	0	0	0.0	0.0	0.0	0.0	0.000553	0.0	0.0	0.0	0.0	0.0	0.0	0.0	0.0	1.0	0.0	0.0	0.0	0.0	
169	169	5005.530465805	11057.886	11057.886	0.006567	0.0	0	0	0	0	167	0	0	0	0	0.0	0.0	0.0	0.0	0.433856	0.0	0.0	0.0	0.0	0.0	0.0	0.0	0.0	4929.73	0.0	0.0	0.0	0.0	0.0	0.0	0.0	0.0	29.5193	0.0	0.0	0.0	0.0	0	0	0	0	79	0	0	0	0	0	0	0	0	0	0	0	0	0	0	0	0	0	88	0	0	0	0	0	0	0	0	0	0	0	0	0	0	0	0	0	0	0	0	0	0	0	0	0	0	0	0	0	0	0	0.0	0.0	0.0	0.0	0.000498	0.0	0.0	0.0	0.0	0.0	0.0	0.0	0.0	1.0	0.0	0.0	0.0	0.0	
170	170	5025.830209879	11057.886	11057.886	0.00624	0.0	0	0	0	0	168	0	0	0	0	0.0	0.0	0.0	0.0	0.390471	0.0	0.0	0.0	0.0	0.0	0.0	0.0	0.0	4950.03	0.0	0.0	0.0	0.0	0.0	0.0	0.0	0.0	29.4645	0.0	0.0	0.0	0.0	0	0	0	0	79	0	0	0	0	0	0	0	0	0	0	0	0	0	0	0	0	0	89	0	0	0	0	0	0	0	0	0	0	0	0	0	0	0	0	0	0	0	0	0	0	0	0	0	0	0	0	0	0	0	0.0	0.0	0.0	0.0	0.00045	0.0	0.0	0.0	0.0	0.0	0.0	0.0	0.0	1.0	0.0	0.0	0.0	0.0	
171	171	5073.747998683	11057.886	11057.886	0.006	0.0	0	0	0	0	169	0	0	0	0	0.0	0.0	0.0	0.0	0.351424	0.0	0.0	0.0	0.0	0.0	0.0	0.0	0.0	4997.95	0.0	0.0	0.0	0.0	0.0	0.0	0.0	0.0	29.5737	0.0	0.0	0.0	0.0	0	0	0	0	79	0	0	0	0	0	0	0	0	0	0	0	0	0	0	0	0	0	90	0	0	0	0	0	0	0	0	0	0	0	0	0	0	0	0	0	0	0	0	0	0	0	0	0	0	0	0	0	0	0	0.0	0.0	0.0	0.0	0.000402	0.0	0.0	0.0	0.0	0.0	0.0	0.0	0.0	1.0	0.0	0.0	0.0	0.0	
172	172	5103.287996856	11057.886	11057.886	0.005468	0.0	0	0	0	0	170	0	0	0	0	0.0	0.0	0.0	0.0	0.316281	0.0	0.0	0.0	0.0	0.0	0.0	0.0	0.0	5027.49	0.0	0.0	0.0	0.0	0.0	0.0	0.0	0.0	29.5735	0.0	0.0	0.0	0.0	0	0	0	0	79	0	0	0	0	0	0	0	0	0	0	0	0	0	0	0	0	0	91	0	0	0	0	0	0	0	0	0	0	0	0	0	0	0	0	0	0	0	0	0	0	0	0	0	0	0	0	0	0	0	0.0	0.0	0.0	0.0	0.000362	0.0	0.0	0.0	0.0	0.0	0.0	0.0	0.0	1.0	0.0	0.0	0.0	0.0	
173	173	5122.884719157	11057.886	11057.886	0.005165	0.0	0	0	0	0	171	0	0	0	0	0.0	0.0	0.0	0.0	0.284653	0.0	0.0	0.0	0.0	0.0	0.0	0.0	0.0	5047.09	0.0	0.0	0.0	0.0	0.0	0.0	0.0	0.0	29.5151	0.0	0.0	0.0	0.0	0	0	0	0	79	0	0	0	0	0	0	0	0	0	0	0	0	0	0	0	0	0	92	0	0	0	0	0	0	0	0	0	0	0	0	0	0	0	0	0	0	0	0	0	0	0	0	0	0	0	0	0	0	0	0.0	0.0	0.0	0.0	0.000327	0.0	0.0	0.0	0.0	0.0	0.0	0.0	0.0	1.0	0.0	0.0	0.0	0.0	
174	174	5143.267365124	11057.886	11057.886	0.004973	0.0	0	0	0	0	172	0	0	0	0	0.0	0.0	0.0	0.0	0.256188	0.0	0.0	0.0	0.0	0.0	0.0	0.0	0.0	5067.47	0.0	0.0	0.0	0.0	0.0	0.0	0.0	0.0	29.462	0.0	0.0	0.0	0.0	0	0	0	0	79	0	0	0	0	0	0	0	0	0	0	0	0	0	0	0	0	0	93	0	0	0	0	0	0	0	0	0	0	0	0	0	0	0	0	0	0	0	0	0	0	0	0	0	0	0	0	0	0	0	0.0	0.0	0.0	0.0	0.000295	0.0	0.0	0.0	0.0	0.0	0.0	0.0	0.0	1.0	0.0	0.0	0.0	0.0	
175	175	5170.51986255	11053.886	11053.886	0.00478	0.0	0	0	0	0	173	0	0	0	0	0.0	0.0	0.0	0.0	0.330569	0.0	0.0	0.0	0.0	0.0	0.0	0.0	0.0	5094.72	0.0	0.0	0.0	0.0	0.0	0.0	0.0	0.0	29.4493	0.0	0.0	0.0	0.0	0	0	0	0	80	0	0	0	0	0	0	0	0	0	0	0	0	0	0	0	0	0	93	0	0	0	0	0	0	0	0	0	0	0	0	0	0	0	0	0	0	0	0	0	0	0	0	0	0	0	0	0	0	0	0.0	0.0	0.0	0.0	0.000381	0.0	0.0	0.0	0.0	0.0	0.0	0.0	0.0	1.0	0.0	0.0	0.0	0.0	
176	176	5205.01584038	11029.386	11029.386	0.004535	0.0	0	0	0	0	174	0	0	0	0	0.0	0.0	0.0	0.0	0.397512	0.0	0.0	0.0	0.0	0.0	0.0	0.0	0.0	5129.22	0.0	0.0	0.0	0.0	0.0	0.0	0.0	0.0	29.4783	0.0	0.0	0.0	0.0	0	0	0	0	81	0	0	0	0	0	0	0	0	0	0	0	0	0	0	0	0	0	93	0	0	0	0	0	0	0	0	0	0	0	0	0	0	0	0	0	0	0	0	0	0	0	0	0	0	0	0	0	0	0	0.0	0.0	0.0	0.0	0.000457	0.0	0.0	0.0	0.0	0.0	0.0	0.0	0.0	1.0	0.0	0.0	0.0	0.0	
177	177	5222.459492042	11029.386	11029.386	0.004242	0.0	0	0	0	0	175	0	0	0	0	0.0	0.0	0.0	0.0	0.357761	0.0	0.0	0.0	0.0	0.0	0.0	0.0	0.0	5146.66	0.0	0.0	0.0	0.0	0.0	0.0	0.0	0.0	29.4095	0.0	0.0	0.0	0.0	0	0	0	0	81	0	0	0	0	0	0	0	0	0	0	0	0	0	0	0	0	0	94	0	0	0	0	0	0	0	0	0	0	0	0	0	0	0	0	0	0	0	0	0	0	0	0	0	0	0	0	0	0	0	0.0	0.0	0.0	0.0	0.000414	0.0	0.0	0.0	0.0	0.0	0.0	0.0	0.0	1.0	0.0	0.0	0.0	0.0	
178	178	5242.965709621	11029.386	11029.386	0.004101	0.0	0	0	0	0	176	0	0	0	0	0.0	0.0	0.0	0.0	0.321985	0.0	0.0	0.0	0.0	0.0	0.0	0.0	0.0	5167.17	0.0	0.0	0.0	0.0	0.0	0.0	0.0	0.0	29.3589	0.0	0.0	0.0	0.0	0	0	0	0	81	0	0	0	0	0	0	0	0	0	0	0	0	0	0	0	0	0	95	0	0	0	0	0	0	0	0	0	0	0	0	0	0	0	0	0	0	0	0	0	0	0	0	0	0	0	0	0	0	0	0.0	0.0	0.0	0.0	0.000374	0.0	0.0	0.0	0.0	0.0	0.0	0.0	0.0	1.0	0.0	0.0	0.0	0.0	
179	179	5258.584657949	11029.386	11029.386	0.003942	0.0	0	0	0	0	177	0	0	0	0	0.0	0.0	0.0	0.0	0.289786	0.0	0.0	0.0	0.0	0.0	0.0	0.0	0.0	5182.79	0.0	0.0	0.0	0.0	0.0	0.0	0.0	0.0	29.2813	0.0	0.0	0.0	0.0	0	0	0	0	81	0	0	0	0	0	0	0	0	0	0	0	0	0	0	0	0	0	96	0	0	0	0	0	0	0	0	0	0	0	0	0	0	0	0	0	0	0	0	0	0	0	0	0	0	0	0	0	0	0	0.0	0.0	0.0	0.0	0.000338	0.0	0.0	0.0	0.0	0.0	0.0	0.0	0.0	1.0	0.0	0.0	0.0	0.0	
180	180	5274.34341892	11029.386	11029.386	0.003825	0.0	0	0	0	0	178	0	0	0	0	0.0	0.0	0.0	0.0	0.260808	0.0	0.0	0.0	0.0	0.0	0.0	0.0	0.0	5198.54	0.0	0.0	0.0	0.0	0.0	0.0	0.0	0.0	29.2053	0.0	0.0	0.0	0.0	0	0	0	0	81	0	0	0	0	0	0	0	0	0	0	0	0	0	0	0	0	0	97	0	0	0	0	0	0	0	0	0	0	0	0	0	0	0	0	0	0	0	0	0	0	0	0	0	0	0	0	0	0	0	0.0	0.0	0.0	0.0	0.000306	0.0	0.0	0.0	0.0	0.0	0.0	0.0	0.0	1.0	0.0	0.0	0.0	0.0	
181	181	5305.847808144	11021.886	11021.886	0.00371	0.0	0	0	0	0	179	0	0	0	0	0.0	0.0	0.0	0.0	0.334727	0.0	0.0	0.0	0.0	0.0	0.0	0.0	0.0	5230.05	0.0	0.0	0.0	0.0	0.0	0.0	0.0	0.0	29.2181	0.0	0.0	0.0	0.0	0	0	0	0	82	0	0	0	0	0	0	0	0	0	0	0	0	0	0	0	0	0	97	0	0	0	0	0	0	0	0	0	0	0	0	0	0	0	0	0	0	0	0	0	0	0	0	0	0	0	0	0	0	0	0.0	0.0	0.0	0.0	0.000392	0.0	0.0	0.0	0.0	0.0	0.0	0.0	0.0	1.0	0.0	0.0	0.0	0.0	
182	182	5324.698606953	11021.886	11021.886	0.003491	0.0	0	0	0	0	180	0	0	0	0	0.0	0.0	0.0	0.0	0.301254	0.0	0.0	0.0	0.0	0.0	0.0	0.0	0.0	5248.9	0.0	0.0	0.0	0.0	0.0	0.0	0.0	0.0	29.1605	0.0	0.0	0.0	0.0	0	0	0	0	82	0	0	0	0	0	0	0	0	0	0	0	0	0	0	0	0	0	98	0	0	0	0	0	0	0	0	0	0	0	0	0	0	0	0	0	0	0	0	0	0	0	0	0	0	0	0	0	0	0	0.0	0.0	0.0	0.0	0.000354	0.0	0.0	0.0	0.0	0.0	0.0	0.0	0.0	1.0	0.0	0.0	0.0	0.0	
183	183	5361.688430462	11006.886	11006.886	0.003366	0.0	0	0	0	0	181	0	0	0	0	0.0	0.0	0.0	0.0	0.371129	0.0	0.0	0.0	0.0	0.0	0.0	0.0	0.0	5285.89	0.0	0.0	0.0	0.0	0.0	0.0	0.0	0.0	29.2038	0.0	0.0	0.0	0.0	0	0	0	0	83	0	0	0	0	0	0	0	0	0	0	0	0	0	0	0	0	0	98	0	0	0	0	0	0	0	0	0	0	0	0	0	0	0	0	0	0	0	0	0	0	0	0	0	0	0	0	0	0	0	0.0	0.0	0.0	0.0	0.000435	0.0	0.0	0.0	0.0	0.0	0.0	0.0	0.0	1.0	0.0	0.0	0.0	0.0	
184	184	5382.857082191	10992.489	10992.489	0.003133	0.0	0	0	0	0	182	0	0	0	0	0.0	0.0	0.0	0.0	0.434016	0.0	0.0	0.0	0.0	0.0	0.0	0.0	0.0	5307.06	0.0	0.0	0.0	0.0	0.0	0.0	0.0	0.0	29.1597	0.0	0.0	0.0	0.0	0	0	0	0	84	0	0	0	0	0	0	0	0	0	0	0	0	0	0	0	0	0	98	0	0	0	0	0	0	0	0	0	0	0	0	0	0	0	0	0	0	0	0	0	0	0	0	0	0	0	0	0	0	0	0.0	0.0	0.0	0.0	0.00051	0.0	0.0	0.0	0.0	0.0	0.0	0.0	0.0	1.0	0.0	0.0	0.0	0.0	
185	185	5412.805797293	10992.489	10992.489	0.003007	0.0	0	0	0	0	183	0	0	0	0	0.0	0.0	0.0	0.0	0.390614	0.0	0.0	0.0	0.0	0.0	0.0	0.0	0.0	5337.01	0.0	0.0	0.0	0.0	0.0	0.0	0.0	0.0	29.164	0.0	0.0	0.0	0.0	0	0	0	0	84	0	0	0	0	0	0	0	0	0	0	0	0	0	0	0	0	0	99	0	0	0	0	0	0	0	0	0	0	0	0	0	0	0	0	0	0	0	0	0	0	0	0	0	0	0	0	0	0	0	0.0	0.0	0.0	0.0	0.000459	0.0	0.0	0.0	0.0	0.0	0.0	0.0	0.0	1.0	0.0	0.0	0.0	0.0	
186	186	5428.678093779	10992.489	10992.489	0.002838	0.0	0	0	0	0	184	0	0	0	0	0.0	0.0	0.0	0.0	0.351553	0.0	0.0	0.0	0.0	0.0	0.0	0.0	0.0	5352.88	0.0	0.0	0.0	0.0	0.0	0.0	0.0	0.0	29.0917	0.0	0.0	0.0	0.0	0	0	0	0	84	0	0	0	0	0	0	0	0	0	0	0	0	0	0	0	0	0	100	0	0	0	0	0	0	0	0	0	0	0	0	0	0	0	0	0	0	0	0	0	0	0	0	0	0	0	0	0	0	0	0.0	0.0	0.0	0.0	0.000415	0.0	0.0	0.0	0.0	0.0	0.0	0.0	0.0	1.0	0.0	0.0	0.0	0.0	
187	187	5460.066750335	10992.489	10992.489	0.002752	0.0	0	0	0	0	185	0	0	0	0	0.0	0.0	0.0	0.0	0.316398	0.0	0.0	0.0	0.0	0.0	0.0	0.0	0.0	5384.27	0.0	0.0	0.0	0.0	0.0	0.0	0.0	0.0	29.1041	0.0	0.0	0.0	0.0	0	0	0	0	84	0	0	0	0	0	0	0	0	0	0	0	0	0	0	0	0	0	101	0	0	0	0	0	0	0	0	0	0	0	0	0	0	0	0	0	0	0	0	0	0	0	0	0	0	0	0	0	0	0	0.0	0.0	0.0	0.0	0.000374	0.0	0.0	0.0	0.0	0.0	0.0	0.0	0.0	1.0	0.0	0.0	0.0	0.0	
188	188	5480.049646733	10992.489	10992.489	0.00259	0.0	0	0	0	0	186	0	0	0	0	0.0	0.0	0.0	0.0	0.284758	0.0	0.0	0.0	0.0	0.0	0.0	0.0	0.0	5404.25	0.0	0.0	0.0	0.0	0.0	0.0	0.0	0.0	29.0551	0.0	0.0	0.0	0.0	0	0	0	0	84	0	0	0	0	0	0	0	0	0	0	0	0	0	0	0	0	0	102	0	0	0	0	0	0	0	0	0	0	0	0	0	0	0	0	0	0	0	0	0	0	0	0	0	0	0	0	0	0	0	0.0	0.0	0.0	0.0	0.000337	0.0	0.0	0.0	0.0	0.0	0.0	0.0	0.0	1.0	0.0	0.0	0.0	0.0	
189	189	5500.425139611	10992.489	10992.489	0.002492	0.0	0	0	0	0	187	0	0	0	0	0.0	0.0	0.0	0.0	0.256282	0.0	0.0	0.0	0.0	0.0	0.0	0.0	0.0	5424.63	0.0	0.0	0.0	0.0	0.0	0.0	0.0	0.0	29.0087	0.0	0.0	0.0	0.0	0	0	0	0	84	0	0	0	0	0	0	0	0	0	0	0	0	0	0	0	0	0	103	0	0	0	0	0	0	0	0	0	0	0	0	0	0	0	0	0	0	0	0	0	0	0	0	0	0	0	0	0	0	0	0.0	0.0	0.0	0.0	0.000305	0.0	0.0	0.0	0.0	0.0	0.0	0.0	0.0	1.0	0.0	0.0	0.0	0.0	
190	190	5522.630112822	10992.489	10992.489	0.002396	0.0	0	0	0	0	188	0	0	0	0	0.0	0.0	0.0	0.0	0.230654	0.0	0.0	0.0	0.0	0.0	0.0	0.0	0.0	5446.83	0.0	0.0	0.0	0.0	0.0	0.0	0.0	0.0	28.9725	0.0	0.0	0.0	0.0	0	0	0	0	84	0	0	0	0	0	0	0	0	0	0	0	0	0	0	0	0	0	104	0	0	0	0	0	0	0	0	0	0	0	0	0	0	0	0	0	0	0	0	0	0	0	0	0	0	0	0	0	0	0	0.0	0.0	0.0	0.0	0.000275	0.0	0.0	0.0	0.0	0.0	0.0	0.0	0.0	1.0	0.0	0.0	0.0	0.0	
191	191	5557.029055249	10985.004	10985.004	0.002295	0.0	0	0	0	0	189	0	0	0	0	0.0	0.0	0.0	0.0	0.307588	0.0	0.0	0.0	0.0	0.0	0.0	0.0	0.0	5481.23	0.0	0.0	0.0	0.0	0.0	0.0	0.0	0.0	29.0012	0.0	0.0	0.0	0.0	0	0	0	0	85	0	0	0	0	0	0	0	0	0	0	0	0	0	0	0	0	0	104	0	0	0	0	0	0	0	0	0	0	0	0	0	0	0	0	0	0	0	0	0	0	0	0	0	0	0	0	0	0	0	0.0	0.0	0.0	0.0	0.000366	0.0	0.0	0.0	0.0	0.0	0.0	0.0	0.0	1.0	0.0	0.0	0.0	0.0	
192	192	5573.073180013	10985.004	10985.004	0.002147	0.0	0	0	0	0	190	0	0	0	0	0.0	0.0	0.0	0.0	0.27683	0.0	0.0	0.0	0.0	0.0	0.0	0.0	0.0	5497.27	0.0	0.0	0.0	0.0	0.0	0.0	0.0	0.0	28.933	0.0	0.0	0.0	0.0	0	0	0	0	85	0	0	0	0	0	0	0	0	0	0	0	0	0	0	0	0	0	105	0	0	0	0	0	0	0	0	0	0	0	0	0	0	0	0	0	0	0	0	0	0	0	0	0	0	0	0	0	0	0	0.0	0.0	0.0	0.0	0.000331	0.0	0.0	0.0	0.0	0.0	0.0	0.0	0.0	1.0	0.0	0.0	0.0	0.0	
193	193	5590.127924473	10985.004	10985.004	0.002082	0.0	0	0	0	0	191	0	0	0	0	0.0	0.0	0.0	0.0	0.249147	0.0	0.0	0.0	0.0	0.0	0.0	0.0	0.0	5514.33	0.0	0.0	0.0	0.0	0.0	0.0	0.0	0.0	28.8708	0.0	0.0	0.0	0.0	0	0	0	0	85	0	0	0	0	0	0	0	0	0	0	0	0	0	0	0	0	0	106	0	0	0	0	0	0	0	0	0	0	0	0	0	0	0	0	0	0	0	0	0	0	0	0	0	0	0	0	0	0	0	0.0	0.0	0.0	0.0	0.000299	0.0	0.0	0.0	0.0	0.0	0.0	0.0	0.0	1.0	0.0	0.0	0.0	0.0	
194	194	5608.59570562	10977.004	10977.004	0.002014	0.0	0	0	0	0	192	0	0	0	0	0.0	0.0	0.0	0.0	0.324232	0.0	0.0	0.0	0.0	0.0	0.0	0.0	0.0	5532.8	0.0	0.0	0.0	0.0	0.0	0.0	0.0	0.0	28.8166	0.0	0.0	0.0	0.0	0	0	0	0	86	0	0	0	0	0	0	0	0	0	0	0	0	0	0	0	0	0	106	0	0	0	0	0	0	0	0	0	0	0	0	0	0	0	0	0	0	0	0	0	0	0	0	0	0	0	0	0	0	0	0.0	0.0	0.0	0.0	0.00039	0.0	0.0	0.0	0.0	0.0	0.0	0.0	0.0	1.0	0.0	0.0	0.0	0.0	
195	195	5647.200066036	10977.004	10977.004	0.001943	0.0	0	0	0	0	193	0	0	0	0	0.0	0.0	0.0	0.0	0.291809	0.0	0.0	0.0	0.0	0.0	0.0	0.0	0.0	5571.4	0.0	0.0	0.0	0.0	0.0	0.0	0.0	0.0	28.8674	0.0	0.0	0.0	0.0	0	0	0	0	86	0	0	0	0	0	0	0	0	0	0	0	0	0	0	0	0	0	107	0	0	0	0	0	0	0	0	0	0	0	0	0	0	0	0	0	0	0	0	0	0	0	0	0	0	0	0	0	0	0	0.0	0.0	0.0	0.0	0.00035	0.0	0.0	0.0	0.0	0.0	0.0	0.0	0.0	1.0	0.0	0.0	0.0	0.0	
196	196	5666.015534629	10977.004	10977.004	0.001804	0.0	0	0	0	0	194	0	0	0	0	0.0	0.0	0.0	0.0	0.262628	0.0	0.0	0.0	0.0	0.0	0.0	0.0	0.0	5590.22	0.0	0.0	0.0	0.0	0.0	0.0	0.0	0.0	28.8155	0.0	0.0	0.0	0.0	0	0	0	0	86	0	0	0	0	0	0	0	0	0	0	0	0	0	0	0	0	0	108	0	0	0	0	0	0	0	0	0	0	0	0	0	0	0	0	0	0	0	0	0	0	0	0	0	0	0	0	0	0	0	0.0	0.0	0.0	0.0	0.000316	0.0	0.0	0.0	0.0	0.0	0.0	0.0	0.0	1.0	0.0	0.0	0.0	0.0	
197	197	5690.093825092	10976.004	10976.004	0.001739	0.0	0	0	0	0	195	0	0	0	0	0.0	0.0	0.0	0.0	0.336365	0.0	0.0	0.0	0.0	0.0	0.0	0.0	0.0	5614.29	0.0	0.0	0.0	0.0	0.0	0.0	0.0	0.0	28.7913	0.0	0.0	0.0	0.0	0	0	0	0	87	0	0	0	0	0	0	0	0	0	0	0	0	0	0	0	0	0	108	0	0	0	0	0	0	0	0	0	0	0	0	0	0	0	0	0	0	0	0	0	0	0	0	0	0	0	0	0	0	0	0.0	0.0	0.0	0.0	0.000406	0.0	0.0	0.0	0.0	0.0	0.0	0.0	0.0	1.0	0.0	0.0	0.0	0.0	
198	198	5709.598339594	10976.004	10976.004	0.00166	0.0	0	0	0	0	196	0	0	0	0	0.0	0.0	0.0	0.0	0.302729	0.0	0.0	0.0	0.0	0.0	0.0	0.0	0.0	5633.8	0.0	0.0	0.0	0.0	0.0	0.0	0.0	0.0	28.7439	0.0	0.0	0.0	0.0	0	0	0	0	87	0	0	0	0	0	0	0	0	0	0	0	0	0	0	0	0	0	109	0	0	0	0	0	0	0	0	0	0	0	0	0	0	0	0	0	0	0	0	0	0	0	0	0	0	0	0	0	0	0	0.0	0.0	0.0	0.0	0.000366	0.0	0.0	0.0	0.0	0.0	0.0	0.0	0.0	1.0	0.0	0.0	0.0	0.0	
199	199	5733.417963316	10971.504	10971.504	0.001599	0.0	0	0	0	0	197	0	0	0	0	0.0	0.0	0.0	0.0	0.372456	0.0	0.0	0.0	0.0	0.0	0.0	0.0	0.0	5657.62	0.0	0.0	0.0	0.0	0.0	0.0	0.0	0.0	28.7189	0.0	0.0	0.0	0.0	0	0	0	0	88	0	0	0	0	0	0	0	0	0	0	0	0	0	0	0	0	0	109	0	0	0	0	0	0	0	0	0	0	0	0	0	0	0	0	0	0	0	0	0	0	0	0	0	0	0	0	0	0	0	0.0	0.0	0.0	0.0	0.000452	0.0	0.0	0.0	0.0	0.0	0.0	0.0	0.0	1.0	0.0	0.0	0.0	0.0	
200	200	5750.07148287	10971.504	10971.504	0.001527	0.0	0	0	0	0	198	0	0	0	0	0.0	0.0	0.0	0.0	0.33521	0.0	0.0	0.0	0.0	0.0	0.0	0.0	0.0	5674.27	0.0	0.0	0.0	0.0	0.0	0.0	0.0	0.0	28.6579	0.0	0.0	0.0	0.0	0	0	0	0	88	0	0	0	0	0	0	0	0	0	0	0	0	0	0	0	0	0	110	0	0	0	0	0	0	0	0	0	0	0	0	0	0	0	0	0	0	0	0	0	0	0	0	0	0	0	0	0	0	0	0.0	0.0	0.0	0.0	0.000408	0.0	0.0	0.0	0.0	0.0	0.0	0.0	0.0	1.0	0.0	0.0	0.0	0.0	
201	201	5769.469891221	10971.504	10971.504	0.001478	0.0	0	0	0	0	199	0	0	0	0	0.0	0.0	0.0	0.0	0.301689	0.0	0.0	0.0	0.0	0.0	0.0	0.0	0.0	5693.67	0.0	0.0	0.0	0.0	0.0	0.0	0.0	0.0	28.6114	0.0	0.0	0.0	0.0	0	0	0	0	88	0	0	0	0	0	0	0	0	0	0	0	0	0	0	0	0	0	111	0	0	0	0	0	0	0	0	0	0	0	0	0	0	0	0	0	0	0	0	0	0	0	0	0	0	0	0	0	0	0	0.0	0.0	0.0	0.0	0.000369	0.0	0.0	0.0	0.0	0.0	0.0	0.0	0.0	1.0	0.0	0.0	0.0	0.0	
202	202	5786.573299612	10971.504	10971.504	0.001424	0.0	0	0	0	0	200	0	0	0	0	0.0	0.0	0.0	0.0	0.27152	0.0	0.0	0.0	0.0	0.0	0.0	0.0	0.0	5710.77	0.0	0.0	0.0	0.0	0.0	0.0	0.0	0.0	28.5539	0.0	0.0	0.0	0.0	0	0	0	0	88	0	0	0	0	0	0	0	0	0	0	0	0	0	0	0	0	0	112	0	0	0	0	0	0	0	0	0	0	0	0	0	0	0	0	0	0	0	0	0	0	0	0	0	0	0	0	0	0	0	0.0	0.0	0.0	0.0	0.000333	0.0	0.0	0.0	0.0	0.0	0.0	0.0	0.0	1.0	0.0	0.0	0.0	0.0	
203	203	5803.375000215	10971.504	10971.504	0.001377	0.0	0	0	0	0	201	0	0	0	0	0.0	0.0	0.0	0.0	0.244368	0.0	0.0	0.0	0.0	0.0	0.0	0.0	0.0	5727.57	0.0	0.0	0.0	0.0	0.0	0.0	0.0	0.0	28.4954	0.0	0.0	0.0	0.0	0	0	0	0	88	0	0	0	0	0	0	0	0	0	0	0	0	0	0	0	0	0	113	0	0	0	0	0	0	0	0	0	0	0	0	0	0	0	0	0	0	0	0	0	0	0	0	0	0	0	0	0	0	0	0.0	0.0	0.0	0.0	0.000301	0.0	0.0	0.0	0.0	0.0	0.0	0.0	0.0	1.0	0.0	0.0	0.0	0.0	
204	204	5833.969805653	10971.504	10971.504	0.001333	0.0	0	0	0	0	202	0	0	0	0	0.0	0.0	0.0	0.0	0.219931	0.0	0.0	0.0	0.0	0.0	0.0	0.0	0.0	5758.17	0.0	0.0	0.0	0.0	0.0	0.0	0.0	0.0	28.5058	0.0	0.0	0.0	0.0	0	0	0	0	88	0	0	0	0	0	0	0	0	0	0	0	0	0	0	0	0	0	114	0	0	0	0	0	0	0	0	0	0	0	0	0	0	0	0	0	0	0	0	0	0	0	0	0	0	0	0	0	0	0	0.0	0.0	0.0	0.0	0.000271	0.0	0.0	0.0	0.0	0.0	0.0	0.0	0.0	1.0	0.0	0.0	0.0	0.0	
205	205	5850.253962501	10971.504	10971.504	0.001257	0.0	0	0	0	0	203	0	0	0	0	0.0	0.0	0.0	0.0	0.197938	0.0	0.0	0.0	0.0	0.0	0.0	0.0	0.0	5774.45	0.0	0.0	0.0	0.0	0.0	0.0	0.0	0.0	28.4456	0.0	0.0	0.0	0.0	0	0	0	0	88	0	0	0	0	0	0	0	0	0	0	0	0	0	0	0	0	0	115	0	0	0	0	0	0	0	0	0	0	0	0	0	0	0	0	0	0	0	0	0	0	0	0	0	0	0	0	0	0	0	0.0	0.0	0.0	0.0	0.000245	0.0	0.0	0.0	0.0	0.0	0.0	0.0	0.0	1.0	0.0	0.0	0.0	0.0	
206	206	5882.969518753	10971.504	10971.504	0.001218	0.0	0	0	0	0	204	0	0	0	0	0.0	0.0	0.0	0.0	0.178144	0.0	0.0	0.0	0.0	0.0	0.0	0.0	0.0	5807.17	0.0	0.0	0.0	0.0	0.0	0.0	0.0	0.0	28.4665	0.0	0.0	0.0	0.0	0	0	0	0	88	0	0	0	0	0	0	0	0	0	0	0	0	0	0	0	0	0	116	0	0	0	0	0	0	0	0	0	0	0	0	0	0	0	0	0	0	0	0	0	0	0	0	0	0	0	0	0	0	0	0.0	0.0	0.0	0.0	0.00022	0.0	0.0	0.0	0.0	0.0	0.0	0.0	0.0	1.0	0.0	0.0	0.0	0.0	
207	207	5899.170853367	10971.504	10971.504	0.001143	0.0	0	0	0	0	205	0	0	0	0	0.0	0.0	0.0	0.0	0.16033	0.0	0.0	0.0	0.0	0.0	0.0	0.0	0.0	5823.37	0.0	0.0	0.0	0.0	0.0	0.0	0.0	0.0	28.4067	0.0	0.0	0.0	0.0	0	0	0	0	88	0	0	0	0	0	0	0	0	0	0	0	0	0	0	0	0	0	117	0	0	0	0	0	0	0	0	0	0	0	0	0	0	0	0	0	0	0	0	0	0	0	0	0	0	0	0	0	0	0	0.0	0.0	0.0	0.0	0.000199	0.0	0.0	0.0	0.0	0.0	0.0	0.0	0.0	1.0	0.0	0.0	0.0	0.0	
208	208	5947.661658768	10940.739	10940.739	0.001108	0.0	0	0	0	0	206	0	0	0	0	0.0	0.0	0.0	0.0	0.244297	0.0	0.0	0.0	0.0	0.0	0.0	0.0	0.0	5871.86	0.0	0.0	0.0	0.0	0.0	0.0	0.0	0.0	28.5042	0.0	0.0	0.0	0.0	0	0	0	0	89	0	0	0	0	0	0	0	0	0	0	0	0	0	0	0	0	0	117	0	0	0	0	0	0	0	0	0	0	0	0	0	0	0	0	0	0	0	0	0	0	0	0	0	0	0	0	0	0	0	0.0	0.0	0.0	0.0	0.000301	0.0	0.0	0.0	0.0	0.0	0.0	0.0	0.0	1.0	0.0	0.0	0.0	0.0	
209	209	5964.506448013	10940.739	10940.739	0.001009	0.0	0	0	0	0	207	0	0	0	0	0.0	0.0	0.0	0.0	0.219867	0.0	0.0	0.0	0.0	0.0	0.0	0.0	0.0	5888.71	0.0	0.0	0.0	0.0	0.0	0.0	0.0	0.0	28.4479	0.0	0.0	0.0	0.0	0	0	0	0	89	0	0	0	0	0	0	0	0	0	0	0	0	0	0	0	0	0	118	0	0	0	0	0	0	0	0	0	0	0	0	0	0	0	0	0	0	0	0	0	0	0	0	0	0	0	0	0	0	0	0.0	0.0	0.0	0.0	0.000272	0.0	0.0	0.0	0.0	0.0	0.0	0.0	0.0	1.0	0.0	0.0	0.0	0.0	
210	210	5983.364959068	10940.739	10940.739	0.000976	0.0	0	0	0	0	208	0	0	0	0	0.0	0.0	0.0	0.0	0.197881	0.0	0.0	0.0	0.0	0.0	0.0	0.0	0.0	5907.56	0.0	0.0	0.0	0.0	0.0	0.0	0.0	0.0	28.4018	0.0	0.0	0.0	0.0	0	0	0	0	89	0	0	0	0	0	0	0	0	0	0	0	0	0	0	0	0	0	119	0	0	0	0	0	0	0	0	0	0	0	0	0	0	0	0	0	0	0	0	0	0	0	0	0	0	0	0	0	0	0	0.0	0.0	0.0	0.0	0.000245	0.0	0.0	0.0	0.0	0.0	0.0	0.0	0.0	1.0	0.0	0.0	0.0	0.0	
211	211	6003.788318684	10940.739	10940.739	0.000941	0.0	0	0	0	0	209	0	0	0	0	0.0	0.0	0.0	0.0	0.178093	0.0	0.0	0.0	0.0	0.0	0.0	0.0	0.0	5927.99	0.0	0.0	0.0	0.0	0.0	0.0	0.0	0.0	28.3636	0.0	0.0	0.0	0.0	0	0	0	0	89	0	0	0	0	0	0	0	0	0	0	0	0	0	0	0	0	0	120	0	0	0	0	0	0	0	0	0	0	0	0	0	0	0	0	0	0	0	0	0	0	0	0	0	0	0	0	0	0	0	0.0	0.0	0.0	0.0	0.000221	0.0	0.0	0.0	0.0	0.0	0.0	0.0	0.0	1.0	0.0	0.0	0.0	0.0	
212	212	6038.560601924	10940.739	10940.739	0.000905	0.0	0	0	0	0	210	0	0	0	0	0.0	0.0	0.0	0.0	0.160283	0.0	0.0	0.0	0.0	0.0	0.0	0.0	0.0	5962.76	0.0	0.0	0.0	0.0	0.0	0.0	0.0	0.0	28.3941	0.0	0.0	0.0	0.0	0	0	0	0	89	0	0	0	0	0	0	0	0	0	0	0	0	0	0	0	0	0	121	0	0	0	0	0	0	0	0	0	0	0	0	0	0	0	0	0	0	0	0	0	0	0	0	0	0	0	0	0	0	0	0.0	0.0	0.0	0.0	0.000199	0.0	0.0	0.0	0.0	0.0	0.0	0.0	0.0	1.0	0.0	0.0	0.0	0.0	
213	213	6059.827370788	10940.739	10940.739	0.000846	0.0	0	0	0	0	211	0	0	0	0	0.0	0.0	0.0	0.0	0.144255	0.0	0.0	0.0	0.0	0.0	0.0	0.0	0.0	5984.03	0.0	0.0	0.0	0.0	0.0	0.0	0.0	0.0	28.3603	0.0	0.0	0.0	0.0	0	0	0	0	89	0	0	0	0	0	0	0	0	0	0	0	0	0	0	0	0	0	122	0	0	0	0	0	0	0	0	0	0	0	0	0	0	0	0	0	0	0	0	0	0	0	0	0	0	0	0	0	0	0	0.0	0.0	0.0	0.0	0.000179	0.0	0.0	0.0	0.0	0.0	0.0	0.0	0.0	1.0	0.0	0.0	0.0	0.0	
214	214	6090.126659232	10940.739	10940.739	0.000812	0.0	0	0	0	0	212	0	0	0	0	0.0	0.0	0.0	0.0	0.129829	0.0	0.0	0.0	0.0	0.0	0.0	0.0	0.0	6014.33	0.0	0.0	0.0	0.0	0.0	0.0	0.0	0.0	28.3695	0.0	0.0	0.0	0.0	0	0	0	0	89	0	0	0	0	0	0	0	0	0	0	0	0	0	0	0	0	0	123	0	0	0	0	0	0	0	0	0	0	0	0	0	0	0	0	0	0	0	0	0	0	0	0	0	0	0	0	0	0	0	0.0	0.0	0.0	0.0	0.000161	0.0	0.0	0.0	0.0	0.0	0.0	0.0	0.0	1.0	0.0	0.0	0.0	0.0	
215	215	6117.831651681	10940.739	10940.739	0.000766	0.0	0	0	0	0	213	0	0	0	0	0.0	0.0	0.0	0.0	0.116847	0.0	0.0	0.0	0.0	0.0	0.0	0.0	0.0	6042.03	0.0	0.0	0.0	0.0	0.0	0.0	0.0	0.0	28.3663	0.0	0.0	0.0	0.0	0	0	0	0	89	0	0	0	0	0	0	0	0	0	0	0	0	0	0	0	0	0	124	0	0	0	0	0	0	0	0	0	0	0	0	0	0	0	0	0	0	0	0	0	0	0	0	0	0	0	0	0	0	0	0.0	0.0	0.0	0.0	0.000145	0.0	0.0	0.0	0.0	0.0	0.0	0.0	0.0	1.0	0.0	0.0	0.0	0.0	
216	216	6136.963078016	10938.739	10938.739	0.000726	0.0	0	0	0	0	214	0	0	0	0	0.0	0.0	0.0	0.0	0.205162	0.0	0.0	0.0	0.0	0.0	0.0	0.0	0.0	6061.16	0.0	0.0	0.0	0.0	0.0	0.0	0.0	0.0	28.3232	0.0	0.0	0.0	0.0	0	0	0	0	90	0	0	0	0	0	0	0	0	0	0	0	0	0	0	0	0	0	124	0	0	0	0	0	0	0	0	0	0	0	0	0	0	0	0	0	0	0	0	0	0	0	0	0	0	0	0	0	0	0	0.0	0.0	0.0	0.0	0.000256	0.0	0.0	0.0	0.0	0.0	0.0	0.0	0.0	1.0	0.0	0.0	0.0	0.0	
217	217	6153.036318711	10938.739	10938.739	0.000699	0.0	0	0	0	0	215	0	0	0	0	0.0	0.0	0.0	0.0	0.184646	0.0	0.0	0.0	0.0	0.0	0.0	0.0	0.0	6077.24	0.0	0.0	0.0	0.0	0.0	0.0	0.0	0.0	28.2662	0.0	0.0	0.0	0.0	0	0	0	0	90	0	0	0	0	0	0	0	0	0	0	0	0	0	0	0	0	0	125	0	0	0	0	0	0	0	0	0	0	0	0	0	0	0	0	0	0	0	0	0	0	0	0	0	0	0	0	0	0	0	0.0	0.0	0.0	0.0	0.000231	0.0	0.0	0.0	0.0	0.0	0.0	0.0	0.0	1.0	0.0	0.0	0.0	0.0	
218	218	6195.213715931	10938.739	10938.739	0.000678	0.0	0	0	0	0	216	0	0	0	0	0.0	0.0	0.0	0.0	0.166181	0.0	0.0	0.0	0.0	0.0	0.0	0.0	0.0	6119.41	0.0	0.0	0.0	0.0	0.0	0.0	0.0	0.0	28.3306	0.0	0.0	0.0	0.0	0	0	0	0	90	0	0	0	0	0	0	0	0	0	0	0	0	0	0	0	0	0	126	0	0	0	0	0	0	0	0	0	0	0	0	0	0	0	0	0	0	0	0	0	0	0	0	0	0	0	0	0	0	0	0.0	0.0	0.0	0.0	0.000207	0.0	0.0	0.0	0.0	0.0	0.0	0.0	0.0	1.0	0.0	0.0	0.0	0.0	
219	219	6228.626862807	10938.739	10938.739	0.000625	0.0	0	0	0	0	217	0	0	0	0	0.0	0.0	0.0	0.0	0.149563	0.0	0.0	0.0	0.0	0.0	0.0	0.0	0.0	6152.83	0.0	0.0	0.0	0.0	0.0	0.0	0.0	0.0	28.354	0.0	0.0	0.0	0.0	0	0	0	0	90	0	0	0	0	0	0	0	0	0	0	0	0	0	0	0	0	0	127	0	0	0	0	0	0	0	0	0	0	0	0	0	0	0	0	0	0	0	0	0	0	0	0	0	0	0	0	0	0	0	0.0	0.0	0.0	0.0	0.000186	0.0	0.0	0.0	0.0	0.0	0.0	0.0	0.0	1.0	0.0	0.0	0.0	0.0	
220	220	6409.531635493	10923.665	10923.665	0.000586	0.0	0	0	0	0	218	0	0	0	0	0.0	0.0	0.0	0.0	0.234607	0.0	0.0	0.0	0.0	0.0	0.0	0.0	0.0	6333.73	0.0	0.0	0.0	0.0	0.0	0.0	0.0	0.0	29.0538	0.0	0.0	0.0	0.0	0	0	0	0	91	0	0	0	0	0	0	0	0	0	0	0	0	0	0	0	0	0	127	0	0	0	0	0	0	0	0	0	0	0	0	0	0	0	0	0	0	0	0	0	0	0	0	0	0	0	0	0	0	0	0.0	0.0	0.0	0.0	0.000278	0.0	0.0	0.0	0.0	0.0	0.0	0.0	0.0	1.0	0.0	0.0	0.0	0.0	
221	221	6428.893326326	10923.665	10923.665	0.000413	0.0	0	0	0	0	219	0	0	0	0	0.0	0.0	0.0	0.0	0.211146	0.0	0.0	0.0	0.0	0.0	0.0	0.0	0.0	6353.09	0.0	0.0	0.0	0.0	0.0	0.0	0.0	0.0	29.0096	0.0	0.0	0.0	0.0	0	0	0	0	91	0	0	0	0	0	0	0	0	0	0	0	0	0	0	0	0	0	128	0	0	0	0	0	0	0	0	0	0	0	0	0	0	0	0	0	0	0	0	0	0	0	0	0	0	0	0	0	0	0	0.0	0.0	0.0	0.0	0.000251	0.0	0.0	0.0	0.0	0.0	0.0	0.0	0.0	1.0	0.0	0.0	0.0	0.0	
222	222	6447.228758075	10923.665	10923.665	0.000398	0.0	0	0	0	0	220	0	0	0	0	0.0	0.0	0.0	0.0	0.190031	0.0	0.0	0.0	0.0	0.0	0.0	0.0	0.0	6371.43	0.0	0.0	0.0	0.0	0.0	0.0	0.0	0.0	28.961	0.0	0.0	0.0	0.0	0	0	0	0	91	0	0	0	0	0	0	0	0	0	0	0	0	0	0	0	0	0	129	0	0	0	0	0	0	0	0	0	0	0	0	0	0	0	0	0	0	0	0	0	0	0	0	0	0	0	0	0	0	0	0.0	0.0	0.0	0.0	0.000227	0.0	0.0	0.0	0.0	0.0	0.0	0.0	0.0	1.0	0.0	0.0	0.0	0.0	
223	223	6463.884812042	10923.665	10923.665	0.000384	0.0	0	0	0	0	221	0	0	0	0	0.0	0.0	0.0	0.0	0.171028	0.0	0.0	0.0	0.0	0.0	0.0	0.0	0.0	6388.08	0.0	0.0	0.0	0.0	0.0	0.0	0.0	0.0	28.9054	0.0	0.0	0.0	0.0	0	0	0	0	91	0	0	0	0	0	0	0	0	0	0	0	0	0	0	0	0	0	130	0	0	0	0	0	0	0	0	0	0	0	0	0	0	0	0	0	0	0	0	0	0	0	0	0	0	0	0	0	0	0	0.0	0.0	0.0	0.0	0.000205	0.0	0.0	0.0	0.0	0.0	0.0	0.0	0.0	1.0	0.0	0.0	0.0	0.0	
224	224	6488.096478788	10923.665	10923.665	0.000372	0.0	0	0	0	0	222	0	0	0	0	0.0	0.0	0.0	0.0	0.153925	0.0	0.0	0.0	0.0	0.0	0.0	0.0	0.0	6412.3	0.0	0.0	0.0	0.0	0.0	0.0	0.0	0.0	28.8842	0.0	0.0	0.0	0.0	0	0	0	0	91	0	0	0	0	0	0	0	0	0	0	0	0	0	0	0	0	0	131	0	0	0	0	0	0	0	0	0	0	0	0	0	0	0	0	0	0	0	0	0	0	0	0	0	0	0	0	0	0	0	0.0	0.0	0.0	0.0	0.000184	0.0	0.0	0.0	0.0	0.0	0.0	0.0	0.0	1.0	0.0	0.0	0.0	0.0	
225	225	6525.737849562	10923.665	10923.665	0.000355	0.0	0	0	0	0	223	0	0	0	0	0.0	0.0	0.0	0.0	0.138533	0.0	0.0	0.0	0.0	0.0	0.0	0.0	0.0	6449.94	0.0	0.0	0.0	0.0	0.0	0.0	0.0	0.0	28.9235	0.0	0.0	0.0	0.0	0	0	0	0	91	0	0	0	0	0	0	0	0	0	0	0	0	0	0	0	0	0	132	0	0	0	0	0	0	0	0	0	0	0	0	0	0	0	0	0	0	0	0	0	0	0	0	0	0	0	0	0	0	0	0.0	0.0	0.0	0.0	0.000166	0.0	0.0	0.0	0.0	0.0	0.0	0.0	0.0	1.0	0.0	0.0	0.0	0.0	
226	226	6542.309131365	10923.665	10923.665	0.00033	0.0	0	0	0	0	224	0	0	0	0	0.0	0.0	0.0	0.0	0.12468	0.0	0.0	0.0	0.0	0.0	0.0	0.0	0.0	6466.51	0.0	0.0	0.0	0.0	0.0	0.0	0.0	0.0	28.8683	0.0	0.0	0.0	0.0	0	0	0	0	91	0	0	0	0	0	0	0	0	0	0	0	0	0	0	0	0	0	133	0	0	0	0	0	0	0	0	0	0	0	0	0	0	0	0	0	0	0	0	0	0	0	0	0	0	0	0	0	0	0	0.0	0.0	0.0	0.0	0.00015	0.0	0.0	0.0	0.0	0.0	0.0	0.0	0.0	1.0	0.0	0.0	0.0	0.0	
227	227	6559.798637806	10920.665	10920.665	0.000319	0.0	0	0	0	0	225	0	0	0	0	0.0	0.0	0.0	0.0	0.212212	0.0	0.0	0.0	0.0	0.0	0.0	0.0	0.0	6484.0	0.0	0.0	0.0	0.0	0.0	0.0	0.0	0.0	28.8178	0.0	0.0	0.0	0.0	0	0	0	0	92	0	0	0	0	0	0	0	0	0	0	0	0	0	0	0	0	0	133	0	0	0	0	0	0	0	0	0	0	0	0	0	0	0	0	0	0	0	0	0	0	0	0	0	0	0	0	0	0	0	0.0	0.0	0.0	0.0	0.000256	0.0	0.0	0.0	0.0	0.0	0.0	0.0	0.0	1.0	0.0	0.0	0.0	0.0	
228	228	6589.092116401	10920.665	10920.665	0.000309	0.0	0	0	0	0	226	0	0	0	0	0.0	0.0	0.0	0.0	0.19099	0.0	0.0	0.0	0.0	0.0	0.0	0.0	0.0	6513.29	0.0	0.0	0.0	0.0	0.0	0.0	0.0	0.0	28.8199	0.0	0.0	0.0	0.0	0	0	0	0	92	0	0	0	0	0	0	0	0	0	0	0	0	0	0	0	0	0	134	0	0	0	0	0	0	0	0	0	0	0	0	0	0	0	0	0	0	0	0	0	0	0	0	0	0	0	0	0	0	0	0.0	0.0	0.0	0.0	0.00023	0.0	0.0	0.0	0.0	0.0	0.0	0.0	0.0	1.0	0.0	0.0	0.0	0.0	
229	229	6605.271157908	10920.665	10920.665	0.000292	0.0	0	0	0	0	227	0	0	0	0	0.0	0.0	0.0	0.0	0.171891	0.0	0.0	0.0	0.0	0.0	0.0	0.0	0.0	6529.47	0.0	0.0	0.0	0.0	0.0	0.0	0.0	0.0	28.7642	0.0	0.0	0.0	0.0	0	0	0	0	92	0	0	0	0	0	0	0	0	0	0	0	0	0	0	0	0	0	135	0	0	0	0	0	0	0	0	0	0	0	0	0	0	0	0	0	0	0	0	0	0	0	0	0	0	0	0	0	0	0	0.0	0.0	0.0	0.0	0.000208	0.0	0.0	0.0	0.0	0.0	0.0	0.0	0.0	1.0	0.0	0.0	0.0	0.0	
230	230	6729.827115703	10904.665	10904.665	0.000283	0.0	0	0	0	0	228	0	0	0	0	0.0	0.0	0.0	0.0	0.254702	0.0	0.0	0.0	0.0	0.0	0.0	0.0	0.0	6654.03	0.0	0.0	0.0	0.0	0.0	0.0	0.0	0.0	29.1843	0.0	0.0	0.0	0.0	0	0	0	0	93	0	0	0	0	0	0	0	0	0	0	0	0	0	0	0	0	0	135	0	0	0	0	0	0	0	0	0	0	0	0	0	0	0	0	0	0	0	0	0	0	0	0	0	0	0	0	0	0	0	0.0	0.0	0.0	0.0	0.000299	0.0	0.0	0.0	0.0	0.0	0.0	0.0	0.0	1.0	0.0	0.0	0.0	0.0	
231	231	6750.418226553	10904.665	10904.665	0.000222	0.0	0	0	0	0	229	0	0	0	0	0.0	0.0	0.0	0.0	0.229232	0.0	0.0	0.0	0.0	0.0	0.0	0.0	0.0	6674.62	0.0	0.0	0.0	0.0	0.0	0.0	0.0	0.0	29.1468	0.0	0.0	0.0	0.0	0	0	0	0	93	0	0	0	0	0	0	0	0	0	0	0	0	0	0	0	0	0	136	0	0	0	0	0	0	0	0	0	0	0	0	0	0	0	0	0	0	0	0	0	0	0	0	0	0	0	0	0	0	0	0.0	0.0	0.0	0.0	0.00027	0.0	0.0	0.0	0.0	0.0	0.0	0.0	0.0	1.0	0.0	0.0	0.0	0.0	
232	232	6766.339696882	10904.665	10904.665	0.000213	0.0	0	0	0	0	230	0	0	0	0	0.0	0.0	0.0	0.0	0.206309	0.0	0.0	0.0	0.0	0.0	0.0	0.0	0.0	6690.54	0.0	0.0	0.0	0.0	0.0	0.0	0.0	0.0	29.0893	0.0	0.0	0.0	0.0	0	0	0	0	93	0	0	0	0	0	0	0	0	0	0	0	0	0	0	0	0	0	137	0	0	0	0	0	0	0	0	0	0	0	0	0	0	0	0	0	0	0	0	0	0	0	0	0	0	0	0	0	0	0	0.0	0.0	0.0	0.0	0.000244	0.0	0.0	0.0	0.0	0.0	0.0	0.0	0.0	1.0	0.0	0.0	0.0	0.0	
233	233	6787.101497065	10904.665	10904.665	0.000207	0.0	0	0	0	0	231	0	0	0	0	0.0	0.0	0.0	0.0	0.185678	0.0	0.0	0.0	0.0	0.0	0.0	0.0	0.0	6711.3	0.0	0.0	0.0	0.0	0.0	0.0	0.0	0.0	29.0532	0.0	0.0	0.0	0.0	0	0	0	0	93	0	0	0	0	0	0	0	0	0	0	0	0	0	0	0	0	0	138	0	0	0	0	0	0	0	0	0	0	0	0	0	0	0	0	0	0	0	0	0	0	0	0	0	0	0	0	0	0	0	0.0	0.0	0.0	0.0	0.00022	0.0	0.0	0.0	0.0	0.0	0.0	0.0	0.0	1.0	0.0	0.0	0.0	0.0	
234	234	6820.347391791	10903.651	10903.651	0.000199	0.0	0	0	0	0	232	0	0	0	0	0.0	0.0	0.0	0.0	0.26711	0.0	0.0	0.0	0.0	0.0	0.0	0.0	0.0	6744.55	0.0	0.0	0.0	0.0	0.0	0.0	0.0	0.0	29.0713	0.0	0.0	0.0	0.0	0	0	0	0	94	0	0	0	0	0	0	0	0	0	0	0	0	0	0	0	0	0	138	0	0	0	0	0	0	0	0	0	0	0	0	0	0	0	0	0	0	0	0	0	0	0	0	0	0	0	0	0	0	0	0.0	0.0	0.0	0.0	0.000316	0.0	0.0	0.0	0.0	0.0	0.0	0.0	0.0	1.0	0.0	0.0	0.0	0.0	
235	235	6838.003422434	10903.651	10903.651	0.000186	0.0	0	0	0	0	233	0	0	0	0	0.0	0.0	0.0	0.0	0.240399	0.0	0.0	0.0	0.0	0.0	0.0	0.0	0.0	6762.2	0.0	0.0	0.0	0.0	0.0	0.0	0.0	0.0	29.0223	0.0	0.0	0.0	0.0	0	0	0	0	94	0	0	0	0	0	0	0	0	0	0	0	0	0	0	0	0	0	139	0	0	0	0	0	0	0	0	0	0	0	0	0	0	0	0	0	0	0	0	0	0	0	0	0	0	0	0	0	0	0	0.0	0.0	0.0	0.0	0.000285	0.0	0.0	0.0	0.0	0.0	0.0	0.0	0.0	1.0	0.0	0.0	0.0	0.0	
236	236	6854.543697785	10903.151	10903.151	0.00018	0.0	0	0	0	0	234	0	0	0	0	0.0	0.0	0.0	0.0	0.316359	0.0	0.0	0.0	0.0	0.0	0.0	0.0	0.0	6778.74	0.0	0.0	0.0	0.0	0.0	0.0	0.0	0.0	28.969	0.0	0.0	0.0	0.0	0	0	0	0	95	0	0	0	0	0	0	0	0	0	0	0	0	0	0	0	0	0	139	0	0	0	0	0	0	0	0	0	0	0	0	0	0	0	0	0	0	0	0	0	0	0	0	0	0	0	0	0	0	0	0.0	0.0	0.0	0.0	0.000377	0.0	0.0	0.0	0.0	0.0	0.0	0.0	0.0	1.0	0.0	0.0	0.0	0.0	
237	237	6888.589543814	10903.151	10903.151	0.000175	0.0	0	0	0	0	235	0	0	0	0	0.0	0.0	0.0	0.0	0.284723	0.0	0.0	0.0	0.0	0.0	0.0	0.0	0.0	6812.79	0.0	0.0	0.0	0.0	0.0	0.0	0.0	0.0	28.9906	0.0	0.0	0.0	0.0	0	0	0	0	95	0	0	0	0	0	0	0	0	0	0	0	0	0	0	0	0	0	140	0	0	0	0	0	0	0	0	0	0	0	0	0	0	0	0	0	0	0	0	0	0	0	0	0	0	0	0	0	0	0	0.0	0.0	0.0	0.0	0.000339	0.0	0.0	0.0	0.0	0.0	0.0	0.0	0.0	1.0	0.0	0.0	0.0	0.0	
238	238	7003.862721409	10882.607	10882.607	0.000163	0.0	0	0	0	0	236	0	0	0	0	0.0	0.0	0.0	0.0	0.356251	0.0	0.0	0.0	0.0	0.0	0.0	0.0	0.0	6928.06	0.0	0.0	0.0	0.0	0.0	0.0	0.0	0.0	29.3562	0.0	0.0	0.0	0.0	0	0	0	0	96	0	0	0	0	0	0	0	0	0	0	0	0	0	0	0	0	0	140	0	0	0	0	0	0	0	0	0	0	0	0	0	0	0	0	0	0	0	0	0	0	0	0	0	0	0	0	0	0	0	0.0	0.0	0.0	0.0	0.000413	0.0	0.0	0.0	0.0	0.0	0.0	0.0	0.0	1.0	0.0	0.0	0.0	0.0	
239	239	7030.915781617	10882.607	10882.607	0.000131	0.0	0	0	0	0	237	0	0	0	0	0.0	0.0	0.0	0.0	0.320626	0.0	0.0	0.0	0.0	0.0	0.0	0.0	0.0	6955.11	0.0	0.0	0.0	0.0	0.0	0.0	0.0	0.0	29.3465	0.0	0.0	0.0	0.0	0	0	0	0	96	0	0	0	0	0	0	0	0	0	0	0	0	0	0	0	0	0	141	0	0	0	0	0	0	0	0	0	0	0	0	0	0	0	0	0	0	0	0	0	0	0	0	0	0	0	0	0	0	0	0.0	0.0	0.0	0.0	0.000372	0.0	0.0	0.0	0.0	0.0	0.0	0.0	0.0	1.0	0.0	0.0	0.0	0.0	
240	240	7047.567346826	10882.607	10882.607	0.000124	0.0	0	0	0	0	238	0	0	0	0	0.0	0.0	0.0	0.0	0.288563	0.0	0.0	0.0	0.0	0.0	0.0	0.0	0.0	6971.77	0.0	0.0	0.0	0.0	0.0	0.0	0.0	0.0	29.2931	0.0	0.0	0.0	0.0	0	0	0	0	96	0	0	0	0	0	0	0	0	0	0	0	0	0	0	0	0	0	142	0	0	0	0	0	0	0	0	0	0	0	0	0	0	0	0	0	0	0	0	0	0	0	0	0	0	0	0	0	0	0	0.0	0.0	0.0	0.0	0.000336	0.0	0.0	0.0	0.0	0.0	0.0	0.0	0.0	1.0	0.0	0.0	0.0	0.0	
241	241	7070.403393097	10882.607	10882.607	0.00012	0.0	0	0	0	0	239	0	0	0	0	0.0	0.0	0.0	0.0	0.259707	0.0	0.0	0.0	0.0	0.0	0.0	0.0	0.0	6994.6	0.0	0.0	0.0	0.0	0.0	0.0	0.0	0.0	29.2661	0.0	0.0	0.0	0.0	0	0	0	0	96	0	0	0	0	0	0	0	0	0	0	0	0	0	0	0	0	0	143	0	0	0	0	0	0	0	0	0	0	0	0	0	0	0	0	0	0	0	0	0	0	0	0	0	0	0	0	0	0	0	0.0	0.0	0.0	0.0	0.000303	0.0	0.0	0.0	0.0	0.0	0.0	0.0	0.0	1.0	0.0	0.0	0.0	0.0	
242	242	7090.716781779	10882.607	10882.607	0.000115	0.0	0	0	0	0	240	0	0	0	0	0.0	0.0	0.0	0.0	0.233736	0.0	0.0	0.0	0.0	0.0	0.0	0.0	0.0	7014.92	0.0	0.0	0.0	0.0	0.0	0.0	0.0	0.0	29.2288	0.0	0.0	0.0	0.0	0	0	0	0	96	0	0	0	0	0	0	0	0	0	0	0	0	0	0	0	0	0	144	0	0	0	0	0	0	0	0	0	0	0	0	0	0	0	0	0	0	0	0	0	0	0	0	0	0	0	0	0	0	0	0.0	0.0	0.0	0.0	0.000274	0.0	0.0	0.0	0.0	0.0	0.0	0.0	0.0	1.0	0.0	0.0	0.0	0.0	
243	243	7106.492880171	10882.607	10882.607	0.000111	0.0	0	0	0	0	241	0	0	0	0	0.0	0.0	0.0	0.0	0.210363	0.0	0.0	0.0	0.0	0.0	0.0	0.0	0.0	7030.69	0.0	0.0	0.0	0.0	0.0	0.0	0.0	0.0	29.173	0.0	0.0	0.0	0.0	0	0	0	0	96	0	0	0	0	0	0	0	0	0	0	0	0	0	0	0	0	0	145	0	0	0	0	0	0	0	0	0	0	0	0	0	0	0	0	0	0	0	0	0	0	0	0	0	0	0	0	0	0	0	0.0	0.0	0.0	0.0	0.000247	0.0	0.0	0.0	0.0	0.0	0.0	0.0	0.0	1.0	0.0	0.0	0.0	0.0	
244	244	7137.689854608	10882.607	10882.607	0.000107	0.0	0	0	0	0	242	0	0	0	0	0.0	0.0	0.0	0.0	0.189326	0.0	0.0	0.0	0.0	0.0	0.0	0.0	0.0	7061.89	0.0	0.0	0.0	0.0	0.0	0.0	0.0	0.0	29.1814	0.0	0.0	0.0	0.0	0	0	0	0	96	0	0	0	0	0	0	0	0	0	0	0	0	0	0	0	0	0	146	0	0	0	0	0	0	0	0	0	0	0	0	0	0	0	0	0	0	0	0	0	0	0	0	0	0	0	0	0	0	0	0.0	0.0	0.0	0.0	0.000222	0.0	0.0	0.0	0.0	0.0	0.0	0.0	0.0	1.0	0.0	0.0	0.0	0.0	
245	245	7154.023585681	10882.607	10882.607	0.000101	0.0	0	0	0	0	243	0	0	0	0	0.0	0.0	0.0	0.0	0.170394	0.0	0.0	0.0	0.0	0.0	0.0	0.0	0.0	7078.22	0.0	0.0	0.0	0.0	0.0	0.0	0.0	0.0	29.1285	0.0	0.0	0.0	0.0	0	0	0	0	96	0	0	0	0	0	0	0	0	0	0	0	0	0	0	0	0	0	147	0	0	0	0	0	0	0	0	0	0	0	0	0	0	0	0	0	0	0	0	0	0	0	0	0	0	0	0	0	0	0	0.0	0.0	0.0	0.0	0.000201	0.0	0.0	0.0	0.0	0.0	0.0	0.0	0.0	1.0	0.0	0.0	0.0	0.0	
246	245	7154.023597141	10882.607	10882.607	9.8e-5	0.0	0	0	0	0	243	0	0	0	0	0.0	0.0	0.0	0.0	0.170394	0.0	0.0	0.0	0.0	0.0	0.0	0.0	0.0	7078.22	0.0	0.0	0.0	0.0	0.0	0.0	0.0	0.0	29.1285	0.0	0.0	0.0	0.0	0	0	0	0	96	0	0	0	0	0	0	0	0	0	0	0	0	0	0	0	0	0	147	0	0	0	0	0	0	0	0	0	0	0	0	0	0	0	0	0	0	0	0	0	0	0	0	0	0	0	0	0	0	0	0.0	0.0	0.0	0.0	0.000201	0.0	0.0	0.0	0.0	0.0	0.0	0.0	0.0	1.0	0.0	0.0	0.0	0.0	
