RouteID	RunID	Arrivals/Departures	TimePerStop
1A_SB	1	a	28	34	41	45	48	53	59	63	69	74	79	87	94	98
1A_SB	1	d	29	35	43	46	50	54	60	65	71	76	80	89	95	/
1A_SB	2	a	35	40	47	51	55	60	67	72	78	82	87	95	101	105
1A_SB	2	d	36	41	49	53	57	62	69	74	80	84	88	96	102	/
1A_SB	3	a	60	66	75	79	84	88	94	99	106	111	116	124	130	133
1A_SB	3	d	61	68	77	81	86	90	96	101	108	113	118	125	131	/
1A_SB	4	a	72	79	88	91	95	100	106	111	118	122	125	134	139	143
1A_SB	4	d	74	80	89	93	97	102	108	113	119	123	126	135	141	/
1A_SB	5	a	95	102	110	113	117	121	126	130	135	138	142	151	156	159
1A_SB	5	d	97	103	111	115	119	122	127	131	136	139	144	152	157	/
1A_SB	6	a	104	112	119	123	126	129	134	138	145	149	152	163	168	171
1A_SB	6	d	106	113	120	124	127	130	136	140	147	150	153	164	169	/
1A_SB	7	a	117	125	134	138	141	144	149	152	159	163	166	175	181	185
1A_SB	7	d	119	127	136	139	142	145	150	153	160	164	167	176	182	/
1A_SB	8	a	123	130	139	143	147	151	157	160	168	171	175	184	190	194
1A_SB	8	d	125	132	141	145	149	153	158	162	169	172	176	185	191	/
1A_SB	9	a	130	137	147	151	155	159	165	169	176	180	184	194	201	205
1A_SB	9	d	132	139	149	153	157	161	167	171	178	181	186	196	203	/
1A_SB	10	a	141	149	159	163	167	170	176	180	187	191	196	207	214	217
1A_SB	10	d	143	151	161	165	168	172	178	182	189	193	198	209	215	/
1A_SB	11	a	169	176	187	191	195	199	206	210	215	220	225	236	241	244
1A_SB	11	d	171	178	189	193	197	201	207	211	217	222	227	237	242	/
1A_SB	12	a	184	191	200	204	209	213	219	223	230	233	238	248	256	259
1A_SB	12	d	186	193	202	206	211	215	221	225	231	235	239	250	257	/
1A_SB	13	a	195	202	210	213	218	222	228	233	240	245	250	260	266	270
1A_SB	13	d	197	203	211	215	220	224	230	235	242	247	252	262	268	/
1A_SB	14	a	216	223	231	236	241	245	252	256	263	267	271	281	287	290
1A_SB	14	d	218	225	233	238	242	247	254	258	264	268	273	283	288	/
1A_SB	15	a	233	239	247	250	254	258	263	267	274	279	284	294	300	305
1A_SB	15	d	235	240	248	251	255	259	265	269	276	281	286	296	302	/
1A_SB	16	a	239	246	255	259	264	268	273	277	283	287	291	300	306	310
1A_SB	16	d	241	248	257	261	265	269	274	278	284	288	292	301	307	/
1A_SB	17	a	251	258	266	270	274	278	285	288	294	298	302	311	317	320
1A_SB	17	d	253	259	268	272	276	280	286	290	296	300	303	312	318	/
1A_SB	18	a	264	270	280	284	288	292	298	303	309	313	316	324	330	334
1A_SB	18	d	265	272	282	286	290	294	300	305	311	314	317	325	332	/
1A_SB	19	a	287	293	304	307	310	314	320	323	328	332	336	345	350	353
1A_SB	19	d	289	295	305	308	311	315	321	324	329	333	337	346	351	/
1A_SB	20	a	301	307	316	320	323	328	335	340	346	351	355	364	369	372
1A_SB	20	d	303	308	317	321	325	330	337	342	348	353	356	365	370	/
1A_SB	21	a	313	319	328	332	336	340	347	352	359	363	367	376	381	384
1A_SB	21	d	315	321	329	334	338	342	349	354	360	364	368	377	382	/
1A_SB	22	a	336	342	349	353	358	361	367	371	378	382	385	395	401	404
1A_SB	22	d	338	343	351	355	359	363	369	373	380	383	386	396	402	/
1A_SB	23	a	353	360	367	372	376	379	385	390	396	400	405	414	420	423
1A_SB	23	d	355	361	369	374	377	380	387	392	398	402	406	415	421	/
1A_SB	24	a	360	367	374	379	383	387	394	399	405	409	414	424	430	433
1A_SB	24	d	362	368	376	381	385	389	396	401	407	411	416	426	431	/
1A_SB	25	a	370	377	387	391	394	399	404	408	414	417	421	429	435	439
1A_SB	25	d	372	379	388	392	396	400	405	409	415	418	423	431	437	/
1A_SB	26	a	385	392	400	404	407	411	417	421	428	433	438	448	454	458
1A_SB	26	d	387	393	401	405	408	413	418	423	430	435	440	450	455	/
1A_SB	27	a	410	418	428	432	436	441	447	450	456	460	463	473	479	482
1A_SB	27	d	412	420	430	434	438	443	448	451	458	461	464	474	480	/
1A_SB	28	a	426	432	442	447	451	454	460	465	470	473	477	486	491	494
1A_SB	28	d	427	434	444	449	452	455	462	466	471	474	478	487	492	/
1A_SB	29	a	432	439	448	452	457	460	467	471	477	480	484	495	501	506
1A_SB	29	d	434	440	449	454	458	462	469	473	478	481	486	497	503	/
1A_SB	30	a	455	461	469	472	476	479	484	487	492	496	500	510	515	518
1A_SB	30	d	457	463	470	474	477	480	485	488	493	497	501	511	516	/
1A_SB	31	a	463	470	478	481	485	488	493	496	502	506	510	517	522	525
1A_SB	31	d	465	471	479	482	486	489	494	498	504	507	511	518	523	/
1A_SB	32	a	468	475	483	486	490	493	498	502	508	511	514	522	528	531
1A_SB	32	d	470	476	484	487	491	494	499	504	509	512	516	524	529	/
1A_SB	33	a	473	480	488	491	495	498	504	509	516	519	523	533	538	541
1A_SB	33	d	475	481	489	492	496	499	506	511	517	521	525	534	539	/
1A_SB	34	a	479	487	495	499	503	506	512	515	522	525	528	538	543	546
1A_SB	34	d	481	488	497	501	504	507	513	517	523	526	530	539	544	/
1A_SB	35	a	490	498	507	511	515	519	525	530	536	540	544	553	558	561
1A_SB	35	d	492	500	509	513	517	521	527	532	538	541	545	554	559	/
1A_SB	36	a	497	504	513	518	522	525	530	535	541	546	550	559	564	567
1A_SB	36	d	499	506	515	520	523	526	532	537	543	547	551	560	565	/
1A_SB	37	a	516	522	530	533	536	540	546	550	555	559	564	572	577	580
1A_SB	37	d	518	524	531	534	537	541	548	551	557	561	565	573	578	/
1A_SB	38	a	527	533	540	544	547	550	556	560	567	571	576	584	591	594
1A_SB	38	d	529	534	541	545	548	551	558	562	569	573	578	586	592	/
1A_SB	39	a	555	561	570	573	576	579	587	591	597	601	604	615	621	624
1A_SB	39	d	557	563	571	574	577	581	588	592	599	602	606	616	622	/
1A_SB	40	a	585	590	598	601	606	610	615	619	625	629	634	643	649	652
1A_SB	40	d	586	591	599	603	607	611	617	621	627	631	636	645	650	/
1A_SB	41	a	614	620	628	631	635	639	645	650	655	660	664	672	679	682
1A_SB	41	d	615	621	629	633	637	641	647	651	657	661	666	674	680	/
1A_SB	42	a	641	647	656	659	663	667	673	677	682	685	689	700	706	709
1A_SB	42	d	642	648	657	661	665	668	675	678	683	687	691	701	707	/
1A_SB	43	a	659	664	672	675	678	683	690	694	700	704	707	718	723	727
1A_SB	43	d	660	665	673	676	680	684	692	695	702	705	709	719	725	/
1A_SB	44	a	666	671	680	684	687	692	698	702	708	712	716	727	733	736
1A_SB	44	d	667	673	682	685	689	693	700	703	710	714	718	729	734	/
1A_SB	45	a	672	677	686	689	693	697	704	708	715	719	723	733	738	741
1A_SB	45	d	673	679	687	690	694	699	706	710	717	721	724	734	739	/
1A_SB	46	a	677	683	691	694	698	702	709	713	720	724	728	738	743	746
1A_SB	46	d	678	684	692	695	699	704	711	715	722	726	729	739	744	/
1A_SB	47	a	682	688	696	699	703	707	714	718	725	729	733	743	748	751
1A_SB	47	d	683	689	697	700	704	709	716	720	727	731	734	744	749	/
1A_SB	48	a	688	694	703	707	710	714	721	724	731	735	738	747	753	757
1A_SB	48	d	689	695	705	708	712	716	722	726	733	736	739	749	754	/
1A_SB	49	a	693	699	709	712	716	720	727	730	737	740	743	753	758	762
1A_SB	49	d	694	701	710	714	718	722	728	732	738	741	745	754	759	/
1A_SB	50	a	705	710	720	724	728	732	739	742	748	752	756	766	772	777
1A_SB	50	d	706	711	722	725	730	734	740	743	750	753	758	768	774	/
1A_SB	51	a	711	716	727	730	734	737	745	748	754	758	763	772	778	782
1A_SB	51	d	712	718	728	731	735	739	746	750	756	760	764	774	780	/
1A_SB	52	a	724	730	740	743	747	751	758	762	767	770	774	783	789	792
1A_SB	52	d	725	732	741	744	749	752	760	763	768	771	775	784	790	/
1A_SB	53	a	730	736	745	748	752	757	764	767	772	775	780	788	795	799
1A_SB	53	d	731	738	746	750	754	758	765	768	773	777	781	790	796	/
1A_SB	54	a	736	742	751	754	757	762	769	773	779	782	786	795	800	804
1A_SB	54	d	737	744	752	755	759	763	771	775	780	783	788	796	801	/
1A_SB	55	a	746	752	761	765	768	772	778	782	789	793	798	808	813	816
1A_SB	55	d	747	754	763	766	770	774	780	784	791	795	799	809	814	/
1A_SB	56	a	776	781	792	795	799	802	809	813	820	824	828	835	842	846
1A_SB	56	d	777	783	793	796	800	804	810	814	821	825	829	837	843	/
1A_SB	57	a	805	811	820	824	829	833	839	843	848	853	857	866	872	875
1A_SB	57	d	806	813	822	826	830	834	840	844	850	854	858	867	873	/
1A_SB	58	a	834	839	849	854	858	862	868	872	879	882	886	895	902	906
1A_SB	58	d	835	841	851	856	860	864	870	874	880	884	888	897	903	/
1A_SB	59	a	863	869	879	883	887	891	897	902	908	912	916	925	931	936
1A_SB	59	d	864	871	881	885	889	893	899	904	910	914	918	927	933	/
1A_SB	60	a	893	899	907	911	915	920	926	929	936	941	945	955	961	966
1A_SB	60	d	894	901	909	913	917	921	927	931	938	943	947	957	963	/
1A_SB	61	a	922	927	937	941	945	949	956	959	967	970	973	986	992	996
1A_SB	61	d	923	929	938	943	947	951	957	961	968	971	975	987	993	/
1A_SB	62	a	952	957	967	971	975	979	985	989	995	998	1001	1011	1016	1021
1A_SB	62	d	953	959	968	973	977	980	987	990	996	999	1003	1012	1018	/
1A_SB	63	a	979	985	993	996	1000	1004	1011	1015	1021	1024	1029	1037	1044	1049
1A_SB	63	d	980	986	994	998	1001	1006	1012	1017	1022	1026	1030	1039	1046	/
1A_SB	64	a	997	1003	1012	1016	1021	1024	1031	1034	1040	1044	1049	1059	1065	1069
1A_SB	64	d	998	1005	1014	1018	1022	1026	1032	1035	1041	1046	1050	1061	1067	/
1A_NB	1	a	15	19	24	32	39	42	48	52	58	63	67	72	79	83
1A_NB	1	d	16	20	26	33	40	44	49	53	60	64	69	73	80	/
1A_NB	2	a	22	26	32	38	45	49	56	61	68	73	77	80	87	91
1A_NB	2	d	23	28	33	39	47	51	58	63	70	74	78	81	88	/
1A_NB	3	a	35	39	44	51	57	61	67	72	78	81	84	88	97	103
1A_NB	3	d	36	41	45	53	59	63	69	73	79	82	86	90	99	/
1A_NB	4	a	48	53	59	66	72	76	82	87	93	97	101	105	113	118
1A_NB	4	d	49	55	61	68	74	78	84	88	94	98	102	106	114	/
1A_NB	5	a	55	60	66	73	79	82	88	92	99	103	107	110	118	123
1A_NB	5	d	56	62	68	75	80	84	89	94	100	105	108	111	119	/
1A_NB	6	a	71	75	80	88	95	100	106	110	118	121	124	127	136	143
1A_NB	6	d	72	76	82	90	97	101	107	112	119	122	125	129	138	/
1A_NB	7	a	85	90	95	101	108	113	118	122	130	133	138	141	148	154
1A_NB	7	d	87	91	96	103	110	114	120	124	131	135	139	142	149	/
1A_NB	8	a	92	97	103	109	115	119	127	131	138	142	146	149	157	162
1A_NB	8	d	94	99	104	110	116	121	129	132	139	143	147	151	158	/
1A_NB	9	a	120	126	131	137	143	146	152	155	161	165	168	171	179	185
1A_NB	9	d	122	127	132	138	144	147	153	156	163	166	169	173	180	/
1A_NB	10	a	133	138	144	153	158	162	166	170	177	180	184	188	196	203
1A_NB	10	d	135	140	146	154	160	163	167	172	178	181	186	189	198	/
1A_NB	11	a	145	150	157	165	171	176	182	186	193	197	201	206	214	219
1A_NB	11	d	147	152	159	167	173	178	184	188	195	199	203	208	215	/
1A_NB	12	a	167	172	177	185	192	197	202	206	212	217	220	225	233	238
1A_NB	12	d	169	173	178	187	194	198	204	207	214	218	222	227	234	/
1A_NB	13	a	181	186	192	201	207	211	217	220	226	229	233	236	244	249
1A_NB	13	d	182	188	194	202	209	212	218	221	227	230	234	238	245	/
1A_NB	14	a	189	194	200	206	212	216	222	225	232	236	241	244	252	258
1A_NB	14	d	190	195	201	207	214	217	223	227	234	238	242	246	254	/
1A_NB	15	a	213	218	225	233	241	245	251	256	261	264	268	271	280	286
1A_NB	15	d	215	220	227	235	243	247	253	257	262	266	269	273	281	/
1A_NB	16	a	239	245	251	258	263	266	270	274	280	283	286	289	296	301
1A_NB	16	d	241	246	252	259	264	267	271	275	281	284	287	290	297	/
1A_NB	17	a	258	263	268	274	281	284	290	294	300	304	309	312	318	323
1A_NB	17	d	260	264	269	276	282	286	291	296	302	306	310	313	319	/
1A_NB	18	a	263	268	274	281	288	292	298	303	309	313	318	321	327	332
1A_NB	18	d	265	270	275	283	290	294	300	304	311	315	319	322	328	/
1A_NB	19	a	273	279	284	291	297	300	305	310	316	320	324	327	333	339
1A_NB	19	d	275	280	285	292	298	301	307	311	318	321	325	328	335	/
1A_NB	20	a	280	286	291	298	304	307	312	317	325	328	332	336	343	351
1A_NB	20	d	282	287	292	299	305	308	314	319	326	329	333	337	345	/
1A_NB	21	a	290	295	301	308	314	318	322	326	333	337	342	347	355	363
1A_NB	21	d	292	297	302	309	315	319	324	327	334	339	344	349	357	/
1A_NB	22	a	310	315	321	330	335	338	343	347	353	358	363	367	374	379
1A_NB	22	d	311	317	323	332	336	339	344	348	355	360	365	368	375	/
1A_NB	23	a	331	335	340	348	355	358	363	368	373	376	380	383	392	397
1A_NB	23	d	332	336	342	350	356	359	365	369	374	378	381	385	393	/
1A_NB	24	a	359	364	369	378	384	387	392	395	401	404	407	410	417	422
1A_NB	24	d	361	365	370	379	385	388	393	396	402	405	408	411	418	/
1A_NB	25	a	364	369	374	383	389	392	399	403	409	413	417	421	429	436
1A_NB	25	d	366	370	376	384	390	394	401	404	411	415	419	423	431	/
1A_NB	26	a	376	381	386	395	401	404	409	413	419	423	427	431	439	445
1A_NB	26	d	378	382	388	397	402	405	410	414	421	424	429	433	440	/
1A_NB	27	a	383	388	395	403	411	415	421	426	434	437	441	444	451	456
1A_NB	27	d	385	390	397	405	413	417	423	428	435	438	442	445	452	/
1A_NB	28	a	397	402	409	415	422	425	431	435	442	445	449	452	458	463
1A_NB	28	d	399	404	410	416	423	427	432	436	443	446	450	453	459	/
1A_NB	29	a	402	407	413	420	426	430	436	440	447	450	453	457	463	468
1A_NB	29	d	404	409	415	421	428	432	437	441	448	451	455	458	464	/
1A_NB	30	a	408	412	418	426	432	436	442	447	454	457	460	463	469	475
1A_NB	30	d	409	414	420	427	434	438	444	448	455	458	461	464	470	/
1A_NB	31	a	430	434	440	448	453	457	463	467	474	477	481	485	493	499
1A_NB	31	d	431	436	441	449	455	459	465	469	475	479	483	487	495	/
1A_NB	32	a	456	460	467	474	479	482	489	494	499	503	507	510	519	525
1A_NB	32	d	457	462	468	475	480	484	491	495	501	504	508	512	520	/
1A_NB	33	a	466	471	478	485	491	495	501	505	510	514	519	523	532	538
1A_NB	33	d	468	473	479	486	493	496	502	506	511	516	521	525	533	/
1A_NB	34	a	472	477	483	492	499	502	508	513	520	524	529	533	542	548
1A_NB	34	d	474	478	485	494	500	503	510	515	521	526	530	535	543	/
1A_NB	35	a	478	483	490	499	506	510	517	522	529	532	537	542	551	558
1A_NB	35	d	480	485	492	501	508	512	519	524	530	534	539	543	553	/
1A_NB	36	a	490	495	502	510	516	519	526	530	537	540	544	547	556	562
1A_NB	36	d	492	497	503	512	517	521	527	532	538	541	545	548	558	/
1A_NB	37	a	503	508	515	523	528	531	537	541	547	550	554	558	565	570
1A_NB	37	d	505	510	517	524	529	533	538	542	548	551	556	559	566	/
1A_NB	38	a	515	519	525	532	539	542	548	552	559	562	567	570	577	582
1A_NB	38	d	516	520	527	534	540	544	549	554	560	564	568	572	578	/
1A_NB	39	a	532	536	543	551	557	561	566	570	577	580	584	587	595	601
1A_NB	39	d	533	538	545	552	558	562	567	571	578	582	585	589	596	/
1A_NB	40	a	540	545	552	559	565	569	574	578	585	589	593	596	603	609
1A_NB	40	d	541	546	553	560	566	570	575	579	586	590	594	597	604	/
1A_NB	41	a	546	551	558	565	571	575	580	584	590	594	598	601	608	614
1A_NB	41	d	547	552	559	566	573	576	581	585	591	595	599	602	609	/
1A_NB	42	a	554	558	564	571	576	580	585	589	595	599	603	606	613	619
1A_NB	42	d	555	559	565	572	578	581	586	590	596	600	604	607	614	/
1A_NB	43	a	559	563	569	576	581	585	590	594	600	603	608	611	618	623
1A_NB	43	d	560	564	570	577	583	586	591	595	601	605	609	612	619	/
1A_NB	44	a	565	569	575	582	587	592	597	601	607	611	615	618	626	632
1A_NB	44	d	566	570	576	583	589	593	598	602	609	612	616	620	628	/
1A_NB	45	a	572	576	583	592	598	602	608	612	619	624	627	630	638	643
1A_NB	45	d	573	578	585	594	600	604	610	614	621	625	628	631	639	/
1A_NB	46	a	582	586	593	602	607	610	615	619	625	630	634	637	645	651
1A_NB	46	d	583	588	595	603	608	611	616	621	627	631	635	638	647	/
1A_NB	47	a	607	611	616	623	628	633	639	643	649	654	659	663	670	676
1A_NB	47	d	608	612	617	624	630	634	640	644	651	656	661	664	672	/
1A_NB	48	a	624	628	634	642	648	652	658	662	670	673	677	681	688	696
1A_NB	48	d	625	630	636	644	650	654	659	663	671	674	679	682	690	/
1A_NB	49	a	644	648	654	661	666	669	675	680	687	691	696	699	707	713
1A_NB	49	d	645	649	656	662	667	670	677	682	689	693	697	701	709	/
1A_NB	50	a	668	673	680	687	693	697	703	707	714	718	723	726	734	741
1A_NB	50	d	669	675	682	689	695	699	705	709	716	720	724	728	736	/
1A_NB	51	a	698	703	709	717	723	727	733	737	744	748	753	756	765	771
1A_NB	51	d	699	705	710	718	724	728	735	739	745	750	754	758	766	/
1A_NB	52	a	727	731	738	745	751	755	761	766	772	776	779	782	789	795
1A_NB	52	d	728	733	739	747	753	756	763	768	773	777	780	784	790	/
1A_NB	53	a	750	754	761	769	775	780	785	788	794	799	804	807	812	818
1A_NB	53	d	751	755	763	770	777	781	786	789	796	801	805	808	814	/
1A_NB	54	a	778	782	788	796	801	806	811	815	821	825	829	832	838	844
1A_NB	54	d	779	783	790	797	803	807	812	817	823	826	830	833	840	/
1A_NB	55	a	785	789	795	803	809	813	819	823	831	835	839	843	850	855
1A_NB	55	d	786	790	797	805	810	815	820	825	833	836	841	844	851	/
1A_NB	56	a	807	812	818	826	832	836	842	847	853	857	860	864	872	878
1A_NB	56	d	808	813	819	828	834	838	844	848	855	858	862	866	874	/
1A_NB	57	a	829	834	840	847	851	854	859	863	870	875	879	882	889	895
1A_NB	57	d	830	836	842	848	852	855	860	865	872	876	880	883	890	/
1A_NB	58	a	849	853	859	867	873	877	882	886	892	897	900	904	912	919
1A_NB	58	d	850	855	861	869	875	878	883	887	894	898	902	906	914	/
1A_NB	59	a	872	877	884	892	899	902	908	912	920	924	929	933	940	946
1A_NB	59	d	873	879	886	894	900	904	909	914	922	926	931	934	942	/
1A_NB	60	a	900	904	909	917	923	927	933	937	943	948	952	956	965	971
1A_NB	60	d	901	905	910	919	925	929	935	938	945	949	954	958	966	/
1A_NB	61	a	929	933	939	946	951	955	961	966	974	978	981	985	991	997
1A_NB	61	d	930	935	940	947	953	957	963	968	975	979	983	986	993	/
1A_NB	62	a	945	949	956	963	971	974	980	985	991	995	1000	1004	1013	1020
1A_NB	62	d	946	951	958	965	972	976	982	986	992	997	1002	1006	1015	/
1A_NB	63	a	974	979	984	990	996	1001	1006	1010	1017	1022	1026	1030	1037	1042
1A_NB	63	d	975	981	985	991	998	1002	1007	1011	1019	1023	1027	1031	1038	/
1A_NB	64	a	998	1002	1008	1015	1022	1025	1031	1036	1042	1045	1050	1054	1061	1069
1A_NB	64	d	999	1004	1009	1017	1023	1027	1033	1037	1043	1047	1052	1055	1063	/
2A_NB	1	a	4	8	12	17	19	22	28	32	35	46	52	54	56	60	63	66	69	71	75	79	83	86	90	97
2A_NB	1	d	5	9	13	18	20	23	29	33	36	47	53	55	57	61	64	67	70	72	76	80	84	87	91	/
2A_NB	2	a	10	14	18	25	27	31	36	42	46	54	60	63	66	69	72	75	80	83	87	91	95	99	103	110
2A_NB	2	d	11	15	20	26	29	32	38	44	47	55	62	65	67	70	73	77	81	85	88	92	97	100	104	/
2A_NB	3	a	18	22	27	34	37	41	46	51	55	63	70	72	74	77	80	83	87	91	96	100	104	109	113	121
2A_NB	3	d	19	24	29	35	39	42	48	53	56	65	71	73	75	78	81	84	89	93	98	101	106	111	115	/
2A_NB	4	a	24	29	34	40	43	47	54	59	63	73	80	82	84	87	90	93	96	99	103	106	111	115	119	127
2A_NB	4	d	26	31	35	41	45	49	56	61	65	75	81	83	85	88	92	94	97	100	104	108	112	117	121	/
2A_NB	5	a	39	43	47	52	55	59	66	70	74	83	90	93	95	99	102	104	107	110	114	118	123	126	130	138
2A_NB	5	d	40	44	48	53	57	61	68	72	75	85	91	94	97	100	103	105	109	111	115	120	124	128	132	/
2A_NB	6	a	57	62	67	74	77	81	88	92	96	105	111	115	117	120	124	128	131	133	137	141	145	148	152	159
2A_NB	6	d	59	64	69	75	79	83	90	93	97	106	113	116	118	122	126	129	132	134	138	142	146	149	153	/
2A_NB	7	a	65	70	75	81	85	88	94	97	102	111	117	120	124	127	130	133	136	139	142	146	150	153	157	164
2A_NB	7	d	67	72	77	83	86	89	95	99	103	112	118	122	125	128	131	134	137	140	143	147	151	154	158	/
2A_NB	8	a	70	75	80	86	90	93	100	103	107	115	122	125	129	132	135	138	141	144	147	151	156	159	163	170
2A_NB	8	d	72	77	82	88	91	95	101	105	109	117	124	127	130	133	136	139	142	145	148	153	157	160	164	/
2A_NB	9	a	95	99	103	109	112	116	122	125	129	138	146	150	152	155	159	163	167	169	174	178	182	186	189	198
2A_NB	9	d	97	101	105	111	113	118	123	127	131	140	148	151	153	157	161	165	168	171	176	180	183	187	191	/
2A_NB	10	a	126	129	134	139	142	145	150	155	159	168	176	179	182	185	189	193	197	199	203	208	212	215	219	228
2A_NB	10	d	127	131	135	141	143	146	152	157	161	170	178	180	183	186	191	195	198	200	205	209	213	217	221	/
2A_NB	11	a	147	151	154	160	163	166	173	177	182	193	201	204	208	213	218	222	226	228	232	236	240	244	248	257
2A_NB	11	d	148	152	155	162	164	168	174	179	184	195	202	206	210	215	220	223	227	229	233	237	242	246	250	/
2A_NB	12	a	164	167	172	177	179	182	188	193	196	206	213	216	219	223	228	231	235	238	242	247	251	255	259	266
2A_NB	12	d	165	169	173	178	180	184	190	194	198	207	214	218	220	225	229	233	237	240	244	248	253	257	260	/
2A_NB	13	a	177	180	184	190	194	199	206	210	213	222	228	231	234	238	242	245	248	250	253	257	260	264	267	275
2A_NB	13	d	178	181	185	192	196	201	208	211	214	223	230	233	236	239	243	246	249	251	254	258	261	265	269	/
2A_NB	14	a	190	195	199	206	208	212	218	222	226	235	242	246	248	252	256	260	264	267	272	277	282	286	289	296
2A_NB	14	d	192	196	201	207	210	214	220	224	227	237	244	247	250	254	258	262	266	269	274	279	284	287	290	/
2A_NB	15	a	207	212	216	222	225	229	236	240	244	253	260	262	266	269	273	276	280	283	286	291	295	298	301	309
2A_NB	15	d	209	214	217	223	227	230	238	241	245	254	261	264	267	271	274	277	282	284	288	293	296	299	302	/
2A_NB	16	a	214	218	221	228	230	234	242	247	251	260	265	267	271	274	278	281	285	288	292	296	300	303	306	314
2A_NB	16	d	215	219	223	229	232	236	244	248	252	261	266	269	272	276	279	282	287	289	293	298	301	304	307	/
2A_NB	17	a	223	227	232	238	241	245	252	256	261	272	279	282	285	289	293	297	301	304	307	310	314	317	321	327
2A_NB	17	d	224	229	234	240	243	247	253	258	263	274	281	284	286	290	295	298	303	305	308	312	315	318	322	/
2A_NB	18	a	253	257	262	268	271	274	279	283	288	298	304	307	310	314	318	321	324	328	333	337	341	344	347	355
2A_NB	18	d	254	259	264	270	272	275	280	285	290	299	306	309	311	316	319	322	326	330	334	338	342	345	348	/
2A_NB	19	a	279	283	287	293	297	301	308	312	315	323	329	332	334	337	341	344	347	349	353	356	360	364	369	377
2A_NB	19	d	280	284	288	295	299	303	309	313	316	324	330	333	335	339	342	345	348	350	354	357	362	366	371	/
2A_NB	20	a	293	297	300	306	310	315	321	325	329	339	345	347	349	352	357	361	364	367	370	373	377	381	386	393
2A_NB	20	d	295	298	302	308	312	316	322	326	331	340	346	348	350	354	359	362	366	368	371	375	378	383	387	/
2A_NB	21	a	302	307	312	318	321	325	331	335	338	347	353	355	357	361	364	367	371	373	376	380	383	387	391	398
2A_NB	21	d	304	309	314	320	323	326	332	336	339	348	354	356	359	362	365	369	372	374	378	381	384	388	392	/
2A_NB	22	a	308	313	318	325	328	332	338	343	348	358	364	367	370	373	376	378	382	385	388	391	395	399	404	412
2A_NB	22	d	310	315	320	327	330	334	340	345	350	359	365	368	371	374	377	379	383	386	389	393	397	401	406	/
2A_NB	23	a	318	322	327	333	337	341	347	352	357	367	374	377	380	384	389	392	396	398	403	408	412	416	419	428
2A_NB	23	d	320	324	328	335	339	343	349	354	359	369	376	379	382	386	391	394	397	400	405	409	414	417	420	/
2A_NB	24	a	332	336	341	347	351	354	360	364	368	377	384	386	388	392	395	397	401	404	409	413	417	421	425	434
2A_NB	24	d	334	338	342	349	352	355	362	365	369	379	385	387	390	393	396	399	403	406	410	414	419	423	426	/
2A_NB	25	a	357	360	364	370	373	378	384	389	392	401	407	410	413	416	420	423	427	429	433	436	440	444	447	454
2A_NB	25	d	358	361	366	372	375	380	386	390	394	402	409	411	414	418	422	425	428	430	434	437	442	445	448	/
2A_NB	26	a	385	389	393	399	403	406	413	417	422	431	437	440	443	446	450	453	456	458	462	465	469	473	476	484
2A_NB	26	d	386	390	395	401	404	408	414	419	423	432	438	441	444	447	451	454	457	459	463	466	470	474	477	/
2A_NB	27	a	414	417	422	428	432	436	443	447	451	460	466	469	472	475	479	481	484	486	490	493	497	501	504	511
2A_NB	27	d	415	419	424	430	433	438	444	448	452	462	467	471	473	476	480	482	485	487	491	494	498	502	505	/
2A_NB	28	a	421	426	431	436	439	443	449	453	457	466	472	475	478	482	486	488	492	494	498	501	505	509	513	520
2A_NB	28	d	423	428	432	438	441	444	450	454	458	467	473	477	480	483	487	490	493	495	499	502	506	511	514	/
2A_NB	29	a	429	434	439	445	448	453	458	462	466	475	482	486	488	492	497	501	505	508	513	517	520	523	526	533
2A_NB	29	d	431	436	440	447	450	454	459	463	467	477	484	487	490	494	499	503	507	510	514	518	521	524	527	/
2A_NB	30	a	455	459	464	471	473	478	483	487	491	501	508	511	514	518	522	525	529	532	535	539	543	547	550	557
2A_NB	30	d	457	461	466	472	475	479	485	489	493	503	509	513	515	520	523	527	530	533	536	540	545	548	551	/
2A_NB	31	a	475	479	483	490	493	498	504	508	512	525	532	534	536	541	545	549	553	555	559	564	567	571	575	582
2A_NB	31	d	476	480	485	492	495	500	505	509	514	527	533	535	538	543	547	550	554	557	560	565	569	573	576	/
2A_NB	32	a	493	497	502	508	511	514	519	522	526	536	543	546	549	553	556	559	563	566	570	575	580	584	589	595
2A_NB	32	d	494	499	504	509	512	515	520	523	527	538	544	548	550	554	557	561	565	568	572	577	581	586	590	/
2A_NB	33	a	499	503	507	513	515	519	524	528	532	542	547	551	554	557	561	564	568	572	576	580	585	589	594	600
2A_NB	33	d	500	504	509	514	517	520	525	529	533	543	549	553	555	559	562	566	570	573	577	582	586	591	595	/
2A_NB	34	a	505	509	513	518	520	524	529	533	537	547	552	556	559	562	566	569	574	577	581	585	589	594	599	606
2A_NB	34	d	506	510	514	519	522	525	530	534	538	548	554	558	560	564	567	571	575	578	582	587	591	596	600	/
2A_NB	35	a	510	513	518	523	525	529	534	538	542	552	557	561	564	567	571	574	579	582	586	590	594	599	603	611
2A_NB	35	d	511	515	519	524	527	530	535	539	543	553	559	563	565	569	572	576	580	583	588	592	596	601	605	/
2A_NB	36	a	515	518	523	528	531	534	539	543	547	557	562	566	569	572	577	580	584	587	591	595	599	604	608	616
2A_NB	36	d	516	520	524	529	532	535	540	544	548	558	564	568	570	574	578	581	586	589	593	597	601	606	610	/
2A_NB	37	a	520	523	528	534	537	540	546	550	554	565	570	572	574	577	582	585	589	592	596	600	605	609	613	623
2A_NB	37	d	521	525	529	535	538	541	547	551	555	566	571	573	575	579	583	587	591	594	598	602	606	611	615	/
2A_NB	38	a	525	529	533	539	541	546	552	556	560	571	577	579	581	584	587	590	594	597	601	605	610	614	618	628
2A_NB	38	d	526	530	534	540	543	547	553	557	561	572	578	580	582	585	589	592	596	599	603	607	611	616	620	/
2A_NB	39	a	530	534	538	544	546	551	557	560	565	576	582	584	586	589	592	595	599	603	607	610	615	619	623	633
2A_NB	39	d	531	535	539	545	548	552	558	562	566	577	583	585	587	590	594	597	601	604	608	612	617	621	625	/
2A_NB	40	a	539	542	547	554	557	561	568	573	576	585	592	595	598	602	605	608	612	615	619	622	626	629	632	639
2A_NB	40	d	540	544	549	556	559	563	570	574	578	587	594	597	600	603	607	609	613	616	620	623	627	630	633	/
2A_NB	41	a	569	573	577	583	586	590	597	601	605	614	620	623	626	629	634	636	639	641	646	651	654	658	662	670
2A_NB	41	d	570	574	579	584	588	592	598	603	607	615	621	625	627	631	635	637	640	643	648	652	656	660	663	/
2A_NB	42	a	575	579	583	588	592	595	602	607	611	620	627	631	634	637	641	643	646	649	654	658	661	664	667	675
2A_NB	42	d	576	580	584	590	593	597	604	609	613	622	629	632	635	638	642	644	648	651	655	659	662	665	668	/
2A_NB	43	a	580	584	589	596	600	604	610	615	618	626	633	636	639	642	646	649	653	655	659	663	667	670	673	681
2A_NB	43	d	581	585	591	598	602	606	612	616	620	628	634	637	640	643	647	650	654	656	660	664	668	671	674	/
2A_NB	44	a	586	590	596	603	606	609	615	620	623	631	638	641	645	648	651	655	660	662	667	671	676	680	684	691
2A_NB	44	d	587	592	598	604	607	611	617	621	625	633	639	643	646	649	653	657	661	664	668	673	678	681	685	/
2A_NB	45	a	595	599	605	611	614	617	624	628	632	642	648	650	653	656	660	663	668	670	674	678	682	685	690	699
2A_NB	45	d	596	601	606	612	615	619	625	630	634	643	649	651	654	658	661	665	669	671	675	680	683	687	692	/
2A_NB	46	a	606	610	616	622	624	627	634	639	642	652	659	662	665	669	673	676	681	684	688	692	697	701	706	713
2A_NB	46	d	607	612	617	623	625	629	636	640	644	654	660	664	667	671	675	678	682	685	690	694	699	703	707	/
2A_NB	47	a	635	638	643	649	653	657	663	667	671	680	686	688	692	696	699	702	706	709	713	717	721	724	727	735
2A_NB	47	d	636	640	645	651	655	659	665	669	673	681	687	690	693	697	700	703	707	710	714	718	722	725	728	/
2A_NB	48	a	665	668	673	680	683	686	692	696	700	709	716	718	722	725	729	732	735	737	740	744	748	751	754	762
2A_NB	48	d	666	670	675	681	684	687	694	698	702	710	717	720	723	726	730	733	736	738	741	745	749	752	755	/
2A_NB	49	a	695	698	703	709	711	716	722	726	730	739	745	748	750	753	756	759	762	765	769	773	776	779	783	790
2A_NB	49	d	696	700	705	710	713	717	723	727	731	740	746	749	751	754	757	760	763	766	770	774	777	780	784	/
2A_NB	50	a	724	728	732	738	742	745	750	754	758	767	772	774	776	780	783	787	791	793	797	800	804	808	811	819
2A_NB	50	d	725	729	734	740	743	746	751	755	759	768	773	775	777	781	785	788	792	794	798	801	805	809	812	/
2A_NB	51	a	753	756	761	768	771	774	780	783	787	795	801	803	806	810	814	817	820	822	826	830	834	837	840	847
2A_NB	51	d	754	758	763	770	772	776	781	784	788	796	802	804	807	811	815	818	821	823	827	831	835	838	841	/
2A_NB	52	a	763	766	771	777	779	783	788	792	796	807	813	817	820	824	828	832	836	839	843	847	852	855	859	867
2A_NB	52	d	764	768	772	778	780	784	790	793	798	808	815	818	822	825	830	834	838	841	844	849	853	857	861	/
2A_NB	53	a	788	791	796	802	806	810	817	820	824	835	842	845	847	851	856	859	863	867	871	875	879	883	887	893
2A_NB	53	d	789	793	797	804	808	812	818	821	826	837	844	846	848	853	857	860	865	869	872	877	880	884	888	/
2A_NB	54	a	813	816	821	827	831	836	842	846	849	859	865	867	870	873	876	880	884	887	890	895	900	904	907	916
2A_NB	54	d	814	818	822	829	833	838	844	847	851	860	866	868	871	874	878	881	886	888	892	897	902	905	909	/
2A_NB	55	a	839	843	847	853	856	861	867	871	875	884	890	892	894	898	901	904	907	909	913	917	920	923	926	933
2A_NB	55	d	840	844	848	855	858	862	868	872	876	885	891	893	895	899	902	905	908	910	914	918	921	924	927	/
2A_NB	56	a	844	848	852	858	861	866	872	876	880	889	895	897	899	903	907	910	913	915	919	923	926	929	933	943
2A_NB	56	d	845	849	853	860	863	867	873	877	881	890	896	898	900	904	908	911	914	916	920	924	927	931	935	/
2A_NB	57	a	849	853	857	863	866	871	878	883	887	897	904	907	910	915	919	922	926	928	932	936	940	943	946	955
2A_NB	57	d	850	854	859	865	868	872	880	884	888	899	906	909	912	917	920	923	927	929	933	937	941	944	947	/
2A_NB	58	a	854	858	862	868	871	876	884	889	893	904	910	912	915	920	924	927	931	933	937	941	945	948	952	961
2A_NB	58	d	855	859	864	870	873	878	886	891	895	905	911	914	917	922	925	928	932	934	938	942	946	950	953	/
2A_NB	59	a	859	863	868	875	877	882	890	894	898	909	916	919	922	926	929	933	937	939	943	947	950	953	957	966
2A_NB	59	d	860	865	870	876	879	884	891	896	900	911	917	920	923	927	931	934	938	940	944	948	951	955	958	/
2A_NB	60	a	867	871	875	881	884	888	894	899	903	914	921	924	927	931	934	938	943	945	949	953	956	959	963	970
2A_NB	60	d	868	872	876	883	886	890	896	901	905	916	922	925	928	932	936	940	944	946	950	954	957	960	964	/
2A_NB	61	a	872	875	880	887	890	894	900	905	909	920	926	929	931	935	939	943	947	950	954	958	961	964	968	975
2A_NB	61	d	873	877	882	889	892	896	902	907	911	921	927	930	933	937	941	945	949	951	955	959	962	965	969	/
2A_NB	62	a	878	881	886	893	896	900	907	912	916	925	931	934	936	940	944	948	952	955	959	962	966	969	973	980
2A_NB	62	d	879	883	888	895	898	902	909	914	918	926	932	935	938	942	946	950	954	956	960	964	967	970	974	/
2A_NB	63	a	883	886	891	898	902	906	912	917	922	930	936	939	941	945	949	953	957	960	964	967	971	974	978	985
2A_NB	63	d	884	888	893	900	903	907	914	919	923	931	937	940	943	947	951	955	959	961	965	969	972	975	979	/
2A_NB	64	a	888	891	896	903	907	911	917	922	927	935	941	944	946	951	954	958	962	965	969	972	976	980	984	991
2A_NB	64	d	889	893	898	905	908	912	919	924	928	936	942	945	948	952	956	960	964	966	970	974	977	981	985	/
2A_SB	1	a	15	21	26	31	36	38	41	45	50	54	58	62	65	70	74	81	87	90	95	102	105	109	114	118	128
2A_SB	1	d	16	22	28	33	37	40	43	47	51	55	60	63	67	72	75	82	88	92	97	103	106	111	116	120	/
2A_SB	2	a	43	49	55	60	64	68	71	76	80	84	88	90	93	96	101	109	115	119	123	130	134	139	144	148	159
2A_SB	2	d	44	51	57	62	66	70	73	77	81	85	89	91	94	98	102	110	116	120	125	132	136	141	146	150	/
2A_SB	3	a	54	60	66	70	74	76	79	84	89	94	99	103	108	112	115	122	128	132	136	141	144	148	152	156	167
2A_SB	3	d	55	61	68	72	75	78	81	86	91	96	101	105	109	113	116	123	129	133	137	142	145	149	153	158	/
2A_SB	4	a	64	71	78	83	86	89	91	95	100	105	109	113	118	122	126	133	139	143	147	152	154	158	162	166	175
2A_SB	4	d	66	73	80	84	88	90	93	97	102	107	111	115	119	124	127	134	140	144	148	153	155	159	163	167	/
2A_SB	5	a	78	84	91	95	100	103	106	110	114	118	121	124	129	133	137	144	150	153	157	163	165	169	173	177	187
2A_SB	5	d	80	86	93	97	102	105	108	112	115	119	123	126	131	135	138	145	151	154	158	164	166	170	175	179	/
2A_SB	6	a	93	99	105	108	111	113	115	118	121	125	128	131	135	139	143	150	155	159	163	169	172	177	181	185	195
2A_SB	6	d	95	100	106	109	112	114	116	119	122	126	130	132	137	141	144	151	157	160	164	170	174	178	183	186	/
2A_SB	7	a	98	104	110	113	116	118	121	125	129	133	138	140	145	148	151	159	165	168	172	179	182	187	192	196	205
2A_SB	7	d	100	105	111	114	117	120	123	127	130	135	139	142	146	149	152	161	166	169	173	180	184	189	194	197	/
2A_SB	8	a	115	122	129	133	137	139	141	144	147	151	155	157	161	164	168	176	182	185	189	196	199	204	208	211	220
2A_SB	8	d	117	124	131	135	138	140	142	145	148	152	156	158	162	165	169	177	183	186	190	197	200	206	209	212	/
2A_SB	9	a	125	132	138	142	146	149	152	156	159	163	167	170	174	177	181	188	193	196	200	206	209	213	217	220	229
2A_SB	9	d	127	133	140	144	148	151	154	157	160	164	168	171	175	178	182	189	194	197	201	207	210	214	218	221	/
2A_SB	10	a	155	160	165	170	173	175	178	181	184	188	192	195	199	202	206	213	219	223	227	234	238	243	246	249	260
2A_SB	10	d	156	161	167	171	174	176	179	182	185	189	193	196	200	203	208	214	221	225	228	236	240	244	247	250	/
2A_SB	11	a	173	178	184	188	191	194	196	199	203	208	211	214	217	221	224	230	236	239	242	247	249	253	256	259	269
2A_SB	11	d	174	179	186	189	193	195	197	200	205	209	213	215	218	222	225	231	237	240	243	248	250	254	257	260	/
2A_SB	12	a	184	190	196	199	202	205	207	210	213	217	221	223	228	232	235	241	247	251	254	259	261	265	269	273	282
2A_SB	12	d	185	191	197	200	203	206	208	211	214	218	222	225	229	233	236	242	248	252	255	260	262	266	270	274	/
2A_SB	13	a	199	205	211	214	218	221	225	228	232	237	241	245	248	251	254	260	267	272	276	281	284	289	293	297	308
2A_SB	13	d	201	206	212	216	219	223	226	230	234	238	243	246	249	252	255	262	269	273	277	282	285	290	294	298	/
2A_SB	14	a	213	219	226	230	235	238	240	244	247	250	254	257	261	264	268	274	282	286	290	296	298	303	307	312	323
2A_SB	14	d	215	221	227	232	236	239	241	245	248	251	255	258	262	266	269	276	283	287	291	297	299	304	309	313	/
2A_SB	15	a	229	236	243	248	252	256	260	263	266	269	273	275	278	282	286	294	299	303	306	312	315	320	323	327	338
2A_SB	15	d	231	238	245	250	254	258	261	264	267	270	274	276	279	283	287	295	300	304	307	313	316	321	324	328	/
2A_SB	16	a	244	250	257	260	264	268	272	276	280	283	287	290	294	297	301	309	317	321	325	330	333	338	343	347	358
2A_SB	16	d	246	252	258	262	266	270	274	277	281	284	289	291	295	298	302	311	318	322	326	331	335	340	344	348	/
2A_SB	17	a	273	279	285	289	292	294	297	300	304	307	310	312	315	318	321	329	334	338	342	349	352	357	361	366	376
2A_SB	17	d	275	281	287	290	293	295	298	302	305	308	311	313	316	319	322	330	336	340	344	351	354	359	363	367	/
2A_SB	18	a	284	290	296	300	304	308	311	315	319	323	326	328	332	335	339	346	353	356	360	367	370	374	377	380	390
2A_SB	18	d	285	292	298	302	306	310	313	316	320	324	327	329	333	336	340	347	354	357	361	368	371	375	378	381	/
2A_SB	19	a	293	299	305	309	313	317	321	325	330	335	339	343	348	352	356	364	369	373	376	383	386	390	393	397	409
2A_SB	19	d	294	300	307	311	315	319	323	327	332	337	341	345	349	353	357	365	370	374	377	385	387	391	395	399	/
2A_SB	20	a	304	310	317	321	326	330	334	339	344	349	354	357	362	365	369	376	383	386	390	396	399	403	406	409	418
2A_SB	20	d	306	312	319	323	328	332	336	341	346	351	356	359	363	367	370	377	384	387	391	397	400	404	407	410	/
2A_SB	21	a	333	340	346	349	353	357	360	363	366	370	374	377	381	384	388	396	403	406	410	415	418	423	427	430	442
2A_SB	21	d	335	341	347	350	355	359	361	364	367	371	375	378	382	385	389	398	404	407	411	416	420	424	428	432	/
2A_SB	22	a	347	353	360	364	367	370	373	376	380	384	387	391	395	399	403	411	418	421	425	432	434	439	443	446	455
2A_SB	22	d	349	354	361	365	368	371	374	377	381	385	389	393	397	401	404	413	419	423	426	433	435	440	444	447	/
2A_SB	23	a	357	363	370	374	377	380	383	387	391	395	399	402	405	409	413	420	427	430	433	440	442	447	451	454	463
2A_SB	23	d	359	365	371	375	378	381	384	388	392	396	400	403	406	410	414	421	428	431	434	441	443	448	452	455	/
2A_SB	24	a	363	370	376	380	384	388	392	396	400	404	407	410	414	418	422	429	436	440	443	449	451	457	461	464	474
2A_SB	24	d	365	371	377	382	386	390	394	397	401	405	408	411	415	419	423	430	437	441	444	450	453	458	462	466	/
2A_SB	25	a	394	399	405	410	414	418	421	424	427	431	436	439	442	445	449	455	462	467	472	479	482	486	490	494	503
2A_SB	25	d	395	401	407	411	416	419	422	425	428	433	438	440	443	446	450	457	464	469	473	480	483	488	491	495	/
2A_SB	26	a	409	414	421	425	429	433	437	440	444	447	452	454	457	460	463	469	475	478	482	488	491	495	499	502	511
2A_SB	26	d	410	416	423	426	431	435	438	441	445	449	453	455	458	461	464	470	476	479	483	489	492	496	500	503	/
2A_SB	27	a	424	429	435	438	442	445	448	451	455	458	462	464	467	471	475	482	488	491	495	500	503	508	512	516	525
2A_SB	27	d	425	431	436	439	443	446	449	452	456	459	463	465	468	472	476	483	489	492	496	501	504	509	514	517	/
2A_SB	28	a	429	434	441	444	448	451	454	457	461	464	468	470	473	477	481	490	496	501	504	509	512	517	521	524	534
2A_SB	28	d	430	436	442	445	449	453	455	458	462	465	469	471	474	478	483	491	498	502	505	510	513	518	522	525	/
2A_SB	29	a	437	442	449	453	457	459	461	464	468	472	476	478	481	484	488	496	503	507	510	517	521	526	530	533	543
2A_SB	29	d	438	444	451	455	458	460	462	465	469	473	477	479	482	485	489	498	504	508	512	519	522	528	531	534	/
2A_SB	30	a	441	447	454	458	462	464	467	471	475	479	482	484	488	491	495	503	510	514	519	525	528	533	536	539	550
2A_SB	30	d	443	449	456	460	463	465	468	472	476	480	483	485	489	492	497	505	512	516	520	526	529	534	537	540	/
2A_SB	31	a	447	453	459	463	468	470	473	477	481	485	488	490	494	498	502	509	515	519	524	529	533	538	541	545	557
2A_SB	31	d	449	454	461	465	469	471	474	478	482	486	489	491	495	500	503	510	517	521	525	531	534	539	543	547	/
2A_SB	32	a	453	460	466	470	475	478	481	484	488	492	495	497	500	504	507	514	520	524	528	534	538	543	547	551	562
2A_SB	32	d	455	461	467	472	477	479	482	485	489	493	496	498	501	505	508	515	522	526	530	536	539	544	549	552	/
2A_SB	33	a	467	473	479	482	485	487	490	494	497	501	504	506	509	512	515	523	529	533	536	541	545	550	554	558	568
2A_SB	33	d	469	474	480	483	486	488	492	495	498	502	505	507	510	513	517	524	531	534	537	543	546	551	555	559	/
2A_SB	34	a	476	482	487	491	494	497	499	502	505	510	513	515	519	522	526	534	540	544	549	554	556	561	564	569	578
2A_SB	34	d	478	483	489	492	496	498	500	503	507	511	514	516	520	524	528	536	542	546	550	555	557	562	566	570	/
2A_SB	35	a	481	488	493	498	501	503	505	508	511	515	518	520	524	528	532	540	546	550	554	559	561	566	570	574	583
2A_SB	35	d	483	489	495	499	502	504	506	509	512	516	519	521	526	529	534	542	548	551	555	560	562	568	571	575	/
2A_SB	36	a	487	493	498	503	506	508	510	513	516	520	523	525	530	533	537	545	551	555	560	565	568	573	576	581	590
2A_SB	36	d	488	494	500	504	507	509	511	514	517	521	524	527	531	534	539	547	553	557	561	567	570	574	578	582	/
2A_SB	37	a	492	498	504	508	511	513	516	519	522	526	530	533	537	540	544	552	558	562	566	571	574	578	581	586	595
2A_SB	37	d	493	499	505	509	512	514	517	520	523	527	531	534	538	542	546	554	559	563	567	572	575	579	583	587	/
2A_SB	38	a	501	506	513	518	522	524	527	530	533	536	540	543	547	550	553	560	565	569	573	578	581	585	588	591	600
2A_SB	38	d	502	508	515	520	523	525	528	531	534	537	541	544	548	551	554	561	566	570	574	579	582	586	589	592	/
2A_SB	39	a	506	511	519	524	527	530	533	536	539	542	546	549	553	556	560	568	574	578	583	591	594	598	601	605	614
2A_SB	39	d	507	513	521	525	528	531	534	537	540	543	547	550	554	557	562	570	576	580	585	592	595	599	603	607	/
2A_SB	40	a	514	520	527	532	535	538	541	545	549	552	556	558	561	564	568	575	580	584	589	597	601	605	609	613	623
2A_SB	40	d	515	521	529	533	536	539	543	546	550	553	557	559	562	565	569	576	582	586	591	599	602	606	611	615	/
2A_SB	41	a	526	531	538	542	546	549	552	556	561	565	569	572	575	580	584	594	600	604	609	614	617	621	625	630	640
2A_SB	41	d	527	533	540	544	548	551	554	558	562	567	571	573	577	582	586	595	601	606	610	615	618	623	627	632	/
2A_SB	42	a	545	550	556	561	565	568	571	575	579	583	586	589	594	597	601	609	616	619	624	630	634	640	644	648	656
2A_SB	42	d	546	551	558	562	567	569	573	577	581	584	588	591	595	599	603	611	617	621	626	632	636	641	646	649	/
2A_SB	43	a	554	560	567	572	576	579	583	587	590	595	599	601	604	607	611	618	625	628	633	640	643	649	652	655	663
2A_SB	43	d	555	562	569	574	578	581	585	588	592	597	600	602	605	608	612	620	626	630	635	641	645	650	653	656	/
2A_SB	44	a	584	590	595	598	602	605	609	612	615	620	625	627	631	635	639	646	652	655	659	666	670	674	678	682	692
2A_SB	44	d	585	591	596	599	603	607	610	613	617	622	626	629	632	637	640	647	653	657	661	668	671	676	680	684	/
2A_SB	45	a	591	597	602	605	608	612	616	619	622	627	632	634	637	642	645	654	661	665	668	674	678	682	685	688	697
2A_SB	45	d	592	598	603	606	610	614	617	620	624	629	633	635	639	643	647	656	662	666	669	676	679	683	686	690	/
2A_SB	46	a	596	602	610	614	618	622	624	627	631	634	639	641	644	647	650	659	666	671	675	682	685	690	694	699	707
2A_SB	46	d	597	604	612	616	620	623	625	629	632	636	640	642	645	648	652	661	668	673	676	683	687	691	696	700	/
2A_SB	47	a	607	613	621	624	628	632	635	639	642	645	649	651	654	658	663	671	678	682	686	693	696	700	704	708	717
2A_SB	47	d	608	615	622	626	630	633	636	640	643	646	650	652	656	660	665	673	680	683	687	694	697	701	705	709	/
2A_SB	48	a	614	619	627	631	635	639	643	647	650	654	658	660	664	668	672	679	684	687	691	697	701	705	709	713	722
2A_SB	48	d	615	621	629	633	637	641	645	648	651	655	659	661	665	669	673	680	685	688	693	699	702	706	710	714	/
2A_SB	49	a	623	628	635	638	641	644	648	652	656	661	665	668	673	677	680	687	692	695	698	703	707	711	715	719	729
2A_SB	49	d	624	630	636	639	642	646	650	654	658	663	667	670	675	678	681	688	693	696	699	705	708	712	716	720	/
2A_SB	50	a	628	633	640	643	646	649	653	657	661	666	670	673	678	682	685	692	697	700	703	708	712	716	720	724	734
2A_SB	50	d	629	635	641	644	647	651	655	659	663	668	672	675	680	683	686	693	698	701	704	710	713	717	721	725	/
2A_SB	51	a	653	658	665	669	673	677	680	684	688	693	696	698	702	705	709	718	724	728	731	736	739	743	748	752	763
2A_SB	51	d	654	660	667	671	675	678	682	686	690	694	697	699	703	706	710	720	725	729	732	737	740	745	750	754	/
2A_SB	52	a	682	688	695	698	701	704	707	710	713	718	722	724	728	733	738	745	750	754	759	765	768	773	778	783	793
2A_SB	52	d	683	690	696	699	702	705	708	711	715	720	723	725	730	735	739	746	752	756	761	767	770	775	780	784	/
2A_SB	53	a	687	693	700	703	706	708	712	715	718	723	727	730	735	739	744	751	757	760	764	771	774	779	783	788	798
2A_SB	53	d	688	695	701	704	707	710	713	716	720	725	729	732	737	741	745	752	758	761	766	773	776	781	785	789	/
2A_SB	54	a	707	712	718	721	725	727	730	734	738	742	747	750	754	758	763	769	776	779	783	790	793	799	804	808	818
2A_SB	54	d	708	713	719	723	726	729	732	735	740	744	749	752	756	760	764	771	777	780	784	791	795	801	805	810	/
2A_SB	55	a	737	742	747	751	754	756	759	762	767	771	775	779	784	788	793	800	806	809	812	819	823	828	831	835	844
2A_SB	55	d	738	743	749	752	755	757	760	764	768	773	777	781	786	790	794	801	807	810	813	821	825	829	832	836	/
2A_SB	56	a	742	747	752	757	760	762	765	769	773	778	783	785	790	794	798	805	811	814	817	824	828	833	836	840	849
2A_SB	56	d	743	748	754	758	761	763	766	771	775	780	784	787	792	796	799	806	812	815	818	826	830	834	837	841	/
2A_SB	57	a	748	753	759	763	767	770	774	778	782	786	791	793	798	801	805	812	818	822	826	833	836	840	843	846	855
2A_SB	57	d	749	754	760	765	768	772	775	780	783	788	792	795	799	803	806	813	820	824	828	834	837	841	844	847	/
2A_SB	58	a	753	759	766	770	774	777	781	785	788	792	796	799	804	808	811	818	824	829	832	839	843	847	851	855	865
2A_SB	58	d	754	761	768	772	775	779	782	786	789	793	797	801	806	809	812	819	826	830	834	841	844	849	853	857	/
2A_SB	59	a	779	785	790	793	797	799	803	807	812	816	820	822	827	831	835	841	846	850	853	859	862	868	871	875	884
2A_SB	59	d	780	786	791	795	798	801	805	809	813	818	821	824	828	833	836	842	847	851	854	860	864	869	872	876	/
2A_SB	60	a	787	793	798	801	804	807	810	814	817	821	825	828	832	837	841	849	855	858	862	868	872	877	880	884	894
2A_SB	60	d	788	794	799	802	806	808	811	815	818	823	827	830	834	839	842	851	856	859	863	870	874	878	881	885	/
2A_SB	61	a	810	815	822	826	829	833	837	841	845	850	855	858	862	867	870	876	883	888	892	898	901	905	909	912	922
2A_SB	61	d	811	817	823	827	831	835	839	843	847	852	857	860	864	868	871	878	885	889	893	899	902	906	910	913	/
2A_SB	62	a	840	845	851	855	859	862	866	871	875	880	885	888	892	896	900	907	913	916	920	925	928	933	937	941	950
2A_SB	62	d	841	847	853	857	861	864	868	873	877	882	887	890	894	898	901	908	914	917	921	926	930	934	938	942	/
2A_SB	63	a	869	874	880	884	888	891	893	897	901	905	910	912	915	919	922	929	935	939	943	949	952	958	962	966	978
2A_SB	63	d	870	875	881	885	889	892	894	898	902	906	911	913	916	920	923	931	937	941	945	950	954	960	963	967	/
2A_SB	64	a	874	879	886	890	895	898	902	905	909	913	918	921	925	930	933	940	946	949	952	957	961	966	970	974	985
2A_SB	64	d	875	881	887	892	896	900	903	907	910	914	920	922	927	931	934	942	947	950	953	959	962	968	971	976	/
3A_SB	1	a	26	31	35	40	45	48	50	54	58	61	66	69	74	82	86
3A_SB	1	d	27	32	37	42	46	49	52	55	60	62	67	71	76	83	/
3A_SB	2	a	48	54	58	62	65	68	71	76	81	83	88	91	94	100	103
3A_SB	2	d	49	55	59	63	67	70	73	78	82	84	89	92	95	101	/
3A_SB	3	a	72	77	81	86	90	93	97	101	106	108	113	116	119	124	129
3A_SB	3	d	73	78	83	88	92	95	99	103	107	109	114	117	120	126	/
3A_SB	4	a	77	83	88	92	96	99	103	108	112	115	121	125	128	133	137
3A_SB	4	d	78	85	89	94	98	101	105	110	114	117	123	126	129	135	/
3A_SB	5	a	88	94	99	103	106	109	111	115	119	122	127	130	133	138	142
3A_SB	5	d	89	96	100	104	108	110	112	117	120	123	128	131	134	140	/
3A_SB	6	a	100	106	110	114	118	121	123	127	131	134	139	142	145	150	154
3A_SB	6	d	101	108	111	115	120	122	124	128	132	135	140	143	146	151	/
3A_SB	7	a	122	127	130	134	137	139	141	144	147	149	154	158	162	169	173
3A_SB	7	d	123	128	131	135	138	140	142	145	148	150	156	160	164	170	/
3A_SB	8	a	129	134	138	141	145	147	149	152	156	158	163	166	170	177	182
3A_SB	8	d	130	136	139	143	146	148	150	153	157	159	164	168	172	179	/
3A_SB	9	a	145	150	153	157	161	163	166	169	173	175	180	183	187	192	196
3A_SB	9	d	146	151	154	158	162	164	167	170	174	176	181	184	188	193	/
3A_SB	10	a	152	157	161	166	170	173	177	181	186	188	192	195	198	204	207
3A_SB	10	d	153	159	163	168	172	175	179	183	187	189	193	196	199	205	/
3A_SB	11	a	176	181	186	190	194	198	201	206	210	212	217	221	225	230	234
3A_SB	11	d	177	183	188	192	196	200	203	208	211	213	218	222	226	232	/
3A_SB	12	a	200	206	211	215	219	222	224	227	230	232	237	240	243	249	253
3A_SB	12	d	201	208	212	216	220	223	225	228	231	233	238	241	244	250	/
3A_SB	13	a	205	211	215	220	224	228	232	235	239	241	246	249	252	258	261
3A_SB	13	d	206	213	217	221	226	230	233	237	240	242	247	250	253	259	/
3A_SB	14	a	223	228	233	237	242	245	248	252	256	258	264	268	272	279	282
3A_SB	14	d	224	230	234	239	243	247	250	254	257	260	266	269	274	280	/
3A_SB	15	a	247	253	256	260	264	267	270	274	278	280	285	289	292	298	302
3A_SB	15	d	248	254	257	261	265	268	271	275	279	281	286	290	294	300	/
3A_SB	16	a	258	263	268	272	276	278	281	286	290	292	296	300	303	309	312
3A_SB	16	d	259	265	269	273	277	279	283	288	291	293	297	301	304	310	/
3A_SB	17	a	268	273	277	281	285	288	290	294	297	299	304	309	313	319	323
3A_SB	17	d	269	275	278	282	286	289	291	295	298	300	306	311	315	321	/
3A_SB	18	a	277	282	286	290	293	296	298	302	306	308	313	317	320	325	328
3A_SB	18	d	278	284	287	291	294	297	299	303	307	309	314	318	321	326	/
3A_SB	19	a	294	298	303	307	311	314	317	321	326	329	333	337	341	347	352
3A_SB	19	d	295	300	304	309	313	316	319	323	328	330	334	338	342	349	/
3A_SB	20	a	316	320	325	329	332	334	336	339	344	346	350	353	356	361	364
3A_SB	20	d	317	322	326	330	333	335	337	341	345	347	351	354	357	362	/
3A_SB	21	a	327	331	336	340	344	348	352	356	361	363	368	371	374	380	384
3A_SB	21	d	328	333	338	342	346	350	354	358	362	364	369	372	375	381	/
3A_SB	22	a	342	347	352	356	360	363	365	369	374	376	381	385	388	394	398
3A_SB	22	d	343	349	353	358	362	364	367	371	375	377	382	386	389	395	/
3A_SB	23	a	362	367	371	376	380	383	385	389	393	395	400	403	406	411	414
3A_SB	23	d	363	369	373	378	381	384	386	390	394	396	401	404	407	412	/
3A_SB	24	a	379	385	390	394	397	399	401	404	408	410	415	418	421	428	432
3A_SB	24	d	380	387	391	395	398	400	402	405	409	411	416	419	423	429	/
3A_SB	25	a	390	395	398	402	405	407	409	413	418	420	425	428	431	437	440
3A_SB	25	d	391	396	399	403	406	408	410	415	419	421	426	429	432	438	/
3A_SB	26	a	397	402	405	410	413	415	418	422	427	429	434	437	441	447	451
3A_SB	26	d	398	403	407	411	414	417	420	424	428	430	435	438	442	449	/
3A_SB	27	a	419	424	427	432	436	440	444	449	454	456	460	463	466	473	476
3A_SB	27	d	420	425	429	434	438	442	446	451	455	457	461	464	467	474	/
3A_SB	28	a	441	447	452	456	459	461	464	468	472	474	478	482	486	493	497
3A_SB	28	d	442	449	453	457	460	462	465	470	473	475	480	484	488	495	/
3A_SB	29	a	452	457	460	464	467	469	471	475	479	481	486	489	492	498	502
3A_SB	29	d	453	458	461	465	468	470	472	477	480	482	487	490	493	500	/
3A_SB	30	a	462	467	472	476	480	483	485	488	491	493	499	504	508	514	518
3A_SB	30	d	463	469	473	478	481	484	486	489	492	495	501	506	510	515	/
3A_SB	31	a	478	484	488	491	494	497	499	503	506	508	513	518	522	528	533
3A_SB	31	d	479	486	489	492	495	498	500	504	507	509	515	520	524	530	/
3A_SB	32	a	488	494	498	502	506	509	512	516	520	522	527	531	534	541	545
3A_SB	32	d	489	495	499	503	507	510	513	517	521	523	528	532	536	543	/
3A_SB	33	a	499	505	509	513	516	518	521	526	531	533	538	542	545	550	553
3A_SB	33	d	500	506	510	514	517	519	523	528	532	534	540	543	546	551	/
3A_SB	34	a	507	513	517	521	524	527	529	532	537	539	545	548	551	556	559
3A_SB	34	d	508	514	518	522	525	528	530	534	538	540	546	549	552	557	/
3A_SB	35	a	512	517	522	526	530	533	535	538	542	544	550	553	556	562	565
3A_SB	35	d	513	519	523	527	531	534	536	539	543	545	551	554	557	563	/
3A_SB	36	a	526	531	535	540	544	546	549	552	556	559	565	570	574	579	582
3A_SB	36	d	527	532	537	542	545	547	550	553	557	561	567	572	575	580	/
3A_SB	37	a	533	538	542	546	550	553	556	561	565	568	573	577	580	585	589
3A_SB	37	d	534	539	544	548	552	555	558	562	566	569	574	578	581	586	/
3A_SB	38	a	543	548	552	555	558	560	563	568	573	575	582	586	590	597	601
3A_SB	38	d	544	549	553	556	559	562	565	570	574	577	583	588	592	598	/
3A_SB	39	a	551	556	560	564	567	569	571	575	580	582	588	592	596	603	607
3A_SB	39	d	552	558	561	565	568	570	572	577	581	583	590	594	598	604	/
3A_SB	40	a	556	561	565	569	573	575	577	581	585	588	593	597	601	607	612
3A_SB	40	d	557	563	566	570	574	576	578	582	587	590	595	599	603	609	/
3A_SB	41	a	561	566	570	574	578	580	583	588	592	594	598	602	606	612	617
3A_SB	41	d	562	568	571	575	579	582	585	589	593	595	600	604	608	614	/
3A_SB	42	a	566	571	576	580	584	587	589	593	597	599	604	607	611	617	621
3A_SB	42	d	567	573	577	581	585	588	590	594	598	600	605	609	613	619	/
3A_SB	43	a	573	578	582	587	591	594	597	602	607	609	615	620	624	629	633
3A_SB	43	d	574	579	584	589	592	596	599	604	608	611	617	622	625	630	/
3A_SB	44	a	597	602	607	611	615	617	620	623	628	632	637	640	644	650	654
3A_SB	44	d	598	604	608	613	616	618	621	625	630	633	638	642	646	652	/
3A_SB	45	a	610	615	619	624	628	632	635	639	644	647	652	655	659	666	671
3A_SB	45	d	611	617	621	626	630	634	637	641	645	648	653	656	661	668	/
3A_SB	46	a	634	639	642	645	648	651	654	657	661	664	669	672	675	682	685
3A_SB	46	d	635	640	643	646	650	652	655	658	662	665	670	673	676	683	/
3A_SB	47	a	639	644	648	652	655	657	660	664	667	670	675	678	681	688	691
3A_SB	47	d	640	645	649	653	656	658	661	665	668	671	676	679	682	689	/
3A_SB	48	a	649	655	659	664	668	670	672	677	682	685	690	693	696	703	707
3A_SB	48	d	650	656	661	665	669	671	674	679	683	687	691	694	698	705	/
3A_SB	49	a	666	671	676	681	685	688	691	696	700	703	708	712	715	722	726
3A_SB	49	d	667	673	678	683	687	689	693	697	702	704	710	713	717	724	/
3A_SB	50	a	671	676	681	686	690	694	697	701	705	709	714	717	721	727	731
3A_SB	50	d	672	678	683	688	692	695	698	702	707	710	715	719	723	729	/
3A_SB	51	a	683	688	692	695	698	701	704	708	712	715	720	723	726	732	736
3A_SB	51	d	684	690	693	696	699	702	705	709	713	716	721	724	728	734	/
3A_SB	52	a	688	693	697	700	703	707	709	713	717	720	724	728	731	737	741
3A_SB	52	d	689	695	698	701	705	708	710	714	718	721	726	729	733	739	/
3A_SB	53	a	693	699	702	705	708	712	714	718	722	725	729	733	736	743	746
3A_SB	53	d	694	700	703	706	710	713	715	719	723	726	731	734	738	744	/
3A_SB	54	a	698	704	708	712	715	718	720	723	727	730	734	738	741	748	751
3A_SB	54	d	699	705	709	713	716	719	721	724	728	731	736	739	743	749	/
3A_SB	55	a	704	709	713	717	720	723	726	729	733	736	741	744	748	755	758
3A_SB	55	d	705	710	714	718	721	724	727	730	734	737	742	746	750	756	/
3A_SB	56	a	709	714	718	723	726	729	732	735	739	741	746	749	754	760	763
3A_SB	56	d	710	715	720	724	727	730	733	736	740	742	747	751	755	761	/
3A_SB	57	a	726	731	735	739	743	746	748	753	757	759	764	768	772	778	781
3A_SB	57	d	727	733	737	741	745	747	750	754	758	760	765	769	773	779	/
3A_SB	58	a	754	760	764	769	773	776	778	783	787	789	793	798	801	807	812
3A_SB	58	d	755	761	766	771	775	777	780	784	788	790	795	799	802	809	/
3A_SB	59	a	759	765	769	774	778	781	783	788	792	794	799	803	806	812	816
3A_SB	59	d	760	766	771	776	780	782	785	789	793	795	800	804	807	814	/
3A_SB	60	a	764	770	774	779	784	786	788	793	797	799	804	808	811	817	821
3A_SB	60	d	765	771	776	781	785	787	790	794	798	800	805	809	812	819	/
3A_SB	61	a	769	775	779	784	789	791	793	797	802	804	809	812	816	822	826
3A_SB	61	d	770	776	781	786	790	792	795	799	803	805	810	814	817	824	/
3A_SB	62	a	774	780	784	789	794	796	799	802	807	809	814	817	821	827	831
3A_SB	62	d	775	781	786	791	795	797	800	804	808	810	815	819	822	829	/
3A_SB	63	a	780	786	790	794	798	801	805	808	812	815	821	824	828	833	836
3A_SB	63	d	781	787	791	796	800	803	806	809	814	817	822	826	829	834	/
3A_SB	64	a	786	792	797	801	805	807	810	815	820	823	829	833	837	842	846
3A_SB	64	d	787	794	798	803	806	808	812	817	822	825	831	835	838	844	/
3A_NB	1	a	14	18	21	25	29	32	36	39	42	46	50	55	59	63	68	72	76
3A_NB	1	d	15	19	23	27	30	34	37	41	43	48	52	56	61	64	70	73	/
3A_NB	2	a	22	26	30	34	39	43	48	53	57	62	67	72	77	81	87	91	95
3A_NB	2	d	23	28	32	36	41	45	50	55	59	64	69	74	79	83	89	93	/
3A_NB	3	a	43	47	52	56	60	64	69	73	77	82	85	89	92	94	98	102	105
3A_NB	3	d	44	49	54	58	62	66	71	75	78	83	86	90	93	95	99	103	/
3A_NB	4	a	68	71	76	81	85	89	94	98	101	106	110	113	117	120	125	129	132
3A_NB	4	d	69	73	78	83	87	91	96	100	103	107	111	114	118	121	126	130	/
3A_NB	5	a	83	86	90	95	98	101	106	111	115	120	124	128	131	133	138	141	145
3A_NB	5	d	84	88	92	96	99	103	108	113	117	121	125	129	132	134	139	142	/
3A_NB	6	a	88	91	95	100	103	106	111	116	120	125	130	134	139	143	149	153	157
3A_NB	6	d	89	93	97	101	104	108	113	118	122	127	131	136	141	145	151	154	/
3A_NB	7	a	111	114	118	122	125	128	132	136	138	142	146	150	153	156	161	165	170
3A_NB	7	d	112	116	120	123	126	129	133	137	139	143	147	151	155	158	163	167	/
3A_NB	8	a	119	123	127	130	133	136	140	143	145	149	153	157	161	163	167	171	176
3A_NB	8	d	120	124	128	131	134	137	141	144	146	150	154	159	162	164	168	173	/
3A_NB	9	a	124	128	132	135	138	142	146	149	152	156	160	164	167	169	174	178	183
3A_NB	9	d	125	129	133	136	140	143	147	150	153	157	161	165	168	170	175	180	/
3A_NB	10	a	143	146	150	154	157	160	163	166	169	173	176	179	183	186	191	195	198
3A_NB	10	d	144	147	152	155	158	161	164	168	170	174	177	180	184	187	192	196	/
3A_NB	11	a	149	153	158	161	164	168	173	178	182	187	190	194	198	200	206	210	213
3A_NB	11	d	150	155	159	162	166	170	175	180	183	188	192	195	199	202	208	211	/
3A_NB	12	a	173	176	181	185	190	193	198	203	206	211	215	219	222	224	228	231	236
3A_NB	12	d	174	178	183	187	191	195	200	205	208	212	216	220	223	225	229	233	/
3A_NB	13	a	194	198	201	204	209	214	217	220	224	229	232	236	239	242	246	250	254
3A_NB	13	d	195	199	202	206	211	215	218	222	226	230	233	237	240	243	247	251	/
3A_NB	14	a	209	212	215	218	221	225	229	233	235	240	244	248	251	254	259	262	267
3A_NB	14	d	210	213	216	219	222	226	230	234	237	241	245	249	252	255	260	264	/
3A_NB	15	a	230	233	237	240	243	246	249	252	255	259	262	266	269	272	276	279	283
3A_NB	15	d	231	234	238	241	244	247	250	253	256	260	263	267	270	273	277	280	/
3A_NB	16	a	238	241	245	249	252	256	260	265	268	273	277	281	285	288	292	295	299
3A_NB	16	d	239	243	247	250	254	257	262	267	270	274	278	282	286	289	293	297	/
3A_NB	17	a	260	264	268	272	275	279	282	285	288	292	296	299	303	306	310	314	319
3A_NB	17	d	261	266	270	273	277	280	283	286	289	293	297	300	304	307	311	316	/
3A_NB	18	a	269	273	277	280	284	288	292	297	301	307	311	314	318	321	326	331	335
3A_NB	18	d	270	275	278	282	285	289	294	299	303	308	312	316	319	323	328	332	/
3A_NB	19	a	289	293	297	301	305	310	315	318	321	326	330	333	336	339	343	347	350
3A_NB	19	d	290	295	299	303	307	312	316	320	323	327	331	334	337	340	344	348	/
3A_NB	20	a	307	311	315	318	323	328	332	336	339	344	347	351	354	356	361	365	368
3A_NB	20	d	308	313	316	320	325	330	334	338	341	345	348	352	355	357	362	366	/
3A_NB	21	a	327	331	335	339	343	348	352	356	358	363	367	371	374	377	381	385	388
3A_NB	21	d	328	333	337	341	345	350	354	357	360	364	368	372	375	378	382	386	/
3A_NB	22	a	334	338	341	344	348	353	357	361	365	370	375	380	385	389	394	399	403
3A_NB	22	d	335	339	342	346	350	355	359	363	367	372	377	382	387	391	396	400	/
3A_NB	23	a	357	360	364	368	372	376	380	385	388	394	397	401	405	407	411	414	417
3A_NB	23	d	358	362	366	370	374	378	382	386	390	395	398	402	406	408	412	415	/
3A_NB	24	a	382	385	388	392	396	399	404	409	413	419	422	426	429	432	436	440	443
3A_NB	24	d	383	386	390	393	397	401	406	411	415	420	423	427	430	433	437	441	/
3A_NB	25	a	396	400	403	406	409	412	415	419	422	428	431	435	439	441	447	452	455
3A_NB	25	d	397	401	404	407	410	413	416	420	424	429	432	436	440	443	449	453	/
3A_NB	26	a	414	418	422	426	431	436	440	445	449	454	457	460	464	466	471	475	480
3A_NB	26	d	415	420	424	428	433	438	442	447	451	455	458	461	465	467	472	477	/
3A_NB	27	a	426	430	433	437	441	444	447	451	454	459	462	466	471	473	478	482	486
3A_NB	27	d	427	431	435	438	442	445	448	453	456	460	464	468	472	474	479	483	/
3A_NB	28	a	431	435	439	442	447	451	455	460	463	468	471	474	478	480	484	488	493
3A_NB	28	d	432	436	440	444	449	453	457	462	465	469	472	475	479	481	485	490	/
3A_NB	29	a	443	447	452	457	461	465	468	471	475	480	484	488	492	494	499	503	508
3A_NB	29	d	444	449	454	459	462	466	469	473	477	481	485	489	493	495	500	505	/
3A_NB	30	a	458	462	467	471	475	480	483	486	489	493	497	502	505	508	513	516	519
3A_NB	30	d	459	464	469	473	477	481	484	487	490	494	499	503	506	509	514	517	/
3A_NB	31	a	468	472	475	479	483	486	489	492	495	500	504	508	511	514	520	523	528
3A_NB	31	d	469	473	477	480	484	487	490	493	497	501	505	509	513	516	521	525	/
3A_NB	32	a	476	480	483	488	492	496	499	504	508	512	516	520	523	525	529	533	538
3A_NB	32	d	477	481	485	489	494	497	501	506	509	513	517	521	524	526	530	535	/
3A_NB	33	a	483	486	489	493	497	501	505	510	514	519	523	527	530	532	536	540	543
3A_NB	33	d	484	487	490	494	499	503	507	512	516	520	524	528	531	533	537	541	/
3A_NB	34	a	494	497	500	503	508	512	515	519	522	527	531	536	539	543	548	552	555
3A_NB	34	d	495	498	501	505	510	513	516	520	524	528	533	537	541	545	549	553	/
3A_NB	35	a	503	506	509	513	516	519	523	528	532	537	541	544	547	550	554	558	562
3A_NB	35	d	504	507	510	514	517	521	525	530	534	538	542	545	548	551	555	559	/
3A_NB	36	a	511	515	519	524	528	533	537	542	545	549	553	558	563	566	572	575	580
3A_NB	36	d	512	517	521	526	530	535	539	544	546	550	555	560	565	568	573	577	/
3A_NB	37	a	520	524	529	534	538	542	546	550	553	558	561	565	569	572	577	580	585
3A_NB	37	d	521	526	531	536	539	544	548	552	555	559	562	566	570	573	578	582	/
3A_NB	38	a	530	534	539	543	547	551	555	558	561	565	569	574	579	583	588	592	596
3A_NB	38	d	531	536	540	545	549	553	556	559	562	567	571	576	581	585	589	593	/
3A_NB	39	a	535	539	544	549	553	557	561	565	569	573	576	580	585	589	593	597	601
3A_NB	39	d	536	541	546	551	555	559	563	567	570	574	577	582	587	590	594	598	/
3A_NB	40	a	541	545	549	554	558	562	566	570	573	578	581	585	590	594	598	602	605
3A_NB	40	d	542	546	551	556	560	564	568	572	575	579	582	587	592	595	599	603	/
3A_NB	41	a	546	550	555	559	563	567	571	575	578	583	586	590	595	599	604	608	611
3A_NB	41	d	547	552	557	561	565	569	573	577	580	584	587	592	597	600	605	609	/
3A_NB	42	a	552	556	560	564	568	573	576	580	583	589	592	596	600	603	609	613	616
3A_NB	42	d	553	558	562	566	570	574	578	582	585	590	593	597	602	605	610	614	/
3A_NB	43	a	557	561	565	569	573	578	581	585	589	594	597	601	605	608	614	618	622
3A_NB	43	d	558	563	567	571	575	579	583	587	590	595	598	603	607	610	615	619	/
3A_NB	44	a	562	566	570	574	578	583	586	590	594	599	602	606	610	613	619	623	627
3A_NB	44	d	563	568	572	576	580	584	588	592	595	600	603	608	612	615	620	624	/
3A_NB	45	a	567	571	576	579	583	588	592	595	599	603	607	611	615	619	624	628	632
3A_NB	45	d	568	573	577	581	585	589	593	597	600	605	608	613	617	620	625	629	/
3A_NB	46	a	588	592	597	601	605	609	612	617	620	624	628	633	637	639	645	650	653
3A_NB	46	d	589	594	599	603	607	610	614	618	621	625	630	635	638	641	647	651	/
3A_NB	47	a	617	620	625	628	633	637	640	644	648	652	656	660	664	666	671	676	680
3A_NB	47	d	618	622	626	630	634	638	642	646	649	653	657	661	665	668	673	677	/
3A_NB	48	a	647	650	655	659	662	667	671	675	678	682	685	689	693	697	702	706	709
3A_NB	48	d	648	652	656	660	664	668	672	676	679	683	687	691	695	698	703	707	/
3A_NB	49	a	677	681	684	688	692	696	701	704	708	712	715	719	724	726	732	736	740
3A_NB	49	d	678	682	685	689	694	698	702	706	709	713	717	721	725	728	733	737	/
3A_NB	50	a	707	711	714	717	721	726	730	734	737	742	745	750	753	757	762	766	770
3A_NB	50	d	708	712	715	719	723	728	732	736	739	743	747	751	755	758	763	767	/
3A_NB	51	a	737	740	744	748	752	756	760	764	768	772	776	780	784	786	791	796	800
3A_NB	51	d	738	742	745	749	753	758	762	766	769	773	777	781	785	788	793	797	/
3A_NB	52	a	766	770	773	777	781	784	788	791	795	799	804	808	813	815	820	824	828
3A_NB	52	d	767	771	774	778	782	785	789	793	796	801	806	810	814	816	822	825	/
3A_NB	53	a	777	781	786	790	793	796	801	805	809	813	818	822	827	829	834	838	842
3A_NB	53	d	778	783	787	791	794	798	803	807	810	815	819	824	828	831	836	839	/
3A_NB	54	a	801	805	810	815	820	824	828	832	834	838	842	846	850	854	858	862	867
3A_NB	54	d	802	807	812	817	822	825	830	833	835	840	843	847	852	855	859	864	/
3A_NB	55	a	812	816	820	824	828	831	836	840	844	849	852	857	862	864	868	872	876
3A_NB	55	d	813	817	821	825	829	833	838	842	846	850	854	859	863	865	869	873	/
3A_NB	56	a	817	821	826	830	835	838	842	846	850	854	857	862	867	869	874	878	883
3A_NB	56	d	818	823	828	832	836	839	844	848	851	855	859	864	868	871	876	880	/
3A_NB	57	a	822	826	831	835	840	843	847	851	855	860	863	867	872	874	879	883	887
3A_NB	57	d	823	828	833	837	841	845	849	853	856	861	864	869	873	876	881	885	/
3A_NB	58	a	827	831	836	840	845	848	852	856	859	865	868	872	877	879	884	889	892
3A_NB	58	d	828	833	838	842	846	850	854	858	861	866	869	874	878	881	886	890	/
3A_NB	59	a	832	836	841	845	850	853	858	861	864	870	874	878	882	884	889	894	897
3A_NB	59	d	833	838	843	847	851	855	859	863	866	871	875	879	883	886	891	895	/
3A_NB	60	a	838	842	846	850	855	858	863	866	869	874	879	883	887	889	894	899	903
3A_NB	60	d	839	844	848	852	856	860	864	868	871	876	880	884	888	891	896	900	/
3A_NB	61	a	844	848	851	855	859	863	868	873	876	881	886	891	896	899	904	907	911
3A_NB	61	d	845	849	853	857	861	865	870	875	878	883	888	893	898	901	905	908	/
3A_NB	62	a	869	873	877	881	886	891	896	899	903	908	912	917	921	923	929	932	935
3A_NB	62	d	870	875	879	883	888	893	897	901	905	910	914	918	922	925	930	933	/
3A_NB	63	a	897	900	905	908	911	915	920	923	927	932	936	941	945	949	954	958	963
3A_NB	63	d	898	902	906	909	913	917	921	925	929	933	938	942	947	950	955	960	/
3A_NB	64	a	905	909	914	918	921	924	928	932	934	939	944	948	952	955	961	966	970
3A_NB	64	d	906	911	916	919	922	925	930	933	936	941	945	949	953	957	963	967	/
