RouteID	RunID	Arrivals/Departures	TimePerStop
1A_SB	1	a	16	22	31	34	37	41	47	50	55	59	63	74	81	85
1A_SB	1	d	17	24	32	35	38	43	48	51	56	61	65	76	83	/
1A_SB	2	a	33	38	46	50	54	59	66	71	77	81	86	95	101	105
1A_SB	2	d	34	40	48	52	56	61	68	73	79	83	88	96	102	/
1A_SB	3	a	59	65	74	78	83	87	94	99	106	111	116	124	130	133
1A_SB	3	d	60	67	76	80	85	89	96	101	108	113	118	125	131	/
1A_SB	4	a	72	79	89	93	97	102	108	113	120	124	128	137	142	145
1A_SB	4	d	74	81	90	95	99	104	110	115	122	126	129	138	143	/
1A_SB	5	a	96	103	111	115	118	122	128	132	137	140	144	152	158	161
1A_SB	5	d	98	104	113	116	120	124	129	133	138	141	145	154	159	/
1A_SB	6	a	109	117	125	129	132	135	140	144	151	156	159	171	178	183
1A_SB	6	d	111	119	126	130	133	136	142	146	153	157	161	173	180	/
1A_SB	7	a	115	123	131	135	139	143	148	152	159	164	169	179	186	190
1A_SB	7	d	117	124	132	137	141	144	150	153	161	166	171	181	187	/
1A_SB	8	a	122	129	137	141	145	149	155	159	167	171	176	186	193	197
1A_SB	8	d	124	130	139	143	147	151	157	161	169	173	178	188	195	/
1A_SB	9	a	137	145	155	158	162	165	171	175	181	185	189	198	205	209
1A_SB	9	d	139	147	156	160	163	167	173	176	183	186	190	200	207	/
1A_SB	10	a	167	174	184	187	190	194	200	204	211	215	219	229	234	238
1A_SB	10	d	169	175	185	188	191	195	201	206	212	216	220	230	235	/
1A_SB	11	a	189	196	205	208	213	217	223	228	235	239	244	253	260	263
1A_SB	11	d	191	198	206	210	215	219	225	230	237	241	245	254	261	/
1A_SB	12	a	194	201	210	213	218	222	228	233	240	245	250	260	265	268
1A_SB	12	d	196	203	211	215	220	224	230	235	242	247	252	261	266	/
1A_SB	13	a	216	223	231	236	240	244	250	253	259	263	267	276	281	285
1A_SB	13	d	218	225	233	237	241	245	251	254	260	264	268	277	282	/
1A_SB	14	a	227	233	241	244	249	254	260	264	271	276	281	290	296	300
1A_SB	14	d	229	235	242	246	251	256	262	266	273	278	282	292	298	/
1A_SB	15	a	239	246	255	259	264	268	273	277	283	287	291	300	307	311
1A_SB	15	d	241	248	257	261	265	269	274	278	284	288	292	302	308	/
1A_SB	16	a	261	268	278	282	286	290	296	300	306	310	314	322	328	331
1A_SB	16	d	263	270	280	284	288	292	298	302	308	312	315	323	329	/
1A_SB	17	a	287	293	303	306	309	313	318	322	327	331	335	344	349	352
1A_SB	17	d	289	294	304	307	310	314	320	323	328	332	336	345	350	/
1A_SB	18	a	302	308	317	321	324	329	336	341	347	352	356	365	370	373
1A_SB	18	d	304	309	318	322	326	331	338	343	349	354	357	366	371	/
1A_SB	19	a	313	318	327	332	336	340	347	352	359	364	368	377	383	386
1A_SB	19	d	314	320	329	334	338	342	349	354	361	365	369	379	384	/
1A_SB	20	a	335	341	349	352	356	360	366	369	375	378	382	392	398	401
1A_SB	20	d	337	343	350	353	358	362	367	370	376	380	383	393	399	/
1A_SB	21	a	344	351	360	364	367	370	375	379	385	388	391	400	406	409
1A_SB	21	d	346	352	361	365	368	371	376	380	386	389	392	401	407	/
1A_SB	22	a	350	357	367	372	376	380	386	390	395	398	402	411	417	420
1A_SB	22	d	352	359	369	374	378	381	387	391	396	399	403	412	418	/
1A_SB	23	a	359	366	374	379	382	385	391	396	402	405	410	420	426	430
1A_SB	23	d	361	368	376	380	383	386	393	398	403	407	412	422	428	/
1A_SB	24	a	367	373	380	384	388	391	396	401	407	411	416	426	432	435
1A_SB	24	d	368	374	381	386	389	392	398	403	409	413	418	428	433	/
1A_SB	25	a	371	378	388	393	396	400	406	410	416	420	424	432	438	442
1A_SB	25	d	373	380	390	394	397	402	407	411	418	421	426	434	440	/
1A_SB	26	a	381	388	397	401	405	409	415	420	427	432	437	447	453	457
1A_SB	26	d	383	390	398	403	406	411	417	422	429	434	439	449	454	/
1A_SB	27	a	409	417	426	429	433	438	444	447	453	457	461	472	478	482
1A_SB	27	d	411	419	427	431	435	440	445	449	455	459	463	473	479	/
1A_SB	28	a	417	425	434	438	442	447	452	456	462	465	469	478	484	488
1A_SB	28	d	419	426	435	440	444	448	453	457	463	466	470	479	486	/
1A_SB	29	a	430	437	447	452	457	461	468	471	476	479	483	493	498	502
1A_SB	29	d	432	439	449	454	459	463	469	472	477	480	484	494	499	/
1A_SB	30	a	455	461	469	472	475	478	484	487	492	496	500	511	517	521
1A_SB	30	d	457	463	470	473	476	479	485	488	493	497	502	513	519	/
1A_SB	31	a	464	471	479	482	486	489	494	498	503	507	511	518	523	526
1A_SB	31	d	466	472	480	483	487	490	495	499	505	508	512	519	524	/
1A_SB	32	a	473	480	488	491	495	498	504	508	513	517	521	529	535	539
1A_SB	32	d	475	481	489	492	496	499	505	509	515	519	523	531	537	/
1A_SB	33	a	478	486	495	499	503	506	512	516	523	527	530	539	544	547
1A_SB	33	d	480	488	497	501	504	507	514	518	525	528	531	540	545	/
1A_SB	34	a	490	498	506	510	514	518	524	528	533	537	540	550	556	559
1A_SB	34	d	492	499	508	512	516	520	525	529	535	538	542	552	557	/
1A_SB	35	a	495	502	511	516	519	523	529	534	540	544	548	557	562	565
1A_SB	35	d	497	504	513	517	521	525	531	536	541	545	549	558	563	/
1A_SB	36	a	501	508	516	521	525	530	535	539	545	550	555	563	568	571
1A_SB	36	d	503	510	518	523	527	531	536	541	547	552	556	564	569	/
1A_SB	37	a	513	519	526	530	533	538	545	548	554	558	563	571	577	580
1A_SB	37	d	515	520	528	531	535	540	546	550	556	560	564	573	578	/
1A_SB	38	a	523	529	537	541	544	548	555	558	565	568	573	581	587	590
1A_SB	38	d	525	531	539	542	546	550	556	560	566	570	575	583	588	/
1A_SB	39	a	529	535	543	548	552	555	560	564	571	575	580	588	595	599
1A_SB	39	d	531	537	545	550	553	556	562	566	573	577	582	590	597	/
1A_SB	40	a	546	553	562	566	570	574	581	585	592	596	601	612	618	622
1A_SB	40	d	548	555	564	568	572	575	582	587	594	598	603	614	620	/
1A_SB	41	a	568	573	582	586	590	593	600	604	610	615	620	629	636	640
1A_SB	41	d	569	575	584	588	591	595	602	606	612	617	622	631	637	/
1A_SB	42	a	575	581	589	593	597	601	607	611	617	621	626	635	642	647
1A_SB	42	d	576	582	591	595	599	603	609	613	619	623	628	637	644	/
1A_SB	43	a	581	587	595	598	603	607	613	616	622	626	631	640	647	651
1A_SB	43	d	582	588	596	600	604	609	614	618	624	628	633	642	649	/
1A_SB	44	a	599	606	614	618	621	625	631	635	641	644	648	656	662	667
1A_SB	44	d	600	607	616	619	622	626	633	637	642	646	650	658	664	/
1A_SB	45	a	625	631	641	645	649	653	658	662	667	671	676	685	691	696
1A_SB	45	d	626	632	643	647	651	654	659	663	668	673	677	686	693	/
1A_SB	46	a	642	648	658	661	664	668	675	678	684	687	690	701	708	711
1A_SB	46	d	643	650	659	662	666	670	676	680	685	688	692	703	709	/
1A_SB	47	a	648	654	664	668	671	674	682	685	691	695	699	709	715	719
1A_SB	47	d	649	656	666	669	672	676	683	687	693	697	700	711	717	/
1A_SB	48	a	654	660	669	673	676	680	687	690	697	700	704	714	720	724
1A_SB	48	d	655	662	671	674	677	681	688	692	698	702	705	716	722	/
1A_SB	49	a	660	665	674	678	681	685	692	696	703	706	709	719	725	729
1A_SB	49	d	661	667	676	679	682	686	694	698	704	707	710	721	727	/
1A_SB	50	a	665	670	679	683	686	690	697	701	708	711	714	724	730	734
1A_SB	50	d	666	672	681	684	687	692	699	703	709	712	715	726	732	/
1A_SB	51	a	670	675	684	688	691	696	703	706	713	716	719	729	735	739
1A_SB	51	d	671	677	686	689	693	698	704	708	714	717	720	731	737	/
1A_SB	52	a	678	684	693	697	702	707	714	717	723	726	729	739	744	747
1A_SB	52	d	679	686	695	699	704	709	715	718	724	727	730	740	745	/
1A_SB	53	a	703	709	720	724	729	733	741	744	750	753	757	766	771	775
1A_SB	53	d	704	711	722	726	731	735	742	745	751	754	758	767	772	/
1A_SB	54	a	733	739	748	752	756	761	769	772	777	781	786	794	800	805
1A_SB	54	d	734	741	750	754	758	763	770	773	779	783	787	796	802	/
1A_SB	55	a	762	768	777	781	786	790	796	800	807	811	816	824	831	835
1A_SB	55	d	763	769	779	783	788	792	798	802	809	813	817	826	832	/
1A_SB	56	a	792	797	805	809	813	818	824	830	836	841	846	855	861	865
1A_SB	56	d	793	799	806	810	815	820	826	832	838	843	847	856	862	/
1A_SB	57	a	819	824	834	838	842	846	852	857	863	867	871	879	885	888
1A_SB	57	d	820	826	836	840	844	848	854	859	865	869	872	881	886	/
1A_SB	58	a	849	855	865	868	872	875	881	885	892	895	898	909	914	917
1A_SB	58	d	850	856	866	870	873	877	883	887	893	896	900	910	915	/
1A_SB	59	a	878	884	892	896	900	905	911	915	921	925	929	937	943	947
1A_SB	59	d	879	886	894	898	902	906	913	917	923	926	930	939	944	/
1A_SB	60	a	908	913	923	926	930	934	940	943	952	955	959	968	973	977
1A_SB	60	d	909	915	924	928	931	935	941	945	953	956	960	969	974	/
1A_SB	61	a	938	943	953	957	960	963	968	972	980	984	988	998	1003	1007
1A_SB	61	d	939	945	954	958	961	964	969	974	982	986	990	999	1004	/
1A_SB	62	a	961	967	976	980	984	988	994	998	1004	1007	1012	1023	1029	1032
1A_SB	62	d	962	969	977	982	986	990	996	999	1005	1009	1014	1025	1030	/
1A_SB	63	a	972	978	986	991	995	999	1004	1009	1015	1019	1023	1032	1037	1041
1A_SB	63	d	973	979	988	993	996	1000	1006	1011	1017	1020	1025	1033	1038	/
1A_SB	64	a	990	996	1005	1009	1013	1016	1023	1026	1032	1035	1039	1049	1054	1058
1A_SB	64	d	991	998	1007	1010	1014	1018	1024	1028	1033	1036	1041	1050	1055	/
1A_NB	1	a	12	17	22	29	36	40	46	51	57	62	66	71	79	83
1A_NB	1	d	13	18	23	30	38	42	48	52	59	63	68	73	80	/
1A_NB	2	a	18	22	27	35	42	46	53	57	63	68	73	77	84	89
1A_NB	2	d	19	23	29	36	44	48	54	58	65	70	74	78	86	/
1A_NB	3	a	45	50	55	62	68	72	77	81	88	91	96	101	109	114
1A_NB	3	d	46	51	56	64	70	73	78	83	89	93	98	102	110	/
1A_NB	4	a	53	58	63	70	75	79	85	90	96	100	104	107	116	121
1A_NB	4	d	54	59	65	71	77	81	87	91	97	101	105	109	117	/
1A_NB	5	a	58	63	69	75	81	85	91	96	103	107	110	114	122	129
1A_NB	5	d	59	65	70	77	83	87	93	98	105	108	112	115	124	/
1A_NB	6	a	72	76	81	89	95	99	105	109	116	119	122	125	133	139
1A_NB	6	d	73	77	83	90	96	100	106	110	117	120	123	126	134	/
1A_NB	7	a	86	90	96	102	108	112	117	122	130	134	138	141	149	155
1A_NB	7	d	87	92	97	103	109	113	119	124	132	135	139	143	151	/
1A_NB	8	a	99	103	110	117	123	126	133	136	144	148	152	156	164	171
1A_NB	8	d	100	105	111	118	124	127	134	138	145	149	154	158	166	/
1A_NB	9	a	113	118	124	131	138	142	149	152	158	161	164	168	175	182
1A_NB	9	d	115	119	126	133	140	144	150	153	159	162	166	169	177	/
1A_NB	10	a	119	125	131	138	145	149	154	158	165	169	173	176	183	190
1A_NB	10	d	121	127	133	140	147	151	156	160	167	171	174	177	185	/
1A_NB	11	a	145	150	156	163	168	173	178	182	189	193	197	201	208	214
1A_NB	11	d	147	151	157	164	170	174	179	184	191	195	198	202	209	/
1A_NB	12	a	167	172	178	187	194	198	204	208	214	218	221	225	232	238
1A_NB	12	d	169	174	180	189	196	200	206	209	215	219	222	226	234	/
1A_NB	13	a	188	194	201	207	214	218	224	229	235	238	242	246	254	259
1A_NB	13	d	190	196	202	209	216	219	226	230	236	239	244	248	255	/
1A_NB	14	a	198	202	209	216	221	225	231	235	241	244	249	252	259	264
1A_NB	14	d	199	204	210	217	223	226	232	236	242	246	250	253	260	/
1A_NB	15	a	221	225	230	237	244	248	253	257	263	267	271	275	283	289
1A_NB	15	d	222	226	231	238	246	249	254	259	265	269	273	276	285	/
1A_NB	16	a	232	237	243	250	256	259	264	268	275	279	282	286	294	300
1A_NB	16	d	234	239	244	251	257	261	265	270	277	280	284	288	296	/
1A_NB	17	a	238	244	251	259	265	268	274	278	284	287	291	294	301	305
1A_NB	17	d	240	246	253	261	266	270	275	279	285	288	292	295	302	/
1A_NB	18	a	247	253	259	266	272	276	281	286	292	296	300	303	309	313
1A_NB	18	d	249	255	261	268	274	277	283	288	294	297	301	304	310	/
1A_NB	19	a	265	270	276	283	289	293	298	302	308	311	316	320	327	333
1A_NB	19	d	267	272	277	284	291	294	299	303	309	313	318	322	329	/
1A_NB	20	a	288	293	299	306	313	318	322	326	334	339	344	349	357	364
1A_NB	20	d	290	295	300	308	315	319	324	328	336	341	346	351	358	/
1A_NB	21	a	307	313	319	328	333	336	341	345	351	355	358	362	369	375
1A_NB	21	d	309	315	321	329	334	337	342	346	352	356	359	363	370	/
1A_NB	22	a	317	321	327	336	341	344	349	353	359	363	367	371	379	385
1A_NB	22	d	318	323	329	338	342	345	350	354	361	364	369	373	381	/
1A_NB	23	a	330	334	339	346	353	357	363	367	372	376	380	383	391	396
1A_NB	23	d	331	335	340	348	355	359	364	368	374	378	381	384	392	/
1A_NB	24	a	337	342	347	355	361	364	370	374	381	384	388	391	398	403
1A_NB	24	d	339	343	349	356	362	365	371	376	382	386	389	392	399	/
1A_NB	25	a	358	363	368	377	384	388	395	399	406	410	414	418	426	432
1A_NB	25	d	360	364	369	379	386	390	397	401	408	412	416	420	427	/
1A_NB	26	a	383	388	393	400	406	410	416	421	429	433	438	441	448	454
1A_NB	26	d	385	389	394	402	408	412	418	423	431	435	439	442	450	/
1A_NB	27	a	411	416	422	430	436	439	444	448	454	458	462	466	473	479
1A_NB	27	d	413	418	424	431	437	440	445	450	456	460	464	467	474	/
1A_NB	28	a	430	435	441	450	457	461	466	469	476	479	483	486	493	499
1A_NB	28	d	432	437	443	452	459	462	467	471	477	480	484	487	494	/
1A_NB	29	a	437	441	447	456	463	467	473	476	482	485	489	492	499	504
1A_NB	29	d	438	443	449	458	465	468	474	477	483	486	490	493	500	/
1A_NB	30	a	443	448	455	462	468	472	478	483	489	492	496	499	508	515
1A_NB	30	d	445	450	457	463	470	473	480	484	490	493	497	500	510	/
1A_NB	31	a	452	457	464	471	476	480	486	491	497	500	505	509	518	524
1A_NB	31	d	454	459	465	472	478	481	488	492	498	502	507	511	519	/
1A_NB	32	a	479	484	490	498	504	507	513	517	524	527	531	535	543	549
1A_NB	32	d	481	485	491	499	505	508	514	519	525	528	532	536	544	/
1A_NB	33	a	495	500	507	515	521	524	530	535	541	544	549	553	561	566
1A_NB	33	d	497	502	508	517	522	526	532	536	542	546	551	555	562	/
1A_NB	34	a	504	509	515	523	528	531	537	542	548	552	556	560	568	574
1A_NB	34	d	506	510	517	524	529	533	539	543	550	553	558	562	570	/
1A_NB	35	a	512	516	522	529	536	539	544	548	555	559	564	568	575	581
1A_NB	35	d	513	517	523	531	537	540	545	550	557	561	566	570	577	/
1A_NB	36	a	517	521	528	535	541	544	549	553	560	564	569	574	581	586
1A_NB	36	d	518	523	530	536	542	545	550	555	562	566	571	576	582	/
1A_NB	37	a	522	526	533	540	547	550	556	560	567	571	575	580	587	594
1A_NB	37	d	523	528	535	542	548	552	557	562	569	573	577	582	589	/
1A_NB	38	a	529	533	539	547	553	558	563	568	574	578	582	586	593	599
1A_NB	38	d	530	534	541	548	555	559	565	569	576	580	583	587	594	/
1A_NB	39	a	534	538	544	552	558	563	568	573	580	583	588	591	598	604
1A_NB	39	d	535	539	546	553	560	564	570	574	581	585	589	592	599	/
1A_NB	40	a	539	544	551	558	564	568	573	578	585	589	593	596	603	609
1A_NB	40	d	540	545	552	559	565	569	575	579	586	590	594	597	604	/
1A_NB	41	a	544	549	556	563	569	572	578	583	590	594	598	601	608	614
1A_NB	41	d	545	550	557	564	570	574	580	584	591	595	599	602	609	/
1A_NB	42	a	549	554	560	568	574	577	583	588	594	599	603	606	613	619
1A_NB	42	d	550	555	562	569	575	579	585	589	596	600	604	607	614	/
1A_NB	43	a	554	558	565	573	578	582	588	593	599	603	608	611	618	623
1A_NB	43	d	555	560	567	574	580	584	590	594	601	605	609	612	619	/
1A_NB	44	a	559	563	570	578	583	588	593	598	604	608	613	616	623	628
1A_NB	44	d	560	565	572	579	585	589	595	599	606	610	614	617	624	/
1A_NB	45	a	567	571	577	585	591	595	600	604	610	614	618	621	628	633
1A_NB	45	d	568	572	579	587	592	596	602	605	612	616	619	622	629	/
1A_NB	46	a	585	590	596	604	609	613	619	624	630	635	639	642	650	655
1A_NB	46	d	586	591	597	605	611	615	621	626	632	636	640	643	651	/
1A_NB	47	a	612	616	622	629	634	639	646	651	659	662	666	670	678	684
1A_NB	47	d	613	618	623	630	636	641	648	653	660	663	668	672	679	/
1A_NB	48	a	632	636	642	649	655	659	665	670	678	681	686	689	697	704
1A_NB	48	d	633	638	643	650	657	660	667	671	679	683	687	691	698	/
1A_NB	49	a	662	667	672	679	684	687	692	696	702	705	709	713	720	726
1A_NB	49	d	663	668	673	680	685	688	693	697	703	706	710	714	721	/
1A_NB	50	a	667	672	677	683	689	692	697	701	707	710	714	718	725	731
1A_NB	50	d	668	673	678	685	690	693	698	702	708	711	715	719	726	/
1A_NB	51	a	672	677	683	689	694	697	702	706	712	715	719	722	730	736
1A_NB	51	d	673	678	684	690	695	698	703	707	713	716	720	724	731	/
1A_NB	52	a	678	683	690	699	704	709	715	719	725	729	733	737	745	751
1A_NB	52	d	679	685	692	700	706	710	717	720	727	730	735	739	746	/
1A_NB	53	a	704	709	715	723	728	733	740	743	749	753	757	760	769	775
1A_NB	53	d	705	711	716	724	730	735	741	744	750	754	758	762	770	/
1A_NB	54	a	733	737	745	752	759	762	768	772	777	781	784	788	794	799
1A_NB	54	d	734	739	746	754	760	763	769	773	778	782	786	789	796	/
1A_NB	55	a	763	767	774	783	788	791	796	800	806	811	815	818	825	831
1A_NB	55	d	764	769	776	784	789	792	797	801	808	812	816	819	826	/
1A_NB	56	a	792	796	803	810	815	819	824	829	837	840	844	847	854	860
1A_NB	56	d	793	798	804	811	816	820	826	831	838	841	845	848	856	/
1A_NB	57	a	822	826	832	839	844	848	854	859	866	869	874	877	884	891
1A_NB	57	d	823	828	834	841	846	850	856	861	867	871	875	878	886	/
1A_NB	58	a	850	854	859	867	873	877	883	887	894	898	902	905	912	919
1A_NB	58	d	851	855	861	869	875	879	884	889	895	900	903	906	914	/
1A_NB	59	a	858	863	868	877	883	886	892	896	902	907	910	914	921	926
1A_NB	59	d	859	864	870	878	884	887	893	897	904	908	912	915	922	/
1A_NB	60	a	863	868	873	882	888	892	898	902	909	913	916	919	926	931
1A_NB	60	d	864	869	875	883	889	893	899	903	910	914	917	920	927	/
1A_NB	61	a	868	873	879	887	893	897	903	907	914	917	922	925	932	937
1A_NB	61	d	869	874	880	888	894	898	904	908	915	919	923	926	933	/
1A_NB	62	a	873	878	884	891	898	902	907	912	919	922	927	930	937	942
1A_NB	62	d	874	879	885	893	899	903	909	913	920	924	928	931	938	/
1A_NB	63	a	881	886	892	900	908	912	918	922	929	934	937	941	948	954
1A_NB	63	d	882	888	894	902	910	914	919	924	931	935	939	942	950	/
1A_NB	64	a	907	911	917	924	929	933	939	942	949	954	958	961	968	974
1A_NB	64	d	908	913	918	925	930	934	940	944	951	955	959	962	969	/
2A_NB	1	a	16	20	25	31	34	38	44	48	51	59	65	68	71	74	78	82	86	89	94	98	102	105	108	115
2A_NB	1	d	17	22	26	32	36	40	45	49	52	60	67	70	72	76	80	83	87	91	96	99	103	106	109	/
2A_NB	2	a	22	26	30	36	39	43	50	54	57	65	71	73	76	79	83	87	91	95	99	103	107	111	114	121
2A_NB	2	d	23	27	31	37	41	45	51	55	58	66	72	75	77	81	85	88	93	96	101	104	108	112	115	/
2A_NB	3	a	28	33	37	44	48	52	59	63	66	76	82	85	88	91	94	96	99	102	106	110	115	120	124	131
2A_NB	3	d	30	34	39	46	50	54	61	64	68	77	84	87	89	92	95	97	100	103	107	112	117	122	125	/
2A_NB	4	a	58	63	67	74	78	82	89	93	97	106	112	115	117	120	123	126	129	131	135	139	143	146	150	157
2A_NB	4	d	60	64	69	76	80	84	91	94	98	107	113	116	118	121	124	127	130	132	136	140	144	147	151	/
2A_NB	5	a	63	68	72	79	83	87	94	98	103	111	117	120	123	126	129	132	135	138	141	145	149	152	156	164
2A_NB	5	d	65	69	74	81	85	89	96	100	105	112	118	121	124	127	130	133	136	139	142	146	150	153	158	/
2A_NB	6	a	70	75	80	86	90	94	101	105	109	117	123	125	128	131	134	138	141	144	147	151	155	158	162	169
2A_NB	6	d	72	77	82	88	92	96	103	107	111	118	124	126	129	132	136	139	142	145	148	152	156	159	163	/
2A_NB	7	a	78	83	88	93	96	100	106	111	114	122	128	130	133	136	140	143	146	149	153	156	160	163	167	175
2A_NB	7	d	80	85	89	95	98	101	108	112	116	123	129	131	134	137	141	144	147	150	154	157	161	164	168	/
2A_NB	8	a	87	92	96	101	104	109	114	118	121	130	137	141	144	148	152	156	161	164	169	173	178	182	185	193
2A_NB	8	d	89	94	98	103	106	110	115	119	123	132	139	143	145	149	154	158	163	166	171	175	179	183	186	/
2A_NB	9	a	102	105	109	115	118	122	128	131	135	144	151	154	156	160	164	167	171	174	179	184	188	193	196	205
2A_NB	9	d	103	107	111	117	120	124	129	133	136	145	152	155	158	162	166	169	173	176	181	186	190	194	198	/
2A_NB	10	a	107	111	114	120	124	127	133	136	141	150	156	159	162	166	171	173	177	180	185	190	193	197	202	210
2A_NB	10	d	108	112	116	122	125	129	134	138	142	151	157	161	164	168	172	175	179	182	187	191	195	199	203	/
2A_NB	11	a	130	133	138	143	145	148	154	158	161	170	178	180	184	187	191	194	197	199	203	207	211	214	217	225
2A_NB	11	d	131	135	139	144	146	150	155	159	163	172	179	182	185	188	192	195	198	200	204	208	212	215	218	/
2A_NB	12	a	158	163	168	173	175	179	184	188	191	201	208	211	213	217	221	224	227	229	233	237	241	244	247	255
2A_NB	12	d	160	165	169	174	176	180	185	189	192	202	209	212	214	218	222	225	228	230	234	238	242	245	248	/
2A_NB	13	a	164	168	173	178	180	183	189	193	196	206	214	218	221	226	230	234	238	241	245	249	253	256	260	268
2A_NB	13	d	166	170	174	179	181	185	190	194	198	208	216	220	223	227	232	236	240	243	246	250	254	258	262	/
2A_NB	14	a	180	185	189	195	197	201	208	211	214	223	229	232	235	239	243	247	251	254	259	264	268	272	276	282
2A_NB	14	d	182	186	190	196	198	203	209	212	215	224	231	234	237	241	245	249	253	256	261	266	270	273	277	/
2A_NB	15	a	189	194	198	204	206	210	215	218	221	230	237	240	243	247	251	255	258	260	264	269	274	277	282	289
2A_NB	15	d	191	195	199	205	207	211	216	219	222	232	239	242	245	249	253	256	259	261	266	271	275	279	284	/
2A_NB	16	a	214	219	223	229	232	235	243	247	251	260	266	269	272	275	279	283	287	289	293	297	300	304	307	315
2A_NB	16	d	216	221	225	231	233	237	244	248	252	262	268	271	273	277	281	284	288	290	294	298	302	305	308	/
2A_NB	17	a	244	248	253	259	261	265	270	275	280	291	297	300	302	306	309	312	316	319	323	327	331	334	337	344
2A_NB	17	d	245	250	255	260	263	267	272	277	281	292	298	301	303	307	311	313	317	320	324	328	332	335	338	/
2A_NB	18	a	274	278	283	288	292	295	301	305	309	319	325	329	331	335	338	341	345	348	352	355	359	363	367	374
2A_NB	18	d	275	280	284	290	293	297	302	307	311	320	327	330	333	336	339	343	347	349	353	356	361	364	368	/
2A_NB	19	a	283	287	291	298	302	306	312	316	320	328	334	338	340	343	346	349	352	354	359	362	366	369	373	380
2A_NB	19	d	284	289	293	300	303	307	313	317	321	329	336	339	341	344	347	350	353	356	360	363	367	370	374	/
2A_NB	20	a	298	303	308	314	317	321	328	333	336	345	351	353	355	358	362	365	368	370	373	376	379	383	387	395
2A_NB	20	d	300	305	310	316	319	323	330	334	337	346	352	354	356	360	363	366	369	371	374	377	380	384	389	/
2A_NB	21	a	303	308	313	320	322	326	333	338	341	350	356	358	360	364	367	370	373	375	378	381	384	388	392	400
2A_NB	21	d	305	310	315	321	324	328	335	339	342	351	357	359	362	365	368	371	374	376	379	382	385	389	394	/
2A_NB	22	a	310	315	319	326	329	333	339	344	349	359	365	368	371	374	378	381	386	390	395	400	404	408	412	419
2A_NB	22	d	312	316	321	328	331	335	341	346	351	360	366	369	372	375	380	383	388	392	397	402	406	410	413	/
2A_NB	23	a	319	323	328	335	338	342	348	353	357	367	374	377	380	384	389	391	394	397	401	406	410	414	417	424
2A_NB	23	d	321	325	330	336	340	344	350	354	359	369	376	379	382	386	390	392	396	398	403	407	412	415	418	/
2A_NB	24	a	343	346	350	357	361	364	370	373	377	387	393	396	398	401	404	407	410	412	416	420	424	428	431	440
2A_NB	24	d	344	348	352	359	362	365	371	374	378	388	394	397	399	402	405	408	411	413	417	421	425	429	432	/
2A_NB	25	a	359	362	367	373	377	382	388	392	395	403	411	414	418	423	427	430	433	435	440	444	449	454	458	467
2A_NB	25	d	360	364	369	375	379	384	390	393	396	405	413	416	420	425	429	431	434	437	442	446	451	456	460	/
2A_NB	26	a	388	392	397	403	406	410	416	420	424	434	439	442	446	449	454	458	462	465	469	473	478	482	485	493
2A_NB	26	d	389	394	399	405	407	411	417	421	426	435	440	444	447	451	456	460	464	467	471	475	480	483	486	/
2A_NB	27	a	415	418	423	429	433	437	444	448	452	462	468	472	475	479	484	487	491	494	499	503	508	512	515	522
2A_NB	27	d	416	420	425	431	435	439	445	449	454	464	470	474	477	481	486	489	493	496	501	505	510	513	516	/
2A_NB	28	a	421	426	430	436	439	443	450	455	459	468	474	478	481	485	490	493	497	500	505	509	513	517	521	528
2A_NB	28	d	423	427	432	438	441	445	452	456	460	469	476	480	483	487	492	495	499	502	507	511	515	519	522	/
2A_NB	29	a	428	433	437	443	445	449	455	460	465	475	482	485	488	491	496	499	503	506	511	515	518	522	526	534
2A_NB	29	d	430	434	438	444	447	451	457	462	467	477	483	487	489	493	497	501	505	508	512	516	520	524	528	/
2A_NB	30	a	434	437	442	448	451	455	461	466	470	480	487	491	493	497	500	504	508	512	516	520	523	528	532	539
2A_NB	30	d	435	439	443	450	452	457	463	468	472	482	489	492	495	498	502	506	510	513	517	521	525	529	533	/
2A_NB	31	a	447	450	454	460	462	467	473	476	480	489	496	499	502	505	508	512	517	520	524	529	533	538	542	549
2A_NB	31	d	448	451	456	461	464	469	474	478	481	491	497	501	503	506	510	514	518	521	526	530	535	540	543	/
2A_NB	32	a	454	457	462	468	471	476	481	484	488	497	504	507	510	515	519	523	527	530	534	539	543	547	551	558
2A_NB	32	d	455	459	464	470	473	477	482	486	489	499	505	509	512	517	521	525	528	532	536	540	545	549	552	/
2A_NB	33	a	460	463	468	475	478	482	489	493	498	508	516	519	521	525	530	533	537	540	543	548	552	555	558	565
2A_NB	33	d	461	465	470	477	480	484	491	495	499	510	517	520	522	527	531	535	538	541	545	549	553	556	560	/
2A_NB	34	a	474	478	482	488	491	495	500	504	508	521	528	530	533	538	542	545	550	552	556	562	565	568	571	579
2A_NB	34	d	475	479	483	490	493	496	501	505	510	522	529	532	535	539	543	547	551	554	558	563	566	569	573	/
2A_NB	35	a	480	484	489	496	499	503	509	513	517	530	537	539	541	545	548	551	556	558	562	568	571	576	580	587
2A_NB	35	d	481	486	491	497	500	505	511	514	519	532	538	540	542	546	549	553	557	560	564	569	573	578	581	/
2A_NB	36	a	489	493	498	503	506	510	516	520	525	536	543	546	548	552	555	558	561	564	567	573	578	583	588	594
2A_NB	36	d	490	495	499	504	507	512	518	522	527	538	544	547	549	553	556	559	563	565	569	575	580	585	589	/
2A_NB	37	a	494	498	503	508	511	515	521	525	530	541	547	551	553	557	560	563	566	569	573	578	583	588	593	599
2A_NB	37	d	495	500	504	509	513	517	523	527	532	543	549	552	554	558	561	564	568	570	575	580	585	590	594	/
2A_NB	38	a	499	503	508	514	516	520	526	531	535	546	552	556	558	561	565	568	571	575	579	584	588	593	598	604
2A_NB	38	d	500	505	510	515	518	522	528	532	537	548	554	557	559	563	566	569	573	576	581	586	590	595	599	/
2A_NB	39	a	504	508	513	519	521	525	531	536	541	552	557	561	563	566	570	573	577	581	585	589	593	598	602	610
2A_NB	39	d	505	510	515	520	523	527	533	538	543	553	559	562	564	568	571	574	579	582	587	591	595	600	604	/
2A_NB	40	a	512	515	520	526	529	532	537	542	546	557	563	566	568	571	576	579	583	586	590	594	598	603	607	615
2A_NB	40	d	513	517	522	527	530	533	539	543	548	559	564	567	569	573	577	580	584	588	592	596	600	605	609	/
2A_NB	41	a	521	524	529	535	538	541	548	552	556	568	573	576	579	582	586	589	593	595	599	602	606	610	613	623
2A_NB	41	d	522	526	530	536	539	543	549	553	558	569	575	578	580	583	588	591	594	597	600	603	607	611	615	/
2A_NB	42	a	550	553	559	564	567	571	576	580	583	591	598	600	603	607	610	613	617	619	624	628	632	636	639	646
2A_NB	42	d	551	555	560	566	569	572	577	581	584	593	599	602	605	608	612	614	618	621	626	629	633	637	640	/
2A_NB	43	a	579	583	589	595	598	601	606	610	613	621	627	631	634	637	641	643	646	649	654	658	661	665	668	677
2A_NB	43	d	580	585	590	596	599	602	607	611	614	622	629	632	635	638	642	644	648	651	655	659	663	666	670	/
2A_NB	44	a	609	613	618	624	626	629	634	638	641	651	657	660	662	666	670	673	677	680	684	688	691	695	699	707
2A_NB	44	d	610	614	619	625	627	630	635	639	643	652	659	661	664	668	671	674	678	681	685	689	693	696	700	/
2A_NB	45	a	638	641	645	651	654	657	663	667	671	680	687	690	693	697	700	703	707	710	714	718	722	725	728	736
2A_NB	45	d	639	642	647	652	655	659	665	669	673	682	689	691	694	698	701	704	708	711	715	719	723	726	729	/
2A_NB	46	a	665	668	673	680	683	686	692	695	699	708	716	719	723	726	730	733	736	738	741	746	750	754	757	765
2A_NB	46	d	666	670	675	681	684	687	693	697	701	710	718	721	724	727	731	734	737	739	743	747	751	755	758	/
2A_NB	47	a	673	676	680	687	691	695	700	703	707	715	723	725	729	733	737	740	744	746	749	753	756	760	763	771
2A_NB	47	d	674	677	682	689	692	696	701	705	709	717	724	727	731	735	738	741	745	747	750	754	757	761	764	/
2A_NB	48	a	679	683	687	693	697	701	706	711	714	721	728	731	735	739	742	745	749	752	755	760	764	768	772	778
2A_NB	48	d	680	684	688	695	698	702	708	712	715	722	730	733	736	740	743	746	750	753	757	762	766	770	773	/
2A_NB	49	a	685	689	693	698	702	707	713	718	723	733	740	744	747	752	756	760	764	767	772	777	780	784	789	797
2A_NB	49	d	686	690	694	700	704	708	715	720	725	734	742	746	749	754	758	762	765	769	774	778	782	786	791	/
2A_NB	50	a	699	702	706	711	714	719	725	730	735	742	749	752	756	760	763	767	771	775	779	784	789	792	797	804
2A_NB	50	d	700	703	707	713	716	720	727	732	736	744	751	754	758	761	765	768	773	776	781	786	790	794	798	/
2A_NB	51	a	726	730	735	742	745	748	755	759	763	772	777	780	782	786	789	793	797	799	804	808	812	815	818	826
2A_NB	51	d	727	732	737	743	746	750	756	760	764	773	779	781	783	787	791	795	798	801	806	809	813	816	819	/
2A_NB	52	a	756	759	764	771	773	776	781	784	789	797	803	805	809	812	816	820	823	826	829	833	838	841	845	853
2A_NB	52	d	757	761	766	772	774	777	782	786	790	798	804	807	810	813	818	821	825	827	830	835	839	843	847	/
2A_NB	53	a	774	778	783	789	791	795	800	804	808	818	825	829	833	838	843	846	850	853	856	860	863	866	869	877
2A_NB	53	d	775	780	784	790	792	796	801	805	809	820	827	831	835	840	844	847	851	854	857	861	864	867	870	/
2A_NB	54	a	785	788	792	798	802	805	811	814	819	830	836	839	841	845	849	853	857	861	864	868	872	877	881	890
2A_NB	54	d	786	789	793	800	803	807	812	816	821	831	837	840	842	846	851	854	859	862	865	870	874	878	883	/
2A_NB	55	a	812	815	820	826	829	833	838	842	845	855	862	864	867	871	874	877	881	883	887	892	896	900	903	912
2A_NB	55	d	813	817	821	827	830	834	839	843	847	857	863	865	868	872	875	878	882	885	889	893	897	901	905	/
2A_NB	56	a	817	820	825	831	834	838	843	846	850	860	867	869	872	875	879	882	886	888	892	897	901	904	908	917
2A_NB	56	d	818	822	826	832	835	839	844	848	852	862	868	870	873	877	880	883	887	890	894	898	902	906	910	/
2A_NB	57	a	822	825	830	836	839	842	848	852	856	865	872	874	877	880	884	887	891	893	897	902	906	909	913	921
2A_NB	57	d	823	827	831	837	840	844	850	854	858	867	873	875	878	882	885	888	892	895	899	903	907	911	915	/
2A_NB	58	a	844	848	852	859	861	866	872	877	882	891	897	900	903	907	911	915	919	921	925	930	935	938	941	951
2A_NB	58	d	845	849	854	860	863	867	874	879	883	892	899	902	904	908	913	916	920	922	927	932	936	939	943	/
2A_NB	59	a	874	877	882	888	890	894	899	904	907	917	923	927	930	933	936	939	943	945	950	954	958	962	967	974
2A_NB	59	d	875	879	883	889	892	895	901	905	908	918	925	928	931	934	937	940	944	947	951	956	960	964	968	/
2A_NB	60	a	904	908	912	917	921	924	929	934	937	947	954	957	959	962	966	969	972	975	979	984	988	993	996	1002
2A_NB	60	d	905	909	913	919	922	925	931	935	938	948	955	958	960	964	967	970	974	977	981	986	990	994	997	/
2A_NB	61	a	934	937	941	948	951	954	959	962	965	974	981	983	986	990	994	996	1000	1003	1007	1011	1014	1019	1023	1032
2A_NB	61	d	935	938	943	949	952	955	960	963	966	976	982	984	988	992	995	998	1002	1004	1008	1012	1016	1021	1025	/
2A_NB	62	a	948	952	957	964	966	970	975	980	984	991	998	1001	1004	1008	1012	1015	1019	1023	1028	1032	1036	1041	1044	1052
2A_NB	62	d	949	954	959	965	968	971	977	982	985	992	1000	1002	1005	1010	1014	1017	1021	1025	1030	1034	1038	1042	1045	/
2A_NB	63	a	966	970	974	979	983	987	993	997	1002	1011	1018	1021	1025	1029	1034	1037	1040	1043	1048	1053	1056	1060	1064	1072
2A_NB	63	d	967	971	975	981	984	989	994	999	1003	1013	1020	1023	1026	1031	1036	1038	1041	1045	1050	1054	1058	1062	1065	/
2A_NB	64	a	983	987	992	997	1000	1004	1009	1013	1017	1028	1035	1038	1040	1043	1047	1050	1054	1058	1063	1067	1070	1074	1077	1086
2A_NB	64	d	984	989	993	998	1001	1005	1010	1014	1018	1029	1036	1039	1041	1045	1049	1051	1056	1060	1065	1068	1072	1075	1079	/
2A_SB	1	a	19	25	30	34	38	40	42	45	50	55	59	62	65	70	73	79	85	88	92	98	101	105	109	113	124
2A_SB	1	d	20	26	31	35	39	41	43	47	52	56	60	63	67	71	74	80	86	89	93	99	102	106	111	115	/
2A_SB	2	a	31	37	42	47	51	54	57	62	66	71	76	79	82	85	88	97	103	106	111	117	120	125	130	134	145
2A_SB	2	d	32	38	44	49	53	56	59	63	68	73	78	80	83	86	90	99	104	108	112	118	121	127	132	136	/
2A_SB	3	a	49	55	61	65	69	73	76	80	84	88	92	95	98	101	105	112	118	122	126	132	135	140	144	147	158
2A_SB	3	d	50	57	63	67	71	75	77	81	85	89	93	96	99	102	106	113	119	123	127	133	137	141	145	149	/
2A_SB	4	a	63	69	76	80	83	85	87	91	95	99	103	106	110	114	117	124	130	134	138	143	146	151	156	161	172
2A_SB	4	d	64	71	77	81	84	86	88	92	96	100	104	107	111	115	118	125	131	135	139	144	148	153	158	163	/
2A_SB	5	a	78	84	90	93	98	100	102	105	108	112	115	118	122	125	128	135	141	145	149	155	157	161	165	168	177
2A_SB	5	d	80	85	91	95	99	101	103	106	109	113	116	119	123	126	129	136	142	146	150	156	158	162	166	169	/
2A_SB	6	a	95	101	108	112	116	118	120	123	126	130	133	135	139	142	145	152	157	160	164	171	174	178	182	185	195
2A_SB	6	d	97	103	110	114	117	119	121	124	127	131	134	136	140	143	146	153	158	161	165	172	175	179	183	186	/
2A_SB	7	a	107	114	120	123	126	128	130	133	137	141	145	147	151	154	158	166	172	175	179	186	189	193	197	200	209
2A_SB	7	d	109	115	121	124	127	129	131	135	138	142	146	148	152	155	159	167	173	176	180	187	190	195	198	201	/
2A_SB	8	a	120	127	133	137	141	143	145	148	151	155	159	161	165	168	172	180	186	189	194	200	203	208	211	214	223
2A_SB	8	d	122	128	135	139	142	144	146	149	152	156	160	162	166	169	173	182	187	191	195	201	204	209	212	215	/
2A_SB	9	a	143	148	154	159	162	165	168	171	175	178	182	185	188	191	194	200	206	209	213	220	223	227	231	234	244
2A_SB	9	d	145	150	156	160	163	166	169	172	176	179	183	186	189	192	195	201	207	210	214	221	224	228	232	235	/
2A_SB	10	a	153	159	165	170	173	175	178	181	184	188	192	195	199	202	206	212	218	221	226	234	238	243	247	251	263
2A_SB	10	d	155	161	167	171	174	176	179	182	185	189	193	196	200	203	207	213	219	223	228	236	240	245	249	253	/
2A_SB	11	a	175	180	186	189	192	194	196	200	205	210	215	218	222	227	230	236	242	246	249	254	257	262	267	271	280
2A_SB	11	d	176	181	187	190	193	195	198	202	207	212	217	220	224	228	231	237	243	247	250	256	259	264	269	272	/
2A_SB	12	a	197	202	209	213	217	220	223	226	229	233	237	239	242	245	248	256	263	268	272	277	280	284	288	292	303
2A_SB	12	d	198	204	211	215	218	221	224	227	230	234	238	240	243	246	249	258	265	269	273	278	281	285	289	293	/
2A_SB	13	a	213	219	225	229	233	237	240	244	247	250	254	257	261	264	267	273	280	284	288	294	296	301	305	309	320
2A_SB	13	d	215	220	226	230	235	239	241	245	248	251	255	258	262	265	268	274	281	285	289	295	297	302	306	310	/
2A_SB	14	a	227	234	240	244	247	250	253	257	260	263	267	270	273	277	281	289	294	297	302	308	311	316	319	323	334
2A_SB	14	d	229	235	241	245	248	251	255	258	261	264	268	271	274	278	282	290	295	299	303	309	312	317	320	324	/
2A_SB	15	a	241	247	253	257	261	264	267	270	274	277	281	283	286	289	293	302	310	315	319	324	327	332	336	340	350
2A_SB	15	d	243	248	254	259	262	265	268	271	275	278	282	284	287	290	295	304	312	316	320	325	328	333	337	342	/
2A_SB	16	a	247	253	259	262	266	270	273	276	280	283	287	289	293	296	300	308	315	320	324	329	332	337	342	347	359
2A_SB	16	d	249	254	260	264	268	271	274	277	281	284	288	290	294	297	301	309	317	321	325	330	334	339	344	349	/
2A_SB	17	a	273	279	285	289	292	294	297	301	304	307	310	312	315	318	321	330	336	340	344	351	354	359	363	368	379
2A_SB	17	d	275	281	287	290	293	295	299	302	305	308	311	313	316	319	323	332	338	342	346	353	356	361	365	370	/
2A_SB	18	a	287	294	299	302	305	308	311	315	319	323	326	328	333	337	342	349	356	359	362	369	372	376	379	382	392
2A_SB	18	d	289	295	300	303	306	310	313	316	320	324	327	330	335	339	343	350	357	360	363	370	373	377	380	383	/
2A_SB	19	a	305	310	316	319	323	326	329	333	337	341	344	346	350	354	358	366	371	375	379	386	388	392	395	398	409
2A_SB	19	d	306	311	317	320	324	327	330	334	338	342	345	347	351	355	359	367	372	376	380	387	389	393	396	399	/
2A_SB	20	a	311	316	323	326	330	333	336	340	344	348	352	355	360	363	366	373	378	382	387	394	397	401	404	407	416
2A_SB	20	d	312	317	324	327	331	334	337	341	345	349	354	357	361	364	367	374	380	384	388	395	398	402	405	408	/
2A_SB	21	a	315	321	329	333	338	341	344	347	351	355	359	362	367	371	374	382	389	392	396	402	405	410	414	417	426
2A_SB	21	d	317	323	331	335	339	342	345	348	352	356	361	364	369	372	375	383	390	393	397	403	406	411	415	418	/
2A_SB	22	a	333	340	346	350	354	357	360	363	366	370	374	377	381	384	388	396	402	405	409	414	417	422	426	429	440
2A_SB	22	d	335	341	348	351	355	359	361	364	367	371	375	378	382	385	389	397	403	406	410	415	418	423	427	430	/
2A_SB	23	a	349	355	363	368	372	376	380	384	388	392	396	399	402	405	409	416	422	425	428	435	437	442	446	449	458
2A_SB	23	d	351	357	365	370	374	378	381	385	389	393	397	400	403	406	410	417	423	426	429	436	438	443	447	450	/
2A_SB	24	a	358	365	372	377	381	384	388	392	397	401	405	408	412	416	420	427	435	439	442	448	450	455	459	462	471
2A_SB	24	d	360	367	374	379	382	386	389	394	398	402	406	409	413	417	421	429	436	440	443	449	451	456	460	463	/
2A_SB	25	a	365	372	378	382	386	390	394	398	402	406	409	413	417	421	425	433	440	444	448	454	456	461	465	469	479
2A_SB	25	d	367	373	379	384	388	392	396	399	403	407	411	414	418	422	427	435	441	446	449	455	457	462	467	471	/
2A_SB	26	a	382	388	394	398	403	406	409	412	416	420	424	426	429	432	436	444	451	456	461	467	470	476	479	483	494
2A_SB	26	d	383	390	396	400	404	407	410	413	417	421	425	427	430	433	437	446	453	458	462	468	472	477	480	484	/
2A_SB	27	a	394	399	405	410	414	417	420	423	427	431	436	439	443	446	451	458	465	469	474	481	484	488	491	495	504
2A_SB	27	d	395	401	407	411	415	418	421	425	428	433	438	441	444	448	453	460	467	471	475	482	485	489	492	496	/
2A_SB	28	a	411	416	423	426	430	433	437	441	446	450	455	458	462	466	470	477	483	486	490	496	499	504	509	513	522
2A_SB	28	d	412	418	424	427	431	435	439	443	448	452	457	460	464	467	471	478	484	487	491	497	500	506	511	514	/
2A_SB	29	a	425	430	435	438	442	446	450	453	457	461	466	469	473	478	483	491	497	501	504	509	512	517	521	524	534
2A_SB	29	d	426	431	436	439	444	448	451	454	459	463	468	471	475	480	484	492	498	502	505	510	513	518	522	525	/
2A_SB	30	a	440	445	452	455	459	462	465	470	475	479	482	484	488	492	496	503	509	512	516	522	525	530	533	536	546
2A_SB	30	d	441	447	453	457	461	464	467	472	476	480	483	485	490	493	497	504	510	513	517	523	526	531	534	537	/
2A_SB	31	a	453	460	466	470	475	477	481	484	488	492	495	497	500	504	508	515	521	524	527	532	536	542	547	550	562
2A_SB	31	d	455	461	467	472	476	479	482	485	489	493	496	498	501	506	509	516	522	525	528	534	538	544	548	552	/
2A_SB	32	a	467	473	479	482	485	487	490	494	497	501	504	506	510	514	518	525	531	535	538	543	546	551	555	559	569
2A_SB	32	d	469	474	480	483	486	488	492	495	498	502	505	508	512	516	519	527	533	536	539	544	547	552	556	560	/
2A_SB	33	a	475	481	487	491	494	497	499	502	505	509	512	514	518	522	526	533	538	541	545	550	553	558	561	566	576
2A_SB	33	d	477	483	489	492	496	498	500	503	506	510	513	515	520	524	527	534	539	542	546	551	554	559	563	567	/
2A_SB	34	a	481	487	493	498	501	503	505	508	511	515	519	521	525	528	532	539	545	548	552	557	559	565	569	573	583
2A_SB	34	d	482	489	495	499	502	504	506	509	512	517	520	522	526	529	533	541	546	549	553	558	561	567	570	575	/
2A_SB	35	a	486	492	498	503	507	509	512	516	519	523	526	529	533	536	540	548	554	559	563	568	572	576	579	583	592
2A_SB	35	d	487	494	500	505	508	510	514	517	520	524	527	530	534	537	542	550	556	560	564	570	573	577	580	584	/
2A_SB	36	a	502	507	514	519	522	524	527	530	533	536	540	543	548	551	555	562	568	572	577	583	587	591	594	597	606
2A_SB	36	d	503	509	516	520	523	525	528	531	534	537	541	545	549	553	556	564	570	574	579	585	588	592	595	598	/
2A_SB	37	a	507	512	520	524	527	530	533	536	539	542	546	549	553	556	561	568	573	577	582	588	592	596	599	602	610
2A_SB	37	d	508	514	521	525	528	531	534	537	540	543	547	550	554	558	562	569	575	579	584	590	593	597	600	603	/
2A_SB	38	a	512	518	525	530	533	536	539	542	546	549	553	556	559	562	566	573	578	582	587	595	598	602	606	609	617
2A_SB	38	d	513	519	527	531	534	537	540	543	547	550	555	557	560	563	567	574	580	584	589	596	599	603	607	610	/
2A_SB	39	a	517	523	530	535	538	541	543	547	551	554	558	561	565	568	572	579	584	587	592	600	603	607	611	614	623
2A_SB	39	d	518	524	532	536	539	542	545	548	552	556	560	563	566	570	573	580	585	589	594	601	604	608	612	615	/
2A_SB	40	a	522	528	535	540	543	545	548	552	556	560	563	566	570	574	577	584	590	593	598	604	608	612	616	620	629
2A_SB	40	d	523	530	537	541	544	547	550	553	557	561	565	568	571	575	578	585	591	595	600	606	609	613	617	621	/
2A_SB	41	a	528	533	540	544	548	551	553	557	562	567	570	572	575	580	584	593	599	603	607	612	615	619	622	626	635
2A_SB	41	d	529	535	542	546	550	552	555	559	564	568	571	573	577	582	585	594	600	604	608	613	616	620	623	627	/
2A_SB	42	a	534	539	545	549	553	556	559	562	567	572	575	577	580	585	589	598	604	608	612	617	620	624	628	633	642
2A_SB	42	d	535	540	547	551	555	557	560	564	569	573	576	578	582	587	590	599	605	609	613	618	621	626	630	634	/
2A_SB	43	a	540	545	551	554	559	561	564	567	572	576	580	583	588	591	595	604	611	616	620	625	629	634	639	643	652
2A_SB	43	d	541	546	552	556	560	562	565	569	574	578	582	585	589	593	596	606	613	617	621	627	630	636	640	645	/
2A_SB	44	a	556	562	569	574	577	579	582	586	590	595	598	600	604	608	612	619	625	628	633	640	643	648	651	655	664
2A_SB	44	d	557	564	571	575	578	580	584	588	592	596	599	602	606	609	613	620	626	630	635	641	644	649	653	657	/
2A_SB	45	a	563	569	575	579	582	585	588	592	596	601	605	607	610	614	618	625	632	635	640	646	649	655	658	661	670
2A_SB	45	d	564	570	576	580	584	586	590	594	598	602	606	608	612	616	620	627	633	637	641	647	651	656	659	663	/
2A_SB	46	a	568	574	580	584	588	591	594	597	601	606	610	612	615	620	623	630	637	641	646	652	655	660	663	667	675
2A_SB	46	d	569	575	581	585	589	592	595	599	603	607	611	613	617	621	625	632	639	643	647	653	656	661	664	668	/
2A_SB	47	a	573	578	585	588	593	596	599	602	606	611	615	617	620	625	629	636	642	646	650	657	660	664	668	672	680
2A_SB	47	d	574	580	586	590	594	597	600	604	608	612	616	618	622	627	630	637	644	648	652	658	661	666	669	673	/
2A_SB	48	a	578	583	589	593	598	601	604	607	611	616	620	622	625	630	634	642	649	653	656	662	665	669	673	677	686
2A_SB	48	d	579	585	591	595	599	602	605	609	613	617	621	623	627	632	636	644	651	654	657	663	666	671	674	678	/
2A_SB	49	a	602	608	615	618	621	625	628	633	636	640	645	648	651	655	659	666	673	677	681	688	691	695	699	703	711
2A_SB	49	d	603	609	616	619	623	627	630	634	638	642	647	649	653	657	660	668	674	678	682	689	692	696	700	704	/
2A_SB	50	a	607	613	620	623	626	630	634	638	641	645	650	653	656	660	665	672	678	681	686	693	696	700	704	708	717
2A_SB	50	d	608	614	621	624	628	632	635	639	643	647	652	654	658	662	666	673	679	683	687	694	697	701	705	709	/
2A_SB	51	a	613	619	626	630	633	637	641	646	650	655	659	661	666	670	674	681	686	690	694	699	703	708	712	717	726
2A_SB	51	d	614	620	628	631	635	639	643	648	652	656	660	663	667	671	675	682	688	692	695	701	705	709	714	718	/
2A_SB	52	a	633	639	645	648	651	655	658	661	664	669	672	675	679	682	686	694	700	703	708	715	718	722	726	730	740
2A_SB	52	d	634	640	646	649	653	656	659	662	666	670	674	676	680	684	688	696	701	705	709	716	719	723	727	731	/
2A_SB	53	a	639	645	651	654	657	660	663	667	670	675	680	682	686	689	694	701	706	709	714	721	723	729	734	738	750
2A_SB	53	d	640	646	652	655	658	661	665	668	672	677	681	683	687	691	695	702	707	711	715	722	725	731	736	740	/
2A_SB	54	a	654	659	665	669	672	675	679	683	687	691	695	698	703	707	711	720	725	729	732	737	740	745	750	753	763
2A_SB	54	d	655	660	667	670	674	677	681	685	688	693	697	700	705	708	712	721	726	730	733	738	742	747	751	754	/
2A_SB	55	a	674	680	687	691	694	698	701	706	710	715	718	721	725	729	733	740	745	749	753	758	761	766	771	775	786
2A_SB	55	d	675	682	689	692	696	700	703	708	712	716	720	722	726	731	734	741	747	750	754	759	763	768	773	777	/
2A_SB	56	a	704	709	715	718	722	724	726	729	733	737	741	743	747	751	756	762	768	771	775	781	784	789	793	798	808
2A_SB	56	d	705	710	716	720	723	725	727	730	734	738	742	744	749	753	757	763	769	772	776	782	785	791	795	799	/
2A_SB	57	a	734	739	744	747	750	752	755	758	762	766	769	772	776	779	783	790	795	798	801	807	810	815	819	823	832
2A_SB	57	d	735	740	745	748	751	753	756	759	763	767	770	773	777	780	784	791	796	799	802	808	811	816	820	824	/
2A_SB	58	a	750	756	762	767	771	774	777	781	784	788	792	794	798	801	804	811	818	822	826	832	835	840	843	847	857
2A_SB	58	d	751	757	764	769	772	775	778	782	785	789	793	795	799	802	805	813	820	824	827	833	837	841	845	849	/
2A_SB	59	a	780	786	791	794	797	799	803	806	810	815	818	820	825	830	833	840	845	849	853	859	863	869	873	877	887
2A_SB	59	d	781	787	792	795	798	801	804	807	812	816	819	822	827	831	835	841	846	851	854	861	865	871	874	879	/
2A_SB	60	a	809	814	820	824	827	830	833	836	839	843	847	849	852	855	858	867	872	876	879	885	888	892	897	900	911
2A_SB	60	d	810	815	821	825	828	831	834	837	840	844	848	850	853	856	860	868	873	877	880	886	889	894	898	902	/
2A_SB	61	a	833	839	844	848	852	856	859	863	867	871	875	878	881	884	888	896	902	905	909	914	918	923	926	930	940
2A_SB	61	d	834	840	846	850	854	857	860	864	868	872	876	879	882	886	890	897	903	906	910	916	919	924	928	932	/
2A_SB	62	a	863	868	875	879	883	885	887	891	895	899	904	906	910	915	918	926	932	935	938	945	948	953	957	960	973
2A_SB	62	d	864	870	876	880	884	886	888	892	896	900	905	908	912	916	920	927	933	936	940	946	949	954	958	962	/
2A_SB	63	a	893	898	904	908	911	913	916	919	923	928	933	936	941	944	949	956	961	964	969	975	978	982	987	991	1000
2A_SB	63	d	894	900	905	909	912	915	917	920	925	930	935	938	942	946	950	957	962	966	970	976	979	984	988	992	/
2A_SB	64	a	916	922	928	932	936	940	943	946	950	953	957	961	965	969	973	981	987	991	995	1002	1006	1011	1015	1018	1030
2A_SB	64	d	917	923	929	934	938	941	944	947	951	954	959	962	966	971	975	983	989	992	997	1004	1007	1012	1016	1020	/
3A_SB	1	a	21	26	29	33	37	40	43	47	52	54	59	63	67	74	78
3A_SB	1	d	22	27	30	34	39	41	45	49	53	56	61	64	68	75	/
3A_SB	2	a	43	48	53	57	62	65	68	73	78	80	85	88	92	98	101
3A_SB	2	d	44	50	54	59	64	67	70	75	79	81	86	90	93	99	/
3A_SB	3	a	62	67	70	75	79	82	84	88	93	95	100	103	106	112	115
3A_SB	3	d	63	68	72	77	81	83	85	90	94	96	101	104	107	113	/
3A_SB	4	a	80	86	91	95	98	100	103	106	109	111	116	119	122	127	131
3A_SB	4	d	81	88	92	96	99	101	104	107	110	112	117	120	123	128	/
3A_SB	5	a	89	95	99	103	106	109	112	117	121	124	129	132	135	140	144
3A_SB	5	d	90	96	100	104	108	111	114	119	122	125	130	133	136	142	/
3A_SB	6	a	103	109	112	116	120	123	126	131	135	138	143	147	150	157	161
3A_SB	6	d	104	110	113	117	122	125	128	132	137	139	145	148	152	158	/
3A_SB	7	a	124	129	132	136	139	141	143	146	149	151	156	159	163	169	173
3A_SB	7	d	125	130	133	137	140	142	144	147	150	152	157	161	164	170	/
3A_SB	8	a	135	140	144	147	150	152	155	159	163	165	170	174	177	184	188
3A_SB	8	d	136	142	145	148	151	153	157	160	164	166	171	175	179	185	/
3A_SB	9	a	144	149	152	156	161	164	168	172	177	179	183	186	190	195	198
3A_SB	9	d	145	150	153	158	163	166	170	174	178	180	184	187	191	196	/
3A_SB	10	a	151	156	159	164	167	169	173	177	182	184	188	191	196	203	206
3A_SB	10	d	152	157	161	165	168	171	175	179	183	185	189	193	198	204	/
3A_SB	11	a	166	171	176	179	183	185	189	194	198	200	205	208	211	217	221
3A_SB	11	d	167	173	177	181	184	187	191	196	199	201	206	209	212	219	/
3A_SB	12	a	178	183	188	191	195	199	202	207	210	212	217	221	225	230	234
3A_SB	12	d	179	185	189	193	197	201	204	208	211	213	218	222	226	232	/
3A_SB	13	a	198	204	209	214	219	223	227	230	234	236	241	244	247	253	257
3A_SB	13	d	199	206	211	216	221	225	228	232	235	237	242	245	248	255	/
3A_SB	14	a	223	228	233	237	241	244	246	249	252	254	259	262	266	272	275
3A_SB	14	d	224	230	234	238	242	245	247	250	253	255	260	263	267	273	/
3A_SB	15	a	245	251	254	258	262	265	268	272	276	278	283	288	292	297	301
3A_SB	15	d	246	252	255	259	263	266	269	273	277	279	285	290	293	299	/
3A_SB	16	a	256	261	265	269	273	275	278	282	286	288	292	296	299	305	309
3A_SB	16	d	257	262	266	270	274	276	279	283	287	289	293	297	300	307	/
3A_SB	17	a	268	273	277	281	285	288	290	294	297	299	304	308	311	317	320
3A_SB	17	d	269	275	278	282	286	289	291	295	298	300	305	309	312	318	/
3A_SB	18	a	276	281	284	288	291	294	296	301	305	307	312	316	319	324	328
3A_SB	18	d	277	282	285	289	292	295	298	302	306	308	313	317	320	326	/
3A_SB	19	a	294	298	303	308	312	315	318	322	327	329	333	337	341	347	352
3A_SB	19	d	295	300	305	310	314	317	320	324	328	330	334	338	342	349	/
3A_SB	20	a	314	318	323	328	332	335	338	342	347	349	353	356	359	365	368
3A_SB	20	d	315	320	325	330	334	337	340	344	348	350	354	357	360	366	/
3A_SB	21	a	329	334	338	342	346	350	354	358	363	365	370	373	376	382	386
3A_SB	21	d	330	335	340	344	348	352	356	360	364	366	371	374	377	383	/
3A_SB	22	a	342	347	352	356	360	362	365	369	374	376	381	385	388	394	398
3A_SB	22	d	343	349	353	358	361	364	367	371	375	377	382	386	389	395	/
3A_SB	23	a	370	375	380	384	387	390	392	395	399	401	406	409	412	417	421
3A_SB	23	d	371	377	381	385	388	391	393	396	400	402	407	410	413	419	/
3A_SB	24	a	385	391	395	399	402	404	406	410	414	416	421	424	427	433	437
3A_SB	24	d	386	393	396	400	403	405	407	411	415	417	422	425	428	435	/
3A_SB	25	a	391	396	400	405	409	412	415	420	425	427	432	435	439	445	448
3A_SB	25	d	392	398	402	407	411	414	417	422	426	428	433	436	440	446	/
3A_SB	26	a	411	416	420	424	427	430	433	436	440	443	447	450	453	461	464
3A_SB	26	d	412	417	421	425	428	431	434	438	441	444	448	451	454	462	/
3A_SB	27	a	426	431	435	440	443	446	449	452	456	458	462	465	468	475	478
3A_SB	27	d	427	433	437	441	444	447	450	453	457	459	463	466	469	476	/
3A_SB	28	a	439	445	449	454	458	461	465	470	474	476	480	483	486	492	496
3A_SB	28	d	440	446	451	456	460	463	467	472	475	477	481	484	487	493	/
3A_SB	29	a	458	463	466	470	473	476	479	483	487	489	494	498	501	507	510
3A_SB	29	d	459	464	467	471	475	478	481	485	488	490	495	499	502	508	/
3A_SB	30	a	463	468	473	477	480	483	486	490	493	496	501	505	508	514	518
3A_SB	30	d	464	470	474	478	481	485	488	491	495	497	502	506	509	515	/
3A_SB	31	a	481	487	490	493	496	499	501	505	508	510	515	520	523	528	532
3A_SB	31	d	482	488	491	494	497	500	502	506	509	511	517	521	524	529	/
3A_SB	32	a	488	494	499	504	508	511	515	519	523	525	530	534	537	544	548
3A_SB	32	d	489	496	501	505	509	513	516	520	524	526	531	535	539	546	/
3A_SB	33	a	501	507	512	516	519	521	524	527	531	533	538	542	545	550	554
3A_SB	33	d	502	509	513	517	520	522	525	528	532	534	539	543	546	552	/
3A_SB	34	a	506	512	517	521	524	527	529	532	537	539	545	548	551	556	559
3A_SB	34	d	507	514	518	522	525	528	530	534	538	540	546	549	552	557	/
3A_SB	35	a	514	519	523	527	531	534	537	540	545	547	553	556	560	566	570
3A_SB	35	d	515	520	524	528	532	536	538	542	546	548	554	557	561	568	/
3A_SB	36	a	524	529	534	539	543	545	548	551	556	559	564	568	572	578	581
3A_SB	36	d	525	531	536	541	544	546	549	553	557	560	565	569	574	579	/
3A_SB	37	a	532	537	541	545	549	552	556	561	566	569	575	579	582	587	592
3A_SB	37	d	533	538	543	547	551	554	558	563	567	570	576	580	583	589	/
3A_SB	38	a	543	548	553	556	560	563	566	571	575	578	585	589	592	598	602
3A_SB	38	d	544	550	554	558	562	565	568	572	577	580	587	590	593	599	/
3A_SB	39	a	555	560	564	568	571	573	575	579	584	586	590	594	598	604	609
3A_SB	39	d	556	562	565	569	572	574	576	581	585	587	592	596	600	606	/
3A_SB	40	a	560	565	569	573	578	581	584	588	593	595	600	604	608	614	617
3A_SB	40	d	561	567	570	575	580	583	585	590	594	597	602	606	610	615	/
3A_SB	41	a	575	580	584	588	591	594	596	600	604	606	611	614	617	622	626
3A_SB	41	d	576	581	585	589	592	595	597	601	605	607	612	615	618	624	/
3A_SB	42	a	587	592	597	602	606	610	613	616	621	623	627	631	634	641	645
3A_SB	42	d	588	594	599	604	608	611	614	618	622	624	628	632	636	642	/
3A_SB	43	a	605	610	615	619	623	625	629	633	637	640	645	649	653	658	661
3A_SB	43	d	606	612	616	621	624	627	631	634	638	641	647	650	654	659	/
3A_SB	44	a	635	640	643	648	652	654	657	660	663	666	671	675	678	686	690
3A_SB	44	d	636	641	645	650	653	655	658	661	664	667	673	676	680	688	/
3A_SB	45	a	642	647	652	656	659	661	664	669	672	676	680	683	686	693	697
3A_SB	45	d	643	649	653	657	660	663	666	670	674	677	681	684	687	695	/
3A_SB	46	a	669	674	678	682	686	688	691	695	699	701	706	709	713	719	722
3A_SB	46	d	670	675	679	684	687	689	692	696	700	702	707	711	714	720	/
3A_SB	47	a	685	690	694	698	702	705	708	713	717	720	725	728	731	736	740
3A_SB	47	d	686	692	696	700	703	707	710	714	718	722	726	729	732	738	/
3A_SB	48	a	705	710	715	719	723	727	730	734	738	741	747	750	755	761	765
3A_SB	48	d	706	712	716	721	725	728	732	735	740	743	748	752	756	763	/
3A_SB	49	a	735	740	744	748	753	756	758	762	766	768	773	777	781	788	791
3A_SB	49	d	736	742	746	750	754	757	759	763	767	769	774	778	782	789	/
3A_SB	50	a	740	745	749	754	758	761	763	768	772	774	779	783	786	793	796
3A_SB	50	d	741	747	751	755	759	762	765	769	773	775	780	784	787	794	/
3A_SB	51	a	745	750	755	759	763	766	768	773	777	779	783	788	791	798	802
3A_SB	51	d	746	752	756	760	765	767	770	774	778	780	785	789	792	799	/
3A_SB	52	a	750	756	760	764	768	771	773	778	782	784	788	793	796	802	807
3A_SB	52	d	751	757	761	766	770	772	775	779	783	785	790	794	797	804	/
3A_SB	53	a	757	763	768	772	775	777	779	783	787	789	793	798	801	807	812
3A_SB	53	d	758	765	769	773	776	778	780	784	788	790	795	799	802	809	/
3A_SB	54	a	762	768	773	777	780	782	784	788	792	794	799	803	806	812	816
3A_SB	54	d	763	770	774	778	781	783	785	789	793	795	800	804	807	814	/
3A_SB	55	a	767	773	778	782	786	788	790	794	798	800	805	809	812	818	821
3A_SB	55	d	768	775	779	783	787	789	791	795	799	801	806	810	813	819	/
3A_SB	56	a	772	778	783	787	791	793	795	798	803	805	810	813	817	823	826
3A_SB	56	d	773	780	784	788	792	794	796	800	804	806	811	815	818	824	/
3A_SB	57	a	777	783	788	792	796	798	801	804	808	810	815	818	822	828	831
3A_SB	57	d	778	785	789	793	797	799	802	805	809	811	816	820	823	829	/
3A_SB	58	a	782	788	793	798	801	803	806	809	813	815	820	823	827	832	836
3A_SB	58	d	783	790	795	799	802	804	807	810	814	816	821	825	828	834	/
3A_SB	59	a	787	793	798	803	806	808	811	815	819	821	826	829	832	837	841
3A_SB	59	d	788	795	800	804	807	809	812	816	820	822	827	830	833	839	/
3A_SB	60	a	792	798	803	808	811	813	815	820	824	826	831	834	837	842	846
3A_SB	60	d	793	800	805	809	812	814	817	821	825	827	832	835	838	844	/
3A_SB	61	a	798	803	808	813	816	818	820	825	829	831	836	839	842	848	851
3A_SB	61	d	799	805	810	814	817	819	822	826	830	832	837	840	843	849	/
3A_SB	62	a	803	808	813	818	821	823	825	830	834	836	841	844	847	853	856
3A_SB	62	d	804	810	815	819	822	824	827	831	835	837	842	845	848	854	/
3A_SB	63	a	808	813	818	823	826	828	830	835	839	841	845	849	853	860	863
3A_SB	63	d	809	815	820	824	827	829	832	836	840	842	847	851	855	861	/
3A_SB	64	a	817	823	827	831	835	838	841	845	849	851	855	860	864	870	874
3A_SB	64	d	818	824	828	833	837	840	843	846	850	852	857	862	865	872	/
3A_NB	1	a	27	31	36	40	44	48	52	57	61	66	71	76	80	84	90	95	99
3A_NB	1	d	28	33	38	41	45	49	54	59	63	68	73	78	82	86	92	97	/
3A_NB	2	a	54	58	62	66	71	75	80	84	88	93	96	100	103	105	111	115	120
3A_NB	2	d	55	59	64	68	73	77	81	86	90	94	97	101	104	107	113	117	/
3A_NB	3	a	73	76	80	85	89	93	98	102	105	110	114	117	121	123	128	132	135
3A_NB	3	d	74	78	82	87	91	95	100	104	107	111	115	118	122	124	129	133	/
3A_NB	4	a	84	87	91	96	100	104	109	114	117	122	126	130	133	135	140	143	148
3A_NB	4	d	85	89	93	98	102	106	111	115	119	123	127	131	134	136	141	145	/
3A_NB	5	a	98	101	104	107	110	113	117	121	123	127	132	136	140	144	149	152	156
3A_NB	5	d	99	102	105	108	111	114	118	122	124	129	133	137	142	145	150	153	/
3A_NB	6	a	104	107	110	113	116	119	123	127	129	133	137	142	147	151	156	160	165
3A_NB	6	d	105	108	111	114	117	120	124	128	130	134	139	144	149	153	158	162	/
3A_NB	7	a	117	120	125	129	133	137	141	144	146	150	154	158	161	163	167	171	176
3A_NB	7	d	118	122	127	131	135	138	142	145	147	151	155	159	162	164	168	173	/
3A_NB	8	a	143	146	151	154	157	160	164	169	172	177	180	183	187	190	195	198	201
3A_NB	8	d	144	148	152	155	158	162	166	171	174	178	181	184	188	191	196	199	/
3A_NB	9	a	155	159	163	166	170	173	177	181	184	190	193	196	200	203	209	213	216
3A_NB	9	d	156	160	164	168	171	174	178	182	186	191	194	197	202	205	210	214	/
3A_NB	10	a	167	170	174	178	183	186	189	192	195	199	202	205	209	211	215	219	223
3A_NB	10	d	168	171	176	180	184	187	190	193	196	200	203	206	210	212	216	221	/
3A_NB	11	a	176	179	182	186	191	194	199	204	206	211	215	219	222	224	228	231	236
3A_NB	11	d	177	180	184	188	192	196	201	205	208	212	216	220	223	225	229	233	/
3A_NB	12	a	201	205	208	212	216	220	223	228	231	235	238	242	245	248	252	256	260
3A_NB	12	d	202	206	210	214	217	221	225	230	232	236	239	243	246	249	253	257	/
3A_NB	13	a	216	219	223	227	231	235	240	244	248	254	257	262	265	267	273	277	281
3A_NB	13	d	217	221	225	229	232	237	242	246	250	255	259	263	266	269	275	278	/
3A_NB	14	a	238	241	245	248	252	256	261	265	268	272	276	280	284	287	291	294	297
3A_NB	14	d	239	243	246	250	254	258	262	267	269	273	277	281	285	288	292	295	/
3A_NB	15	a	262	266	270	274	277	280	284	289	293	298	302	305	309	312	316	320	324
3A_NB	15	d	263	268	272	275	278	282	286	291	295	299	303	306	310	313	317	321	/
3A_NB	16	a	267	271	275	279	282	286	291	296	300	306	310	313	317	321	326	331	335
3A_NB	16	d	268	273	277	280	284	288	293	298	302	307	311	314	319	323	328	332	/
3A_NB	17	a	273	277	281	284	287	292	296	301	305	311	316	320	323	326	331	336	340
3A_NB	17	d	274	279	282	285	289	293	298	303	307	313	318	321	324	328	333	337	/
3A_NB	18	a	289	293	297	300	304	309	314	318	321	326	330	333	336	339	343	347	351
3A_NB	18	d	290	295	298	302	306	311	316	320	323	327	331	334	337	340	344	349	/
3A_NB	19	a	313	317	321	325	330	333	336	339	342	347	350	354	357	359	364	368	372
3A_NB	19	d	314	319	323	327	331	334	337	341	344	348	351	355	358	360	365	370	/
3A_NB	20	a	331	335	339	343	347	351	354	357	359	364	368	372	375	378	382	386	389
3A_NB	20	d	332	337	341	345	348	352	355	358	361	365	369	373	376	379	383	387	/
3A_NB	21	a	337	341	345	349	353	358	362	365	368	372	376	381	385	388	392	396	400
3A_NB	21	d	338	343	347	351	355	360	363	366	369	373	378	382	386	389	393	397	/
3A_NB	22	a	351	354	357	360	363	366	369	372	375	379	382	386	390	394	399	403	407
3A_NB	22	d	352	355	358	361	364	367	370	373	376	380	383	387	392	396	400	405	/
3A_NB	23	a	358	361	364	367	371	375	379	384	388	394	397	401	405	407	411	414	418
3A_NB	23	d	359	362	365	369	373	377	381	386	390	395	398	402	406	408	412	416	/
3A_NB	24	a	382	385	388	392	396	399	403	408	411	416	420	424	427	430	434	438	442
3A_NB	24	d	383	386	390	393	397	400	405	409	412	417	421	425	428	431	435	440	/
3A_NB	25	a	389	393	396	399	403	407	411	416	420	426	429	433	436	438	443	447	450
3A_NB	25	d	390	394	397	400	405	409	413	418	422	427	430	434	437	439	444	448	/
3A_NB	26	a	396	400	403	406	409	412	416	421	425	431	434	438	442	444	449	453	456
3A_NB	26	d	397	401	404	407	410	414	418	423	427	432	435	439	443	445	450	454	/
3A_NB	27	a	403	407	411	415	419	424	429	434	437	442	446	450	454	456	460	464	468
3A_NB	27	d	404	409	413	417	421	426	431	435	438	443	447	451	455	457	461	465	/
3A_NB	28	a	420	424	428	431	436	440	444	448	451	456	459	462	466	468	473	478	483
3A_NB	28	d	421	426	429	433	438	442	445	450	453	457	460	463	467	469	475	480	/
3A_NB	29	a	435	439	444	448	452	457	461	466	470	475	478	481	485	487	491	495	499
3A_NB	29	d	436	441	446	450	454	459	463	468	472	476	479	482	486	488	492	496	/
3A_NB	30	a	441	445	450	455	458	463	467	471	475	480	484	488	492	494	499	503	507
3A_NB	30	d	442	447	452	456	460	465	469	473	477	481	485	489	493	495	500	504	/
3A_NB	31	a	462	466	469	472	475	479	482	485	488	492	496	500	504	507	512	516	519
3A_NB	31	d	463	467	470	473	476	480	483	486	489	493	497	502	505	508	514	517	/
3A_NB	32	a	469	473	477	481	485	488	491	494	497	501	505	509	512	515	521	524	528
3A_NB	32	d	470	475	479	482	486	489	492	495	498	502	506	510	514	517	522	525	/
3A_NB	33	a	479	482	485	489	494	497	501	506	509	513	517	521	524	526	530	534	539
3A_NB	33	d	480	483	486	491	495	499	503	507	510	514	518	522	525	527	531	536	/
3A_NB	34	a	503	506	509	514	517	520	523	528	532	537	541	544	547	550	554	558	562
3A_NB	34	d	504	507	511	515	518	521	525	530	534	538	542	545	548	551	555	559	/
3A_NB	35	a	508	511	515	520	524	528	532	537	541	545	549	552	555	557	562	566	570
3A_NB	35	d	509	513	517	522	525	530	534	539	542	546	550	553	556	558	563	567	/
3A_NB	36	a	523	527	532	537	541	544	548	552	555	560	563	567	571	574	579	582	586
3A_NB	36	d	524	529	534	539	542	546	550	554	557	561	564	568	572	575	580	583	/
3A_NB	37	a	532	536	541	546	550	554	558	562	566	571	574	578	582	585	589	593	597
3A_NB	37	d	533	538	543	548	552	556	560	564	568	572	575	579	583	586	590	594	/
3A_NB	38	a	537	541	546	551	555	559	563	567	571	576	579	583	587	590	594	598	602
3A_NB	38	d	538	543	548	553	557	561	565	569	573	577	580	584	588	591	595	599	/
3A_NB	39	a	544	548	552	557	561	565	569	573	576	581	585	589	593	596	600	605	608
3A_NB	39	d	545	549	554	559	563	567	571	575	578	583	586	590	594	597	602	606	/
3A_NB	40	a	561	565	569	573	577	582	585	589	593	599	602	606	610	612	617	622	627
3A_NB	40	d	562	567	571	575	579	583	587	591	595	600	603	608	611	613	619	624	/
3A_NB	41	a	591	595	600	604	607	611	615	619	623	628	632	636	640	642	647	652	656
3A_NB	41	d	592	597	601	605	609	613	617	621	625	630	633	638	641	643	649	654	/
3A_NB	42	a	596	600	605	609	612	616	620	624	628	633	637	641	645	648	652	657	661
3A_NB	42	d	597	602	606	610	614	618	622	626	630	635	638	643	646	649	654	659	/
3A_NB	43	a	610	613	618	621	624	628	631	634	636	640	643	647	651	654	658	663	666
3A_NB	43	d	611	615	619	622	625	629	632	635	637	641	644	648	652	655	660	664	/
3A_NB	44	a	615	618	623	626	629	633	636	639	641	645	649	653	657	660	664	668	671
3A_NB	44	d	616	620	624	627	630	634	637	640	642	646	650	654	658	661	665	669	/
3A_NB	45	a	620	623	628	631	635	639	642	645	648	652	656	660	664	666	670	674	678
3A_NB	45	d	621	625	629	632	636	640	643	646	649	653	657	661	665	667	671	675	/
3A_NB	46	a	625	628	632	636	640	644	647	650	653	658	662	665	669	671	675	679	683
3A_NB	46	d	626	630	634	637	641	645	648	651	655	660	663	666	670	672	676	680	/
3A_NB	47	a	630	634	637	641	645	649	652	655	658	664	667	670	674	677	681	685	689
3A_NB	47	d	631	635	639	642	646	650	653	656	660	665	668	671	675	678	682	686	/
3A_NB	48	a	635	639	642	646	649	654	657	660	663	669	672	675	678	682	686	690	694
3A_NB	48	d	636	640	644	647	651	655	658	661	665	670	673	676	680	683	687	691	/
3A_NB	49	a	657	660	665	669	673	677	680	684	687	691	695	699	703	707	711	715	718
3A_NB	49	d	658	662	667	671	675	678	681	685	688	692	696	701	705	708	712	716	/
3A_NB	50	a	686	690	694	698	702	705	708	712	715	719	723	728	732	734	740	744	748
3A_NB	50	d	687	692	696	700	703	706	710	713	716	721	725	729	733	736	741	745	/
3A_NB	51	a	691	695	699	703	707	710	713	717	720	725	728	733	737	740	745	749	753
3A_NB	51	d	692	697	701	705	708	711	715	718	721	726	730	734	738	741	746	750	/
3A_NB	52	a	704	708	711	714	717	720	723	726	729	734	737	741	744	747	752	756	760
3A_NB	52	d	705	709	712	715	718	721	724	727	730	735	738	742	745	748	753	757	/
3A_NB	53	a	709	713	716	719	723	727	730	733	736	740	743	747	750	753	758	762	766
3A_NB	53	d	710	714	717	720	724	728	731	734	737	741	744	748	751	754	759	763	/
3A_NB	54	a	714	718	721	724	728	732	735	739	741	745	748	752	755	758	763	767	771
3A_NB	54	d	715	719	722	725	729	733	736	740	742	746	749	753	756	759	764	768	/
3A_NB	55	a	719	722	726	729	733	737	740	744	746	750	754	758	761	764	769	772	776
3A_NB	55	d	720	724	727	730	734	738	741	745	747	751	755	759	762	765	770	773	/
3A_NB	56	a	743	746	750	754	758	763	766	769	772	776	780	784	788	791	796	801	805
3A_NB	56	d	744	748	752	756	760	764	767	770	773	777	781	785	790	793	798	802	/
3A_NB	57	a	773	777	780	785	788	792	796	799	802	806	810	814	818	821	827	830	835
3A_NB	57	d	774	778	782	786	790	793	797	800	803	807	811	815	820	823	828	832	/
3A_NB	58	a	803	807	811	815	819	822	825	828	830	834	839	843	848	852	856	860	865
3A_NB	58	d	804	808	812	816	820	823	826	829	831	836	840	845	850	853	857	862	/
3A_NB	59	a	833	837	841	844	848	851	854	857	859	865	868	873	878	881	886	890	894
3A_NB	59	d	834	838	842	845	849	852	855	858	861	866	870	875	880	883	887	892	/
3A_NB	60	a	863	866	870	873	877	881	884	887	889	894	898	903	908	911	916	920	925
3A_NB	60	d	864	867	871	874	878	882	885	888	891	896	900	905	910	913	917	922	/
3A_NB	61	a	893	896	899	903	906	909	913	917	920	924	928	933	938	941	946	950	955
3A_NB	61	d	894	897	901	904	907	911	915	918	921	926	930	935	940	943	947	952	/
3A_NB	62	a	923	926	930	933	936	940	944	947	950	954	958	962	967	970	974	979	983
3A_NB	62	d	924	927	931	934	937	941	945	948	951	955	960	964	968	971	976	981	/
3A_NB	63	a	953	956	959	962	966	970	973	977	980	984	988	991	996	999	1003	1007	1010
3A_NB	63	d	954	957	960	963	967	971	975	978	981	985	989	993	998	1000	1004	1008	/
3A_NB	64	a	983	986	989	992	996	999	1002	1006	1009	1014	1018	1022	1026	1029	1033	1037	1041
3A_NB	64	d	984	987	990	993	997	1000	1004	1007	1010	1015	1019	1023	1028	1030	1034	1038	/
