RouteID	RunID	Arrivals/Departures	TimePerStop
1A_SB	1	a	15	21	30	34	38	43	49	53	60	65	69	79	84	87
1A_SB	1	d	16	23	32	36	40	45	51	55	62	66	70	80	85	/
1A_SB	2	a	38	44	52	55	59	63	69	73	80	83	87	98	102	107
1A_SB	2	d	39	45	53	57	61	65	70	75	81	84	88	99	104	/
1A_SB	3	a	61	67	77	80	83	86	91	95	101	104	109	119	125	129
1A_SB	3	d	62	69	78	81	84	87	92	96	102	106	111	121	126	/
1A_SB	4	a	72	78	87	90	95	100	106	110	116	119	123	131	136	139
1A_SB	4	d	73	79	88	92	97	102	108	112	117	120	124	132	137	/
1A_SB	5	a	95	103	113	116	120	124	128	131	137	141	145	152	158	161
1A_SB	5	d	97	104	114	117	121	125	129	132	139	142	146	153	159	/
1A_SB	6	a	104	110	119	123	126	130	134	138	145	149	152	160	166	171
1A_SB	6	d	106	111	121	124	127	131	135	140	147	150	153	161	168	/
1A_SB	7	a	113	119	129	132	135	138	142	147	154	158	161	169	175	179
1A_SB	7	d	115	120	130	133	136	139	144	149	155	159	162	170	176	/
1A_SB	8	a	118	125	135	140	143	146	150	155	161	166	171	182	190	195
1A_SB	8	d	120	126	137	141	144	147	152	157	163	168	173	184	192	/
1A_SB	9	a	130	137	147	151	156	159	165	169	176	179	183	192	199	202
1A_SB	9	d	132	139	148	153	157	160	166	170	177	180	184	193	200	/
1A_SB	10	a	137	143	153	156	161	165	172	176	184	188	192	201	207	210
1A_SB	10	d	139	145	154	158	163	167	173	178	185	189	193	202	208	/
1A_SB	11	a	145	151	159	162	166	170	177	182	188	193	198	208	215	219
1A_SB	11	d	147	152	160	163	168	172	179	183	190	195	200	210	217	/
1A_SB	12	a	167	175	184	187	190	194	200	204	211	214	217	225	229	232
1A_SB	12	d	169	176	185	188	191	195	201	206	212	215	218	226	230	/
1A_SB	13	a	181	188	198	201	204	209	216	221	226	229	234	242	247	250
1A_SB	13	d	183	189	199	202	206	211	218	222	227	231	235	243	248	/
1A_SB	14	a	191	198	207	211	215	220	227	231	238	242	245	254	259	263
1A_SB	14	d	193	200	209	213	217	222	229	233	240	243	246	255	260	/
1A_SB	15	a	215	222	232	236	240	243	248	252	258	262	266	275	280	284
1A_SB	15	d	217	223	233	237	241	244	249	253	259	264	267	276	281	/
1A_SB	16	a	226	233	242	245	248	251	257	260	266	271	275	283	288	292
1A_SB	16	d	228	235	243	246	249	253	258	262	268	273	276	284	289	/
1A_SB	17	a	233	240	248	251	254	258	263	266	271	276	280	289	295	299
1A_SB	17	d	235	241	249	252	255	259	264	267	273	278	282	291	296	/
1A_SB	18	a	239	245	254	258	261	265	270	273	280	284	287	296	301	305
1A_SB	18	d	240	247	256	259	262	266	271	274	281	285	288	297	302	/
1A_SB	19	a	245	251	260	263	266	270	275	278	286	289	292	301	306	310
1A_SB	19	d	246	253	261	264	267	271	276	280	287	290	293	302	307	/
1A_SB	20	a	251	257	268	272	275	279	284	288	295	298	301	309	314	318
1A_SB	20	d	252	259	270	273	276	280	286	289	296	299	302	310	315	/
1A_SB	21	a	255	263	274	277	280	284	290	294	302	306	310	318	324	328
1A_SB	21	d	257	265	275	278	281	285	292	296	303	308	311	319	325	/
1A_SB	22	a	267	274	282	286	290	294	301	305	312	317	320	328	334	338
1A_SB	22	d	268	276	284	288	292	296	303	307	314	318	321	329	336	/
1A_SB	23	a	287	294	302	305	308	311	317	320	325	328	331	341	347	351
1A_SB	23	d	289	295	303	306	309	312	318	321	326	329	332	342	349	/
1A_SB	24	a	293	299	307	310	313	316	323	326	331	334	337	348	356	359
1A_SB	24	d	294	301	308	311	314	317	324	327	332	335	339	350	357	/
1A_SB	25	a	298	304	312	315	319	322	329	332	337	340	343	353	361	364
1A_SB	25	d	299	306	313	316	320	323	330	333	338	341	344	355	362	/
1A_SB	26	a	304	310	317	321	325	328	335	338	343	346	350	359	365	369
1A_SB	26	d	305	311	318	322	326	329	336	339	344	347	351	360	367	/
1A_SB	27	a	321	327	336	340	344	348	355	359	365	369	373	381	387	391
1A_SB	27	d	322	329	337	341	345	350	356	360	367	371	374	382	388	/
1A_SB	28	a	351	356	364	368	372	375	381	386	392	396	399	407	412	416
1A_SB	28	d	352	357	365	370	373	377	383	388	394	397	400	408	413	/
1A_SB	29	a	372	377	388	392	396	399	405	408	414	418	423	433	439	443
1A_SB	29	d	373	379	390	393	397	400	406	409	416	420	424	434	440	/
1A_SB	30	a	400	406	415	418	423	426	432	436	444	447	452	461	468	472
1A_SB	30	d	401	408	416	420	424	427	434	438	445	449	454	463	469	/
1A_SB	31	a	406	411	420	424	428	431	437	441	449	452	457	466	473	477
1A_SB	31	d	407	413	421	425	429	432	439	443	450	454	459	468	474	/
1A_SB	32	a	411	416	425	429	433	436	442	446	454	457	462	471	478	482
1A_SB	32	d	412	418	426	430	434	438	444	448	455	459	464	473	479	/
1A_NB	1	a	24	28	34	43	49	52	59	63	69	74	77	81	87	91
1A_NB	1	d	25	30	36	44	50	54	60	64	71	75	79	82	88	/
1A_NB	2	a	37	41	46	53	59	62	68	73	79	83	86	89	96	100
1A_NB	2	d	38	42	47	54	60	63	70	74	80	84	87	90	97	/
1A_NB	3	a	52	56	62	69	75	78	83	87	93	97	101	105	112	117
1A_NB	3	d	53	57	63	70	76	79	84	88	94	98	103	106	113	/
1A_NB	4	a	63	67	72	80	87	91	97	102	109	114	118	122	129	134
1A_NB	4	d	64	68	74	82	89	93	99	104	111	116	120	123	130	/
1A_NB	5	a	71	75	81	90	96	100	105	109	115	119	123	127	134	139
1A_NB	5	d	72	77	83	91	97	101	106	110	116	121	125	128	135	/
1A_NB	6	a	78	83	89	97	104	108	113	117	124	129	133	136	144	150
1A_NB	6	d	79	85	90	99	105	109	114	119	126	131	134	137	146	/
1A_NB	7	a	84	89	95	103	109	114	120	124	130	135	139	142	150	154
1A_NB	7	d	85	90	96	104	111	116	122	126	132	136	140	143	151	/
1A_NB	8	a	94	98	104	111	118	122	127	131	136	140	144	147	155	159
1A_NB	8	d	95	99	105	113	119	123	129	132	137	141	145	148	156	/
1A_NB	9	a	108	113	118	125	130	133	138	142	147	151	155	158	168	173
1A_NB	9	d	109	114	119	126	131	134	139	143	148	152	156	159	169	/
1A_NB	10	a	113	118	123	132	138	142	148	153	159	162	166	169	177	182
1A_NB	10	d	114	119	125	134	140	144	150	154	160	163	167	170	178	/
1A_NB	11	a	119	124	129	137	144	147	153	158	164	167	171	174	182	188
1A_NB	11	d	121	125	130	139	145	149	155	159	165	168	172	175	183	/
1A_NB	12	a	143	148	154	162	169	172	177	181	188	191	195	198	205	211
1A_NB	12	d	145	149	155	163	170	173	178	182	189	192	196	199	206	/
1A_NB	13	a	149	153	159	168	174	177	182	186	193	196	201	204	212	219
1A_NB	13	d	150	154	161	170	175	178	183	187	194	198	202	206	214	/
1A_NB	14	a	171	176	181	188	194	197	203	207	213	217	220	224	232	239
1A_NB	14	d	172	177	183	189	195	198	204	208	214	218	221	225	233	/
1A_NB	15	a	190	195	202	210	217	221	227	232	240	245	249	253	260	265
1A_NB	15	d	191	197	204	212	219	223	229	234	242	247	251	255	261	/
1A_NB	16	a	218	222	228	235	242	247	253	257	265	270	274	279	286	293
1A_NB	16	d	219	224	230	237	244	249	255	259	267	272	276	281	288	/
1A_NB	17	a	236	240	246	252	258	263	268	271	278	283	288	291	298	305
1A_NB	17	d	237	242	247	254	260	264	269	273	280	285	289	292	300	/
1A_NB	18	a	240	245	251	258	263	268	275	279	286	290	295	298	305	312
1A_NB	18	d	242	247	253	259	265	270	277	281	288	292	296	299	307	/
1A_NB	19	a	247	252	258	266	272	276	283	288	294	297	301	305	313	319
1A_NB	19	d	249	254	260	268	274	278	285	289	295	298	302	306	314	/
1A_NB	20	a	263	268	274	282	287	290	295	299	306	309	312	316	323	328
1A_NB	20	d	265	269	275	283	288	291	296	300	307	310	313	318	324	/
1A_NB	21	a	270	275	281	289	295	299	304	308	315	318	322	325	331	336
1A_NB	21	d	271	276	282	290	297	300	306	309	316	319	323	326	332	/
1A_NB	22	a	277	282	288	297	304	308	314	317	322	325	330	334	342	348
1A_NB	22	d	278	283	290	299	306	310	315	318	323	327	332	336	344	/
1A_NB	23	a	299	303	309	316	322	325	332	337	343	346	349	352	361	367
1A_NB	23	d	300	305	310	317	323	327	334	339	344	347	350	353	362	/
1A_NB	24	a	314	318	324	332	338	342	349	353	360	363	367	371	380	385
1A_NB	24	d	315	319	326	333	340	344	350	355	361	365	369	372	381	/
1A_NB	25	a	340	345	352	361	367	371	376	381	388	392	396	399	406	412
1A_NB	25	d	341	347	354	362	368	372	378	382	390	394	397	400	408	/
1A_NB	26	a	365	369	375	383	389	393	399	404	411	414	418	422	431	435
1A_NB	26	d	366	371	377	385	391	395	401	405	412	416	420	423	432	/
1A_NB	27	a	395	400	406	413	419	423	430	434	439	443	448	451	459	465
1A_NB	27	d	396	401	407	415	421	425	431	435	441	445	449	453	460	/
1A_NB	28	a	425	430	435	442	448	451	456	460	466	470	475	479	486	492
1A_NB	28	d	426	431	436	443	449	453	458	461	467	472	476	481	488	/
1A_NB	29	a	436	440	446	453	459	464	469	472	477	482	486	491	498	505
1A_NB	29	d	437	442	447	454	461	465	470	473	479	484	488	493	500	/
1A_NB	30	a	456	460	465	471	477	481	488	491	497	501	505	509	516	522
1A_NB	30	d	457	461	466	473	478	483	489	492	499	503	507	511	517	/
1A_NB	31	a	469	473	479	486	492	495	501	506	511	515	519	523	529	534
1A_NB	31	d	470	474	480	488	493	497	503	507	513	516	521	524	530	/
1A_NB	32	a	480	484	490	497	503	507	512	517	523	527	530	533	541	549
1A_NB	32	d	481	485	491	499	504	508	514	519	525	528	531	535	543	/
2A_NB	1	a	4	7	12	18	20	24	30	33	36	46	52	55	58	61	65	68	71	75	79	84	88	92	96	102
2A_NB	1	d	5	8	13	19	21	25	31	34	37	47	53	56	59	62	66	69	73	76	81	85	90	93	97	/
2A_NB	2	a	10	13	18	23	25	29	34	38	41	52	58	61	63	66	70	73	76	79	84	89	94	97	101	107
2A_NB	2	d	11	14	19	24	26	30	36	39	43	53	59	62	64	67	71	74	78	81	86	91	95	98	102	/
2A_NB	3	a	16	19	24	30	34	37	42	45	49	60	65	68	70	73	77	80	84	87	92	96	100	104	107	114
2A_NB	3	d	17	21	26	32	35	38	43	46	50	61	66	69	71	74	78	82	86	89	94	97	102	105	108	/
2A_NB	4	a	33	37	41	47	49	52	58	63	66	78	84	88	92	96	100	103	106	108	113	118	123	127	131	138
2A_NB	4	d	34	38	42	48	50	53	60	64	68	80	86	90	94	98	101	104	107	110	115	120	124	129	132	/
2A_NB	5	a	44	47	50	55	58	62	68	73	78	88	94	97	100	103	107	110	115	118	123	128	133	137	140	148
2A_NB	5	d	45	48	51	57	60	63	70	75	79	90	95	98	101	105	109	112	117	120	125	130	135	138	141	/
2A_NB	6	a	69	72	75	81	83	86	91	94	97	106	111	113	115	119	122	125	128	130	134	138	142	145	148	156
2A_NB	6	d	70	73	76	82	84	87	92	95	98	107	112	114	116	120	123	126	129	131	135	139	143	146	149	/
2A_NB	7	a	74	78	82	88	90	93	98	102	105	114	119	122	124	127	130	133	136	138	142	146	150	154	157	166
2A_NB	7	d	75	79	83	89	91	94	100	103	106	115	120	123	125	128	131	134	137	139	143	147	151	155	158	/
2A_NB	8	a	79	83	87	93	95	99	105	110	114	124	130	133	135	138	142	145	148	150	154	158	162	166	169	176
2A_NB	8	d	80	84	88	94	97	101	107	112	116	125	131	134	136	139	143	146	149	151	155	159	163	167	170	/
2A_NB	9	a	85	89	94	99	102	106	112	117	121	129	135	137	140	143	147	150	154	157	161	165	169	173	176	183
2A_NB	9	d	86	91	96	101	104	108	114	119	123	130	136	139	141	144	148	151	155	158	162	166	170	174	177	/
2A_NB	10	a	94	97	102	107	110	114	120	124	128	136	142	144	146	149	152	154	159	162	166	169	174	178	181	189
2A_NB	10	d	95	99	104	109	112	116	122	126	130	137	143	145	147	150	153	156	160	163	167	171	175	179	182	/
2A_NB	11	a	99	102	107	113	115	119	125	129	133	141	147	149	151	154	157	159	164	167	170	174	179	182	187	195
2A_NB	11	d	100	104	109	114	117	121	127	131	135	142	148	150	152	155	158	161	165	168	172	176	180	184	188	/
2A_NB	12	a	114	118	123	128	130	134	140	144	148	157	164	166	170	174	178	182	186	189	193	197	201	204	207	213
2A_NB	12	d	115	120	124	129	131	136	142	146	150	158	165	168	172	176	180	183	187	190	195	198	202	205	208	/
2A_NB	13	a	140	143	148	155	158	162	169	174	178	187	194	197	199	204	207	210	213	215	220	224	227	231	235	244
2A_NB	13	d	141	145	150	157	160	164	171	176	180	188	195	198	201	205	209	211	214	217	222	225	229	232	236	/
2A_NB	14	a	162	165	169	175	178	182	188	193	196	205	211	215	217	220	224	227	232	234	237	240	244	249	252	261
2A_NB	14	d	163	166	170	177	180	184	190	194	197	206	213	216	218	221	225	229	233	235	238	241	246	250	254	/
2A_NB	15	a	188	192	196	202	204	207	212	216	219	228	234	237	240	245	250	254	258	260	263	267	271	276	280	287
2A_NB	15	d	190	193	197	203	205	208	213	217	220	229	236	239	242	247	252	255	259	261	264	268	273	278	281	/
2A_NB	16	a	206	210	214	221	225	230	236	240	244	251	259	263	266	270	275	278	282	284	288	292	297	300	303	311
2A_NB	16	d	208	212	216	223	227	231	237	242	245	253	261	264	268	272	276	280	283	285	289	294	298	301	305	/
2A_NB	17	a	216	220	224	230	232	237	244	249	252	260	267	271	275	278	282	285	289	291	295	299	302	307	310	317
2A_NB	17	d	217	222	226	231	234	239	246	250	254	262	269	273	276	279	283	286	290	292	296	300	304	308	311	/
2A_NB	18	a	221	225	230	235	237	242	249	254	258	267	273	276	280	283	287	291	295	297	301	305	308	312	316	326
2A_NB	18	d	222	227	231	236	239	244	251	255	259	268	274	278	281	284	289	292	296	298	302	306	309	314	318	/
2A_NB	19	a	227	230	235	240	242	247	254	259	263	272	280	283	286	290	293	296	300	302	306	310	313	317	322	332
2A_NB	19	d	228	232	236	241	244	249	256	260	264	273	281	284	287	291	294	297	301	303	307	311	314	319	324	/
2A_NB	20	a	232	235	240	245	248	252	259	264	269	280	288	291	293	297	300	303	307	309	313	317	320	323	327	337
2A_NB	20	d	233	237	241	247	249	254	261	266	270	281	289	292	294	298	302	305	308	310	314	318	321	324	329	/
2A_NB	21	a	237	240	245	251	253	257	264	269	273	285	293	296	298	302	306	308	312	314	318	322	325	328	332	340
2A_NB	21	d	238	242	247	252	255	259	266	271	275	287	294	297	299	304	307	310	313	315	319	323	326	329	334	/
2A_NB	22	a	267	270	274	279	282	286	291	295	299	309	315	318	321	325	329	332	336	340	345	350	353	356	360	368
2A_NB	22	d	268	272	275	281	283	287	292	296	300	310	317	320	322	326	330	334	338	342	347	351	354	358	361	/
2A_NB	23	a	272	276	279	284	287	290	296	300	304	314	320	323	326	330	333	337	341	345	350	355	358	361	365	373
2A_NB	23	d	273	277	280	286	288	292	297	301	305	315	322	325	327	331	335	339	343	347	352	356	359	363	366	/
2A_NB	24	a	277	281	284	290	292	295	301	306	310	320	326	328	332	335	339	343	347	350	355	360	363	366	370	378
2A_NB	24	d	278	282	286	291	293	297	303	307	311	321	327	330	333	337	341	345	349	352	357	361	364	368	371	/
2A_NB	25	a	282	286	290	295	297	300	307	312	317	326	332	335	338	341	345	348	352	355	360	365	368	371	375	381
2A_NB	25	d	283	287	291	296	298	302	309	314	319	327	333	336	339	343	347	350	354	357	362	366	369	373	376	/
2A_NB	26	a	287	291	295	300	303	306	312	317	322	331	337	340	343	346	351	353	357	360	365	370	373	376	380	386
2A_NB	26	d	288	292	296	301	304	307	314	319	324	332	338	341	344	348	352	355	359	362	367	371	374	378	381	/
2A_NB	27	a	292	296	301	307	310	314	319	323	328	336	343	347	350	353	357	359	362	365	370	375	378	382	385	391
2A_NB	27	d	293	298	303	308	312	315	321	325	330	338	345	349	351	354	358	360	364	367	372	376	379	383	386	/
2A_NB	28	a	297	301	306	312	316	320	326	329	334	342	349	353	355	358	362	364	367	370	375	379	383	387	390	396
2A_NB	28	d	298	303	308	314	318	322	327	331	336	344	351	354	356	359	363	365	369	372	377	381	384	388	391	/
2A_NB	29	a	307	311	316	323	327	331	337	341	346	355	362	364	366	370	374	377	380	382	386	389	392	395	398	405
2A_NB	29	d	308	313	318	325	329	333	339	343	348	356	363	365	367	371	375	378	381	383	387	390	393	396	400	/
2A_NB	30	a	333	337	342	348	351	355	362	366	371	381	388	392	394	398	401	404	408	410	414	418	422	425	429	436
2A_NB	30	d	334	339	344	350	353	357	364	368	372	383	390	393	395	399	402	405	409	411	415	420	423	426	430	/
2A_NB	31	a	363	367	371	378	380	384	391	396	400	412	419	422	424	427	430	433	437	440	443	446	451	454	457	465
2A_NB	31	d	364	369	373	379	382	386	393	398	402	413	420	423	425	428	431	435	438	441	444	448	452	455	459	/
2A_NB	32	a	393	396	401	407	410	414	421	426	430	439	446	449	451	454	458	462	465	468	473	476	480	484	487	495
2A_NB	32	d	394	398	403	409	412	416	423	428	432	441	447	450	452	456	460	463	467	470	474	477	481	485	489	/
2A_SB	1	a	14	19	25	29	33	37	41	45	50	55	59	62	66	70	74	82	87	91	95	102	104	109	114	118	126
2A_SB	1	d	15	21	27	30	35	39	43	47	52	56	61	63	68	72	75	83	88	93	97	103	106	111	115	119	/
2A_SB	2	a	32	37	42	45	49	52	56	60	65	70	76	79	83	87	91	98	104	109	114	120	123	129	133	137	149
2A_SB	2	d	33	38	43	47	51	54	58	62	67	72	78	80	84	88	92	99	106	111	115	122	125	131	135	139	/
2A_SB	3	a	49	55	61	65	69	73	77	81	85	89	93	95	98	102	106	116	123	126	129	136	139	143	147	150	158
2A_SB	3	d	50	56	63	67	71	75	78	82	86	90	94	96	99	103	108	118	124	127	130	137	140	144	148	151	/
2A_SB	4	a	64	69	76	79	83	86	90	94	99	102	107	110	114	118	123	133	141	145	149	154	156	160	164	167	176
2A_SB	4	d	65	71	77	80	84	88	91	96	100	104	109	112	116	120	125	135	143	147	150	155	157	161	165	168	/
2A_SB	5	a	80	85	91	94	97	99	103	107	111	115	120	122	127	131	135	143	150	153	156	161	163	167	170	173	182
2A_SB	5	d	81	87	92	95	98	101	104	108	112	117	121	124	129	132	136	144	151	154	157	162	164	168	171	174	/
2A_SB	6	a	93	100	106	110	115	117	121	124	127	131	134	136	140	144	148	156	163	166	170	175	178	182	185	189	198
2A_SB	6	d	95	102	108	112	116	119	122	125	128	132	135	137	141	145	149	157	164	167	171	176	180	183	186	190	/
2A_SB	7	a	107	113	119	123	127	130	133	136	139	143	146	148	152	156	160	170	179	184	188	194	197	202	206	211	224
2A_SB	7	d	109	114	120	124	128	131	134	137	140	144	147	150	153	157	162	172	181	185	189	195	199	204	208	213	/
2A_SB	8	a	119	125	133	137	141	144	147	152	157	161	164	166	169	172	175	184	190	194	198	205	208	212	215	219	231
2A_SB	8	d	121	127	135	139	142	146	149	154	158	162	165	167	170	173	176	185	191	195	199	206	209	213	216	220	/
2A_SB	9	a	126	132	139	143	147	151	154	158	163	167	170	172	175	178	181	189	195	199	203	210	213	217	220	224	234
2A_SB	9	d	128	133	141	145	149	153	156	160	164	168	171	173	176	179	182	190	196	200	204	211	214	218	221	225	/
2A_SB	10	a	146	152	157	161	166	169	172	175	178	181	184	186	189	192	196	202	208	212	216	221	224	229	233	236	246
2A_SB	10	d	147	153	159	163	168	170	173	176	179	182	185	187	190	193	197	204	209	213	217	222	226	230	234	237	/
2A_SB	11	a	155	161	166	170	173	175	178	181	185	189	192	194	197	200	204	211	218	222	227	232	235	239	244	248	258
2A_SB	11	d	156	162	167	171	174	176	179	182	186	190	193	195	198	201	206	213	220	224	228	234	236	241	246	250	/
2A_SB	12	a	164	169	175	180	183	187	191	195	198	202	205	208	211	214	218	225	231	235	239	245	247	252	256	259	268
2A_SB	12	d	165	170	177	181	185	189	193	196	199	203	207	209	212	215	219	226	232	236	240	246	248	253	257	260	/
2A_SB	13	a	173	178	184	188	191	194	198	201	204	208	211	214	218	221	225	232	238	242	245	251	253	258	262	265	274
2A_SB	13	d	174	180	185	189	192	196	199	202	205	209	213	215	219	222	226	233	239	243	246	252	255	259	263	266	/
2A_SB	14	a	183	189	195	199	203	206	209	212	215	218	222	224	228	231	235	242	248	252	255	261	264	268	272	277	288
2A_SB	14	d	184	191	196	200	204	207	210	213	216	219	223	225	229	232	236	243	249	253	256	263	265	269	274	279	/
2A_SB	15	a	198	202	208	213	218	220	222	225	228	232	236	239	242	246	249	256	262	267	270	276	278	282	286	290	299
2A_SB	15	d	199	204	210	215	219	221	223	226	229	233	237	240	243	247	251	257	264	268	271	277	279	283	287	291	/
2A_SB	16	a	213	219	224	227	230	232	234	237	240	244	248	250	253	257	260	267	273	276	279	285	287	291	295	300	311
2A_SB	16	d	215	220	225	228	231	233	235	238	241	245	249	251	254	258	261	268	274	277	280	286	288	292	297	301	/
2A_SB	17	a	218	224	230	233	236	238	240	243	246	250	254	256	259	263	266	273	279	282	285	290	292	297	301	305	317
2A_SB	17	d	220	225	231	234	237	239	241	244	247	251	255	257	260	264	267	274	280	283	287	291	294	298	303	307	/
2A_SB	18	a	227	234	240	243	246	248	251	254	257	261	265	267	270	274	278	286	293	297	301	306	308	312	316	319	328
2A_SB	18	d	229	235	241	244	247	249	252	255	258	262	266	268	271	275	279	287	294	298	302	307	309	313	317	320	/
2A_SB	19	a	232	239	245	248	251	253	256	259	262	266	270	272	275	279	283	291	299	302	306	311	313	319	324	328	337
2A_SB	19	d	234	241	246	249	252	254	257	260	263	267	271	273	276	280	284	293	300	303	307	312	315	321	326	330	/
2A_SB	20	a	238	245	250	253	258	260	263	266	270	273	277	279	282	286	289	299	306	310	314	320	323	328	332	335	343
2A_SB	20	d	240	246	251	255	259	261	264	268	271	274	278	280	283	287	291	301	308	311	315	321	324	330	333	336	/
2A_SB	21	a	244	250	255	258	263	265	268	272	276	279	283	285	289	292	295	305	311	315	319	326	330	334	337	340	348
2A_SB	21	d	245	251	256	260	264	266	270	274	277	280	284	286	290	293	297	306	313	316	321	328	331	335	338	341	/
2A_SB	22	a	251	257	262	265	269	271	273	277	281	285	289	291	295	298	301	309	316	320	324	331	335	340	343	347	357
2A_SB	22	d	252	258	263	266	270	272	275	279	283	286	290	292	296	299	303	311	318	321	326	333	337	341	345	349	/
2A_SB	23	a	263	269	275	278	282	284	286	289	292	296	300	302	306	310	313	320	327	331	335	342	346	351	356	360	369
2A_SB	23	d	264	270	276	280	283	285	287	290	293	297	301	303	307	311	315	322	329	332	337	344	348	353	358	361	/
2A_SB	24	a	269	274	280	284	288	291	293	296	299	303	307	309	313	317	320	327	334	338	342	349	353	358	362	366	376
2A_SB	24	d	270	275	282	285	289	292	294	297	300	304	308	310	314	318	322	329	335	339	344	351	355	360	363	368	/
2A_SB	25	a	274	279	286	289	293	296	298	301	305	309	313	315	319	322	325	332	338	343	347	354	358	363	367	371	381
2A_SB	25	d	275	281	287	290	294	297	299	302	306	310	314	316	320	323	327	334	340	344	349	356	360	365	368	373	/
2A_SB	26	a	291	296	303	307	311	314	316	320	323	327	331	334	339	343	346	355	363	367	371	378	380	384	388	392	402
2A_SB	26	d	292	297	304	308	312	315	317	321	324	328	332	336	341	344	348	357	364	368	373	379	381	385	389	393	/
2A_SB	27	a	297	302	309	314	318	322	325	330	334	338	342	346	350	354	359	365	371	376	381	387	390	394	399	404	415
2A_SB	27	d	298	303	311	316	320	324	327	332	336	340	344	348	352	356	360	367	373	378	382	389	391	396	401	405	/
2A_SB	28	a	314	319	325	328	331	334	337	340	343	346	350	352	356	359	363	370	376	381	386	393	396	400	404	409	420
2A_SB	28	d	315	320	326	329	332	335	338	341	344	347	351	354	357	361	365	372	378	383	388	395	397	401	406	410	/
2A_SB	29	a	319	324	330	335	339	343	346	349	353	357	362	364	367	370	374	381	388	392	396	403	405	410	414	418	427
2A_SB	29	d	320	325	332	336	341	344	347	350	354	359	363	365	368	372	375	383	390	393	397	404	406	411	415	420	/
2A_SB	30	a	324	329	335	340	345	348	352	356	360	364	368	370	373	378	382	389	394	397	401	408	412	418	423	428	436
2A_SB	30	d	325	330	337	342	347	350	354	357	361	365	369	371	375	379	383	390	395	398	402	410	414	420	425	429	/
2A_SB	31	a	345	350	355	359	363	365	369	373	376	381	386	389	392	396	400	407	413	417	422	429	433	438	442	446	458
2A_SB	31	d	346	351	356	361	364	367	371	374	378	383	388	390	393	398	401	408	415	419	424	431	434	439	444	448	/
2A_SB	32	a	350	355	361	365	369	372	376	381	385	390	394	398	402	407	411	418	424	427	431	438	441	446	450	454	463
2A_SB	32	d	351	357	363	367	371	374	378	383	387	392	396	400	404	409	412	419	425	429	433	439	442	447	451	455	/
3A_SB	1	a	11	15	19	23	27	31	35	40	45	48	52	56	59	67	71
3A_SB	1	d	12	17	20	25	29	33	37	42	46	49	54	57	61	69	/
3A_SB	2	a	19	24	28	33	37	41	45	49	54	58	62	66	70	77	81
3A_SB	2	d	20	26	30	35	39	43	46	51	56	59	64	68	71	78	/
3A_SB	3	a	42	48	53	58	63	67	71	75	79	81	86	90	93	99	103
3A_SB	3	d	43	50	55	60	65	69	73	76	80	82	87	91	94	100	/
3A_SB	4	a	60	66	70	75	79	83	86	91	96	99	104	108	111	116	120
3A_SB	4	d	61	68	72	76	81	85	88	93	97	100	105	109	112	117	/
3A_SB	5	a	75	80	84	89	93	97	101	106	111	113	117	121	124	130	135
3A_SB	5	d	76	81	86	91	95	99	103	108	112	114	118	122	125	132	/
3A_SB	6	a	94	99	102	106	110	114	118	123	127	129	134	137	140	146	149
3A_SB	6	d	95	100	103	108	112	116	120	125	128	130	135	138	141	147	/
3A_SB	7	a	102	107	111	114	118	121	124	129	133	136	143	147	151	157	162
3A_SB	7	d	103	108	112	116	119	123	126	131	135	138	145	149	153	159	/
3A_SB	8	a	122	128	133	137	141	143	146	149	153	155	160	163	167	172	175
3A_SB	8	d	123	130	134	138	142	144	147	150	154	156	161	164	168	173	/
3A_SB	9	a	129	135	138	143	148	151	155	160	165	167	171	174	178	183	186
3A_SB	9	d	130	136	140	145	150	153	157	162	166	168	172	175	179	184	/
3A_SB	10	a	136	142	146	150	155	157	160	165	170	172	176	179	183	190	194
3A_SB	10	d	137	144	147	152	156	158	162	167	171	173	177	181	185	192	/
3A_SB	11	a	144	150	154	159	164	167	171	175	180	182	187	190	193	199	203
3A_SB	11	d	145	152	156	161	166	169	173	177	181	183	188	191	194	200	/
3A_SB	12	a	168	173	176	180	185	188	191	196	201	203	208	211	214	219	222
3A_SB	12	d	169	174	178	182	187	190	193	198	202	204	209	212	215	220	/
3A_SB	13	a	195	200	205	209	212	214	217	220	224	226	230	233	236	241	244
3A_SB	13	d	196	202	206	210	213	215	218	221	225	227	231	234	237	242	/
3A_SB	14	a	200	205	210	214	217	220	223	226	229	231	235	238	241	247	251
3A_SB	14	d	201	207	211	215	219	221	224	227	230	232	236	239	242	249	/
3A_SB	15	a	205	210	215	219	223	227	230	235	239	242	246	249	252	258	262
3A_SB	15	d	206	212	216	221	225	229	232	237	240	243	247	250	253	259	/
3A_SB	16	a	222	227	232	237	240	243	246	249	252	255	259	262	266	273	277
3A_SB	16	d	223	229	233	238	241	244	247	250	253	256	260	264	268	275	/
3A_SB	17	a	227	233	237	243	247	251	255	260	264	267	271	274	279	285	288
3A_SB	17	d	228	234	239	245	249	253	257	262	265	268	272	276	280	286	/
3A_SB	18	a	243	249	253	257	260	262	264	268	271	273	278	281	285	292	295
3A_SB	18	d	244	250	255	258	261	263	265	269	272	274	279	282	286	293	/
3A_SB	19	a	251	257	262	265	268	270	273	278	283	285	291	294	297	304	309
3A_SB	19	d	252	259	263	266	269	271	275	280	284	286	292	295	298	306	/
3A_SB	20	a	258	263	268	271	274	277	280	285	289	292	298	301	304	311	315
3A_SB	20	d	259	265	269	272	275	278	282	286	290	293	299	302	305	312	/
3A_SB	21	a	265	270	275	279	282	285	287	290	294	297	303	306	309	316	320
3A_SB	21	d	266	272	276	280	283	286	288	291	295	298	304	307	310	317	/
3A_SB	22	a	271	276	280	284	288	291	293	296	300	302	307	311	314	320	325
3A_SB	22	d	272	277	281	285	289	292	294	297	301	303	309	312	315	322	/
3A_SB	23	a	285	290	295	298	302	305	307	310	314	316	320	325	329	335	338
3A_SB	23	d	286	292	296	300	303	306	308	311	315	317	322	327	330	336	/
3A_SB	24	a	291	296	301	305	309	312	315	320	324	326	330	333	336	342	345
3A_SB	24	d	292	298	302	307	310	314	317	322	325	327	331	334	337	343	/
3A_SB	25	a	296	301	305	310	314	317	320	325	329	332	337	340	343	349	352
3A_SB	25	d	297	303	307	312	316	319	322	327	330	333	338	341	344	350	/
3A_SB	26	a	311	317	322	326	329	332	334	338	342	345	350	353	356	361	364
3A_SB	26	d	312	319	323	327	330	333	335	339	343	346	351	354	357	362	/
3A_SB	27	a	326	332	336	340	344	348	351	354	359	362	366	370	374	379	383
3A_SB	27	d	327	333	338	342	346	349	352	356	360	363	368	371	375	381	/
3A_SB	28	a	356	361	366	370	374	377	380	385	389	392	397	400	403	409	414
3A_SB	28	d	357	363	367	372	376	379	382	386	390	393	398	401	404	411	/
3A_SB	29	a	386	391	395	400	404	407	410	415	419	421	426	429	433	439	443
3A_SB	29	d	387	393	397	402	406	409	412	416	420	422	427	430	434	441	/
3A_SB	30	a	416	421	425	430	434	437	440	444	449	451	456	459	462	469	473
3A_SB	30	d	417	423	427	432	435	439	442	446	450	452	457	460	464	471	/
3A_SB	31	a	445	451	456	459	463	467	469	474	477	480	485	489	492	498	502
3A_SB	31	d	446	453	457	461	465	468	471	475	479	482	486	490	494	500	/
3A_SB	32	a	475	480	485	489	493	496	500	503	507	510	515	518	521	525	529
3A_SB	32	d	476	482	487	491	494	498	501	505	509	512	516	519	522	527	/
3A_NB	1	a	28	32	35	40	44	48	52	55	59	64	69	73	78	82	88	92	96
3A_NB	1	d	29	33	37	42	46	49	53	57	60	66	70	75	80	84	89	94	/
3A_NB	2	a	46	50	54	58	61	64	67	71	74	79	83	86	91	94	99	104	108
3A_NB	2	d	47	51	55	59	62	65	69	72	76	80	84	88	93	96	101	106	/
3A_NB	3	a	57	61	65	70	74	79	83	87	91	96	100	104	107	111	115	120	124
3A_NB	3	d	58	62	67	72	76	81	85	89	93	97	101	105	109	112	117	121	/
3A_NB	4	a	72	75	79	83	87	92	97	102	106	113	117	121	124	127	131	134	138
3A_NB	4	d	73	76	81	85	89	94	99	104	108	114	118	122	125	128	132	135	/
3A_NB	5	a	88	91	95	100	104	109	114	119	123	128	132	136	140	143	147	151	154
3A_NB	5	d	89	93	97	102	106	111	116	121	125	129	133	137	141	144	148	152	/
3A_NB	6	a	96	99	102	107	111	115	119	124	128	133	137	141	145	148	152	156	159
3A_NB	6	d	97	100	104	109	112	116	121	126	130	134	138	142	146	149	153	157	/
3A_NB	7	a	106	110	114	119	122	126	129	133	136	140	144	148	152	155	159	163	166
3A_NB	7	d	107	112	116	120	123	127	130	134	137	141	145	149	154	156	160	164	/
3A_NB	8	a	119	122	125	128	131	135	139	144	148	153	156	160	163	165	170	173	177
3A_NB	8	d	120	123	126	129	132	137	141	146	150	154	157	161	164	166	171	174	/
3A_NB	9	a	141	144	148	153	158	162	167	171	175	181	184	187	190	192	197	201	205
3A_NB	9	d	142	146	150	155	160	164	169	173	177	182	185	188	191	193	198	202	/
3A_NB	10	a	156	159	162	166	169	173	177	180	182	186	189	193	198	201	207	212	216
3A_NB	10	d	157	160	163	167	170	174	178	181	183	187	191	195	200	203	209	213	/
3A_NB	11	a	165	169	172	176	180	184	188	193	197	202	205	209	212	214	219	223	227
3A_NB	11	d	166	170	174	178	182	185	190	195	198	203	206	210	213	215	220	224	/
3A_NB	12	a	175	179	183	186	190	193	197	200	204	210	214	218	221	223	228	233	236
3A_NB	12	d	176	180	184	187	191	194	198	202	206	211	215	219	222	225	230	234	/
3A_NB	13	a	186	189	194	199	203	206	211	215	218	223	227	230	234	237	241	245	248
3A_NB	13	d	187	191	196	201	204	207	213	217	220	224	228	231	235	238	242	246	/
3A_NB	14	a	197	200	204	209	212	216	221	225	228	234	238	241	244	247	252	256	259
3A_NB	14	d	198	202	206	211	214	218	223	227	230	235	239	242	245	248	253	257	/
3A_NB	15	a	205	208	212	217	220	224	228	232	235	241	244	247	250	253	258	261	265
3A_NB	15	d	206	210	214	219	222	226	230	234	237	242	245	248	251	254	259	263	/
3A_NB	16	a	211	215	218	223	227	231	235	239	242	247	251	255	260	264	270	275	279
3A_NB	16	d	212	216	220	225	228	233	237	241	244	249	253	257	262	266	272	276	/
3A_NB	17	a	218	222	225	229	233	238	241	246	249	254	258	262	267	271	276	280	284
3A_NB	17	d	219	223	227	231	235	239	243	248	251	255	259	264	269	273	277	281	/
3A_NB	18	a	232	235	238	241	245	249	252	257	260	265	269	273	276	278	282	286	290
3A_NB	18	d	233	236	239	243	247	250	254	259	262	266	270	274	277	279	283	287	/
3A_NB	19	a	238	241	245	250	254	257	260	265	267	271	274	278	281	284	287	290	295
3A_NB	19	d	239	243	247	252	255	258	262	266	268	272	275	279	283	285	288	292	/
3A_NB	20	a	247	250	254	259	262	265	268	272	275	279	282	287	291	293	296	299	303
3A_NB	20	d	248	252	256	260	263	266	269	273	276	280	284	288	292	294	297	301	/
3A_NB	21	a	252	255	259	264	267	271	274	278	282	287	292	295	299	301	305	308	311
3A_NB	21	d	253	257	261	265	269	272	276	280	284	289	293	296	300	302	306	309	/
3A_NB	22	a	261	264	268	273	277	280	283	286	289	294	298	301	304	306	310	313	316
3A_NB	22	d	262	266	270	274	278	281	284	287	291	295	299	302	305	307	311	314	/
3A_NB	23	a	266	269	273	278	282	285	288	293	296	300	304	308	311	313	317	321	325
3A_NB	23	d	267	271	275	279	283	286	290	294	297	301	305	309	312	314	319	322	/
3A_NB	24	a	273	276	279	283	287	291	294	298	301	306	310	314	319	322	326	330	334
3A_NB	24	d	274	277	280	284	289	292	295	299	303	307	311	316	320	323	328	331	/
3A_NB	25	a	278	281	285	289	293	296	300	305	309	313	317	321	325	328	332	335	339
3A_NB	25	d	279	283	287	290	294	298	302	307	310	314	318	322	326	329	333	336	/
3A_NB	26	a	283	286	291	294	298	301	305	310	314	319	322	326	330	333	337	340	345
3A_NB	26	d	284	288	292	295	299	303	307	312	315	320	323	327	331	334	338	342	/
3A_NB	27	a	292	296	300	303	306	310	313	317	320	325	328	333	337	340	344	347	351
3A_NB	27	d	293	297	301	304	307	311	314	318	321	326	330	334	338	341	345	348	/
3A_NB	28	a	298	302	305	309	312	316	319	323	326	331	334	338	342	346	350	353	357
3A_NB	28	d	299	303	307	310	313	317	320	324	327	332	335	339	344	347	351	354	/
3A_NB	29	a	310	314	318	322	327	331	335	339	342	346	349	354	358	361	365	369	373
3A_NB	29	d	311	315	320	324	329	333	337	341	343	347	351	355	359	362	366	370	/
3A_NB	30	a	322	326	330	335	338	343	346	349	351	355	358	363	366	369	374	378	381
3A_NB	30	d	323	327	332	336	340	344	347	350	352	356	360	364	368	371	375	379	/
3A_NB	31	a	327	331	335	340	343	348	351	355	358	364	368	373	378	380	384	388	391
3A_NB	31	d	328	332	337	341	345	349	353	357	360	366	370	375	379	381	385	389	/
3A_NB	32	a	334	338	342	347	352	356	359	362	365	371	374	379	384	387	391	395	400
3A_NB	32	d	335	339	344	349	353	357	360	364	367	372	376	381	386	388	392	397	/
