RouteID	RunID	Arrivals/Departures	TimePerStop
1A_SB	1	a	12	20	31	35	39	43	48	53	60	64	69	78	84	87
1A_SB	1	d	13	21	32	37	41	44	50	55	62	66	70	80	85	/
1A_SB	2	a	36	41	50	54	58	62	69	73	80	83	87	98	103	106
1A_SB	2	d	37	42	51	55	60	64	71	75	81	84	89	99	104	/
1A_SB	3	a	62	67	76	80	83	86	91	94	99	103	107	118	124	128
1A_SB	3	d	63	69	78	81	84	87	92	95	100	104	109	120	125	/
1A_SB	4	a	75	81	89	93	96	100	107	112	118	121	125	135	142	145
1A_SB	4	d	77	82	90	94	98	102	109	114	119	122	126	137	143	/
1A_SB	5	a	95	102	110	113	116	120	126	131	137	142	146	155	159	163
1A_SB	5	d	97	103	111	114	117	121	128	132	139	143	147	156	160	/
1A_SB	6	a	104	110	118	121	125	129	135	138	143	148	152	160	164	167
1A_SB	6	d	106	111	119	122	126	130	136	139	145	149	153	161	165	/
1A_SB	7	a	113	119	127	131	135	138	145	148	153	157	161	170	175	178
1A_SB	7	d	115	120	128	132	136	140	146	149	154	158	163	171	176	/
1A_SB	8	a	118	125	133	137	141	144	150	154	160	164	167	176	181	184
1A_SB	8	d	120	126	134	138	142	145	152	155	161	165	168	177	182	/
1A_SB	9	a	123	130	138	142	146	149	155	159	166	170	174	184	188	192
1A_SB	9	d	125	131	139	143	147	150	157	161	168	172	176	185	190	/
1A_SB	10	a	130	137	148	152	156	160	166	169	174	177	180	188	193	198
1A_SB	10	d	132	139	149	154	158	161	167	170	175	178	181	190	195	/
1A_SB	11	a	135	143	153	158	162	165	170	174	180	183	186	194	199	203
1A_SB	11	d	137	144	155	160	163	167	172	176	181	184	187	195	200	/
1A_SB	12	a	140	148	158	163	167	172	177	181	186	190	194	202	207	211
1A_SB	12	d	142	149	160	165	169	174	179	183	188	192	195	203	208	/
1A_SB	13	a	167	174	182	185	188	192	197	200	205	208	211	221	227	232
1A_SB	13	d	169	175	183	186	189	193	198	202	206	209	212	222	228	/
1A_SB	14	a	176	183	192	195	198	202	207	210	216	219	223	233	241	246
1A_SB	14	d	178	184	193	196	200	203	208	212	217	220	225	235	243	/
1A_SB	15	a	182	189	198	201	204	207	213	218	224	228	232	242	248	253
1A_SB	15	d	184	190	199	202	205	209	215	220	226	230	234	244	250	/
1A_SB	16	a	193	201	208	211	214	218	224	228	233	237	241	249	254	257
1A_SB	16	d	195	202	209	212	216	219	226	229	235	239	243	250	255	/
1A_NB	1	a	10	15	21	27	33	38	43	48	55	59	63	66	73	80
1A_NB	1	d	11	17	22	28	35	39	45	50	56	60	64	67	75	/
1A_NB	2	a	16	20	26	33	38	43	48	53	60	64	68	71	79	85
1A_NB	2	d	17	22	28	34	40	45	50	55	61	65	69	73	80	/
1A_NB	3	a	29	34	39	46	51	55	59	64	70	75	79	82	89	94
1A_NB	3	d	30	35	40	47	52	56	61	65	72	76	80	84	90	/
1A_NB	4	a	45	50	57	66	73	77	82	86	91	95	98	101	107	113
1A_NB	4	d	46	52	59	68	75	79	84	87	92	96	99	102	108	/
1A_NB	5	a	52	57	64	71	78	82	87	91	97	101	104	108	116	123
1A_NB	5	d	53	59	66	73	80	84	89	92	98	102	105	109	118	/
1A_NB	6	a	59	64	71	78	84	88	94	97	103	107	111	116	125	130
1A_NB	6	d	60	66	73	80	86	90	95	98	104	109	113	118	126	/
1A_NB	7	a	67	72	79	87	92	95	100	103	109	114	118	123	133	138
1A_NB	7	d	68	74	81	88	93	96	101	104	111	116	120	125	134	/
1A_NB	8	a	73	78	85	93	99	103	108	112	118	122	125	129	138	145
1A_NB	8	d	74	80	87	95	101	105	109	113	119	123	126	130	140	/
1A_NB	9	a	94	98	104	110	116	119	124	127	135	139	143	148	156	161
1A_NB	9	d	95	100	105	111	117	120	125	129	137	141	145	150	157	/
1A_NB	10	a	120	125	131	137	143	147	151	154	161	166	171	174	182	188
1A_NB	10	d	122	126	132	139	144	148	152	156	163	168	172	175	183	/
1A_NB	11	a	134	140	148	155	160	163	168	173	181	186	189	192	200	205
1A_NB	11	d	136	142	150	156	161	164	170	175	183	187	190	193	201	/
1A_NB	12	a	143	149	155	161	167	171	178	182	188	192	196	199	205	211
1A_NB	12	d	145	150	156	163	168	173	180	183	189	194	197	200	207	/
1A_NB	13	a	165	169	176	182	189	193	200	205	213	216	219	223	230	237
1A_NB	13	d	167	171	177	184	191	195	202	207	214	217	221	224	232	/
1A_NB	14	a	188	192	197	206	213	218	226	229	237	241	245	248	257	264
1A_NB	14	d	189	193	199	208	215	220	227	231	239	242	246	250	259	/
1A_NB	15	a	214	218	225	231	237	242	249	253	260	264	269	273	280	288
1A_NB	15	d	215	220	226	233	239	244	250	255	261	266	271	274	282	/
1A_NB	16	a	243	248	254	261	267	271	276	281	287	290	293	297	304	311
1A_NB	16	d	244	249	255	262	269	272	278	283	288	291	295	298	305	/
2A_NB	1	a	15	20	24	29	32	36	41	44	48	58	64	66	70	73	77	80	84	87	90	94	98	103	107	114
2A_NB	1	d	16	21	25	31	33	38	42	45	50	60	65	68	71	75	78	82	85	88	91	95	100	105	109	/
2A_NB	2	a	21	26	31	36	38	42	46	51	55	64	69	71	75	78	82	86	89	92	97	101	106	110	114	120
2A_NB	2	d	22	28	32	37	39	43	48	52	56	65	70	73	76	80	84	87	91	94	98	103	108	112	115	/
2A_NB	3	a	26	31	36	41	43	47	52	56	60	69	74	76	79	83	87	91	94	97	102	106	111	115	119	126
2A_NB	3	d	27	33	37	42	44	48	53	57	61	70	75	78	81	85	89	92	96	99	103	108	113	117	120	/
2A_NB	4	a	32	36	41	46	48	52	57	61	65	74	80	82	84	88	92	96	99	102	107	111	116	120	124	131
2A_NB	4	d	33	38	42	47	49	53	58	62	66	75	81	83	86	90	94	97	101	104	108	113	118	122	125	/
2A_NB	5	a	37	41	46	51	53	57	62	66	70	79	85	87	89	93	97	101	104	107	111	116	121	125	129	136
2A_NB	5	d	38	43	47	52	54	58	63	67	71	80	86	88	91	95	99	102	106	109	113	118	123	127	130	/
2A_NB	6	a	42	46	51	56	58	62	66	71	75	85	91	93	96	99	102	106	109	112	116	121	126	130	134	140
2A_NB	6	d	43	48	52	57	59	63	68	72	76	86	92	94	97	100	104	107	111	114	118	123	128	132	135	/
2A_NB	7	a	52	55	59	64	66	70	75	79	82	92	99	101	105	108	112	115	118	120	124	128	132	135	139	145
2A_NB	7	d	53	56	60	65	67	72	76	80	83	93	100	103	106	110	113	116	119	121	125	129	133	137	140	/
2A_NB	8	a	58	61	65	70	72	77	82	86	89	98	106	108	111	114	117	121	126	130	134	137	142	145	149	156
2A_NB	8	d	59	62	66	71	74	78	83	87	90	100	107	109	112	115	119	123	128	131	135	139	143	147	150	/
2A_NB	9	a	64	67	71	76	79	83	88	92	96	105	110	113	117	121	126	130	135	138	142	145	149	152	155	162
2A_NB	9	d	65	68	72	77	80	84	89	93	97	106	112	115	119	123	128	132	137	139	143	146	150	153	156	/
2A_NB	10	a	70	74	79	84	87	91	96	100	105	113	119	122	126	130	134	138	141	143	147	150	154	157	160	167
2A_NB	10	d	72	75	80	85	88	92	97	102	106	115	121	124	127	131	136	139	142	144	148	151	155	158	161	/
2A_NB	11	a	75	79	84	90	93	96	101	105	109	118	124	127	131	135	139	143	147	150	154	159	163	166	169	177
2A_NB	11	d	77	80	86	91	94	97	102	107	111	120	126	129	132	137	141	145	149	151	156	160	164	167	170	/
2A_NB	12	a	90	94	98	103	107	111	116	120	124	133	138	142	145	149	152	154	158	161	165	169	173	176	179	185
2A_NB	12	d	91	95	99	105	109	113	118	122	126	134	140	143	146	150	153	156	159	162	166	170	174	177	180	/
2A_NB	13	a	95	99	103	108	112	116	121	126	130	138	145	148	151	154	157	159	163	166	170	174	178	181	184	190
2A_NB	13	d	96	100	104	110	114	118	123	128	131	140	146	149	152	155	158	161	164	167	171	175	179	182	185	/
2A_NB	14	a	101	105	110	116	119	122	128	133	137	144	150	153	156	160	164	168	172	174	178	183	187	191	195	203
2A_NB	14	d	102	107	112	117	120	123	130	135	139	145	151	154	158	162	166	170	173	175	180	184	189	193	197	/
2A_NB	15	a	111	115	119	124	127	131	138	142	145	152	159	162	165	169	174	178	182	185	188	193	198	201	205	213
2A_NB	15	d	112	116	120	126	129	133	140	143	147	153	160	163	166	171	176	180	184	186	190	195	199	202	207	/
2A_NB	16	a	140	144	149	154	157	160	165	169	172	181	188	190	194	198	202	205	208	211	215	219	223	226	230	238
2A_NB	16	d	141	146	150	155	158	161	167	170	173	183	189	192	196	199	204	206	209	213	217	220	224	228	232	/
2A_SB	1	a	11	18	24	28	31	35	39	43	48	52	57	61	65	69	73	81	87	91	95	101	104	109	113	116	128
2A_SB	1	d	12	20	26	29	33	37	41	45	49	54	59	63	67	70	75	82	88	92	96	102	105	110	114	117	/
2A_SB	2	a	23	29	35	38	43	47	51	56	61	66	71	73	76	80	83	90	96	100	104	110	113	118	122	126	135
2A_SB	2	d	24	30	36	40	45	49	53	58	63	68	72	74	77	81	84	92	97	101	105	111	114	119	123	127	/
2A_SB	3	a	28	34	41	45	49	53	57	62	67	72	77	79	82	86	89	97	102	107	112	118	121	126	130	134	143
2A_SB	3	d	29	36	43	47	51	55	59	64	69	74	78	80	83	87	90	98	104	109	113	119	122	127	131	135	/
2A_SB	4	a	49	54	61	65	70	73	76	80	84	88	91	94	97	100	104	112	117	121	126	131	133	138	142	146	156
2A_SB	4	d	50	55	62	67	72	75	77	82	85	89	93	95	98	101	105	113	118	123	127	132	134	139	143	148	/
2A_SB	5	a	66	70	76	80	83	86	88	92	95	98	101	103	107	110	113	121	126	130	134	140	142	147	151	156	166
2A_SB	5	d	67	71	77	81	84	87	89	93	96	99	102	105	108	111	114	122	127	131	135	141	143	148	153	157	/
2A_SB	6	a	79	84	90	94	97	99	102	106	110	114	117	119	122	125	129	138	144	147	151	157	159	164	167	170	180
2A_SB	6	d	80	85	92	95	98	100	103	107	111	115	118	120	123	126	130	139	145	148	152	158	160	165	168	171	/
2A_SB	7	a	86	92	98	101	104	106	109	112	116	120	123	125	128	131	135	144	150	153	156	162	164	169	172	175	185
2A_SB	7	d	88	93	99	102	105	107	110	113	117	121	124	126	129	132	136	145	151	154	157	163	165	170	173	176	/
2A_SB	8	a	94	100	106	110	115	117	121	124	128	131	134	137	141	144	148	155	161	164	168	176	179	183	186	189	200
2A_SB	8	d	96	101	107	112	116	119	122	125	129	132	135	138	142	146	150	156	162	165	169	177	180	184	187	190	/
2A_SB	9	a	107	114	120	123	126	128	131	134	138	141	145	148	152	155	159	165	172	175	179	185	187	191	195	199	209
2A_SB	9	d	109	115	121	124	127	129	132	135	139	142	146	149	153	156	160	166	173	176	180	186	188	193	197	200	/
2A_SB	10	a	112	119	125	129	133	137	139	142	146	149	153	155	158	161	165	171	178	181	184	190	192	196	201	204	214
2A_SB	10	d	114	121	127	131	135	138	140	143	147	150	154	156	159	162	166	172	179	182	185	191	193	198	202	205	/
2A_SB	11	a	117	124	130	134	138	142	144	147	151	155	159	161	164	167	171	177	184	188	191	197	200	204	208	211	221
2A_SB	11	d	119	126	132	136	140	143	145	148	152	156	160	162	165	168	172	178	185	189	192	198	201	205	209	212	/
2A_SB	12	a	124	130	135	140	144	147	149	153	157	161	165	167	170	173	177	183	190	194	197	203	206	210	214	217	227
2A_SB	12	d	125	131	137	142	145	148	151	154	158	162	166	168	171	174	178	184	191	195	198	204	207	211	215	218	/
2A_SB	13	a	129	135	142	146	149	152	155	158	163	167	171	173	176	179	182	190	197	200	203	209	213	218	223	228	237
2A_SB	13	d	130	136	143	147	150	153	156	160	164	168	172	174	177	180	183	191	198	201	204	211	215	220	225	229	/
2A_SB	14	a	143	149	155	158	162	165	167	170	174	178	182	184	187	190	193	201	208	211	214	219	223	228	231	235	244
2A_SB	14	d	144	150	156	160	163	166	168	171	175	179	183	185	188	191	194	202	209	212	215	221	225	229	232	236	/
2A_SB	15	a	152	158	165	169	173	175	177	180	183	187	191	193	196	199	203	211	217	221	224	230	234	238	241	244	256
2A_SB	15	d	153	160	167	170	174	176	178	181	184	188	192	194	197	200	204	212	218	222	225	232	235	239	242	246	/
2A_SB	16	a	158	164	171	174	178	180	184	188	191	196	199	202	206	209	212	222	229	232	236	243	247	251	256	259	270
2A_SB	16	d	159	165	172	175	179	182	186	189	193	197	201	204	207	210	214	224	230	234	238	245	248	253	257	261	/
3A_SB	1	a	15	20	24	28	32	35	37	41	46	49	53	57	60	68	71
3A_SB	1	d	16	21	25	29	33	36	39	43	48	50	54	58	62	69	/
3A_SB	2	a	37	42	46	51	55	58	62	66	71	73	78	81	84	89	92
3A_SB	2	d	38	44	48	53	57	60	64	68	72	75	79	82	85	90	/
3A_SB	3	a	45	49	52	57	61	65	69	73	77	79	83	86	89	94	97
3A_SB	3	d	46	50	54	59	63	67	71	75	78	80	84	87	90	95	/
3A_SB	4	a	65	69	73	77	80	83	86	89	94	96	101	104	107	113	116
3A_SB	4	d	66	70	74	78	81	84	87	91	95	97	102	105	108	114	/
3A_SB	5	a	74	79	83	88	92	95	99	104	109	112	116	119	122	128	131
3A_SB	5	d	75	80	85	90	94	97	101	106	110	113	117	120	123	129	/
3A_SB	6	a	82	87	91	97	101	104	108	113	118	121	125	128	131	137	140
3A_SB	6	d	83	88	93	99	103	106	110	115	119	122	126	129	132	138	/
3A_SB	7	a	101	107	111	115	118	120	122	125	128	131	135	138	141	148	153
3A_SB	7	d	102	109	112	116	119	121	123	126	129	132	136	139	143	150	/
3A_SB	8	a	120	126	130	133	136	139	143	148	153	155	159	163	166	173	176
3A_SB	8	d	121	128	131	134	138	141	145	150	154	156	160	164	168	174	/
3A_SB	9	a	129	135	139	142	146	148	151	155	159	161	165	169	172	178	181
3A_SB	9	d	130	137	140	143	147	150	152	156	160	162	166	170	173	179	/
3A_SB	10	a	134	140	144	147	151	154	156	160	164	166	171	175	178	184	188
3A_SB	10	d	135	142	145	148	152	155	157	161	165	167	172	176	179	185	/
3A_SB	11	a	139	145	149	153	157	160	162	166	169	171	176	180	183	189	193
3A_SB	11	d	140	147	150	154	158	161	163	167	170	172	177	181	184	190	/
3A_SB	12	a	144	150	155	159	163	166	169	172	175	177	182	185	188	194	198
3A_SB	12	d	145	152	156	160	165	168	170	173	176	178	183	186	189	195	/
3A_SB	13	a	149	155	160	164	168	171	174	177	181	183	188	191	194	200	204
3A_SB	13	d	150	157	161	165	170	173	175	179	182	184	189	192	195	201	/
3A_SB	14	a	166	171	175	179	182	184	187	190	193	195	200	203	206	212	216
3A_SB	14	d	167	172	176	180	183	185	188	191	194	196	201	204	207	213	/
3A_SB	15	a	175	180	184	188	192	195	198	203	207	209	215	218	222	228	232
3A_SB	15	d	176	182	186	190	194	197	200	205	208	210	216	219	223	230	/
3A_SB	16	a	193	198	202	206	210	212	215	219	224	227	233	237	241	248	253
3A_SB	16	d	194	199	203	207	211	213	216	221	226	229	235	239	243	250	/
3A_NB	1	a	29	32	36	40	43	46	50	54	58	64	69	73	77	81	86	90	93
3A_NB	1	d	30	33	38	41	44	48	52	56	59	65	71	74	79	83	88	91	/
3A_NB	2	a	40	43	47	50	55	60	65	68	71	77	80	84	89	93	98	102	106
3A_NB	2	d	41	44	48	52	57	62	66	69	73	78	82	86	91	95	99	104	/
3A_NB	3	a	50	54	58	61	66	70	75	79	83	89	92	96	100	104	109	114	117
3A_NB	3	d	51	56	59	63	68	72	76	81	85	90	93	97	102	106	111	115	/
3A_NB	4	a	76	80	84	88	92	95	98	102	105	109	113	117	121	124	128	132	137
3A_NB	4	d	77	81	86	90	93	96	100	103	106	110	114	118	122	125	129	134	/
3A_NB	5	a	81	85	89	93	97	101	105	110	113	118	122	126	129	132	136	140	143
3A_NB	5	d	82	86	91	95	99	103	107	112	115	119	123	127	130	133	137	141	/
3A_NB	6	a	95	99	102	105	108	113	116	120	123	127	130	134	137	139	143	148	152
3A_NB	6	d	96	100	103	106	110	114	117	121	124	128	131	135	138	140	145	150	/
3A_NB	7	a	101	105	108	111	114	118	121	126	130	134	138	142	145	147	151	154	157
3A_NB	7	d	102	106	109	112	115	119	123	128	131	135	139	143	146	148	152	155	/
3A_NB	8	a	108	111	114	117	120	123	127	132	135	141	145	149	153	157	162	166	169
3A_NB	8	d	109	112	115	118	121	124	129	133	137	142	146	150	155	158	164	167	/
3A_NB	9	a	113	116	120	123	127	130	134	138	141	146	150	154	158	162	168	172	176
3A_NB	9	d	114	118	121	125	128	131	135	139	142	147	151	155	160	164	169	174	/
3A_NB	10	a	119	123	126	129	132	135	139	144	148	153	157	161	165	168	173	177	181
3A_NB	10	d	120	124	127	130	133	136	141	146	150	154	158	162	166	169	174	179	/
3A_NB	11	a	132	136	139	142	146	150	154	158	162	167	171	175	178	181	186	190	195
3A_NB	11	d	133	137	140	144	148	152	156	160	164	168	172	176	179	182	188	192	/
3A_NB	12	a	142	145	149	153	157	160	164	168	172	176	180	184	188	191	196	200	203
3A_NB	12	d	143	147	151	154	158	162	166	170	173	177	181	185	189	192	197	201	/
3A_NB	13	a	149	151	154	158	162	165	169	173	177	182	185	189	193	196	200	205	208
3A_NB	13	d	150	152	156	159	163	167	171	175	179	183	186	190	195	197	202	206	/
3A_NB	14	a	154	156	160	163	167	171	175	178	182	188	191	195	199	201	206	210	214
3A_NB	14	d	155	158	161	164	169	173	176	180	184	189	192	196	200	203	207	211	/
3A_NB	15	a	164	167	170	174	177	181	186	189	193	198	202	205	209	212	216	220	225
3A_NB	15	d	165	168	172	175	179	183	187	191	195	199	203	206	210	213	217	222	/
3A_NB	16	a	170	173	177	180	185	190	195	199	203	208	212	216	220	223	227	230	234
3A_NB	16	d	171	175	178	182	187	192	196	201	205	209	213	217	221	224	228	231	/
