RouteID	RunID	Arrivals/Departures	TimePerStop
1A_SB	1	a	14	20	28	32	36	40	46	50	55	60	64	75	81	85
1A_SB	1	d	15	21	30	34	37	42	48	51	57	62	66	76	83	/
1A_SB	2	a	40	45	52	55	58	62	69	73	79	82	87	95	102	107
1A_SB	2	d	41	46	53	56	60	64	70	75	80	84	88	97	104	/
1A_SB	3	a	62	68	76	79	84	88	94	98	105	110	115	122	128	132
1A_SB	3	d	63	69	77	81	86	89	95	100	107	112	116	123	130	/
1A_SB	4	a	72	79	88	93	97	102	108	113	120	124	127	136	141	145
1A_SB	4	d	74	80	90	95	99	104	110	115	122	125	128	137	143	/
1A_SB	5	a	96	103	111	114	118	121	127	132	137	140	144	152	157	161
1A_SB	5	d	98	104	112	116	119	123	129	133	138	141	145	153	159	/
1A_SB	6	a	105	113	121	126	129	132	138	142	149	154	158	169	175	178
1A_SB	6	d	107	115	123	127	130	134	140	144	151	156	159	170	176	/
1A_SB	7	a	110	118	127	131	134	138	143	147	154	159	163	174	180	184
1A_SB	7	d	112	120	128	132	136	139	145	149	156	161	164	175	181	/
1A_SB	8	a	119	126	135	139	143	146	151	154	161	165	170	180	187	192
1A_SB	8	d	121	128	137	141	144	147	152	155	162	167	172	182	189	/
1A_SB	9	a	130	137	147	150	154	158	164	167	173	176	180	189	195	199
1A_SB	9	d	132	139	148	152	156	160	165	168	174	177	181	190	197	/
1A_SB	10	a	137	144	153	157	161	165	171	175	182	186	190	199	205	208
1A_SB	10	d	138	145	155	159	163	167	173	177	184	187	191	200	206	/
1A_SB	11	a	143	150	160	164	168	172	178	183	190	193	197	207	213	216
1A_SB	11	d	144	152	162	166	170	174	180	185	191	194	198	208	214	/
1A_SB	12	a	167	174	185	188	192	197	203	207	214	218	222	232	237	241
1A_SB	12	d	169	176	186	190	194	198	204	209	215	219	223	233	238	/
1A_SB	13	a	189	196	204	208	213	217	223	226	232	236	241	251	258	262
1A_SB	13	d	191	197	206	210	215	219	224	227	234	238	243	252	260	/
1A_SB	14	a	196	203	211	214	219	222	228	233	240	245	249	259	264	267
1A_SB	14	d	198	204	212	216	220	224	230	235	242	246	251	260	265	/
1A_SB	15	a	224	230	237	241	245	249	255	258	264	268	272	281	286	289
1A_SB	15	d	226	231	238	242	246	250	256	259	265	269	273	282	287	/
1A_SB	16	a	239	246	255	259	264	268	273	278	285	289	293	302	308	312
1A_SB	16	d	241	248	257	261	265	269	275	280	287	290	294	303	309	/
1A_SB	17	a	255	262	271	275	279	283	289	293	299	302	306	315	321	324
1A_SB	17	d	257	264	273	277	281	285	291	295	300	304	307	316	322	/
1A_SB	18	a	266	273	282	285	289	293	299	303	309	313	318	326	332	336
1A_SB	18	d	268	274	283	287	291	295	300	305	311	315	319	327	334	/
1A_SB	19	a	287	293	303	307	310	315	321	325	331	335	340	350	356	360
1A_SB	19	d	289	294	305	308	312	316	323	327	333	337	342	352	358	/
1A_SB	20	a	311	317	325	329	333	337	344	349	356	361	366	375	380	383
1A_SB	20	d	313	318	326	331	335	339	346	351	358	363	367	376	381	/
1A_SB	21	a	336	342	349	352	356	359	364	367	373	377	380	390	396	399
1A_SB	21	d	338	343	350	353	357	360	365	368	375	378	381	391	397	/
1A_SB	22	a	346	353	363	367	370	373	378	383	390	394	399	409	416	420
1A_SB	22	d	348	355	364	368	371	374	380	385	392	396	401	411	418	/
1A_SB	23	a	359	366	374	379	383	386	392	396	401	404	408	417	424	427
1A_SB	23	d	361	368	376	381	384	387	393	397	402	405	409	419	425	/
1A_SB	24	a	371	377	387	391	394	398	403	408	415	419	424	431	436	439
1A_SB	24	d	372	379	388	392	395	399	405	410	417	421	425	432	437	/
1A_SB	25	a	377	384	394	398	401	405	411	415	421	425	430	438	443	447
1A_SB	25	d	379	386	395	399	402	407	412	416	422	427	432	439	445	/
1A_SB	26	a	387	394	402	406	409	413	418	422	428	433	438	447	453	457
1A_SB	26	d	389	395	403	407	410	414	419	423	430	435	439	449	454	/
1A_SB	27	a	409	417	425	429	432	435	440	443	448	451	454	464	470	474
1A_SB	27	d	411	418	427	430	433	436	441	444	449	452	455	465	471	/
1A_SB	28	a	418	425	434	439	442	447	453	457	464	467	471	480	485	488
1A_SB	28	d	420	426	436	440	444	449	454	459	465	468	472	481	486	/
1A_SB	29	a	427	434	443	447	451	454	460	465	471	475	480	491	496	500
1A_SB	29	d	429	435	444	449	452	455	462	467	473	477	482	492	497	/
1A_SB	30	a	437	443	452	455	459	462	469	473	479	484	488	499	504	508
1A_SB	30	d	439	444	453	456	460	464	471	475	481	485	490	500	505	/
1A_SB	31	a	455	461	469	472	476	480	486	490	496	500	505	515	521	524
1A_SB	31	d	457	463	470	474	478	482	488	492	498	502	506	517	522	/
1A_SB	32	a	464	471	480	483	487	491	496	500	506	510	514	522	527	530
1A_SB	32	d	466	473	481	484	489	492	497	502	508	512	516	523	528	/
1A_SB	33	a	469	476	485	489	494	498	505	509	515	518	521	528	533	537
1A_SB	33	d	471	478	487	491	496	500	506	510	516	519	522	529	535	/
1A_SB	34	a	478	486	495	499	503	506	513	516	522	525	528	537	542	545
1A_SB	34	d	480	488	497	501	504	508	514	517	523	526	529	538	543	/
1A_SB	35	a	489	497	506	509	512	515	520	523	529	532	535	545	551	554
1A_SB	35	d	491	499	507	510	513	516	521	525	530	533	537	547	552	/
1A_SB	36	a	497	504	512	516	519	523	529	534	540	544	548	557	562	565
1A_SB	36	d	499	505	513	517	521	525	531	536	541	545	549	558	563	/
1A_SB	37	a	502	509	516	521	524	529	534	539	545	549	553	562	567	571
1A_SB	37	d	504	510	518	522	526	530	536	541	546	550	554	563	569	/
1A_SB	38	a	522	528	535	538	541	544	550	554	560	563	567	576	581	584
1A_SB	38	d	524	529	536	539	542	545	552	555	561	564	569	577	582	/
1A_SB	39	a	529	535	543	547	551	555	561	564	570	573	577	584	590	593
1A_SB	39	d	531	537	544	549	553	557	562	565	571	574	578	585	591	/
1A_SB	40	a	535	540	548	552	556	561	566	569	575	578	582	589	596	600
1A_SB	40	d	536	542	549	554	558	562	567	570	576	579	583	591	598	/
1A_SB	41	a	549	555	563	566	570	574	582	586	593	596	600	610	615	618
1A_SB	41	d	550	556	564	568	572	576	583	588	594	597	601	611	616	/
1A_SB	42	a	573	579	588	592	596	600	606	610	616	620	625	633	639	643
1A_SB	42	d	574	581	590	594	598	602	608	612	618	622	626	634	640	/
1A_SB	43	a	578	584	593	597	601	606	612	616	622	626	630	638	644	647
1A_SB	43	d	579	586	595	599	603	608	614	618	624	627	631	639	645	/
1A_SB	44	a	586	591	600	605	610	614	620	623	628	631	635	643	649	653
1A_SB	44	d	587	593	602	607	611	615	621	624	629	632	636	645	651	/
1A_SB	45	a	605	612	621	624	628	632	638	642	648	653	657	665	672	677
1A_SB	45	d	606	614	622	626	629	634	640	644	650	655	659	667	674	/
1A_SB	46	a	634	640	650	654	657	660	666	671	677	680	683	692	698	702
1A_SB	46	d	635	641	652	655	658	661	668	673	678	681	684	693	699	/
1A_SB	47	a	664	669	678	682	685	690	696	699	705	708	711	721	726	729
1A_SB	47	d	665	671	680	683	687	691	697	700	706	709	712	722	727	/
1A_SB	48	a	694	700	709	712	715	719	725	729	735	738	741	750	755	760
1A_SB	48	d	695	701	710	713	717	720	727	730	736	739	742	751	757	/
1A_SB	49	a	724	730	739	742	746	749	756	759	764	767	771	780	786	789
1A_SB	49	d	725	731	740	743	747	750	757	760	765	768	772	781	787	/
1A_SB	50	a	730	736	744	747	751	755	762	765	770	774	778	787	793	796
1A_SB	50	d	731	737	745	748	752	756	763	766	772	775	780	788	794	/
1A_SB	51	a	740	746	755	759	763	767	772	775	780	783	787	795	800	804
1A_SB	51	d	741	748	757	761	765	768	773	776	781	784	788	796	801	/
1A_SB	52	a	749	755	763	766	769	772	777	781	788	792	796	806	811	814
1A_SB	52	d	750	756	764	767	770	773	779	783	790	793	797	807	812	/
1A_SB	53	a	754	760	768	771	774	777	782	786	793	797	801	811	817	820
1A_SB	53	d	755	761	769	772	775	778	784	788	795	798	802	812	818	/
1A_SB	54	a	759	765	774	777	780	783	789	793	800	803	808	817	823	826
1A_SB	54	d	760	766	775	778	781	785	791	795	801	805	810	818	824	/
1A_SB	55	a	764	769	779	782	786	790	796	800	807	810	814	822	829	833
1A_SB	55	d	765	771	780	783	788	792	798	802	808	811	815	824	830	/
1A_SB	56	a	794	800	807	812	816	820	825	831	836	840	844	853	859	863
1A_SB	56	d	795	801	809	813	817	821	827	832	837	841	845	854	860	/
1A_SB	57	a	823	828	837	841	845	849	855	859	865	869	873	882	888	892
1A_SB	57	d	824	829	839	843	847	851	857	861	867	871	875	884	890	/
1A_SB	58	a	848	854	865	869	873	877	883	888	895	899	902	913	918	922
1A_SB	58	d	849	856	867	871	875	879	885	890	897	900	904	914	920	/
1A_SB	59	a	878	884	892	895	899	903	910	914	920	924	928	936	942	947
1A_SB	59	d	879	886	893	897	900	905	912	916	922	925	929	938	944	/
1A_SB	60	a	907	912	920	924	928	932	938	941	948	952	956	966	972	977
1A_SB	60	d	908	914	922	926	929	933	939	943	950	953	958	968	974	/
1A_SB	61	a	936	941	951	955	958	961	966	970	977	981	984	996	1002	1007
1A_SB	61	d	937	943	952	956	959	962	967	971	979	982	985	998	1004	/
1A_SB	62	a	952	957	967	971	974	977	983	986	991	994	997	1007	1012	1016
1A_SB	62	d	953	959	968	972	975	978	984	987	992	995	999	1008	1013	/
1A_SB	63	a	970	976	984	988	991	995	1000	1003	1009	1013	1018	1027	1032	1035
1A_SB	63	d	971	977	985	989	992	996	1001	1004	1011	1015	1020	1028	1033	/
1A_SB	64	a	980	986	994	998	1002	1006	1013	1017	1022	1026	1031	1039	1045	1049
1A_SB	64	d	981	987	996	1000	1003	1008	1014	1018	1024	1028	1032	1040	1046	/
1A_NB	1	a	11	16	21	28	34	38	44	48	54	59	63	68	76	80
1A_NB	1	d	12	17	22	29	36	40	45	49	56	60	65	70	77	/
1A_NB	2	a	23	27	32	38	45	48	54	59	66	70	74	77	84	88
1A_NB	2	d	24	28	33	39	46	49	56	61	67	71	75	78	85	/
1A_NB	3	a	32	36	40	47	53	56	62	67	74	77	80	83	91	96
1A_NB	3	d	33	37	42	49	54	57	64	69	75	78	81	85	92	/
1A_NB	4	a	38	42	47	55	60	63	68	72	79	83	86	90	99	105
1A_NB	4	d	39	44	49	56	61	64	69	74	81	84	88	92	101	/
1A_NB	5	a	43	47	53	60	65	68	73	77	84	88	91	96	105	110
1A_NB	5	d	44	49	54	61	66	69	74	79	86	89	93	98	106	/
1A_NB	6	a	48	54	59	65	70	73	79	84	90	94	98	102	111	116
1A_NB	6	d	50	55	60	66	71	75	81	85	91	95	99	104	112	/
1A_NB	7	a	54	59	64	70	75	78	84	89	95	99	103	107	116	121
1A_NB	7	d	55	60	65	71	76	80	86	90	96	100	104	109	117	/
1A_NB	8	a	71	75	81	89	95	99	105	109	116	119	122	125	133	139
1A_NB	8	d	72	77	83	90	96	100	106	110	117	120	123	126	134	/
1A_NB	9	a	90	94	100	107	113	118	126	130	138	142	146	149	157	162
1A_NB	9	d	91	96	102	108	115	120	128	132	139	143	147	151	158	/
1A_NB	10	a	118	124	129	135	141	145	151	154	160	163	166	169	176	182
1A_NB	10	d	120	125	130	136	143	146	152	155	161	164	167	170	177	/
1A_NB	11	a	123	129	135	143	149	152	157	160	166	169	172	175	182	188
1A_NB	11	d	125	131	136	144	150	154	158	161	167	170	173	176	183	/
1A_NB	12	a	131	137	142	151	157	161	165	169	175	179	183	186	194	201
1A_NB	12	d	133	138	144	153	159	162	166	170	177	180	184	187	196	/
1A_NB	13	a	140	145	150	157	163	168	173	177	183	186	190	193	201	208
1A_NB	13	d	142	146	151	159	165	169	174	178	184	187	191	194	203	/
1A_NB	14	a	145	150	157	165	171	175	181	184	190	193	197	201	209	214
1A_NB	14	d	147	152	159	167	172	177	182	185	191	194	198	203	210	/
1A_NB	15	a	169	173	179	187	194	197	203	206	213	217	221	225	232	238
1A_NB	15	d	170	175	180	189	195	199	204	208	214	219	222	226	234	/
1A_NB	16	a	188	193	200	206	212	215	221	224	230	234	238	241	249	255
1A_NB	16	d	189	195	201	207	213	216	222	225	232	235	239	243	251	/
1A_NB	17	a	214	218	225	232	240	243	249	253	259	262	265	269	278	285
1A_NB	17	d	215	220	226	234	241	245	250	254	260	263	267	271	280	/
1A_NB	18	a	228	233	239	247	254	257	261	265	270	274	278	281	289	294
1A_NB	18	d	230	235	241	249	255	258	262	266	272	276	279	282	290	/
1A_NB	19	a	233	238	245	253	259	262	266	270	276	280	283	287	295	300
1A_NB	19	d	235	240	247	255	260	263	267	271	278	281	285	289	296	/
1A_NB	20	a	238	244	251	259	264	267	272	277	283	286	291	295	303	308
1A_NB	20	d	240	246	253	260	265	269	274	278	284	288	293	297	305	/
1A_NB	21	a	263	268	274	281	287	290	295	300	306	309	313	316	323	329
1A_NB	21	d	265	270	275	282	288	291	297	301	307	310	314	318	325	/
1A_NB	22	a	291	296	302	310	316	320	324	328	335	339	343	347	354	361
1A_NB	22	d	293	298	304	311	317	321	326	330	336	340	344	348	355	/
1A_NB	23	a	315	319	324	333	338	342	348	353	359	362	366	369	377	383
1A_NB	23	d	316	320	326	335	340	344	350	354	360	363	367	371	379	/
1A_NB	24	a	344	349	354	362	369	372	379	382	388	392	395	398	406	412
1A_NB	24	d	345	350	356	364	370	374	380	383	390	393	396	400	408	/
1A_NB	25	a	359	364	370	379	386	390	397	401	408	412	416	419	426	432
1A_NB	25	d	361	366	371	381	388	392	399	403	410	414	417	420	427	/
1A_NB	26	a	385	390	397	405	413	416	421	425	433	437	442	446	454	459
1A_NB	26	d	387	392	399	407	414	417	422	427	435	439	444	448	455	/
1A_NB	27	a	396	400	407	414	421	425	430	434	441	444	449	453	460	465
1A_NB	27	d	397	402	409	415	423	426	431	435	442	446	451	455	461	/
1A_NB	28	a	404	408	413	419	426	430	435	439	447	450	454	458	465	472
1A_NB	28	d	405	409	414	421	428	431	436	441	448	452	456	460	467	/
1A_NB	29	a	409	413	418	426	432	435	440	444	452	455	459	463	471	478
1A_NB	29	d	410	414	420	427	433	436	441	446	453	457	461	465	473	/
1A_NB	30	a	414	418	423	431	437	440	445	450	456	460	464	468	476	483
1A_NB	30	d	415	419	425	432	438	441	447	452	458	462	466	470	478	/
1A_NB	31	a	429	433	439	448	455	458	463	467	473	477	480	484	491	497
1A_NB	31	d	430	434	441	450	456	459	464	468	475	478	482	485	492	/
1A_NB	32	a	438	442	448	455	461	464	470	473	479	482	486	489	496	501
1A_NB	32	d	439	444	450	456	462	465	471	474	480	483	487	490	497	/
1A_NB	33	a	447	451	457	463	469	472	478	481	487	490	494	497	506	511
1A_NB	33	d	448	452	458	464	470	473	479	482	488	491	495	498	507	/
1A_NB	34	a	452	456	462	468	473	477	483	487	493	496	500	503	512	519
1A_NB	34	d	453	457	463	469	475	478	484	488	494	497	501	504	514	/
1A_NB	35	a	463	468	474	481	487	490	496	500	505	508	512	515	523	530
1A_NB	35	d	465	469	475	482	488	491	497	501	506	509	513	516	525	/
1A_NB	36	a	473	478	484	492	498	501	508	512	518	522	526	530	538	544
1A_NB	36	d	475	479	485	493	499	503	509	513	519	523	527	531	539	/
1A_NB	37	a	478	483	489	497	504	507	513	517	523	527	531	535	543	549
1A_NB	37	d	480	484	490	499	505	508	514	518	524	528	532	536	544	/
1A_NB	38	a	503	508	515	523	530	533	538	542	548	551	555	558	565	570
1A_NB	38	d	505	510	517	525	531	534	539	543	549	552	556	559	566	/
1A_NB	39	a	529	534	540	547	554	558	564	569	576	580	583	587	594	600
1A_NB	39	d	531	535	541	549	555	560	566	570	578	581	584	588	595	/
1A_NB	40	a	555	560	566	573	578	582	588	593	599	602	607	610	617	622
1A_NB	40	d	557	561	567	574	580	584	590	594	600	604	608	611	618	/
1A_NB	41	a	577	582	588	597	603	607	613	618	623	627	630	633	641	646
1A_NB	41	d	579	583	590	599	605	609	615	619	624	628	631	634	642	/
1A_NB	42	a	585	590	597	606	611	614	619	623	629	633	637	641	649	654
1A_NB	42	d	586	592	599	607	612	615	620	625	630	634	639	642	650	/
1A_NB	43	a	592	597	604	610	616	620	625	629	636	640	644	648	655	660
1A_NB	43	d	593	599	605	612	618	621	626	631	637	641	645	649	656	/
1A_NB	44	a	599	603	609	616	621	625	631	636	642	646	650	654	661	667
1A_NB	44	d	600	605	611	617	623	627	633	637	643	647	651	655	663	/
1A_NB	45	a	604	608	614	622	627	630	637	641	647	651	655	659	667	672
1A_NB	45	d	605	610	616	623	628	632	638	642	648	652	656	661	668	/
1A_NB	46	a	611	615	620	627	632	636	642	647	654	658	662	665	672	677
1A_NB	46	d	612	616	621	628	633	637	644	648	655	659	663	666	673	/
1A_NB	47	a	616	620	625	632	637	641	648	653	660	663	667	670	677	683
1A_NB	47	d	617	621	626	633	638	643	650	654	661	664	668	671	678	/
1A_NB	48	a	621	625	630	637	643	647	653	658	667	670	674	677	684	690
1A_NB	48	d	622	626	631	639	645	649	655	660	668	671	675	678	685	/
1A_NB	49	a	626	630	635	642	648	652	658	663	672	675	679	682	689	696
1A_NB	49	d	627	631	636	644	650	654	660	665	673	676	680	683	690	/
1A_NB	50	a	636	640	645	651	657	661	667	672	680	683	687	691	698	705
1A_NB	50	d	637	641	646	652	659	662	669	673	681	684	689	692	699	/
1A_NB	51	a	650	654	661	668	673	676	681	685	692	695	699	702	709	715
1A_NB	51	d	651	656	662	669	674	677	682	687	693	696	700	703	711	/
1A_NB	52	a	658	662	667	674	679	683	689	693	699	703	708	712	720	726
1A_NB	52	d	659	663	668	675	681	685	690	694	701	705	709	714	721	/
1A_NB	53	a	676	681	688	697	702	705	711	715	721	724	729	733	740	747
1A_NB	53	d	677	683	690	698	703	706	713	716	722	726	731	734	742	/
1A_NB	54	a	693	698	705	713	719	723	729	732	738	742	745	748	757	763
1A_NB	54	d	694	699	706	714	720	724	730	733	739	743	746	750	758	/
1A_NB	55	a	723	727	734	742	748	752	758	762	767	771	774	778	785	792
1A_NB	55	d	724	729	736	744	750	753	759	763	768	772	776	780	787	/
1A_NB	56	a	753	757	765	773	779	782	787	790	797	801	805	808	816	821
1A_NB	56	d	754	759	766	774	780	783	788	792	798	802	806	810	817	/
1A_NB	57	a	783	787	794	801	807	811	816	820	826	830	835	838	846	851
1A_NB	57	d	784	789	795	803	808	812	817	822	828	832	836	840	847	/
1A_NB	58	a	813	817	824	830	836	840	846	850	857	860	864	868	876	881
1A_NB	58	d	814	819	825	832	838	842	847	852	858	862	866	870	877	/
1A_NB	59	a	843	847	853	861	866	871	876	880	886	891	894	898	906	912
1A_NB	59	d	844	849	855	862	868	872	877	881	888	892	896	900	907	/
1A_NB	60	a	872	877	883	891	897	901	906	910	917	920	925	928	935	941
1A_NB	60	d	873	878	884	892	898	902	907	911	918	922	926	929	937	/
1A_NB	61	a	902	906	911	920	925	928	935	939	946	951	955	958	966	972
1A_NB	61	d	903	907	913	921	926	930	937	941	948	952	956	959	967	/
1A_NB	62	a	932	936	941	949	955	958	964	969	977	981	984	987	994	999
1A_NB	62	d	933	937	943	951	956	960	966	971	978	982	985	989	995	/
1A_NB	63	a	957	961	966	975	981	986	991	995	1002	1006	1011	1015	1023	1028
1A_NB	63	d	958	962	968	977	983	987	992	996	1003	1008	1013	1016	1024	/
1A_NB	64	a	978	983	987	993	1000	1005	1012	1016	1024	1027	1031	1036	1043	1048
1A_NB	64	d	979	984	988	995	1002	1007	1013	1018	1025	1028	1033	1038	1044	/
2A_NB	1	a	5	9	13	18	21	25	32	38	41	53	59	62	64	67	70	74	78	82	85	90	94	98	102	110
2A_NB	1	d	6	10	14	20	23	27	34	39	43	54	61	63	65	68	72	75	80	83	87	91	96	99	104	/
2A_NB	2	a	25	29	33	39	42	45	51	55	58	66	73	75	77	80	83	86	90	93	97	100	104	108	111	118
2A_NB	2	d	26	30	34	40	43	46	52	56	59	68	74	76	78	81	84	87	91	94	98	101	105	109	112	/
2A_NB	3	a	29	34	38	45	49	52	58	62	65	74	80	82	84	87	90	92	95	98	102	105	109	114	117	125
2A_NB	3	d	31	35	40	47	50	53	60	63	66	75	81	83	85	88	91	93	96	99	103	106	111	115	119	/
2A_NB	4	a	38	43	47	52	55	58	64	67	70	79	85	87	89	92	95	97	100	103	107	111	115	119	122	130
2A_NB	4	d	40	44	48	53	56	59	65	68	71	80	86	88	90	93	96	98	101	104	108	112	116	120	124	/
2A_NB	5	a	61	65	69	76	79	83	89	93	97	106	112	115	117	120	123	126	129	131	135	139	143	146	150	157
2A_NB	5	d	62	66	71	77	81	84	91	94	98	107	113	116	118	121	124	127	130	132	136	140	144	147	151	/
2A_NB	6	a	65	70	75	81	84	88	95	98	103	111	117	120	123	126	129	132	135	138	141	145	149	152	157	164
2A_NB	6	d	67	72	77	82	86	90	96	100	105	112	118	121	124	127	130	133	136	139	142	146	150	154	158	/
2A_NB	7	a	70	75	80	86	90	94	101	105	109	117	123	126	129	132	135	138	141	144	147	152	156	160	164	172
2A_NB	7	d	72	77	82	88	92	96	103	107	111	118	125	127	130	133	136	139	142	145	149	153	158	161	165	/
2A_NB	8	a	91	95	98	102	105	109	114	118	122	130	136	139	141	146	150	153	158	160	165	169	174	178	181	190
2A_NB	8	d	93	96	99	104	106	110	115	120	123	131	137	140	143	147	151	155	159	162	167	171	175	179	183	/
2A_NB	9	a	104	108	111	116	119	123	129	133	136	146	153	156	159	163	168	171	174	177	181	185	188	193	196	205
2A_NB	9	d	105	109	112	118	121	125	131	134	138	147	154	158	161	165	170	172	176	178	182	186	190	194	198	/
2A_NB	10	a	127	130	135	141	144	148	154	159	162	171	179	183	186	189	193	196	200	203	208	213	218	221	225	233
2A_NB	10	d	128	132	137	143	146	150	156	160	164	173	181	184	187	190	194	198	202	205	210	215	219	223	226	/
2A_NB	11	a	151	155	159	166	169	174	181	186	189	199	207	210	212	216	220	224	228	230	234	238	242	246	250	258
2A_NB	11	d	152	157	161	168	171	176	183	187	190	201	208	211	213	217	222	226	229	231	235	239	244	248	251	/
2A_NB	12	a	181	185	189	195	197	201	207	210	213	222	228	231	234	238	242	246	250	253	258	263	266	271	275	282
2A_NB	12	d	182	186	190	196	198	202	208	211	214	223	230	233	236	240	244	248	252	255	260	264	268	272	277	/
2A_NB	13	a	190	195	200	207	210	214	220	223	226	235	241	244	246	249	252	255	258	260	264	268	271	275	280	287
2A_NB	13	d	192	197	202	209	212	216	221	224	227	236	242	245	247	250	253	256	259	261	265	269	273	277	282	/
2A_NB	14	a	202	207	212	218	222	225	232	236	240	249	257	260	264	268	271	275	280	282	286	290	293	296	300	308
2A_NB	14	d	204	209	213	220	223	226	234	237	241	251	259	262	266	269	273	277	281	284	287	291	294	298	301	/
2A_NB	15	a	213	218	222	228	230	233	240	244	249	259	265	268	271	275	279	283	288	291	295	299	302	306	309	317
2A_NB	15	d	215	220	223	229	231	234	241	246	251	261	267	270	273	277	281	285	290	292	296	300	304	307	310	/
2A_NB	16	a	241	245	249	255	257	261	265	270	275	286	292	295	298	302	305	307	311	314	318	323	328	332	336	343
2A_NB	16	d	242	246	251	256	259	262	267	272	276	287	293	297	299	303	306	308	313	315	320	325	330	334	337	/
2A_NB	17	a	264	268	273	279	281	285	291	296	301	311	316	319	322	327	331	334	337	340	344	348	352	356	359	367
2A_NB	17	d	265	270	275	280	283	287	293	298	303	312	317	321	324	329	332	335	338	341	346	349	354	357	361	/
2A_NB	18	a	290	294	298	304	307	312	319	323	328	338	345	347	349	352	356	360	363	366	369	372	377	381	386	394
2A_NB	18	d	292	296	300	305	309	314	320	325	330	340	346	348	350	353	358	361	365	367	370	374	378	383	388	/
2A_NB	19	a	308	313	318	324	326	329	334	338	341	350	356	358	360	363	366	369	372	374	377	381	385	390	395	403
2A_NB	19	d	310	315	319	325	327	330	335	339	342	351	357	359	361	364	367	370	373	375	379	383	387	392	397	/
2A_NB	20	a	316	319	323	329	333	337	343	347	351	360	366	369	373	376	380	383	388	391	395	399	403	406	409	416
2A_NB	20	d	317	320	324	331	335	339	344	348	352	361	367	371	374	377	382	385	390	392	396	401	404	407	410	/
2A_NB	21	a	321	324	328	335	339	343	350	354	358	367	374	377	380	384	389	391	395	398	402	406	410	414	417	424
2A_NB	21	d	322	325	330	337	341	345	351	355	359	369	376	379	382	386	390	393	397	399	403	407	412	415	418	/
2A_NB	22	a	344	347	351	357	361	365	372	375	380	390	397	401	403	406	409	412	416	418	422	425	429	434	438	446
2A_NB	22	d	345	349	352	359	363	367	373	377	381	392	399	402	404	407	410	414	417	419	423	426	431	436	440	/
2A_NB	23	a	367	370	375	380	383	387	392	396	399	408	416	418	422	426	430	433	436	440	445	448	452	457	461	469
2A_NB	23	d	368	372	376	381	384	388	394	397	401	410	417	420	423	428	432	434	438	442	446	449	454	459	462	/
2A_NB	24	a	389	392	396	401	404	408	414	418	422	432	439	443	446	450	454	458	462	464	467	471	476	481	485	494
2A_NB	24	d	390	393	397	402	405	409	415	419	424	434	441	444	448	451	456	460	463	465	469	473	478	483	487	/
2A_NB	25	a	394	397	401	406	409	414	420	424	428	438	444	448	452	456	460	463	467	469	473	477	482	486	490	499
2A_NB	25	d	395	398	402	408	411	415	421	425	430	440	446	450	453	457	461	465	468	471	475	479	484	488	492	/
2A_NB	26	a	399	402	406	411	414	419	425	429	433	443	449	453	457	461	465	468	472	475	478	482	487	491	495	503
2A_NB	26	d	400	403	407	413	416	421	426	430	435	445	451	455	458	462	466	470	474	476	480	484	489	493	497	/
2A_NB	27	a	405	408	412	417	420	425	431	436	441	451	457	461	465	469	473	477	480	482	486	490	495	499	502	509
2A_NB	27	d	406	409	413	419	422	427	433	438	443	453	459	463	467	470	475	478	481	483	488	492	496	500	503	/
2A_NB	28	a	410	414	418	423	426	431	437	442	447	457	463	467	470	474	479	482	485	488	493	496	500	504	508	516
2A_NB	28	d	412	415	419	424	428	433	439	444	449	459	465	469	472	476	481	483	487	490	494	497	501	506	510	/
2A_NB	29	a	423	428	432	437	439	442	448	453	457	466	472	475	477	480	485	487	491	494	499	503	508	512	515	522
2A_NB	29	d	425	429	433	438	440	443	450	454	458	467	473	476	478	482	486	489	493	496	501	505	510	513	516	/
2A_NB	30	a	429	434	438	444	446	449	454	458	463	473	479	483	486	490	494	497	500	502	507	511	515	518	521	528
2A_NB	30	d	431	435	439	445	447	450	455	460	465	474	481	485	488	491	495	498	501	504	509	513	516	519	522	/
2A_NB	31	a	446	450	455	460	463	467	472	475	479	488	494	497	500	503	506	509	513	516	520	524	528	532	536	543
2A_NB	31	d	448	452	456	462	464	468	473	477	480	489	495	499	501	504	507	510	514	517	521	525	529	533	537	/
2A_NB	32	a	451	455	460	465	468	472	478	482	485	494	500	503	506	509	513	516	520	523	527	531	536	541	544	551
2A_NB	32	d	453	457	461	467	469	474	480	483	486	495	501	505	507	511	514	517	521	524	528	533	538	542	545	/
2A_NB	33	a	458	461	465	471	473	477	483	487	490	499	506	510	513	518	522	526	530	534	538	543	547	550	553	560
2A_NB	33	d	459	462	466	472	474	479	485	488	491	501	508	512	515	520	524	528	532	536	540	544	548	551	554	/
2A_NB	34	a	464	468	472	479	482	485	491	495	500	510	517	520	522	526	531	534	537	540	543	548	552	556	560	567
2A_NB	34	d	465	469	474	481	483	486	493	497	501	511	518	521	523	528	532	535	538	541	545	549	554	558	562	/
2A_NB	35	a	469	473	477	484	487	491	498	503	508	521	529	532	535	539	542	545	549	551	554	559	562	565	569	576
2A_NB	35	d	470	474	479	486	489	493	500	505	510	523	531	534	536	540	543	546	550	552	555	560	563	567	570	/
2A_NB	36	a	485	489	494	499	502	506	511	514	518	530	536	538	540	544	547	550	554	557	560	565	568	571	574	582
2A_NB	36	d	486	491	495	500	503	507	512	515	519	531	537	539	541	545	548	551	556	558	561	566	569	572	576	/
2A_NB	37	a	497	501	506	512	514	518	523	528	533	543	548	551	553	557	560	563	566	568	571	576	580	584	588	594
2A_NB	37	d	498	503	508	513	516	519	525	530	534	544	549	552	554	558	561	564	567	569	573	577	581	585	589	/
2A_NB	38	a	525	529	534	541	544	548	554	557	561	572	578	580	582	585	588	590	593	595	598	602	606	611	614	623
2A_NB	38	d	526	531	536	543	545	549	555	558	562	573	579	581	583	586	589	591	594	596	600	603	608	612	615	/
2A_NB	39	a	546	549	554	559	562	566	573	578	581	590	597	599	601	604	608	611	616	618	623	626	631	636	639	647
2A_NB	39	d	547	551	555	561	564	568	575	579	583	592	598	600	602	606	610	613	617	620	624	628	633	637	641	/
2A_NB	40	a	551	554	560	565	568	572	578	583	586	596	602	605	607	610	613	616	620	623	628	633	636	641	644	651
2A_NB	40	d	552	556	561	567	570	574	580	584	588	597	603	606	608	611	615	618	622	625	630	634	638	642	646	/
2A_NB	41	a	556	559	565	570	574	577	583	588	592	601	608	611	613	616	620	622	625	628	633	638	641	646	649	656
2A_NB	41	d	557	561	566	572	575	579	585	589	593	602	609	612	614	617	621	623	627	630	635	639	643	647	651	/
2A_NB	42	a	561	564	570	575	579	582	588	593	597	606	613	616	618	621	625	627	630	633	638	643	646	650	654	661
2A_NB	42	d	562	566	571	577	580	584	590	594	598	607	614	617	619	622	626	628	632	635	640	644	648	652	656	/
2A_NB	43	a	566	569	574	580	584	587	594	598	602	610	618	621	623	626	630	632	635	638	643	648	651	655	659	668
2A_NB	43	d	567	571	576	582	585	589	595	599	603	612	619	622	624	627	631	633	637	640	645	649	653	657	661	/
2A_NB	44	a	571	575	579	585	589	592	599	603	606	615	622	626	628	631	635	637	640	643	648	653	656	660	664	673
2A_NB	44	d	572	576	581	587	590	594	600	604	608	617	624	627	629	632	636	638	642	645	650	654	658	662	666	/
2A_NB	45	a	576	580	584	591	594	597	604	608	611	620	627	631	634	637	641	643	646	648	653	658	661	665	669	678
2A_NB	45	d	577	581	586	592	595	599	605	609	613	622	629	632	635	638	642	644	647	650	655	659	663	667	671	/
2A_NB	46	a	581	585	590	596	599	602	608	613	617	625	632	636	639	642	646	649	653	655	659	663	667	670	674	682
2A_NB	46	d	582	586	591	597	600	604	610	615	619	627	634	637	640	643	647	650	654	656	660	664	668	672	676	/
2A_NB	47	a	586	590	595	601	604	607	613	618	622	630	637	641	644	647	650	654	658	660	664	668	672	675	680	687
2A_NB	47	d	587	591	596	602	605	609	615	620	624	632	639	642	645	648	652	655	659	661	665	669	673	677	681	/
2A_NB	48	a	591	595	600	606	609	612	618	623	627	635	642	646	649	652	655	659	663	665	669	673	677	680	685	692
2A_NB	48	d	592	596	601	607	610	614	620	625	629	637	644	647	650	653	657	660	664	666	670	674	678	682	686	/
2A_NB	49	a	597	601	607	613	616	620	627	631	635	645	651	653	656	659	663	666	671	673	677	682	685	689	693	701
2A_NB	49	d	598	603	608	614	618	622	628	633	637	646	652	654	657	661	664	668	672	674	679	683	687	690	694	/
2A_NB	50	a	604	608	614	621	623	627	633	637	640	650	657	659	661	664	668	672	676	679	683	688	693	697	701	709
2A_NB	50	d	605	610	616	622	625	628	634	638	642	652	658	660	662	666	670	673	677	680	685	690	695	698	702	/
2A_NB	51	a	625	629	633	640	642	647	652	657	661	670	676	679	683	686	690	693	697	700	703	708	712	715	719	727
2A_NB	51	d	626	630	635	641	644	648	654	659	663	672	678	681	684	687	691	694	698	701	705	709	713	717	720	/
2A_NB	52	a	655	658	663	669	672	676	683	687	691	699	706	709	713	716	719	723	726	730	733	738	742	745	749	757
2A_NB	52	d	656	660	665	671	674	678	684	688	692	701	708	711	714	717	721	724	728	731	735	739	743	747	750	/
2A_NB	53	a	685	689	693	698	702	706	713	717	720	730	737	740	742	746	749	753	756	760	763	768	771	775	779	786
2A_NB	53	d	686	690	694	700	703	708	714	718	722	731	738	741	743	747	751	754	758	761	765	769	773	777	780	/
2A_NB	54	a	715	719	723	728	731	736	742	746	750	760	765	768	771	776	779	783	787	789	794	797	802	806	809	817
2A_NB	54	d	716	720	724	730	733	738	743	747	752	761	767	770	773	777	781	784	788	791	795	799	803	807	810	/
2A_NB	55	a	745	749	753	759	762	766	772	776	780	789	796	798	802	806	809	813	816	819	824	828	832	835	838	846
2A_NB	55	d	746	750	754	760	763	768	773	777	782	791	797	800	803	807	811	814	818	821	825	829	833	836	840	/
2A_NB	56	a	775	779	783	789	791	796	802	806	810	820	826	829	832	836	840	843	847	850	853	857	860	864	868	877
2A_NB	56	d	776	780	784	790	793	798	803	807	811	821	827	830	833	837	841	844	848	851	854	858	862	866	870	/
2A_NB	57	a	805	808	813	819	821	826	832	836	840	849	854	857	861	865	868	871	875	877	881	886	891	895	898	907
2A_NB	57	d	806	810	814	820	823	828	833	837	841	850	856	859	862	866	869	872	876	878	883	888	892	896	900	/
2A_NB	58	a	835	838	843	849	852	855	862	866	869	878	884	887	890	895	898	901	904	907	911	916	920	924	928	938
2A_NB	58	d	836	840	844	850	853	857	863	867	870	880	886	889	892	896	899	902	906	908	913	918	922	926	930	/
2A_NB	59	a	865	869	873	879	881	886	891	895	898	909	915	918	921	925	928	931	935	937	941	945	949	953	957	967
2A_NB	59	d	866	870	874	880	883	887	892	896	900	910	916	919	922	926	929	932	936	938	942	947	951	955	959	/
2A_NB	60	a	895	898	903	908	912	916	921	925	929	939	945	948	950	955	958	961	964	966	970	974	978	983	988	995
2A_NB	60	d	896	900	904	910	913	917	922	926	930	940	946	949	952	956	959	962	965	967	972	976	980	985	989	/
2A_NB	61	a	925	928	933	939	941	944	950	954	959	968	974	977	981	984	988	991	994	996	1000	1004	1008	1013	1018	1026
2A_NB	61	d	926	930	934	940	942	946	952	956	960	969	976	979	982	986	989	992	995	997	1002	1006	1010	1015	1019	/
2A_NB	62	a	954	958	963	969	971	974	979	984	988	998	1005	1008	1011	1015	1018	1020	1023	1026	1030	1033	1036	1040	1043	1051
2A_NB	62	d	955	960	964	970	972	975	981	986	990	999	1006	1009	1012	1016	1019	1021	1024	1027	1031	1034	1037	1041	1044	/
2A_NB	63	a	982	986	991	996	999	1003	1008	1012	1016	1027	1034	1037	1039	1042	1045	1047	1051	1055	1059	1063	1066	1069	1072	1080
2A_NB	63	d	983	988	992	997	1000	1004	1009	1013	1017	1028	1035	1038	1040	1043	1046	1049	1053	1056	1060	1064	1067	1070	1073	/
2A_NB	64	a	1011	1015	1019	1024	1026	1030	1035	1040	1043	1052	1058	1060	1062	1066	1069	1072	1077	1080	1084	1087	1091	1096	1099	1108
2A_NB	64	d	1012	1016	1020	1025	1027	1031	1037	1041	1044	1053	1059	1061	1063	1067	1070	1074	1078	1081	1085	1088	1093	1097	1101	/
2A_SB	1	a	13	19	24	28	33	36	39	43	48	53	57	61	65	70	74	81	87	90	94	100	103	108	112	115	125
2A_SB	1	d	14	20	25	30	35	38	41	45	50	54	59	63	67	72	75	82	88	91	95	101	105	109	113	116	/
2A_SB	2	a	25	31	36	41	46	49	52	57	62	67	71	75	79	82	86	94	100	104	108	114	118	122	126	130	139
2A_SB	2	d	26	32	38	43	48	51	54	59	64	68	73	77	80	84	88	96	102	105	109	116	119	123	128	131	/
2A_SB	3	a	37	43	49	54	58	62	65	70	75	79	83	86	90	94	98	106	112	116	120	126	129	134	138	141	152
2A_SB	3	d	38	45	51	56	60	64	67	72	76	80	85	88	92	95	99	107	113	117	121	127	130	135	139	143	/
2A_SB	4	a	63	69	76	80	83	85	87	91	95	99	103	106	110	114	118	125	131	135	139	144	147	151	155	159	169
2A_SB	4	d	64	71	77	81	84	86	88	92	96	100	104	107	111	116	119	126	132	136	140	145	148	152	156	160	/
2A_SB	5	a	78	83	89	93	98	100	102	105	108	112	115	118	122	125	128	135	141	145	149	155	157	161	165	168	177
2A_SB	5	d	79	84	91	95	99	101	103	106	109	113	116	119	123	126	129	136	142	146	150	156	158	162	166	169	/
2A_SB	6	a	95	101	107	110	114	117	120	123	126	130	133	135	139	142	145	152	157	160	164	171	174	178	182	185	195
2A_SB	6	d	97	102	108	112	116	119	121	124	127	131	134	136	140	143	146	153	158	161	165	172	175	179	183	186	/
2A_SB	7	a	107	114	120	123	126	128	130	134	137	141	146	149	153	157	162	170	176	180	185	192	195	200	203	206	215
2A_SB	7	d	109	115	121	124	127	129	132	135	138	143	148	150	155	159	163	171	178	182	186	193	196	201	204	207	/
2A_SB	8	a	119	126	133	137	141	143	145	148	151	156	161	163	167	170	175	183	188	191	195	201	204	209	213	216	225
2A_SB	8	d	121	128	135	139	142	144	146	149	153	158	162	164	168	172	176	184	189	192	196	202	205	210	214	217	/
2A_SB	9	a	134	139	144	147	150	153	156	160	164	168	173	177	182	186	189	196	202	205	209	216	220	224	229	232	242
2A_SB	9	d	136	140	145	148	151	155	158	162	166	170	175	179	184	187	190	197	203	206	210	218	221	226	230	233	/
2A_SB	10	a	153	159	165	170	173	175	178	181	184	188	192	195	199	202	206	212	218	221	225	232	235	240	243	246	257
2A_SB	10	d	155	161	167	171	174	176	179	182	185	189	193	196	200	203	207	213	219	222	226	233	236	241	244	247	/
2A_SB	11	a	171	176	182	186	190	193	196	199	204	208	211	214	217	222	225	232	239	243	246	251	253	257	261	264	274
2A_SB	11	d	172	177	184	188	192	195	197	201	205	209	213	215	219	223	227	234	240	244	247	252	254	258	262	265	/
2A_SB	12	a	183	189	196	199	202	205	207	210	213	217	221	223	228	232	235	241	247	251	254	259	261	265	269	273	282
2A_SB	12	d	184	191	197	200	203	206	208	211	214	218	222	225	229	233	236	242	248	252	255	260	262	266	270	274	/
2A_SB	13	a	199	204	210	213	217	220	223	226	229	234	239	243	247	251	254	261	268	273	277	282	285	290	294	298	309
2A_SB	13	d	200	205	211	215	218	221	224	227	231	236	241	245	249	252	256	263	270	274	278	283	286	291	295	299	/
2A_SB	14	a	216	222	229	234	239	243	247	252	256	260	264	267	271	275	279	287	292	295	299	305	308	313	317	321	332
2A_SB	14	d	218	224	231	236	241	245	249	254	258	261	265	268	272	276	280	288	293	296	300	306	309	315	318	322	/
2A_SB	15	a	234	241	248	253	257	260	264	267	270	273	277	279	282	286	290	298	303	307	310	316	319	324	327	332	341
2A_SB	15	d	236	243	250	255	258	262	265	268	271	274	278	280	283	287	291	299	304	308	311	317	320	325	329	333	/
2A_SB	16	a	245	250	256	260	264	268	272	276	280	284	287	289	293	297	301	309	317	321	325	330	333	337	341	345	356
2A_SB	16	d	246	251	258	262	266	270	274	277	282	285	288	290	295	298	302	311	318	322	326	331	334	338	342	346	/
2A_SB	17	a	266	271	277	281	286	289	292	295	299	302	305	307	310	314	317	325	333	336	339	345	347	351	354	358	369
2A_SB	17	d	267	273	279	283	288	290	293	296	300	303	306	308	311	315	318	327	334	337	340	346	348	352	355	359	/
2A_SB	18	a	276	281	286	290	294	297	301	304	308	312	316	319	323	327	331	339	345	349	354	361	365	370	374	378	388
2A_SB	18	d	277	282	288	292	296	299	302	306	310	314	318	320	325	329	333	341	347	351	356	363	367	372	376	379	/
2A_SB	19	a	291	297	302	305	309	313	317	320	325	329	333	337	342	346	350	359	364	368	371	378	381	385	388	391	403
2A_SB	19	d	292	298	303	307	311	315	318	322	326	331	335	339	344	347	352	360	365	369	372	380	382	386	389	393	/
2A_SB	20	a	305	311	317	320	324	327	330	334	339	343	346	349	354	359	363	371	377	381	385	392	395	399	402	405	414
2A_SB	20	d	307	312	318	321	325	328	331	336	340	344	348	351	356	361	365	373	379	382	386	393	396	400	403	406	/
2A_SB	21	a	333	340	346	349	353	356	358	361	364	368	372	374	378	381	385	393	399	402	406	411	414	419	423	427	439
2A_SB	21	d	335	341	347	350	354	357	359	362	365	369	373	375	379	382	386	394	400	403	407	412	415	420	425	429	/
2A_SB	22	a	338	345	352	355	359	362	365	369	373	378	381	385	389	393	396	405	411	414	418	423	425	429	433	436	445
2A_SB	22	d	340	346	353	356	360	363	367	371	375	379	383	386	391	394	398	406	412	415	419	424	426	430	434	437	/
2A_SB	23	a	349	355	363	368	372	376	380	384	388	392	396	400	403	406	410	418	426	429	432	439	441	446	451	454	463
2A_SB	23	d	351	357	365	370	374	378	381	385	389	393	398	401	404	407	412	420	427	430	433	440	442	448	452	455	/
2A_SB	24	a	363	370	376	380	384	388	392	396	400	404	407	410	414	418	422	429	436	440	443	449	451	456	460	463	472
2A_SB	24	d	365	371	377	382	386	390	394	397	401	405	408	411	415	419	423	430	437	441	444	450	452	457	461	464	/
2A_SB	25	a	384	391	397	401	406	410	413	416	420	424	428	430	433	437	442	451	458	463	468	475	478	483	486	490	502
2A_SB	25	d	386	393	399	403	408	411	414	417	421	425	429	431	435	439	444	453	460	465	469	476	480	484	487	492	/
2A_SB	26	a	401	406	413	418	423	427	431	435	439	442	446	448	451	454	457	463	469	472	476	483	486	490	493	497	506
2A_SB	26	d	402	408	415	420	425	429	433	436	440	443	447	449	452	455	458	464	470	473	477	484	487	491	494	498	/
2A_SB	27	a	413	418	424	428	433	437	441	445	450	454	459	462	465	469	473	480	486	489	493	499	502	507	511	514	523
2A_SB	27	d	414	419	426	430	435	439	443	447	452	456	461	463	466	470	474	481	487	490	494	500	503	508	512	515	/
2A_SB	28	a	423	429	435	438	443	446	450	453	457	460	464	467	470	474	478	487	493	496	499	504	507	512	517	520	530
2A_SB	28	d	425	431	436	440	444	448	451	454	458	461	466	468	471	475	480	488	494	497	500	505	508	514	518	522	/
2A_SB	29	a	439	445	451	454	457	459	461	464	468	472	476	478	481	484	488	496	502	506	509	515	518	523	527	530	540
2A_SB	29	d	441	446	452	455	458	460	462	465	469	473	477	479	482	485	489	497	503	507	510	516	519	525	528	531	/
2A_SB	30	a	446	452	458	461	465	467	470	474	478	482	485	487	491	495	499	506	512	515	519	525	528	533	536	540	552
2A_SB	30	d	448	453	459	463	466	468	471	475	479	483	486	488	493	497	500	507	513	516	520	526	529	534	538	542	/
2A_SB	31	a	455	462	468	472	477	479	483	486	490	494	497	499	502	506	509	516	522	525	528	533	536	541	545	548	559
2A_SB	31	d	457	463	469	474	478	481	484	487	491	495	498	500	503	507	510	517	523	526	529	534	537	542	546	549	/
2A_SB	32	a	467	473	480	483	486	488	491	494	497	501	504	507	511	515	519	526	532	535	539	544	547	552	557	561	571
2A_SB	32	d	469	475	481	484	487	489	492	495	498	502	506	509	513	517	520	528	533	537	540	545	548	554	558	562	/
2A_SB	33	a	480	487	493	498	501	503	505	508	511	515	518	520	524	527	531	538	544	548	552	557	559	564	567	571	580
2A_SB	33	d	482	489	495	499	502	504	506	509	512	516	519	521	525	528	532	540	546	549	553	558	560	565	568	572	/
2A_SB	34	a	485	492	498	503	506	508	510	513	516	520	523	525	530	534	538	545	550	553	557	562	564	569	573	578	587
2A_SB	34	d	487	494	500	504	507	509	511	514	517	521	524	527	532	535	539	546	551	554	558	563	565	571	575	579	/
2A_SB	35	a	491	497	504	508	511	513	516	519	522	526	530	533	537	541	544	552	558	563	568	573	576	581	584	587	596
2A_SB	35	d	492	499	505	509	512	514	517	520	523	527	531	534	539	542	546	554	560	565	569	574	578	582	585	588	/
2A_SB	36	a	501	506	513	518	522	524	527	530	533	536	540	544	549	552	556	564	569	572	576	581	584	589	592	595	604
2A_SB	36	d	502	508	515	520	523	525	528	531	534	537	542	546	550	554	558	565	570	573	577	582	586	590	593	596	/
2A_SB	37	a	506	511	519	524	527	531	534	537	540	543	547	550	554	557	562	569	574	577	581	586	590	594	597	600	608
2A_SB	37	d	507	513	521	525	529	532	535	538	541	544	548	551	555	559	563	570	575	578	582	588	591	595	598	601	/
2A_SB	38	a	513	519	526	531	534	538	541	545	549	552	556	558	561	564	569	576	581	584	588	595	598	603	607	610	618
2A_SB	38	d	514	520	528	532	536	540	543	546	550	553	557	559	562	566	570	577	582	585	589	596	600	604	608	611	/
2A_SB	39	a	522	528	534	539	542	544	547	550	554	558	561	563	566	569	573	581	586	589	593	600	603	608	612	616	626
2A_SB	39	d	523	529	536	540	543	546	548	551	555	559	562	564	567	571	575	582	587	590	594	601	605	609	614	618	/
2A_SB	40	a	527	532	539	543	547	549	552	555	559	563	567	569	573	578	581	588	595	599	603	608	611	615	618	622	631
2A_SB	40	d	528	534	541	545	548	551	553	556	560	565	568	571	575	579	582	590	597	600	604	609	612	616	619	623	/
2A_SB	41	a	532	537	544	548	552	554	558	561	565	569	572	574	578	583	586	595	601	605	609	614	618	623	626	630	639
2A_SB	41	d	533	539	546	550	553	556	559	562	566	570	573	576	580	584	587	596	602	606	610	616	620	624	627	631	/
2A_SB	42	a	537	542	549	553	558	560	563	566	570	573	577	580	584	588	592	602	608	612	616	621	624	628	631	635	644
2A_SB	42	d	538	544	551	555	559	561	564	567	571	575	579	582	586	590	594	603	609	613	617	622	625	629	632	636	/
2A_SB	43	a	543	548	555	560	564	566	569	572	575	579	583	586	591	595	599	607	614	617	622	627	630	635	639	643	652
2A_SB	43	d	544	550	557	561	565	567	570	573	577	581	585	588	593	597	601	609	615	619	623	628	631	636	640	644	/
2A_SB	44	a	548	553	560	565	569	571	574	577	580	584	588	591	596	600	605	613	619	622	627	632	635	640	644	647	656
2A_SB	44	d	549	555	562	566	570	572	575	578	582	586	590	593	598	602	607	614	620	624	628	633	636	641	645	649	/
2A_SB	45	a	553	558	565	570	574	577	581	585	588	593	597	600	603	607	612	620	626	629	634	640	643	648	651	655	664
2A_SB	45	d	554	560	567	572	576	579	583	586	590	595	599	601	605	609	614	621	627	631	635	641	644	649	653	657	/
2A_SB	46	a	558	564	571	576	580	583	587	590	593	598	603	605	609	613	617	624	631	635	639	645	648	653	656	660	669
2A_SB	46	d	559	566	573	578	582	585	588	591	595	600	604	607	611	615	619	626	633	636	640	646	649	654	658	662	/
2A_SB	47	a	564	570	577	582	585	589	592	596	600	605	610	612	616	620	624	630	637	640	644	650	653	658	661	666	674
2A_SB	47	d	565	572	579	583	587	590	594	598	602	607	611	614	617	622	625	632	638	641	645	651	654	659	663	667	/
2A_SB	48	a	572	577	583	587	591	594	597	601	605	610	615	617	621	626	629	636	642	646	649	655	658	663	667	672	681
2A_SB	48	d	573	578	585	588	592	595	599	603	607	612	616	619	623	627	630	637	644	647	650	656	659	665	669	674	/
2A_SB	49	a	577	582	589	593	597	601	605	609	613	618	622	624	627	631	634	642	649	653	657	664	668	673	677	680	690
2A_SB	49	d	578	584	591	594	599	603	607	611	615	619	623	625	628	632	636	644	651	655	659	666	670	675	678	682	/
2A_SB	50	a	583	588	594	598	602	606	610	614	618	623	627	629	632	636	639	647	654	658	662	669	673	678	682	685	695
2A_SB	50	d	584	590	596	599	604	608	612	616	620	624	628	630	633	637	641	649	656	660	664	671	675	680	683	687	/
2A_SB	51	a	592	598	606	610	613	616	618	621	624	628	632	635	639	644	648	656	662	666	669	675	678	683	687	690	699
2A_SB	51	d	593	600	608	611	614	617	619	622	625	629	634	637	641	646	649	657	663	667	670	676	680	685	688	692	/
2A_SB	52	a	597	603	611	615	618	622	625	629	632	635	639	641	645	649	653	661	667	672	675	683	686	690	694	698	706
2A_SB	52	d	598	605	613	616	620	624	627	630	633	636	640	643	647	651	654	662	669	673	677	684	687	691	695	699	/
2A_SB	53	a	603	609	616	620	623	627	630	635	639	642	647	649	652	655	658	666	672	677	681	688	691	695	699	703	711
2A_SB	53	d	604	610	618	621	625	629	632	637	640	644	648	650	653	656	659	667	674	678	682	689	692	696	700	704	/
2A_SB	54	a	620	625	633	636	639	642	645	649	652	656	661	663	667	671	676	683	689	692	695	700	704	709	714	719	730
2A_SB	54	d	621	627	634	637	640	643	647	650	653	658	662	664	668	673	677	685	690	693	696	702	706	711	716	721	/
2A_SB	55	a	640	646	653	656	659	662	665	669	672	676	680	683	688	691	695	702	707	710	714	722	724	730	735	738	749
2A_SB	55	d	641	648	654	657	661	663	667	670	673	677	682	685	689	692	696	703	708	711	716	723	726	732	736	739	/
2A_SB	56	a	666	671	678	682	685	688	691	695	700	705	709	712	716	720	723	730	735	739	743	749	753	757	761	765	775
2A_SB	56	d	667	673	680	683	686	689	692	697	702	707	711	714	718	721	724	731	737	740	744	751	754	759	763	766	/
2A_SB	57	a	693	698	705	708	712	715	719	722	727	731	734	737	742	745	750	757	763	766	770	777	780	786	790	795	805
2A_SB	57	d	694	700	706	709	714	717	720	724	728	732	736	739	743	747	752	758	764	767	772	779	782	788	792	796	/
2A_SB	58	a	722	727	734	737	741	744	748	751	756	760	764	767	771	774	777	785	791	796	799	806	810	816	820	824	833
2A_SB	58	d	723	729	735	739	743	746	749	753	757	761	765	768	772	775	778	787	793	797	801	808	812	817	821	825	/
2A_SB	59	a	752	758	764	767	771	775	778	782	785	789	793	795	800	803	806	814	821	825	829	836	840	845	849	853	863
2A_SB	59	d	753	759	765	769	773	776	779	783	786	790	794	797	801	804	808	816	823	827	831	838	842	847	851	855	/
2A_SB	60	a	782	788	793	797	801	804	808	811	815	819	822	825	829	833	836	843	849	854	859	866	870	875	879	884	894
2A_SB	60	d	783	789	795	799	803	806	809	813	816	820	824	827	830	834	838	845	851	856	861	868	872	877	881	885	/
2A_SB	61	a	812	817	824	828	831	835	838	841	845	849	853	855	859	863	866	874	880	884	888	895	899	904	909	913	922
2A_SB	61	d	813	819	825	829	833	836	839	843	846	850	854	857	860	864	867	875	881	885	890	897	901	906	911	915	/
2A_SB	62	a	842	847	853	857	861	864	868	872	875	879	883	886	889	892	896	903	909	912	917	922	926	932	936	940	949
2A_SB	62	d	843	849	855	859	863	866	869	873	876	880	884	887	890	894	897	904	910	914	918	924	928	933	937	941	/
2A_SB	63	a	871	876	883	888	892	895	897	901	904	908	913	915	919	923	926	933	938	942	946	952	956	962	965	969	981
2A_SB	63	d	872	878	885	889	893	896	898	902	905	909	914	916	920	924	927	934	940	944	948	954	958	963	966	970	/
2A_SB	64	a	899	904	909	913	918	921	924	927	931	935	939	942	946	950	954	961	966	970	974	980	983	987	992	997	1006
2A_SB	64	d	900	905	910	915	919	923	925	928	933	936	941	943	947	951	955	962	968	971	975	981	984	989	994	998	/
3A_SB	1	a	26	31	35	39	43	45	48	52	56	58	62	65	69	76	80
3A_SB	1	d	27	32	36	40	44	47	50	53	57	59	63	66	70	77	/
3A_SB	2	a	46	52	56	60	64	67	70	75	79	81	86	89	92	98	101
3A_SB	2	d	47	53	57	62	66	69	72	76	80	82	87	90	93	99	/
3A_SB	3	a	52	58	62	67	71	74	76	80	84	86	91	94	97	103	106
3A_SB	3	d	53	59	64	69	73	75	77	81	85	87	92	95	98	104	/
3A_SB	4	a	74	80	84	88	91	93	96	99	103	105	110	113	116	122	126
3A_SB	4	d	75	81	85	89	92	94	97	100	104	106	111	114	117	123	/
3A_SB	5	a	87	93	98	103	108	110	113	118	123	126	131	134	137	142	145
3A_SB	5	d	88	95	100	105	109	112	115	120	124	127	132	135	138	143	/
3A_SB	6	a	102	108	112	116	121	124	127	132	137	139	144	147	150	157	162
3A_SB	6	d	103	110	113	118	123	126	129	134	138	140	145	148	152	159	/
3A_SB	7	a	123	128	131	135	138	140	142	145	149	151	156	159	162	168	173
3A_SB	7	d	124	129	132	136	139	141	143	147	150	152	157	160	163	170	/
3A_SB	8	a	133	138	142	145	148	150	153	156	160	162	167	171	174	180	185
3A_SB	8	d	134	140	143	146	149	151	154	157	161	163	168	172	175	182	/
3A_SB	9	a	139	144	147	150	154	156	159	162	167	169	174	178	181	186	190
3A_SB	9	d	140	145	148	151	155	157	160	164	168	170	175	179	182	187	/
3A_SB	10	a	147	152	155	159	163	165	168	171	175	177	182	185	189	194	197
3A_SB	10	d	148	153	156	160	164	166	169	172	176	178	183	186	190	195	/
3A_SB	11	a	152	157	161	165	168	170	173	176	180	183	187	190	194	200	203
3A_SB	11	d	153	159	162	166	169	171	174	177	182	184	188	191	195	201	/
3A_SB	12	a	167	172	176	179	182	184	187	191	195	197	202	205	208	214	218
3A_SB	12	d	168	173	177	180	183	185	188	192	196	198	203	206	209	216	/
3A_SB	13	a	176	181	186	190	194	198	201	206	210	212	217	221	225	230	234
3A_SB	13	d	177	183	188	192	196	200	203	208	211	213	218	222	226	232	/
3A_SB	14	a	197	203	208	212	216	219	221	225	229	231	236	239	242	248	252
3A_SB	14	d	198	205	209	213	217	220	223	227	230	232	237	240	243	249	/
3A_SB	15	a	203	209	213	218	223	227	231	235	239	241	246	249	252	258	262
3A_SB	15	d	204	211	215	220	225	229	233	237	240	242	247	250	253	260	/
3A_SB	16	a	224	229	233	237	242	245	247	250	253	256	261	264	269	275	278
3A_SB	16	d	225	230	234	239	243	246	248	251	255	257	262	266	270	276	/
3A_SB	17	a	249	255	260	265	270	272	275	279	284	286	290	294	297	302	305
3A_SB	17	d	250	257	262	267	271	273	276	281	285	287	291	295	298	303	/
3A_SB	18	a	268	273	277	281	285	288	290	294	297	299	304	308	311	317	320
3A_SB	18	d	269	275	278	282	286	289	291	295	298	300	305	309	312	318	/
3A_SB	19	a	274	279	282	287	291	295	298	302	306	308	313	317	320	325	328
3A_SB	19	d	275	280	284	289	293	297	299	303	307	309	315	318	321	326	/
3A_SB	20	a	289	293	296	301	305	308	312	317	322	324	329	333	337	343	347
3A_SB	20	d	290	294	298	303	307	310	314	319	323	325	330	334	338	344	/
3A_SB	21	a	317	321	326	330	333	335	337	340	344	346	350	353	356	361	364
3A_SB	21	d	318	323	327	331	334	336	338	341	345	347	351	354	357	362	/
3A_SB	22	a	326	330	335	339	342	344	347	350	355	357	361	364	367	373	376
3A_SB	22	d	327	332	337	340	343	345	348	352	356	358	362	365	368	374	/
3A_SB	23	a	339	344	349	353	356	359	361	364	368	370	375	379	382	388	392
3A_SB	23	d	340	346	350	354	357	360	362	365	369	371	376	380	383	389	/
3A_SB	24	a	358	364	368	373	377	380	382	386	390	392	397	400	403	409	413
3A_SB	24	d	359	366	370	375	378	381	383	387	391	393	398	401	404	411	/
3A_SB	25	a	373	378	383	387	390	392	394	397	401	403	409	412	415	420	424
3A_SB	25	d	374	380	384	388	391	393	395	398	402	405	410	413	416	421	/
3A_SB	26	a	387	393	396	400	403	405	407	411	415	417	422	425	428	434	438
3A_SB	26	d	388	394	397	401	404	406	408	412	416	418	423	426	429	436	/
3A_SB	27	a	400	405	409	413	416	418	420	423	427	429	434	437	441	447	450
3A_SB	27	d	401	406	410	414	417	419	421	424	428	430	435	438	442	448	/
3A_SB	28	a	411	416	420	425	429	433	437	442	446	449	453	456	459	467	471
3A_SB	28	d	412	417	422	427	431	435	439	444	447	450	454	457	460	469	/
3A_SB	29	a	434	440	445	449	452	454	457	460	464	466	470	473	476	483	487
3A_SB	29	d	435	442	446	450	453	455	458	461	465	467	471	474	477	484	/
3A_SB	30	a	448	454	458	462	465	467	470	474	477	479	484	487	490	496	500
3A_SB	30	d	449	456	459	463	466	469	471	475	478	480	485	488	491	498	/
3A_SB	31	a	455	460	464	468	471	473	475	479	482	484	489	492	495	501	505
3A_SB	31	d	456	462	465	469	472	474	476	480	483	485	490	493	496	503	/
3A_SB	32	a	464	470	474	479	483	487	490	493	497	499	504	508	511	517	521
3A_SB	32	d	465	471	476	481	485	489	491	495	498	500	505	509	513	518	/
3A_SB	33	a	475	481	484	487	490	493	495	499	503	505	510	514	518	524	529
3A_SB	33	d	476	482	485	488	491	494	496	501	504	506	511	516	520	526	/
3A_SB	34	a	481	487	490	493	496	499	501	505	508	510	515	520	524	530	534
3A_SB	34	d	482	488	491	494	497	500	502	506	509	511	517	522	525	531	/
3A_SB	35	a	490	496	501	505	509	511	514	519	524	526	531	535	538	544	547
3A_SB	35	d	491	498	502	506	510	512	516	521	525	527	532	536	540	545	/
3A_SB	36	a	508	514	518	522	525	528	530	533	537	539	545	548	551	556	559
3A_SB	36	d	509	515	519	523	526	529	531	534	538	540	546	549	552	557	/
3A_SB	37	a	514	519	523	527	531	534	536	539	543	545	551	554	558	564	567
3A_SB	37	d	515	520	524	528	532	535	537	540	544	546	552	555	559	565	/
3A_SB	38	a	524	529	534	539	543	545	548	552	557	560	565	569	573	578	581
3A_SB	38	d	525	531	536	541	544	546	550	554	558	561	566	571	574	579	/
3A_SB	39	a	533	538	543	547	551	554	557	562	567	570	576	580	583	588	593
3A_SB	39	d	534	540	545	549	553	556	559	564	568	571	577	581	584	590	/
3A_SB	40	a	556	561	565	569	573	575	577	581	586	589	594	598	602	608	613
3A_SB	40	d	557	563	566	570	574	576	578	583	588	591	596	600	604	610	/
3A_SB	41	a	576	581	586	591	594	597	599	603	608	611	616	621	624	629	634
3A_SB	41	d	577	583	588	592	595	598	601	605	610	612	618	622	625	631	/
3A_SB	42	a	586	591	595	599	602	606	609	612	617	620	625	629	632	638	642
3A_SB	42	d	587	592	596	600	604	607	610	614	619	622	626	630	633	639	/
3A_SB	43	a	600	605	609	613	617	620	623	626	630	634	640	644	648	653	656
3A_SB	43	d	601	606	610	615	619	621	624	627	632	636	642	645	649	654	/
3A_SB	44	a	623	629	632	635	639	642	644	648	652	655	660	663	666	673	677
3A_SB	44	d	624	630	633	637	640	643	646	649	653	656	661	664	668	674	/
3A_SB	45	a	628	634	637	640	644	646	650	653	657	660	665	668	671	678	682
3A_SB	45	d	629	635	638	642	645	648	651	654	658	661	666	669	673	680	/
3A_SB	46	a	633	638	642	645	649	651	655	658	662	665	670	673	676	684	687
3A_SB	46	d	634	640	643	647	650	653	656	659	663	666	671	674	678	685	/
3A_SB	47	a	638	643	648	653	656	658	661	666	670	674	678	681	684	691	695
3A_SB	47	d	639	645	650	654	657	659	663	668	672	675	679	682	685	693	/
3A_SB	48	a	644	650	654	659	664	666	669	673	676	679	683	687	690	697	700
3A_SB	48	d	645	651	656	661	665	668	670	674	677	680	685	688	692	698	/
3A_SB	49	a	659	664	668	672	676	678	681	684	688	691	696	699	702	708	711
3A_SB	49	d	660	665	669	673	677	679	682	685	690	692	697	700	703	709	/
3A_SB	50	a	664	669	674	678	682	684	687	691	696	698	704	707	710	717	720
3A_SB	50	d	665	671	675	680	683	685	689	693	697	700	705	708	712	718	/
3A_SB	51	a	669	674	679	683	687	689	692	697	701	703	709	712	715	722	726
3A_SB	51	d	670	676	680	685	688	690	694	698	702	705	710	713	717	724	/
3A_SB	52	a	683	688	692	695	699	703	706	710	714	718	723	726	729	734	737
3A_SB	52	d	684	690	693	697	701	705	707	711	716	720	724	727	730	735	/
3A_SB	53	a	688	693	697	700	704	708	711	715	719	723	728	731	734	740	743
3A_SB	53	d	689	695	698	702	706	710	712	716	721	725	729	732	735	741	/
3A_SB	54	a	702	708	712	716	719	723	726	729	734	736	742	746	750	757	761
3A_SB	54	d	703	709	713	717	721	724	727	731	735	738	744	748	752	759	/
3A_SB	55	a	732	737	741	745	749	753	755	760	764	766	772	777	781	788	791
3A_SB	55	d	733	739	743	747	751	754	757	761	765	768	774	778	782	789	/
3A_SB	56	a	762	768	772	776	779	782	785	790	794	796	802	807	810	816	820
3A_SB	56	d	763	769	773	777	781	784	787	791	795	798	804	808	811	818	/
3A_SB	57	a	792	798	802	806	809	812	815	820	824	826	832	836	840	846	850
3A_SB	57	d	793	799	803	807	811	814	817	821	825	828	834	838	841	848	/
3A_SB	58	a	822	828	832	836	839	842	845	849	854	856	862	867	870	877	880
3A_SB	58	d	823	829	833	837	841	844	847	851	855	858	864	868	871	878	/
3A_SB	59	a	852	857	861	865	870	873	875	879	884	886	892	897	900	906	909
3A_SB	59	d	853	858	862	867	871	874	877	881	885	888	894	898	901	907	/
3A_SB	60	a	882	887	890	895	899	902	906	909	914	916	923	927	930	935	939
3A_SB	60	d	883	888	892	897	901	904	907	911	915	918	924	928	931	936	/
3A_SB	61	a	912	917	920	925	929	933	936	939	944	947	951	954	957	964	969
3A_SB	61	d	913	918	922	927	931	934	937	941	945	948	952	955	959	966	/
3A_SB	62	a	942	947	950	955	959	962	966	969	974	976	981	984	987	995	999
3A_SB	62	d	943	948	952	956	961	964	967	971	975	978	982	985	989	996	/
3A_SB	63	a	972	977	981	984	989	993	995	999	1003	1006	1011	1014	1017	1023	1027
3A_SB	63	d	973	978	982	986	991	994	996	1001	1005	1008	1012	1015	1019	1025	/
3A_SB	64	a	998	1004	1009	1013	1017	1021	1025	1028	1032	1035	1040	1043	1046	1053	1057
3A_SB	64	d	999	1006	1010	1014	1019	1023	1026	1029	1034	1036	1041	1044	1048	1054	/
3A_NB	1	a	27	31	36	40	44	48	52	56	60	65	70	75	79	83	89	94	97
3A_NB	1	d	28	33	38	41	45	49	53	58	62	67	72	77	81	85	91	95	/
3A_NB	2	a	43	47	51	54	58	62	67	71	74	80	83	87	90	92	96	100	103
3A_NB	2	d	44	48	52	56	60	64	69	73	76	81	84	88	91	93	97	101	/
3A_NB	3	a	53	57	61	65	70	74	79	83	87	92	95	99	102	105	110	114	119
3A_NB	3	d	54	58	63	67	72	76	80	85	88	93	96	100	104	106	112	116	/
3A_NB	4	a	68	71	76	81	85	88	92	95	98	103	106	109	113	116	121	125	129
3A_NB	4	d	69	73	78	83	86	89	93	97	100	104	107	110	114	117	122	127	/
3A_NB	5	a	85	88	92	97	100	104	109	114	118	123	127	131	134	137	142	145	149
3A_NB	5	d	86	90	94	98	102	106	111	116	120	124	128	132	135	138	143	146	/
3A_NB	6	a	96	99	103	107	111	115	120	125	128	133	137	141	145	148	153	156	160
3A_NB	6	d	97	101	104	109	113	117	122	127	130	134	138	142	146	149	154	157	/
3A_NB	7	a	117	120	124	128	131	134	139	142	145	150	154	158	161	163	167	171	175
3A_NB	7	d	118	121	126	129	132	136	140	144	147	151	155	159	162	164	168	172	/
3A_NB	8	a	142	145	150	154	157	160	163	168	170	174	177	180	184	187	192	196	199
3A_NB	8	d	143	147	152	155	158	161	165	169	171	175	178	181	185	188	193	197	/
3A_NB	9	a	147	150	155	159	162	166	170	174	176	180	183	186	190	193	198	201	204
3A_NB	9	d	148	152	157	160	164	167	171	175	177	181	184	187	191	194	199	202	/
3A_NB	10	a	152	156	160	164	167	171	175	179	183	188	191	194	198	201	206	210	213
3A_NB	10	d	153	157	162	165	169	172	176	181	184	189	192	195	200	202	208	211	/
3A_NB	11	a	161	165	169	173	177	181	184	187	190	195	198	201	205	207	212	217	220
3A_NB	11	d	162	166	171	175	179	182	185	188	191	196	199	202	206	208	214	218	/
3A_NB	12	a	176	179	182	186	190	194	198	203	206	211	215	219	222	224	228	231	235
3A_NB	12	d	177	180	184	187	192	195	200	205	208	212	216	220	223	225	229	232	/
3A_NB	13	a	196	200	204	208	212	216	219	222	225	230	233	237	240	243	247	251	255
3A_NB	13	d	197	202	206	210	213	217	220	223	227	231	234	238	241	244	248	252	/
3A_NB	14	a	205	209	212	215	218	223	228	233	236	240	244	248	251	254	259	262	267
3A_NB	14	d	206	210	213	216	220	225	230	235	237	241	245	249	252	255	260	264	/
3A_NB	15	a	229	232	236	239	242	245	248	251	254	259	262	266	269	272	276	279	283
3A_NB	15	d	230	233	237	240	243	246	249	252	256	260	263	267	270	273	277	280	/
3A_NB	16	a	237	240	244	248	251	254	258	262	264	268	271	275	280	283	287	290	293
3A_NB	16	d	238	242	246	249	252	255	259	263	265	269	272	277	281	284	288	291	/
3A_NB	17	a	250	254	257	261	265	270	273	276	279	284	288	291	294	297	301	305	308
3A_NB	17	d	251	255	258	263	267	271	274	278	281	285	289	292	295	298	302	306	/
3A_NB	18	a	260	264	268	272	275	279	283	288	291	295	299	302	306	309	313	317	321
3A_NB	18	d	261	266	270	273	277	281	285	289	292	296	300	303	307	310	314	318	/
3A_NB	19	a	272	276	279	282	285	289	294	298	302	307	311	315	319	323	328	333	337
3A_NB	19	d	273	277	280	283	286	291	295	300	303	308	313	317	321	325	330	334	/
3A_NB	20	a	284	288	291	295	299	304	309	314	317	322	326	329	332	335	339	343	347
3A_NB	20	d	285	289	293	297	301	306	311	316	319	323	327	330	333	336	340	344	/
3A_NB	21	a	301	305	308	312	316	321	325	329	332	336	340	343	346	348	353	357	361
3A_NB	21	d	302	306	309	314	318	323	327	331	333	337	341	344	347	349	354	359	/
3A_NB	22	a	326	330	333	337	340	343	346	349	351	355	358	362	365	367	372	376	379
3A_NB	22	d	327	331	335	338	341	344	347	350	352	356	359	363	366	368	373	377	/
3A_NB	23	a	331	335	339	343	346	351	355	359	363	368	373	378	383	387	392	397	401
3A_NB	23	d	332	337	341	344	348	353	357	361	365	370	375	380	385	389	394	398	/
3A_NB	24	a	358	361	365	368	371	374	377	382	386	390	393	397	401	404	408	411	415
3A_NB	24	d	359	363	366	369	372	375	379	384	387	391	394	398	402	405	409	413	/
3A_NB	25	a	364	367	370	374	379	383	387	392	396	402	405	409	412	414	418	421	425
3A_NB	25	d	365	368	372	376	380	385	389	394	398	403	406	410	413	415	419	422	/
3A_NB	26	a	383	386	390	394	398	401	405	409	412	417	421	425	429	433	439	443	447
3A_NB	26	d	384	388	392	395	399	402	406	410	413	418	422	427	431	435	440	445	/
3A_NB	27	a	391	395	398	402	406	410	414	418	422	428	431	435	439	441	446	450	453
3A_NB	27	d	392	396	400	403	408	412	415	420	424	429	432	436	440	442	447	451	/
3A_NB	28	a	402	406	409	412	415	418	421	425	428	433	436	440	444	446	451	455	459
3A_NB	28	d	403	407	410	413	416	419	422	426	429	434	437	441	445	447	452	457	/
3A_NB	29	a	412	416	419	422	427	431	435	440	443	448	452	455	459	461	465	469	473
3A_NB	29	d	413	417	420	424	428	432	437	441	444	450	453	456	460	462	466	470	/
3A_NB	30	a	429	433	438	441	445	448	451	455	457	462	465	468	472	474	479	483	488
3A_NB	30	d	430	435	439	442	446	449	452	456	459	463	466	469	473	475	480	485	/
3A_NB	31	a	440	444	448	453	457	462	465	469	473	478	481	485	489	491	495	499	503
3A_NB	31	d	441	445	450	455	459	463	467	471	475	479	482	486	490	492	496	500	/
3A_NB	32	a	448	452	457	462	465	469	472	475	478	483	487	491	495	499	505	510	514
3A_NB	32	d	449	454	459	463	466	470	473	476	480	484	488	492	497	501	507	512	/
3A_NB	33	a	459	463	467	471	475	480	483	486	489	493	497	501	504	508	514	517	520
3A_NB	33	d	460	465	469	473	477	481	484	487	490	494	498	502	506	510	515	518	/
3A_NB	34	a	470	474	478	483	487	490	493	496	500	504	508	512	515	517	522	525	530
3A_NB	34	d	471	476	480	484	488	491	494	498	501	505	509	513	516	518	523	527	/
3A_NB	35	a	476	480	483	488	492	495	498	502	505	509	513	517	520	522	527	531	535
3A_NB	35	d	477	481	485	489	493	496	499	503	506	510	514	518	521	523	528	532	/
3A_NB	36	a	481	484	488	493	497	500	503	507	510	514	518	522	525	527	531	536	540
3A_NB	36	d	482	486	490	494	498	501	504	508	511	515	519	523	526	528	533	537	/
3A_NB	37	a	502	505	509	513	516	519	523	528	531	536	540	543	546	549	553	557	561
3A_NB	37	d	503	507	510	514	517	521	525	529	533	537	541	544	547	550	554	558	/
3A_NB	38	a	514	518	521	525	528	533	537	542	545	549	553	556	560	562	567	571	575
3A_NB	38	d	515	519	522	526	530	535	539	544	546	550	554	557	561	563	568	572	/
3A_NB	39	a	522	526	531	535	539	542	546	549	551	555	558	562	566	568	573	577	581
3A_NB	39	d	523	528	532	537	540	544	547	550	552	556	559	563	567	569	575	578	/
3A_NB	40	a	527	531	536	541	544	547	551	554	557	561	564	568	572	575	580	583	588
3A_NB	40	d	528	533	538	542	545	549	552	555	558	562	565	569	573	576	581	585	/
3A_NB	41	a	532	536	541	546	550	553	556	559	562	567	570	574	578	581	586	590	594
3A_NB	41	d	533	538	543	548	551	554	557	560	564	568	571	575	579	582	587	591	/
3A_NB	42	a	537	541	546	551	555	559	563	566	569	574	577	581	585	589	594	598	602
3A_NB	42	d	538	543	548	553	557	561	564	567	571	575	578	582	587	591	595	599	/
3A_NB	43	a	542	546	551	556	560	564	568	572	574	579	583	588	592	595	599	603	606
3A_NB	43	d	543	548	553	558	562	566	570	573	576	581	585	589	593	596	600	604	/
3A_NB	44	a	549	553	557	561	565	569	573	577	579	584	588	593	597	600	605	609	612
3A_NB	44	d	550	555	559	563	567	571	575	578	581	586	590	594	598	601	606	610	/
3A_NB	45	a	554	558	562	566	570	575	579	582	585	591	594	598	602	605	610	614	618
3A_NB	45	d	555	560	564	568	572	577	580	584	587	592	595	599	604	606	611	615	/
3A_NB	46	a	584	588	592	595	599	602	606	611	614	618	622	626	630	633	639	643	647
3A_NB	46	d	585	589	593	597	600	604	608	612	615	619	623	628	632	635	640	644	/
3A_NB	47	a	614	617	622	625	629	633	636	640	643	648	652	656	661	663	668	672	676
3A_NB	47	d	615	619	623	627	630	634	638	642	645	649	653	658	662	665	669	674	/
3A_NB	48	a	619	622	627	630	635	639	642	645	649	653	657	662	666	668	673	677	682
3A_NB	48	d	620	624	628	632	636	640	643	647	650	654	659	663	667	670	674	679	/
3A_NB	49	a	624	627	632	635	640	644	647	650	654	658	662	666	671	673	678	682	687
3A_NB	49	d	625	629	633	637	641	645	648	652	655	659	664	668	672	675	679	684	/
3A_NB	50	a	629	633	636	640	645	649	652	656	659	664	667	671	676	679	683	687	692
3A_NB	50	d	630	634	638	642	646	650	654	657	660	665	669	673	677	680	684	689	/
3A_NB	51	a	634	638	641	645	649	654	657	661	664	669	673	676	680	684	688	692	697
3A_NB	51	d	635	639	643	647	651	655	659	662	665	671	674	678	682	685	689	694	/
3A_NB	52	a	639	643	646	651	654	659	663	667	670	675	678	681	685	689	694	698	702
3A_NB	52	d	640	644	648	652	656	660	664	668	671	676	679	683	687	690	695	699	/
3A_NB	53	a	645	648	653	658	661	666	671	675	679	683	687	691	695	699	705	709	713
3A_NB	53	d	646	650	655	659	663	668	672	677	680	685	689	693	697	701	706	711	/
3A_NB	54	a	661	664	668	671	675	678	682	687	690	694	699	703	708	711	716	721	725
3A_NB	54	d	662	665	669	673	676	680	684	688	691	696	700	705	709	713	718	722	/
3A_NB	55	a	687	691	694	698	702	706	710	714	718	722	725	729	733	735	741	745	749
3A_NB	55	d	688	692	696	700	704	708	712	716	719	723	726	730	734	737	742	746	/
3A_NB	56	a	717	721	724	728	733	737	740	745	747	751	755	759	762	766	771	774	779
3A_NB	56	d	718	722	726	730	734	738	742	746	748	752	756	760	764	767	772	776	/
3A_NB	57	a	747	750	754	758	762	767	771	774	777	781	785	789	793	795	801	805	809
3A_NB	57	d	748	752	756	760	764	768	772	775	778	782	786	790	794	797	802	806	/
3A_NB	58	a	777	781	785	789	792	796	800	803	806	810	815	819	823	825	830	833	838
3A_NB	58	d	778	782	786	790	794	797	801	804	807	812	816	820	824	827	831	835	/
3A_NB	59	a	807	811	815	819	823	826	830	833	835	840	844	849	853	856	860	864	868
3A_NB	59	d	808	812	816	820	824	827	831	834	837	842	846	850	854	857	861	865	/
3A_NB	60	a	837	841	844	848	852	856	860	863	865	871	875	879	883	885	890	894	897
3A_NB	60	d	838	842	846	849	854	857	861	864	867	872	876	880	884	887	891	895	/
3A_NB	61	a	867	870	874	878	882	886	890	893	895	900	904	909	913	915	920	924	928
3A_NB	61	d	868	872	876	879	883	887	891	894	897	902	906	910	914	916	921	925	/
3A_NB	62	a	897	900	905	908	911	915	920	923	926	930	935	939	943	945	950	954	958
3A_NB	62	d	898	902	906	909	913	917	921	924	927	932	936	940	944	946	951	955	/
3A_NB	63	a	927	930	934	938	941	945	950	953	956	960	963	966	971	975	979	984	987
3A_NB	63	d	928	931	936	939	942	947	951	954	957	961	964	968	973	976	981	985	/
3A_NB	64	a	957	960	964	967	971	975	980	983	986	990	993	996	1001	1004	1009	1013	1017
3A_NB	64	d	958	961	965	968	972	977	981	984	987	991	994	998	1003	1005	1011	1015	/
