RouteID	RunID	Arrivals/Departures	TimePerStop
1A_SB	1	a	29	35	41	45	49	53	59	64	70	75	80	92	97	101
1A_SB	1	d	30	36	43	47	51	55	61	66	72	77	82	94	98	/
1A_SB	2	a	45	50	59	62	67	71	76	79	85	89	93	103	107	110
1A_SB	2	d	46	52	60	64	69	72	77	80	87	91	95	104	108	/
1A_SB	3	a	67	73	83	87	91	95	100	104	109	112	116	125	130	134
1A_SB	3	d	68	75	85	89	92	96	101	105	110	113	117	126	131	/
1A_SB	4	a	74	80	89	94	98	102	108	112	118	121	126	134	140	144
1A_SB	4	d	76	81	91	95	99	104	110	114	119	123	127	135	142	/
1A_SB	5	a	95	103	113	116	120	124	128	132	139	143	148	155	161	164
1A_SB	5	d	97	105	114	117	121	125	130	134	141	145	149	156	162	/
1A_SB	6	a	104	110	119	122	125	129	134	138	145	149	152	161	167	171
1A_SB	6	d	106	111	120	123	126	131	135	140	147	150	154	162	168	/
1A_SB	7	a	113	119	129	132	135	138	142	147	154	159	163	174	180	184
1A_SB	7	d	115	120	130	133	136	139	144	149	156	161	165	175	181	/
1A_SB	8	a	119	125	135	139	143	146	150	155	161	166	171	182	190	195
1A_SB	8	d	120	126	136	141	144	147	152	157	163	168	173	184	192	/
1A_SB	9	a	132	138	147	151	155	159	165	169	176	179	183	192	199	202
1A_SB	9	d	133	139	148	152	157	160	166	170	177	180	184	193	200	/
1A_SB	10	a	136	142	152	155	160	164	171	175	182	186	191	200	206	210
1A_SB	10	d	138	144	153	157	162	166	172	176	183	188	192	201	208	/
1A_SB	11	a	142	148	157	160	165	169	176	180	187	192	196	205	212	215
1A_SB	11	d	144	149	158	162	167	171	177	182	189	193	197	207	213	/
1A_SB	12	a	168	176	186	189	192	196	203	207	213	217	221	229	233	236
1A_SB	12	d	170	178	187	190	193	198	204	208	215	219	222	230	234	/
1A_SB	13	a	176	184	195	199	202	207	213	217	222	225	229	237	241	244
1A_SB	13	d	178	186	197	200	204	208	214	218	223	226	230	238	242	/
1A_SB	14	a	192	199	208	211	215	220	227	231	238	241	244	253	258	263
1A_SB	14	d	194	201	209	213	217	222	229	233	239	242	245	254	260	/
1A_SB	15	a	215	222	232	236	240	243	248	252	258	262	266	276	281	286
1A_SB	15	d	217	223	233	237	241	244	249	253	259	264	268	277	283	/
1A_SB	16	a	226	233	242	245	248	251	256	259	264	269	273	281	286	291
1A_SB	16	d	228	235	243	246	249	252	257	260	266	271	274	282	288	/
1A_SB	17	a	233	240	248	251	254	258	263	267	272	277	281	290	296	301
1A_SB	17	d	235	241	249	252	255	259	265	268	274	279	283	292	298	/
1A_SB	18	a	242	248	256	259	263	267	272	275	282	286	289	298	303	308
1A_SB	18	d	243	249	257	261	264	268	273	276	283	287	290	299	305	/
1A_SB	19	a	250	257	268	271	274	278	284	287	294	298	301	309	315	320
1A_SB	19	d	252	259	269	272	275	280	285	288	296	299	302	311	317	/
1A_SB	20	a	256	263	273	276	279	283	290	294	302	307	311	320	327	332
1A_SB	20	d	257	264	274	277	280	285	292	296	304	309	313	322	329	/
1A_SB	21	a	277	283	290	294	297	301	308	311	318	321	324	332	338	342
1A_SB	21	d	278	284	291	295	299	303	309	313	319	322	325	333	340	/
1A_SB	22	a	287	294	302	305	308	311	317	321	327	330	334	344	351	354
1A_SB	22	d	289	295	303	306	309	312	319	323	328	332	335	345	352	/
1A_SB	23	a	306	313	320	325	329	332	339	343	348	352	357	367	373	378
1A_SB	23	d	308	314	322	326	330	334	341	344	349	354	359	368	375	/
1A_SB	24	a	312	319	328	333	337	341	347	351	357	361	364	372	379	384
1A_SB	24	d	314	321	330	334	339	342	348	353	358	362	365	374	381	/
1A_SB	25	a	328	334	344	349	354	359	366	370	377	381	385	395	400	403
1A_SB	25	d	329	335	346	351	356	361	367	372	378	383	387	397	401	/
1A_SB	26	a	346	351	360	365	368	372	379	384	390	394	398	407	413	417
1A_SB	26	d	347	353	362	366	370	374	381	386	392	396	400	409	414	/
1A_SB	27	a	375	381	391	394	398	401	408	412	419	424	428	438	443	447
1A_SB	27	d	376	382	392	395	399	403	410	414	421	425	429	439	444	/
1A_SB	28	a	405	410	419	424	428	431	438	442	450	453	457	466	473	477
1A_SB	28	d	406	412	421	425	429	433	440	444	451	454	459	468	474	/
1A_SB	29	a	434	441	450	454	457	461	468	472	478	482	487	496	502	507
1A_SB	29	d	435	442	451	455	459	463	470	474	480	484	488	498	504	/
1A_SB	30	a	463	469	478	482	485	489	495	499	505	509	513	524	530	533
1A_SB	30	d	464	470	480	483	486	491	496	501	506	511	514	526	531	/
1A_SB	31	a	490	497	505	510	514	519	525	529	535	538	541	552	558	561
1A_SB	31	d	491	498	507	512	516	521	526	531	536	539	543	553	559	/
1A_SB	32	a	507	513	521	525	529	533	540	544	550	553	557	568	573	577
1A_SB	32	d	508	515	523	527	530	534	541	545	551	554	559	569	575	/
1A_NB	1	a	15	19	25	33	40	44	50	55	63	67	71	74	80	85
1A_NB	1	d	16	21	26	35	42	45	52	57	64	68	72	75	82	/
1A_NB	2	a	24	28	34	42	49	53	59	63	69	73	77	80	87	92
1A_NB	2	d	25	30	35	44	51	54	60	64	70	75	78	82	89	/
1A_NB	3	a	33	37	42	50	57	61	68	72	79	83	86	89	96	101
1A_NB	3	d	34	38	43	52	59	63	69	74	80	84	87	90	98	/
1A_NB	4	a	46	50	56	64	71	74	79	84	91	95	99	103	111	116
1A_NB	4	d	47	51	58	66	72	75	81	86	92	96	101	105	112	/
1A_NB	5	a	52	56	63	70	76	79	84	89	96	101	106	110	118	124
1A_NB	5	d	53	58	64	71	77	80	86	91	98	103	108	112	120	/
1A_NB	6	a	63	67	72	79	85	89	94	99	105	109	113	117	124	129
1A_NB	6	d	64	68	73	80	87	90	96	100	106	111	115	118	125	/
1A_NB	7	a	70	74	79	88	95	99	105	110	116	120	124	128	135	141
1A_NB	7	d	71	75	81	90	96	101	107	111	117	122	126	129	137	/
1A_NB	8	a	95	99	105	113	120	123	128	131	137	142	147	151	161	166
1A_NB	8	d	96	100	107	115	121	124	129	133	139	144	149	152	163	/
1A_NB	9	a	118	123	128	137	144	147	152	156	162	165	169	172	180	186
1A_NB	9	d	120	124	130	139	145	148	153	157	163	166	170	173	181	/
1A_NB	10	a	143	148	155	164	170	173	179	183	190	193	197	200	207	213
1A_NB	10	d	145	150	157	166	171	175	180	184	191	194	198	201	208	/
1A_NB	11	a	165	170	176	183	190	195	202	207	213	217	220	224	232	239
1A_NB	11	d	166	172	178	185	192	197	204	208	214	218	221	225	233	/
1A_NB	12	a	173	178	184	190	196	200	207	212	218	222	225	228	237	244
1A_NB	12	d	174	180	185	191	198	202	209	213	219	223	226	230	238	/
1A_NB	13	a	179	184	190	196	202	205	212	217	224	228	231	234	242	247
1A_NB	13	d	180	186	191	198	203	207	214	219	225	229	232	235	243	/
1A_NB	14	a	184	189	195	203	209	213	219	223	229	233	236	239	246	252
1A_NB	14	d	185	191	197	205	211	215	220	224	230	234	237	240	248	/
1A_NB	15	a	189	194	201	208	215	219	224	228	235	239	242	245	252	257
1A_NB	15	d	190	196	202	210	217	220	225	229	236	240	243	246	253	/
1A_NB	16	a	198	202	208	216	222	225	229	233	241	246	249	253	260	265
1A_NB	16	d	199	203	210	217	223	226	230	235	243	247	251	254	261	/
1A_NB	17	a	210	214	220	227	233	236	241	245	253	257	260	264	270	276
1A_NB	17	d	211	216	221	228	234	238	242	247	254	258	262	265	271	/
1A_NB	18	a	219	223	230	237	244	248	254	258	266	270	273	277	283	290
1A_NB	18	d	220	225	232	239	245	250	256	260	267	271	274	278	285	/
1A_NB	19	a	240	245	251	258	264	269	275	278	284	287	291	294	301	307
1A_NB	19	d	242	247	253	260	266	270	276	279	285	288	292	295	302	/
1A_NB	20	a	248	253	258	266	271	274	280	283	289	292	296	299	307	313
1A_NB	20	d	250	254	260	267	272	275	281	284	290	293	297	300	308	/
1A_NB	21	a	253	258	264	271	276	279	285	289	295	298	302	306	314	320
1A_NB	21	d	255	259	265	272	277	280	286	290	296	299	303	307	316	/
1A_NB	22	a	258	263	270	278	283	286	291	295	301	305	308	312	320	325
1A_NB	22	d	260	265	271	279	284	287	292	296	303	306	309	313	321	/
1A_NB	23	a	263	268	275	284	290	293	298	302	310	313	316	319	326	332
1A_NB	23	d	265	270	277	285	291	294	299	304	311	314	317	321	328	/
1A_NB	24	a	275	280	286	294	300	303	309	313	319	322	326	329	336	341
1A_NB	24	d	276	281	287	295	301	305	311	315	320	323	327	330	337	/
1A_NB	25	a	287	292	297	305	310	313	320	323	328	331	335	338	345	351
1A_NB	25	d	288	293	298	306	311	315	321	324	329	332	336	339	347	/
1A_NB	26	a	314	318	324	331	338	341	347	352	358	361	364	367	376	381
1A_NB	26	d	315	319	325	333	339	342	349	353	359	362	365	368	377	/
1A_NB	27	a	342	347	353	361	367	371	376	380	387	390	393	396	404	410
1A_NB	27	d	343	348	354	362	368	372	377	381	388	391	394	398	406	/
1A_NB	28	a	372	376	382	390	395	398	403	407	414	417	420	424	434	440
1A_NB	28	d	373	378	384	391	396	399	404	408	415	418	422	426	436	/
1A_NB	29	a	393	398	404	411	417	421	428	433	439	442	446	449	456	462
1A_NB	29	d	394	399	405	413	419	423	430	434	440	443	447	450	457	/
1A_NB	30	a	421	426	432	440	446	450	455	459	466	470	474	478	486	491
1A_NB	30	d	422	428	434	441	448	452	457	461	467	471	475	479	487	/
1A_NB	31	a	450	454	460	469	475	479	486	489	495	499	503	506	512	519
1A_NB	31	d	451	456	462	471	476	481	487	490	497	501	504	507	514	/
1A_NB	32	a	478	482	489	496	501	506	511	516	521	524	528	531	538	546
1A_NB	32	d	479	484	490	497	503	507	513	517	522	526	529	532	540	/
2A_NB	1	a	4	7	13	19	22	27	33	37	41	51	57	60	62	65	70	74	77	79	84	89	94	97	101	108
2A_NB	1	d	5	9	14	21	24	28	35	39	42	52	58	61	63	67	72	75	78	81	86	91	95	98	103	/
2A_NB	2	a	30	34	38	44	47	50	56	60	63	75	80	83	86	91	94	98	102	105	110	114	118	122	125	132
2A_NB	2	d	31	35	39	46	48	51	58	61	65	76	81	84	88	92	96	100	104	107	111	115	119	123	126	/
2A_NB	3	a	35	39	44	49	52	55	62	67	70	81	86	89	92	96	99	103	108	111	115	120	124	129	133	142
2A_NB	3	d	36	41	45	51	53	57	64	68	71	82	87	90	94	97	101	105	110	112	117	121	126	131	135	/
2A_NB	4	a	42	46	50	55	58	62	69	73	78	89	94	97	100	104	108	111	116	119	123	128	132	136	140	148
2A_NB	4	d	43	48	51	57	60	64	70	75	80	90	95	98	102	106	110	113	118	120	125	129	133	138	141	/
2A_NB	5	a	65	69	73	79	81	84	89	92	95	104	109	111	114	119	122	125	128	130	134	138	142	145	149	158
2A_NB	5	d	67	71	74	80	82	85	90	93	96	105	110	113	116	120	123	126	129	131	135	139	143	147	150	/
2A_NB	6	a	70	74	79	85	88	91	96	99	102	111	117	119	121	124	127	130	133	135	139	143	148	151	155	164
2A_NB	6	d	72	76	80	87	89	92	97	100	103	113	118	120	122	125	128	131	134	136	140	145	149	153	156	/
2A_NB	7	a	81	85	89	94	96	99	104	108	111	120	126	130	132	136	141	145	148	150	155	159	164	168	171	179
2A_NB	7	d	82	86	91	95	97	100	105	109	112	121	128	131	134	138	143	146	149	152	156	161	165	169	173	/
2A_NB	8	a	89	92	97	101	103	107	113	117	120	127	134	136	138	142	147	150	155	159	163	167	171	175	178	185
2A_NB	8	d	90	94	98	102	105	109	114	118	121	129	135	137	140	144	148	152	157	160	164	168	172	176	179	/
2A_NB	9	a	98	101	106	111	114	118	123	126	129	136	143	146	148	151	154	157	162	165	168	172	177	181	186	194
2A_NB	9	d	99	103	107	113	116	119	124	127	130	138	145	147	149	152	156	159	163	166	170	174	178	183	187	/
2A_NB	10	a	103	106	111	117	120	124	129	132	135	142	148	151	154	158	161	163	167	170	174	178	182	186	191	199
2A_NB	10	d	104	108	113	119	121	125	130	133	136	143	150	153	156	159	162	164	168	172	176	179	184	188	192	/
2A_NB	11	a	108	112	116	122	125	129	134	137	140	148	154	157	160	163	166	169	172	175	179	184	188	191	196	202
2A_NB	11	d	109	113	118	124	126	130	135	138	142	149	156	159	161	164	167	170	173	177	181	185	189	193	197	/
2A_NB	12	a	115	119	123	128	130	134	139	143	147	154	162	165	169	172	176	179	183	186	191	196	200	203	206	212
2A_NB	12	d	116	120	124	129	131	135	141	145	148	156	164	167	170	174	177	180	184	188	193	197	201	204	207	/
2A_NB	13	a	131	135	139	146	149	153	160	163	166	177	185	188	192	195	199	202	205	207	212	216	219	222	226	235
2A_NB	13	d	132	136	140	148	151	155	161	164	168	178	186	190	193	197	201	203	206	209	214	217	220	223	227	/
2A_NB	14	a	156	159	164	171	173	178	184	188	192	201	207	211	213	217	222	225	230	233	236	239	244	248	252	260
2A_NB	14	d	157	161	166	172	175	179	185	190	194	202	209	212	215	219	224	227	232	234	237	241	245	250	253	/
2A_NB	15	a	180	183	188	195	198	202	208	213	216	225	231	233	235	238	242	245	248	250	254	258	262	265	268	276
2A_NB	15	d	181	185	190	197	200	204	210	214	217	226	232	234	236	239	243	246	249	251	255	259	263	266	269	/
2A_NB	16	a	186	189	193	200	203	207	213	218	221	230	236	239	242	246	250	254	258	260	264	269	273	277	280	287
2A_NB	16	d	187	190	195	202	205	209	215	219	222	231	238	240	243	247	252	255	259	262	266	270	274	278	281	/
2A_NB	17	a	190	194	199	206	209	213	218	223	226	235	241	244	248	252	256	260	264	266	270	274	278	282	286	293
2A_NB	17	d	192	196	201	208	210	214	220	224	227	236	243	246	249	253	258	261	265	268	272	275	279	284	287	/
2A_NB	18	a	215	219	223	229	232	236	243	248	251	259	266	269	273	277	281	284	289	292	297	301	304	309	313	323
2A_NB	18	d	216	221	224	231	233	238	245	249	253	261	267	271	275	278	282	286	291	294	298	302	306	311	315	/
2A_NB	19	a	236	239	244	249	251	256	263	268	272	283	291	295	297	301	305	308	311	314	318	323	326	330	333	341
2A_NB	19	d	237	241	245	250	253	258	265	269	273	285	293	296	298	303	307	309	313	315	320	324	328	331	335	/
2A_NB	20	a	260	263	267	272	275	280	286	291	296	306	313	316	318	322	326	328	331	334	338	341	345	348	352	360
2A_NB	20	d	261	264	268	274	277	282	288	293	298	308	315	317	319	323	327	329	332	335	339	342	346	350	353	/
2A_NB	21	a	268	271	275	281	284	287	293	298	303	313	319	321	323	327	331	334	337	340	344	348	351	354	357	365
2A_NB	21	d	269	273	277	283	285	289	295	300	304	314	320	322	324	328	332	335	338	341	345	349	352	355	358	/
2A_NB	22	a	273	277	280	286	289	292	298	303	308	318	324	326	328	332	335	339	342	345	349	353	356	359	362	370
2A_NB	22	d	274	278	282	288	290	294	300	305	309	319	325	327	329	333	337	340	343	346	350	354	357	360	363	/
2A_NB	23	a	278	282	285	291	294	297	303	308	313	322	329	332	335	338	341	344	347	349	354	358	361	364	367	375
2A_NB	23	d	279	283	287	293	295	299	305	310	315	324	330	333	336	339	342	345	348	351	355	359	362	365	368	/
2A_NB	24	a	283	287	291	296	299	302	309	313	318	327	334	337	340	343	346	348	352	354	359	363	366	369	372	380
2A_NB	24	d	284	288	292	298	300	304	310	315	320	329	335	338	341	344	347	350	353	356	360	364	367	370	373	/
2A_NB	25	a	288	292	296	301	305	309	316	319	324	333	339	342	345	348	352	354	357	359	364	368	371	374	377	383
2A_NB	25	d	289	293	297	303	307	311	317	321	326	334	340	343	346	349	353	355	358	361	365	369	372	375	378	/
2A_NB	26	a	293	297	301	306	310	314	320	324	329	337	344	347	349	353	357	359	362	364	369	373	376	380	383	389
2A_NB	26	d	294	298	302	308	312	316	322	326	331	339	345	348	351	354	358	360	363	366	370	374	377	381	384	/
2A_NB	27	a	298	302	306	311	315	319	325	329	334	342	349	352	354	358	362	364	367	369	374	377	381	385	388	394
2A_NB	27	d	299	303	307	313	317	321	327	331	336	344	350	353	356	359	363	365	368	371	375	379	382	386	389	/
2A_NB	28	a	303	307	311	316	320	324	330	334	339	347	355	358	360	364	368	370	373	375	379	382	386	390	393	399
2A_NB	28	d	304	308	312	318	322	326	332	336	341	349	356	359	361	365	369	371	374	376	380	384	387	391	394	/
2A_NB	29	a	326	329	333	338	342	347	353	357	361	371	377	380	383	386	391	394	397	400	404	408	412	415	419	427
2A_NB	29	d	327	330	334	340	344	348	354	358	362	372	379	382	384	388	392	395	399	401	405	409	413	417	421	/
2A_NB	30	a	356	359	362	369	372	376	382	386	390	401	407	410	413	416	420	424	428	430	433	437	441	445	449	457
2A_NB	30	d	357	360	364	370	374	377	384	388	391	402	409	412	414	418	422	425	429	431	434	438	443	447	451	/
2A_NB	31	a	368	372	375	383	386	389	396	400	403	413	420	423	426	430	434	436	439	443	446	450	454	457	461	469
2A_NB	31	d	369	373	377	385	387	390	397	401	405	414	421	425	428	432	435	437	441	444	448	452	455	459	463	/
2A_NB	32	a	374	378	382	389	392	395	403	408	412	422	427	431	433	437	442	444	448	451	455	458	462	465	469	478
2A_NB	32	d	375	379	383	391	393	397	405	409	414	423	429	432	435	439	443	446	450	452	456	460	463	467	471	/
2A_SB	1	a	7	13	19	23	28	32	35	39	44	49	54	57	62	66	69	77	82	86	90	96	98	102	105	109	117
2A_SB	1	d	8	14	21	25	30	33	37	41	46	51	56	59	64	67	70	78	83	87	91	97	99	103	106	110	/
2A_SB	2	a	26	31	36	40	45	48	52	56	61	66	72	74	78	82	86	94	100	104	108	114	116	120	123	128	138
2A_SB	2	d	27	32	38	42	47	50	54	58	63	68	73	75	79	83	87	95	101	105	109	115	117	121	125	129	/
2A_SB	3	a	43	48	55	60	64	68	71	75	79	83	87	89	92	96	100	107	113	117	121	128	130	135	139	142	153
2A_SB	3	d	44	50	57	62	66	70	73	76	80	84	88	90	93	97	101	108	114	118	122	129	131	136	140	143	/
2A_SB	4	a	64	69	76	79	83	86	89	93	97	100	104	106	109	113	118	127	133	136	139	144	148	152	156	160	168
2A_SB	4	d	65	71	77	80	84	87	90	94	98	101	105	107	111	115	119	128	134	137	140	146	149	153	157	161	/
2A_SB	5	a	82	87	92	95	99	101	104	108	113	118	122	124	128	131	135	143	150	153	156	161	163	167	170	173	182
2A_SB	5	d	83	88	93	97	100	102	105	110	115	119	123	125	129	132	136	144	151	154	157	162	164	168	171	174	/
2A_SB	6	a	95	102	107	110	115	117	121	124	127	131	134	136	140	144	148	156	163	166	170	175	178	182	186	191	201
2A_SB	6	d	97	103	108	112	116	119	122	125	128	132	135	137	141	145	149	157	164	167	171	176	180	184	188	193	/
2A_SB	7	a	107	113	119	123	127	130	133	136	139	144	147	149	152	157	162	171	179	184	188	194	197	201	204	208	221
2A_SB	7	d	109	114	120	124	128	131	134	137	141	145	148	150	154	159	163	172	181	185	189	195	198	202	205	210	/
2A_SB	8	a	116	122	129	134	137	140	142	146	149	153	156	159	162	166	169	178	186	191	195	202	205	209	212	216	228
2A_SB	8	d	118	123	131	135	138	141	143	147	150	154	157	160	163	167	170	179	188	192	196	203	206	210	213	217	/
2A_SB	9	a	124	129	137	141	145	149	152	156	160	164	167	169	172	175	178	187	194	198	202	210	214	219	223	227	238
2A_SB	9	d	125	131	139	143	147	151	154	157	161	165	168	170	173	176	180	189	195	199	204	212	216	221	224	229	/
2A_SB	10	a	145	151	157	161	166	169	172	175	178	181	184	186	189	192	196	203	209	213	217	223	226	231	235	238	248
2A_SB	10	d	146	153	159	163	168	170	173	176	179	182	185	187	190	193	198	205	211	214	219	224	228	232	236	239	/
2A_SB	11	a	153	159	165	170	173	175	178	181	185	189	192	194	197	200	204	211	217	220	224	230	232	236	241	245	255
2A_SB	11	d	154	161	167	171	174	176	179	182	186	190	193	195	198	201	206	212	218	221	226	231	233	238	243	247	/
2A_SB	12	a	158	164	171	175	178	180	183	186	190	194	197	199	202	205	209	217	224	229	234	239	241	246	250	254	264
2A_SB	12	d	159	166	172	176	179	181	184	187	191	195	198	200	203	206	211	219	226	231	235	240	242	247	252	256	/
2A_SB	13	a	168	173	180	185	189	193	197	200	203	208	211	214	218	221	225	232	239	244	247	253	255	259	263	266	275
2A_SB	13	d	169	175	182	187	191	195	198	201	205	209	213	215	219	222	226	234	241	245	248	254	256	260	264	267	/
2A_SB	14	a	183	189	195	199	203	206	209	212	215	218	222	224	228	231	235	242	248	252	255	261	264	268	273	277	287
2A_SB	14	d	184	191	196	200	204	207	210	213	216	219	223	225	229	232	236	243	249	253	256	263	265	270	274	278	/
2A_SB	15	a	198	202	208	213	218	220	222	225	228	232	236	239	242	246	249	256	263	267	270	276	278	282	286	290	299
2A_SB	15	d	199	204	210	215	219	221	223	226	229	233	237	240	243	247	251	258	264	268	271	277	279	283	287	291	/
2A_SB	16	a	204	208	213	218	223	225	227	231	235	240	244	246	249	253	256	264	271	274	277	283	285	289	293	297	306
2A_SB	16	d	205	209	215	220	224	226	229	233	237	241	245	247	250	254	258	266	272	275	278	284	286	290	294	298	/
2A_SB	17	a	214	220	226	230	234	237	240	243	246	250	254	256	259	263	266	274	280	283	286	290	292	296	300	303	314
2A_SB	17	d	216	222	228	232	236	239	241	244	247	251	255	257	260	264	268	275	281	284	287	291	293	297	301	304	/
2A_SB	18	a	227	234	240	243	246	248	251	254	257	261	265	267	270	274	278	286	293	297	301	306	308	312	316	319	328
2A_SB	18	d	229	235	241	244	247	249	252	255	258	262	266	268	271	275	279	287	294	298	302	307	309	313	317	320	/
2A_SB	19	a	234	240	245	248	251	253	256	259	262	266	270	272	275	279	283	291	298	302	306	311	313	317	321	324	333
2A_SB	19	d	235	241	246	249	252	254	257	260	263	267	271	273	276	280	284	292	300	303	307	312	314	318	322	325	/
2A_SB	20	a	243	249	254	257	262	264	267	270	273	276	280	282	285	288	291	300	307	311	315	321	324	329	332	335	343
2A_SB	20	d	244	250	255	259	263	265	268	271	274	277	281	283	286	289	292	302	309	312	316	322	325	330	333	336	/
2A_SB	21	a	249	255	260	263	267	270	272	276	279	282	286	288	292	295	298	306	313	316	320	326	329	333	337	340	348
2A_SB	21	d	250	256	261	264	269	271	274	277	280	283	287	289	293	296	300	308	314	317	321	327	330	335	338	341	/
2A_SB	22	a	263	269	275	278	282	284	286	289	292	296	300	302	306	310	313	320	326	330	334	340	343	347	351	355	365
2A_SB	22	d	264	270	276	280	283	285	287	290	293	297	301	303	307	311	315	321	328	331	335	341	344	348	353	357	/
2A_SB	23	a	269	274	281	284	288	291	293	296	299	303	307	309	313	317	320	326	332	336	340	347	350	354	358	361	371
2A_SB	23	d	270	276	282	285	289	292	294	297	300	304	308	310	314	318	321	327	333	337	342	348	351	355	359	363	/
2A_SB	24	a	274	279	286	289	293	296	298	301	305	309	313	315	319	322	325	332	338	342	346	352	355	359	362	367	376
2A_SB	24	d	275	281	287	290	294	297	299	302	306	310	314	316	320	323	327	334	339	343	347	353	356	360	364	368	/
2A_SB	25	a	279	284	292	295	299	302	304	307	311	315	319	322	326	329	332	339	344	348	351	357	360	364	367	372	382
2A_SB	25	d	280	286	293	296	300	303	305	308	312	316	320	323	327	330	333	340	345	349	352	358	361	365	369	374	/
2A_SB	26	a	284	289	297	300	304	307	309	312	316	320	324	327	331	335	338	345	352	356	359	365	368	372	375	379	387
2A_SB	26	d	285	291	298	301	305	308	310	313	317	321	325	328	333	336	339	346	353	357	360	366	369	373	376	380	/
2A_SB	27	a	289	294	302	306	310	313	315	319	322	326	330	333	337	340	344	352	359	363	367	373	376	380	384	388	396
2A_SB	27	d	290	296	303	307	311	314	316	320	323	327	331	334	338	342	345	353	360	364	368	374	377	381	385	389	/
2A_SB	28	a	294	299	307	311	315	318	320	324	327	332	335	338	342	346	351	359	364	368	372	378	380	385	389	393	403
2A_SB	28	d	295	301	308	312	316	319	321	325	329	333	336	339	344	348	352	360	365	369	373	379	382	386	390	394	/
2A_SB	29	a	299	305	312	317	320	323	325	330	333	336	340	343	347	351	356	364	369	373	377	383	385	390	394	398	408
2A_SB	29	d	300	306	314	318	321	324	327	331	334	338	341	345	349	353	357	365	370	374	378	384	387	391	395	399	/
2A_SB	30	a	304	310	317	321	325	328	330	334	338	342	346	349	353	357	362	369	374	378	382	388	390	395	399	403	413
2A_SB	30	d	305	311	319	323	326	329	332	336	340	344	348	351	355	359	364	370	375	379	383	389	392	396	400	404	/
2A_SB	31	a	311	317	323	326	330	333	336	340	344	349	353	356	360	364	368	374	380	384	388	394	396	401	406	411	422
2A_SB	31	d	312	318	324	328	331	334	338	342	346	350	355	358	362	366	369	375	381	385	389	395	398	403	408	412	/
2A_SB	32	a	337	342	348	353	356	358	361	365	369	374	378	381	386	390	394	401	406	410	414	421	425	430	435	438	449
2A_SB	32	d	338	343	350	354	357	359	363	367	371	375	380	383	387	392	395	402	408	411	416	423	426	432	436	439	/
3A_SB	1	a	14	19	23	27	31	35	39	43	48	52	57	60	64	72	75
3A_SB	1	d	15	21	24	29	33	37	40	45	50	54	58	62	66	73	/
3A_SB	2	a	40	46	51	56	59	63	66	69	74	76	81	85	88	94	98
3A_SB	2	d	41	48	53	57	61	64	67	71	75	77	82	86	89	95	/
3A_SB	3	a	54	60	64	69	74	78	81	86	91	94	99	103	106	111	116
3A_SB	3	d	55	62	66	71	76	80	83	88	92	95	100	104	107	113	/
3A_SB	4	a	72	78	82	86	90	93	96	101	105	107	111	115	118	123	127
3A_SB	4	d	73	79	83	87	91	94	98	102	106	108	112	116	119	124	/
3A_SB	5	a	96	101	104	107	110	113	116	119	122	124	129	132	135	141	144
3A_SB	5	d	97	102	105	108	111	114	117	120	123	125	130	133	136	142	/
3A_SB	6	a	103	108	113	116	119	122	124	129	132	135	142	145	149	154	158
3A_SB	6	d	104	110	114	117	120	123	126	130	134	137	143	147	150	155	/
3A_SB	7	a	122	128	133	137	141	143	146	149	153	155	160	163	167	172	175
3A_SB	7	d	123	130	134	138	142	144	147	150	154	156	161	164	168	173	/
3A_SB	8	a	129	135	138	142	146	148	151	155	159	161	166	170	175	181	185
3A_SB	8	d	130	136	139	143	147	149	152	156	160	162	168	172	177	183	/
3A_SB	9	a	137	143	146	150	154	156	159	163	167	169	173	176	180	187	190
3A_SB	9	d	138	144	147	151	155	157	160	164	168	170	174	177	182	188	/
3A_SB	10	a	145	151	154	158	162	164	167	170	174	176	180	183	186	192	195
3A_SB	10	d	146	152	155	159	163	165	168	171	175	177	181	184	187	193	/
3A_SB	11	a	156	162	165	168	171	173	176	179	182	184	189	192	195	201	205
3A_SB	11	d	157	163	166	169	172	174	177	180	183	185	190	193	196	202	/
3A_SB	12	a	167	172	176	180	185	188	191	196	201	203	208	211	214	219	223
3A_SB	12	d	168	174	178	182	187	190	193	198	202	204	209	212	215	221	/
3A_SB	13	a	181	186	190	195	199	202	205	209	214	216	221	225	228	233	236
3A_SB	13	d	182	187	192	197	201	204	207	211	215	217	222	226	229	234	/
3A_SB	14	a	198	203	208	212	215	217	221	225	229	231	235	238	241	247	250
3A_SB	14	d	199	205	209	213	216	219	223	227	230	232	236	239	242	248	/
3A_SB	15	a	204	209	214	219	223	227	230	235	239	242	246	249	252	258	262
3A_SB	15	d	205	211	216	221	225	229	232	237	240	243	247	250	253	259	/
3A_SB	16	a	223	228	232	237	241	244	247	251	254	258	263	267	271	277	280
3A_SB	16	d	224	229	233	239	242	245	249	252	256	260	265	269	272	278	/
3A_SB	17	a	242	248	253	257	260	262	264	268	271	273	278	282	286	293	296
3A_SB	17	d	243	250	254	258	261	263	265	269	272	274	280	283	287	294	/
3A_SB	18	a	251	257	261	265	268	270	273	278	283	285	291	294	297	305	310
3A_SB	18	d	252	258	263	266	269	271	275	280	284	286	292	295	299	307	/
3A_SB	19	a	258	263	268	271	274	277	280	284	288	292	298	301	304	312	316
3A_SB	19	d	259	265	269	272	275	278	281	285	290	293	299	302	306	313	/
3A_SB	20	a	267	272	277	281	284	287	289	292	296	299	304	307	310	317	321
3A_SB	20	d	268	274	278	282	285	288	290	293	297	300	305	308	311	318	/
3A_SB	21	a	272	277	282	287	291	294	296	299	303	305	310	313	316	322	327
3A_SB	21	d	273	279	284	288	292	295	297	300	304	306	311	314	317	324	/
3A_SB	22	a	285	290	295	299	302	305	307	310	314	317	321	326	329	336	339
3A_SB	22	d	286	292	297	300	303	306	308	311	316	318	323	327	331	337	/
3A_SB	23	a	291	296	300	305	308	312	315	320	324	326	330	333	336	342	345
3A_SB	23	d	292	297	302	306	310	314	317	322	325	327	331	334	337	343	/
3A_SB	24	a	302	308	312	316	319	322	324	328	331	335	340	344	347	352	356
3A_SB	24	d	303	310	313	317	321	323	325	329	333	336	342	345	348	354	/
3A_SB	25	a	312	318	322	326	329	332	334	338	342	345	350	353	356	361	364
3A_SB	25	d	313	319	323	327	330	333	335	339	343	346	351	354	357	362	/
3A_SB	26	a	317	323	328	332	336	339	342	347	351	353	359	362	366	372	376
3A_SB	26	d	318	325	329	334	337	341	344	348	352	355	360	363	367	374	/
3A_SB	27	a	327	333	337	340	344	347	350	353	357	359	364	368	372	378	381
3A_SB	27	d	328	334	338	342	345	348	351	354	358	361	366	369	373	379	/
3A_SB	28	a	332	338	342	345	350	353	356	359	363	366	370	373	377	382	386
3A_SB	28	d	333	339	343	347	351	354	357	360	364	367	371	374	378	384	/
3A_SB	29	a	337	343	347	351	355	358	361	364	368	371	375	378	381	387	391
3A_SB	29	d	338	344	348	352	356	359	362	365	369	372	376	379	383	389	/
3A_SB	30	a	342	348	351	356	360	362	365	369	373	376	381	384	388	395	398
3A_SB	30	d	343	349	353	357	361	364	367	370	374	377	382	386	390	396	/
3A_SB	31	a	349	354	357	362	366	368	370	374	379	381	386	390	394	401	404
3A_SB	31	d	350	355	359	364	367	369	372	376	380	382	388	392	396	402	/
3A_SB	32	a	354	359	363	368	371	373	376	381	385	388	394	398	401	407	412
3A_SB	32	d	355	360	365	369	372	375	378	382	387	390	396	399	402	409	/
3A_NB	1	a	26	30	34	39	43	47	52	55	58	64	69	74	79	83	89	94	97
3A_NB	1	d	27	32	36	41	45	49	53	56	60	66	71	76	81	85	91	95	/
3A_NB	2	a	44	48	53	58	61	65	68	71	74	79	84	88	92	95	99	103	107
3A_NB	2	d	45	50	55	59	63	66	69	72	76	81	86	90	94	96	100	105	/
3A_NB	3	a	52	56	61	66	70	74	78	82	86	91	95	99	102	104	108	112	115
3A_NB	3	d	53	58	63	68	72	76	80	84	88	92	96	100	103	105	109	113	/
3A_NB	4	a	67	70	75	79	83	87	91	96	100	105	109	113	116	119	123	126	130
3A_NB	4	d	68	72	77	81	84	89	93	98	102	106	110	114	117	120	124	127	/
3A_NB	5	a	77	80	85	89	93	97	102	107	111	118	122	126	129	132	136	140	144
3A_NB	5	d	78	82	87	91	95	99	104	109	113	119	123	127	130	133	137	141	/
3A_NB	6	a	83	86	91	96	100	104	109	114	118	123	127	131	134	137	141	145	150
3A_NB	6	d	84	88	93	98	102	106	111	116	120	124	128	132	135	138	142	147	/
3A_NB	7	a	93	96	100	105	108	112	116	120	124	129	133	137	142	145	150	155	158
3A_NB	7	d	94	98	102	106	109	113	117	122	126	130	134	139	143	147	152	156	/
3A_NB	8	a	103	106	110	115	119	124	127	132	136	140	144	148	152	154	159	163	166
3A_NB	8	d	104	108	112	117	121	125	129	134	137	141	145	149	153	156	160	164	/
3A_NB	9	a	115	119	123	127	131	136	140	144	148	153	156	160	163	165	170	173	177
3A_NB	9	d	116	121	125	129	133	138	141	146	150	154	157	161	164	166	171	174	/
3A_NB	10	a	141	144	148	153	157	160	164	167	170	175	178	182	185	187	192	196	200
3A_NB	10	d	142	146	150	154	158	161	165	168	171	176	180	183	186	188	193	197	/
3A_NB	11	a	147	150	154	158	162	165	170	174	178	183	186	189	192	194	199	203	207
3A_NB	11	d	148	152	155	159	163	167	172	176	180	184	187	190	193	195	200	204	/
3A_NB	12	a	154	157	161	166	169	174	179	183	185	190	193	196	200	203	208	212	216
3A_NB	12	d	155	159	163	167	171	176	180	184	187	191	194	197	202	204	209	213	/
3A_NB	13	a	165	169	173	177	181	185	189	194	197	202	205	209	212	214	219	223	227
3A_NB	13	d	166	171	175	179	183	186	191	195	198	203	206	210	213	215	220	224	/
3A_NB	14	a	172	176	180	184	188	192	197	200	204	210	214	218	221	224	229	233	236
3A_NB	14	d	173	178	182	185	190	194	198	202	206	211	215	219	223	226	230	234	/
3A_NB	15	a	198	201	204	208	211	214	219	223	226	231	235	238	242	245	250	254	257
3A_NB	15	d	199	202	205	210	212	216	221	225	227	232	236	239	243	246	251	255	/
3A_NB	16	a	209	213	216	220	222	225	229	233	236	241	244	247	250	253	258	261	264
3A_NB	16	d	210	214	217	221	223	227	231	235	237	242	245	248	251	254	259	262	/
3A_NB	17	a	217	221	225	229	233	238	241	246	249	254	258	262	266	269	273	277	281
3A_NB	17	d	218	223	227	231	235	239	243	248	251	255	259	263	267	270	274	278	/
3A_NB	18	a	230	233	236	240	243	246	249	254	257	261	265	269	272	275	280	285	290
3A_NB	18	d	231	234	238	241	244	247	251	256	258	262	266	270	274	277	282	287	/
3A_NB	19	a	240	243	246	250	253	256	260	265	267	271	274	278	281	283	287	290	295
3A_NB	19	d	241	244	247	251	254	258	262	266	268	272	275	279	282	285	288	292	/
3A_NB	20	a	261	264	268	273	277	280	284	288	292	296	300	304	307	309	313	316	320
3A_NB	20	d	262	266	270	274	278	282	285	290	293	297	301	305	308	310	314	317	/
3A_NB	21	a	266	269	273	278	282	285	289	294	298	303	307	311	314	317	321	324	328
3A_NB	21	d	267	271	275	279	283	287	291	296	300	304	308	312	315	318	322	325	/
3A_NB	22	a	274	277	280	284	289	293	297	302	305	309	314	318	322	325	330	333	337
3A_NB	22	d	275	278	281	286	291	295	299	303	306	311	315	319	323	327	331	334	/
3A_NB	23	a	282	285	290	293	297	301	305	310	314	319	322	326	330	333	337	340	344
3A_NB	23	d	283	287	291	294	299	303	307	312	315	320	323	327	331	334	338	341	/
3A_NB	24	a	288	292	297	300	304	309	312	317	320	325	328	332	337	341	345	348	352
3A_NB	24	d	289	294	298	302	306	310	314	318	321	326	329	334	339	342	346	349	/
3A_NB	25	a	293	297	302	305	309	314	317	322	325	331	334	338	342	346	350	353	357
3A_NB	25	d	294	299	303	307	311	315	319	323	327	332	335	339	344	347	351	354	/
3A_NB	26	a	298	302	306	310	314	318	322	327	331	335	339	343	347	351	355	358	362
3A_NB	26	d	299	304	308	312	316	320	324	329	332	337	340	344	349	352	356	359	/
3A_NB	27	a	303	307	311	315	320	324	328	332	335	340	344	348	352	356	360	364	368
3A_NB	27	d	304	309	313	317	322	326	330	334	337	342	345	349	354	357	361	365	/
3A_NB	28	a	308	312	316	320	325	329	333	337	340	345	349	353	357	361	365	369	373
3A_NB	28	d	309	314	318	322	327	331	335	339	342	347	350	354	359	362	366	370	/
3A_NB	29	a	313	317	322	325	330	335	338	342	345	350	354	358	362	365	370	374	377
3A_NB	29	d	314	319	323	327	332	336	340	344	347	352	355	360	364	367	371	375	/
3A_NB	30	a	318	322	327	331	335	340	343	347	350	355	359	363	367	370	375	379	382
3A_NB	30	d	319	324	329	333	337	341	345	349	352	357	360	365	369	372	376	380	/
3A_NB	31	a	323	327	332	337	340	345	348	352	355	360	364	368	372	375	380	384	387
3A_NB	31	d	324	329	334	338	342	346	350	354	357	362	365	370	374	377	381	385	/
3A_NB	32	a	328	332	337	342	345	350	353	357	360	366	369	373	378	380	385	389	393
3A_NB	32	d	329	334	339	343	347	351	355	359	362	367	370	375	379	382	386	390	/
