RouteID	RunID	Arrivals/Departures	TimePerStop
1A_SB	1	a	29	35	42	45	48	51	57	61	67	71	75	86	92	97
1A_SB	1	d	30	37	43	46	49	53	59	63	68	72	76	88	94	/
1A_SB	2	a	52	57	65	68	72	75	81	84	90	93	96	105	110	113
1A_SB	2	d	53	58	66	69	73	77	82	85	91	94	97	106	111	/
1A_SB	3	a	61	67	76	79	82	86	91	95	101	104	108	117	122	126
1A_SB	3	d	62	68	77	80	84	87	92	96	102	105	109	118	123	/
1A_SB	4	a	71	78	87	90	95	100	106	109	114	117	122	131	136	140
1A_SB	4	d	73	79	88	92	97	102	107	110	115	119	124	132	138	/
1A_SB	5	a	94	102	112	115	119	123	127	131	138	142	147	154	160	163
1A_SB	5	d	96	103	113	116	120	124	129	133	140	144	148	155	161	/
1A_SB	6	a	104	110	119	122	125	129	133	138	145	149	152	160	166	170
1A_SB	6	d	106	111	120	123	126	130	135	140	147	150	153	161	167	/
1A_SB	7	a	113	119	129	132	136	139	143	147	154	158	162	171	178	182
1A_SB	7	d	115	120	130	134	137	140	144	149	155	160	164	173	179	/
1A_SB	8	a	118	125	136	140	143	146	150	154	159	163	168	178	186	190
1A_SB	8	d	120	127	137	141	144	147	151	155	160	165	169	180	187	/
1A_SB	9	a	134	139	148	152	156	159	165	169	176	179	183	193	200	204
1A_SB	9	d	135	140	149	153	157	160	166	170	177	180	185	195	202	/
1A_SB	10	a	145	150	158	161	165	168	175	180	187	192	196	205	211	214
1A_SB	10	d	146	151	159	162	166	170	177	182	189	193	197	206	212	/
1A_SB	11	a	167	175	184	187	190	194	200	205	212	215	219	227	232	235
1A_SB	11	d	169	176	185	188	191	195	202	207	213	217	220	229	233	/
1A_SB	12	a	179	185	196	200	204	209	216	220	225	229	234	242	247	250
1A_SB	12	d	180	187	198	202	206	211	217	221	227	231	235	243	248	/
1A_SB	13	a	193	199	207	211	215	220	227	230	236	239	242	252	258	262
1A_SB	13	d	194	200	209	213	217	222	228	231	237	240	244	254	259	/
1A_SB	14	a	216	223	232	236	240	243	248	252	258	262	266	275	281	285
1A_SB	14	d	218	225	233	237	241	244	249	253	259	264	267	277	282	/
1A_SB	15	a	226	233	242	245	248	251	256	259	265	270	274	282	288	293
1A_SB	15	d	228	235	243	246	249	252	257	261	267	272	275	284	290	/
1A_SB	16	a	233	240	248	251	254	258	263	266	272	277	281	290	296	300
1A_SB	16	d	235	241	249	252	255	259	264	268	274	279	283	292	297	/
1A_SB	17	a	239	245	254	258	261	265	270	273	280	285	288	297	302	306
1A_SB	17	d	240	247	256	259	262	266	271	274	282	286	289	298	303	/
1A_SB	18	a	244	250	259	263	266	270	275	279	286	289	293	302	307	311
1A_SB	18	d	245	252	261	264	267	271	277	280	287	291	294	303	308	/
1A_SB	19	a	251	257	268	271	274	278	284	287	294	297	301	309	314	318
1A_SB	19	d	252	259	269	272	275	280	285	288	295	299	302	310	315	/
1A_SB	20	a	256	263	273	276	279	283	290	294	302	306	309	317	323	327
1A_SB	20	d	257	264	274	277	280	285	292	296	303	307	310	318	324	/
1A_SB	21	a	263	270	277	281	285	289	296	299	306	311	314	322	328	332
1A_SB	21	d	264	271	279	283	287	291	297	301	308	312	315	323	329	/
1A_SB	22	a	268	275	282	286	290	294	301	305	312	316	319	327	333	336
1A_SB	22	d	269	276	284	288	292	296	303	307	313	317	320	328	334	/
1A_SB	23	a	275	281	289	294	298	301	307	310	317	321	324	333	340	344
1A_SB	23	d	276	283	291	296	299	302	308	312	319	322	326	335	342	/
1A_SB	24	a	282	288	296	300	303	306	312	316	322	326	330	340	346	349
1A_SB	24	d	283	289	297	301	304	307	314	318	324	328	331	341	347	/
1A_SB	25	a	288	294	302	305	308	311	317	321	327	331	335	346	354	358
1A_SB	25	d	289	295	303	306	309	312	319	323	329	333	337	348	356	/
1A_SB	26	a	293	300	308	312	316	320	328	332	337	341	345	354	361	365
1A_SB	26	d	295	302	310	314	318	322	330	333	339	343	346	355	363	/
1A_SB	27	a	301	307	314	319	323	327	335	338	344	349	353	362	368	371
1A_SB	27	d	302	308	316	320	325	329	336	340	346	350	354	363	369	/
1A_SB	28	a	306	312	319	324	329	332	339	343	349	354	358	367	373	376
1A_SB	28	d	307	313	321	326	330	334	341	345	351	355	359	368	374	/
1A_SB	29	a	311	317	325	329	334	337	344	349	355	359	363	372	378	382
1A_SB	29	d	312	318	326	331	335	339	346	351	356	361	365	373	379	/
1A_SB	30	a	316	322	330	334	339	343	349	354	360	364	368	377	384	389
1A_SB	30	d	317	323	331	336	341	344	351	356	362	366	370	379	386	/
1A_SB	31	a	340	345	354	358	362	366	373	378	384	389	393	402	407	412
1A_SB	31	d	341	347	355	360	364	368	375	380	386	391	395	404	409	/
1A_SB	32	a	369	374	384	388	393	396	403	407	414	417	421	432	438	442
1A_SB	32	d	370	375	385	390	394	398	405	409	415	419	423	433	439	/
1A_NB	1	a	4	9	15	24	31	34	40	43	49	53	57	61	69	74
1A_NB	1	d	5	11	17	26	32	36	41	44	51	54	59	63	70	/
1A_NB	2	a	18	22	28	37	43	46	52	56	63	67	71	74	80	84
1A_NB	2	d	19	24	30	38	44	47	53	57	64	68	72	75	81	/
1A_NB	3	a	24	28	33	42	48	51	57	61	67	72	76	79	85	89
1A_NB	3	d	25	29	35	43	49	52	58	62	69	73	77	80	86	/
1A_NB	4	a	29	33	38	47	53	56	62	66	72	77	81	84	90	94
1A_NB	4	d	30	34	40	48	54	57	63	67	74	79	82	85	91	/
1A_NB	5	a	35	39	45	52	59	62	68	73	80	84	88	92	99	104
1A_NB	5	d	36	41	46	54	60	63	70	75	81	86	90	93	101	/
1A_NB	6	a	41	45	52	59	66	70	77	81	87	91	95	98	105	110
1A_NB	6	d	42	47	53	61	68	72	78	82	88	92	96	99	106	/
1A_NB	7	a	47	51	58	65	72	76	82	87	94	99	104	107	115	120
1A_NB	7	d	48	53	59	67	74	78	84	89	96	101	105	109	116	/
1A_NB	8	a	72	76	81	90	97	102	107	111	117	121	124	127	134	140
1A_NB	8	d	73	77	83	92	99	103	108	112	118	122	125	128	136	/
1A_NB	9	a	100	104	110	117	124	127	133	138	143	147	151	154	164	169
1A_NB	9	d	101	106	111	119	125	129	135	139	144	148	152	155	165	/
1A_NB	10	a	105	110	115	122	128	132	138	143	148	152	156	159	169	174
1A_NB	10	d	106	111	116	124	130	134	140	144	149	153	157	160	170	/
1A_NB	11	a	110	115	120	128	133	137	143	148	153	156	161	164	173	179
1A_NB	11	d	111	116	121	129	135	139	145	149	154	158	162	166	175	/
1A_NB	12	a	115	120	125	133	138	142	148	153	159	162	166	169	178	185
1A_NB	12	d	116	121	126	134	140	144	150	154	160	163	167	171	180	/
1A_NB	13	a	120	125	131	139	145	148	153	158	164	167	171	175	184	191
1A_NB	13	d	122	127	132	140	146	149	155	159	165	168	173	177	186	/
1A_NB	14	a	143	148	154	163	169	172	177	181	189	193	197	200	207	214
1A_NB	14	d	145	149	156	165	170	173	178	183	191	194	198	201	209	/
1A_NB	15	a	162	166	171	178	185	189	194	199	206	210	213	218	227	234
1A_NB	15	d	163	167	173	180	186	190	196	201	208	211	215	219	228	/
1A_NB	16	a	172	177	182	188	194	197	203	207	214	219	223	227	235	242
1A_NB	16	d	173	178	183	189	195	198	204	209	216	221	225	228	236	/
1A_NB	17	a	183	188	193	201	206	210	215	219	225	229	232	235	244	250
1A_NB	17	d	184	189	195	202	208	211	216	220	226	230	233	237	246	/
1A_NB	18	a	188	193	200	208	215	219	225	229	236	241	244	247	255	260
1A_NB	18	d	189	195	202	210	217	221	226	230	238	242	245	249	256	/
1A_NB	19	a	209	213	218	225	232	235	239	244	252	257	261	265	272	278
1A_NB	19	d	210	214	219	227	233	236	241	246	254	259	263	267	273	/
1A_NB	20	a	215	219	225	232	238	241	246	251	258	263	267	270	277	283
1A_NB	20	d	216	221	227	233	239	242	248	252	260	265	268	272	278	/
1A_NB	21	a	224	228	234	241	247	252	258	262	270	274	278	282	288	294
1A_NB	21	d	225	229	236	243	249	254	260	264	271	276	279	283	289	/
1A_NB	22	a	238	243	249	256	261	265	270	273	279	283	286	289	296	302
1A_NB	22	d	240	245	251	257	262	266	271	274	280	284	287	290	297	/
1A_NB	23	a	244	249	254	262	268	272	278	282	288	292	296	299	308	314
1A_NB	23	d	246	250	256	264	270	273	280	283	290	293	297	301	309	/
1A_NB	24	a	249	254	260	267	273	277	283	288	294	297	301	305	313	319
1A_NB	24	d	251	255	261	269	275	278	285	289	295	298	302	306	314	/
1A_NB	25	a	258	263	269	277	282	285	290	294	300	303	306	310	318	323
1A_NB	25	d	260	264	270	278	283	286	291	295	301	304	307	311	319	/
1A_NB	26	a	263	268	274	282	287	290	295	300	307	310	313	317	323	328
1A_NB	26	d	265	269	275	283	288	291	297	301	308	311	314	318	324	/
1A_NB	27	a	268	274	280	288	294	297	302	305	312	315	319	322	328	333
1A_NB	27	d	270	275	281	289	295	298	303	306	313	316	320	323	329	/
1A_NB	28	a	275	280	286	294	300	303	308	311	318	321	325	328	334	339
1A_NB	28	d	276	281	287	295	301	304	309	312	319	322	326	329	335	/
1A_NB	29	a	283	288	294	303	308	312	318	322	327	330	334	337	344	350
1A_NB	29	d	284	290	296	304	310	314	320	323	328	331	335	338	346	/
1A_NB	30	a	313	317	323	330	336	339	346	351	357	360	363	366	375	380
1A_NB	30	d	314	318	324	331	337	341	348	352	358	361	364	367	376	/
1A_NB	31	a	337	342	347	355	361	366	371	376	384	387	392	396	403	408
1A_NB	31	d	338	343	348	357	363	367	373	378	385	389	394	397	404	/
1A_NB	32	a	342	347	353	362	369	374	380	385	393	396	399	403	410	416
1A_NB	32	d	343	348	355	364	371	376	382	387	394	397	401	404	412	/
2A_NB	1	a	4	7	12	18	20	24	30	33	36	46	52	55	58	61	65	68	71	74	78	82	86	89	93	99
2A_NB	1	d	5	8	13	19	21	25	31	34	37	47	53	56	59	62	66	69	72	75	79	83	87	90	94	/
2A_NB	2	a	9	12	17	22	25	29	34	38	41	51	57	60	62	66	70	73	76	78	83	87	91	94	98	104
2A_NB	2	d	10	13	18	24	26	30	36	39	42	52	58	61	64	67	71	74	77	80	84	88	92	95	99	/
2A_NB	3	a	14	17	21	27	30	33	39	43	46	58	64	67	69	72	76	79	82	84	88	92	96	99	103	109
2A_NB	3	d	15	18	23	29	31	35	41	44	48	59	65	68	70	73	77	80	83	85	89	93	97	100	104	/
2A_NB	4	a	19	22	26	32	36	39	44	48	52	63	69	72	74	78	81	84	87	89	93	97	101	104	107	115
2A_NB	4	d	20	23	28	34	37	40	46	49	53	65	70	73	75	79	82	85	88	90	95	98	102	105	109	/
2A_NB	5	a	23	27	31	38	42	45	52	55	60	71	77	81	84	89	92	96	100	102	107	111	116	120	123	130
2A_NB	5	d	25	28	33	40	43	47	53	57	61	73	79	82	86	90	94	98	101	104	108	113	117	121	124	/
2A_NB	6	a	33	37	42	49	52	55	61	66	70	82	88	91	94	98	101	105	110	112	117	122	127	132	136	145
2A_NB	6	d	34	39	44	51	53	56	63	68	72	84	89	92	96	99	103	107	111	114	119	124	129	134	138	/
2A_NB	7	a	51	55	58	63	66	70	77	80	84	94	100	104	107	111	114	116	121	124	129	133	138	141	145	153
2A_NB	7	d	53	56	59	65	68	72	78	81	85	96	102	106	108	112	115	118	123	126	130	135	139	143	146	/
2A_NB	8	a	68	72	75	81	83	86	91	94	97	106	111	114	116	120	123	126	129	131	135	139	143	147	151	160
2A_NB	8	d	70	73	76	82	84	87	92	95	98	107	113	115	117	121	124	127	130	132	136	140	145	149	152	/
2A_NB	9	a	95	98	103	109	111	114	119	122	125	132	139	142	145	149	152	154	158	161	165	168	172	176	179	187
2A_NB	9	d	96	100	105	110	112	115	120	123	126	134	141	144	147	150	153	155	159	162	166	169	173	177	180	/
2A_NB	10	a	120	124	128	133	135	139	145	149	152	160	167	169	173	176	179	182	186	189	193	197	201	204	208	214
2A_NB	10	d	121	125	129	134	137	141	147	150	153	161	168	171	174	177	180	183	187	190	195	198	202	206	209	/
2A_NB	11	a	145	148	153	159	162	166	173	178	181	189	196	199	201	205	208	210	214	217	222	225	228	232	236	246
2A_NB	11	d	146	150	154	161	164	168	175	179	182	190	197	200	202	206	209	212	216	219	223	226	230	233	238	/
2A_NB	12	a	170	173	177	184	186	190	195	201	206	215	222	226	228	231	235	238	242	244	249	253	257	261	265	273
2A_NB	12	d	171	174	179	185	188	191	197	203	207	216	224	227	229	232	236	240	243	246	250	254	259	263	266	/
2A_NB	13	a	183	186	190	196	198	202	208	213	216	225	231	233	235	239	243	246	249	251	256	260	264	267	270	277
2A_NB	13	d	184	187	191	197	200	204	210	214	217	226	232	234	237	240	244	247	250	253	257	261	265	268	271	/
2A_NB	14	a	189	192	196	202	204	207	213	218	221	230	236	238	242	246	250	253	256	258	261	265	269	273	276	283
2A_NB	14	d	190	193	197	203	205	209	215	219	222	231	237	240	243	247	251	254	257	259	262	266	270	274	277	/
2A_NB	15	a	193	197	201	207	209	214	219	223	226	235	242	244	247	251	255	258	262	264	267	271	275	279	282	289
2A_NB	15	d	195	198	202	208	211	215	220	224	227	237	243	245	248	252	256	259	263	265	268	272	276	280	283	/
2A_NB	16	a	198	202	206	212	215	219	224	228	232	241	248	250	253	257	261	264	268	270	273	276	280	284	288	295
2A_NB	16	d	200	203	207	213	216	220	225	229	233	242	249	251	254	258	262	265	269	271	274	277	281	285	289	/
2A_NB	17	a	204	207	211	217	220	225	231	235	239	246	253	255	258	261	266	269	272	275	278	281	285	288	293	301
2A_NB	17	d	205	208	212	218	222	226	232	236	240	247	254	256	259	263	267	270	274	276	279	282	286	290	295	/
2A_NB	18	a	209	213	217	223	226	231	238	242	246	254	260	264	267	270	274	278	282	284	288	293	297	300	304	311
2A_NB	18	d	210	215	218	225	228	233	239	244	248	255	262	265	268	271	276	280	283	285	290	294	298	302	305	/
2A_NB	19	a	216	220	224	230	233	238	244	249	253	263	269	273	276	279	283	286	290	292	296	300	303	307	310	317
2A_NB	19	d	217	222	226	232	235	239	246	251	255	264	271	274	277	280	284	287	291	293	297	301	304	308	311	/
2A_NB	20	a	246	250	255	260	264	267	274	279	283	293	300	302	305	309	312	314	317	320	324	328	331	335	338	345
2A_NB	20	d	247	252	256	262	265	269	276	281	285	294	301	303	306	310	313	315	318	321	325	329	332	336	339	/
2A_NB	21	a	276	280	284	290	293	297	303	308	312	323	329	332	335	338	341	344	347	349	354	358	361	364	367	375
2A_NB	21	d	277	282	286	292	295	299	305	309	314	324	330	333	336	339	342	345	348	351	355	359	362	365	368	/
2A_NB	22	a	305	309	313	320	323	327	332	335	339	346	354	357	359	363	367	370	373	375	379	382	386	391	395	401
2A_NB	22	d	306	310	315	321	325	328	333	336	340	348	355	358	360	364	369	371	374	376	380	384	388	393	396	/
2A_NB	23	a	334	338	342	347	349	352	358	362	366	376	382	384	386	389	392	395	398	401	405	409	413	416	419	426
2A_NB	23	d	335	339	343	348	350	353	359	363	367	377	383	385	387	390	393	396	400	402	406	410	414	417	420	/
2A_NB	24	a	339	343	347	352	354	357	363	366	371	381	387	389	391	395	398	401	404	406	410	414	418	422	426	433
2A_NB	24	d	340	344	348	353	355	358	364	368	372	382	388	390	392	396	399	402	405	407	411	415	420	423	427	/
2A_NB	25	a	345	348	352	357	359	362	367	371	376	386	392	395	397	401	404	407	411	413	417	421	424	427	431	438
2A_NB	25	d	346	349	353	358	360	363	369	373	377	387	393	396	398	402	405	408	412	414	418	422	425	428	432	/
2A_NB	26	a	350	353	357	362	365	368	373	376	380	391	397	400	402	406	409	412	416	418	422	426	429	432	436	443
2A_NB	26	d	351	354	358	363	366	369	374	378	382	392	398	401	403	407	410	413	417	419	423	427	430	433	437	/
2A_NB	27	a	355	358	362	368	371	374	380	383	386	396	402	405	407	410	414	417	421	423	426	431	434	437	440	448
2A_NB	27	d	356	359	363	369	372	375	381	384	387	397	403	406	408	412	415	418	422	424	428	432	435	438	442	/
2A_NB	28	a	360	364	367	373	376	379	385	388	391	402	408	410	412	415	419	422	426	428	431	436	440	443	446	453
2A_NB	28	d	361	365	368	374	377	380	386	389	392	403	409	411	413	417	420	423	427	429	433	437	441	444	447	/
2A_NB	29	a	365	369	372	378	380	384	390	394	397	408	415	417	419	422	425	428	432	434	437	440	445	448	451	458
2A_NB	29	d	366	370	373	379	382	385	391	395	398	409	416	418	420	423	426	429	433	435	438	442	446	449	452	/
2A_NB	30	a	370	374	378	385	387	390	397	401	404	413	420	423	425	428	431	434	437	440	443	446	450	453	456	463
2A_NB	30	d	371	375	379	386	388	391	398	402	405	414	421	424	426	429	432	435	438	441	444	447	451	454	457	/
2A_NB	31	a	375	379	383	390	392	395	402	406	410	419	424	428	430	433	436	438	442	445	448	451	454	458	461	468
2A_NB	31	d	376	380	384	391	393	396	403	407	411	420	426	429	431	434	437	440	443	446	449	452	456	459	462	/
2A_NB	32	a	380	384	388	395	397	400	407	411	415	424	429	433	435	438	442	444	447	450	454	457	460	463	466	474
2A_NB	32	d	381	385	389	396	398	401	408	412	416	425	431	434	436	439	443	445	448	451	455	458	461	464	467	/
2A_SB	1	a	4	10	16	19	23	26	29	32	37	41	45	47	52	55	59	68	74	78	82	89	92	97	100	103	113
2A_SB	1	d	5	11	17	20	25	27	30	34	38	42	46	49	53	56	61	69	75	79	84	91	94	98	101	104	/
2A_SB	2	a	12	18	24	28	32	36	39	43	48	53	58	61	66	70	74	82	87	92	95	102	104	108	112	116	124
2A_SB	2	d	13	20	26	29	34	37	41	45	50	55	60	63	68	72	75	83	89	93	97	103	105	109	113	117	/
2A_SB	3	a	25	30	36	40	45	48	52	56	61	66	72	74	78	82	86	94	100	104	108	114	116	120	123	127	137
2A_SB	3	d	26	32	38	42	47	50	54	58	63	68	73	75	79	83	87	95	101	105	109	115	117	121	124	128	/
2A_SB	4	a	36	41	47	51	55	58	61	64	68	72	77	79	83	87	91	98	105	109	113	119	122	128	132	137	148
2A_SB	4	d	37	43	48	53	57	60	62	65	69	73	78	80	84	88	92	100	106	110	114	121	124	130	134	138	/
2A_SB	5	a	49	55	61	65	69	73	77	81	85	89	93	95	98	102	106	115	121	124	127	134	137	141	145	148	157
2A_SB	5	d	50	56	63	67	71	75	78	82	86	90	94	96	99	103	107	116	122	125	128	135	138	142	146	150	/
2A_SB	6	a	64	69	76	79	83	86	89	93	97	100	104	106	109	112	116	126	133	137	141	147	151	156	161	166	176
2A_SB	6	d	65	71	77	80	84	87	90	94	98	101	105	107	110	113	118	128	135	139	143	149	153	158	163	168	/
2A_SB	7	a	81	86	91	94	97	99	102	106	110	115	120	122	127	131	135	143	150	153	156	161	163	167	170	173	182
2A_SB	7	d	82	87	92	95	98	100	103	107	112	117	121	124	129	132	136	144	151	154	157	162	164	168	171	174	/
2A_SB	8	a	93	100	105	109	114	117	121	124	127	131	134	136	140	144	148	156	163	166	170	175	178	182	186	191	200
2A_SB	8	d	95	101	107	111	116	119	122	125	128	132	135	137	141	145	149	157	164	167	171	176	180	184	188	192	/
2A_SB	9	a	107	113	119	123	127	130	133	136	139	143	146	148	152	156	160	170	179	184	188	194	197	201	204	208	221
2A_SB	9	d	109	114	120	124	128	131	134	137	140	144	147	150	153	157	162	172	181	185	189	195	198	202	205	210	/
2A_SB	10	a	117	122	129	134	137	140	143	147	151	155	158	161	164	167	170	180	187	191	195	202	205	210	214	218	230
2A_SB	10	d	118	123	131	135	138	142	144	149	152	156	159	162	165	168	172	182	188	192	196	203	207	212	215	219	/
2A_SB	11	a	126	131	138	141	145	149	152	156	160	164	167	169	172	175	178	187	194	198	202	209	212	216	219	223	235
2A_SB	11	d	127	132	139	143	147	151	154	157	161	165	168	170	173	176	180	189	195	199	203	210	213	217	220	224	/
2A_SB	12	a	146	152	158	161	166	169	172	175	178	181	184	186	189	192	196	202	208	212	216	222	226	230	234	237	247
2A_SB	12	d	147	154	159	163	168	170	173	176	179	182	185	187	190	193	197	204	209	213	218	224	227	231	235	238	/
2A_SB	13	a	154	160	165	170	173	175	178	181	185	189	192	194	197	200	204	211	218	222	226	231	234	239	243	247	257
2A_SB	13	d	155	161	167	171	174	176	179	182	186	190	193	195	198	201	206	213	220	223	227	233	236	240	245	249	/
2A_SB	14	a	162	168	175	180	184	187	191	195	198	202	205	207	211	214	218	225	231	235	239	245	247	252	256	259	268
2A_SB	14	d	163	170	177	182	185	189	193	196	199	203	206	209	212	215	219	226	232	236	240	246	248	253	257	260	/
2A_SB	15	a	174	179	184	188	191	194	198	202	205	210	214	217	222	226	230	237	243	247	250	256	258	262	266	269	279
2A_SB	15	d	175	180	185	189	192	196	200	203	207	211	216	219	224	227	231	238	244	248	251	257	259	263	267	270	/
2A_SB	16	a	184	190	195	199	203	206	209	212	215	218	222	224	228	231	235	243	250	255	258	264	266	271	276	280	290
2A_SB	16	d	185	191	196	200	204	207	210	213	216	219	223	225	229	232	237	245	252	256	259	265	268	273	277	281	/
2A_SB	17	a	199	203	208	213	218	220	222	225	228	232	236	239	242	246	249	255	262	267	270	276	278	282	286	290	299
2A_SB	17	d	200	204	210	215	219	221	223	226	229	233	237	240	243	247	250	257	264	268	271	277	279	283	287	291	/
2A_SB	18	a	203	208	213	218	223	225	227	230	234	239	243	246	250	255	259	266	272	275	278	284	286	290	294	298	307
2A_SB	18	d	205	209	215	220	224	226	228	232	236	240	245	248	252	257	260	267	273	276	279	285	287	291	295	299	/
2A_SB	19	a	215	221	227	230	234	237	240	243	246	250	254	256	259	263	266	274	280	283	286	290	292	296	300	303	315
2A_SB	19	d	217	223	228	232	236	239	241	244	247	251	255	257	260	264	268	275	281	284	287	291	293	297	301	305	/
2A_SB	20	a	227	234	240	243	246	248	251	254	257	261	265	267	270	274	278	286	293	297	301	306	308	312	316	319	328
2A_SB	20	d	229	235	241	244	247	249	252	255	258	262	266	268	271	275	279	287	294	298	302	307	309	313	317	320	/
2A_SB	21	a	233	239	244	248	251	253	256	259	262	266	270	272	275	279	283	291	298	302	306	311	313	317	321	324	333
2A_SB	21	d	234	240	246	249	252	254	257	260	263	267	271	273	276	280	284	292	299	303	307	312	314	318	322	325	/
2A_SB	22	a	238	244	250	253	258	260	263	266	270	273	277	279	282	286	289	299	306	310	314	320	323	328	332	335	343
2A_SB	22	d	239	246	251	255	259	261	264	268	271	274	278	280	283	287	291	301	308	311	315	321	324	329	333	336	/
2A_SB	23	a	243	249	255	259	264	266	270	273	276	279	283	285	289	292	295	305	311	315	319	325	328	333	337	340	348
2A_SB	23	d	244	251	257	261	265	268	271	274	277	280	284	286	290	293	297	306	313	316	320	326	329	335	338	341	/
2A_SB	24	a	248	254	260	264	269	272	274	278	281	284	289	291	295	298	301	309	316	320	325	332	336	341	345	349	358
2A_SB	24	d	249	256	262	266	271	273	276	279	282	286	290	292	296	299	303	311	318	322	327	334	338	343	347	350	/
2A_SB	25	a	262	268	275	279	282	284	286	289	292	296	300	302	306	310	313	320	327	331	336	342	345	349	353	356	365
2A_SB	25	d	263	270	277	280	283	285	287	290	293	297	301	303	307	311	314	322	329	333	337	343	346	350	354	357	/
2A_SB	26	a	269	274	280	284	288	291	293	296	299	303	307	309	313	317	320	326	333	338	342	349	352	357	362	366	375
2A_SB	26	d	270	275	282	285	289	292	294	297	300	304	308	310	315	318	321	328	335	339	344	350	354	359	363	367	/
2A_SB	27	a	275	280	286	289	293	296	298	301	305	309	313	315	319	322	325	332	338	343	347	354	358	362	366	371	380
2A_SB	27	d	276	281	287	290	294	297	299	302	306	310	314	316	320	323	327	334	340	345	349	356	359	364	368	372	/
2A_SB	28	a	284	289	296	299	303	306	308	311	315	319	323	326	330	333	336	343	348	352	355	361	364	368	371	376	384
2A_SB	28	d	285	290	297	300	304	307	309	312	316	320	324	327	331	334	337	344	349	353	356	362	365	369	373	377	/
2A_SB	29	a	289	294	301	305	309	312	314	318	321	325	329	332	336	339	342	349	356	361	366	373	376	380	385	389	399
2A_SB	29	d	290	295	302	306	310	313	315	319	322	326	330	333	337	340	343	350	358	363	368	375	377	382	386	390	/
2A_SB	30	a	295	300	307	311	315	318	320	324	327	331	334	338	342	345	350	359	364	369	373	379	382	386	390	394	404
2A_SB	30	d	296	301	308	312	316	319	321	325	328	332	336	339	343	347	352	360	366	370	374	381	383	387	391	395	/
2A_SB	31	a	303	309	316	320	323	326	328	332	336	340	344	347	350	353	358	366	372	376	381	387	390	395	399	403	413
2A_SB	31	d	304	310	318	321	324	327	330	334	338	342	346	348	351	355	359	368	373	378	382	389	392	396	400	404	/
2A_SB	32	a	312	318	325	328	331	334	337	341	345	350	354	357	361	365	368	375	381	385	389	397	399	403	408	412	424
2A_SB	32	d	313	320	326	329	332	335	339	343	347	351	356	359	363	366	370	376	382	386	391	398	400	405	409	414	/
3A_SB	1	a	18	23	27	32	35	38	42	47	51	55	60	63	66	74	79
3A_SB	1	d	19	25	29	33	36	40	44	48	53	57	61	64	68	76	/
3A_SB	2	a	45	51	55	59	63	66	70	74	79	81	86	90	93	99	103
3A_SB	2	d	46	52	56	60	64	68	72	76	80	82	87	91	94	100	/
3A_SB	3	a	59	65	69	74	79	83	86	91	96	99	104	108	111	116	120
3A_SB	3	d	60	67	71	76	81	85	88	93	97	100	105	109	112	117	/
3A_SB	4	a	73	79	84	89	93	97	101	106	111	113	117	121	124	130	134
3A_SB	4	d	74	81	86	91	95	99	103	108	112	114	118	122	125	131	/
3A_SB	5	a	88	93	96	100	104	108	112	116	121	123	128	131	134	140	143
3A_SB	5	d	89	94	97	102	106	110	114	118	122	124	129	132	135	141	/
3A_SB	6	a	102	107	111	114	117	120	122	126	129	131	137	140	144	151	156
3A_SB	6	d	103	108	112	115	118	121	123	127	130	133	138	142	146	153	/
3A_SB	7	a	121	127	132	136	140	142	145	148	153	155	160	163	167	172	175
3A_SB	7	d	122	129	133	137	141	143	146	150	154	156	161	164	168	173	/
3A_SB	8	a	127	133	137	141	145	147	150	154	158	160	166	169	173	178	182
3A_SB	8	d	128	135	138	142	146	148	151	155	159	162	167	170	174	180	/
3A_SB	9	a	133	139	142	146	150	152	155	160	165	167	171	174	178	183	187
3A_SB	9	d	134	140	143	147	151	153	157	162	166	168	172	175	179	185	/
3A_SB	10	a	138	144	147	151	155	157	160	165	170	172	176	179	182	189	192
3A_SB	10	d	139	145	148	152	156	158	162	167	171	173	177	180	184	190	/
3A_SB	11	a	144	150	154	158	162	165	168	171	175	177	181	184	188	194	198
3A_SB	11	d	145	152	155	159	164	166	169	172	176	178	182	186	189	195	/
3A_SB	12	a	155	161	164	168	171	173	176	179	182	184	189	192	195	201	205
3A_SB	12	d	156	162	166	169	172	174	177	180	183	185	190	193	196	202	/
3A_SB	13	a	171	176	179	184	189	192	194	197	201	203	208	211	214	219	222
3A_SB	13	d	172	177	181	186	191	193	195	198	202	204	209	212	215	220	/
3A_SB	14	a	195	200	205	209	212	214	217	220	224	226	230	233	236	241	245
3A_SB	14	d	196	202	206	210	213	215	218	221	225	227	231	234	237	243	/
3A_SB	15	a	203	208	212	216	219	221	225	230	234	236	240	243	246	252	255
3A_SB	15	d	204	209	213	217	220	223	227	232	235	237	241	244	247	253	/
3A_SB	16	a	208	213	218	222	225	229	232	236	239	242	246	249	252	258	262
3A_SB	16	d	209	215	219	223	227	231	233	237	240	243	247	250	253	259	/
3A_SB	17	a	222	227	232	237	240	243	246	249	252	255	259	262	265	271	274
3A_SB	17	d	223	229	233	238	241	244	247	250	253	256	260	263	266	272	/
3A_SB	18	a	227	233	237	243	247	250	254	259	263	266	270	273	277	283	286
3A_SB	18	d	228	234	239	245	248	252	256	261	264	267	271	274	278	284	/
3A_SB	19	a	242	248	253	257	260	262	264	268	271	273	278	281	285	292	295
3A_SB	19	d	243	250	255	258	261	263	265	269	272	274	279	282	286	293	/
3A_SB	20	a	251	257	261	264	267	270	274	278	283	285	291	294	297	305	309
3A_SB	20	d	252	258	262	265	269	272	275	280	284	286	292	295	299	306	/
3A_SB	21	a	259	264	268	271	274	277	280	284	289	292	298	301	304	311	315
3A_SB	21	d	260	265	269	272	275	278	281	286	290	293	299	302	305	312	/
3A_SB	22	a	265	270	275	279	282	285	287	290	294	297	303	306	309	316	320
3A_SB	22	d	266	272	276	280	283	286	288	291	295	298	304	307	310	317	/
3A_SB	23	a	270	275	280	284	288	291	293	296	300	303	308	311	314	320	325
3A_SB	23	d	271	277	281	285	289	292	294	297	302	304	309	312	315	322	/
3A_SB	24	a	285	290	295	298	302	305	308	311	315	318	322	326	329	336	339
3A_SB	24	d	286	292	296	299	303	307	309	312	317	319	323	327	331	337	/
3A_SB	25	a	292	297	301	305	309	313	315	320	324	326	330	333	336	342	345
3A_SB	25	d	293	298	302	307	311	314	317	322	325	327	331	334	337	343	/
3A_SB	26	a	311	317	322	326	329	332	334	338	342	345	350	353	356	361	364
3A_SB	26	d	312	319	323	327	330	333	335	339	343	346	351	354	357	362	/
3A_SB	27	a	316	322	327	331	334	337	339	343	347	349	355	358	361	367	370
3A_SB	27	d	317	324	328	332	335	338	340	344	348	351	356	359	362	368	/
3A_SB	28	a	324	330	335	339	342	345	348	352	356	358	363	366	371	378	381
3A_SB	28	d	325	332	337	340	343	346	350	353	357	360	364	368	373	379	/
3A_SB	29	a	346	351	355	360	364	367	369	372	377	380	385	389	393	400	403
3A_SB	29	d	347	353	357	362	366	368	370	374	379	381	387	391	395	401	/
3A_SB	30	a	374	379	383	388	392	394	396	399	403	406	411	415	418	425	428
3A_SB	30	d	375	380	385	390	393	395	397	400	404	407	413	416	420	426	/
3A_SB	31	a	403	407	411	416	419	422	425	429	432	434	440	444	447	454	458
3A_SB	31	d	404	408	413	417	421	424	427	430	433	435	442	445	449	456	/
3A_SB	32	a	427	432	436	441	446	450	453	457	461	464	469	472	476	483	486
3A_SB	32	d	428	434	438	443	448	452	454	459	463	465	470	474	478	484	/
3A_NB	1	a	29	33	36	40	43	47	52	55	58	64	69	74	78	81	87	92	95
3A_NB	1	d	30	34	37	41	44	49	53	56	60	66	71	75	79	83	89	93	/
3A_NB	2	a	40	44	49	54	58	62	66	70	74	79	83	86	91	93	97	101	104
3A_NB	2	d	41	46	51	56	60	64	68	72	76	80	84	88	92	94	98	102	/
3A_NB	3	a	56	60	64	69	73	78	81	84	87	91	95	99	102	105	110	115	119
3A_NB	3	d	57	61	66	71	75	79	82	85	88	92	96	100	104	107	112	117	/
3A_NB	4	a	78	81	85	89	92	95	99	103	107	113	117	121	124	127	131	134	138
3A_NB	4	d	79	82	87	90	93	96	100	105	108	114	118	122	125	128	132	135	/
3A_NB	5	a	85	88	92	96	100	104	108	113	116	123	127	131	134	137	141	145	150
3A_NB	5	d	86	89	93	98	102	105	110	114	118	124	128	132	135	138	142	147	/
3A_NB	6	a	93	96	100	104	107	111	115	119	123	128	133	138	142	146	151	155	158
3A_NB	6	d	94	98	101	105	108	112	116	121	125	130	135	139	144	148	152	156	/
3A_NB	7	a	106	110	113	117	120	125	128	132	135	140	144	148	152	154	158	162	165
3A_NB	7	d	107	111	114	118	122	126	129	133	137	141	145	150	153	155	159	163	/
3A_NB	8	a	117	121	125	129	133	137	141	146	149	153	156	160	163	165	170	173	178
3A_NB	8	d	118	123	127	131	135	139	143	147	150	154	157	161	164	166	171	175	/
3A_NB	9	a	141	144	148	153	157	160	164	167	171	176	179	182	185	187	192	196	200
3A_NB	9	d	142	146	150	154	158	161	165	169	172	177	180	183	186	188	193	197	/
3A_NB	10	a	146	149	153	158	162	165	170	174	178	183	186	189	192	194	200	205	210
3A_NB	10	d	147	151	155	159	163	167	172	176	180	184	187	190	193	196	202	207	/
3A_NB	11	a	151	154	158	163	167	172	177	181	184	189	192	195	200	203	208	212	216
3A_NB	11	d	152	156	160	164	169	174	179	183	186	190	193	197	202	204	209	213	/
3A_NB	12	a	168	172	175	179	183	186	190	194	197	202	205	209	212	214	219	223	227
3A_NB	12	d	169	173	177	180	184	187	191	195	198	203	206	210	213	215	220	224	/
3A_NB	13	a	174	178	181	184	189	192	197	201	205	210	214	218	221	224	228	232	236
3A_NB	13	d	175	179	182	186	190	194	199	203	206	211	215	219	223	225	229	234	/
3A_NB	14	a	186	189	194	199	203	206	212	216	219	223	227	230	234	237	241	245	248
3A_NB	14	d	187	191	196	201	204	208	214	218	220	224	228	231	235	238	242	246	/
3A_NB	15	a	201	204	207	212	215	219	224	228	231	236	240	243	246	249	254	257	260
3A_NB	15	d	202	205	209	214	217	221	226	230	232	237	241	244	247	250	255	258	/
3A_NB	16	a	210	214	218	223	227	232	236	240	243	248	252	256	260	264	270	275	279
3A_NB	16	d	211	216	220	225	229	234	238	242	245	250	254	257	262	266	272	276	/
3A_NB	17	a	219	223	227	231	235	240	244	248	250	254	258	262	267	271	275	280	284
3A_NB	17	d	220	225	229	233	237	242	245	249	251	255	259	264	269	272	277	281	/
3A_NB	18	a	232	235	238	243	246	249	253	258	260	264	268	272	275	278	282	286	290
3A_NB	18	d	233	236	240	244	247	251	255	259	261	265	269	273	277	279	283	287	/
3A_NB	19	a	237	240	243	248	251	254	258	263	266	271	274	278	281	283	287	290	295
3A_NB	19	d	238	241	245	249	252	256	260	265	268	272	275	279	282	285	288	292	/
3A_NB	20	a	242	245	248	253	256	260	263	268	272	276	279	283	286	288	292	295	300
3A_NB	20	d	243	246	250	254	258	261	265	270	273	277	280	284	287	290	293	297	/
3A_NB	21	a	247	250	253	258	262	266	270	274	278	283	286	289	293	295	298	301	305
3A_NB	21	d	248	251	255	260	264	268	272	276	280	284	287	290	294	296	299	303	/
3A_NB	22	a	261	264	268	273	277	280	283	286	289	294	298	301	304	306	310	313	316
3A_NB	22	d	262	266	270	274	278	281	284	287	291	295	299	302	305	307	311	314	/
3A_NB	23	a	266	269	273	278	282	285	288	292	295	300	304	308	311	313	317	320	325
3A_NB	23	d	267	271	275	279	283	286	289	293	297	301	305	309	312	314	318	322	/
3A_NB	24	a	271	274	278	283	287	290	294	298	302	306	310	315	320	323	328	331	335
3A_NB	24	d	272	276	280	284	288	292	295	300	303	307	312	317	321	325	329	332	/
3A_NB	25	a	280	283	288	291	296	300	304	309	313	319	322	326	330	333	337	340	345
3A_NB	25	d	281	285	289	293	298	302	306	311	315	320	323	327	331	334	338	342	/
3A_NB	26	a	285	289	294	298	302	306	309	314	318	324	328	333	338	342	347	351	356
3A_NB	26	d	286	291	296	299	303	307	311	316	320	326	330	335	340	344	349	353	/
3A_NB	27	a	294	298	302	305	309	313	317	322	326	331	334	338	343	347	352	356	361
3A_NB	27	d	295	299	303	307	310	315	319	324	327	332	335	340	345	349	354	358	/
3A_NB	28	a	303	307	311	314	319	323	327	332	335	340	344	348	352	355	359	363	367
3A_NB	28	d	304	309	312	316	321	325	329	334	337	342	345	349	353	356	360	364	/
3A_NB	29	a	308	312	316	320	325	329	333	337	340	345	349	353	357	360	364	368	372
3A_NB	29	d	309	314	318	322	327	331	335	339	342	347	350	354	358	361	365	369	/
3A_NB	30	a	314	318	322	325	330	335	339	342	345	350	354	358	362	365	369	373	377
3A_NB	30	d	315	319	323	327	332	337	340	344	347	352	355	359	364	366	370	374	/
3A_NB	31	a	331	335	340	345	350	355	358	361	363	369	373	378	383	385	389	394	399
3A_NB	31	d	332	337	342	347	352	356	359	362	365	371	375	380	384	386	391	396	/
3A_NB	32	a	361	365	368	372	376	379	383	386	389	393	397	402	406	408	413	418	421
3A_NB	32	d	362	366	370	374	377	381	384	387	390	394	399	403	407	410	415	419	/
