RouteID	RunID	Arrivals/Departures	TimePerStop
1A_SB	1	a	14	21	30	34	37	43	45	49	53	57	61	65	69	80	85	90
1A_SB	1	d	15	23	32	35	39	44	46	51	55	59	63	66	71	81	87	/
1A_SB	2	a	37	43	51	54	58	64	66	72	76	81	85	89	92	101	105	109
1A_SB	2	d	38	44	53	55	59	65	68	73	78	83	87	90	93	102	106	/
1A_SB	3	a	59	64	74	78	81	85	88	93	97	100	104	107	111	121	126	129
1A_SB	3	d	60	65	76	79	82	86	90	94	98	101	105	108	112	122	127	/
1A_SB	4	a	67	72	82	86	89	94	96	100	104	107	112	115	120	129	134	138
1A_SB	4	d	68	73	84	87	90	95	97	101	105	109	113	117	121	130	135	/
1A_SB	5	a	76	82	91	93	97	102	105	111	114	118	123	128	132	141	146	150
1A_SB	5	d	77	84	92	95	98	104	107	112	116	120	125	129	133	142	147	/
1A_SB	6	a	84	90	98	101	104	109	113	119	124	128	132	136	140	149	156	159
1A_SB	6	d	85	92	100	102	105	111	115	121	126	129	133	137	141	151	157	/
1A_SB	7	a	106	111	120	123	126	132	134	138	143	147	152	156	159	169	174	178
1A_SB	7	d	107	112	122	124	127	133	135	140	145	149	154	157	160	170	175	/
1A_SB	8	a	116	122	132	135	139	145	149	154	159	162	166	169	173	181	186	189
1A_SB	8	d	118	123	134	137	140	147	151	156	160	163	167	170	174	182	187	/
1A_SB	9	a	128	134	142	145	149	155	157	161	165	168	172	175	179	189	195	200
1A_SB	9	d	129	135	143	147	150	156	158	162	166	169	173	176	180	191	197	/
1A_SB	10	a	134	140	149	152	155	161	163	167	170	173	177	180	184	195	201	205
1A_SB	10	d	135	142	150	153	156	162	164	168	171	174	178	182	186	196	202	/
1A_SB	11	a	158	164	172	175	178	184	187	192	195	199	204	209	212	220	225	228
1A_SB	11	d	159	166	173	176	179	186	189	193	197	201	206	210	213	221	226	/
1A_SB	12	a	170	176	184	188	192	198	201	207	211	215	219	223	227	235	241	244
1A_SB	12	d	171	178	186	190	194	200	203	209	213	217	221	225	228	236	242	/
1A_SB	13	a	188	193	202	205	209	215	217	221	224	228	231	234	238	247	254	258
1A_SB	13	d	189	195	203	207	210	216	218	222	225	229	232	236	240	249	255	/
1A_SB	14	a	198	203	212	214	217	223	226	231	235	240	245	250	255	263	269	272
1A_SB	14	d	199	205	213	215	218	225	228	233	237	242	247	252	256	264	270	/
1A_SB	15	a	206	211	221	223	226	231	234	239	244	248	253	257	260	268	274	277
1A_SB	15	d	207	212	222	224	227	233	236	241	246	250	254	258	261	269	275	/
1A_SB	16	a	226	232	240	243	247	253	256	261	265	269	273	276	280	291	297	302
1A_SB	16	d	228	234	242	245	248	255	257	262	266	270	274	277	282	293	299	/
1A_SB	17	a	245	252	261	263	267	273	277	284	288	292	296	300	304	314	319	322
1A_SB	17	d	247	254	262	264	268	275	279	286	290	293	298	301	305	315	320	/
1A_SB	18	a	257	263	271	273	276	282	286	292	296	300	304	308	313	323	329	333
1A_SB	18	d	259	264	272	274	278	284	288	294	298	302	306	310	314	325	330	/
1A_SB	19	a	283	289	298	300	303	308	311	316	319	323	327	331	335	343	348	351
1A_SB	19	d	284	291	299	301	304	310	313	317	321	324	329	333	337	344	349	/
1A_SB	20	a	300	306	314	317	321	327	329	334	339	342	346	349	353	362	367	371
1A_SB	20	d	301	307	316	318	322	328	330	336	340	344	347	350	354	363	368	/
1A_SB	21	a	316	322	331	334	337	343	346	352	357	360	364	368	371	382	389	393
1A_SB	21	d	317	324	333	335	339	345	348	354	358	362	366	369	373	384	391	/
1A_SB	22	a	323	330	340	342	345	351	354	360	364	368	372	376	380	390	397	401
1A_SB	22	d	325	331	341	343	346	353	356	362	366	370	374	378	382	392	399	/
1A_SB	23	a	343	350	360	364	368	375	379	384	388	391	395	399	403	411	418	422
1A_SB	23	d	345	351	362	366	370	377	381	385	389	392	397	400	404	413	419	/
1A_SB	24	a	365	372	381	383	386	391	394	398	402	405	408	411	415	426	432	436
1A_SB	24	d	367	374	382	384	387	392	395	399	403	406	409	413	417	428	434	/
1A_SB	25	a	373	380	390	392	396	401	404	409	413	417	420	424	428	436	441	445
1A_SB	25	d	375	382	391	393	397	402	405	410	415	418	422	425	429	437	443	/
1A_SB	26	a	397	404	413	416	420	424	427	433	437	442	447	451	454	462	467	470
1A_SB	26	d	399	406	414	417	421	425	429	434	439	444	449	452	455	463	468	/
1A_SB	27	a	403	409	418	421	425	429	432	438	443	447	452	456	459	467	473	476
1A_SB	27	d	404	411	419	423	426	430	434	440	444	449	454	457	460	468	474	/
1A_SB	28	a	420	426	434	437	441	446	449	453	458	462	467	471	476	486	491	496
1A_SB	28	d	421	428	436	438	442	447	450	455	460	464	469	473	478	488	493	/
1A_SB	29	a	430	436	443	445	450	457	461	466	470	475	480	484	488	498	503	506
1A_SB	29	d	431	437	444	447	452	459	463	468	472	477	482	485	489	499	504	/
1A_SB	30	a	436	442	450	453	457	463	466	472	476	481	485	489	493	502	508	511
1A_SB	30	d	437	444	451	454	458	465	468	474	478	483	487	490	495	504	509	/
1A_SB	31	a	443	449	456	460	464	470	473	479	484	488	491	495	498	507	513	517
1A_SB	31	d	444	450	458	461	465	472	475	481	486	489	493	496	500	509	514	/
1A_SB	32	a	463	469	478	481	484	490	493	497	502	506	511	514	518	528	533	536
1A_SB	32	d	464	470	480	482	485	491	494	499	504	508	512	515	519	529	534	/
1A_SB	33	a	477	483	491	493	496	502	504	509	513	516	521	525	528	539	544	548
1A_SB	33	d	478	484	492	494	497	503	505	510	514	518	523	526	529	540	545	/
1A_SB	34	a	481	487	496	498	502	508	510	515	520	523	527	531	535	546	551	556
1A_SB	34	d	483	489	497	499	503	509	511	517	521	524	529	533	536	547	553	/
1A_SB	35	a	487	492	501	503	507	513	515	520	525	530	535	538	541	550	556	560
1A_SB	35	d	488	494	502	504	508	514	516	522	527	532	536	539	543	552	558	/
1A_SB	36	a	495	501	509	512	516	521	524	528	531	535	540	543	547	556	561	565
1A_SB	36	d	496	502	510	513	517	523	525	529	532	537	541	544	549	557	563	/
1A_SB	37	a	503	509	520	523	527	533	535	539	542	545	550	553	557	568	573	576
1A_SB	37	d	504	510	521	524	528	534	536	540	543	547	551	554	559	569	574	/
1A_SB	38	a	509	516	527	529	533	539	541	545	549	553	558	562	566	577	583	588
1A_SB	38	d	510	517	528	530	534	540	542	547	551	555	560	564	568	579	585	/
1A_SB	39	a	522	529	539	541	544	550	552	556	560	564	569	574	578	587	593	597
1A_SB	39	d	523	531	540	542	545	551	553	557	562	566	571	575	579	588	594	/
1A_SB	40	a	529	534	544	546	549	556	558	563	568	571	575	580	584	592	598	602
1A_SB	40	d	530	536	545	547	551	557	559	565	569	572	577	581	585	593	599	/
1A_SB	41	a	552	558	567	569	573	579	582	587	592	596	601	605	609	618	623	628
1A_SB	41	d	553	559	568	570	574	581	584	589	594	598	602	607	610	619	625	/
1A_SB	42	a	578	584	594	598	602	607	610	615	619	623	628	632	636	645	651	655
1A_SB	42	d	579	586	596	600	604	609	612	617	621	625	630	633	637	646	652	/
1A_SB	43	a	583	589	599	603	607	612	615	620	624	628	633	637	641	651	658	662
1A_SB	43	d	584	591	601	605	609	614	617	622	626	630	635	638	643	653	660	/
1A_SB	44	a	601	607	616	618	622	628	632	637	641	644	649	654	658	667	674	677
1A_SB	44	d	602	608	617	620	624	630	633	639	642	646	651	656	660	669	675	/
1A_SB	45	a	623	628	637	640	645	651	653	658	663	667	671	674	677	687	692	696
1A_SB	45	d	624	629	639	642	646	652	655	660	664	668	672	675	679	688	693	/
1A_SB	46	a	645	651	660	663	667	673	677	681	684	688	692	695	699	707	713	717
1A_SB	46	d	646	653	662	665	669	675	678	682	686	690	693	696	700	708	714	/
1A_SB	47	a	650	656	665	668	672	678	682	687	691	695	699	703	708	718	724	728
1A_SB	47	d	651	658	667	670	674	680	684	689	693	697	701	705	710	720	725	/
1A_SB	48	a	655	661	672	674	678	683	687	692	697	700	704	708	713	723	729	734
1A_SB	48	d	656	663	673	675	679	685	689	694	698	702	706	710	715	725	731	/
1A_SB	49	a	674	679	688	691	696	703	706	710	714	718	722	725	729	738	743	746
1A_SB	49	d	675	680	690	693	698	705	707	712	716	720	723	726	730	739	744	/
1A_SB	50	a	683	688	696	698	702	708	711	715	719	723	727	730	734	742	748	751
1A_SB	50	d	684	690	697	699	703	710	712	717	721	725	728	731	735	744	749	/
1A_SB	51	a	688	693	701	703	707	714	716	720	724	728	732	735	738	747	753	756
1A_SB	51	d	689	695	702	705	708	715	717	722	726	730	733	736	740	749	754	/
1A_SB	52	a	693	699	706	708	712	719	721	725	729	733	737	740	743	752	759	762
1A_SB	52	d	694	700	707	710	713	720	722	727	731	735	738	741	745	754	760	/
1A_SB	53	a	698	704	712	714	718	725	727	731	734	738	742	745	748	758	764	768
1A_SB	53	d	699	705	713	716	720	726	728	732	736	740	743	746	750	759	765	/
1A_SB	54	a	704	710	718	720	723	730	732	736	740	743	747	750	754	763	769	773
1A_SB	54	d	705	711	719	721	725	731	733	737	741	745	748	751	755	764	770	/
1A_SB	55	a	728	733	743	745	749	755	757	761	764	768	772	775	778	786	793	797
1A_SB	55	d	729	735	744	746	750	756	758	762	766	769	773	776	779	788	795	/
1A_SB	56	a	758	763	772	774	777	783	786	791	795	798	802	805	808	816	822	826
1A_SB	56	d	759	765	773	775	779	785	787	792	796	799	803	806	809	817	823	/
1A_SB	57	a	763	768	777	779	782	788	791	796	800	803	807	810	813	822	828	831
1A_SB	57	d	764	770	778	780	784	790	792	797	801	804	808	811	814	823	829	/
1A_SB	58	a	787	793	802	804	808	815	818	823	828	832	836	840	843	852	857	860
1A_SB	58	d	788	795	803	806	810	816	819	825	829	833	837	841	844	853	858	/
1A_SB	59	a	816	822	831	834	838	845	847	853	857	860	863	866	869	878	883	887
1A_SB	59	d	817	824	833	836	840	846	849	855	858	861	864	867	870	879	884	/
1A_SB	60	a	822	828	836	839	843	850	852	858	862	865	868	871	874	883	888	891
1A_SB	60	d	823	830	838	841	845	851	854	860	863	866	869	872	875	884	889	/
1A_SB	61	a	827	833	841	845	848	855	858	863	867	870	874	877	880	889	894	897
1A_SB	61	d	828	835	843	846	850	856	859	865	868	871	875	878	881	890	895	/
1A_SB	62	a	846	852	861	865	869	875	878	883	888	893	898	901	905	914	919	923
1A_SB	62	d	847	854	863	867	871	877	880	885	890	895	899	902	906	915	920	/
1A_SB	63	a	851	857	868	871	875	880	883	888	893	898	902	907	911	920	925	929
1A_SB	63	d	852	859	869	872	876	882	885	890	895	900	904	908	912	921	926	/
1A_SB	64	a	875	880	888	892	895	901	904	910	915	920	924	928	932	942	948	951
1A_SB	64	d	876	882	890	893	896	902	906	912	917	922	925	929	933	944	949	/
1A_NB	1	a	16	21	27	34	40	44	49	53	56	61	65	70	74	79	87	92
1A_NB	1	d	17	23	28	36	41	46	51	54	57	63	67	72	76	80	88	/
1A_NB	2	a	21	26	32	40	45	50	55	59	64	69	73	79	82	87	96	103
1A_NB	2	d	22	28	33	41	47	52	57	61	65	71	75	81	84	89	98	/
1A_NB	3	a	34	38	44	52	58	62	66	70	74	79	83	88	90	94	102	108
1A_NB	3	d	35	39	46	54	59	63	68	71	75	80	84	89	91	96	103	/
1A_NB	4	a	38	43	49	57	63	67	72	75	80	85	89	94	96	100	107	114
1A_NB	4	d	40	44	51	59	65	69	73	77	81	86	90	95	97	101	109	/
1A_NB	5	a	66	72	78	85	92	96	101	104	108	115	118	123	126	130	138	144
1A_NB	5	d	68	74	80	87	94	98	102	105	109	116	119	124	127	131	139	/
1A_NB	6	a	94	99	105	113	119	123	128	133	138	144	148	152	155	158	166	171
1A_NB	6	d	96	101	107	114	121	125	130	135	139	145	149	153	156	159	167	/
1A_NB	7	a	100	105	111	118	124	128	133	138	143	149	152	158	161	164	172	177
1A_NB	7	d	102	107	112	119	126	130	135	140	144	150	154	159	162	165	173	/
1A_NB	8	a	111	116	122	130	136	139	143	147	151	155	158	163	166	170	178	183
1A_NB	8	d	113	118	124	131	137	140	144	148	152	156	159	164	167	171	179	/
1A_NB	9	a	116	121	127	135	140	144	148	152	155	160	163	168	171	175	183	190
1A_NB	9	d	118	123	129	136	142	145	150	153	157	161	164	169	172	176	185	/
1A_NB	10	a	124	128	133	142	147	151	156	159	162	166	169	174	178	182	189	195
1A_NB	10	d	125	129	135	143	149	153	157	160	163	167	170	176	179	183	190	/
1A_NB	11	a	131	136	143	151	155	159	163	166	171	177	180	185	188	193	200	206
1A_NB	11	d	133	138	144	152	157	160	164	168	173	178	182	187	190	194	201	/
1A_NB	12	a	136	141	148	156	161	164	168	171	176	182	187	191	194	197	204	211
1A_NB	12	d	138	143	149	158	162	165	169	173	178	184	188	193	195	199	206	/
1A_NB	13	a	166	171	177	184	190	194	198	202	205	210	213	218	221	224	232	237
1A_NB	13	d	168	172	178	185	191	195	199	203	206	211	214	219	222	225	233	/
1A_NB	14	a	184	189	194	200	205	209	214	218	222	226	229	233	236	240	247	253
1A_NB	14	d	186	190	195	201	206	210	215	219	223	227	230	235	237	241	248	/
1A_NB	15	a	189	194	201	207	212	217	223	227	231	236	239	244	246	251	258	263
1A_NB	15	d	191	196	202	208	214	219	224	228	232	237	240	245	248	252	259	/
1A_NB	16	a	216	221	227	236	242	247	252	256	261	266	269	274	277	281	288	294
1A_NB	16	d	218	223	229	238	244	249	254	258	262	267	270	275	278	282	289	/
1A_NB	17	a	222	226	233	241	247	252	257	261	266	271	275	280	283	287	295	301
1A_NB	17	d	223	228	234	243	249	254	259	263	267	272	276	281	284	288	296	/
1A_NB	18	a	246	250	256	264	269	273	278	282	286	291	294	299	301	305	311	316
1A_NB	18	d	247	252	257	265	271	275	280	284	287	292	295	300	302	306	312	/
1A_NB	19	a	262	267	272	281	288	293	297	302	306	313	317	321	323	328	336	342
1A_NB	19	d	264	268	274	283	290	295	299	303	308	315	318	322	325	330	337	/
1A_NB	20	a	280	286	292	299	305	309	313	316	320	326	329	334	336	340	347	353
1A_NB	20	d	282	288	294	300	306	310	314	317	322	327	330	335	337	341	349	/
1A_NB	21	a	285	291	297	304	310	314	318	322	326	331	334	339	341	345	353	358
1A_NB	21	d	287	293	299	305	311	315	319	323	327	332	335	340	342	346	354	/
1A_NB	22	a	306	311	317	326	333	336	340	345	349	355	358	362	365	369	377	382
1A_NB	22	d	308	313	319	328	334	337	342	346	350	356	359	364	366	370	378	/
1A_NB	23	a	335	340	345	352	357	362	367	371	376	380	383	388	390	394	401	406
1A_NB	23	d	337	341	347	353	359	364	369	373	377	381	384	389	391	395	402	/
1A_NB	24	a	341	345	352	358	365	370	374	378	383	388	392	397	400	404	413	419
1A_NB	24	d	342	347	353	360	367	371	376	380	385	390	393	398	401	405	414	/
1A_NB	25	a	366	370	376	383	389	393	397	402	407	414	419	424	426	430	439	445
1A_NB	25	d	367	371	377	384	390	395	399	404	409	416	421	425	427	431	440	/
1A_NB	26	a	382	386	391	400	405	409	414	419	424	429	432	436	439	443	453	459
1A_NB	26	d	383	387	393	401	406	411	416	421	425	430	433	438	440	445	454	/
1A_NB	27	a	400	405	411	417	424	428	432	435	439	444	448	452	454	458	466	471
1A_NB	27	d	402	407	412	419	425	429	433	437	440	445	449	453	455	460	467	/
1A_NB	28	a	408	414	420	427	432	436	440	444	447	453	458	462	464	468	476	481
1A_NB	28	d	410	416	422	428	433	437	441	445	449	455	459	463	465	469	477	/
1A_NB	29	a	414	420	426	432	438	443	448	453	457	464	468	474	476	481	489	495
1A_NB	29	d	416	421	427	434	440	445	450	455	459	466	470	475	478	482	490	/
1A_NB	30	a	420	425	431	437	444	449	454	459	463	470	474	479	482	486	494	500
1A_NB	30	d	422	426	432	439	446	451	456	461	465	472	475	480	483	487	496	/
1A_NB	31	a	425	430	436	444	451	456	461	466	470	477	480	485	488	492	500	505
1A_NB	31	d	427	431	437	446	453	458	463	468	472	478	481	486	489	493	501	/
1A_NB	32	a	433	438	445	454	460	465	469	473	476	482	485	490	493	497	506	512
1A_NB	32	d	435	440	447	455	462	467	471	474	477	483	486	491	494	499	508	/
1A_NB	33	a	439	443	450	459	465	470	474	478	481	487	490	496	500	505	514	521
1A_NB	33	d	440	445	452	460	467	472	476	479	482	488	492	498	502	507	516	/
1A_NB	34	a	454	458	465	474	480	485	488	492	497	502	505	509	511	515	522	529
1A_NB	34	d	455	460	467	475	482	486	490	494	498	503	506	510	512	516	524	/
1A_NB	35	a	484	488	494	503	509	513	517	520	524	530	533	537	540	544	552	558
1A_NB	35	d	485	490	496	505	510	515	518	521	526	531	534	538	541	545	553	/
1A_NB	36	a	498	503	509	517	523	528	533	537	542	546	550	556	559	563	571	577
1A_NB	36	d	500	505	511	518	525	530	535	539	543	548	552	557	560	564	573	/
1A_NB	37	a	526	532	539	547	553	557	561	564	569	574	579	585	588	593	602	607
1A_NB	37	d	528	534	541	548	554	558	562	566	570	576	581	587	590	594	603	/
1A_NB	38	a	539	543	549	556	562	565	569	573	577	582	586	590	593	598	607	612
1A_NB	38	d	540	544	550	557	563	566	570	575	578	583	587	592	595	599	608	/
1A_NB	39	a	565	569	575	584	590	594	598	603	607	612	616	621	623	627	635	641
1A_NB	39	d	566	571	577	585	591	595	600	604	608	613	617	622	624	629	637	/
1A_NB	40	a	595	599	606	614	620	624	628	632	636	641	644	649	652	657	665	671
1A_NB	40	d	596	601	607	615	621	625	630	634	637	642	645	651	654	659	667	/
1A_NB	41	a	625	629	636	643	650	654	657	660	664	669	673	679	682	686	695	702
1A_NB	41	d	626	631	637	645	651	655	658	662	665	671	675	681	684	688	697	/
1A_NB	42	a	654	659	666	673	679	683	687	690	694	699	704	708	711	716	725	733
1A_NB	42	d	655	661	667	675	680	684	688	692	695	701	705	710	713	718	727	/
1A_NB	43	a	665	670	677	684	690	695	698	702	705	709	713	717	719	722	730	738
1A_NB	43	d	666	672	679	686	692	696	700	703	706	711	714	718	720	723	732	/
1A_NB	44	a	672	677	682	689	695	700	703	707	711	715	718	722	725	728	736	741
1A_NB	44	d	673	679	684	691	697	701	705	708	712	716	719	723	726	729	737	/
1A_NB	45	a	677	682	687	694	700	705	709	712	716	720	723	728	731	734	744	749
1A_NB	45	d	678	684	689	696	702	706	710	713	717	721	724	729	732	735	745	/
1A_NB	46	a	682	687	692	699	705	710	714	717	721	726	729	734	736	740	750	755
1A_NB	46	d	683	689	694	701	707	711	715	718	722	727	730	735	737	741	751	/
1A_NB	47	a	687	692	698	704	711	715	719	723	727	732	735	739	741	745	755	760
1A_NB	47	d	688	694	699	706	712	716	720	725	728	733	736	740	742	746	756	/
1A_NB	48	a	692	697	703	709	716	720	723	728	732	737	741	745	748	754	762	767
1A_NB	48	d	693	699	704	711	717	721	725	730	733	738	742	747	750	755	763	/
1A_NB	49	a	697	702	708	716	722	725	728	733	738	743	747	751	753	759	767	774
1A_NB	49	d	698	704	709	717	723	726	730	735	739	744	748	752	755	760	769	/
1A_NB	50	a	707	711	718	726	732	735	739	743	748	755	758	763	765	769	778	785
1A_NB	50	d	708	713	720	727	733	736	740	745	750	756	759	764	766	770	780	/
1A_NB	51	a	717	721	728	736	743	747	752	757	761	768	773	778	782	786	794	800
1A_NB	51	d	718	723	730	738	745	749	754	759	763	770	775	780	783	787	795	/
1A_NB	52	a	728	732	739	748	755	759	764	768	772	778	783	787	790	794	801	807
1A_NB	52	d	729	734	741	750	756	761	766	770	774	780	784	788	791	795	802	/
1A_NB	53	a	735	740	747	756	763	768	772	775	778	783	788	793	797	800	807	813
1A_NB	53	d	736	742	749	758	765	769	773	776	779	785	790	795	798	801	808	/
1A_NB	54	a	742	747	754	763	769	773	777	780	784	790	795	800	804	808	817	823
1A_NB	54	d	743	749	756	765	770	774	778	781	786	792	797	802	806	810	818	/
1A_NB	55	a	749	754	761	769	774	778	782	785	789	795	800	805	809	814	822	828
1A_NB	55	d	750	755	762	770	775	779	783	786	791	797	802	807	811	815	823	/
1A_NB	56	a	754	759	766	774	779	784	789	793	797	803	807	811	814	819	827	832
1A_NB	56	d	755	760	767	775	781	786	791	795	798	804	808	813	816	820	828	/
1A_NB	57	a	778	782	788	797	803	806	811	815	819	824	828	833	836	840	849	855
1A_NB	57	d	779	784	790	798	804	808	813	817	821	826	830	835	837	842	850	/
1A_NB	58	a	783	788	793	801	808	811	816	820	824	830	833	838	842	846	854	860
1A_NB	58	d	784	789	795	803	809	813	818	822	826	831	835	840	843	847	855	/
1A_NB	59	a	802	806	811	820	825	830	834	839	842	848	852	856	859	864	873	879
1A_NB	59	d	803	807	813	821	827	832	836	840	844	849	853	858	861	865	874	/
1A_NB	60	a	832	836	842	850	855	860	864	868	872	878	882	887	890	894	901	906
1A_NB	60	d	833	837	843	851	857	862	866	870	874	879	883	888	891	895	902	/
1A_NB	61	a	862	866	871	878	884	889	894	899	903	908	911	917	919	923	931	936
1A_NB	61	d	863	867	872	880	886	891	896	900	904	909	913	918	920	925	932	/
1A_NB	62	a	870	874	881	888	894	898	902	906	911	917	921	926	928	932	940	945
1A_NB	62	d	871	876	882	889	895	899	904	908	913	919	923	927	929	933	941	/
1A_NB	63	a	878	882	889	896	902	907	910	913	917	923	926	931	933	937	945	951
1A_NB	63	d	879	884	890	897	904	908	911	915	918	924	928	932	934	938	947	/
1A_NB	64	a	883	887	894	901	907	912	915	919	922	928	931	937	939	943	951	956
1A_NB	64	d	884	889	895	902	909	913	916	920	923	929	933	938	940	944	952	/
2A_NB	1	a	17	21	27	30	33	36	41	44	48	56	59	66	70	72	76	83	87	91	95	99	106	111
2A_NB	1	d	18	23	29	31	34	37	42	46	49	57	60	68	71	73	78	84	88	93	97	100	108	/
2A_NB	2	a	30	33	38	42	46	50	57	61	65	74	78	85	87	89	93	99	103	107	111	116	123	126
2A_NB	2	d	31	34	40	44	47	52	59	62	67	75	80	86	88	90	94	101	105	109	113	117	124	/
2A_NB	3	a	35	38	44	48	51	56	62	67	71	79	83	90	92	94	98	104	109	112	116	121	129	132
2A_NB	3	d	36	40	46	50	53	57	64	68	72	80	85	91	93	95	99	106	110	114	118	122	130	/
2A_NB	4	a	40	43	50	53	56	61	69	74	78	86	91	98	100	103	107	113	117	120	124	128	136	140
2A_NB	4	d	41	45	51	55	58	63	71	75	80	88	93	99	102	104	108	114	118	122	126	129	137	/
2A_NB	5	a	45	49	56	60	64	67	75	80	84	91	96	103	105	108	112	118	122	126	129	133	141	146
2A_NB	5	d	46	51	58	62	65	69	77	81	85	93	98	104	107	109	113	119	123	127	131	134	143	/
2A_NB	6	a	53	57	63	65	69	73	81	86	90	98	102	108	110	113	117	123	127	131	134	139	147	152
2A_NB	6	d	54	58	64	67	71	75	83	87	92	99	103	109	112	114	118	124	128	132	136	141	149	/
2A_NB	7	a	58	62	69	72	76	80	88	93	97	104	107	113	115	118	122	127	132	136	139	144	152	157
2A_NB	7	d	59	64	71	74	78	82	90	95	98	105	108	114	117	119	123	129	133	137	141	146	154	/
2A_NB	8	a	70	73	79	83	86	89	95	99	102	109	112	118	120	123	127	132	137	141	144	149	158	162
2A_NB	8	d	71	74	81	84	87	90	96	100	103	110	113	119	122	124	128	134	138	142	146	151	159	/
2A_NB	9	a	81	85	91	95	98	102	109	114	118	125	129	136	139	142	146	152	157	162	166	170	178	182
2A_NB	9	d	82	87	93	97	100	104	111	116	120	127	131	138	141	144	148	154	159	164	168	171	179	/
2A_NB	10	a	97	100	107	110	112	116	122	127	131	138	143	149	153	155	158	163	167	170	174	177	185	188
2A_NB	10	d	98	102	108	111	114	118	124	129	133	140	144	151	154	156	159	164	168	171	175	178	186	/
2A_NB	11	a	117	120	125	129	133	137	145	149	152	160	164	170	172	175	179	185	189	193	198	201	208	211
2A_NB	11	d	118	121	127	131	134	139	146	150	153	162	165	171	174	176	181	187	191	195	199	202	209	/
2A_NB	12	a	142	145	151	155	159	164	172	176	180	188	192	199	203	205	208	214	219	223	227	230	237	241
2A_NB	12	d	143	146	153	157	161	166	174	178	182	190	194	201	204	206	209	216	220	225	228	231	238	/
2A_NB	13	a	167	170	175	178	182	186	194	199	204	212	217	225	228	231	236	243	247	251	254	258	265	269
2A_NB	13	d	168	171	177	180	184	188	196	201	206	214	219	227	230	233	237	244	248	252	255	259	266	/
2A_NB	14	a	184	187	192	196	198	201	208	214	219	227	231	238	240	244	248	254	257	261	265	270	279	282
2A_NB	14	d	185	188	194	197	199	203	210	216	221	229	232	239	242	245	249	255	259	263	267	271	280	/
2A_NB	15	a	209	213	220	224	227	230	237	240	244	252	255	262	265	269	273	280	284	288	291	296	303	306
2A_NB	15	d	210	215	222	226	228	232	238	242	245	253	257	263	267	270	274	281	286	289	293	298	304	/
2A_NB	16	a	238	242	248	252	255	259	265	269	273	280	283	290	294	297	300	306	310	315	319	323	331	336
2A_NB	16	d	239	244	250	253	257	260	267	271	275	281	284	292	296	298	302	307	312	316	321	324	333	/
2A_NB	17	a	266	269	276	279	282	285	291	295	298	306	310	317	320	323	327	334	338	343	348	353	360	364
2A_NB	17	d	267	270	277	280	283	286	292	296	299	307	311	319	322	325	329	335	340	345	350	354	362	/
2A_NB	18	a	295	298	304	306	309	312	319	323	327	333	337	343	346	349	354	360	365	369	373	377	384	388
2A_NB	18	d	296	300	305	307	310	313	320	324	328	335	338	344	348	351	356	362	367	371	375	378	385	/
2A_NB	19	a	302	305	311	314	317	321	328	332	336	343	346	352	355	358	363	369	373	376	379	382	389	392
2A_NB	19	d	303	307	313	316	319	323	330	333	337	344	347	353	357	360	364	370	374	377	380	383	390	/
2A_NB	20	a	309	312	318	322	325	329	335	338	342	349	352	358	361	363	368	374	378	381	385	388	395	399
2A_NB	20	d	310	314	320	324	327	331	336	339	343	350	353	359	362	365	369	375	379	383	386	389	397	/
2A_NB	21	a	318	322	329	333	335	339	344	349	352	360	365	371	374	377	381	385	390	393	398	401	407	412
2A_NB	21	d	319	324	331	334	337	340	346	350	353	362	367	373	376	379	382	387	391	395	399	402	409	/
2A_NB	22	a	336	339	347	350	353	356	363	368	372	380	383	389	392	395	399	405	409	412	416	419	428	431
2A_NB	22	d	337	341	348	351	354	358	365	369	374	381	384	390	393	396	401	406	410	414	417	421	429	/
2A_NB	23	a	359	362	367	371	375	379	387	391	395	403	407	413	415	417	421	426	430	433	437	440	448	452
2A_NB	23	d	360	363	369	373	377	381	389	393	397	405	408	414	416	418	422	427	431	434	438	441	449	/
2A_NB	24	a	386	389	395	399	403	407	414	418	422	429	432	438	440	442	446	451	455	458	461	464	472	475
2A_NB	24	d	387	391	397	401	405	409	416	420	423	430	433	439	441	443	447	452	456	459	462	465	473	/
2A_NB	25	a	393	397	403	406	408	412	419	423	427	434	438	445	447	449	453	458	462	465	469	472	480	483
2A_NB	25	d	394	399	405	407	410	414	421	425	428	435	439	446	448	450	454	459	463	466	470	473	481	/
2A_NB	26	a	398	402	408	411	413	417	424	428	432	439	443	450	452	454	458	463	467	470	474	477	485	488
2A_NB	26	d	399	404	410	412	415	419	426	430	433	440	444	451	453	455	459	465	468	471	475	478	486	/
2A_NB	27	a	403	407	414	416	418	423	431	435	440	448	452	458	460	462	466	472	475	478	482	485	493	497
2A_NB	27	d	404	409	415	417	420	424	433	437	442	450	453	459	461	463	467	473	476	479	483	487	495	/
2A_NB	28	a	408	412	419	422	424	428	436	441	445	453	457	463	465	467	471	477	480	483	486	490	498	502
2A_NB	28	d	409	414	420	423	425	429	438	442	447	455	458	464	466	468	472	478	481	484	488	492	500	/
2A_NB	29	a	413	417	424	427	429	433	441	446	450	459	462	468	470	472	476	482	485	489	493	498	505	508
2A_NB	29	d	414	419	425	428	430	435	443	447	452	460	463	469	471	473	477	483	487	491	495	499	506	/
2A_NB	30	a	418	422	429	433	436	439	446	451	455	464	468	474	476	478	482	489	492	495	498	503	510	513
2A_NB	30	d	419	424	431	435	437	440	448	452	457	465	469	475	477	479	483	490	493	496	500	504	511	/
2A_NB	31	a	424	428	435	438	441	444	451	455	460	469	473	479	481	483	487	494	498	501	504	508	515	518
2A_NB	31	d	425	430	437	440	442	445	453	457	462	470	474	480	482	484	488	495	499	502	505	509	516	/
2A_NB	32	a	429	433	440	443	446	450	456	460	465	475	479	484	486	488	492	499	503	506	509	513	521	524
2A_NB	32	d	430	435	442	445	448	451	458	462	467	476	480	485	487	489	493	500	504	507	511	514	522	/
2A_NB	33	a	436	440	446	448	451	455	462	465	470	480	484	489	491	493	497	504	508	511	514	518	526	530
2A_NB	33	d	437	441	447	450	453	457	463	467	472	481	485	490	492	494	499	505	509	512	516	519	527	/
2A_NB	34	a	444	448	455	458	460	463	469	473	478	487	491	496	499	501	504	510	513	517	520	523	531	535
2A_NB	34	d	445	450	456	459	461	464	471	475	480	488	492	497	500	502	505	511	514	518	521	524	532	/
2A_NB	35	a	450	453	460	463	465	468	475	479	483	492	496	501	504	506	509	515	518	522	525	528	536	540
2A_NB	35	d	451	455	461	464	466	470	477	481	485	493	497	502	505	507	510	516	519	523	526	530	537	/
2A_NB	36	a	456	459	465	468	470	474	481	486	489	497	501	506	509	512	515	521	524	527	530	534	541	545
2A_NB	36	d	457	460	466	469	472	476	483	487	490	498	502	507	510	513	516	522	525	528	532	535	542	/
2A_NB	37	a	461	464	469	473	475	479	487	491	494	502	506	511	513	517	520	526	530	533	536	539	547	551
2A_NB	37	d	462	465	471	474	477	481	488	492	495	503	507	512	515	518	521	527	531	534	537	541	548	/
2A_NB	38	a	466	469	474	478	480	485	492	496	499	507	511	516	519	522	525	530	535	538	541	545	552	556
2A_NB	38	d	467	470	476	479	482	486	493	497	500	508	512	518	520	523	526	532	536	539	542	546	553	/
2A_NB	39	a	487	490	497	499	502	505	513	517	520	529	532	538	540	542	546	553	556	560	565	569	576	580
2A_NB	39	d	488	492	498	500	503	507	514	518	521	530	533	539	541	544	548	554	558	562	566	570	578	/
2A_NB	40	a	517	521	527	529	532	536	541	545	550	558	561	567	570	572	577	582	587	591	595	599	606	611
2A_NB	40	d	518	522	528	530	533	537	543	547	551	559	562	568	571	574	578	584	588	592	596	600	608	/
2A_NB	41	a	547	550	555	558	561	564	571	575	580	587	590	597	600	603	607	613	617	621	624	628	636	640
2A_NB	41	d	548	551	556	559	562	566	573	577	581	588	592	598	601	604	608	614	618	622	626	630	638	/
2A_NB	42	a	573	577	583	587	590	593	601	606	609	617	620	627	629	632	636	643	646	651	654	658	666	671
2A_NB	42	d	574	579	585	588	591	595	603	607	610	618	622	628	631	634	638	644	648	652	655	659	668	/
2A_NB	43	a	603	607	613	617	620	624	632	636	639	647	651	657	660	663	667	673	677	680	684	688	697	700
2A_NB	43	d	604	608	615	618	621	625	633	637	640	648	652	658	661	664	668	674	678	681	685	689	698	/
2A_NB	44	a	624	627	633	637	639	643	650	654	659	667	672	678	681	683	687	695	699	702	706	710	718	721
2A_NB	44	d	625	629	635	638	640	645	651	656	661	669	673	680	682	684	689	697	700	704	707	712	719	/
2A_NB	45	a	635	638	644	648	650	655	662	666	670	678	683	689	691	695	699	705	710	713	717	721	728	732
2A_NB	45	d	636	640	646	649	652	657	663	668	672	680	684	690	693	696	700	707	711	715	718	722	729	/
2A_NB	46	a	657	660	666	669	673	678	684	688	693	700	703	709	712	716	720	728	732	736	740	743	751	755
2A_NB	46	d	658	662	668	671	675	680	686	690	694	701	704	711	714	717	722	729	733	737	741	744	752	/
2A_NB	47	a	664	667	672	675	678	683	689	694	698	705	709	715	718	722	726	733	737	740	745	748	756	760
2A_NB	47	d	665	668	674	677	680	685	691	695	699	707	711	717	720	723	727	734	738	742	746	749	757	/
2A_NB	48	a	669	672	677	680	683	688	695	699	703	710	714	720	723	727	731	738	742	745	750	753	760	765
2A_NB	48	d	670	673	679	682	685	690	696	700	704	712	716	722	725	728	732	739	743	747	751	754	762	/
2A_NB	49	a	674	677	682	685	688	693	700	704	708	715	719	726	728	732	736	742	747	750	754	758	765	770
2A_NB	49	d	675	678	684	687	690	695	701	706	710	717	721	727	730	733	738	744	748	752	756	759	767	/
2A_NB	50	a	679	682	687	690	694	698	705	709	713	720	724	731	733	737	742	747	752	756	759	763	770	775
2A_NB	50	d	680	683	689	692	695	700	706	711	715	722	726	732	735	738	743	749	753	757	761	764	772	/
2A_NB	51	a	684	687	692	696	699	703	710	714	718	726	729	736	739	742	747	752	757	761	764	769	777	781
2A_NB	51	d	685	688	694	697	700	705	711	716	720	727	731	737	740	743	748	754	758	762	766	770	778	/
2A_NB	52	a	689	693	698	701	704	708	715	719	723	731	734	741	744	747	752	758	762	766	770	774	782	786
2A_NB	52	d	690	694	699	702	705	710	716	721	725	732	736	742	745	748	753	759	763	767	771	775	783	/
2A_NB	53	a	694	698	703	706	709	713	720	724	728	736	739	746	749	752	756	763	767	771	775	779	786	791
2A_NB	53	d	695	699	704	707	710	715	721	726	730	737	741	747	751	754	758	764	768	772	776	781	788	/
2A_NB	54	a	711	714	721	724	727	731	738	742	747	754	758	766	768	771	775	783	787	791	794	797	805	810
2A_NB	54	d	712	716	722	725	729	733	740	744	748	756	760	767	770	773	777	784	788	792	795	799	807	/
2A_NB	55	a	724	727	733	736	739	744	751	754	758	765	769	775	778	780	785	793	797	801	805	808	815	820
2A_NB	55	d	725	728	734	738	741	746	752	755	759	766	770	777	779	782	786	794	798	802	806	809	817	/
2A_NB	56	a	753	756	762	766	769	773	780	783	787	795	798	805	808	810	815	821	826	830	834	837	845	850
2A_NB	56	d	754	758	764	767	770	774	781	784	789	796	799	807	809	812	816	823	827	831	835	839	847	/
2A_NB	57	a	783	786	793	796	799	802	809	813	817	824	828	836	838	840	845	852	856	859	863	868	876	879
2A_NB	57	d	784	788	794	797	800	804	810	814	818	826	829	837	839	842	846	853	857	860	865	869	877	/
2A_NB	58	a	813	816	823	826	828	833	838	843	846	855	858	864	867	870	874	881	884	889	893	897	905	908
2A_NB	58	d	814	818	824	827	830	834	840	844	848	856	859	865	868	872	876	882	886	890	895	899	906	/
2A_NB	59	a	843	847	853	856	858	863	869	872	876	884	887	893	897	900	904	911	915	918	922	927	934	939
2A_NB	59	d	844	848	854	857	860	864	870	874	878	885	889	895	898	902	906	912	916	920	924	928	936	/
2A_NB	60	a	873	876	882	886	888	892	899	902	907	914	917	924	926	930	935	941	945	949	953	956	965	969
2A_NB	60	d	874	877	884	887	890	894	900	904	908	915	919	925	928	932	936	942	946	950	954	958	966	/
2A_NB	61	a	903	906	912	915	919	923	929	932	936	943	948	954	956	959	964	971	975	979	982	986	995	999
2A_NB	61	d	904	907	914	917	920	924	930	934	938	945	949	955	958	961	966	972	976	980	984	988	996	/
2A_NB	62	a	931	934	941	944	946	950	957	961	964	973	978	983	987	990	994	1000	1004	1008	1013	1016	1025	1028
2A_NB	62	d	932	936	942	945	948	952	959	962	966	975	979	985	988	991	996	1002	1006	1010	1014	1017	1026	/
2A_NB	63	a	961	964	970	973	976	980	986	989	993	1002	1007	1014	1016	1019	1023	1029	1034	1038	1042	1046	1053	1058
2A_NB	63	d	962	966	971	974	977	981	987	991	995	1004	1009	1015	1018	1020	1024	1031	1036	1040	1044	1047	1055	/
2A_NB	64	a	978	981	987	990	994	997	1003	1007	1012	1019	1024	1031	1033	1036	1041	1047	1052	1055	1058	1062	1072	1076
2A_NB	64	d	979	983	988	992	995	999	1005	1009	1013	1021	1025	1032	1034	1038	1043	1049	1053	1056	1059	1064	1073	/
2A_SB	1	a	25	27	35	39	42	45	50	57	61	65	71	74	80	84	90	93	97	103	105	108	111	115	125	130
2A_SB	1	d	26	28	37	40	43	47	52	59	63	67	72	75	81	85	91	94	98	104	106	109	112	116	126	/
2A_SB	2	a	46	49	56	60	64	68	73	80	83	87	92	96	103	108	115	120	123	129	132	135	139	142	152	158
2A_SB	2	d	47	50	57	62	66	70	75	82	85	89	94	98	105	110	117	121	124	130	133	136	140	143	153	/
2A_SB	3	a	64	66	73	77	80	82	85	91	94	98	102	106	112	117	123	127	131	137	140	143	147	150	161	167
2A_SB	3	d	65	68	75	78	81	83	86	92	95	100	104	108	114	118	125	129	132	138	141	144	148	151	162	/
2A_SB	4	a	69	72	78	82	85	87	91	97	101	106	110	113	118	123	128	132	136	142	145	148	152	155	166	173
2A_SB	4	d	71	73	80	83	86	89	92	99	103	108	111	114	120	124	130	134	137	143	146	149	153	156	168	/
2A_SB	5	a	79	82	89	93	96	98	102	109	112	116	119	122	128	132	137	140	145	151	154	157	161	165	177	183
2A_SB	5	d	81	83	90	94	97	99	104	111	114	117	120	123	129	133	138	142	146	152	155	158	163	166	178	/
2A_SB	6	a	91	95	103	107	110	113	116	123	126	129	132	135	141	144	150	153	157	163	166	169	173	176	188	194
2A_SB	6	d	93	96	104	108	111	114	117	124	127	130	133	136	142	145	151	154	158	164	167	170	174	177	189	/
2A_SB	7	a	100	104	113	116	119	123	127	135	139	143	147	152	158	162	169	173	178	183	185	188	191	195	207	213
2A_SB	7	d	102	106	114	117	121	125	129	137	141	145	149	154	160	164	171	175	179	184	186	189	192	196	208	/
2A_SB	8	a	111	115	123	127	132	136	141	147	151	155	160	163	168	172	180	185	188	193	195	198	201	205	217	223
2A_SB	8	d	113	116	124	129	134	138	143	149	153	157	161	164	169	174	182	186	189	194	196	199	202	206	218	/
2A_SB	9	a	130	132	139	143	147	150	154	161	165	169	172	176	181	184	189	193	196	202	204	207	210	213	226	232
2A_SB	9	d	131	133	141	144	149	152	156	163	167	170	173	177	182	185	190	194	197	203	205	208	211	214	227	/
2A_SB	10	a	138	141	149	154	158	160	163	169	171	174	177	181	187	191	197	201	205	211	214	218	221	224	239	246
2A_SB	10	d	139	142	151	155	159	161	164	170	172	175	178	183	189	193	198	202	206	212	215	219	222	225	241	/
2A_SB	11	a	151	153	161	166	170	173	177	183	186	189	192	195	201	204	209	213	217	223	226	231	234	238	251	257
2A_SB	11	d	152	155	163	167	171	174	178	184	187	190	193	196	202	205	211	214	218	224	228	232	236	240	252	/
2A_SB	12	a	166	169	176	180	185	188	193	201	205	209	213	217	224	229	234	238	241	247	251	256	259	262	272	277
2A_SB	12	d	168	171	178	182	187	190	195	203	207	210	215	219	226	230	236	239	242	249	253	257	260	263	273	/
2A_SB	13	a	190	193	199	203	207	209	213	219	222	226	231	235	241	244	250	255	260	266	269	273	276	279	289	295
2A_SB	13	d	192	195	200	204	208	210	214	221	223	228	232	237	242	245	252	257	261	267	270	274	277	280	291	/
2A_SB	14	a	199	203	209	212	215	217	222	228	230	233	237	241	247	250	257	261	265	271	274	278	281	285	298	303
2A_SB	14	d	201	205	210	213	216	219	223	229	231	234	238	242	248	252	259	262	266	272	275	279	283	287	299	/
2A_SB	15	a	211	214	220	223	226	229	232	238	241	245	250	254	261	266	272	276	281	288	292	295	299	302	314	321
2A_SB	15	d	213	215	221	224	227	230	233	240	243	247	251	256	263	268	274	278	283	290	293	296	300	303	316	/
2A_SB	16	a	231	235	243	247	252	256	259	266	270	275	280	284	289	294	301	304	309	314	316	320	324	327	336	342
2A_SB	16	d	233	237	245	249	254	257	261	268	272	277	281	285	291	296	302	306	310	315	317	321	325	328	337	/
2A_SB	17	a	246	250	258	263	267	270	274	280	283	287	291	295	300	304	310	313	317	323	325	329	333	337	348	353
2A_SB	17	d	248	252	260	264	268	272	276	282	285	289	292	296	301	305	311	315	318	324	326	330	335	338	349	/
2A_SB	18	a	264	267	275	279	282	285	289	294	297	300	303	306	311	315	321	326	330	336	339	343	347	350	361	366
2A_SB	18	d	265	268	277	280	283	286	290	295	298	301	304	307	312	316	323	328	331	337	340	344	348	351	362	/
2A_SB	19	a	272	274	281	285	288	291	295	300	303	307	310	313	320	324	331	335	339	345	348	352	356	359	372	378
2A_SB	19	d	273	275	283	286	289	292	296	301	304	308	311	315	322	326	333	336	340	346	349	353	357	360	374	/
2A_SB	20	a	289	292	299	303	307	311	316	323	326	330	334	338	343	346	352	355	359	364	367	370	374	378	391	396
2A_SB	20	d	290	293	300	305	309	313	318	325	328	332	336	339	344	348	353	356	360	365	368	371	375	379	392	/
2A_SB	21	a	305	307	314	319	323	327	332	338	341	346	350	354	359	362	368	372	376	381	384	387	391	394	405	412
2A_SB	21	d	306	309	316	321	325	329	333	340	343	348	351	355	360	364	370	373	377	382	385	388	392	395	406	/
2A_SB	22	a	319	322	330	333	336	338	342	348	351	354	357	362	367	371	376	381	385	390	393	397	401	404	418	425
2A_SB	22	d	321	324	331	334	337	339	343	350	352	355	359	363	369	372	378	382	386	391	394	398	402	405	419	/
2A_SB	23	a	331	334	340	343	346	348	352	359	362	365	369	373	378	381	386	390	393	400	403	407	410	414	428	433
2A_SB	23	d	333	335	341	344	347	349	353	360	363	366	370	374	379	382	387	391	394	401	404	408	411	415	429	/
2A_SB	24	a	351	355	361	366	370	373	376	382	384	388	392	395	401	404	411	416	420	426	429	432	436	440	452	457
2A_SB	24	d	353	356	363	368	372	374	377	383	385	389	393	397	402	406	413	417	421	427	430	433	437	441	453	/
2A_SB	25	a	364	368	374	378	381	383	388	394	396	399	404	409	414	418	425	429	432	438	441	445	449	452	463	468
2A_SB	25	d	366	369	375	379	382	385	389	395	397	401	406	410	415	420	426	430	433	439	442	446	450	453	464	/
2A_SB	26	a	370	373	379	384	388	390	394	401	403	406	410	414	419	423	430	434	438	444	447	451	455	458	469	474
2A_SB	26	d	371	374	381	386	389	392	396	402	404	407	411	415	420	425	431	435	439	445	448	452	456	459	470	/
2A_SB	27	a	379	382	390	394	398	400	403	409	412	415	419	424	430	434	440	444	449	454	456	460	464	467	478	483
2A_SB	27	d	380	383	392	396	399	401	404	410	413	416	421	425	431	435	441	446	450	455	457	461	465	468	479	/
2A_SB	28	a	389	392	401	405	408	411	414	420	422	426	431	436	442	446	452	455	459	464	467	471	475	478	489	494
2A_SB	28	d	390	393	403	406	409	412	415	421	423	428	433	437	443	447	453	456	460	465	468	472	476	479	490	/
2A_SB	29	a	408	410	416	419	424	428	432	438	440	443	448	451	457	461	468	472	477	483	486	489	492	495	506	512
2A_SB	29	d	409	411	417	421	426	430	434	439	441	445	449	453	459	463	469	474	478	484	487	490	493	496	508	/
2A_SB	30	a	421	424	432	436	440	443	446	451	454	458	463	468	475	479	485	488	493	498	500	503	507	511	523	529
2A_SB	30	d	422	426	433	438	442	444	447	452	456	460	465	470	476	480	486	490	494	499	501	505	509	513	525	/
2A_SB	31	a	434	436	443	447	451	453	456	461	464	467	471	475	481	484	490	493	498	504	506	509	512	517	528	534
2A_SB	31	d	435	437	444	449	452	454	457	462	465	468	472	476	482	485	491	495	499	505	507	510	514	518	530	/
2A_SB	32	a	439	442	449	453	457	459	462	468	471	474	478	482	487	490	496	499	503	509	512	515	518	523	534	539
2A_SB	32	d	441	443	451	454	458	460	464	469	472	475	480	483	488	491	497	500	504	510	513	516	520	525	535	/
2A_SB	33	a	451	454	461	464	468	471	474	480	483	487	490	493	500	504	510	513	518	523	526	529	532	536	546	552
2A_SB	33	d	453	455	462	465	469	472	475	481	484	488	491	495	501	505	511	515	519	525	527	530	533	537	547	/
2A_SB	34	a	460	463	470	475	480	483	487	494	497	501	505	509	515	519	526	530	534	539	541	544	548	551	563	569
2A_SB	34	d	462	464	472	477	482	485	489	495	498	502	506	510	516	520	527	531	535	540	542	545	549	552	564	/
2A_SB	35	a	474	477	484	488	492	494	498	503	506	510	514	517	523	527	532	536	540	546	548	551	556	561	577	583
2A_SB	35	d	476	478	486	489	493	496	499	504	507	511	515	518	524	528	533	537	541	547	549	553	558	563	578	/
2A_SB	36	a	484	487	494	498	502	505	509	514	517	521	525	528	535	538	543	547	552	558	560	563	567	571	583	589
2A_SB	36	d	485	488	495	499	504	507	510	515	518	522	526	530	536	539	545	549	553	559	561	564	568	572	584	/
2A_SB	37	a	489	492	499	503	508	511	516	522	526	529	533	536	542	545	551	554	558	564	566	569	573	577	589	595
2A_SB	37	d	490	493	500	505	510	513	518	524	527	530	534	537	543	546	552	555	559	565	567	570	574	578	591	/
2A_SB	38	a	499	502	510	514	517	519	524	530	533	536	540	543	549	552	558	562	566	572	574	577	581	585	596	602
2A_SB	38	d	500	504	512	515	518	521	525	531	534	537	541	544	550	553	559	563	567	573	575	578	582	586	598	/
2A_SB	39	a	505	508	515	519	523	525	529	535	538	541	546	549	555	558	564	568	572	578	580	583	587	591	602	608
2A_SB	39	d	506	509	517	521	524	527	530	536	539	543	547	550	556	559	565	569	573	579	581	584	588	592	603	/
2A_SB	40	a	511	513	521	525	529	531	534	540	543	547	551	554	560	563	570	573	577	583	585	588	592	596	607	613
2A_SB	40	d	512	515	523	526	530	532	535	541	544	548	552	555	561	565	571	574	578	584	586	589	593	597	608	/
2A_SB	41	a	517	519	527	531	535	537	540	545	548	552	556	559	566	569	575	578	582	588	591	594	598	602	612	618
2A_SB	41	d	518	521	528	532	536	538	541	546	549	553	557	561	567	571	576	579	583	589	592	595	599	603	613	/
2A_SB	42	a	524	527	533	538	543	545	549	554	557	561	565	568	574	577	582	585	588	594	597	600	603	607	617	622
2A_SB	42	d	525	528	535	540	544	546	550	555	558	562	566	569	575	578	583	586	589	595	598	601	605	608	618	/
2A_SB	43	a	529	532	538	543	548	550	554	559	562	566	570	574	580	584	590	594	598	604	607	610	614	617	627	633
2A_SB	43	d	530	533	540	545	549	551	555	560	563	567	571	575	582	586	591	596	600	605	608	612	615	618	629	/
2A_SB	44	a	535	538	544	548	553	555	558	564	567	571	575	579	585	590	595	599	604	609	613	616	620	623	634	639
2A_SB	44	d	536	539	545	550	554	556	560	565	568	572	576	580	587	591	596	601	605	611	614	618	621	625	635	/
2A_SB	45	a	540	542	550	554	557	560	563	569	572	575	580	585	590	595	600	604	609	614	618	621	625	629	641	646
2A_SB	45	d	541	544	551	555	559	561	565	570	573	577	582	586	592	596	601	606	610	616	619	623	627	630	642	/
2A_SB	46	a	545	547	555	558	562	565	568	575	578	581	585	589	595	600	607	611	615	621	624	627	630	634	646	652
2A_SB	46	d	546	549	556	560	564	566	570	576	579	582	587	591	597	601	608	612	616	622	625	628	632	635	647	/
2A_SB	47	a	550	552	560	563	567	570	574	580	583	586	590	594	600	605	612	616	620	626	629	632	636	639	651	657
2A_SB	47	d	551	554	561	565	569	571	575	581	584	588	592	596	602	606	613	617	621	627	630	633	637	640	652	/
2A_SB	48	a	555	557	565	568	572	575	579	585	588	591	595	599	606	610	617	620	625	631	634	637	641	644	657	663
2A_SB	48	d	556	559	566	570	574	576	580	586	589	593	597	601	607	611	618	622	626	632	635	638	642	646	658	/
2A_SB	49	a	580	582	591	595	598	600	605	611	615	618	621	625	632	636	642	647	651	659	661	666	670	674	685	691
2A_SB	49	d	581	584	592	596	599	602	606	613	616	619	623	627	634	638	644	648	653	660	663	667	672	676	687	/
2A_SB	50	a	609	612	621	624	628	630	635	641	644	648	651	655	661	666	672	676	681	689	692	695	699	704	715	722
2A_SB	50	d	610	614	622	625	629	632	636	643	646	649	653	657	663	667	674	678	683	690	693	697	701	705	717	/
2A_SB	51	a	639	642	649	653	657	661	664	671	675	678	681	686	692	696	702	706	711	717	720	724	729	734	746	751
2A_SB	51	d	640	644	651	655	659	662	666	673	676	679	683	687	693	697	704	708	713	719	722	726	731	735	747	/
2A_SB	52	a	669	671	679	683	687	690	695	702	705	708	712	716	721	726	732	736	740	746	749	754	759	763	776	781
2A_SB	52	d	670	673	681	685	689	692	696	703	706	709	713	717	723	727	733	737	741	747	751	756	761	765	777	/
2A_SB	53	a	699	701	709	713	718	721	725	732	735	738	742	745	752	756	762	765	768	775	779	783	788	792	803	809
2A_SB	53	d	700	703	711	715	719	722	726	733	736	739	743	747	753	757	763	766	770	777	781	785	790	794	805	/
2A_SB	54	a	728	730	740	744	747	749	753	760	763	766	771	775	782	786	791	795	799	805	809	813	818	821	834	840
2A_SB	54	d	729	732	741	745	748	750	754	761	764	768	773	777	783	787	793	796	800	807	811	815	819	823	835	/
2A_SB	55	a	733	735	744	749	753	755	759	766	769	772	776	780	787	791	796	800	804	811	814	818	823	826	840	845
2A_SB	55	d	734	737	746	750	754	756	760	767	770	773	778	782	788	792	798	801	806	813	816	820	824	828	841	/
2A_SB	56	a	742	744	753	756	760	762	766	772	775	778	782	786	792	796	801	805	809	817	819	823	828	832	846	851
2A_SB	56	d	743	746	754	757	761	763	767	773	776	779	783	787	793	797	803	806	811	818	821	825	830	834	847	/
2A_SB	57	a	772	774	781	786	789	792	796	801	804	807	810	814	820	824	830	834	839	845	848	852	857	862	874	881
2A_SB	57	d	773	776	783	787	790	793	797	802	805	808	811	815	822	826	832	836	841	847	850	854	859	864	876	/
2A_SB	58	a	801	804	812	815	819	821	824	831	833	836	839	843	850	854	860	864	869	875	877	881	886	890	905	910
2A_SB	58	d	802	805	813	816	820	822	825	832	834	837	841	845	851	856	862	866	870	876	879	883	888	892	906	/
2A_SB	59	a	831	833	840	844	848	850	854	859	863	866	870	873	879	884	890	895	899	905	908	911	916	920	933	940
2A_SB	59	d	832	834	841	845	849	851	855	861	864	867	871	875	881	885	892	896	900	906	909	913	918	922	935	/
2A_SB	60	a	861	863	870	874	878	880	884	890	892	896	900	903	910	913	920	924	929	934	937	942	946	950	963	969
2A_SB	60	d	862	864	871	875	879	881	885	891	894	897	901	905	911	915	922	926	930	935	939	943	947	952	965	/
2A_SB	61	a	891	893	899	903	908	910	914	920	923	926	929	933	940	944	950	954	959	964	967	971	975	980	993	1000
2A_SB	61	d	892	894	901	905	909	911	915	921	924	927	931	935	941	945	952	956	960	965	969	973	977	982	995	/
2A_SB	62	a	919	921	930	934	937	939	942	949	952	955	960	963	969	974	981	985	989	994	997	1000	1004	1007	1019	1024
2A_SB	62	d	920	922	931	935	938	940	944	950	953	957	961	965	971	975	982	986	990	995	998	1001	1005	1008	1020	/
2A_SB	63	a	949	951	957	961	966	968	972	978	981	985	989	993	1000	1004	1009	1013	1017	1023	1026	1029	1033	1036	1047	1053
2A_SB	63	d	950	952	959	963	967	970	974	979	983	987	991	995	1001	1005	1010	1014	1018	1024	1027	1030	1034	1037	1049	/
2A_SB	64	a	971	973	981	986	989	992	995	1001	1004	1007	1012	1016	1021	1025	1031	1035	1039	1046	1048	1052	1056	1059	1069	1074
2A_SB	64	d	972	974	983	987	990	993	996	1003	1005	1009	1013	1017	1023	1027	1033	1037	1041	1047	1049	1053	1057	1060	1070	/
3A_SB	1	a	15	21	28	32	35	39	42	46	50	54	57	59	63	67	70	73	77	80
3A_SB	1	d	16	23	29	33	36	41	44	48	51	56	58	60	65	68	71	75	78	/
3A_SB	2	a	44	49	55	58	62	66	68	71	75	78	81	84	87	90	94	98	101	104
3A_SB	2	d	45	50	56	59	63	67	69	73	76	79	82	85	88	91	95	99	102	/
3A_SB	3	a	60	66	72	76	80	84	87	91	96	101	103	106	110	113	116	119	122	125
3A_SB	3	d	61	67	74	78	82	86	89	93	98	102	104	107	111	114	117	120	123	/
3A_SB	4	a	74	80	87	90	93	97	100	102	107	111	113	116	120	123	126	129	132	135
3A_SB	4	d	75	81	88	91	94	98	101	104	108	112	114	117	121	124	127	130	133	/
3A_SB	5	a	79	85	93	98	101	105	107	109	112	116	118	121	125	128	131	134	138	142
3A_SB	5	d	80	87	95	99	102	106	108	110	113	117	119	122	126	129	132	135	139	/
3A_SB	6	a	87	93	99	104	108	112	115	118	122	126	128	131	135	138	142	146	150	153
3A_SB	6	d	88	95	101	106	110	114	117	120	124	127	129	132	136	139	143	147	151	/
3A_SB	7	a	106	112	119	123	127	131	134	138	142	145	148	151	155	158	162	167	171	174
3A_SB	7	d	107	114	121	124	129	132	136	140	143	147	149	152	156	160	164	169	172	/
3A_SB	8	a	128	133	139	142	146	151	154	158	163	168	170	172	175	178	182	185	189	193
3A_SB	8	d	129	134	140	144	148	153	156	160	165	169	171	173	176	179	183	186	190	/
3A_SB	9	a	144	150	156	159	163	167	170	173	177	181	183	186	190	194	198	201	204	208
3A_SB	9	d	145	151	157	160	164	168	171	174	178	182	184	187	191	195	199	202	205	/
3A_SB	10	a	149	154	161	165	168	172	175	178	182	186	188	191	195	199	203	207	211	216
3A_SB	10	d	150	156	163	166	169	173	176	179	183	187	189	192	196	200	205	209	213	/
3A_SB	11	a	164	170	177	180	183	187	189	192	196	199	202	204	208	212	216	220	223	227
3A_SB	11	d	165	171	178	181	184	188	190	193	197	200	203	205	209	213	217	221	225	/
3A_SB	12	a	180	186	193	197	201	205	209	213	217	222	224	226	230	234	238	242	245	248
3A_SB	12	d	181	188	194	199	203	207	211	215	219	223	225	227	231	235	239	243	246	/
3A_SB	13	a	197	203	208	211	214	217	220	223	226	230	232	234	238	242	246	250	253	256
3A_SB	13	d	198	204	209	212	215	218	221	224	227	231	233	235	239	243	247	251	254	/
3A_SB	14	a	202	208	213	217	221	224	227	231	235	240	242	245	249	253	257	260	263	266
3A_SB	14	d	203	209	215	219	222	226	229	232	237	241	243	246	250	254	258	261	264	/
3A_SB	15	a	210	215	222	225	229	233	235	238	242	246	248	251	255	258	261	265	268	272
3A_SB	15	d	211	217	223	226	230	234	236	239	243	247	249	252	256	259	263	266	270	/
3A_SB	16	a	221	226	232	235	240	244	247	250	255	259	262	264	268	272	276	280	283	287
3A_SB	16	d	222	227	233	237	242	246	249	252	256	261	263	266	270	273	278	281	285	/
3A_SB	17	a	249	256	261	265	269	273	276	280	284	289	291	293	297	300	305	308	312	315
3A_SB	17	d	250	257	263	267	271	275	278	282	286	290	292	294	298	301	306	309	313	/
3A_SB	18	a	262	267	272	277	282	285	288	291	295	300	302	305	309	312	317	321	324	327
3A_SB	18	d	263	268	274	279	283	287	290	293	297	301	303	306	310	313	318	322	325	/
3A_SB	19	a	272	278	285	289	292	296	298	302	306	311	313	316	320	323	327	331	334	338
3A_SB	19	d	273	280	286	290	293	297	300	303	308	312	314	317	321	324	328	332	335	/
3A_SB	20	a	278	284	290	294	297	301	304	308	313	317	319	322	326	329	332	336	339	344
3A_SB	20	d	279	285	291	295	298	302	306	310	315	318	320	323	327	330	333	337	341	/
3A_SB	21	a	303	309	316	321	325	328	330	334	338	342	345	347	351	354	358	362	365	368
3A_SB	21	d	304	311	318	322	326	329	332	336	340	343	346	348	352	355	359	363	366	/
3A_SB	22	a	323	329	334	339	342	346	349	352	355	359	361	363	367	371	375	378	381	384
3A_SB	22	d	324	330	336	340	343	347	350	353	356	360	362	364	368	372	376	379	382	/
3A_SB	23	a	332	337	342	346	349	353	356	359	363	367	369	371	375	378	382	385	388	391
3A_SB	23	d	333	338	343	347	350	354	357	360	364	368	370	372	376	379	383	386	389	/
3A_SB	24	a	342	347	352	356	359	364	366	369	373	378	380	382	385	388	392	395	399	402
3A_SB	24	d	343	348	354	357	361	365	367	370	375	379	381	383	386	389	393	396	400	/
3A_SB	25	a	363	369	376	381	384	388	391	394	397	401	403	405	410	414	418	421	425	428
3A_SB	25	d	364	371	378	382	385	389	392	395	398	402	404	407	412	415	419	422	426	/
3A_SB	26	a	378	384	390	393	397	401	405	409	414	419	421	423	426	429	433	436	439	443
3A_SB	26	d	379	385	391	395	399	403	407	411	416	420	422	424	427	430	434	437	440	/
3A_SB	27	a	386	392	399	403	407	412	416	420	424	428	430	432	435	438	442	447	450	453
3A_SB	27	d	387	394	401	405	409	414	418	422	426	429	431	433	436	439	444	448	451	/
3A_SB	28	a	402	407	413	417	421	425	428	432	436	441	443	445	448	451	455	458	461	464
3A_SB	28	d	403	408	415	419	423	427	430	434	438	442	444	446	449	452	456	459	462	/
3A_SB	29	a	420	426	433	438	441	445	447	449	452	456	458	461	465	468	472	476	480	483
3A_SB	29	d	421	428	435	439	442	446	448	450	453	457	459	462	466	469	473	477	481	/
3A_SB	30	a	425	431	438	443	446	450	453	456	459	463	465	467	471	474	479	482	486	490
3A_SB	30	d	426	433	440	444	447	451	454	457	460	464	466	468	472	476	480	484	488	/
3A_SB	31	a	443	448	453	457	460	463	466	468	471	474	476	478	482	485	489	492	495	499
3A_SB	31	d	444	449	455	458	461	464	467	469	472	475	477	479	483	486	490	493	497	/
3A_SB	32	a	449	455	460	463	468	472	476	479	482	486	489	491	495	499	502	505	508	511
3A_SB	32	d	450	456	461	465	470	474	478	480	484	487	490	492	496	500	503	506	509	/
3A_SB	33	a	458	464	472	476	480	483	485	489	493	497	499	501	505	509	512	516	520	525
3A_SB	33	d	459	466	474	477	481	484	487	491	495	498	500	502	506	510	514	518	522	/
3A_SB	34	a	484	489	497	501	505	509	512	515	518	521	523	526	531	535	538	542	545	549
3A_SB	34	d	485	491	499	502	506	510	513	516	519	522	525	528	532	536	540	543	546	/
3A_SB	35	a	491	496	504	508	512	517	521	525	529	533	535	537	541	544	548	551	554	557
3A_SB	35	d	492	498	506	510	514	519	523	527	530	534	536	538	542	545	549	552	555	/
3A_SB	36	a	499	504	511	516	520	525	528	532	536	541	543	546	550	553	557	560	563	566
3A_SB	36	d	500	505	513	518	522	527	530	534	538	542	544	547	551	554	558	561	564	/
3A_SB	37	a	508	513	520	525	529	533	536	540	543	548	550	553	557	561	565	568	571	574
3A_SB	37	d	509	514	522	527	530	535	538	541	545	549	551	554	558	562	566	569	572	/
3A_SB	38	a	516	521	528	532	536	541	543	546	550	554	556	558	562	566	570	573	577	580
3A_SB	38	d	517	522	530	534	538	542	544	548	551	555	557	559	563	567	571	574	578	/
3A_SB	39	a	522	527	533	537	541	545	548	552	555	559	561	563	567	571	575	578	582	585
3A_SB	39	d	523	528	535	539	543	547	550	553	556	560	562	564	568	572	576	579	583	/
3A_SB	40	a	527	532	539	542	546	550	553	557	560	564	566	568	572	576	580	583	587	590
3A_SB	40	d	528	534	540	544	548	552	555	558	561	565	567	569	574	577	581	584	588	/
3A_SB	41	a	532	537	544	548	552	556	560	564	568	572	574	576	580	583	587	590	593	597
3A_SB	41	d	533	539	546	550	554	558	562	566	570	573	575	577	581	584	588	591	595	/
3A_SB	42	a	537	542	549	553	558	562	566	570	574	577	579	581	585	589	593	596	599	602
3A_SB	42	d	538	544	551	555	559	564	568	571	575	578	580	582	586	590	594	597	600	/
3A_SB	43	a	543	549	556	560	564	569	572	575	579	582	584	586	590	594	598	601	605	608
3A_SB	43	d	544	551	558	561	566	570	573	576	580	583	585	587	591	595	599	602	606	/
3A_SB	44	a	549	555	563	567	571	576	579	582	587	591	594	596	600	604	609	613	617	620
3A_SB	44	d	550	557	565	568	573	577	580	584	588	593	595	597	602	606	610	615	618	/
3A_SB	45	a	560	565	573	578	581	585	587	590	595	599	601	603	606	610	615	619	622	626
3A_SB	45	d	561	567	575	579	582	586	589	592	596	600	602	604	608	612	616	620	624	/
3A_SB	46	a	567	572	578	583	586	589	592	595	600	604	606	608	611	615	620	624	627	631
3A_SB	46	d	568	574	580	584	587	591	594	597	601	605	607	609	613	617	621	625	629	/
3A_SB	47	a	572	577	583	587	591	594	597	600	604	609	611	613	616	620	625	629	633	637
3A_SB	47	d	573	579	585	589	592	596	599	602	606	610	612	614	618	622	626	630	634	/
3A_SB	48	a	577	582	588	592	596	599	603	606	609	614	616	619	622	625	630	633	638	642
3A_SB	48	d	578	584	590	594	597	601	604	607	611	615	617	620	623	627	631	635	639	/
3A_SB	49	a	582	587	593	597	601	605	608	611	614	618	621	624	627	630	635	638	643	647
3A_SB	49	d	583	589	595	599	602	606	609	612	616	620	622	625	628	632	636	640	644	/
3A_SB	50	a	608	613	620	624	628	632	635	638	641	644	646	649	653	657	660	664	667	670
3A_SB	50	d	609	615	621	625	630	633	636	639	642	645	647	650	654	658	661	665	668	/
3A_SB	51	a	613	618	625	629	633	637	640	643	646	651	654	658	663	666	670	674	677	680
3A_SB	51	d	614	620	626	631	635	638	641	644	648	653	656	660	664	667	671	675	678	/
3A_SB	52	a	641	647	654	658	663	666	668	670	675	679	681	684	689	692	697	700	703	706
3A_SB	52	d	642	649	656	660	664	667	669	672	676	680	683	686	690	694	698	701	704	/
3A_SB	53	a	670	677	684	688	693	696	698	701	704	708	711	714	719	723	727	730	733	736
3A_SB	53	d	671	679	686	690	694	697	699	702	706	710	713	716	720	724	728	731	734	/
3A_SB	54	a	700	706	712	716	720	724	728	731	734	738	741	744	748	752	757	760	763	766
3A_SB	54	d	701	707	714	718	722	726	729	732	736	740	743	746	750	754	758	761	764	/
3A_SB	55	a	730	735	742	747	750	755	757	759	763	768	771	774	779	783	786	789	793	796
3A_SB	55	d	731	737	744	748	752	756	758	761	765	770	773	776	780	784	787	791	794	/
3A_SB	56	a	760	765	772	777	781	784	787	790	793	798	801	804	808	813	816	820	823	826
3A_SB	56	d	761	767	774	778	782	786	788	791	795	800	803	806	810	814	817	821	824	/
3A_SB	57	a	789	794	803	806	810	815	817	819	822	826	830	832	837	840	844	848	853	857
3A_SB	57	d	790	796	804	807	812	816	818	820	824	828	831	834	838	842	846	850	854	/
3A_SB	58	a	819	825	831	835	840	843	846	849	852	856	859	862	867	871	874	879	882	885
3A_SB	58	d	820	826	833	837	841	845	848	850	854	858	861	864	868	872	876	880	883	/
3A_SB	59	a	849	855	862	866	869	873	875	878	882	886	889	891	896	899	904	908	912	916
3A_SB	59	d	850	856	863	867	870	874	877	880	884	888	890	893	897	901	906	910	913	/
3A_SB	60	a	879	885	890	894	898	903	905	909	913	917	919	922	925	930	933	938	941	945
3A_SB	60	d	880	886	892	896	900	904	907	910	914	918	920	923	927	931	935	939	943	/
3A_SB	61	a	909	914	920	924	928	932	935	939	942	947	949	951	955	959	963	968	972	976
3A_SB	61	d	910	916	922	926	930	934	937	940	944	948	950	952	957	961	965	969	973	/
3A_SB	62	a	937	943	950	954	958	963	965	969	973	977	979	981	985	990	993	998	1002	1006
3A_SB	62	d	938	945	952	956	960	964	967	970	974	978	980	982	987	991	995	999	1003	/
3A_SB	63	a	967	973	980	984	988	993	996	999	1002	1005	1008	1011	1015	1019	1024	1028	1031	1035
3A_SB	63	d	968	975	982	986	990	994	997	1000	1003	1007	1009	1012	1017	1021	1025	1029	1032	/
3A_SB	64	a	997	1003	1010	1014	1018	1022	1024	1027	1031	1035	1038	1040	1044	1049	1053	1056	1059	1062
3A_SB	64	d	998	1005	1011	1016	1020	1023	1025	1029	1032	1037	1039	1041	1046	1051	1054	1057	1060	/
3A_NB	1	a	27	30	33	36	39	43	47	51	56	61	64	69	73	77	80	82	86	92	98
3A_NB	1	d	28	31	34	37	40	45	49	53	58	63	66	71	75	78	81	83	87	93	/
3A_NB	2	a	54	58	63	65	68	71	74	78	81	85	88	92	96	100	103	106	112	118	123
3A_NB	2	d	55	60	64	66	69	72	75	79	82	86	89	93	97	101	104	108	113	119	/
3A_NB	3	a	68	71	75	77	80	83	88	93	96	100	103	109	114	118	123	126	131	137	144
3A_NB	3	d	69	72	76	78	81	85	90	94	97	102	105	111	115	120	124	127	132	139	/
3A_NB	4	a	75	78	82	85	89	94	97	102	106	111	113	119	123	128	132	135	140	146	152
3A_NB	4	d	76	80	84	87	91	95	99	104	108	112	115	121	125	129	133	136	141	147	/
3A_NB	5	a	97	100	103	105	109	114	117	121	125	129	131	135	139	142	145	148	153	159	165
3A_NB	5	d	98	101	104	107	111	115	118	123	126	130	132	136	140	143	146	149	154	160	/
3A_NB	6	a	102	105	108	111	114	119	122	126	130	134	136	141	145	148	153	157	162	169	175
3A_NB	6	d	103	106	109	112	116	120	123	128	131	135	137	142	146	150	155	159	164	170	/
3A_NB	7	a	112	115	119	122	126	130	134	139	143	148	152	158	162	166	171	174	178	183	189
3A_NB	7	d	113	117	121	124	128	132	136	141	145	150	154	159	163	168	172	175	179	185	/
3A_NB	8	a	135	138	142	146	150	154	158	163	168	172	176	181	185	188	191	194	198	203	209
3A_NB	8	d	136	140	144	148	152	156	160	165	169	174	178	182	186	189	192	195	199	204	/
3A_NB	9	a	143	146	150	153	156	159	163	168	173	177	181	186	190	193	197	199	203	208	214
3A_NB	9	d	144	148	152	154	157	161	165	170	174	179	183	187	191	195	198	200	204	209	/
3A_NB	10	a	149	152	156	158	161	164	168	173	178	182	186	191	195	199	202	204	208	213	219
3A_NB	10	d	150	153	157	159	162	166	170	175	179	184	188	192	197	200	203	205	209	214	/
3A_NB	11	a	167	170	174	176	179	183	188	193	197	201	204	208	211	215	219	223	228	233	239
3A_NB	11	d	168	171	175	177	180	185	190	194	198	202	205	209	213	217	221	225	229	235	/
3A_NB	12	a	180	183	186	189	193	198	202	206	210	214	217	223	227	231	235	238	244	249	255
3A_NB	12	d	181	184	188	191	195	199	204	207	211	215	219	225	228	232	236	240	245	250	/
3A_NB	13	a	193	196	199	203	206	211	216	221	226	231	235	241	246	251	256	260	266	272	278
3A_NB	13	d	194	197	201	204	208	213	218	223	228	233	237	243	248	253	258	262	268	273	/
3A_NB	14	a	213	216	220	222	226	230	235	240	245	250	254	260	264	267	272	274	278	283	290
3A_NB	14	d	214	217	221	224	228	232	237	242	247	252	256	261	265	269	273	275	279	285	/
3A_NB	15	a	231	234	237	240	243	246	250	254	257	260	262	268	273	277	280	282	287	292	298
3A_NB	15	d	232	235	238	241	244	247	251	255	258	261	264	270	274	278	281	284	288	293	/
3A_NB	16	a	244	248	251	253	256	260	265	270	275	280	284	289	292	295	298	302	306	311	316
3A_NB	16	d	245	249	252	254	258	262	267	272	277	282	286	290	293	296	300	303	307	312	/
3A_NB	17	a	253	257	261	264	268	273	277	282	287	292	295	300	303	307	310	313	317	323	328
3A_NB	17	d	254	259	263	266	270	275	279	284	289	294	297	301	305	308	311	314	318	324	/
3A_NB	18	a	268	271	274	277	280	285	290	295	300	303	306	311	314	317	321	323	328	334	339
3A_NB	18	d	269	272	276	279	282	287	292	297	301	305	308	312	315	318	322	325	330	335	/
3A_NB	19	a	282	286	289	292	295	299	304	309	314	318	321	327	332	335	339	342	346	351	357
3A_NB	19	d	283	287	290	294	297	301	306	311	316	320	323	329	333	336	340	343	347	353	/
3A_NB	20	a	295	299	303	307	311	315	320	325	330	334	338	343	346	349	352	355	359	366	372
3A_NB	20	d	296	300	305	309	313	317	322	327	332	336	340	344	347	350	353	356	361	367	/
3A_NB	21	a	313	316	320	323	326	331	335	340	345	350	354	360	364	367	370	373	378	383	389
3A_NB	21	d	314	318	321	325	328	333	337	342	347	352	356	361	365	368	371	374	379	384	/
3A_NB	22	a	331	334	339	342	346	350	354	359	364	369	373	378	382	386	389	391	395	401	408
3A_NB	22	d	332	336	341	344	348	352	356	361	366	371	375	379	383	387	390	392	396	402	/
3A_NB	23	a	344	347	351	354	358	361	365	370	375	380	384	389	395	398	402	405	410	417	422
3A_NB	23	d	345	348	353	356	359	363	367	372	377	382	386	391	396	400	404	407	412	418	/
3A_NB	24	a	359	363	366	369	373	377	380	383	387	392	395	401	406	410	413	416	420	425	431
3A_NB	24	d	360	364	368	371	375	378	381	385	389	394	397	402	407	411	414	417	421	426	/
3A_NB	25	a	369	373	377	381	385	389	393	398	402	406	409	415	420	424	428	432	438	444	450
3A_NB	25	d	370	375	379	383	387	391	395	400	404	408	411	417	422	426	430	434	440	445	/
3A_NB	26	a	391	394	397	400	404	408	412	415	419	423	425	430	434	439	444	448	453	458	464
3A_NB	26	d	392	395	399	402	405	409	413	416	420	424	426	431	436	441	446	450	454	459	/
3A_NB	27	a	419	422	427	429	433	438	441	444	447	452	455	460	464	468	472	474	478	484	489
3A_NB	27	d	420	424	428	431	435	439	442	445	449	453	456	461	465	469	473	475	479	485	/
3A_NB	28	a	436	439	443	446	450	454	459	463	467	472	475	481	486	490	495	498	502	507	513
3A_NB	28	d	437	440	445	448	452	456	460	464	469	474	477	483	487	492	497	499	503	508	/
3A_NB	29	a	447	450	454	458	462	466	470	475	479	484	488	493	497	501	504	506	510	516	521
3A_NB	29	d	448	452	456	460	464	468	472	477	481	486	489	494	498	502	505	507	511	517	/
3A_NB	30	a	453	457	461	465	468	471	475	480	484	489	493	498	501	506	509	512	517	524	529
3A_NB	30	d	454	459	463	467	469	473	477	482	486	491	495	499	503	507	510	513	519	525	/
3A_NB	31	a	461	465	469	471	474	477	481	486	490	495	499	504	508	512	516	519	525	531	537
3A_NB	31	d	462	466	470	473	475	479	483	488	492	497	501	506	509	513	517	521	526	533	/
3A_NB	32	a	466	470	474	477	480	485	490	495	500	505	509	515	519	522	526	529	534	540	546
3A_NB	32	d	467	471	476	479	482	487	492	497	502	507	511	516	520	523	527	530	535	541	/
3A_NB	33	a	479	483	487	490	493	497	501	504	508	512	514	520	524	527	530	534	539	544	551
3A_NB	33	d	480	484	488	491	494	499	502	505	509	513	516	521	525	528	532	535	540	546	/
3A_NB	34	a	485	489	494	497	500	504	507	510	514	518	520	525	530	534	538	542	547	553	560
3A_NB	34	d	486	491	495	498	501	505	508	512	515	519	521	527	532	536	540	544	549	555	/
3A_NB	35	a	491	495	499	502	505	509	512	516	519	523	525	530	535	539	543	547	552	558	565
3A_NB	35	d	492	496	500	503	506	510	513	517	520	524	526	532	537	541	545	549	554	560	/
3A_NB	36	a	497	500	504	508	511	515	518	522	525	529	532	537	541	545	549	553	557	564	571
3A_NB	36	d	498	501	506	510	512	516	519	523	526	531	533	538	542	547	551	554	559	566	/
3A_NB	37	a	502	505	510	513	516	520	523	527	530	535	537	542	546	551	555	558	563	570	576
3A_NB	37	d	503	507	511	515	517	521	524	528	532	536	538	543	548	553	557	560	565	571	/
3A_NB	38	a	508	511	515	518	521	525	529	532	535	540	543	548	552	557	562	565	570	577	583
3A_NB	38	d	509	512	516	520	522	526	530	533	537	541	545	549	554	559	564	567	572	578	/
3A_NB	39	a	535	538	543	545	547	551	555	559	562	565	568	573	577	580	583	586	592	598	605
3A_NB	39	d	536	540	544	546	548	552	556	560	563	567	570	574	578	581	584	588	594	600	/
3A_NB	40	a	561	564	567	569	572	575	579	583	586	590	593	598	602	605	609	612	617	623	630
3A_NB	40	d	562	565	568	570	573	576	580	584	587	591	595	599	603	607	610	613	618	624	/
3A_NB	41	a	566	569	572	575	578	581	585	589	593	597	600	604	608	611	614	617	622	628	635
3A_NB	41	d	567	570	574	576	579	582	586	590	594	598	601	605	609	612	615	618	623	629	/
3A_NB	42	a	579	582	585	587	590	593	597	601	606	610	614	620	624	627	631	634	640	646	651
3A_NB	42	d	580	583	586	588	591	594	598	603	608	612	616	621	625	628	632	635	641	647	/
3A_NB	43	a	585	589	592	595	599	603	606	610	615	619	621	626	631	634	639	642	649	655	660
3A_NB	43	d	586	590	594	597	600	604	608	612	616	620	622	628	632	636	640	644	651	656	/
3A_NB	44	a	615	619	623	625	627	631	635	639	643	646	650	656	660	663	666	669	673	679	685
3A_NB	44	d	616	620	624	626	629	632	636	640	644	648	651	657	661	664	667	670	674	680	/
3A_NB	45	a	620	624	628	630	632	637	641	645	649	652	655	661	664	668	671	674	678	683	690
3A_NB	45	d	621	625	629	631	634	638	642	646	650	653	656	662	666	669	672	675	679	685	/
3A_NB	46	a	625	629	633	635	637	642	646	650	654	657	660	665	669	673	676	679	683	688	694
3A_NB	46	d	626	630	634	636	639	643	647	651	655	658	661	667	671	674	677	680	684	690	/
3A_NB	47	a	630	634	638	640	642	647	651	655	659	663	665	670	674	678	682	685	689	694	699
3A_NB	47	d	631	635	639	641	644	648	652	656	660	664	666	672	676	679	683	686	690	695	/
3A_NB	48	a	635	639	643	645	648	651	656	660	664	668	670	675	679	683	687	690	694	699	704
3A_NB	48	d	636	640	644	646	649	653	657	661	665	669	671	677	681	684	688	691	695	700	/
3A_NB	49	a	640	644	647	651	654	657	661	665	669	673	675	680	684	688	692	695	699	704	709
3A_NB	49	d	641	645	649	652	655	658	662	666	670	674	676	682	686	689	693	696	700	705	/
3A_NB	50	a	668	671	676	678	680	683	687	692	696	699	702	706	711	714	718	722	727	733	739
3A_NB	50	d	669	673	677	679	681	685	689	693	697	700	703	708	712	716	720	724	729	735	/
3A_NB	51	a	698	702	706	708	710	714	718	722	725	728	730	736	740	744	748	752	757	763	768
3A_NB	51	d	699	703	707	709	711	715	719	723	726	729	732	738	742	746	750	754	759	765	/
3A_NB	52	a	720	723	727	730	734	738	743	747	751	756	760	765	770	774	778	782	787	793	799
3A_NB	52	d	721	725	729	732	736	740	744	748	753	758	762	767	772	776	780	784	789	795	/
3A_NB	53	a	749	753	758	760	764	768	772	777	780	785	788	794	799	804	808	812	817	823	829
3A_NB	53	d	750	755	759	762	766	770	774	778	782	787	790	796	801	806	810	813	819	825	/
3A_NB	54	a	779	783	788	791	794	798	802	806	810	815	818	823	828	833	837	841	847	853	860
3A_NB	54	d	780	785	789	792	796	800	804	808	812	817	820	825	830	835	839	843	849	855	/
3A_NB	55	a	809	813	816	819	822	826	830	835	839	844	847	853	858	862	867	871	876	883	889
3A_NB	55	d	810	814	818	821	824	828	832	837	841	846	849	855	860	864	869	873	878	885	/
3A_NB	56	a	839	843	847	849	852	855	859	863	866	869	872	878	883	888	891	895	900	906	913
3A_NB	56	d	840	844	848	850	853	856	860	864	867	871	874	880	885	889	893	897	902	908	/
3A_NB	57	a	869	873	876	878	881	885	888	892	896	899	902	907	912	915	919	922	928	935	941
3A_NB	57	d	870	874	877	879	882	886	889	893	897	901	904	909	913	916	920	924	930	936	/
3A_NB	58	a	898	901	904	907	909	913	917	921	924	929	933	938	942	945	948	950	954	959	966
3A_NB	58	d	899	902	906	908	911	914	919	922	926	931	934	939	943	946	949	951	955	961	/
3A_NB	59	a	916	920	924	927	930	933	937	941	945	948	950	954	958	962	966	969	973	979	986
3A_NB	59	d	917	922	926	928	931	934	938	943	946	949	951	955	960	964	967	970	975	981	/
3A_NB	60	a	928	932	936	938	941	945	948	952	956	959	962	967	972	976	979	982	987	993	998
3A_NB	60	d	929	934	937	940	943	946	950	954	957	961	963	969	974	977	981	984	989	994	/
3A_NB	61	a	945	948	951	953	957	962	966	970	974	979	982	987	990	994	999	1003	1008	1015	1020
3A_NB	61	d	946	949	952	955	959	963	967	971	976	980	984	988	991	996	1001	1005	1010	1016	/
3A_NB	62	a	965	968	971	974	977	982	986	989	993	998	1000	1004	1007	1010	1015	1019	1025	1031	1037
3A_NB	62	d	966	969	973	975	979	984	987	991	995	999	1001	1005	1008	1012	1017	1021	1026	1032	/
3A_NB	63	a	978	981	986	990	993	997	1000	1003	1007	1011	1013	1018	1021	1025	1028	1032	1037	1043	1049
3A_NB	63	d	979	983	988	992	994	998	1001	1005	1008	1012	1015	1019	1023	1026	1030	1033	1038	1045	/
3A_NB	64	a	992	995	999	1003	1007	1011	1016	1021	1025	1029	1033	1037	1041	1045	1050	1053	1058	1064	1070
3A_NB	64	d	993	997	1001	1005	1008	1013	1018	1022	1026	1031	1034	1039	1043	1047	1052	1055	1059	1065	/
