RouteID	RunID	Arrivals/Departures	TimePerStop
1A_SB	1	a	7	13	21	24	28	35	38	42	46	49	53	56	59	69	75	78
1A_SB	1	d	8	14	23	26	30	36	39	43	47	50	54	57	60	70	76	/
1A_SB	2	a	34	40	50	52	57	63	67	71	75	78	82	86	89	99	104	107
1A_SB	2	d	35	42	51	54	59	65	68	73	76	80	84	87	90	100	105	/
1A_SB	3	a	58	64	74	77	81	86	88	92	95	98	101	104	107	118	122	126
1A_SB	3	d	59	66	76	78	82	87	89	93	96	99	102	105	108	119	123	/
1A_SB	4	a	76	82	90	92	96	101	103	107	110	113	116	119	123	132	137	141
1A_SB	4	d	77	84	91	93	97	102	104	108	111	114	117	120	124	133	139	/
1A_SB	5	a	81	87	95	97	102	108	111	115	118	121	124	127	131	140	145	148
1A_SB	5	d	82	89	96	99	104	110	112	116	119	122	125	128	132	141	146	/
1A_SB	6	a	87	93	102	104	108	114	117	122	126	130	134	138	143	151	156	160
1A_SB	6	d	88	95	103	105	109	116	119	124	128	132	136	140	144	152	157	/
1A_SB	7	a	102	109	119	122	126	132	134	138	142	146	149	153	157	165	170	173
1A_SB	7	d	103	110	120	124	127	133	135	139	143	147	150	154	158	166	171	/
1A_SB	8	a	118	124	134	136	140	145	147	151	154	158	161	165	168	177	182	186
1A_SB	8	d	120	125	135	137	141	146	148	152	155	159	162	166	169	178	183	/
1A_SB	9	a	128	133	141	143	147	152	155	159	162	166	169	173	176	185	190	195
1A_SB	9	d	129	135	142	144	148	153	156	160	163	167	170	174	177	186	192	/
1A_SB	10	a	137	142	149	151	155	160	164	169	172	176	179	182	185	197	203	207
1A_SB	10	d	138	143	150	153	156	162	165	170	173	177	180	183	187	199	205	/
1A_SB	11	a	159	165	172	175	178	183	186	190	194	198	202	206	211	220	227	232
1A_SB	11	d	160	166	174	176	179	185	187	191	196	200	204	208	213	222	229	/
1A_SB	12	a	165	171	178	180	184	189	191	195	199	203	207	211	216	225	232	237
1A_SB	12	d	166	172	179	182	185	190	192	197	201	205	209	213	218	227	234	/
1A_SB	13	a	172	178	185	188	191	197	201	206	209	213	216	220	225	235	241	245
1A_SB	13	d	173	179	187	189	193	199	202	207	210	214	218	222	227	236	242	/
1A_SB	14	a	180	185	194	197	200	206	209	214	218	222	225	229	232	241	246	250
1A_SB	14	d	181	187	196	198	201	207	210	215	219	223	226	230	233	242	247	/
1A_SB	15	a	188	193	203	205	208	216	220	225	228	231	234	238	241	250	255	259
1A_SB	15	d	189	195	204	206	210	218	221	226	229	232	235	239	242	251	256	/
1A_SB	16	a	195	202	212	215	218	225	228	233	236	240	243	247	251	261	267	271
1A_SB	16	d	196	204	213	216	219	226	229	234	238	241	244	248	253	263	268	/
1A_SB	17	a	200	207	217	220	223	230	233	239	244	248	251	255	259	269	274	278
1A_SB	17	d	201	209	218	221	224	231	235	241	246	249	252	257	260	271	275	/
1A_SB	18	a	206	213	222	226	229	235	239	244	249	253	258	262	265	275	279	284
1A_SB	18	d	207	215	224	227	230	237	240	246	251	255	259	263	266	276	281	/
1A_SB	19	a	213	219	227	231	234	240	244	249	254	258	263	267	270	280	284	289
1A_SB	19	d	214	220	229	232	235	242	245	251	256	260	264	268	272	281	286	/
1A_SB	20	a	218	224	234	237	240	245	249	254	259	263	268	272	275	285	290	294
1A_SB	20	d	219	225	235	238	241	247	250	256	261	265	269	273	277	286	291	/
1A_SB	21	a	223	229	239	242	246	251	254	259	264	268	272	276	280	290	295	300
1A_SB	21	d	224	230	241	243	247	252	255	261	266	270	274	278	282	291	297	/
1A_SB	22	a	236	243	251	253	257	262	265	270	274	277	280	283	287	296	302	306
1A_SB	22	d	238	244	252	254	258	263	266	271	275	278	281	285	289	298	303	/
1A_SB	23	a	245	252	261	263	266	271	273	278	282	285	288	292	295	304	309	314
1A_SB	23	d	247	254	262	264	267	272	274	279	283	286	289	293	297	305	311	/
1A_SB	24	a	252	258	267	269	272	278	280	285	289	293	296	300	304	313	319	322
1A_SB	24	d	253	259	268	270	273	279	281	287	291	294	297	301	305	315	320	/
1A_SB	25	a	257	263	272	274	277	283	285	290	294	298	301	304	309	318	324	327
1A_SB	25	d	258	264	273	275	278	284	286	292	296	299	302	306	310	320	325	/
1A_SB	26	a	278	284	292	295	298	303	305	309	314	317	321	324	327	336	343	347
1A_SB	26	d	279	286	293	296	299	304	306	311	315	318	322	325	328	338	345	/
1A_SB	27	a	284	290	297	300	304	310	312	316	321	325	330	334	338	346	352	355
1A_SB	27	d	285	291	298	301	305	311	313	318	323	327	331	335	339	347	353	/
1A_SB	28	a	302	309	316	318	321	327	330	335	338	343	346	351	356	366	372	376
1A_SB	28	d	303	310	317	319	323	329	331	336	340	344	348	353	357	368	374	/
1A_SB	29	a	307	314	321	323	327	333	336	342	346	350	354	358	362	373	378	381
1A_SB	29	d	308	315	322	325	329	335	338	344	348	351	355	359	363	374	379	/
1A_SB	30	a	312	319	326	329	333	339	341	347	351	355	359	363	367	379	386	389
1A_SB	30	d	313	320	328	331	334	340	343	349	353	356	360	364	369	381	387	/
1A_SB	31	a	333	339	348	351	355	360	363	369	374	378	382	386	391	400	407	411
1A_SB	31	d	334	340	350	353	356	362	365	371	376	380	384	388	393	402	408	/
1A_SB	32	a	363	368	378	381	384	390	393	399	404	407	412	417	421	430	436	441
1A_SB	32	d	364	370	380	382	386	392	395	400	405	409	414	418	423	432	438	/
1A_NB	1	a	4	8	15	23	28	32	35	39	42	48	52	57	59	63	72	80
1A_NB	1	d	5	9	16	24	29	33	36	40	43	49	53	58	60	64	74	/
1A_NB	2	a	11	15	21	30	37	41	44	48	51	57	62	66	69	73	82	88
1A_NB	2	d	12	17	23	32	38	42	46	49	53	59	63	67	70	74	83	/
1A_NB	3	a	18	23	29	37	43	48	52	55	59	66	69	73	76	79	86	93
1A_NB	3	d	19	25	31	38	45	50	53	57	61	67	70	74	77	80	88	/
1A_NB	4	a	24	29	34	42	49	53	57	61	65	72	76	80	84	88	95	100
1A_NB	4	d	25	30	36	44	50	55	59	62	67	74	77	82	86	89	96	/
1A_NB	5	a	31	35	41	48	54	59	63	67	72	79	83	88	92	97	104	109
1A_NB	5	d	32	37	42	49	56	60	64	69	74	81	85	90	94	99	105	/
1A_NB	6	a	46	51	57	64	70	73	77	80	85	92	96	102	106	110	117	122
1A_NB	6	d	47	53	59	65	71	74	78	82	87	94	98	104	107	112	118	/
1A_NB	7	a	67	72	79	88	94	99	104	108	112	117	121	126	129	134	142	150
1A_NB	7	d	69	74	81	90	96	101	106	110	113	119	123	128	131	136	144	/
1A_NB	8	a	96	101	106	114	120	125	130	134	138	143	146	150	152	156	165	170
1A_NB	8	d	97	102	108	116	122	127	132	136	139	144	147	151	153	157	166	/
1A_NB	9	a	123	128	134	141	146	151	156	159	162	168	171	175	177	181	189	195
1A_NB	9	d	124	130	136	143	148	153	157	160	163	169	172	176	178	182	190	/
1A_NB	10	a	135	140	144	150	156	160	164	169	173	179	183	188	190	194	202	208
1A_NB	10	d	136	141	145	152	158	161	166	170	174	181	185	189	191	196	204	/
1A_NB	11	a	141	146	150	157	163	168	172	177	181	186	190	195	198	202	210	216
1A_NB	11	d	142	147	151	159	165	169	174	178	182	188	192	197	200	204	212	/
1A_NB	12	a	166	171	178	185	191	196	200	204	208	213	216	220	223	226	232	237
1A_NB	12	d	168	173	179	186	193	197	201	205	209	214	217	221	224	227	233	/
1A_NB	13	a	179	184	189	197	202	206	211	216	220	225	228	233	235	238	244	249
1A_NB	13	d	181	185	190	198	204	208	213	218	221	226	229	234	236	239	245	/
1A_NB	14	a	184	189	194	201	207	211	216	221	225	230	233	238	240	243	251	256
1A_NB	14	d	186	190	195	203	209	213	218	223	226	231	234	239	241	244	252	/
1A_NB	15	a	198	203	209	214	219	222	226	229	234	240	244	248	252	256	264	271
1A_NB	15	d	199	204	210	215	220	223	227	231	236	242	245	250	254	257	266	/
1A_NB	16	a	216	220	225	233	239	243	247	250	254	260	264	268	272	275	283	289
1A_NB	16	d	217	221	227	234	240	244	248	251	256	262	265	270	273	277	284	/
1A_NB	17	a	239	243	249	255	261	265	269	273	276	281	284	289	292	296	305	310
1A_NB	17	d	240	244	250	256	262	266	270	274	277	282	285	290	293	297	306	/
1A_NB	18	a	244	248	254	261	268	272	276	280	283	288	292	297	300	305	313	318
1A_NB	18	d	245	249	256	263	269	273	277	281	284	290	293	298	302	307	314	/
1A_NB	19	a	249	253	259	266	273	278	283	287	292	296	299	304	307	311	318	324
1A_NB	19	d	250	254	261	268	275	280	285	289	293	297	300	305	308	312	319	/
1A_NB	20	a	258	262	268	274	280	285	289	293	297	301	305	310	313	317	327	333
1A_NB	20	d	259	263	269	276	282	286	291	294	298	302	306	311	314	319	328	/
1A_NB	21	a	268	272	279	288	293	298	302	305	308	314	317	322	325	328	337	344
1A_NB	21	d	269	273	281	289	295	299	303	306	310	315	319	323	326	330	339	/
1A_NB	22	a	273	277	284	292	298	303	307	310	313	319	322	327	330	333	342	349
1A_NB	22	d	274	278	286	294	300	304	308	311	315	320	324	328	331	335	344	/
1A_NB	23	a	279	283	290	298	304	308	312	315	319	324	327	332	334	338	347	353
1A_NB	23	d	280	285	292	300	305	309	313	316	320	325	329	333	336	340	349	/
1A_NB	24	a	285	289	296	304	309	313	317	321	325	330	333	338	340	344	352	358
1A_NB	24	d	286	291	298	305	310	314	318	322	326	331	334	339	342	346	354	/
1A_NB	25	a	290	294	301	310	315	318	322	326	330	334	338	343	345	349	357	363
1A_NB	25	d	291	296	303	311	316	319	323	327	331	336	339	344	347	351	359	/
1A_NB	26	a	295	299	306	315	320	323	327	331	334	339	343	348	351	354	362	369
1A_NB	26	d	296	301	308	316	321	324	328	332	336	341	344	349	352	356	364	/
1A_NB	27	a	300	305	311	320	325	328	333	336	339	344	348	352	356	359	368	374
1A_NB	27	d	301	306	313	321	326	330	334	337	341	346	349	354	357	361	369	/
1A_NB	28	a	305	310	316	324	330	334	338	341	344	351	354	358	361	365	373	379
1A_NB	28	d	306	311	318	326	331	335	339	342	346	352	355	359	362	366	374	/
1A_NB	29	a	320	324	330	339	344	348	352	356	360	365	368	373	377	381	388	394
1A_NB	29	d	321	326	332	340	345	349	354	357	361	366	370	375	378	383	390	/
1A_NB	30	a	342	345	352	360	366	371	376	380	385	391	395	401	405	410	418	425
1A_NB	30	d	343	347	354	362	368	373	378	382	386	393	397	403	407	412	420	/
1A_NB	31	a	353	357	364	372	377	381	385	388	392	397	401	407	410	415	423	430
1A_NB	31	d	354	359	366	373	378	382	386	389	393	399	403	409	412	417	425	/
1A_NB	32	a	365	369	376	385	390	394	399	402	407	414	417	421	424	429	437	444
1A_NB	32	d	366	371	377	386	391	396	400	404	409	415	418	422	425	431	439	/
2A_NB	1	a	4	8	15	19	21	24	31	34	38	46	49	54	56	59	62	68	72	75	79	83	92	96
2A_NB	1	d	5	9	17	20	22	25	32	35	39	47	50	55	58	60	63	69	73	76	80	84	93	/
2A_NB	2	a	9	13	20	24	26	29	36	39	43	50	54	59	62	64	67	73	77	80	84	88	97	101
2A_NB	2	d	10	14	22	25	27	31	37	40	45	52	55	60	63	65	68	75	78	81	85	90	98	/
2A_NB	3	a	14	17	25	29	32	35	41	44	48	55	59	64	67	69	72	78	82	85	89	93	102	106
2A_NB	3	d	15	19	27	30	33	36	42	46	50	57	60	65	68	70	73	80	83	86	90	95	103	/
2A_NB	4	a	19	22	30	34	37	40	46	49	53	60	64	69	72	74	78	84	87	90	94	98	107	110
2A_NB	4	d	20	24	32	35	38	41	47	51	55	62	65	70	73	75	79	85	88	91	95	100	108	/
2A_NB	5	a	24	27	35	39	42	45	51	54	58	65	69	74	77	79	83	89	92	95	99	103	111	115
2A_NB	5	d	25	29	37	40	43	46	52	56	60	67	70	75	78	80	84	90	93	96	100	105	113	/
2A_NB	6	a	37	40	46	49	52	57	64	67	71	78	81	87	90	93	97	103	106	110	115	119	127	130
2A_NB	6	d	38	42	47	50	54	59	65	69	73	79	82	88	92	94	98	104	108	112	117	121	128	/
2A_NB	7	a	42	45	51	55	59	64	70	74	78	85	89	96	99	101	106	112	115	118	122	126	134	138
2A_NB	7	d	43	47	53	57	61	66	72	76	79	87	91	97	100	103	107	113	116	119	123	128	136	/
2A_NB	8	a	53	56	61	64	66	70	75	80	84	92	97	103	106	109	113	119	122	126	130	134	141	144
2A_NB	8	d	54	57	62	65	67	71	77	82	86	94	98	104	107	110	114	120	123	127	131	135	142	/
2A_NB	9	a	58	61	66	69	71	75	82	86	90	98	103	110	114	117	121	126	129	133	137	141	148	151
2A_NB	9	d	59	62	67	70	72	77	83	88	92	100	105	112	115	118	122	127	130	134	138	142	149	/
2A_NB	10	a	69	73	78	80	83	87	93	97	100	107	110	117	121	123	127	132	135	139	142	146	153	156
2A_NB	10	d	70	74	79	81	84	88	94	98	101	108	112	119	122	124	128	133	136	140	143	147	154	/
2A_NB	11	a	74	77	84	86	89	92	98	102	105	113	116	122	126	128	132	137	142	146	149	152	159	162
2A_NB	11	d	75	79	85	87	90	93	99	103	106	114	117	124	127	129	133	139	143	147	150	154	160	/
2A_NB	12	a	79	82	89	92	95	99	105	110	113	122	126	132	136	139	143	149	153	157	161	164	172	177
2A_NB	12	d	80	84	90	93	97	100	107	111	115	123	128	134	138	140	144	150	154	159	162	166	174	/
2A_NB	13	a	88	91	98	101	105	108	114	119	122	130	134	139	142	144	148	154	159	163	166	170	177	182
2A_NB	13	d	89	93	99	103	106	110	116	120	124	131	135	140	143	145	149	156	160	164	168	171	179	/
2A_NB	14	a	117	120	126	129	133	137	144	148	151	160	163	169	172	174	177	182	186	190	194	198	206	209
2A_NB	14	d	118	122	128	131	135	138	145	149	152	161	164	170	173	175	178	183	187	191	195	199	207	/
2A_NB	15	a	131	134	140	143	146	150	155	159	163	172	176	182	185	187	191	197	201	205	210	214	224	228
2A_NB	15	d	132	135	142	145	148	151	157	160	164	173	177	183	186	188	192	199	203	207	211	216	225	/
2A_NB	16	a	158	161	168	171	174	178	186	189	193	201	204	209	212	214	218	224	229	234	238	242	249	252
2A_NB	16	d	159	163	170	173	176	180	187	190	194	202	205	210	213	215	219	226	231	235	240	243	250	/
2A_NB	17	a	163	166	173	176	179	183	191	194	198	205	209	214	217	220	224	229	234	239	243	247	254	257
2A_NB	17	d	164	168	175	178	181	185	192	195	199	207	210	215	219	221	225	231	236	241	245	248	255	/
2A_NB	18	a	172	176	183	186	188	191	198	202	206	213	217	223	226	229	232	237	241	246	249	253	260	263
2A_NB	18	d	173	178	184	187	189	192	199	203	207	215	219	224	227	230	233	238	243	247	251	254	261	/
2A_NB	19	a	189	192	199	203	205	209	216	221	225	232	235	241	244	248	253	259	264	267	271	275	283	288
2A_NB	19	d	190	194	201	204	207	211	218	222	227	233	236	243	246	250	254	261	265	268	273	276	285	/
2A_NB	20	a	201	204	210	214	217	222	228	233	237	243	247	254	258	260	264	270	276	280	284	288	295	299
2A_NB	20	d	202	206	212	215	219	223	230	235	238	244	249	256	259	261	266	272	278	281	285	290	296	/
2A_NB	21	a	230	234	239	242	245	249	256	259	263	273	276	283	286	288	292	300	303	307	311	315	324	328
2A_NB	21	d	231	235	241	244	247	251	257	261	265	274	277	284	287	290	294	301	305	309	313	317	325	/
2A_NB	22	a	260	264	269	271	274	278	284	287	291	298	302	308	312	314	318	323	328	332	336	339	348	352
2A_NB	22	d	261	265	270	273	276	280	285	289	293	299	303	310	313	316	319	325	330	334	337	341	349	/
2A_NB	23	a	276	279	285	289	291	295	302	305	308	316	320	327	331	334	337	343	347	350	353	357	363	367
2A_NB	23	d	277	280	287	290	293	297	303	306	310	318	321	329	333	335	339	344	348	351	354	358	364	/
2A_NB	24	a	293	296	300	304	307	311	319	323	328	335	339	345	347	350	354	360	365	369	373	377	386	390
2A_NB	24	d	294	297	302	305	309	313	320	325	330	337	341	346	349	352	356	362	367	371	375	379	388	/
2A_NB	25	a	318	322	328	331	334	338	343	348	352	359	363	368	372	375	380	386	390	395	399	402	411	415
2A_NB	25	d	319	323	329	332	335	339	345	349	353	360	364	370	374	377	381	388	392	396	400	404	412	/
2A_NB	26	a	348	351	357	361	363	367	373	377	381	388	393	398	402	405	409	415	420	425	428	433	441	445
2A_NB	26	d	349	352	359	362	365	368	374	379	383	390	394	400	404	407	411	417	422	426	430	434	442	/
2A_NB	27	a	378	381	388	390	392	396	402	406	410	419	422	428	431	435	439	445	450	454	458	462	470	474
2A_NB	27	d	379	382	389	391	394	397	404	407	411	420	424	430	433	436	441	447	452	456	460	464	472	/
2A_NB	28	a	408	411	417	420	422	426	432	435	440	447	451	457	461	463	467	474	479	483	488	492	500	504
2A_NB	28	d	409	412	418	421	423	427	433	437	441	449	453	459	462	465	469	476	480	485	489	494	502	/
2A_NB	29	a	438	441	447	449	451	454	460	464	469	477	481	487	491	494	497	504	508	513	517	522	530	535
2A_NB	29	d	439	442	448	450	452	455	461	466	471	479	483	489	492	495	499	506	510	515	519	524	532	/
2A_NB	30	a	464	468	474	477	480	484	490	493	498	507	511	518	520	522	527	534	539	542	546	549	557	561
2A_NB	30	d	465	469	475	479	481	485	491	495	500	508	512	519	521	524	529	536	540	543	547	550	558	/
2A_NB	31	a	494	497	503	507	509	514	520	523	528	536	540	545	549	552	557	565	568	571	574	578	586	589
2A_NB	31	d	495	499	505	508	511	515	521	525	530	538	541	547	551	554	559	566	569	572	576	580	587	/
2A_NB	32	a	514	517	523	527	529	533	541	545	549	559	564	571	573	576	581	587	592	595	599	602	610	613
2A_NB	32	d	515	519	525	528	530	535	542	547	551	561	566	572	575	578	582	589	593	597	600	604	611	/
2A_SB	1	a	24	27	35	39	43	46	51	57	61	65	69	72	77	81	87	91	95	100	103	106	109	112	122	128
2A_SB	1	d	25	28	37	41	44	48	53	59	63	67	70	73	78	82	88	92	96	101	104	107	110	113	124	/
2A_SB	2	a	49	52	58	62	67	70	73	79	82	85	88	91	97	102	109	113	118	126	129	133	137	142	153	159
2A_SB	2	d	50	53	59	64	69	71	74	80	83	86	89	93	99	104	111	115	120	127	131	135	139	143	154	/
2A_SB	3	a	55	58	67	72	77	80	83	89	92	96	101	105	111	115	120	123	128	135	138	142	145	149	163	169
2A_SB	3	d	56	60	69	74	79	81	85	91	94	98	102	106	112	116	121	125	129	136	139	143	146	151	165	/
2A_SB	4	a	65	69	77	81	86	89	94	100	103	108	111	114	120	124	128	131	135	141	144	148	151	155	168	174
2A_SB	4	d	67	70	78	83	88	91	96	102	105	109	112	115	121	125	129	132	136	142	145	149	152	156	170	/
2A_SB	5	a	77	81	92	95	99	101	105	112	116	120	124	127	132	136	141	144	147	153	156	159	164	168	180	185
2A_SB	5	d	79	83	93	96	100	102	106	114	117	122	125	128	133	137	142	145	148	154	157	161	165	169	181	/
2A_SB	6	a	91	95	103	106	110	112	115	122	125	129	132	135	142	146	152	155	160	166	170	174	178	182	195	201
2A_SB	6	d	93	96	104	107	111	113	116	123	126	130	133	137	144	148	153	157	162	168	172	176	180	184	196	/
2A_SB	7	a	104	106	112	116	120	124	128	134	137	140	144	148	154	158	165	169	173	179	182	185	188	191	203	209
2A_SB	7	d	105	107	113	117	122	126	129	135	138	141	145	149	156	160	167	170	174	180	183	186	189	192	204	/
2A_SB	8	a	116	118	124	129	132	136	139	145	148	151	155	159	165	169	174	177	181	187	190	193	198	201	214	219
2A_SB	8	d	117	119	126	130	134	137	141	146	149	153	157	160	166	170	175	178	182	188	191	195	199	202	215	/
2A_SB	9	a	124	126	133	137	141	143	147	152	155	158	161	164	171	176	182	186	190	196	199	202	206	209	222	227
2A_SB	9	d	125	127	134	138	142	145	148	153	156	159	162	166	173	178	184	187	191	197	200	203	207	210	223	/
2A_SB	10	a	131	133	141	144	148	150	154	161	165	169	172	175	181	185	191	194	198	205	208	211	215	219	233	238
2A_SB	10	d	132	135	142	145	149	152	156	163	167	170	173	176	182	186	192	195	199	206	209	212	217	221	234	/
2A_SB	11	a	141	143	150	153	158	160	163	169	171	174	177	180	186	191	198	201	206	213	215	218	222	225	237	243
2A_SB	11	d	142	144	151	155	159	161	164	170	172	175	178	182	188	193	199	203	207	214	216	219	223	226	239	/
2A_SB	12	a	153	155	161	165	168	170	173	180	183	186	190	193	198	201	207	210	213	219	221	224	227	231	243	248
2A_SB	12	d	154	156	163	166	169	171	174	181	184	187	191	194	199	202	208	211	214	220	222	225	228	232	244	/
2A_SB	13	a	164	167	175	179	184	187	192	200	203	206	209	212	217	221	228	231	236	242	244	247	251	255	267	272
2A_SB	13	d	165	169	177	181	186	189	194	201	204	207	210	213	218	222	229	233	237	243	245	248	253	256	268	/
2A_SB	14	a	172	175	182	186	191	193	198	207	211	216	221	224	229	233	239	243	247	252	254	257	261	264	276	282
2A_SB	14	d	173	176	184	188	192	195	200	209	213	218	222	225	230	234	240	244	248	253	255	258	262	265	277	/
2A_SB	15	a	188	190	198	201	205	207	211	218	221	226	230	233	238	242	248	252	256	262	265	268	272	275	287	293
2A_SB	15	d	189	191	199	202	206	208	213	220	223	228	231	234	239	243	249	253	257	263	266	269	273	276	288	/
2A_SB	16	a	198	201	209	213	217	219	222	228	231	235	238	241	247	250	256	260	264	270	272	275	279	283	297	303
2A_SB	16	d	200	203	210	214	218	220	223	229	232	236	239	243	248	251	257	261	265	271	273	276	281	285	298	/
2A_SB	17	a	211	214	222	226	229	232	236	242	245	249	253	257	263	267	273	276	280	286	289	294	297	302	314	320
2A_SB	17	d	213	215	223	227	230	233	237	243	246	250	255	258	264	268	274	278	281	287	291	295	299	304	316	/
2A_SB	18	a	223	225	232	236	240	243	247	255	258	261	265	268	274	278	284	287	291	297	300	304	307	311	322	327
2A_SB	18	d	224	227	234	238	242	245	249	256	259	262	266	269	275	279	285	288	292	298	301	305	308	312	323	/
2A_SB	19	a	232	235	242	246	250	253	256	262	265	268	272	275	280	285	292	295	300	306	309	313	316	320	334	339
2A_SB	19	d	233	237	244	248	252	254	257	263	266	269	273	276	282	287	293	297	301	307	310	314	317	321	335	/
2A_SB	20	a	238	241	249	252	256	258	262	268	271	276	280	283	288	292	299	304	309	315	318	321	325	329	343	349
2A_SB	20	d	239	242	250	254	257	260	263	269	273	277	281	284	290	294	301	306	310	316	319	322	326	330	345	/
2A_SB	21	a	243	245	254	258	262	265	269	274	277	281	285	288	294	298	304	309	314	320	323	326	330	334	348	354
2A_SB	21	d	244	247	255	260	264	267	270	275	278	282	286	290	296	300	306	311	315	321	324	327	331	335	350	/
2A_SB	22	a	249	251	260	264	267	270	275	281	285	289	292	295	301	306	311	315	319	325	328	331	335	339	354	359
2A_SB	22	d	250	253	261	265	269	272	277	283	287	290	293	297	303	307	312	316	320	326	329	332	336	341	355	/
2A_SB	23	a	259	262	269	274	278	280	284	290	293	296	299	302	308	312	318	321	325	331	334	337	341	345	359	365
2A_SB	23	d	260	264	271	275	279	281	285	291	294	297	300	303	309	314	319	322	326	332	335	338	342	346	360	/
2A_SB	24	a	265	268	277	281	285	287	290	296	299	303	306	309	316	320	326	329	333	338	341	345	348	351	365	371
2A_SB	24	d	266	270	278	282	286	288	291	297	300	304	307	311	317	321	327	330	334	339	343	346	349	352	366	/
2A_SB	25	a	271	274	283	287	290	292	295	301	304	308	311	314	320	325	331	334	338	343	346	350	354	358	372	378
2A_SB	25	d	272	276	284	288	291	293	296	302	305	309	312	316	322	326	332	335	339	344	348	352	356	359	373	/
2A_SB	26	a	278	281	290	293	296	298	301	307	310	314	318	321	327	332	338	341	345	351	355	358	362	365	378	383
2A_SB	26	d	279	283	291	294	297	299	302	308	311	315	319	323	329	334	339	342	346	353	356	360	363	366	379	/
2A_SB	27	a	284	287	295	298	302	304	308	314	316	319	323	326	332	337	343	347	352	358	361	364	367	370	383	388
2A_SB	27	d	285	289	296	300	303	305	309	315	317	320	324	328	334	339	345	349	353	360	362	365	368	371	384	/
2A_SB	28	a	293	296	304	309	312	314	318	324	326	330	335	340	347	351	358	362	367	374	378	382	386	390	403	410
2A_SB	28	d	294	298	306	310	313	315	320	325	328	332	337	342	349	353	360	364	369	376	380	384	388	392	405	/
2A_SB	29	a	300	303	310	314	318	320	324	329	332	336	340	345	352	356	363	367	372	379	383	387	391	395	408	415
2A_SB	29	d	301	304	311	315	319	321	325	331	333	337	342	347	354	358	365	369	374	381	385	389	393	397	410	/
2A_SB	30	a	306	309	316	319	323	325	330	336	339	343	348	352	359	363	369	373	378	384	388	392	397	400	413	420
2A_SB	30	d	307	310	317	320	324	327	332	338	340	345	350	354	361	365	371	375	380	386	390	394	398	402	415	/
2A_SB	31	a	314	316	322	326	330	332	337	343	347	351	356	360	365	369	375	379	384	390	393	397	402	405	418	425
2A_SB	31	d	315	317	324	327	331	334	339	345	349	353	358	361	367	371	377	381	386	392	395	399	403	407	420	/
2A_SB	32	a	323	325	332	336	340	342	347	352	356	360	365	370	376	379	385	389	392	397	399	403	408	413	425	431
2A_SB	32	d	324	327	334	337	341	344	348	354	358	362	367	372	377	381	387	390	393	398	401	405	410	414	426	/
3A_SB	1	a	15	21	27	31	35	40	42	45	50	55	57	60	65	68	71	76	81	85
3A_SB	1	d	16	22	29	32	37	41	43	47	52	56	58	62	66	69	73	78	83	/
3A_SB	2	a	35	41	47	51	56	61	65	69	72	77	79	81	85	89	93	96	100	104
3A_SB	2	d	36	43	49	53	58	63	67	70	74	78	80	82	86	90	94	97	101	/
3A_SB	3	a	61	66	72	75	78	82	85	88	91	95	98	101	105	108	111	114	118	121
3A_SB	3	d	62	67	73	76	79	83	86	89	93	96	99	102	106	109	112	115	119	/
3A_SB	4	a	68	73	79	82	85	89	92	95	98	101	104	107	110	113	117	121	126	130
3A_SB	4	d	69	75	80	83	86	90	93	96	99	102	105	108	111	115	119	123	128	/
3A_SB	5	a	81	87	93	96	100	104	107	109	112	115	117	120	124	127	131	135	140	145
3A_SB	5	d	82	89	94	97	101	105	108	110	113	116	118	121	125	128	133	137	142	/
3A_SB	6	a	96	103	109	112	116	120	122	125	128	131	133	135	138	141	144	148	152	156
3A_SB	6	d	97	104	110	113	117	121	123	126	129	132	134	136	139	142	146	149	154	/
3A_SB	7	a	102	109	116	119	123	127	129	132	135	139	143	146	150	154	158	163	167	170
3A_SB	7	d	103	111	117	120	124	128	130	133	137	141	145	148	152	156	160	165	168	/
3A_SB	8	a	126	131	139	142	146	151	155	159	164	169	171	174	178	181	184	187	190	193
3A_SB	8	d	127	133	140	143	148	153	157	161	166	170	172	175	179	182	185	188	191	/
3A_SB	9	a	144	148	155	158	161	165	168	171	175	180	183	185	189	192	195	198	201	204
3A_SB	9	d	145	150	156	159	162	166	169	172	177	181	184	186	190	193	196	199	202	/
3A_SB	10	a	149	154	160	163	166	170	173	176	180	185	188	190	194	197	201	205	209	213
3A_SB	10	d	150	155	161	164	167	171	174	177	182	186	189	191	195	198	203	207	211	/
3A_SB	11	a	162	167	174	177	180	184	186	190	193	198	200	202	206	209	212	216	220	224
3A_SB	11	d	163	168	175	178	181	185	188	191	195	199	201	203	207	210	213	217	222	/
3A_SB	12	a	177	182	190	194	197	201	204	208	212	217	219	221	225	229	232	235	239	242
3A_SB	12	d	178	184	192	195	199	202	206	210	214	218	220	222	226	230	233	236	240	/
3A_SB	13	a	184	189	196	199	203	206	209	213	217	222	224	227	230	234	237	241	244	248
3A_SB	13	d	185	190	197	201	204	207	211	215	219	223	225	228	231	235	239	242	246	/
3A_SB	14	a	194	199	206	210	213	217	219	222	225	228	230	233	236	240	243	247	251	255
3A_SB	14	d	195	200	208	211	215	218	220	223	226	229	231	234	237	241	245	249	253	/
3A_SB	15	a	204	209	215	218	221	224	226	228	232	235	237	240	244	248	251	255	259	263
3A_SB	15	d	205	210	216	219	222	225	227	229	233	236	238	241	245	249	253	257	261	/
3A_SB	16	a	210	215	221	224	228	232	235	238	242	245	247	249	253	257	261	264	267	270
3A_SB	16	d	211	216	222	226	229	234	237	240	243	246	248	250	254	258	262	265	268	/
3A_SB	17	a	221	226	233	238	241	245	247	250	253	256	258	261	265	269	273	276	279	283
3A_SB	17	d	222	227	235	239	242	246	248	251	254	257	259	262	266	270	274	277	281	/
3A_SB	18	a	240	246	254	259	263	267	270	273	276	279	281	284	288	292	296	300	303	306
3A_SB	18	d	241	248	256	260	264	268	271	274	277	280	282	285	289	293	297	301	304	/
3A_SB	19	a	246	252	259	264	268	273	276	279	283	288	290	292	296	300	305	309	312	315
3A_SB	19	d	247	253	261	265	270	275	277	281	285	289	291	293	297	301	306	310	313	/
3A_SB	20	a	253	259	265	269	273	278	281	285	289	293	295	297	301	305	310	314	317	320
3A_SB	20	d	254	260	266	271	275	280	283	287	290	294	296	298	302	306	311	315	318	/
3A_SB	21	a	264	271	278	282	285	288	290	293	296	300	302	304	308	312	317	320	323	326
3A_SB	21	d	265	273	280	283	286	289	291	294	297	301	303	305	309	313	318	321	324	/
3A_SB	22	a	270	276	283	288	291	294	296	299	302	306	308	310	314	317	321	325	328	331
3A_SB	22	d	271	278	285	289	292	295	297	300	304	307	309	311	315	318	323	326	329	/
3A_SB	23	a	277	283	290	295	298	301	303	306	309	313	315	318	322	325	329	332	335	338
3A_SB	23	d	278	285	292	296	299	302	305	307	311	314	316	319	323	326	330	333	336	/
3A_SB	24	a	283	289	296	301	304	308	310	312	315	318	321	324	328	331	335	338	341	344
3A_SB	24	d	284	291	298	302	305	309	311	313	316	319	322	325	329	332	336	339	342	/
3A_SB	25	a	298	304	310	313	316	319	321	324	327	330	332	335	339	342	346	350	355	358
3A_SB	25	d	299	305	311	314	317	320	322	325	328	331	333	336	340	343	348	352	356	/
3A_SB	26	a	304	309	316	321	324	327	329	332	335	338	341	344	347	350	353	357	361	364
3A_SB	26	d	305	311	318	322	325	328	330	333	336	340	342	345	348	351	355	358	362	/
3A_SB	27	a	328	334	341	346	349	354	358	362	365	369	371	373	377	380	383	387	390	393
3A_SB	27	d	329	336	343	347	351	356	360	363	366	370	372	375	378	381	384	388	391	/
3A_SB	28	a	333	339	346	350	354	359	363	367	370	374	376	379	382	385	388	392	395	398
3A_SB	28	d	334	341	348	352	356	361	365	368	371	375	377	380	383	386	389	393	396	/
3A_SB	29	a	338	344	351	355	359	364	368	372	375	378	381	384	388	392	396	400	403	408
3A_SB	29	d	339	346	353	357	361	366	370	373	376	380	382	386	390	393	397	401	405	/
3A_SB	30	a	343	349	356	360	364	369	373	377	380	383	386	390	394	397	401	405	409	413
3A_SB	30	d	344	351	358	362	366	371	375	378	381	385	388	391	395	398	402	406	410	/
3A_SB	31	a	349	354	361	365	369	374	378	382	385	389	392	395	399	403	408	412	417	421
3A_SB	31	d	350	356	363	367	371	376	380	383	387	391	393	396	401	405	409	414	418	/
3A_SB	32	a	355	360	367	371	375	380	383	387	391	396	399	402	406	409	414	418	422	426
3A_SB	32	d	356	362	369	373	377	381	385	389	393	398	400	403	407	411	415	420	423	/
3A_NB	1	a	16	19	22	25	28	32	37	41	45	50	54	60	64	68	72	74	80	86	91
3A_NB	1	d	17	20	24	26	29	34	38	42	47	52	56	61	65	70	73	76	82	87	/
3A_NB	2	a	23	26	30	33	37	40	44	48	51	55	59	64	69	74	77	79	85	91	96
3A_NB	2	d	24	28	32	35	38	41	45	49	52	57	61	66	71	75	78	81	87	92	/
3A_NB	3	a	53	56	60	63	66	69	73	77	81	84	87	92	96	99	102	106	112	118	125
3A_NB	3	d	54	57	61	64	67	70	74	78	82	85	89	93	97	100	104	108	113	119	/
3A_NB	4	a	74	78	82	85	88	92	96	101	106	111	114	120	124	127	132	136	141	147	153
3A_NB	4	d	75	80	84	87	90	94	98	103	108	112	116	121	125	129	134	138	143	149	/
3A_NB	5	a	89	93	96	99	103	106	111	115	119	124	127	132	136	139	142	144	148	153	159
3A_NB	5	d	90	94	98	101	104	108	113	116	121	126	129	133	137	140	143	145	149	155	/
3A_NB	6	a	99	103	107	110	112	115	119	122	127	132	135	140	144	147	151	153	157	163	170
3A_NB	6	d	100	105	108	111	113	116	120	124	129	134	137	141	145	149	152	154	159	165	/
3A_NB	7	a	105	108	112	116	118	123	128	131	135	139	141	145	149	153	156	158	162	168	175
3A_NB	7	d	106	110	114	117	120	125	129	132	136	140	142	146	150	154	157	159	164	170	/
3A_NB	8	a	111	114	118	122	124	128	133	138	142	146	149	154	158	162	166	169	173	178	184
3A_NB	8	d	112	116	120	123	125	130	135	139	143	148	150	155	159	164	167	170	174	180	/
3A_NB	9	a	128	131	135	139	142	146	150	155	160	165	168	174	178	183	187	190	195	201	206
3A_NB	9	d	129	133	137	141	144	148	152	157	162	167	170	175	180	185	189	192	197	202	/
3A_NB	10	a	133	136	141	145	148	153	158	163	168	172	175	181	185	189	193	197	201	206	212
3A_NB	10	d	134	138	143	147	150	155	160	165	170	174	177	182	186	191	195	198	202	208	/
3A_NB	11	a	138	142	147	150	154	159	164	168	173	177	180	185	190	194	198	202	207	212	217
3A_NB	11	d	139	144	148	152	156	161	165	170	175	179	182	187	191	196	200	204	208	213	/
3A_NB	12	a	148	152	156	160	164	169	173	178	183	186	189	193	197	200	203	207	212	217	222
3A_NB	12	d	149	154	158	162	166	171	175	180	184	187	190	194	198	201	205	209	213	218	/
3A_NB	13	a	166	170	173	175	179	182	185	189	193	196	199	203	206	209	212	215	219	224	229
3A_NB	13	d	167	171	174	177	180	183	187	190	194	197	200	204	207	210	213	216	220	225	/
3A_NB	14	a	172	176	180	184	187	191	195	200	205	209	212	218	222	225	228	231	235	240	245
3A_NB	14	d	173	178	182	186	189	193	197	202	207	211	214	219	223	226	229	232	236	241	/
3A_NB	15	a	194	197	200	204	208	212	215	220	224	229	233	239	242	245	249	252	256	261	266
3A_NB	15	d	195	198	202	206	210	213	217	222	226	231	235	240	243	246	250	253	257	262	/
3A_NB	16	a	222	226	230	232	234	237	241	246	249	254	257	263	267	270	274	277	283	289	294
3A_NB	16	d	223	228	231	233	235	239	243	247	251	256	259	264	268	272	276	279	285	290	/
3A_NB	17	a	231	234	237	239	242	247	252	257	261	266	269	274	278	281	284	287	293	298	303
3A_NB	17	d	232	235	238	240	244	249	254	258	263	268	270	275	279	282	285	288	294	299	/
3A_NB	18	a	250	253	257	259	263	267	272	277	280	284	288	292	297	301	306	310	316	322	327
3A_NB	18	d	251	255	258	261	265	269	274	278	282	286	289	294	299	303	308	312	318	323	/
3A_NB	19	a	255	259	262	265	269	274	277	282	286	291	295	300	304	308	313	316	321	327	332
3A_NB	19	d	256	260	264	267	271	275	279	284	288	293	297	301	305	310	314	318	323	328	/
3A_NB	20	a	263	267	270	272	275	280	284	289	294	299	302	307	311	315	319	322	326	332	337
3A_NB	20	d	264	268	271	274	277	282	286	291	296	301	304	308	312	316	320	323	328	333	/
3A_NB	21	a	269	272	276	278	281	285	290	295	300	304	307	312	316	320	324	327	331	337	342
3A_NB	21	d	270	273	277	280	282	287	292	297	302	306	309	313	317	321	325	328	333	338	/
3A_NB	22	a	275	278	282	284	286	291	296	301	305	309	312	317	321	325	329	332	337	342	347
3A_NB	22	d	276	279	283	285	288	293	298	303	307	311	314	318	322	326	330	333	338	343	/
3A_NB	23	a	280	283	287	289	292	297	302	307	311	315	318	323	327	331	334	338	343	348	353
3A_NB	23	d	281	284	288	291	294	299	304	309	313	317	320	324	328	332	336	339	344	349	/
3A_NB	24	a	286	289	294	297	300	304	309	314	318	323	326	331	334	337	340	343	348	353	358
3A_NB	24	d	287	291	296	299	302	306	311	316	320	325	328	332	335	338	341	344	349	354	/
3A_NB	25	a	291	294	299	302	306	309	314	319	323	328	332	337	340	343	346	349	354	359	364
3A_NB	25	d	292	296	301	304	307	311	316	321	325	330	333	338	341	344	347	350	355	360	/
3A_NB	26	a	296	299	304	307	311	315	319	324	328	333	337	342	345	348	351	354	359	364	369
3A_NB	26	d	297	301	306	309	313	317	321	326	330	335	338	343	346	349	352	355	360	365	/
3A_NB	27	a	301	304	309	312	316	321	324	329	333	338	342	347	350	353	356	359	364	369	374
3A_NB	27	d	302	306	311	314	318	322	326	331	335	340	343	348	351	354	357	360	365	370	/
3A_NB	28	a	307	310	315	318	321	326	329	334	338	343	347	352	355	358	361	364	369	374	380
3A_NB	28	d	308	312	317	320	323	327	331	336	340	345	348	353	356	359	362	365	370	375	/
3A_NB	29	a	312	315	320	323	326	331	334	339	343	348	352	357	360	364	368	371	376	381	387
3A_NB	29	d	313	317	322	325	328	332	336	341	345	350	353	358	361	365	369	372	377	382	/
3A_NB	30	a	317	320	325	328	332	335	339	344	348	353	357	362	365	369	373	376	380	386	392
3A_NB	30	d	318	322	327	330	333	337	341	346	350	355	358	363	366	370	374	377	382	387	/
3A_NB	31	a	322	325	330	333	337	340	344	349	353	358	361	366	370	374	377	381	385	391	396
3A_NB	31	d	323	327	332	335	338	342	346	351	355	360	363	368	371	375	379	382	387	392	/
3A_NB	32	a	328	331	335	338	342	345	350	354	358	363	366	371	375	378	382	386	390	396	401
3A_NB	32	d	329	333	337	340	343	347	351	356	360	365	368	373	376	380	384	387	392	397	/
