RouteID	RunID	Arrivals/Departures	TimePerStop
1A_SB	1	a	5	11	19	23	28	33	36	41	45	49	52	56	60	70	75	79
1A_SB	1	d	6	12	21	25	29	35	37	42	46	50	53	57	61	71	77	/
1A_SB	2	a	35	40	49	52	56	63	66	71	75	78	81	84	88	97	102	105
1A_SB	2	d	36	42	51	54	58	65	67	72	76	79	82	86	89	98	103	/
1A_SB	3	a	54	59	68	70	73	78	81	85	88	91	95	100	103	111	116	121
1A_SB	3	d	55	61	69	71	74	79	82	86	89	92	97	101	105	113	118	/
1A_SB	4	a	60	65	74	77	81	87	90	95	99	103	107	111	115	123	128	132
1A_SB	4	d	61	67	76	78	82	88	91	96	100	104	109	113	117	124	129	/
1A_SB	5	a	67	72	81	84	89	96	99	104	107	112	116	119	122	130	135	139
1A_SB	5	d	68	74	83	86	91	98	100	105	109	113	117	120	124	131	136	/
1A_SB	6	a	77	83	94	97	101	108	111	115	118	122	125	128	131	138	142	146
1A_SB	6	d	78	85	96	99	103	110	112	116	119	123	126	129	132	139	143	/
1A_SB	7	a	85	91	100	103	106	113	116	120	125	128	131	135	139	147	151	155
1A_SB	7	d	86	93	102	104	108	115	117	122	126	129	133	137	140	148	152	/
1A_SB	8	a	98	104	111	113	117	123	125	129	133	136	139	142	145	153	157	162
1A_SB	8	d	99	105	112	114	118	124	126	130	134	137	140	143	146	154	159	/
1A_SB	9	a	106	110	118	121	125	131	133	137	141	145	148	151	154	163	167	172
1A_SB	9	d	107	112	120	122	126	132	134	139	142	146	149	152	155	164	169	/
1A_SB	10	a	117	121	128	130	134	140	143	147	150	153	156	160	163	172	176	181
1A_SB	10	d	118	122	129	131	135	141	144	148	151	154	157	161	164	173	178	/
1A_SB	11	a	121	127	134	136	139	145	149	154	159	162	165	169	172	179	184	189
1A_SB	11	d	123	128	135	137	140	147	151	156	160	163	166	170	173	180	186	/
1A_SB	12	a	127	133	143	145	149	155	157	162	166	169	173	178	181	190	195	199
1A_SB	12	d	129	135	144	147	151	156	159	163	167	170	175	179	182	191	196	/
1A_SB	13	a	134	140	149	152	156	161	163	167	170	174	178	183	187	196	201	206
1A_SB	13	d	136	141	150	153	157	162	164	168	172	175	180	184	188	197	203	/
1A_SB	14	a	159	166	175	178	182	187	189	194	197	200	204	207	212	222	227	231
1A_SB	14	d	161	167	176	180	183	188	190	195	198	201	205	209	213	223	228	/
1A_SB	15	a	166	171	181	183	187	192	194	198	202	206	211	215	221	232	238	242
1A_SB	15	d	167	173	182	185	188	193	195	200	204	208	213	217	223	234	240	/
1A_SB	16	a	180	185	195	199	203	209	212	217	221	225	229	232	237	249	254	258
1A_SB	16	d	181	186	197	201	205	210	214	219	222	226	230	234	239	251	255	/
1A_NB	1	a	17	21	28	37	43	47	51	55	59	64	67	72	75	80	89	97
1A_NB	1	d	18	22	30	38	45	48	52	56	60	65	68	73	77	81	91	/
1A_NB	2	a	22	26	33	42	49	52	57	61	64	69	72	77	80	85	94	102
1A_NB	2	d	23	27	35	44	50	54	58	62	65	70	73	78	82	86	96	/
1A_NB	3	a	31	37	42	51	58	63	68	72	76	81	85	91	95	99	106	114
1A_NB	3	d	33	38	44	53	60	64	70	74	77	83	87	93	96	100	108	/
1A_NB	4	a	38	44	50	58	66	70	75	78	82	88	92	97	101	106	113	120
1A_NB	4	d	40	45	52	60	67	71	76	80	84	90	94	99	103	108	114	/
1A_NB	5	a	47	53	59	65	73	77	82	86	89	95	99	104	106	111	118	125
1A_NB	5	d	49	54	60	67	74	79	84	87	90	97	101	105	108	113	119	/
1A_NB	6	a	66	72	78	87	92	96	99	102	105	110	114	118	120	124	131	137
1A_NB	6	d	68	74	80	88	93	97	100	103	106	111	115	119	121	125	132	/
1A_NB	7	a	74	79	84	92	97	101	105	109	113	118	122	127	130	134	141	148
1A_NB	7	d	76	80	85	94	98	103	107	110	114	119	123	128	131	135	142	/
1A_NB	8	a	84	88	93	99	103	107	112	115	119	125	128	133	136	141	149	155
1A_NB	8	d	85	89	94	100	104	109	113	116	120	126	129	134	138	143	150	/
1A_NB	9	a	95	99	105	113	118	122	126	129	132	139	142	147	150	155	163	169
1A_NB	9	d	96	101	107	114	119	123	127	130	134	140	144	148	152	157	165	/
1A_NB	10	a	122	126	134	142	147	151	155	158	161	168	171	176	179	183	192	199
1A_NB	10	d	123	128	136	144	149	153	156	159	163	169	172	178	180	184	194	/
1A_NB	11	a	134	140	146	153	158	162	166	170	175	182	187	191	194	198	209	214
1A_NB	11	d	136	141	147	154	160	164	168	172	177	184	188	192	195	200	210	/
1A_NB	12	a	164	169	175	182	188	192	197	201	205	211	216	221	223	228	238	244
1A_NB	12	d	166	170	176	184	190	193	198	202	207	213	217	222	224	230	240	/
1A_NB	13	a	175	180	186	194	199	204	208	213	217	224	228	232	234	239	247	253
1A_NB	13	d	177	182	188	195	201	205	210	214	219	226	229	233	236	240	249	/
1A_NB	14	a	189	195	201	209	215	219	223	227	231	238	241	246	249	254	261	267
1A_NB	14	d	191	196	202	210	216	220	225	229	232	239	243	248	251	256	263	/
1A_NB	15	a	218	223	229	237	242	247	252	256	260	266	270	275	278	283	291	298
1A_NB	15	d	219	225	230	238	244	249	254	258	262	268	272	277	280	285	293	/
1A_NB	16	a	246	252	259	266	272	275	279	284	289	294	298	304	307	312	321	328
1A_NB	16	d	248	254	260	268	273	276	281	286	290	296	300	306	309	314	323	/
2A_NB	1	a	4	7	12	15	18	22	27	30	34	42	45	51	53	55	58	64	67	71	74	77	83	87
2A_NB	1	d	5	8	13	16	19	23	28	31	35	43	46	52	54	56	59	65	68	72	75	78	84	/
2A_NB	2	a	9	12	17	20	23	27	32	35	39	47	50	56	58	60	64	70	73	77	80	83	89	93
2A_NB	2	d	10	13	18	21	24	28	33	36	40	48	51	57	59	61	65	71	75	78	81	84	90	/
2A_NB	3	a	14	17	23	26	29	33	38	41	45	53	56	62	64	66	70	76	80	83	86	89	96	100
2A_NB	3	d	15	18	24	27	30	34	39	42	46	54	57	63	65	67	71	77	81	84	87	90	97	/
2A_NB	4	a	19	22	28	31	34	38	43	46	49	58	61	67	69	71	75	81	85	88	91	94	101	105
2A_NB	4	d	20	23	29	32	35	39	44	47	51	59	62	68	70	72	76	82	86	89	92	95	102	/
2A_NB	5	a	24	27	33	36	39	43	48	51	54	63	67	73	75	77	80	86	90	94	98	101	108	112
2A_NB	5	d	25	28	34	37	40	44	49	52	56	64	68	74	76	78	81	87	91	95	99	102	109	/
2A_NB	6	a	29	32	38	41	44	48	55	59	63	69	74	79	81	83	86	93	97	102	106	110	119	123
2A_NB	6	d	30	33	39	42	46	50	57	61	64	71	75	80	82	84	88	94	99	103	107	111	120	/
2A_NB	7	a	34	37	44	48	51	55	62	65	69	76	80	85	87	90	95	102	107	111	114	118	127	131
2A_NB	7	d	35	39	46	50	53	57	63	67	71	77	81	86	89	92	97	104	109	112	115	119	128	/
2A_NB	8	a	40	43	49	53	56	60	67	71	75	83	88	95	98	100	104	110	114	117	120	124	134	137
2A_NB	8	d	41	44	51	55	58	62	69	73	77	85	90	96	99	101	105	111	115	118	121	125	135	/
2A_NB	9	a	49	52	58	61	65	69	76	81	85	93	97	103	106	109	112	119	123	126	130	134	142	146
2A_NB	9	d	50	53	59	63	67	71	78	83	87	95	98	104	107	110	114	120	124	127	131	135	144	/
2A_NB	10	a	55	58	64	67	70	74	82	87	91	99	102	108	112	115	118	124	129	133	137	141	150	154
2A_NB	10	d	56	60	65	68	72	76	84	89	92	100	103	110	113	116	119	126	131	135	139	143	152	/
2A_NB	11	a	67	70	75	79	82	85	93	97	100	109	113	120	122	125	128	134	138	141	145	148	156	159
2A_NB	11	d	68	71	77	80	83	87	94	98	102	110	114	121	124	126	129	136	139	143	146	149	157	/
2A_NB	12	a	82	86	94	98	102	106	113	118	122	132	135	142	145	148	152	157	162	166	169	173	180	184
2A_NB	12	d	83	88	96	100	104	108	115	119	124	133	137	143	146	150	153	159	164	167	170	174	181	/
2A_NB	13	a	110	113	119	123	126	130	136	140	143	151	156	163	166	170	174	182	187	192	196	200	209	214
2A_NB	13	d	111	114	121	125	128	131	138	141	145	153	157	165	168	171	176	184	189	194	197	202	211	/
2A_NB	14	a	135	138	143	147	150	154	161	166	170	177	182	187	190	193	198	205	209	212	215	219	229	233
2A_NB	14	d	136	139	145	149	152	156	163	168	172	179	183	189	192	195	200	207	210	213	217	221	230	/
2A_NB	15	a	164	167	173	177	180	184	190	193	197	206	211	217	220	224	228	234	238	242	246	250	257	261
2A_NB	15	d	165	169	175	179	182	186	191	195	199	208	212	218	222	225	229	236	240	243	247	251	259	/
2A_NB	16	a	192	195	201	204	207	211	218	222	226	232	235	242	245	249	253	260	264	268	273	277	285	289
2A_NB	16	d	193	196	202	206	208	213	220	223	227	233	237	244	247	250	255	261	266	270	275	278	286	/
2A_SB	1	a	17	19	27	32	35	38	42	50	53	57	62	66	72	76	84	88	91	98	101	105	109	113	123	129
2A_SB	1	d	18	21	29	33	37	39	44	51	55	59	64	67	73	78	86	89	92	99	102	106	110	114	124	/
2A_SB	2	a	27	29	35	39	42	45	49	57	61	65	70	73	79	83	90	94	97	104	107	111	115	120	129	136
2A_SB	2	d	28	30	36	40	44	47	51	59	63	67	71	74	80	84	91	95	98	105	108	112	117	121	131	/
2A_SB	3	a	47	50	57	61	65	68	72	79	81	84	88	91	96	99	105	108	112	120	123	127	131	134	145	150
2A_SB	3	d	48	52	59	63	67	70	74	80	82	85	89	92	97	100	106	109	113	121	124	128	132	135	146	/
2A_SB	4	a	55	58	66	69	73	77	81	88	92	96	100	104	109	113	120	123	126	132	135	139	143	148	158	163
2A_SB	4	d	56	60	67	71	75	79	83	90	94	98	101	105	110	114	121	124	127	133	136	140	145	150	159	/
2A_SB	5	a	63	66	73	78	82	86	90	98	102	106	110	113	118	122	129	132	135	140	143	147	151	156	166	172
2A_SB	5	d	64	67	75	80	84	88	92	100	104	108	111	114	120	123	130	133	136	141	144	148	153	158	168	/
2A_SB	6	a	79	82	88	92	95	97	101	108	111	114	117	120	126	129	136	140	144	149	152	155	160	165	177	183
2A_SB	6	d	81	83	89	93	96	98	102	109	112	115	118	121	127	130	137	141	145	150	153	157	162	167	179	/
2A_SB	7	a	91	95	101	105	108	111	114	121	124	127	130	133	140	145	150	153	158	164	166	170	174	178	192	197
2A_SB	7	d	93	96	102	106	109	112	115	122	125	128	131	135	142	146	151	155	159	165	167	171	176	180	193	/
2A_SB	8	a	102	106	114	118	121	123	127	133	136	139	142	145	151	154	161	164	167	172	174	179	182	186	199	204
2A_SB	8	d	104	108	116	119	122	125	129	134	137	140	143	146	152	155	162	165	168	173	176	180	183	187	200	/
2A_SB	9	a	109	112	120	125	130	133	136	141	144	147	150	153	159	163	170	173	176	181	183	186	189	193	206	211
2A_SB	9	d	111	114	122	127	132	134	137	142	145	148	151	154	161	164	171	174	177	182	184	187	190	194	207	/
2A_SB	10	a	119	121	128	132	136	139	143	148	151	155	159	162	168	171	178	182	187	193	195	199	203	206	220	225
2A_SB	10	d	120	122	129	133	138	141	144	149	153	157	160	163	169	173	180	184	188	194	196	200	204	207	221	/
2A_SB	11	a	124	126	133	137	142	145	149	156	158	161	164	167	173	176	183	187	192	198	201	205	209	213	224	231
2A_SB	11	d	125	127	134	139	144	147	151	157	159	162	165	169	174	178	185	189	193	199	202	206	211	215	226	/
2A_SB	12	a	130	132	140	145	149	152	156	162	165	169	173	176	181	184	190	193	197	203	207	212	216	220	231	238
2A_SB	12	d	131	134	142	146	150	153	157	164	167	170	174	177	182	185	191	194	199	205	209	214	218	222	233	/
2A_SB	13	a	141	143	149	154	158	161	165	172	175	178	182	185	191	194	199	202	205	210	213	217	221	225	239	245
2A_SB	13	d	142	144	151	155	159	162	166	173	176	180	183	186	192	195	200	203	206	212	215	219	223	227	240	/
2A_SB	14	a	150	153	161	166	169	171	175	182	185	189	192	195	200	203	208	211	215	221	224	227	231	236	249	255
2A_SB	14	d	151	155	163	167	170	172	176	183	186	190	193	196	201	204	209	212	216	223	225	229	233	237	250	/
2A_SB	15	a	165	167	174	178	183	185	189	195	198	202	205	208	213	217	223	226	230	237	240	244	249	253	267	272
2A_SB	15	d	166	168	175	180	184	186	190	196	199	203	206	209	214	219	224	227	232	239	242	246	250	255	268	/
2A_SB	16	a	187	189	195	199	203	205	208	215	218	223	226	231	238	242	249	254	259	266	270	274	278	283	295	303
2A_SB	16	d	188	190	196	200	204	206	210	216	220	224	228	233	240	244	251	256	261	268	272	276	280	285	297	/
3A_SB	1	a	7	13	21	24	28	32	36	40	43	47	50	53	58	61	66	70	73	75
3A_SB	1	d	8	14	22	25	29	34	38	41	45	49	52	55	59	63	67	71	74	/
3A_SB	2	a	29	35	42	46	50	55	58	62	66	71	74	76	79	82	85	89	92	95
3A_SB	2	d	30	37	44	48	52	57	60	64	68	72	75	77	80	83	87	90	93	/
3A_SB	3	a	43	49	55	58	61	65	67	70	73	78	81	83	86	89	93	97	100	103
3A_SB	3	d	44	51	56	59	62	66	68	71	75	79	82	84	87	90	94	98	101	/
3A_SB	4	a	60	65	71	75	79	82	84	86	91	96	98	101	104	108	112	116	119	122
3A_SB	4	d	61	67	73	77	80	83	85	88	93	97	99	102	105	109	113	117	120	/
3A_SB	5	a	69	74	80	84	87	90	92	94	98	102	104	106	110	114	118	122	125	128
3A_SB	5	d	70	75	81	85	88	91	93	95	99	103	105	107	111	115	120	123	126	/
3A_SB	6	a	75	79	86	90	94	98	100	102	106	110	112	114	118	122	125	129	133	138
3A_SB	6	d	76	81	87	91	95	99	101	103	107	111	113	115	120	123	127	131	135	/
3A_SB	7	a	84	88	96	100	105	109	112	116	120	125	127	130	133	136	140	145	148	152
3A_SB	7	d	85	90	97	102	107	111	114	118	122	126	128	131	134	137	142	146	150	/
3A_SB	8	a	104	109	116	119	123	127	130	133	136	141	144	147	152	157	162	166	170	174
3A_SB	8	d	105	111	117	120	124	128	132	134	138	143	145	149	154	159	164	168	172	/
3A_SB	9	a	120	126	133	136	140	143	146	149	153	158	160	162	166	169	173	177	181	184
3A_SB	9	d	121	127	134	137	141	144	147	150	155	159	161	163	167	170	175	179	182	/
3A_SB	10	a	125	131	138	141	146	150	154	157	162	167	169	172	176	179	183	186	190	193
3A_SB	10	d	126	132	139	143	148	152	156	159	164	168	170	173	177	180	184	187	191	/
3A_SB	11	a	132	138	145	149	154	158	162	164	168	172	174	177	181	184	188	191	195	199
3A_SB	11	d	133	140	147	151	156	160	163	165	169	173	175	178	182	185	189	192	196	/
3A_SB	12	a	144	149	155	159	163	167	171	173	177	181	183	185	188	191	195	198	201	205
3A_SB	12	d	145	150	157	160	165	169	172	174	178	182	184	186	189	192	196	199	202	/
3A_SB	13	a	153	157	163	166	170	174	178	180	185	191	193	195	199	203	206	209	212	216
3A_SB	13	d	154	158	164	168	172	176	179	182	187	192	194	196	200	204	207	210	214	/
3A_SB	14	a	161	165	172	177	181	184	187	191	196	200	202	204	208	212	215	218	222	225
3A_SB	14	d	162	167	174	179	182	185	189	193	197	201	203	205	209	213	216	220	223	/
3A_SB	15	a	176	182	189	193	196	201	204	206	209	212	214	216	219	223	226	231	235	239
3A_SB	15	d	177	184	190	194	198	202	205	207	210	213	215	217	220	224	228	233	237	/
3A_SB	16	a	184	189	195	199	203	208	211	214	218	222	224	227	232	237	241	245	250	254
3A_SB	16	d	185	190	196	201	205	210	212	216	220	223	226	229	234	239	243	247	252	/
3A_NB	1	a	28	32	36	40	43	47	51	56	61	65	69	74	79	83	88	92	98	103	109
3A_NB	1	d	29	34	38	42	45	49	53	58	63	67	71	76	81	85	90	93	99	105	/
3A_NB	2	a	57	61	65	68	71	74	77	81	85	89	92	97	102	105	109	112	116	121	127
3A_NB	2	d	58	62	67	69	72	75	79	83	87	90	93	99	103	107	111	113	118	122	/
3A_NB	3	a	72	75	80	83	87	91	95	100	105	109	113	118	122	126	129	132	136	143	149
3A_NB	3	d	73	77	82	85	89	93	97	102	107	111	115	119	123	127	130	133	138	144	/
3A_NB	4	a	87	90	94	97	101	105	109	114	119	124	127	132	136	139	143	146	151	156	161
3A_NB	4	d	88	92	96	99	103	107	111	116	121	126	129	133	137	140	144	147	152	157	/
3A_NB	5	a	97	100	104	107	111	115	119	124	128	132	134	138	142	145	149	151	157	162	168
3A_NB	5	d	98	102	106	109	113	117	121	125	129	133	135	139	143	146	150	152	158	164	/
3A_NB	6	a	102	105	109	112	116	120	125	129	133	137	139	143	147	150	154	156	162	167	174
3A_NB	6	d	103	107	111	114	118	122	126	130	134	138	140	144	148	151	155	157	163	169	/
3A_NB	7	a	107	111	115	117	121	125	130	135	138	142	145	150	153	157	161	164	168	173	180
3A_NB	7	d	108	113	116	119	123	127	132	136	139	144	147	151	154	158	163	165	169	175	/
3A_NB	8	a	118	122	126	128	131	135	139	143	146	150	153	158	161	165	168	172	176	182	187
3A_NB	8	d	119	124	127	129	133	136	140	144	147	151	154	159	162	166	170	173	178	183	/
3A_NB	9	a	130	133	137	139	141	144	148	152	155	159	163	169	172	176	179	181	186	190	195
3A_NB	9	d	131	135	138	140	142	145	149	153	156	161	165	170	173	177	180	182	187	191	/
3A_NB	10	a	136	140	144	147	150	155	160	165	169	173	176	182	185	189	193	195	199	203	209
3A_NB	10	d	137	142	146	149	152	157	162	167	171	175	178	183	186	191	194	196	200	204	/
3A_NB	11	a	149	152	155	157	159	164	168	173	177	181	185	191	194	198	201	203	208	214	221
3A_NB	11	d	150	153	156	158	161	166	170	175	179	183	187	192	195	199	202	205	210	215	/
3A_NB	12	a	158	161	164	166	169	172	175	179	183	188	192	198	201	205	208	211	216	221	228
3A_NB	12	d	159	162	165	167	170	173	176	181	185	190	194	199	202	206	210	212	217	222	/
3A_NB	13	a	172	175	179	182	185	189	193	198	202	206	208	214	217	220	223	225	230	235	241
3A_NB	13	d	173	176	181	184	187	190	195	200	204	207	210	215	218	221	224	226	231	237	/
3A_NB	14	a	188	191	197	199	201	204	208	213	216	221	224	230	234	238	242	244	248	254	260
3A_NB	14	d	189	193	198	200	202	205	210	214	218	223	226	232	236	240	243	245	249	255	/
3A_NB	15	a	193	196	201	204	206	209	213	218	221	226	229	235	239	243	247	249	253	259	265
3A_NB	15	d	194	198	203	205	207	210	215	219	223	228	231	237	241	245	248	250	254	260	/
3A_NB	16	a	198	202	207	209	213	217	222	226	230	235	237	242	245	249	252	255	260	265	272
3A_NB	16	d	199	204	208	211	215	219	223	228	232	236	238	243	247	250	254	257	261	267	/
