RouteID	RunID	Arrivals/Departures	TimePerStop
1A_SB	1	a	11	14	18	27	31	34	40	43	46	49	53	57	65	70	77
1A_SB	1	d	12	15	19	28	32	35	41	44	47	50	55	58	67	72	/
1A_SB	2	a	21	25	29	39	43	48	55	60	64	67	70	73	84	87	94
1A_SB	2	d	22	26	31	41	45	50	57	61	65	68	71	75	85	89	/
1A_SB	3	a	51	55	59	68	73	77	84	88	91	94	98	103	111	114	120
1A_SB	3	d	52	56	61	70	75	79	85	89	92	95	100	104	112	115	/
1A_SB	4	a	69	74	79	90	95	100	107	111	116	120	124	128	139	143	151
1A_SB	4	d	71	76	81	92	97	102	109	113	118	121	125	129	140	144	/
1A_SB	5	a	86	91	95	104	107	111	118	121	125	129	133	137	147	151	159
1A_SB	5	d	88	92	96	105	109	112	119	122	126	130	135	138	148	152	/
1A_SB	6	a	99	103	107	118	122	126	133	138	142	146	149	153	163	167	175
1A_SB	6	d	101	104	109	120	123	127	135	139	143	147	151	155	165	169	/
1A_SB	7	a	117	121	126	136	139	143	150	155	160	163	167	171	180	184	192
1A_SB	7	d	119	123	127	137	140	144	152	157	161	165	169	172	181	185	/
1A_SB	8	a	128	133	137	145	148	152	158	163	167	170	173	176	185	190	198
1A_SB	8	d	130	135	138	146	149	154	160	164	168	171	174	177	187	191	/
1A_SB	9	a	136	141	145	153	156	160	165	168	172	175	178	181	191	196	204
1A_SB	9	d	138	143	146	154	157	161	166	169	173	176	179	182	193	198	/
1A_SB	10	a	141	146	150	160	163	167	173	176	180	184	187	190	200	203	210
1A_SB	10	d	143	148	151	161	164	169	174	177	181	185	188	191	201	204	/
1A_SB	11	a	146	151	155	166	169	173	178	181	185	189	192	195	205	209	219
1A_SB	11	d	148	153	157	167	170	174	179	182	186	190	193	197	207	211	/
1A_SB	12	a	154	158	162	173	176	180	185	190	195	199	204	209	218	222	232
1A_SB	12	d	155	160	164	174	177	181	187	192	197	201	206	211	220	224	/
1A_SB	13	a	174	178	182	190	193	197	203	207	210	213	217	220	228	231	240
1A_SB	13	d	175	179	183	191	194	199	204	208	211	214	218	221	229	233	/
1A_SB	14	a	190	193	197	205	209	212	217	221	225	228	231	234	243	248	254
1A_SB	14	d	191	194	198	206	210	213	218	222	226	229	232	236	245	249	/
1A_SB	15	a	200	204	208	216	219	222	228	234	237	240	243	247	257	262	270
1A_SB	15	d	202	205	209	217	220	224	230	235	238	241	245	249	259	264	/
1A_SB	16	a	206	210	214	223	226	230	236	241	244	247	250	253	263	268	276
1A_SB	16	d	208	211	215	224	227	231	237	242	245	248	251	255	265	270	/
1A_SB	17	a	218	223	227	237	241	244	250	253	256	259	263	267	277	282	289
1A_SB	17	d	220	224	228	238	242	246	251	254	257	260	265	269	279	283	/
1A_SB	18	a	237	241	245	256	259	263	269	273	277	281	284	287	296	299	307
1A_SB	18	d	238	243	246	257	260	264	270	274	278	282	285	288	297	300	/
1A_SB	19	a	244	249	253	263	267	271	277	281	285	289	292	295	304	307	315
1A_SB	19	d	246	251	255	265	268	273	278	282	286	290	293	296	305	308	/
1A_SB	20	a	250	255	259	269	273	277	283	287	291	295	298	301	309	312	321
1A_SB	20	d	252	256	261	270	274	279	284	288	292	296	299	302	310	314	/
1A_SB	21	a	258	262	266	275	279	283	288	292	297	301	305	310	318	321	329
1A_SB	21	d	260	263	267	276	280	284	290	294	298	302	307	311	319	322	/
1A_SB	22	a	263	267	272	280	284	288	294	297	302	305	310	315	325	328	336
1A_SB	22	d	265	269	273	281	285	289	295	299	303	307	312	316	326	329	/
1A_SB	23	a	269	273	277	286	290	294	300	304	309	312	316	320	330	334	340
1A_SB	23	d	270	274	279	288	291	295	301	306	310	313	318	321	331	335	/
1A_SB	24	a	275	279	283	291	295	300	305	310	315	320	324	327	337	341	347
1A_SB	24	d	276	280	284	293	297	302	307	312	317	321	325	328	338	342	/
1A_SB	25	a	283	287	292	304	307	311	315	320	324	329	333	336	346	349	356
1A_SB	25	d	284	289	294	305	308	312	317	321	326	330	334	338	347	350	/
1A_SB	26	a	291	295	300	309	312	316	322	326	330	335	339	342	351	355	363
1A_SB	26	d	292	297	302	310	313	317	323	327	332	336	340	343	353	357	/
1A_SB	27	a	296	300	305	314	318	322	328	332	335	340	344	348	358	361	367
1A_SB	27	d	297	302	307	316	319	323	329	333	337	341	345	349	359	362	/
1A_SB	28	a	301	305	310	319	323	327	333	337	340	345	348	353	363	366	372
1A_SB	28	d	302	307	312	321	324	328	334	338	342	346	350	354	364	367	/
1A_SB	29	a	306	310	315	326	329	332	338	342	345	349	353	358	368	371	377
1A_SB	29	d	307	312	317	327	330	333	339	343	347	351	355	359	369	372	/
1A_SB	30	a	311	315	320	331	334	337	343	347	351	355	359	364	374	378	385
1A_SB	30	d	312	317	322	332	335	338	344	348	353	357	361	366	375	379	/
1A_SB	31	a	316	320	325	336	339	342	348	351	356	360	364	369	379	383	390
1A_SB	31	d	317	322	327	337	340	343	349	353	358	362	366	371	380	384	/
1A_SB	32	a	322	326	331	340	344	347	352	356	361	365	369	374	383	388	395
1A_SB	32	d	323	328	333	342	345	348	354	358	363	367	371	376	385	389	/
1A_NB	1	a	4	14	17	26	31	34	37	41	44	49	52	56	65	69	73
1A_NB	1	d	5	15	18	27	32	35	38	42	45	50	53	57	66	70	/
1A_NB	2	a	9	19	22	31	36	40	43	48	51	56	59	63	70	74	78
1A_NB	2	d	10	20	23	32	38	41	45	49	52	57	60	64	71	75	/
1A_NB	3	a	14	25	28	37	42	45	49	53	56	61	65	69	76	81	85
1A_NB	3	d	15	26	29	38	43	46	50	54	57	62	66	70	78	82	/
1A_NB	4	a	19	30	34	44	50	53	57	61	66	72	77	80	88	93	98
1A_NB	4	d	20	32	36	46	51	54	58	63	68	74	78	81	90	95	/
1A_NB	5	a	48	57	61	71	78	82	86	91	94	100	103	107	118	123	127
1A_NB	5	d	49	59	63	73	80	83	88	92	95	101	104	109	120	124	/
1A_NB	6	a	76	87	91	102	108	112	116	119	122	128	131	134	145	148	153
1A_NB	6	d	78	88	93	103	109	113	117	120	123	129	132	135	146	150	/
1A_NB	7	a	88	98	103	113	120	124	127	131	134	139	143	147	159	163	167
1A_NB	7	d	89	100	104	115	121	125	128	132	135	141	145	149	161	165	/
1A_NB	8	a	100	109	112	124	130	135	140	144	148	153	158	162	171	175	179
1A_NB	8	d	102	110	114	126	132	137	142	146	149	155	160	164	173	177	/
1A_NB	9	a	109	120	124	137	144	147	151	155	158	165	169	173	181	185	189
1A_NB	9	d	111	122	126	139	145	148	152	156	160	167	171	174	183	186	/
1A_NB	10	a	133	143	146	157	162	166	170	174	178	184	188	192	202	207	211
1A_NB	10	d	134	144	148	158	163	167	171	175	179	186	190	194	204	209	/
1A_NB	11	a	157	169	173	183	188	191	194	198	202	206	209	213	223	226	230
1A_NB	11	d	159	170	174	184	189	192	195	199	203	207	210	214	224	227	/
1A_NB	12	a	165	174	178	188	193	196	200	204	208	212	216	220	230	233	238
1A_NB	12	d	167	175	179	189	194	197	201	205	209	213	217	221	231	235	/
1A_NB	13	a	184	193	197	208	213	217	221	226	230	238	242	245	253	257	261
1A_NB	13	d	186	195	198	209	214	218	223	228	232	240	243	246	255	258	/
1A_NB	14	a	196	206	209	219	225	228	231	235	238	244	247	250	258	262	266
1A_NB	14	d	198	207	210	220	226	229	232	236	240	245	248	251	260	263	/
1A_NB	15	a	208	217	221	231	236	239	242	246	250	255	258	262	271	275	279
1A_NB	15	d	210	218	222	232	237	240	243	247	251	256	259	263	272	276	/
1A_NB	16	a	213	222	226	238	245	249	253	258	262	269	272	275	283	288	293
1A_NB	16	d	215	223	228	240	247	251	255	260	263	270	273	276	285	290	/
1A_NB	17	a	227	236	239	247	254	257	260	264	267	274	277	280	288	293	298
1A_NB	17	d	229	237	240	249	255	258	261	265	268	275	278	281	290	295	/
1A_NB	18	a	232	241	244	253	259	262	265	269	272	279	283	287	295	299	303
1A_NB	18	d	234	242	246	255	260	263	266	270	274	281	285	288	296	300	/
1A_NB	19	a	239	248	251	259	265	269	272	276	280	286	289	292	300	304	308
1A_NB	19	d	240	249	252	261	267	270	273	278	281	287	290	293	301	305	/
1A_NB	20	a	245	255	258	267	272	276	280	285	289	294	297	300	309	313	317
1A_NB	20	d	247	256	260	268	274	278	282	287	290	295	298	302	310	314	/
1A_NB	21	a	273	283	286	295	301	306	310	313	318	323	326	329	339	343	347
1A_NB	21	d	275	284	287	296	303	307	311	315	319	324	327	330	340	344	/
1A_NB	22	a	279	289	292	302	308	312	317	321	325	331	334	338	349	352	356
1A_NB	22	d	281	290	294	304	309	314	318	322	327	332	336	340	350	353	/
1A_NB	23	a	288	298	301	310	315	318	322	326	330	337	341	344	354	358	363
1A_NB	23	d	289	299	302	311	316	319	323	327	332	339	342	346	356	360	/
1A_NB	24	a	302	314	318	328	334	337	341	346	351	357	360	363	372	377	381
1A_NB	24	d	303	316	320	329	335	338	343	348	353	358	361	364	374	378	/
1A_NB	25	a	327	338	342	353	359	363	367	370	373	378	381	385	394	399	403
1A_NB	25	d	328	340	344	355	360	364	368	371	374	379	382	386	395	400	/
1A_NB	26	a	335	343	347	358	364	368	372	375	378	384	387	391	400	405	409
1A_NB	26	d	336	345	349	360	365	369	373	376	379	385	388	392	401	406	/
1A_NB	27	a	340	348	352	363	369	373	377	380	383	389	392	396	405	409	414
1A_NB	27	d	341	350	354	365	370	374	378	381	384	390	393	397	406	411	/
1A_NB	28	a	345	353	357	368	374	378	381	385	388	394	397	401	410	414	419
1A_NB	28	d	346	355	359	370	375	379	383	386	389	395	398	402	411	416	/
1A_NB	29	a	350	358	362	373	379	383	386	390	394	400	403	407	415	419	424
1A_NB	29	d	351	360	364	375	380	384	388	391	395	401	404	408	416	421	/
1A_NB	30	a	355	363	367	378	384	388	391	396	400	406	410	414	422	425	429
1A_NB	30	d	356	365	369	380	385	389	393	397	401	407	411	415	423	426	/
1A_NB	31	a	360	369	372	383	389	392	396	401	405	411	415	419	427	430	434
1A_NB	31	d	361	370	374	385	390	394	398	402	406	412	416	420	428	431	/
1A_NB	32	a	365	374	377	388	393	397	401	406	410	416	420	423	432	435	439
1A_NB	32	d	366	375	379	390	395	399	403	407	411	417	421	425	433	436	/
2A_NB	1	a	4	7	12	15	19	24	27	30	39	42	48	51	54	58	63	65	68	72
2A_NB	1	d	5	8	13	16	20	25	28	31	40	43	49	52	55	59	64	66	70	/
2A_NB	2	a	9	12	17	21	25	30	34	37	46	50	55	58	62	67	73	76	79	82
2A_NB	2	d	10	13	18	22	26	31	35	38	47	51	56	60	64	69	75	77	80	/
2A_NB	3	a	14	18	24	28	32	38	42	45	54	58	63	65	68	73	78	81	84	87
2A_NB	3	d	15	19	25	29	33	39	43	46	55	59	64	66	70	75	80	82	85	/
2A_NB	4	a	19	23	29	32	36	43	47	51	60	63	68	70	73	78	83	86	89	93
2A_NB	4	d	20	24	30	34	38	44	48	52	61	64	69	71	75	80	85	87	90	/
2A_NB	5	a	24	28	34	37	41	48	51	56	65	68	73	75	78	83	88	92	96	100
2A_NB	5	d	25	29	35	39	43	49	53	57	66	69	74	76	80	85	90	93	97	/
2A_NB	6	a	30	33	38	42	46	52	56	61	71	74	80	82	85	89	94	97	101	105
2A_NB	6	d	31	35	40	44	48	54	58	62	72	75	81	83	86	90	95	98	102	/
2A_NB	7	a	40	43	47	50	54	60	64	68	79	84	90	92	96	100	105	108	112	116
2A_NB	7	d	41	44	48	51	56	61	65	70	81	85	91	94	97	101	106	109	114	/
2A_NB	8	a	56	60	66	70	74	79	83	86	95	99	106	109	112	116	121	124	128	132
2A_NB	8	d	57	62	68	72	75	81	84	88	96	101	107	110	113	117	122	125	129	/
2A_NB	9	a	75	78	84	88	93	100	105	109	118	123	129	133	137	142	148	151	154	158
2A_NB	9	d	76	80	86	90	95	102	107	111	120	125	131	135	139	144	150	152	155	/
2A_NB	10	a	104	108	115	118	122	129	133	137	147	151	158	161	164	169	175	178	182	187
2A_NB	10	d	105	110	116	120	124	130	135	139	148	152	159	162	166	171	177	180	184	/
2A_NB	11	a	134	138	144	148	153	158	163	167	176	180	187	190	194	199	206	209	212	217
2A_NB	11	d	135	140	146	150	154	160	165	169	177	182	189	192	196	200	207	210	214	/
2A_NB	12	a	163	167	174	178	182	188	192	197	205	209	216	220	224	229	235	238	243	247
2A_NB	12	d	164	169	176	180	184	190	194	199	207	211	218	222	226	230	237	240	244	/
2A_NB	13	a	193	197	204	208	211	217	221	224	234	238	243	246	249	253	260	262	267	270
2A_NB	13	d	194	199	206	209	212	219	222	226	236	239	244	247	250	255	261	264	268	/
2A_NB	14	a	218	221	228	232	236	242	245	249	260	264	269	272	275	279	285	288	293	298
2A_NB	14	d	219	223	230	233	238	243	246	251	261	265	271	273	276	281	286	290	294	/
2A_NB	15	a	230	233	239	243	247	253	257	260	269	272	278	280	284	288	295	299	303	306
2A_NB	15	d	231	235	241	244	248	255	258	261	270	274	279	282	285	290	297	301	304	/
2A_NB	16	a	235	238	244	248	252	258	262	266	276	280	286	289	293	298	304	306	309	312
2A_NB	16	d	236	240	246	249	253	260	264	268	278	282	288	291	295	300	305	307	310	/
2A_NB	17	a	240	244	249	253	258	264	268	273	281	285	292	295	299	304	310	313	318	322
2A_NB	17	d	241	245	251	255	260	266	270	275	283	287	294	297	301	306	312	315	319	/
2A_NB	18	a	245	249	254	258	263	269	273	278	286	291	298	301	304	309	315	319	323	327
2A_NB	18	d	246	250	256	260	265	271	275	280	288	293	300	303	306	311	317	320	324	/
2A_NB	19	a	250	254	261	264	268	275	278	283	291	296	303	306	309	314	320	324	328	333
2A_NB	19	d	251	255	262	265	270	276	280	285	293	298	305	308	311	316	322	325	330	/
2A_NB	20	a	264	268	274	277	281	287	290	294	301	305	311	313	315	319	325	329	333	338
2A_NB	20	d	265	270	275	278	282	288	291	295	302	306	312	314	316	321	327	331	335	/
2A_NB	21	a	269	273	279	283	287	292	295	299	308	313	319	321	323	328	335	339	343	348
2A_NB	21	d	270	275	281	285	288	293	296	301	310	315	320	322	325	330	337	341	345	/
2A_NB	22	a	274	278	284	289	292	297	300	305	313	318	324	326	329	333	340	344	349	353
2A_NB	22	d	275	280	286	290	293	298	301	306	315	320	325	328	331	335	342	346	350	/
2A_NB	23	a	284	287	293	297	300	305	309	314	322	327	333	337	340	344	350	353	358	362
2A_NB	23	d	285	288	294	298	301	306	310	315	324	329	335	339	342	346	352	355	360	/
2A_NB	24	a	314	317	322	325	328	333	336	339	348	352	357	361	364	369	375	378	384	387
2A_NB	24	d	315	318	323	326	329	334	337	340	349	353	359	363	366	371	377	380	385	/
2A_NB	25	a	320	323	329	332	337	343	346	349	358	362	369	373	376	380	385	387	393	397
2A_NB	25	d	321	325	330	334	339	344	347	351	360	364	371	375	377	381	386	389	394	/
2A_NB	26	a	340	343	349	353	358	364	367	371	378	381	388	391	394	398	403	405	408	412
2A_NB	26	d	341	345	350	355	360	365	368	372	379	382	390	392	395	399	404	406	409	/
2A_NB	27	a	364	367	373	377	380	385	389	393	402	406	412	416	420	424	432	434	438	442
2A_NB	27	d	365	369	375	378	381	387	391	395	404	408	414	418	422	426	433	435	439	/
2A_NB	28	a	388	391	397	401	406	412	417	422	431	436	442	446	450	454	460	463	468	472
2A_NB	28	d	389	393	399	403	408	414	419	424	433	438	444	448	452	456	462	465	469	/
2A_NB	29	a	415	419	424	429	432	439	444	448	458	462	468	471	474	479	485	488	493	497
2A_NB	29	d	416	420	426	430	434	441	446	450	459	463	470	473	476	481	487	490	495	/
2A_NB	30	a	445	448	454	459	462	468	473	477	486	491	497	499	503	508	515	518	523	528
2A_NB	30	d	446	450	456	460	464	470	475	479	488	493	498	501	505	510	517	520	525	/
2A_NB	31	a	475	478	484	488	493	499	503	507	516	521	527	529	532	537	544	546	551	557
2A_NB	31	d	476	480	486	490	494	500	505	508	518	523	528	530	534	539	545	548	553	/
2A_NB	32	a	503	506	512	516	519	525	529	533	543	547	553	556	560	564	570	574	578	582
2A_NB	32	d	504	508	514	517	520	526	531	535	545	548	555	558	562	565	572	576	580	/
2A_SB	1	a	22	25	29	33	40	43	47	51	54	59	64	69	72	77	83	86	90	93
2A_SB	1	d	23	27	31	35	41	44	49	52	56	61	65	70	74	78	84	87	91	/
2A_SB	2	a	50	54	58	63	69	72	77	80	83	89	93	99	103	106	111	114	118	122
2A_SB	2	d	51	56	60	65	71	74	78	81	84	91	95	100	104	107	112	116	120	/
2A_SB	3	a	63	68	72	77	83	86	90	93	96	101	104	109	112	116	121	125	128	131
2A_SB	3	d	65	70	74	78	85	88	91	94	97	102	105	110	113	117	122	126	129	/
2A_SB	4	a	77	81	84	87	93	97	102	105	108	114	118	125	128	132	138	142	146	149
2A_SB	4	d	79	82	85	88	95	99	103	106	110	116	120	126	130	133	140	144	147	/
2A_SB	5	a	90	94	96	99	105	107	110	113	116	122	126	133	138	142	148	151	155	160
2A_SB	5	d	92	95	97	100	106	108	111	114	118	123	128	135	139	143	149	152	157	/
2A_SB	6	a	98	101	103	107	113	116	119	123	126	131	135	141	145	149	154	157	161	165
2A_SB	6	d	99	102	105	109	115	117	121	124	127	132	136	142	146	150	155	158	162	/
2A_SB	7	a	108	112	115	118	123	125	128	131	134	140	144	150	154	157	162	165	170	174
2A_SB	7	d	109	113	116	120	124	126	129	132	135	141	145	151	155	158	163	167	172	/
2A_SB	8	a	122	125	129	132	136	138	141	144	147	153	157	162	167	170	176	180	184	188
2A_SB	8	d	123	127	130	133	137	139	142	145	148	154	158	164	168	171	177	181	186	/
2A_SB	9	a	130	133	136	140	145	147	151	154	157	163	167	173	177	180	185	189	193	196
2A_SB	9	d	131	134	138	141	146	149	152	155	158	164	168	175	178	181	186	190	194	/
2A_SB	10	a	137	140	144	148	153	156	159	162	165	171	175	181	184	187	192	196	200	203
2A_SB	10	d	138	142	146	149	154	157	160	163	166	172	176	182	185	188	193	197	201	/
2A_SB	11	a	145	149	151	155	161	165	170	173	177	183	186	192	196	200	206	209	213	216
2A_SB	11	d	147	150	153	157	163	167	171	174	178	184	187	194	197	201	207	210	214	/
2A_SB	12	a	163	168	171	176	182	186	190	194	199	207	211	217	222	226	232	235	239	242
2A_SB	12	d	165	170	173	178	184	188	192	196	201	209	213	219	223	227	233	236	240	/
2A_SB	13	a	177	182	184	188	193	196	200	204	208	215	219	225	229	233	239	242	245	248
2A_SB	13	d	179	183	185	189	194	197	201	205	210	217	221	227	230	234	240	243	246	/
2A_SB	14	a	183	188	191	195	201	205	210	213	217	223	226	232	235	239	245	248	251	254
2A_SB	14	d	185	190	192	196	203	207	211	214	218	224	227	233	236	240	246	249	252	/
2A_SB	15	a	197	201	203	207	213	217	222	225	228	233	237	244	248	252	258	261	265	269
2A_SB	15	d	199	202	204	208	215	219	223	226	229	234	239	245	249	253	259	262	266	/
2A_SB	16	a	204	208	210	214	220	224	229	232	235	240	244	250	255	259	265	269	272	275
2A_SB	16	d	206	209	212	216	222	226	230	233	236	241	246	252	256	260	267	270	273	/
2A_SB	17	a	210	215	218	221	227	230	234	237	240	245	250	256	260	264	270	275	279	283
2A_SB	17	d	212	216	219	223	228	231	235	238	242	247	252	257	261	265	272	277	281	/
2A_SB	18	a	219	223	227	230	235	238	242	246	249	253	257	264	268	272	279	283	286	291
2A_SB	18	d	220	225	228	231	236	240	243	247	250	254	259	265	269	273	280	284	288	/
2A_SB	19	a	227	231	235	239	245	248	251	255	258	263	266	272	276	280	287	290	294	298
2A_SB	19	d	228	233	237	241	246	249	252	256	259	264	267	273	277	281	288	291	295	/
2A_SB	20	a	237	241	245	248	253	256	260	264	267	273	278	283	287	291	299	302	307	311
2A_SB	20	d	238	243	246	249	254	257	261	265	269	275	280	284	288	293	300	304	308	/
2A_SB	21	a	242	246	250	253	258	261	265	269	272	279	284	290	295	300	306	309	313	317
2A_SB	21	d	243	248	251	254	259	262	266	270	274	281	286	292	297	301	307	310	314	/
2A_SB	22	a	257	261	264	268	273	275	278	281	284	290	293	299	303	306	312	315	319	323
2A_SB	22	d	258	263	266	269	274	276	279	282	285	291	295	300	304	307	313	316	321	/
2A_SB	23	a	262	266	269	273	279	281	284	287	290	296	300	306	310	313	319	322	326	330
2A_SB	23	d	263	268	271	274	280	282	285	288	291	298	302	307	311	314	320	323	328	/
2A_SB	24	a	267	271	275	278	284	286	290	293	296	302	306	311	315	319	326	329	332	335
2A_SB	24	d	268	273	276	279	285	288	291	294	297	303	307	312	316	320	327	330	333	/
2A_SB	25	a	275	279	282	285	291	293	296	299	302	308	312	317	320	324	331	334	337	340
2A_SB	25	d	276	280	283	286	292	294	297	300	303	309	313	318	321	325	332	335	338	/
2A_SB	26	a	279	284	288	291	297	299	303	307	310	317	320	326	329	333	339	343	348	351
2A_SB	26	d	281	286	289	292	298	300	304	308	312	318	321	327	330	335	341	345	349	/
2A_SB	27	a	284	289	293	296	302	305	309	313	316	324	328	334	337	341	346	349	353	356
2A_SB	27	d	286	291	294	297	303	306	310	314	318	326	330	335	338	342	347	350	354	/
2A_SB	28	a	297	302	305	308	313	316	320	324	328	335	339	344	348	352	358	361	365	368
2A_SB	28	d	299	303	306	309	314	317	321	325	329	336	340	345	349	353	359	362	366	/
2A_SB	29	a	302	306	310	313	318	320	325	329	332	339	344	349	353	357	363	368	372	375
2A_SB	29	d	304	308	311	314	319	322	326	330	334	341	345	350	354	358	365	369	373	/
2A_SB	30	a	308	311	315	318	323	326	331	334	338	344	348	354	358	362	369	373	377	381
2A_SB	30	d	309	313	316	319	325	328	332	336	339	346	350	355	359	363	370	374	378	/
2A_SB	31	a	313	316	320	323	328	332	336	340	344	350	354	359	362	366	374	377	381	386
2A_SB	31	d	314	318	321	324	330	334	338	342	346	352	355	360	364	368	375	379	383	/
2A_SB	32	a	318	322	325	328	333	337	341	345	350	356	359	366	370	374	380	383	387	391
2A_SB	32	d	319	323	326	329	335	339	343	347	352	357	360	368	372	376	381	385	388	/
3A_SB	1	a	9	15	18	23	26	30	35	40	44	47	51	54	59	62	66	71	74
3A_SB	1	d	10	16	19	24	27	32	37	42	45	48	52	55	60	63	67	72	/
3A_SB	2	a	31	37	41	48	51	55	58	63	67	71	74	78	84	88	94	99	104
3A_SB	2	d	32	38	42	49	52	56	60	65	69	72	76	80	86	90	95	101	/
3A_SB	3	a	45	51	55	61	64	68	72	76	80	83	87	90	94	98	103	108	112
3A_SB	3	d	46	52	56	62	65	69	73	78	81	85	88	91	95	99	104	109	/
3A_SB	4	a	62	67	70	76	80	84	88	91	94	97	101	104	109	112	117	122	126
3A_SB	4	d	63	68	72	78	81	85	89	92	95	98	102	105	110	113	118	123	/
3A_SB	5	a	67	72	76	82	86	90	94	99	103	108	113	116	121	124	128	134	138
3A_SB	5	d	68	74	78	84	87	92	96	101	105	110	114	117	122	125	129	136	/
3A_SB	6	a	72	77	82	88	93	98	102	107	111	116	121	123	128	131	135	140	143
3A_SB	6	d	73	79	84	90	95	100	104	109	113	118	122	124	129	132	136	141	/
3A_SB	7	a	88	94	99	106	111	115	120	125	129	134	138	141	145	149	153	158	161
3A_SB	7	d	89	96	101	108	112	117	122	127	131	136	139	142	146	150	154	159	/
3A_SB	8	a	103	108	113	120	125	128	132	137	142	147	151	153	158	162	166	171	176
3A_SB	8	d	104	110	114	122	126	130	134	139	144	149	152	154	159	163	167	173	/
3A_SB	9	a	132	138	143	150	154	157	161	164	167	170	173	176	180	184	187	192	196
3A_SB	9	d	133	140	144	152	155	158	162	165	168	171	174	177	181	185	188	193	/
3A_SB	10	a	151	156	160	166	170	173	177	180	184	187	191	194	198	201	204	210	213
3A_SB	10	d	152	157	161	167	171	174	178	181	185	188	192	195	199	202	205	211	/
3A_SB	11	a	164	169	173	179	182	186	189	192	196	200	203	205	209	213	216	221	225
3A_SB	11	d	165	170	175	180	183	187	190	193	197	201	204	206	210	214	217	223	/
3A_SB	12	a	169	174	179	185	189	193	196	199	202	206	209	212	216	220	223	228	231
3A_SB	12	d	170	176	180	187	190	194	197	200	203	207	210	213	217	221	224	229	/
3A_SB	13	a	182	188	191	197	200	203	207	210	214	218	222	225	229	232	236	242	246
3A_SB	13	d	183	189	192	198	201	204	208	211	215	219	223	226	230	233	237	244	/
3A_SB	14	a	187	193	197	203	206	210	215	220	225	229	232	234	238	241	245	250	253
3A_SB	14	d	188	195	198	204	208	212	217	222	226	230	233	235	239	242	246	251	/
3A_SB	15	a	192	198	202	208	211	215	220	225	230	235	239	242	246	250	254	259	263
3A_SB	15	d	193	200	203	209	213	217	222	227	232	237	240	243	247	251	255	261	/
3A_SB	16	a	213	218	223	229	232	235	239	243	246	250	253	256	260	264	268	273	278
3A_SB	16	d	214	220	225	230	233	236	240	244	247	251	254	257	261	265	269	275	/
3A_SB	17	a	222	227	232	237	240	244	248	252	255	259	262	265	269	273	277	282	286
3A_SB	17	d	223	229	233	238	241	245	249	253	256	260	263	266	270	274	278	283	/
3A_SB	18	a	227	232	237	242	246	250	255	258	263	268	271	274	278	282	286	291	295
3A_SB	18	d	228	234	238	243	247	252	256	260	265	269	272	275	279	283	287	293	/
3A_SB	19	a	233	238	242	247	251	255	260	264	269	273	276	280	284	287	291	296	300
3A_SB	19	d	234	239	243	248	252	257	262	266	271	274	278	281	285	288	292	298	/
3A_SB	20	a	242	247	252	258	263	267	272	276	280	284	288	290	295	298	302	307	310
3A_SB	20	d	243	249	254	260	264	269	274	278	282	286	289	291	296	299	303	308	/
3A_SB	21	a	254	260	263	270	274	278	281	284	287	291	294	296	301	305	308	313	316
3A_SB	21	d	255	261	265	271	275	279	282	285	288	292	295	297	302	306	309	314	/
3A_SB	22	a	266	272	277	283	287	290	293	296	299	302	305	308	312	316	319	324	328
3A_SB	22	d	267	274	279	285	288	291	294	297	300	303	306	309	313	317	320	325	/
3A_SB	23	a	271	278	282	288	292	295	298	303	307	311	314	316	321	324	327	332	336
3A_SB	23	d	272	279	284	290	293	296	300	305	309	312	315	317	322	325	328	333	/
3A_SB	24	a	277	284	289	294	298	301	305	309	312	316	320	322	327	330	333	339	344
3A_SB	24	d	278	286	290	296	299	302	306	310	314	318	321	323	328	331	334	341	/
3A_SB	25	a	283	290	295	300	305	309	313	317	321	325	328	330	334	338	341	347	350
3A_SB	25	d	284	292	296	302	306	310	314	318	322	326	329	331	335	339	342	348	/
3A_SB	26	a	290	295	300	306	310	314	318	322	326	330	333	335	339	343	346	352	356
3A_SB	26	d	291	297	301	307	311	315	319	323	327	331	334	336	340	344	348	354	/
3A_SB	27	a	296	301	306	313	317	320	325	329	332	337	340	342	346	350	353	359	363
3A_SB	27	d	297	303	308	314	318	322	326	330	334	338	341	343	347	351	355	360	/
3A_SB	28	a	302	307	311	318	322	325	330	333	337	342	345	347	352	356	359	364	368
3A_SB	28	d	303	308	313	319	323	327	331	335	339	343	346	348	353	357	360	365	/
3A_SB	29	a	307	312	316	324	328	331	335	338	342	347	350	352	357	361	365	370	374
3A_SB	29	d	308	313	318	325	329	332	336	340	344	348	351	353	358	362	366	371	/
3A_SB	30	a	312	317	321	329	332	337	341	344	348	351	355	357	362	366	370	375	378
3A_SB	30	d	313	319	323	330	334	338	342	345	349	353	356	358	363	367	371	376	/
3A_SB	31	a	320	325	328	335	338	343	347	351	355	358	361	364	368	372	376	381	385
3A_SB	31	d	321	326	329	336	340	344	348	352	356	359	363	365	369	373	377	383	/
3A_SB	32	a	330	336	340	345	350	353	356	360	363	368	371	374	380	384	387	392	395
3A_SB	32	d	331	337	341	347	351	354	357	361	365	369	373	376	382	385	388	393	/
3A_NB	1	a	16	19	23	28	33	37	41	45	49	55	58	60	62	65	68	71	75	79
3A_NB	1	d	17	21	25	30	35	39	43	46	50	56	59	61	63	66	69	72	76	/
3A_NB	2	a	45	48	52	57	61	66	70	73	77	82	85	88	90	94	97	100	104	109
3A_NB	2	d	46	50	54	59	63	68	72	75	78	83	86	89	91	95	98	101	106	/
3A_NB	3	a	60	63	66	70	73	77	81	84	87	92	96	99	101	105	108	111	115	119
3A_NB	3	d	61	64	67	71	74	78	82	85	88	93	97	100	102	106	109	112	116	/
3A_NB	4	a	68	71	75	80	85	89	93	96	101	106	110	112	115	120	124	128	133	137
3A_NB	4	d	69	73	77	82	86	91	95	98	102	107	111	114	117	122	126	130	134	/
3A_NB	5	a	81	84	88	92	97	101	105	108	112	118	122	125	128	132	135	139	143	147
3A_NB	5	d	82	85	89	94	99	103	107	110	113	119	123	126	129	133	137	141	145	/
3A_NB	6	a	87	90	95	100	105	110	114	116	120	126	129	132	135	139	144	147	151	155
3A_NB	6	d	88	92	97	102	107	112	115	118	121	127	130	133	137	141	145	149	153	/
3A_NB	7	a	96	99	104	109	114	119	123	126	131	137	141	144	146	149	152	155	159	162
3A_NB	7	d	97	101	106	111	116	121	125	128	132	138	142	145	147	150	153	156	160	/
3A_NB	8	a	106	109	114	118	122	126	129	131	136	143	148	151	154	158	162	165	169	172
3A_NB	8	d	107	111	115	120	123	127	130	133	138	145	150	153	156	160	163	166	170	/
3A_NB	9	a	118	121	126	131	135	140	144	147	152	157	161	163	165	169	173	176	180	184
3A_NB	9	d	119	123	128	133	137	142	146	149	153	158	162	164	167	171	174	177	181	/
3A_NB	10	a	133	136	141	146	149	153	157	160	166	171	174	176	178	181	184	187	190	194
3A_NB	10	d	134	138	143	147	150	155	159	162	167	172	175	177	179	182	185	188	191	/
3A_NB	11	a	152	156	160	165	168	172	175	178	182	187	191	193	195	199	203	207	210	214
3A_NB	11	d	153	158	162	166	169	173	176	179	183	188	192	194	196	200	204	208	211	/
3A_NB	12	a	171	174	179	184	188	192	196	199	204	209	213	215	218	221	225	228	231	235
3A_NB	12	d	172	176	181	186	190	194	198	201	205	210	214	216	219	222	226	229	232	/
3A_NB	13	a	181	185	189	194	197	201	205	208	213	219	223	225	227	231	235	239	243	248
3A_NB	13	d	182	186	191	195	199	203	207	210	214	220	224	226	228	232	237	241	245	/
3A_NB	14	a	188	192	197	202	206	209	214	217	222	228	232	235	237	241	245	248	251	255
3A_NB	14	d	189	194	199	204	207	211	216	219	223	229	233	236	238	242	246	249	252	/
3A_NB	15	a	197	201	205	210	214	219	224	228	233	238	242	244	246	250	254	258	261	264
3A_NB	15	d	198	203	207	212	216	221	226	230	234	239	243	245	247	251	255	259	262	/
3A_NB	16	a	213	217	221	226	230	233	238	241	244	250	254	256	258	262	267	272	276	279
3A_NB	16	d	214	218	223	228	231	235	239	242	245	251	255	257	259	264	269	274	277	/
3A_NB	17	a	219	223	227	233	237	241	245	249	253	259	263	265	267	271	275	278	281	284
3A_NB	17	d	220	225	229	235	239	243	247	251	255	260	264	266	268	272	276	279	282	/
3A_NB	18	a	224	228	232	238	242	247	250	254	259	264	268	270	274	278	282	285	288	291
3A_NB	18	d	225	230	234	240	244	248	252	256	260	265	269	272	276	279	283	286	289	/
3A_NB	19	a	230	234	237	243	247	252	255	259	264	269	273	276	280	284	288	291	295	299
3A_NB	19	d	231	235	239	245	249	253	257	261	265	270	275	278	282	285	289	293	297	/
3A_NB	20	a	239	242	246	251	255	260	264	267	272	277	281	283	286	289	294	297	300	305
3A_NB	20	d	240	244	248	253	257	262	265	269	273	278	282	284	287	291	295	298	302	/
3A_NB	21	a	244	247	251	256	260	265	269	272	277	282	286	288	290	294	299	302	307	311
3A_NB	21	d	245	249	253	258	262	267	271	274	278	283	287	289	292	296	300	304	308	/
3A_NB	22	a	253	256	260	264	268	272	276	279	284	291	296	298	300	304	308	312	316	319
3A_NB	22	d	254	257	261	266	269	274	278	281	286	293	297	299	302	306	310	313	317	/
3A_NB	23	a	265	269	273	277	280	283	286	288	292	298	302	306	309	312	315	318	321	324
3A_NB	23	d	266	270	274	278	281	284	287	289	293	299	304	308	310	313	316	319	322	/
3A_NB	24	a	270	274	278	282	286	289	293	296	301	308	312	315	318	321	324	327	330	334
3A_NB	24	d	271	275	279	284	287	291	295	298	302	309	313	316	319	322	325	328	331	/
3A_NB	25	a	275	279	283	287	291	295	299	302	306	314	319	321	324	327	330	333	337	341
3A_NB	25	d	276	280	284	289	293	297	301	304	308	316	320	322	325	328	331	334	338	/
3A_NB	26	a	283	287	292	297	301	306	310	313	317	322	326	329	331	335	338	341	345	349
3A_NB	26	d	284	289	294	299	303	308	312	315	318	323	328	330	332	336	339	342	346	/
3A_NB	27	a	305	309	313	318	321	324	327	329	333	338	342	345	347	350	353	357	362	365
3A_NB	27	d	306	311	315	319	322	325	328	330	334	339	343	346	348	351	355	359	363	/
3A_NB	28	a	329	333	337	341	346	351	355	358	363	368	371	373	375	378	381	385	388	391
3A_NB	28	d	330	335	339	343	348	353	357	360	364	369	372	374	376	379	382	386	389	/
3A_NB	29	a	339	343	348	351	355	359	362	364	368	373	376	379	382	385	388	392	396	399
3A_NB	29	d	340	345	349	352	356	360	363	365	369	374	377	380	383	386	389	393	397	/
3A_NB	30	a	344	348	353	356	360	363	367	369	373	378	381	384	387	390	394	398	402	405
3A_NB	30	d	345	350	354	357	361	365	368	370	374	379	382	385	388	391	395	399	403	/
3A_NB	31	a	350	354	358	361	364	368	372	374	378	383	386	389	392	396	400	404	407	410
3A_NB	31	d	351	355	359	362	366	370	373	375	379	384	387	390	393	397	401	405	408	/
3A_NB	32	a	356	360	364	367	370	373	377	381	386	392	395	398	401	406	410	414	418	421
3A_NB	32	d	357	361	365	368	371	375	379	383	388	393	396	399	403	407	411	416	419	/
