RouteID	RunID	Arrivals/Departures	TimePerStop
1A_SB	1	a	4	7	10	19	24	29	36	40	43	47	52	56	65	70	77
1A_SB	1	d	5	8	11	21	26	31	38	41	45	49	54	58	67	72	/
1A_SB	2	a	25	29	35	44	47	52	59	62	67	71	75	79	90	95	102
1A_SB	2	d	26	31	36	45	49	54	60	64	69	73	76	81	92	96	/
1A_SB	3	a	52	57	62	71	75	78	84	88	91	94	98	103	111	114	120
1A_SB	3	d	54	59	64	72	76	79	85	89	92	95	100	104	112	115	/
1A_SB	4	a	64	69	73	84	87	90	97	101	104	107	111	115	124	127	134
1A_SB	4	d	66	70	75	85	88	92	98	102	105	108	112	116	125	128	/
1A_SB	5	a	86	91	95	104	107	110	117	120	124	128	132	136	146	150	158
1A_SB	5	d	88	92	96	105	108	111	118	121	125	129	133	137	147	151	/
1A_SB	6	a	98	102	107	118	122	126	133	136	140	145	149	153	163	167	174
1A_SB	6	d	100	104	109	120	123	127	134	137	142	147	151	155	165	168	/
1A_SB	7	a	117	121	126	136	139	143	150	155	160	164	168	172	182	187	195
1A_SB	7	d	119	123	127	137	140	144	152	157	162	166	170	174	184	188	/
1A_SB	8	a	130	135	139	148	151	155	160	165	170	174	178	182	193	197	204
1A_SB	8	d	132	137	141	149	152	156	162	167	172	176	180	184	194	198	/
1A_SB	9	a	142	147	150	160	163	167	172	175	179	184	187	190	200	203	210
1A_SB	9	d	144	148	151	161	164	168	173	176	181	185	188	191	201	204	/
1A_SB	10	a	148	152	155	165	168	172	178	181	185	189	192	195	204	208	215
1A_SB	10	d	149	153	156	166	169	174	179	182	186	190	193	196	206	209	/
1A_SB	11	a	155	160	164	173	176	180	185	189	193	197	201	205	214	217	227
1A_SB	11	d	157	162	165	174	177	181	186	190	194	198	202	206	215	219	/
1A_SB	12	a	173	177	182	191	195	199	205	210	215	219	224	227	236	240	247
1A_SB	12	d	174	179	184	193	197	201	207	212	217	221	225	229	238	242	/
1A_SB	13	a	188	192	196	204	208	211	216	220	224	227	230	233	242	247	254
1A_SB	13	d	190	193	197	205	209	212	217	221	225	228	231	235	244	249	/
1A_SB	14	a	199	203	207	215	218	222	227	232	236	240	243	247	256	260	267
1A_SB	14	d	201	204	208	216	220	223	228	234	238	241	245	248	257	261	/
1A_SB	15	a	206	210	214	223	226	230	236	241	244	247	250	254	263	267	274
1A_SB	15	d	208	211	215	224	227	231	237	242	245	248	252	255	264	268	/
1A_SB	16	a	217	222	227	237	241	244	250	253	256	259	263	266	275	279	286
1A_SB	16	d	219	224	228	238	242	246	251	254	257	260	264	267	276	280	/
1A_SB	17	a	236	241	245	256	259	263	269	273	277	281	284	287	296	299	307
1A_SB	17	d	238	243	246	257	260	264	270	274	278	282	285	288	297	300	/
1A_SB	18	a	244	249	253	263	266	270	275	280	284	289	292	295	304	307	315
1A_SB	18	d	246	251	255	264	267	271	277	281	286	290	293	296	305	308	/
1A_SB	19	a	250	255	260	269	273	277	282	287	291	295	298	303	311	314	322
1A_SB	19	d	252	257	261	270	274	278	284	288	292	296	300	304	312	315	/
1A_SB	20	a	257	261	266	275	279	283	288	291	296	300	304	308	316	319	327
1A_SB	20	d	259	263	267	276	280	284	289	293	297	301	305	309	317	320	/
1A_SB	21	a	262	266	271	279	284	288	294	297	301	305	309	313	321	324	332
1A_SB	21	d	264	268	272	281	285	289	295	298	303	306	310	314	322	325	/
1A_SB	22	a	268	273	277	286	290	294	300	304	308	311	316	320	331	336	342
1A_SB	22	d	270	274	279	288	291	295	301	305	309	313	318	322	333	337	/
1A_SB	23	a	275	279	283	291	295	300	305	310	315	320	325	329	339	344	352
1A_SB	23	d	276	280	284	293	297	302	307	312	317	322	327	331	341	346	/
1A_SB	24	a	281	285	290	302	306	311	316	321	325	329	333	337	347	351	359
1A_SB	24	d	282	287	292	304	308	313	318	322	326	330	335	339	349	353	/
1A_SB	25	a	300	304	309	318	322	327	333	338	341	346	350	355	366	369	375
1A_SB	25	d	301	306	311	320	324	328	335	339	343	348	352	357	367	370	/
1A_SB	26	a	307	311	315	325	328	332	338	343	348	352	356	361	371	375	383
1A_SB	26	d	308	312	316	326	329	333	340	345	350	354	358	363	373	377	/
1A_SB	27	a	335	339	344	352	356	360	367	370	375	379	384	388	398	402	410
1A_SB	27	d	336	340	345	354	358	362	368	372	377	381	386	390	400	404	/
1A_SB	28	a	365	369	373	382	386	390	397	400	405	408	412	416	427	431	437
1A_SB	28	d	366	370	375	384	388	392	398	402	406	410	414	418	428	432	/
1A_SB	29	a	394	398	403	412	416	420	426	430	435	438	443	446	456	460	467
1A_SB	29	d	395	400	405	414	417	421	428	432	436	440	444	448	458	462	/
1A_SB	30	a	424	428	432	443	446	449	455	460	465	468	473	476	487	491	498
1A_SB	30	d	425	429	434	444	447	451	457	462	466	470	474	478	488	492	/
1A_SB	31	a	454	458	462	470	474	479	485	490	495	498	503	506	516	520	530
1A_SB	31	d	455	459	464	472	476	481	487	492	496	500	504	508	518	522	/
1A_SB	32	a	484	488	492	500	505	509	515	520	525	529	532	536	545	550	558
1A_SB	32	d	485	489	493	502	506	511	517	522	526	530	534	537	547	552	/
1A_NB	1	a	4	14	17	26	31	34	37	41	44	49	52	56	65	69	73
1A_NB	1	d	5	15	18	27	32	35	38	42	45	50	53	57	66	70	/
1A_NB	2	a	9	19	22	31	36	39	42	46	49	54	57	61	69	74	79
1A_NB	2	d	10	20	23	32	37	40	43	47	50	55	58	63	71	76	/
1A_NB	3	a	33	44	47	58	65	68	72	76	79	84	87	90	99	103	107
1A_NB	3	d	34	45	49	60	66	69	73	77	80	85	88	91	100	104	/
1A_NB	4	a	38	49	53	64	70	73	77	81	84	89	92	96	105	109	112
1A_NB	4	d	39	51	55	65	71	74	78	82	85	90	93	97	106	110	/
1A_NB	5	a	42	54	58	68	75	78	83	88	92	98	101	105	115	119	123
1A_NB	5	d	44	56	60	70	76	80	85	90	93	99	102	106	116	120	/
1A_NB	6	a	50	60	63	73	80	83	88	93	97	104	107	110	120	124	128
1A_NB	6	d	52	61	65	75	81	85	90	95	99	105	108	111	121	125	/
1A_NB	7	a	59	68	72	82	89	92	96	100	103	109	112	116	127	131	135
1A_NB	7	d	61	70	74	84	90	93	97	101	104	110	114	118	128	132	/
1A_NB	8	a	64	73	78	89	96	99	103	107	111	118	122	125	134	137	142
1A_NB	8	d	66	75	80	91	97	100	104	108	112	120	123	126	135	139	/
1A_NB	9	a	78	89	93	104	111	115	119	123	126	133	137	140	151	154	158
1A_NB	9	d	80	90	95	106	112	116	120	124	128	135	138	141	152	155	/
1A_NB	10	a	101	110	113	124	129	133	136	140	144	149	153	156	164	167	170
1A_NB	10	d	103	111	114	125	130	134	138	142	145	150	154	157	165	168	/
1A_NB	11	a	109	120	123	135	142	146	151	156	160	166	169	172	180	183	187
1A_NB	11	d	111	121	124	137	144	148	153	158	161	167	170	173	181	184	/
1A_NB	12	a	129	140	144	155	161	166	171	176	181	187	191	195	204	209	213
1A_NB	12	d	131	142	146	157	163	168	173	178	183	189	193	197	206	210	/
1A_NB	13	a	157	169	173	183	189	193	198	203	208	214	219	224	235	238	242
1A_NB	13	d	159	170	174	185	191	195	200	205	210	216	221	226	236	239	/
1A_NB	14	a	175	184	187	199	204	208	212	217	221	226	229	232	242	246	250
1A_NB	14	d	177	185	189	200	205	209	214	218	222	227	230	233	243	247	/
1A_NB	15	a	196	206	209	219	225	228	231	235	239	244	247	251	259	262	266
1A_NB	15	d	198	207	210	220	226	229	232	237	240	245	249	252	260	263	/
1A_NB	16	a	216	225	228	239	246	250	253	258	262	269	272	276	284	288	293
1A_NB	16	d	218	226	229	241	248	251	255	260	263	270	274	277	285	290	/
1A_NB	17	a	227	236	239	247	253	257	260	265	269	275	279	282	290	295	299
1A_NB	17	d	229	237	240	248	255	258	262	267	270	277	280	283	292	296	/
1A_NB	18	a	243	253	256	264	270	274	278	283	286	291	295	298	306	311	315
1A_NB	18	d	245	254	257	266	272	276	280	284	287	293	296	299	308	312	/
1A_NB	19	a	273	283	286	295	301	305	309	312	316	321	324	327	336	340	344
1A_NB	19	d	275	284	287	296	302	306	310	313	317	322	325	328	337	341	/
1A_NB	20	a	278	288	292	302	307	311	315	319	323	328	331	334	344	347	351
1A_NB	20	d	280	290	294	303	308	312	316	320	324	329	332	335	345	348	/
1A_NB	21	a	283	294	297	307	312	316	320	324	328	333	336	339	349	352	356
1A_NB	21	d	285	295	299	308	313	317	321	325	329	334	337	340	350	353	/
1A_NB	22	a	288	299	303	312	317	321	325	329	332	339	342	345	354	357	361
1A_NB	22	d	290	301	304	313	319	322	326	330	334	340	343	346	355	358	/
1A_NB	23	a	293	304	308	317	323	326	330	334	337	344	347	350	359	363	367
1A_NB	23	d	295	306	309	318	324	327	331	335	339	345	348	351	360	364	/
1A_NB	24	a	298	311	314	323	329	332	336	340	343	349	352	355	365	369	373
1A_NB	24	d	300	312	315	324	330	333	337	341	345	350	353	357	366	370	/
1A_NB	25	a	304	316	319	328	334	337	341	345	349	354	357	360	370	374	378
1A_NB	25	d	305	317	320	329	335	338	342	346	350	355	358	362	371	375	/
1A_NB	26	a	309	321	324	333	338	342	346	352	357	363	367	371	381	386	390
1A_NB	26	d	310	322	325	334	340	343	348	354	359	365	369	373	383	387	/
1A_NB	27	a	314	325	329	339	344	347	351	357	362	368	372	376	386	391	395
1A_NB	27	d	315	327	330	340	345	348	353	359	364	370	374	378	388	392	/
1A_NB	28	a	319	330	334	344	349	352	357	363	367	373	377	382	391	397	401
1A_NB	28	d	320	332	335	345	350	354	359	365	369	375	379	383	393	398	/
1A_NB	29	a	324	335	339	349	355	359	364	368	372	378	382	387	396	402	406
1A_NB	29	d	325	337	340	351	357	361	366	370	374	380	384	388	398	403	/
1A_NB	30	a	332	340	344	354	360	365	369	373	377	384	387	392	401	407	411
1A_NB	30	d	333	342	345	356	362	366	371	375	379	385	389	393	403	408	/
1A_NB	31	a	337	345	349	359	365	370	374	378	382	389	392	397	406	411	416
1A_NB	31	d	338	347	350	361	367	371	376	380	384	390	394	398	408	413	/
1A_NB	32	a	342	350	354	364	370	375	379	383	387	394	397	402	411	416	421
1A_NB	32	d	343	352	355	366	372	377	381	385	389	395	399	403	413	418	/
2A_NB	1	a	13	16	22	26	31	38	42	46	55	60	66	68	71	75	80	82	85	89
2A_NB	1	d	14	17	23	28	33	39	44	47	57	62	67	69	72	77	81	83	87	/
2A_NB	2	a	23	27	34	38	42	48	51	56	65	69	74	77	80	84	88	92	97	102
2A_NB	2	d	24	29	36	40	43	49	53	57	67	70	76	78	81	85	90	94	99	/
2A_NB	3	a	42	45	51	55	59	66	70	74	83	88	94	97	100	105	110	113	117	120
2A_NB	3	d	43	47	53	56	61	67	71	76	85	89	96	98	102	106	111	114	118	/
2A_NB	4	a	59	62	67	70	73	79	82	85	93	97	103	105	109	113	118	122	126	130
2A_NB	4	d	60	63	68	71	74	80	83	86	94	98	104	107	110	114	120	123	127	/
2A_NB	5	a	64	67	72	75	78	83	87	90	97	102	108	111	114	118	124	128	133	137
2A_NB	5	d	65	68	73	76	79	85	88	92	99	103	109	112	115	120	126	130	135	/
2A_NB	6	a	69	72	77	80	83	88	93	97	104	108	114	118	122	127	133	136	139	142
2A_NB	6	d	70	73	78	81	84	90	94	99	106	110	116	120	124	129	135	137	140	/
2A_NB	7	a	74	77	82	85	88	93	98	103	112	116	122	126	130	135	141	144	148	153
2A_NB	7	d	75	78	83	86	89	95	100	105	114	118	124	128	132	137	143	146	150	/
2A_NB	8	a	79	82	87	90	94	100	105	109	118	123	129	133	137	142	148	151	154	158
2A_NB	8	d	80	83	88	91	95	102	107	111	120	125	131	135	139	144	150	152	155	/
2A_NB	9	a	84	87	92	95	100	107	111	115	124	129	135	138	142	147	153	156	159	163
2A_NB	9	d	85	88	93	97	102	109	113	117	126	131	137	140	144	149	155	157	160	/
2A_NB	10	a	89	92	98	102	107	113	117	121	129	134	141	143	147	152	158	161	164	168
2A_NB	10	d	90	94	100	104	109	115	119	123	131	136	142	145	149	154	160	162	165	/
2A_NB	11	a	117	121	126	130	133	140	145	148	157	161	169	172	175	179	185	187	191	196
2A_NB	11	d	118	122	127	131	135	142	146	150	158	163	170	173	176	180	186	189	193	/
2A_NB	12	a	147	151	156	160	164	170	174	178	187	191	198	200	204	208	215	217	221	226
2A_NB	12	d	148	152	157	161	165	172	176	180	188	193	199	202	205	210	216	219	223	/
2A_NB	13	a	177	180	185	190	193	199	204	208	217	221	228	231	233	238	245	248	252	256
2A_NB	13	d	178	181	187	191	195	201	206	210	218	223	229	232	235	240	246	249	253	/
2A_NB	14	a	207	210	216	219	223	229	232	236	246	251	257	260	263	268	274	277	280	284
2A_NB	14	d	208	211	217	220	224	230	234	238	248	253	259	262	265	270	275	278	281	/
2A_NB	15	a	237	240	245	248	252	258	262	266	275	278	283	285	289	293	299	302	305	308
2A_NB	15	d	238	241	246	249	253	260	264	267	276	279	284	287	290	294	301	303	306	/
2A_NB	16	a	242	246	251	254	258	263	267	271	279	283	288	290	294	298	304	307	310	313
2A_NB	16	d	243	247	252	255	259	265	269	273	281	284	289	292	295	299	306	308	311	/
2A_NB	17	a	247	251	256	259	263	268	272	277	284	289	296	299	302	307	313	317	321	325
2A_NB	17	d	248	252	257	260	264	270	274	278	286	291	298	301	304	309	315	318	322	/
2A_NB	18	a	252	256	263	266	270	276	279	283	290	294	301	304	307	312	318	322	326	330
2A_NB	18	d	253	257	264	267	271	277	280	284	291	296	303	306	309	314	320	323	327	/
2A_NB	19	a	257	261	268	271	275	281	284	288	295	300	307	310	313	318	324	328	332	336
2A_NB	19	d	258	262	269	272	276	282	285	289	297	302	309	312	315	320	326	330	333	/
2A_NB	20	a	262	266	273	276	280	286	289	293	300	305	312	315	318	323	329	333	337	341
2A_NB	20	d	263	267	274	277	281	287	290	294	302	307	314	317	320	325	331	335	338	/
2A_NB	21	a	267	271	277	281	285	290	294	298	305	310	317	320	323	328	335	338	342	346
2A_NB	21	d	268	273	279	282	286	292	295	299	307	312	319	322	325	330	336	340	343	/
2A_NB	22	a	289	292	299	302	306	312	317	322	331	335	342	346	350	354	360	363	368	371
2A_NB	22	d	290	294	300	304	308	314	319	324	333	337	344	348	352	356	362	365	369	/
2A_NB	23	a	319	322	328	332	337	342	346	350	359	363	370	374	377	382	388	391	395	399
2A_NB	23	d	320	324	330	334	338	344	348	352	361	365	372	376	379	384	390	392	396	/
2A_NB	24	a	349	352	358	363	367	372	375	378	385	388	394	396	399	403	411	414	418	422
2A_NB	24	d	350	354	360	364	368	373	376	379	386	390	395	397	400	405	413	416	420	/
2A_NB	25	a	354	357	363	368	372	377	380	383	390	393	399	401	404	408	416	419	423	427
2A_NB	25	d	355	359	365	369	373	378	381	384	391	395	400	402	405	410	418	421	425	/
2A_NB	26	a	359	362	368	373	377	382	385	388	395	398	404	407	410	414	421	424	428	432
2A_NB	26	d	360	364	370	374	378	383	386	389	396	400	405	408	411	415	423	426	430	/
2A_NB	27	a	364	367	373	377	381	387	390	393	401	404	409	412	415	419	426	429	433	438
2A_NB	27	d	365	369	375	379	383	388	391	394	402	405	410	413	416	420	428	431	435	/
2A_NB	28	a	369	372	378	382	386	392	396	399	407	410	415	418	421	424	431	434	439	443
2A_NB	28	d	370	374	380	384	388	393	397	400	408	411	416	419	422	425	433	436	440	/
2A_NB	29	a	374	377	383	387	391	398	402	405	414	417	422	425	427	430	437	439	444	448
2A_NB	29	d	375	379	385	389	393	399	403	406	415	418	423	426	428	431	438	441	445	/
2A_NB	30	a	379	382	388	392	397	403	407	411	420	424	430	433	435	439	445	447	451	454
2A_NB	30	d	380	384	390	394	398	404	408	412	421	425	431	434	436	440	446	448	452	/
2A_NB	31	a	384	387	393	397	402	408	412	416	425	429	435	438	441	445	451	453	457	460
2A_NB	31	d	385	389	395	399	403	409	413	417	426	430	436	439	442	446	452	454	458	/
2A_NB	32	a	389	393	398	402	407	412	417	421	429	434	439	443	446	450	455	458	462	465
2A_NB	32	d	390	394	400	404	408	414	418	422	431	435	441	444	447	451	457	459	463	/
2A_SB	1	a	25	28	31	34	41	45	49	53	56	60	64	69	72	77	83	87	91	95
2A_SB	1	d	26	29	32	36	43	47	51	54	57	61	65	70	74	78	85	88	93	/
2A_SB	2	a	51	55	58	63	69	72	77	80	83	89	92	98	103	106	111	115	118	122
2A_SB	2	d	52	56	60	65	71	74	78	81	84	90	94	100	104	107	113	116	119	/
2A_SB	3	a	63	68	72	76	83	86	89	93	96	102	105	111	115	120	126	130	133	136
2A_SB	3	d	65	70	73	78	85	87	91	94	98	103	107	113	117	121	127	131	134	/
2A_SB	4	a	90	94	96	99	105	107	110	113	116	122	127	133	136	140	146	149	153	157
2A_SB	4	d	92	95	97	100	106	108	111	114	118	124	128	134	137	141	147	150	154	/
2A_SB	5	a	96	100	103	106	111	114	118	121	124	129	133	140	144	148	154	158	163	167
2A_SB	5	d	98	102	104	107	113	116	119	122	125	130	135	141	145	149	156	160	165	/
2A_SB	6	a	107	112	115	118	123	125	128	131	134	140	144	150	154	157	162	166	171	175
2A_SB	6	d	109	113	116	120	124	126	129	132	135	141	145	151	155	158	164	168	173	/
2A_SB	7	a	121	125	129	132	136	138	141	144	147	153	157	163	167	170	176	180	184	187
2A_SB	7	d	123	127	130	133	137	139	142	145	148	154	159	164	168	171	177	181	185	/
2A_SB	8	a	137	141	144	148	153	156	159	162	165	171	175	181	184	187	192	196	200	203
2A_SB	8	d	139	142	146	149	154	157	160	163	166	172	176	182	185	188	193	197	201	/
2A_SB	9	a	146	150	153	157	163	166	170	173	177	183	186	192	196	200	206	209	213	216
2A_SB	9	d	148	152	155	159	165	167	171	174	178	184	187	194	197	201	207	210	214	/
2A_SB	10	a	163	168	170	174	179	182	185	188	192	198	201	206	209	213	220	223	228	232
2A_SB	10	d	165	169	171	175	180	183	186	189	193	199	202	207	210	215	221	225	229	/
2A_SB	11	a	168	173	175	179	184	187	190	193	198	206	210	215	220	224	230	233	237	241
2A_SB	11	d	170	174	176	180	185	188	191	195	200	208	211	217	221	225	231	234	238	/
2A_SB	12	a	177	182	184	188	193	196	200	204	208	215	219	225	229	233	239	242	245	248
2A_SB	12	d	179	183	185	189	194	197	201	205	210	217	221	227	230	234	240	243	246	/
2A_SB	13	a	182	187	189	193	198	201	205	209	213	220	224	231	234	238	245	248	251	254
2A_SB	13	d	184	188	190	194	199	202	206	210	215	222	226	232	235	240	246	249	252	/
2A_SB	14	a	187	192	194	198	204	207	211	215	219	226	231	238	243	247	253	256	260	264
2A_SB	14	d	189	193	195	199	205	208	213	216	221	228	233	240	244	248	254	257	261	/
2A_SB	15	a	197	201	203	207	213	217	222	225	228	233	238	244	248	252	258	261	265	269
2A_SB	15	d	199	202	204	208	215	219	223	226	229	235	239	245	249	253	259	262	266	/
2A_SB	16	a	206	210	214	217	222	225	229	232	235	240	245	251	255	259	265	268	272	275
2A_SB	16	d	208	212	215	218	223	226	230	233	236	242	247	252	256	260	266	269	273	/
2A_SB	17	a	211	216	219	222	227	230	234	237	240	245	250	256	261	266	273	278	282	286
2A_SB	17	d	213	217	220	223	228	231	235	238	242	247	252	258	263	268	275	280	284	/
2A_SB	18	a	219	224	227	230	235	238	242	246	249	254	257	263	268	272	279	283	288	292
2A_SB	18	d	221	225	228	231	236	240	243	247	251	255	258	265	269	273	280	285	289	/
2A_SB	19	a	228	233	236	239	244	247	250	254	258	264	268	274	278	283	291	295	300	305
2A_SB	19	d	230	234	237	240	245	248	251	256	260	266	269	275	280	285	293	297	302	/
2A_SB	20	a	238	242	245	249	254	257	262	266	269	275	279	283	287	292	299	302	307	312
2A_SB	20	d	239	243	247	250	255	259	263	267	270	276	280	284	289	293	300	304	309	/
2A_SB	21	a	243	247	251	255	260	263	267	271	274	281	285	290	295	300	306	309	313	317
2A_SB	21	d	244	249	253	256	261	264	268	272	276	282	286	292	297	301	307	310	315	/
2A_SB	22	a	258	262	264	268	273	275	278	281	284	290	293	299	303	306	312	315	319	322
2A_SB	22	d	259	263	266	269	274	276	279	282	285	291	295	300	304	307	313	316	320	/
2A_SB	23	a	266	270	274	278	284	286	289	293	296	302	306	311	315	319	326	329	332	335
2A_SB	23	d	267	272	276	279	285	287	291	294	297	303	307	312	316	320	327	330	333	/
2A_SB	24	a	271	275	279	283	289	291	294	298	301	307	311	316	320	324	331	334	337	341
2A_SB	24	d	272	277	281	284	290	292	296	299	302	308	312	318	321	325	332	335	339	/
2A_SB	25	a	279	284	288	291	297	299	303	307	310	316	319	325	328	332	337	340	343	346
2A_SB	25	d	281	286	289	292	298	300	304	308	311	317	320	326	329	333	338	341	344	/
2A_SB	26	a	284	289	293	296	302	305	309	313	316	323	326	332	335	339	345	349	353	356
2A_SB	26	d	286	291	294	297	303	306	310	314	317	324	327	333	336	341	347	350	354	/
2A_SB	27	a	289	294	298	301	307	310	314	318	322	329	333	338	341	345	351	354	358	361
2A_SB	27	d	291	296	299	303	308	311	315	319	323	330	334	339	342	346	352	355	359	/
2A_SB	28	a	297	302	305	308	313	316	320	324	328	335	339	344	348	352	358	361	365	368
2A_SB	28	d	299	303	306	309	314	317	321	325	329	336	340	345	349	353	359	362	366	/
2A_SB	29	a	307	311	315	318	323	325	330	333	337	344	348	354	358	362	369	373	377	381
2A_SB	29	d	309	313	316	319	324	327	331	335	339	346	350	355	359	363	370	374	378	/
2A_SB	30	a	312	316	320	323	328	330	334	338	342	349	353	359	362	366	374	377	381	386
2A_SB	30	d	314	318	321	324	329	332	336	340	344	351	355	360	364	368	375	379	383	/
2A_SB	31	a	318	322	325	328	333	336	339	343	348	354	358	366	369	372	379	382	386	391
2A_SB	31	d	319	323	326	329	334	337	341	345	350	356	360	367	370	373	380	384	388	/
2A_SB	32	a	338	342	346	350	356	360	365	370	373	378	383	388	392	396	402	407	410	414
2A_SB	32	d	339	344	348	352	358	362	367	371	374	380	384	389	393	397	404	408	412	/
3A_SB	1	a	4	10	13	18	22	27	32	37	41	46	50	53	58	62	66	71	74
3A_SB	1	d	5	11	14	20	24	29	34	39	43	47	51	54	60	63	67	72	/
3A_SB	2	a	26	32	37	44	48	53	57	62	66	70	74	78	84	87	91	96	100
3A_SB	2	d	27	34	38	46	50	55	59	64	68	72	76	80	85	88	92	97	/
3A_SB	3	a	42	48	52	58	61	66	70	75	79	83	87	90	94	98	103	108	112
3A_SB	3	d	43	49	53	59	63	67	72	77	81	85	88	91	95	99	104	109	/
3A_SB	4	a	56	62	66	71	74	79	84	88	92	96	101	104	109	112	117	122	126
3A_SB	4	d	57	64	67	72	76	81	86	90	94	98	102	105	110	113	118	123	/
3A_SB	5	a	78	84	88	95	99	103	106	110	113	117	121	123	128	131	135	140	144
3A_SB	5	d	79	85	90	96	100	104	107	111	114	118	122	124	129	132	136	142	/
3A_SB	6	a	93	98	102	108	112	116	120	125	129	134	138	141	145	149	153	158	161
3A_SB	6	d	94	99	103	109	113	117	122	127	131	136	139	142	146	150	154	159	/
3A_SB	7	a	101	106	111	119	124	128	132	137	142	147	151	153	158	162	166	171	175
3A_SB	7	d	102	108	113	121	126	130	134	139	144	149	152	154	159	163	167	172	/
3A_SB	8	a	122	128	133	141	146	149	154	157	161	165	169	172	176	180	183	188	192
3A_SB	8	d	123	130	135	143	147	151	155	159	163	167	170	173	177	181	184	189	/
3A_SB	9	a	134	139	143	151	154	157	161	164	167	170	174	177	181	185	189	194	197
3A_SB	9	d	135	140	145	152	155	158	162	165	168	172	175	178	182	187	190	195	/
3A_SB	10	a	145	150	154	160	164	167	171	174	177	180	184	187	191	195	198	204	207
3A_SB	10	d	146	151	155	162	165	168	172	175	178	181	185	188	192	196	199	205	/
3A_SB	11	a	157	162	167	173	177	180	183	186	190	193	197	199	203	206	209	214	217
3A_SB	11	d	158	164	169	174	178	181	184	187	191	194	198	200	204	207	210	215	/
3A_SB	12	a	165	170	174	179	182	186	189	192	196	200	203	205	209	213	216	221	224
3A_SB	12	d	166	171	175	180	183	187	190	193	197	201	204	206	210	214	217	222	/
3A_SB	13	a	170	175	179	185	189	193	196	199	202	206	209	212	216	220	223	228	231
3A_SB	13	d	171	176	180	187	190	194	197	200	203	207	210	213	217	221	224	229	/
3A_SB	14	a	179	185	188	194	198	202	207	211	215	220	224	226	230	233	237	243	246
3A_SB	14	d	180	186	189	196	200	204	209	212	217	221	225	227	231	234	238	244	/
3A_SB	15	a	186	192	195	202	206	210	214	219	223	228	232	234	238	241	245	250	254
3A_SB	15	d	187	193	197	204	208	211	216	220	225	230	233	235	239	242	246	252	/
3A_SB	16	a	197	203	206	213	217	220	224	228	232	236	239	242	246	250	254	259	263
3A_SB	16	d	198	204	208	214	218	221	225	229	233	237	240	243	247	251	255	261	/
3A_SB	17	a	203	209	213	219	223	226	231	236	241	245	248	251	255	259	263	268	271
3A_SB	17	d	204	210	214	220	224	228	233	238	242	246	249	252	256	260	264	269	/
3A_SB	18	a	212	217	221	227	231	235	239	243	246	250	253	256	260	264	268	273	277
3A_SB	18	d	213	218	222	229	233	236	240	244	247	251	254	257	261	265	269	274	/
3A_SB	19	a	220	225	230	236	240	244	248	252	255	259	262	265	269	273	277	282	287
3A_SB	19	d	221	227	232	238	241	245	249	253	256	260	263	266	270	274	278	284	/
3A_SB	20	a	228	233	237	243	248	253	257	260	265	270	273	276	280	284	288	293	297
3A_SB	20	d	229	234	239	245	250	254	258	262	267	271	274	277	281	285	289	295	/
3A_SB	21	a	248	253	257	263	267	272	276	279	282	285	288	290	295	298	302	307	310
3A_SB	21	d	249	254	258	264	269	274	277	280	283	286	289	291	296	299	303	308	/
3A_SB	22	a	253	258	262	269	274	278	281	284	287	291	294	296	301	305	308	313	316
3A_SB	22	d	254	260	264	271	275	279	282	285	288	292	295	297	302	306	309	314	/
3A_SB	23	a	260	266	270	275	279	283	286	289	292	296	300	303	307	311	314	319	323
3A_SB	23	d	261	268	271	276	280	284	287	290	293	298	301	304	308	312	315	320	/
3A_SB	24	a	265	271	276	282	287	290	293	296	299	302	305	308	312	316	319	324	329
3A_SB	24	d	266	273	278	284	288	291	294	297	300	303	306	309	313	317	320	326	/
3A_SB	25	a	270	277	282	288	292	295	298	303	306	310	314	316	321	324	327	332	337
3A_SB	25	d	271	279	284	290	293	296	300	304	308	312	315	317	322	325	328	334	/
3A_SB	26	a	276	283	288	294	298	301	305	309	312	316	320	322	327	330	333	339	343
3A_SB	26	d	277	285	290	296	299	302	306	310	314	318	321	323	328	331	334	340	/
3A_SB	27	a	282	289	294	300	305	309	313	317	321	325	328	330	334	338	341	347	350
3A_SB	27	d	283	291	296	302	306	310	314	318	322	326	329	331	335	339	342	348	/
3A_SB	28	a	289	294	299	306	310	314	318	322	326	330	333	335	339	343	346	351	355
3A_SB	28	d	290	296	301	307	311	315	319	323	327	331	334	336	340	344	347	353	/
3A_SB	29	a	298	303	307	314	319	323	328	332	335	339	342	344	349	353	356	361	365
3A_SB	29	d	299	304	309	316	321	325	330	333	336	340	343	345	350	354	357	362	/
3A_SB	30	a	311	316	320	328	332	337	342	346	350	354	358	361	366	371	376	381	384
3A_SB	30	d	312	318	322	330	334	339	344	347	352	356	360	363	368	373	377	382	/
3A_SB	31	a	322	327	331	337	341	346	350	355	359	364	367	369	373	377	380	386	389
3A_SB	31	d	323	329	333	339	343	348	352	356	361	365	368	370	374	378	382	387	/
3A_SB	32	a	330	336	341	347	352	355	359	363	367	371	375	379	385	388	392	398	402
3A_SB	32	d	331	338	343	349	353	357	360	365	368	373	377	381	386	390	394	400	/
3A_NB	1	a	13	17	21	25	29	32	35	39	42	48	52	55	58	62	65	69	73	76
3A_NB	1	d	14	19	22	27	30	33	37	40	44	50	54	56	60	63	67	70	74	/
3A_NB	2	a	23	26	29	33	38	42	46	49	53	59	64	67	70	73	78	82	86	90
3A_NB	2	d	24	27	30	35	40	44	47	50	54	61	66	69	71	75	79	83	87	/
3A_NB	3	a	39	43	46	51	54	59	63	65	69	76	80	84	86	91	95	98	102	106
3A_NB	3	d	40	44	48	52	56	61	64	66	71	78	82	85	88	93	96	99	104	/
3A_NB	4	a	57	60	63	68	72	77	81	84	87	92	96	99	101	105	108	111	115	120
3A_NB	4	d	58	61	65	70	74	78	82	85	88	93	97	100	102	106	109	112	117	/
3A_NB	5	a	74	77	81	85	89	92	95	97	101	106	110	113	116	121	125	128	132	137
3A_NB	5	d	75	78	82	86	90	93	96	98	102	107	112	115	118	123	126	129	134	/
3A_NB	6	a	91	94	99	103	108	112	115	117	120	126	129	132	135	138	142	146	150	153
3A_NB	6	d	92	96	100	105	109	113	116	118	121	127	130	133	136	139	144	148	151	/
3A_NB	7	a	100	103	107	111	115	120	123	125	129	135	139	142	144	147	151	154	158	161
3A_NB	7	d	101	104	108	112	117	121	124	126	130	136	140	143	145	148	152	155	159	/
3A_NB	8	a	117	120	124	128	131	135	138	140	144	150	154	156	158	161	164	167	171	174
3A_NB	8	d	118	121	125	129	132	136	139	141	145	151	155	157	159	162	165	168	172	/
3A_NB	9	a	122	125	129	133	136	141	145	148	152	157	161	163	165	168	172	176	181	185
3A_NB	9	d	123	126	130	134	138	143	147	149	153	158	162	164	166	170	174	178	182	/
3A_NB	10	a	151	155	158	162	165	169	173	177	182	187	191	193	195	199	203	207	210	214
3A_NB	10	d	152	156	159	163	166	171	175	179	183	188	192	194	196	200	204	208	211	/
3A_NB	11	a	173	176	181	185	189	192	195	198	203	208	211	213	216	219	223	227	230	234
3A_NB	11	d	174	178	182	187	190	193	197	200	204	209	212	214	217	220	225	228	231	/
3A_NB	12	a	179	183	188	193	197	201	205	208	213	219	223	225	227	231	235	238	241	245
3A_NB	12	d	180	185	190	195	199	203	207	210	214	220	224	226	228	232	236	239	242	/
3A_NB	13	a	187	191	195	200	204	208	211	213	218	224	228	231	233	237	242	246	249	254
3A_NB	13	d	188	192	197	202	206	209	212	215	219	225	229	232	234	239	244	247	251	/
3A_NB	14	a	198	202	206	211	215	220	224	228	233	238	242	244	246	250	254	258	261	264
3A_NB	14	d	199	204	208	213	217	221	226	230	234	239	243	245	247	251	255	259	262	/
3A_NB	15	a	206	210	215	220	223	227	231	235	240	246	250	252	254	258	262	266	269	272
3A_NB	15	d	207	212	217	221	225	228	233	237	241	247	251	253	255	259	263	267	270	/
3A_NB	16	a	213	217	221	225	229	232	236	240	244	251	255	257	259	263	267	271	274	277
3A_NB	16	d	214	218	222	227	230	233	238	242	246	252	256	258	260	264	268	272	275	/
3A_NB	17	a	219	223	227	233	237	241	245	249	253	259	263	265	267	271	275	278	281	284
3A_NB	17	d	220	225	229	235	239	243	247	251	254	260	264	266	268	272	276	279	282	/
3A_NB	18	a	224	228	232	238	242	247	250	254	259	264	268	270	273	276	280	283	286	289
3A_NB	18	d	225	230	234	240	244	248	252	256	260	265	269	271	274	277	281	284	287	/
3A_NB	19	a	231	235	238	243	247	252	255	259	264	270	274	276	279	282	287	290	293	296
3A_NB	19	d	232	236	239	245	249	253	257	261	266	271	275	277	280	284	288	291	294	/
3A_NB	20	a	241	244	248	253	257	262	265	269	274	279	283	285	287	290	294	297	301	305
3A_NB	20	d	242	246	250	255	259	263	267	271	275	280	284	286	288	291	295	299	302	/
3A_NB	21	a	246	249	253	258	262	267	271	274	279	284	288	290	292	295	299	303	307	312
3A_NB	21	d	247	251	255	260	264	269	273	276	280	285	289	291	293	296	301	304	309	/
3A_NB	22	a	252	255	259	263	267	272	276	279	284	290	294	296	298	301	304	308	312	317
3A_NB	22	d	253	256	260	265	269	274	278	281	285	291	295	297	299	302	306	309	314	/
3A_NB	23	a	258	262	266	270	274	278	282	285	289	295	299	302	304	307	310	313	317	321
3A_NB	23	d	259	263	267	272	276	280	284	286	290	296	300	303	305	308	311	314	319	/
3A_NB	24	a	268	272	277	282	286	290	294	297	301	308	312	315	318	321	324	327	330	334
3A_NB	24	d	269	274	279	284	288	292	296	298	302	309	313	316	319	322	325	328	331	/
3A_NB	25	a	280	284	289	293	296	299	302	305	308	316	321	324	328	333	337	340	345	349
3A_NB	25	d	281	286	290	294	297	300	304	306	310	318	323	326	330	335	338	342	346	/
3A_NB	26	a	301	305	309	314	318	322	325	328	333	338	342	345	347	350	353	356	360	363
3A_NB	26	d	302	307	311	316	320	323	327	330	334	339	343	346	348	351	354	357	361	/
3A_NB	27	a	307	311	314	319	323	327	331	334	338	343	347	350	352	355	358	361	365	368
3A_NB	27	d	308	312	316	321	325	329	333	335	339	344	348	351	353	356	359	362	366	/
3A_NB	28	a	313	317	321	326	329	333	337	340	344	348	353	356	358	361	364	368	372	375
3A_NB	28	d	314	319	323	327	331	335	339	341	345	350	354	357	359	362	366	369	373	/
3A_NB	29	a	318	322	326	331	335	338	342	345	349	353	358	361	363	367	370	373	377	380
3A_NB	29	d	319	324	328	332	336	340	344	346	350	355	359	362	364	368	371	374	378	/
3A_NB	30	a	338	342	345	348	352	357	361	363	368	374	378	382	386	390	394	399	404	408
3A_NB	30	d	339	343	346	349	354	359	362	365	370	376	380	384	388	391	396	401	406	/
3A_NB	31	a	344	348	353	357	362	366	370	373	378	384	387	390	394	398	402	406	410	413
3A_NB	31	d	345	350	355	359	364	368	372	375	380	385	388	392	395	399	403	408	411	/
3A_NB	32	a	371	375	380	384	388	393	397	400	405	411	414	417	420	423	427	432	436	441
3A_NB	32	d	372	377	381	386	390	395	399	402	407	412	415	419	421	424	429	434	438	/
