RouteID	RunID	Arrivals/Departures	TimePerStop
1A_SB	1	a	16	20	24	33	36	39	44	47	51	54	57	60	72	75	83
1A_SB	1	d	17	21	25	34	37	40	45	48	52	55	58	61	73	76	/
1A_SB	2	a	34	38	42	50	54	57	62	66	70	73	76	80	92	96	104
1A_SB	2	d	35	39	43	51	55	58	63	67	71	74	77	81	93	97	/
1A_SB	3	a	47	51	55	65	68	72	78	82	86	89	92	95	106	110	118
1A_SB	3	d	48	52	56	66	69	73	79	83	87	90	93	96	107	111	/
1A_SB	4	a	64	68	72	81	85	88	94	97	101	104	108	111	119	122	131
1A_SB	4	d	65	69	73	82	86	89	95	98	102	105	109	112	120	123	/
1A_SB	5	a	77	81	85	97	100	103	108	111	115	118	122	125	135	138	145
1A_SB	5	d	78	82	86	98	101	104	109	112	116	119	123	126	136	139	/
1A_SB	6	a	94	98	101	111	114	117	123	126	130	133	137	141	149	152	159
1A_SB	6	d	95	99	102	112	115	118	124	127	131	134	138	142	150	153	/
1A_SB	7	a	107	110	113	121	124	127	133	136	140	144	148	152	162	165	171
1A_SB	7	d	108	111	114	122	125	128	134	137	141	145	149	153	163	166	/
1A_SB	8	a	123	127	130	139	143	147	152	155	159	162	166	170	179	182	189
1A_SB	8	d	124	128	131	140	144	148	153	156	160	163	167	171	180	183	/
1A_SB	9	a	137	140	144	152	155	159	164	168	172	176	179	182	193	196	203
1A_SB	9	d	138	141	145	153	156	160	165	169	173	177	180	183	194	197	/
1A_SB	10	a	153	156	161	169	173	176	181	185	189	192	196	199	209	213	221
1A_SB	10	d	154	157	162	170	174	177	182	186	190	193	197	200	210	214	/
1A_SB	11	a	166	170	174	183	187	190	196	200	203	206	209	212	223	227	233
1A_SB	11	d	167	171	175	184	188	191	197	201	204	207	210	213	224	228	/
1A_SB	12	a	182	186	190	198	201	204	209	213	217	220	223	226	236	239	246
1A_SB	12	d	183	187	191	199	202	205	210	214	218	221	224	227	237	240	/
1A_SB	13	a	200	203	207	217	221	224	230	233	236	239	242	246	253	256	264
1A_SB	13	d	201	204	208	218	222	225	231	234	237	240	243	247	254	257	/
1A_SB	14	a	217	220	223	233	237	241	247	251	255	259	263	267	274	277	284
1A_SB	14	d	218	221	224	234	238	242	248	252	256	260	264	268	275	278	/
1A_SB	15	a	233	237	241	249	252	255	262	265	268	272	276	279	286	289	296
1A_SB	15	d	234	238	242	250	253	256	263	266	269	273	277	280	287	290	/
1A_SB	16	a	248	252	256	266	269	272	278	281	284	288	292	295	301	304	311
1A_SB	16	d	249	253	257	267	270	273	279	282	285	289	293	296	302	305	/
1A_NB	1	a	14	23	26	37	42	46	50	54	57	62	65	68	77	80	84
1A_NB	1	d	15	24	27	38	43	47	51	55	58	63	66	69	78	81	/
1A_NB	2	a	27	36	39	47	52	56	60	64	67	73	76	79	87	90	94
1A_NB	2	d	28	37	40	48	53	57	61	65	68	74	77	80	88	91	/
1A_NB	3	a	41	51	55	63	67	70	74	79	82	87	91	94	102	106	110
1A_NB	3	d	42	52	56	64	68	71	75	80	83	88	92	95	103	107	/
1A_NB	4	a	57	67	70	80	85	88	91	95	98	103	106	110	118	121	125
1A_NB	4	d	58	68	71	81	86	89	92	96	99	104	107	111	119	122	/
1A_NB	5	a	72	80	83	93	98	101	104	108	112	118	121	124	132	136	141
1A_NB	5	d	73	81	84	94	99	102	105	109	113	119	122	125	133	137	/
1A_NB	6	a	85	94	97	108	113	116	119	123	126	133	136	140	148	152	156
1A_NB	6	d	86	95	98	109	114	117	120	124	127	134	137	141	149	153	/
1A_NB	7	a	99	107	110	120	125	129	133	137	140	146	150	154	162	166	170
1A_NB	7	d	100	108	111	121	126	130	134	138	141	147	151	155	163	167	/
1A_NB	8	a	115	125	128	137	143	147	150	154	157	164	168	172	179	184	188
1A_NB	8	d	116	126	129	138	144	148	151	155	158	165	169	173	180	185	/
1A_NB	9	a	133	143	146	153	158	161	164	168	171	178	182	186	195	199	204
1A_NB	9	d	134	144	147	154	159	162	165	169	172	179	183	187	196	200	/
1A_NB	10	a	149	158	161	168	173	176	180	185	188	193	196	199	207	211	215
1A_NB	10	d	150	159	162	169	174	177	181	186	189	194	197	200	208	212	/
1A_NB	11	a	167	176	179	188	195	198	202	205	208	214	217	220	231	234	238
1A_NB	11	d	168	177	180	189	196	199	203	206	209	215	218	221	232	235	/
1A_NB	12	a	184	195	198	208	213	216	220	224	228	235	238	241	251	254	258
1A_NB	12	d	185	196	199	209	214	217	221	225	229	236	239	242	252	255	/
1A_NB	13	a	198	209	212	221	227	230	234	238	242	248	251	254	264	267	271
1A_NB	13	d	199	210	213	222	228	231	235	239	243	249	252	255	265	268	/
1A_NB	14	a	211	222	225	236	241	244	247	251	254	260	263	266	276	279	283
1A_NB	14	d	212	223	226	237	242	245	248	252	255	261	264	267	277	280	/
1A_NB	15	a	227	236	240	249	254	257	261	265	269	276	279	282	291	294	298
1A_NB	15	d	228	237	241	250	255	258	262	266	270	277	280	283	292	295	/
1A_NB	16	a	243	253	257	267	272	276	280	284	287	294	297	300	308	312	315
1A_NB	16	d	244	254	258	268	273	277	281	285	288	295	298	301	309	313	/
2A_NB	1	a	17	20	25	29	32	37	40	43	52	55	61	64	67	71	77	79	83	87
2A_NB	1	d	18	21	26	30	33	38	41	44	53	56	62	65	68	72	78	80	84	/
2A_NB	2	a	35	38	43	47	50	55	59	62	72	76	82	84	86	89	94	96	100	103
2A_NB	2	d	36	39	44	48	51	56	60	63	73	77	83	85	87	90	95	97	101	/
2A_NB	3	a	53	56	62	65	68	74	77	80	88	92	98	101	104	108	113	115	119	123
2A_NB	3	d	54	57	63	66	69	75	78	81	89	93	99	102	105	109	114	116	120	/
2A_NB	4	a	66	69	75	78	81	86	89	92	100	104	109	112	114	118	123	125	129	133
2A_NB	4	d	67	70	76	79	82	87	90	93	101	105	110	113	115	119	124	126	130	/
2A_NB	5	a	80	83	89	92	95	102	106	110	120	125	131	134	137	140	145	148	152	156
2A_NB	5	d	81	85	90	93	97	103	107	111	122	127	133	135	138	141	147	149	154	/
2A_NB	6	a	93	96	102	105	108	113	117	121	129	133	138	140	143	146	151	154	158	161
2A_NB	6	d	94	97	103	106	109	114	118	122	130	134	139	141	144	147	152	155	159	/
2A_NB	7	a	111	114	119	122	126	132	136	139	147	151	157	160	163	166	172	174	177	181
2A_NB	7	d	112	115	120	123	127	133	137	140	148	152	158	161	164	167	173	175	178	/
2A_NB	8	a	124	128	134	137	141	146	149	152	162	166	171	173	176	179	186	188	192	195
2A_NB	8	d	125	129	135	138	142	147	150	153	163	167	172	174	177	180	187	189	193	/
2A_NB	9	a	140	144	150	154	158	164	168	172	179	182	187	190	193	196	204	206	210	213
2A_NB	9	d	141	145	151	155	159	165	169	173	180	183	188	191	194	197	205	207	211	/
2A_NB	10	a	157	161	166	170	173	179	183	187	196	200	205	207	210	214	219	221	225	228
2A_NB	10	d	158	162	167	171	174	180	184	188	197	201	206	208	211	215	220	222	226	/
2A_NB	11	a	173	177	181	184	188	194	198	201	208	212	218	220	222	226	231	234	237	240
2A_NB	11	d	174	178	182	185	189	195	199	202	209	213	219	221	223	227	232	235	238	/
2A_NB	12	a	190	193	198	201	205	210	214	218	226	229	235	237	240	245	249	251	254	257
2A_NB	12	d	191	194	199	202	206	211	215	219	227	230	236	238	241	246	250	252	255	/
2A_NB	13	a	207	211	216	219	222	229	233	237	245	249	254	256	258	263	268	271	275	278
2A_NB	13	d	208	212	217	220	223	230	234	238	246	250	255	257	259	264	269	272	276	/
2A_NB	14	a	220	223	228	231	234	240	244	247	257	260	265	267	269	273	279	281	285	289
2A_NB	14	d	221	224	229	232	235	241	245	248	258	261	266	268	270	274	280	282	286	/
2A_NB	15	a	235	239	245	248	252	258	261	264	274	277	281	283	286	290	297	299	303	307
2A_NB	15	d	236	240	246	249	253	259	262	265	275	278	282	284	287	291	298	300	304	/
2A_NB	16	a	248	252	258	261	264	269	272	275	282	285	290	292	294	298	305	307	311	315
2A_NB	16	d	249	253	259	262	265	270	273	276	283	286	291	293	295	299	306	308	312	/
2A_SB	1	a	16	21	24	27	32	35	38	41	44	50	54	60	63	67	72	75	79	83
2A_SB	1	d	17	22	25	28	33	36	39	42	45	51	55	61	64	68	73	76	80	/
2A_SB	2	a	31	35	38	41	46	49	52	56	59	66	70	74	77	81	86	90	94	97
2A_SB	2	d	32	36	39	42	47	50	53	57	60	67	71	75	78	82	87	91	95	/
2A_SB	3	a	44	47	50	53	58	61	64	69	73	80	84	89	92	95	100	103	107	110
2A_SB	3	d	45	48	51	54	59	62	65	70	74	81	85	90	93	96	101	104	108	/
2A_SB	4	a	58	61	63	66	71	74	77	81	84	89	94	99	102	105	110	113	117	120
2A_SB	4	d	59	62	64	67	72	75	78	82	85	90	95	100	103	106	111	114	118	/
2A_SB	5	a	63	67	70	74	81	85	89	93	96	101	106	113	117	120	126	129	132	135
2A_SB	5	d	65	69	72	76	83	87	91	94	97	102	108	115	118	121	127	130	133	/
2A_SB	6	a	76	80	84	88	95	98	102	106	111	116	119	124	127	131	138	141	144	147
2A_SB	6	d	78	82	86	90	97	100	104	108	112	117	120	125	128	133	139	142	145	/
2A_SB	7	a	90	94	97	100	106	108	111	115	119	126	131	137	141	145	150	154	158	162
2A_SB	7	d	92	95	98	101	107	109	113	116	121	128	133	139	142	146	151	155	160	/
2A_SB	8	a	109	113	115	118	124	126	129	132	135	139	144	148	152	156	162	166	170	173
2A_SB	8	d	111	114	116	120	125	127	130	133	136	141	145	150	153	157	163	167	171	/
2A_SB	9	a	121	125	128	131	136	138	141	145	148	152	155	160	163	167	173	177	182	186
2A_SB	9	d	123	127	129	132	137	139	142	146	149	153	156	161	165	169	175	179	184	/
2A_SB	10	a	137	141	144	149	156	158	162	166	170	176	179	185	189	193	198	201	205	208
2A_SB	10	d	139	143	146	151	157	159	163	167	171	177	180	186	190	194	199	202	206	/
2A_SB	11	a	144	148	152	156	162	165	169	173	178	185	189	196	200	204	210	213	217	221
2A_SB	11	d	146	150	154	157	164	167	171	175	180	187	191	198	201	205	211	214	219	/
2A_SB	12	a	163	168	171	174	180	183	187	190	193	199	202	208	211	215	220	223	227	231
2A_SB	12	d	165	169	172	175	181	184	188	191	194	200	203	209	212	216	221	224	229	/
2A_SB	13	a	179	183	187	191	198	201	206	210	214	220	224	230	234	237	242	246	249	253
2A_SB	13	d	181	185	189	193	200	203	208	212	215	221	226	231	235	238	243	247	251	/
2A_SB	14	a	198	203	205	208	214	217	221	225	228	235	239	243	247	250	256	259	262	265
2A_SB	14	d	200	204	206	210	215	218	223	226	230	237	240	244	248	251	257	260	263	/
2A_SB	15	a	229	233	235	238	244	246	250	253	256	261	265	269	272	275	281	285	288	291
2A_SB	15	d	230	234	236	239	245	247	251	254	257	262	266	270	273	276	282	286	289	/
2A_SB	16	a	245	249	252	256	260	263	267	271	275	280	284	290	294	298	304	308	311	314
2A_SB	16	d	246	250	253	257	261	264	268	272	276	281	285	291	295	299	305	309	312	/
3A_SB	1	a	13	18	22	29	32	35	39	44	48	52	55	57	62	66	70	75	78
3A_SB	1	d	14	19	23	30	33	36	40	45	49	53	56	58	63	67	71	76	/
3A_SB	2	a	30	34	38	43	46	49	54	57	61	64	67	69	74	78	81	86	89
3A_SB	2	d	31	35	39	44	47	50	55	58	62	65	68	70	75	79	82	87	/
3A_SB	3	a	48	53	57	62	65	69	73	76	80	84	88	90	94	98	101	106	109
3A_SB	3	d	49	54	58	63	66	70	74	77	81	85	89	91	95	99	102	107	/
3A_SB	4	a	66	71	74	80	84	88	92	95	98	101	105	107	110	114	118	123	126
3A_SB	4	d	67	72	75	81	85	89	93	96	99	102	106	108	111	115	119	124	/
3A_SB	5	a	80	86	90	97	101	105	109	112	115	119	122	125	129	133	136	141	145
3A_SB	5	d	81	87	91	98	102	106	110	113	116	120	123	126	130	134	137	142	/
3A_SB	6	a	86	92	95	102	106	110	114	117	120	124	127	130	134	137	141	146	150
3A_SB	6	d	87	93	96	103	107	111	115	118	121	125	128	131	135	139	142	147	/
3A_SB	7	a	96	103	108	114	117	122	125	129	132	136	139	141	145	148	151	157	161
3A_SB	7	d	97	105	110	115	119	123	126	130	133	137	140	142	146	149	152	159	/
3A_SB	8	a	107	113	117	123	127	131	135	141	145	148	153	156	160	163	166	171	174
3A_SB	8	d	108	114	119	125	129	133	137	143	146	150	154	157	161	164	167	172	/
3A_SB	9	a	137	143	146	153	156	160	164	168	171	175	178	180	185	188	192	198	202
3A_SB	9	d	138	144	148	154	157	161	165	169	172	176	179	181	186	189	193	199	/
3A_SB	10	a	149	154	158	165	168	172	176	180	183	187	190	193	198	202	207	213	217
3A_SB	10	d	150	155	159	166	169	173	177	181	184	188	191	194	199	203	209	215	/
3A_SB	11	a	156	161	165	171	175	179	182	186	190	194	197	200	205	209	213	219	222
3A_SB	11	d	157	162	167	173	176	180	184	188	191	195	199	201	206	210	214	220	/
3A_SB	12	a	164	170	175	181	186	190	193	196	199	203	206	208	213	216	220	227	232
3A_SB	12	d	165	172	177	183	187	191	194	197	200	204	207	209	214	217	222	229	/
3A_SB	13	a	188	193	197	204	208	212	216	220	223	227	231	233	238	243	247	253	257
3A_SB	13	d	189	194	198	205	210	213	217	221	225	228	232	234	240	244	249	255	/
3A_SB	14	a	218	223	227	233	236	240	244	247	251	254	257	260	264	268	271	275	278
3A_SB	14	d	219	224	228	234	237	241	245	248	252	255	258	261	265	269	272	276	/
3A_SB	15	a	235	241	245	251	255	259	262	266	270	274	278	280	284	288	292	297	301
3A_SB	15	d	236	242	246	252	256	260	263	267	271	275	279	281	285	289	293	298	/
3A_SB	16	a	248	254	258	263	267	271	275	278	282	286	289	291	296	300	304	309	312
3A_SB	16	d	249	255	259	264	268	272	276	279	283	287	290	292	297	301	305	310	/
3A_NB	1	a	16	19	22	25	28	31	35	38	41	46	50	52	54	58	61	64	67	70
3A_NB	1	d	17	20	23	26	29	32	36	39	42	47	51	53	55	59	62	65	68	/
3A_NB	2	a	21	24	27	30	34	39	44	47	52	57	62	66	69	73	77	81	86	89
3A_NB	2	d	22	25	28	31	36	41	46	49	54	59	64	68	71	75	79	83	87	/
3A_NB	3	a	44	48	51	55	60	65	69	73	78	83	87	90	93	97	100	103	107	111
3A_NB	3	d	45	49	53	57	62	67	71	75	79	84	88	91	94	98	101	104	108	/
3A_NB	4	a	55	59	63	68	71	76	81	84	89	95	99	101	104	107	110	113	117	121
3A_NB	4	d	56	61	65	69	73	78	82	86	90	96	100	102	105	108	111	114	118	/
3A_NB	5	a	73	77	80	84	87	92	95	97	101	107	111	115	118	123	127	132	136	140
3A_NB	5	d	74	78	81	85	88	93	96	98	102	108	113	117	120	125	129	134	137	/
3A_NB	6	a	91	95	99	103	107	111	116	119	124	130	134	137	139	144	148	153	156	159
3A_NB	6	d	92	97	100	104	109	113	118	121	125	131	135	138	141	145	150	154	157	/
3A_NB	7	a	107	111	114	119	123	127	132	135	140	146	150	152	154	158	161	165	169	173
3A_NB	7	d	108	112	116	121	125	129	134	137	141	147	151	153	156	159	162	166	170	/
3A_NB	8	a	112	116	120	125	128	132	137	140	145	151	155	157	160	164	168	171	175	180
3A_NB	8	d	113	118	121	126	130	134	139	142	146	152	156	159	162	166	169	172	177	/
3A_NB	9	a	125	129	132	137	140	144	147	149	153	158	162	164	166	170	173	177	181	184
3A_NB	9	d	126	130	133	138	141	145	148	150	154	159	163	165	168	171	175	178	182	/
3A_NB	10	a	155	158	162	166	170	174	177	179	183	187	191	194	197	200	204	207	211	214
3A_NB	10	d	156	159	163	167	171	175	178	180	184	188	192	195	198	201	205	208	212	/
3A_NB	11	a	169	172	176	180	184	187	190	192	196	201	206	209	212	215	218	221	224	228
3A_NB	11	d	170	173	177	181	185	188	191	193	197	202	207	210	213	216	219	222	225	/
3A_NB	12	a	182	186	190	194	198	202	205	207	211	217	221	223	226	229	232	235	238	242
3A_NB	12	d	183	187	191	195	199	203	206	208	212	218	222	224	227	230	233	236	239	/
3A_NB	13	a	196	199	202	206	210	214	217	219	222	228	231	234	236	239	243	247	251	254
3A_NB	13	d	197	200	203	207	211	215	218	220	223	229	232	235	237	240	244	248	252	/
3A_NB	14	a	211	215	219	223	227	231	234	237	241	247	250	253	255	258	261	265	268	272
3A_NB	14	d	212	216	220	224	228	232	235	238	242	248	251	254	256	259	262	266	269	/
3A_NB	15	a	227	230	234	237	240	244	247	250	254	260	263	266	268	271	275	279	282	286
3A_NB	15	d	228	231	235	238	241	245	248	251	255	261	264	267	269	272	276	280	283	/
3A_NB	16	a	241	244	248	251	254	258	261	264	268	274	277	280	282	285	288	292	296	300
3A_NB	16	d	242	245	249	252	255	259	262	265	269	275	278	281	283	286	289	293	297	/
