RouteID	RunID	Arrivals/Departures	TimePerStop
1A_SB	1	a	12	18	27	30	33	39	41	46	50	54	57	61	65	75	82	85
1A_SB	1	d	13	19	28	31	34	40	42	47	51	55	58	62	66	76	83	/
1A_SB	2	a	26	32	40	42	45	51	53	57	61	64	68	71	75	84	91	94
1A_SB	2	d	27	33	41	43	46	52	54	58	62	65	69	72	76	85	92	/
1A_SB	3	a	39	44	52	54	57	63	65	70	74	77	80	83	86	95	100	103
1A_SB	3	d	40	45	53	55	58	64	66	71	75	78	81	84	87	96	101	/
1A_SB	4	a	55	60	68	70	73	78	81	85	88	91	95	99	102	110	114	118
1A_SB	4	d	56	61	69	71	74	79	82	86	89	92	96	100	103	111	115	/
1A_SB	5	a	73	78	88	90	93	99	101	106	109	113	117	120	123	130	135	139
1A_SB	5	d	74	79	89	91	94	100	102	107	110	114	118	121	124	131	136	/
1A_SB	6	a	88	94	102	104	108	114	116	120	124	127	130	133	136	144	148	152
1A_SB	6	d	89	95	103	105	109	115	117	121	125	128	131	134	137	145	149	/
1A_SB	7	a	101	107	114	116	120	126	128	132	136	140	143	146	149	158	162	166
1A_SB	7	d	102	108	115	117	121	127	129	133	137	141	144	147	150	159	163	/
1A_SB	8	a	116	120	127	129	133	139	142	146	149	152	155	159	162	171	175	179
1A_SB	8	d	117	121	128	130	134	140	143	147	150	153	156	160	163	172	176	/
1A_SB	9	a	134	139	148	150	154	159	161	165	168	171	175	179	183	192	197	201
1A_SB	9	d	135	140	149	151	155	160	162	166	169	172	176	180	184	193	198	/
1A_SB	10	a	150	156	165	168	171	175	177	181	185	188	191	195	199	210	215	219
1A_SB	10	d	151	157	166	169	172	176	178	182	186	189	192	196	200	211	216	/
1A_SB	11	a	165	170	179	181	184	189	191	196	199	202	206	209	214	224	229	233
1A_SB	11	d	166	171	180	182	185	190	192	197	200	203	207	210	215	225	230	/
1A_SB	12	a	179	184	194	197	200	205	207	211	214	218	221	224	228	239	243	246
1A_SB	12	d	180	185	195	198	201	206	208	212	215	219	222	225	229	240	244	/
1A_SB	13	a	197	203	211	213	216	222	225	230	233	236	240	243	246	253	257	261
1A_SB	13	d	198	204	212	214	217	223	226	231	234	237	241	244	247	254	258	/
1A_SB	14	a	211	218	227	229	232	237	240	245	249	252	256	260	263	272	277	281
1A_SB	14	d	212	219	228	230	233	238	241	246	250	253	257	261	264	273	278	/
1A_SB	15	a	228	234	242	245	248	254	257	261	265	268	271	274	277	287	293	297
1A_SB	15	d	229	235	243	246	249	255	258	262	266	269	272	275	278	288	294	/
1A_SB	16	a	241	248	258	261	264	269	272	277	281	284	288	291	295	306	311	314
1A_SB	16	d	242	249	259	262	265	270	273	278	282	285	289	292	296	307	312	/
1A_NB	1	a	13	17	24	32	38	42	46	50	54	58	62	67	70	74	83	88
1A_NB	1	d	14	18	25	33	39	43	47	51	55	59	63	68	71	75	84	/
1A_NB	2	a	31	36	41	49	55	58	62	65	68	73	76	81	84	88	97	104
1A_NB	2	d	32	37	42	50	56	59	63	66	69	74	77	82	85	89	98	/
1A_NB	3	a	48	53	59	65	72	76	80	83	86	91	94	98	101	105	111	118
1A_NB	3	d	49	54	60	66	73	77	81	84	87	92	95	99	102	106	112	/
1A_NB	4	a	65	70	75	83	88	92	95	98	101	107	111	115	117	121	128	134
1A_NB	4	d	66	71	76	84	89	93	96	99	102	108	112	116	118	122	129	/
1A_NB	5	a	80	84	89	95	99	103	106	109	113	118	122	127	130	134	141	148
1A_NB	5	d	81	85	90	96	100	104	107	110	114	119	123	128	131	135	142	/
1A_NB	6	a	95	99	104	111	116	120	124	127	130	136	139	143	146	150	157	163
1A_NB	6	d	96	100	105	112	117	121	125	128	131	137	140	144	147	151	158	/
1A_NB	7	a	112	116	122	128	133	137	141	144	148	154	157	161	163	167	175	180
1A_NB	7	d	113	117	123	129	134	138	142	145	149	155	158	162	164	168	176	/
1A_NB	8	a	126	130	137	144	148	151	154	157	160	166	169	174	176	180	189	195
1A_NB	8	d	127	131	138	145	149	152	155	158	161	167	170	175	177	181	190	/
1A_NB	9	a	143	148	154	160	165	169	173	176	180	185	189	193	196	200	210	215
1A_NB	9	d	144	149	155	161	166	170	174	177	181	186	190	194	197	201	211	/
1A_NB	10	a	158	162	167	174	178	182	187	190	194	199	203	208	210	215	222	227
1A_NB	10	d	159	163	168	175	179	183	188	191	195	200	204	209	211	216	223	/
1A_NB	11	a	171	175	181	188	193	196	200	204	208	213	217	222	224	228	237	242
1A_NB	11	d	172	176	182	189	194	197	201	205	209	214	218	223	225	229	238	/
1A_NB	12	a	189	194	200	208	213	217	221	225	228	235	238	242	244	248	256	261
1A_NB	12	d	190	195	201	209	214	218	222	226	229	236	239	243	245	249	257	/
1A_NB	13	a	202	206	212	219	225	230	234	237	240	245	249	253	255	259	265	270
1A_NB	13	d	203	207	213	220	226	231	235	238	241	246	250	254	256	260	266	/
1A_NB	14	a	217	222	229	237	242	246	250	253	257	262	265	269	271	275	281	286
1A_NB	14	d	218	223	230	238	243	247	251	254	258	263	266	270	272	276	282	/
1A_NB	15	a	234	239	245	253	260	264	268	272	275	279	282	286	288	292	299	305
1A_NB	15	d	235	240	246	254	261	265	269	273	276	280	283	287	289	293	300	/
1A_NB	16	a	247	252	258	265	270	273	277	281	284	289	292	297	299	303	311	317
1A_NB	16	d	248	253	259	266	271	274	278	282	285	290	293	298	300	304	312	/
2A_NB	1	a	15	18	24	27	30	34	39	42	46	54	57	63	65	67	71	77	81	84	87	90	97	101
2A_NB	1	d	16	19	25	28	31	35	40	43	47	55	58	64	66	68	72	78	82	85	88	91	98	/
2A_NB	2	a	31	34	40	43	46	49	55	58	61	67	71	77	79	81	84	90	94	98	102	105	114	118
2A_NB	2	d	32	35	41	44	47	50	56	59	62	68	72	78	80	82	85	91	95	99	103	106	115	/
2A_NB	3	a	46	49	55	58	60	63	69	72	75	82	86	91	94	96	100	106	110	113	116	120	130	134
2A_NB	3	d	47	50	56	59	61	64	70	73	76	83	87	92	95	97	101	107	111	114	117	121	131	/
2A_NB	4	a	60	63	68	71	74	77	84	88	91	99	102	108	111	114	117	123	127	130	134	137	145	148
2A_NB	4	d	61	64	69	72	75	78	85	89	92	100	103	109	112	115	118	124	128	131	135	138	146	/
2A_NB	5	a	74	78	85	88	91	94	99	103	106	115	119	127	129	131	134	139	142	145	148	151	158	161
2A_NB	5	d	75	79	86	89	92	95	100	104	107	116	120	128	130	132	135	140	143	146	149	152	159	/
2A_NB	6	a	90	93	99	102	105	108	114	118	122	131	134	140	143	146	150	155	159	162	165	169	176	179
2A_NB	6	d	91	94	100	103	106	109	115	119	123	132	135	141	144	147	151	156	160	163	166	170	177	/
2A_NB	7	a	105	108	114	117	120	123	129	132	135	142	145	151	154	156	159	164	168	172	175	179	187	191
2A_NB	7	d	106	109	115	118	121	124	130	133	136	143	146	152	155	157	160	165	169	173	176	180	188	/
2A_NB	8	a	118	121	126	129	131	134	139	142	145	152	156	163	166	169	173	180	184	188	191	194	202	205
2A_NB	8	d	119	122	127	130	132	135	140	143	146	153	157	164	167	170	174	181	185	189	192	195	203	/
2A_NB	9	a	134	137	142	145	147	150	156	160	163	170	174	179	181	183	186	191	195	199	202	206	214	218
2A_NB	9	d	135	138	143	146	148	151	157	161	164	171	175	180	182	184	187	192	196	200	203	207	215	/
2A_NB	10	a	149	153	159	161	163	166	172	176	179	186	190	195	198	201	205	211	214	217	220	223	232	236
2A_NB	10	d	150	154	160	162	164	167	173	177	180	187	191	196	199	202	206	212	215	218	221	224	233	/
2A_NB	11	a	165	168	173	176	178	181	186	189	192	199	203	208	211	214	217	223	226	229	233	237	244	247
2A_NB	11	d	166	169	174	177	179	182	187	190	193	200	204	209	212	215	218	224	227	230	234	238	245	/
2A_NB	12	a	178	181	186	189	191	194	200	204	207	215	219	225	228	230	234	240	244	247	251	255	262	265
2A_NB	12	d	179	182	187	190	192	195	201	205	208	216	220	226	229	231	235	241	245	248	252	256	263	/
2A_NB	13	a	192	195	201	204	206	210	216	219	223	230	233	239	241	244	248	253	257	260	263	267	274	278
2A_NB	13	d	193	196	202	205	207	211	217	220	224	231	234	240	242	245	249	254	258	261	264	268	275	/
2A_NB	14	a	207	210	216	219	222	226	232	235	239	247	250	257	260	262	266	272	275	279	283	286	292	296
2A_NB	14	d	208	211	217	220	223	227	233	236	240	248	251	258	261	263	267	273	276	280	284	287	293	/
2A_NB	15	a	225	229	234	236	238	242	249	252	256	264	267	274	276	279	282	287	291	294	297	301	309	314
2A_NB	15	d	226	230	235	237	239	243	250	253	257	265	268	275	277	280	283	288	292	295	298	302	310	/
2A_NB	16	a	241	245	250	252	255	259	266	269	273	280	284	289	291	293	296	302	306	309	312	316	323	326
2A_NB	16	d	242	246	251	253	256	260	267	270	274	281	285	290	292	294	297	303	307	310	313	317	324	/
2A_SB	1	a	14	16	23	27	30	32	36	43	46	49	53	57	64	68	74	77	80	86	89	93	96	99	108	114
2A_SB	1	d	15	17	24	28	31	33	37	44	47	50	54	58	65	69	75	78	81	87	90	94	97	100	109	/
2A_SB	2	a	30	32	38	42	45	48	51	58	61	64	68	71	77	81	88	91	94	101	104	108	112	116	126	132
2A_SB	2	d	31	33	39	43	46	49	52	59	62	65	69	72	78	82	89	92	95	102	105	109	113	117	127	/
2A_SB	3	a	44	47	53	56	59	61	64	70	72	75	79	82	86	90	96	100	103	110	113	117	121	124	133	139
2A_SB	3	d	45	48	54	57	60	62	65	71	73	76	80	83	87	91	97	101	104	111	114	118	122	125	134	/
2A_SB	4	a	59	62	69	72	75	78	81	87	89	92	95	99	104	108	115	118	122	128	131	135	139	143	154	159
2A_SB	4	d	60	63	70	73	76	79	82	88	90	93	96	100	105	109	116	119	123	129	132	136	140	144	155	/
2A_SB	5	a	73	76	82	86	89	91	95	102	105	108	111	114	119	122	129	132	135	140	143	147	151	155	164	169
2A_SB	5	d	74	77	83	87	90	92	96	103	106	109	112	115	120	123	130	133	136	141	144	148	152	156	165	/
2A_SB	6	a	90	93	99	103	106	109	112	119	122	125	128	131	137	141	146	150	154	160	163	166	170	173	184	189
2A_SB	6	d	91	94	100	104	107	110	113	120	123	126	129	132	138	142	147	151	155	161	164	167	171	174	185	/
2A_SB	7	a	107	109	116	119	123	125	128	133	136	139	142	145	151	154	161	164	167	172	174	178	182	186	199	204
2A_SB	7	d	108	110	117	120	124	126	129	134	137	140	143	146	152	155	162	165	168	173	175	179	183	187	200	/
2A_SB	8	a	121	123	130	134	138	140	143	148	151	154	157	160	166	169	175	178	181	187	189	192	195	198	212	217
2A_SB	8	d	122	124	131	135	139	141	144	149	152	155	158	161	167	170	176	179	182	188	190	193	196	199	213	/
2A_SB	9	a	134	136	142	146	150	153	157	163	165	168	172	175	180	183	189	192	196	201	204	208	212	215	225	231
2A_SB	9	d	135	137	143	147	151	154	158	164	166	169	173	176	181	184	190	193	197	202	205	209	213	216	226	/
2A_SB	10	a	149	152	159	163	167	169	173	180	183	187	190	193	199	202	207	210	214	220	222	225	228	232	245	251
2A_SB	10	d	150	153	160	164	168	170	174	181	184	188	191	194	200	203	208	211	215	221	223	226	229	233	246	/
2A_SB	11	a	166	168	175	179	183	185	189	195	198	202	205	208	213	217	222	225	229	235	237	240	244	248	260	265
2A_SB	11	d	167	169	176	180	184	186	190	196	199	203	206	209	214	218	223	226	230	236	238	241	245	249	261	/
2A_SB	12	a	179	181	187	191	195	197	200	205	208	212	215	219	225	228	234	238	242	248	251	254	258	261	274	280
2A_SB	12	d	180	182	188	192	196	198	201	206	209	213	216	220	226	229	235	239	243	249	252	255	259	262	275	/
2A_SB	13	a	196	199	205	209	213	216	219	225	228	231	235	239	244	247	253	257	261	267	270	273	276	280	291	298
2A_SB	13	d	197	200	206	210	214	217	220	226	229	232	236	240	245	248	254	258	262	268	271	274	277	281	292	/
2A_SB	14	a	211	213	221	224	227	230	234	241	244	248	252	256	261	265	271	275	279	285	288	291	295	298	309	314
2A_SB	14	d	212	214	222	225	228	231	235	242	245	249	253	257	262	266	272	276	280	286	289	292	296	299	310	/
2A_SB	15	a	226	229	236	240	244	247	250	256	259	262	266	269	273	277	282	286	290	296	299	302	306	309	322	327
2A_SB	15	d	227	230	237	241	245	248	251	257	260	263	267	270	274	278	283	287	291	297	300	303	307	310	323	/
2A_SB	16	a	241	244	251	255	258	260	263	270	273	277	281	284	289	293	298	302	307	313	316	319	323	326	337	343
2A_SB	16	d	242	245	252	256	259	261	264	271	274	278	282	285	290	294	299	303	308	314	317	320	324	327	338	/
3A_SB	1	a	12	18	26	29	33	37	40	43	46	49	51	53	57	60	64	68	71	73
3A_SB	1	d	13	19	27	30	34	38	41	44	47	50	52	54	58	61	65	69	72	/
3A_SB	2	a	26	31	37	40	44	48	50	53	56	59	62	64	67	70	74	77	80	83
3A_SB	2	d	27	32	38	41	45	49	51	54	57	60	63	65	68	71	75	78	81	/
3A_SB	3	a	39	45	50	53	56	60	62	65	68	72	75	77	80	83	86	89	92	95
3A_SB	3	d	40	46	51	54	57	61	63	66	69	73	76	78	81	84	87	90	93	/
3A_SB	4	a	52	58	63	66	69	73	75	77	81	85	88	90	93	96	100	104	107	111
3A_SB	4	d	53	59	64	67	70	74	76	78	82	86	89	91	94	97	101	105	108	/
3A_SB	5	a	67	72	77	81	84	87	89	91	95	99	101	104	108	112	116	120	123	126
3A_SB	5	d	68	73	78	82	85	88	90	92	96	100	102	105	109	113	117	121	124	/
3A_SB	6	a	85	89	96	100	104	107	109	112	115	119	121	124	127	130	133	136	139	143
3A_SB	6	d	86	90	97	101	105	108	110	113	116	120	122	125	128	131	134	137	140	/
3A_SB	7	a	103	108	114	117	121	125	128	130	133	137	139	142	146	149	153	156	159	162
3A_SB	7	d	104	109	115	118	122	126	129	131	134	138	140	143	147	150	154	157	160	/
3A_SB	8	a	119	125	132	135	139	142	145	148	152	156	158	160	164	167	171	174	177	180
3A_SB	8	d	120	126	133	136	140	143	146	149	153	157	159	161	165	168	172	175	178	/
3A_SB	9	a	132	138	144	147	151	154	157	159	163	167	169	172	176	179	183	186	190	193
3A_SB	9	d	133	139	145	148	152	155	158	160	164	168	170	173	177	180	184	187	191	/
3A_SB	10	a	145	150	156	159	163	166	169	171	175	179	181	183	186	189	193	196	199	203
3A_SB	10	d	146	151	157	160	164	167	170	172	176	180	182	184	187	190	194	197	200	/
3A_SB	11	a	158	162	168	172	175	178	181	184	188	193	195	197	201	205	208	211	214	217
3A_SB	11	d	159	163	169	173	176	179	182	185	189	194	196	198	202	206	209	212	215	/
3A_SB	12	a	174	180	186	190	193	196	199	201	204	208	210	212	215	219	222	225	228	231
3A_SB	12	d	175	181	187	191	194	197	200	202	205	209	211	213	216	220	223	226	229	/
3A_SB	13	a	189	194	198	202	205	209	211	214	217	220	222	224	228	232	235	239	243	246
3A_SB	13	d	190	195	199	203	206	210	212	215	218	221	223	225	229	233	236	240	244	/
3A_SB	14	a	202	206	210	214	218	222	224	226	229	232	234	236	240	243	247	250	254	257
3A_SB	14	d	203	207	211	215	219	223	225	227	230	233	235	237	241	244	248	251	255	/
3A_SB	15	a	216	222	227	231	234	238	240	242	246	249	251	254	258	261	265	268	272	276
3A_SB	15	d	217	223	228	232	235	239	241	243	247	250	252	255	259	262	266	269	273	/
3A_SB	16	a	234	240	245	249	252	255	257	260	263	267	269	272	275	279	283	286	290	293
3A_SB	16	d	235	241	246	250	253	256	258	261	264	268	270	273	276	280	284	287	291	/
3A_NB	1	a	13	16	19	22	24	27	30	34	38	42	45	50	53	56	59	62	67	71	77
3A_NB	1	d	14	17	20	23	25	28	31	35	39	43	46	51	54	57	60	63	68	72	/
3A_NB	2	a	27	31	34	37	39	43	46	50	54	57	60	64	68	71	75	78	83	88	95
3A_NB	2	d	28	32	35	38	40	44	47	51	55	58	61	65	69	72	76	79	84	89	/
3A_NB	3	a	45	49	53	55	58	61	64	68	71	74	76	80	84	87	91	94	100	105	110
3A_NB	3	d	46	50	54	56	59	62	65	69	72	75	77	81	85	88	92	95	101	106	/
3A_NB	4	a	59	62	66	68	71	74	77	80	83	86	88	92	96	99	102	105	109	113	118
3A_NB	4	d	60	63	67	69	72	75	78	81	84	87	89	93	97	100	103	106	110	114	/
3A_NB	5	a	74	77	81	83	86	89	92	96	100	104	107	111	115	118	121	124	128	133	139
3A_NB	5	d	75	78	82	84	87	90	93	97	101	105	108	112	116	119	122	125	129	134	/
3A_NB	6	a	87	90	93	95	98	101	104	108	112	115	118	122	126	130	133	136	141	147	153
3A_NB	6	d	88	91	94	96	99	102	105	109	113	116	119	123	127	131	134	137	142	148	/
3A_NB	7	a	103	106	109	111	114	117	120	124	128	132	134	138	142	145	149	151	157	162	167
3A_NB	7	d	104	107	110	112	115	118	121	125	129	133	135	139	143	146	150	152	158	163	/
3A_NB	8	a	116	120	123	125	128	131	135	139	142	146	148	152	155	159	163	165	169	174	180
3A_NB	8	d	117	121	124	126	129	132	136	140	143	147	149	153	156	160	164	166	170	175	/
3A_NB	9	a	129	132	135	137	139	142	146	150	153	157	160	165	168	172	175	178	182	186	191
3A_NB	9	d	130	133	136	138	140	143	147	151	154	158	161	166	169	173	176	179	183	187	/
3A_NB	10	a	147	151	154	156	158	162	166	170	173	176	178	183	186	190	193	195	199	203	209
3A_NB	10	d	148	152	155	157	159	163	167	171	174	177	179	184	187	191	194	196	200	204	/
3A_NB	11	a	165	168	172	174	177	180	184	188	191	195	197	203	206	210	213	215	220	225	230
3A_NB	11	d	166	169	173	175	178	181	185	189	192	196	198	204	207	211	214	216	221	226	/
3A_NB	12	a	181	184	189	191	193	196	200	204	207	210	212	217	220	223	226	229	234	239	244
3A_NB	12	d	182	185	190	192	194	197	201	205	208	211	213	218	221	224	227	230	235	240	/
3A_NB	13	a	196	200	204	206	208	211	215	219	222	226	228	233	236	239	242	244	248	254	260
3A_NB	13	d	197	201	205	207	209	212	216	220	223	227	229	234	237	240	243	245	249	255	/
3A_NB	14	a	212	216	220	223	226	229	232	236	239	242	245	250	253	256	259	262	266	271	276
3A_NB	14	d	213	217	221	224	227	230	233	237	240	243	246	251	254	257	260	263	267	272	/
3A_NB	15	a	228	232	235	238	241	244	247	251	254	258	260	265	268	272	275	278	283	288	294
3A_NB	15	d	229	233	236	239	242	245	248	252	255	259	261	266	269	273	276	279	284	289	/
3A_NB	16	a	241	245	248	250	253	256	259	262	265	269	271	275	279	282	285	288	292	298	304
3A_NB	16	d	242	246	249	251	254	257	260	263	266	270	272	276	280	283	286	289	293	299	/
