RouteID	RunID	Arrivals/Departures	TimePerStop
1A_SB	1	a	12	15	19	28	31	34	39	42	46	49	52	55	65	68	75
1A_SB	1	d	13	16	20	29	32	35	40	43	47	50	53	56	66	69	/
1A_SB	2	a	29	33	37	45	49	52	57	60	64	67	70	73	85	88	96
1A_SB	2	d	30	34	38	46	50	53	58	61	65	68	71	74	86	89	/
1A_SB	3	a	45	49	53	63	66	70	76	80	84	87	90	93	104	108	116
1A_SB	3	d	46	50	54	64	67	71	77	81	85	88	91	94	105	109	/
1A_SB	4	a	59	63	67	76	80	83	89	92	96	99	102	105	113	117	125
1A_SB	4	d	60	64	68	77	81	84	90	93	97	100	103	106	114	118	/
1A_SB	5	a	76	80	84	96	99	102	107	110	114	117	121	124	134	137	144
1A_SB	5	d	77	81	85	97	100	103	108	111	115	118	122	125	135	138	/
1A_SB	6	a	94	98	101	111	114	117	123	126	130	133	137	141	149	152	159
1A_SB	6	d	95	99	102	112	115	118	124	127	131	134	138	142	150	153	/
1A_SB	7	a	108	111	114	122	125	128	134	137	141	145	149	153	163	166	172
1A_SB	7	d	109	112	115	123	126	129	135	138	142	146	150	154	164	167	/
1A_SB	8	a	124	128	131	140	144	148	153	156	160	163	167	171	180	183	190
1A_SB	8	d	125	129	132	141	145	149	154	157	161	164	168	172	181	184	/
1A_SB	9	a	137	140	144	152	155	159	164	168	172	176	179	182	193	196	203
1A_SB	9	d	138	141	145	153	156	160	165	169	173	177	180	183	194	197	/
1A_SB	10	a	152	155	160	168	172	175	180	184	188	191	195	198	208	211	219
1A_SB	10	d	153	156	161	169	173	176	181	185	189	192	196	199	209	212	/
1A_SB	11	a	167	171	175	184	188	191	197	201	204	207	210	213	224	227	233
1A_SB	11	d	168	172	176	185	189	192	198	202	205	208	211	214	225	228	/
1A_SB	12	a	180	184	188	196	199	202	207	211	215	218	221	224	234	237	243
1A_SB	12	d	181	185	189	197	200	203	208	212	216	219	222	225	235	238	/
1A_SB	13	a	193	197	201	211	215	218	223	227	230	233	237	240	247	250	257
1A_SB	13	d	194	198	202	212	216	219	224	228	231	234	238	241	248	251	/
1A_SB	14	a	209	212	215	225	229	233	239	243	247	251	254	258	265	268	276
1A_SB	14	d	210	213	216	226	230	234	240	244	248	252	255	259	266	269	/
1A_SB	15	a	223	226	230	238	242	245	251	255	258	262	266	270	277	280	287
1A_SB	15	d	224	227	231	239	243	246	252	256	259	263	267	271	278	281	/
1A_SB	16	a	241	245	249	257	260	263	270	273	276	280	284	287	293	296	303
1A_SB	16	d	242	246	250	258	261	264	271	274	277	281	285	288	294	297	/
1A_NB	1	a	16	25	28	39	44	48	52	56	59	65	68	71	80	83	87
1A_NB	1	d	17	26	29	40	45	49	53	57	60	66	69	72	81	84	/
1A_NB	2	a	30	40	43	51	56	60	64	68	71	77	81	84	92	96	100
1A_NB	2	d	31	41	44	52	57	61	65	69	72	78	82	85	93	97	/
1A_NB	3	a	43	53	57	65	69	72	76	81	84	89	92	95	103	107	111
1A_NB	3	d	44	54	58	66	70	73	77	82	85	90	93	96	104	108	/
1A_NB	4	a	57	67	70	80	85	88	91	95	98	103	106	110	118	121	125
1A_NB	4	d	58	68	71	81	86	89	92	96	99	104	107	111	119	122	/
1A_NB	5	a	74	83	86	96	101	104	107	111	115	121	124	127	135	139	144
1A_NB	5	d	75	84	87	97	102	105	108	112	116	122	125	128	136	140	/
1A_NB	6	a	90	98	101	112	117	120	124	128	131	138	142	146	154	158	162
1A_NB	6	d	91	99	102	113	118	121	125	129	132	139	143	147	155	159	/
1A_NB	7	a	104	114	117	127	132	136	139	143	146	152	155	159	167	171	175
1A_NB	7	d	105	115	118	128	133	137	140	144	147	153	156	160	168	172	/
1A_NB	8	a	122	132	135	142	148	152	155	159	162	169	173	177	184	189	193
1A_NB	8	d	123	133	136	143	149	153	156	160	163	170	174	178	185	190	/
1A_NB	9	a	138	146	149	156	161	164	168	172	175	182	185	189	198	202	207
1A_NB	9	d	139	147	150	157	162	165	169	173	176	183	186	190	199	203	/
1A_NB	10	a	151	160	163	170	175	178	182	187	190	195	198	201	209	213	217
1A_NB	10	d	152	161	164	171	176	179	183	188	191	196	199	202	210	214	/
1A_NB	11	a	169	178	181	190	197	200	204	207	210	216	219	222	233	236	240
1A_NB	11	d	170	179	182	191	198	201	205	208	211	217	220	223	234	237	/
1A_NB	12	a	187	198	201	211	217	220	224	228	232	239	242	245	255	258	262
1A_NB	12	d	188	199	202	212	218	221	225	229	233	240	243	246	256	259	/
1A_NB	13	a	200	211	214	223	229	232	236	240	243	249	252	255	265	268	272
1A_NB	13	d	201	212	215	224	230	233	237	241	244	250	253	256	266	269	/
1A_NB	14	a	216	227	231	242	247	250	253	257	261	267	270	273	282	285	289
1A_NB	14	d	217	228	232	243	248	251	254	258	262	268	271	274	283	286	/
1A_NB	15	a	234	243	247	256	261	264	268	272	276	283	286	289	298	301	304
1A_NB	15	d	235	244	248	257	262	265	269	273	277	284	287	290	299	302	/
1A_NB	16	a	252	262	266	276	282	286	289	292	295	302	305	309	317	320	324
1A_NB	16	d	253	263	267	277	283	287	290	293	296	303	306	310	318	321	/
2A_NB	1	a	15	18	23	27	30	35	38	41	50	53	59	62	65	69	75	77	81	85
2A_NB	1	d	16	19	24	28	31	36	39	42	51	54	60	63	66	70	76	78	82	/
2A_NB	2	a	29	32	37	41	44	49	53	56	66	70	77	79	81	84	89	91	95	98
2A_NB	2	d	30	33	38	42	45	50	54	57	67	71	78	80	82	85	90	92	96	/
2A_NB	3	a	47	50	56	60	63	69	73	76	84	88	94	97	100	104	109	111	115	118
2A_NB	3	d	48	51	57	61	64	70	74	77	85	89	95	98	101	105	110	112	116	/
2A_NB	4	a	60	63	69	72	75	80	83	86	94	98	104	107	109	113	118	120	124	128
2A_NB	4	d	61	64	70	73	76	81	84	87	95	99	105	108	110	114	119	121	125	/
2A_NB	5	a	78	81	86	89	92	98	102	105	115	119	124	126	129	132	137	139	143	147
2A_NB	5	d	79	82	87	90	93	99	103	106	116	120	125	127	130	133	138	140	144	/
2A_NB	6	a	92	95	101	104	107	112	116	120	128	132	137	139	142	145	150	153	157	160
2A_NB	6	d	93	96	102	105	108	113	117	121	129	133	138	140	143	146	151	154	158	/
2A_NB	7	a	109	112	117	120	124	130	134	137	145	149	155	158	161	164	170	172	175	179
2A_NB	7	d	110	113	118	121	125	131	135	138	146	150	156	159	162	165	171	173	176	/
2A_NB	8	a	126	130	136	139	143	148	151	154	164	168	173	175	178	181	188	190	194	197
2A_NB	8	d	127	131	137	140	144	149	152	155	165	169	174	176	179	182	189	191	195	/
2A_NB	9	a	143	147	153	157	161	167	171	175	182	185	190	193	196	199	207	209	213	216
2A_NB	9	d	144	148	154	158	162	168	172	176	183	186	191	194	197	200	208	210	214	/
2A_NB	10	a	156	160	165	169	172	178	182	186	195	199	204	206	209	213	218	220	224	227
2A_NB	10	d	157	161	166	170	173	179	183	187	196	200	205	207	210	214	219	221	225	/
2A_NB	11	a	173	177	181	184	188	194	198	201	208	212	218	220	222	226	231	234	237	240
2A_NB	11	d	174	178	182	185	189	195	199	202	209	213	219	221	223	227	232	235	238	/
2A_NB	12	a	188	191	196	199	203	208	212	216	224	227	233	235	238	242	246	248	251	254
2A_NB	12	d	189	192	197	200	204	209	213	217	225	228	234	236	239	243	247	249	252	/
2A_NB	13	a	201	205	211	214	217	224	228	232	240	244	249	252	255	260	265	268	271	274
2A_NB	13	d	202	206	212	215	218	225	229	233	241	245	250	253	256	261	266	269	272	/
2A_NB	14	a	215	218	223	226	229	235	239	242	252	256	261	263	265	270	276	278	282	285
2A_NB	14	d	216	219	224	227	230	236	240	243	253	257	262	264	266	271	277	279	283	/
2A_NB	15	a	230	234	240	243	247	253	257	260	270	273	277	279	282	286	293	295	299	303
2A_NB	15	d	231	235	241	244	248	254	258	261	271	274	278	280	283	287	294	296	300	/
2A_NB	16	a	248	252	258	261	264	269	272	275	282	285	290	292	294	298	305	307	311	315
2A_NB	16	d	249	253	259	262	265	270	273	276	283	286	291	293	295	299	306	308	312	/
2A_SB	1	a	14	19	22	25	30	33	36	39	42	47	51	57	60	64	69	72	76	80
2A_SB	1	d	15	20	23	26	31	34	37	40	43	48	52	58	61	65	70	73	77	/
2A_SB	2	a	32	36	39	42	47	50	53	57	60	67	71	75	78	82	87	91	95	98
2A_SB	2	d	33	37	40	43	48	51	54	58	61	68	72	76	79	83	88	92	96	/
2A_SB	3	a	49	52	55	58	63	66	69	74	77	82	86	91	94	97	102	105	109	112
2A_SB	3	d	50	53	56	59	64	67	70	75	78	83	87	92	95	98	103	106	110	/
2A_SB	4	a	64	67	69	72	77	80	83	87	90	95	100	105	108	111	116	119	122	125
2A_SB	4	d	65	68	70	73	78	81	84	88	91	96	101	106	109	112	117	120	123	/
2A_SB	5	a	78	81	84	87	93	95	98	101	104	109	112	118	121	125	131	134	137	140
2A_SB	5	d	79	82	85	88	94	96	99	102	105	110	113	119	122	126	132	135	138	/
2A_SB	6	a	94	97	100	103	109	111	114	117	121	127	131	136	139	143	148	151	155	158
2A_SB	6	d	95	98	101	104	110	112	115	118	122	128	132	137	140	144	149	152	156	/
2A_SB	7	a	108	111	113	116	122	124	127	130	133	139	143	147	150	154	160	164	168	171
2A_SB	7	d	109	112	114	117	123	125	128	131	134	140	144	148	151	155	161	165	169	/
2A_SB	8	a	121	124	126	129	134	136	139	143	146	150	153	158	161	165	170	173	177	180
2A_SB	8	d	122	125	127	130	135	137	140	144	147	151	154	159	162	166	171	174	178	/
2A_SB	9	a	137	140	142	146	151	153	157	161	165	171	174	179	183	187	192	195	199	202
2A_SB	9	d	138	141	143	147	152	154	158	162	166	172	175	180	184	188	193	196	200	/
2A_SB	10	a	150	154	157	160	166	168	171	174	178	184	187	193	197	201	207	210	214	217
2A_SB	10	d	151	155	158	161	167	169	172	175	179	185	188	194	198	202	208	211	215	/
2A_SB	11	a	163	167	170	173	179	182	186	189	192	198	201	207	210	214	219	222	226	229
2A_SB	11	d	164	168	171	174	180	183	187	190	193	199	202	208	211	215	220	223	227	/
2A_SB	12	a	178	182	185	188	194	196	200	203	207	214	218	224	228	231	236	240	243	246
2A_SB	12	d	179	183	186	189	195	197	201	204	208	215	219	225	229	232	237	241	244	/
2A_SB	13	a	193	196	198	201	205	207	211	214	217	223	227	232	236	239	245	249	252	255
2A_SB	13	d	194	197	199	202	206	208	212	215	218	224	228	233	237	240	246	250	253	/
2A_SB	14	a	208	212	214	217	222	225	228	231	234	240	243	247	251	254	261	264	267	270
2A_SB	14	d	209	213	215	218	223	226	229	232	235	241	244	248	252	255	262	265	268	/
2A_SB	15	a	224	228	230	233	239	241	245	248	251	256	260	264	269	272	278	282	285	288
2A_SB	15	d	225	229	231	234	240	242	246	249	252	257	261	265	270	273	279	283	286	/
2A_SB	16	a	239	243	246	250	256	259	263	267	271	276	280	284	288	292	298	302	305	308
2A_SB	16	d	240	244	247	251	257	260	264	268	272	277	281	285	289	293	299	303	306	/
3A_SB	1	a	14	18	22	29	32	35	39	44	48	52	55	57	62	66	70	75	78
3A_SB	1	d	15	19	23	30	33	36	40	45	49	53	56	58	63	67	71	76	/
3A_SB	2	a	29	33	37	42	45	48	53	56	60	63	66	68	73	77	80	85	88
3A_SB	2	d	30	34	38	43	46	49	54	57	61	64	67	69	74	78	81	86	/
3A_SB	3	a	43	47	51	56	59	63	67	70	73	76	80	82	87	91	94	99	102
3A_SB	3	d	44	48	52	57	60	64	68	71	74	77	81	83	88	92	95	100	/
3A_SB	4	a	58	63	66	71	74	78	82	86	90	93	97	99	103	107	111	116	119
3A_SB	4	d	59	64	67	72	75	79	83	87	91	94	98	100	104	108	112	117	/
3A_SB	5	a	75	81	85	91	95	99	102	105	108	112	115	117	120	124	127	131	134
3A_SB	5	d	76	82	86	92	96	100	103	106	109	113	116	118	121	125	128	132	/
3A_SB	6	a	88	94	97	104	107	111	115	118	121	125	128	131	135	138	141	146	150
3A_SB	6	d	89	95	98	105	108	112	116	119	122	126	129	132	136	139	142	147	/
3A_SB	7	a	102	109	113	118	121	124	127	131	134	137	140	142	146	149	152	158	161
3A_SB	7	d	103	110	114	119	122	125	128	132	135	138	141	143	147	150	153	159	/
3A_SB	8	a	115	121	124	130	133	136	140	145	148	151	155	158	162	165	169	174	177
3A_SB	8	d	116	122	125	131	134	137	141	146	149	152	156	159	163	166	170	175	/
3A_SB	9	a	131	138	141	147	150	154	158	162	166	170	173	175	179	182	186	192	196
3A_SB	9	d	132	139	142	148	151	155	159	163	167	171	174	176	180	183	187	193	/
3A_SB	10	a	147	153	157	164	167	171	175	179	182	186	189	192	197	201	206	211	214
3A_SB	10	d	148	154	158	165	168	172	176	180	183	187	190	193	198	202	207	212	/
3A_SB	11	a	164	170	174	179	183	187	190	193	196	200	203	205	210	213	217	223	226
3A_SB	11	d	165	171	175	180	184	188	191	194	197	201	204	206	211	214	218	224	/
3A_SB	12	a	181	186	190	196	200	204	207	211	214	218	221	224	229	232	235	240	244
3A_SB	12	d	182	187	191	197	201	205	208	212	215	219	222	225	230	233	236	241	/
3A_SB	13	a	194	200	204	211	214	217	221	225	229	232	236	238	243	247	251	256	259
3A_SB	13	d	195	201	205	212	215	218	222	226	230	233	237	239	244	248	252	257	/
3A_SB	14	a	211	216	220	226	229	233	236	239	243	246	250	253	257	261	264	268	271
3A_SB	14	d	212	217	221	227	230	234	237	240	244	247	251	254	258	262	265	269	/
3A_SB	15	a	228	234	237	243	247	251	255	259	263	267	270	272	276	280	283	287	291
3A_SB	15	d	229	235	238	244	248	252	256	260	264	268	271	273	277	281	284	288	/
3A_SB	16	a	242	248	252	258	262	266	269	272	276	280	284	286	291	295	299	304	307
3A_SB	16	d	243	249	253	259	263	267	270	273	277	281	285	287	292	296	300	305	/
3A_NB	1	a	16	19	22	25	28	31	35	38	41	46	50	52	54	58	61	64	67	70
3A_NB	1	d	17	20	23	26	29	32	36	39	42	47	51	53	55	59	62	65	68	/
3A_NB	2	a	31	34	37	41	45	48	51	53	57	61	65	68	70	73	77	80	84	87
3A_NB	2	d	32	35	38	42	46	49	52	54	58	62	66	69	71	74	78	81	85	/
3A_NB	3	a	47	51	54	57	61	65	68	71	74	79	83	86	89	93	96	99	103	106
3A_NB	3	d	48	52	55	58	62	66	69	72	75	80	84	87	90	94	97	100	104	/
3A_NB	4	a	63	67	70	74	77	82	86	89	93	99	103	105	107	110	113	116	120	124
3A_NB	4	d	64	68	71	75	78	83	87	90	94	100	104	106	108	111	114	117	121	/
3A_NB	5	a	80	84	87	91	95	99	102	104	108	114	118	121	123	127	130	134	137	141
3A_NB	5	d	81	85	88	92	96	100	103	105	109	115	119	122	124	128	131	135	138	/
3A_NB	6	a	96	100	103	107	111	114	118	120	124	130	134	137	139	143	147	151	154	157
3A_NB	6	d	97	101	104	108	112	115	119	121	125	131	135	138	140	144	148	152	155	/
3A_NB	7	a	111	115	118	122	125	128	132	134	138	144	148	151	153	156	159	163	166	170
3A_NB	7	d	112	116	119	123	126	129	133	135	139	145	149	152	154	157	160	164	167	/
3A_NB	8	a	128	132	135	139	142	146	149	151	155	160	164	167	169	172	175	178	182	185
3A_NB	8	d	129	133	136	140	143	147	150	152	156	161	165	168	170	173	176	179	183	/
3A_NB	9	a	145	149	153	157	160	164	167	169	173	178	182	185	188	192	196	199	203	207
3A_NB	9	d	146	150	154	158	161	165	168	170	174	179	183	186	189	193	197	200	204	/
3A_NB	10	a	160	163	167	171	175	179	182	184	188	192	196	199	202	205	209	212	215	218
3A_NB	10	d	161	164	168	172	176	180	183	185	189	193	197	200	203	206	210	213	216	/
3A_NB	11	a	177	180	184	188	192	195	198	200	204	209	213	215	218	221	224	227	230	234
3A_NB	11	d	178	181	185	189	193	196	199	201	205	210	214	216	219	222	225	228	231	/
3A_NB	12	a	193	197	200	204	208	212	215	217	220	226	229	232	234	237	240	244	248	251
3A_NB	12	d	194	198	201	205	209	213	216	218	221	227	230	233	235	238	241	245	249	/
3A_NB	13	a	211	215	219	223	227	231	234	237	241	247	250	253	255	258	261	265	268	272
3A_NB	13	d	212	216	220	224	228	232	235	238	242	248	251	254	256	259	262	266	269	/
3A_NB	14	a	226	229	233	236	239	243	246	249	253	259	262	265	267	270	274	278	281	285
3A_NB	14	d	227	230	234	237	240	244	247	250	254	260	263	266	268	271	275	279	282	/
3A_NB	15	a	239	242	246	249	252	256	259	262	266	272	275	278	280	283	287	291	295	299
3A_NB	15	d	240	243	247	250	253	257	260	263	267	273	276	279	281	284	288	292	296	/
3A_NB	16	a	254	258	262	265	268	272	275	277	281	286	289	291	293	296	299	303	306	310
3A_NB	16	d	255	259	263	266	269	273	276	278	282	287	290	292	294	297	300	304	307	/
