RouteID	RunID	Arrivals/Departures	TimePerStop
1A_SB	1	a	13	19	26	28	31	37	40	44	47	50	54	57	60	70	76	79
1A_SB	1	d	14	20	27	29	32	38	41	45	48	51	55	58	61	71	77	/
1A_SB	2	a	28	34	43	46	50	55	58	62	65	68	72	75	78	87	92	96
1A_SB	2	d	29	35	44	47	51	56	59	63	66	69	73	76	79	88	93	/
1A_SB	3	a	43	49	58	60	64	69	72	76	80	83	86	89	92	102	107	110
1A_SB	3	d	44	50	59	61	65	70	73	77	81	84	87	90	93	103	108	/
1A_SB	4	a	61	67	76	78	82	87	89	93	96	99	102	105	108	119	124	128
1A_SB	4	d	62	68	77	79	83	88	90	94	97	100	103	106	109	120	125	/
1A_SB	5	a	76	82	89	91	95	100	102	106	109	112	115	118	121	130	135	138
1A_SB	5	d	77	83	90	92	96	101	103	107	110	113	116	119	122	131	136	/
1A_SB	6	a	94	101	109	111	115	121	123	128	131	134	137	140	144	152	157	161
1A_SB	6	d	95	102	110	112	116	122	124	129	132	135	138	141	145	153	158	/
1A_SB	7	a	109	115	125	128	131	137	139	143	147	151	154	158	162	170	175	178
1A_SB	7	d	110	116	126	129	132	138	140	144	148	152	155	159	163	171	176	/
1A_SB	8	a	125	130	140	142	146	151	154	158	161	165	168	172	175	184	189	193
1A_SB	8	d	126	131	141	143	147	152	155	159	162	166	169	173	176	185	190	/
1A_SB	9	a	142	147	154	156	159	164	167	172	175	179	183	186	189	200	205	208
1A_SB	9	d	143	148	155	157	160	165	168	173	176	180	184	187	190	201	206	/
1A_SB	10	a	160	166	173	175	178	183	185	189	193	197	200	203	207	217	223	226
1A_SB	10	d	161	167	174	176	179	184	186	190	194	198	201	204	208	218	224	/
1A_SB	11	a	176	182	190	192	195	201	204	209	213	217	220	223	227	236	242	246
1A_SB	11	d	177	183	191	193	196	202	205	210	214	218	221	224	228	237	243	/
1A_SB	12	a	192	197	206	208	211	218	221	226	229	232	235	239	243	252	257	261
1A_SB	12	d	193	198	207	209	212	219	222	227	230	233	236	240	244	253	258	/
1A_SB	13	a	205	212	220	223	226	232	235	240	244	247	250	254	257	267	272	276
1A_SB	13	d	206	213	221	224	227	233	236	241	245	248	251	255	258	268	273	/
1A_SB	14	a	223	229	239	241	245	250	253	258	262	265	269	272	275	284	289	293
1A_SB	14	d	224	230	240	242	246	251	254	259	263	266	270	273	276	285	290	/
1A_SB	15	a	237	243	251	253	257	262	265	270	274	277	280	283	286	294	299	303
1A_SB	15	d	238	244	252	254	258	263	266	271	275	278	281	284	287	295	300	/
1A_SB	16	a	252	258	267	269	272	278	280	285	288	291	294	298	301	310	315	318
1A_SB	16	d	253	259	268	270	273	279	281	286	289	292	295	299	302	311	316	/
1A_SB	17	a	269	275	284	287	290	295	298	303	307	310	314	317	320	329	335	339
1A_SB	17	d	270	276	285	288	291	296	299	304	308	311	315	318	321	330	336	/
1A_SB	18	a	287	293	300	302	306	312	314	318	322	325	329	333	337	345	351	354
1A_SB	18	d	288	294	301	303	307	313	315	319	323	326	330	334	338	346	352	/
1A_SB	19	a	301	308	315	317	320	325	327	331	334	338	341	345	349	359	364	367
1A_SB	19	d	302	309	316	318	321	326	328	332	335	339	342	346	350	360	365	/
1A_SB	20	a	315	320	327	329	332	338	340	345	348	351	355	359	363	374	380	383
1A_SB	20	d	316	321	328	330	333	339	341	346	349	352	356	360	364	375	381	/
1A_SB	21	a	331	337	346	348	351	356	359	364	368	371	374	377	381	389	395	399
1A_SB	21	d	332	338	347	349	352	357	360	365	369	372	375	378	382	390	396	/
1A_SB	22	a	349	356	365	367	370	375	378	383	387	390	393	397	400	408	414	418
1A_SB	22	d	350	357	366	368	371	376	379	384	388	391	394	398	401	409	415	/
1A_SB	23	a	363	368	377	379	382	387	390	395	400	404	408	412	416	424	429	433
1A_SB	23	d	364	369	378	380	383	388	391	396	401	405	409	413	417	425	430	/
1A_SB	24	a	376	382	390	392	395	400	402	407	411	414	418	422	425	433	438	442
1A_SB	24	d	377	383	391	393	396	401	403	408	412	415	419	423	426	434	439	/
1A_SB	25	a	390	396	404	407	410	416	419	424	427	430	435	439	442	451	456	460
1A_SB	25	d	391	397	405	408	411	417	420	425	428	431	436	440	443	452	457	/
1A_SB	26	a	408	413	421	423	426	432	435	439	442	446	450	454	458	466	471	475
1A_SB	26	d	409	414	422	424	427	433	436	440	443	447	451	455	459	467	472	/
1A_SB	27	a	424	430	439	442	445	450	452	456	459	462	465	468	472	482	487	491
1A_SB	27	d	425	431	440	443	446	451	453	457	460	463	466	469	473	483	488	/
1A_SB	28	a	442	448	456	458	461	466	468	472	476	480	483	486	489	501	505	508
1A_SB	28	d	443	449	457	459	462	467	469	473	477	481	484	487	490	502	506	/
1A_SB	29	a	458	463	471	473	476	481	483	487	491	495	499	503	507	517	522	526
1A_SB	29	d	459	464	472	474	477	482	484	488	492	496	500	504	508	518	523	/
1A_SB	30	a	476	481	491	494	498	503	505	509	513	516	520	524	527	537	543	546
1A_SB	30	d	477	482	492	495	499	504	506	510	514	517	521	525	528	538	544	/
1A_SB	31	a	492	497	506	508	512	518	520	524	528	531	534	538	541	550	556	560
1A_SB	31	d	493	498	507	509	513	519	521	525	529	532	535	539	542	551	557	/
1A_SB	32	a	508	514	523	525	528	534	537	542	546	549	553	556	559	568	574	577
1A_SB	32	d	509	515	524	526	529	535	538	543	547	550	554	557	560	569	575	/
1A_NB	1	a	12	16	21	29	35	39	42	46	49	54	58	63	66	70	79	85
1A_NB	1	d	13	17	22	30	36	40	43	47	50	55	59	64	67	71	80	/
1A_NB	2	a	26	31	36	43	49	53	56	59	63	69	72	76	79	82	89	94
1A_NB	2	d	27	32	37	44	50	54	57	60	64	70	73	77	80	83	90	/
1A_NB	3	a	43	47	52	58	64	67	71	75	79	85	88	92	95	99	105	110
1A_NB	3	d	44	48	53	59	65	68	72	76	80	86	89	93	96	100	106	/
1A_NB	4	a	58	63	69	75	80	84	88	91	94	99	102	107	110	114	120	127
1A_NB	4	d	59	64	70	76	81	85	89	92	95	100	103	108	111	115	121	/
1A_NB	5	a	75	79	84	92	97	101	105	108	111	116	119	123	125	129	137	144
1A_NB	5	d	76	80	85	93	98	102	106	109	112	117	120	124	126	130	138	/
1A_NB	6	a	91	96	101	110	115	119	123	126	129	135	138	142	144	148	155	160
1A_NB	6	d	92	97	102	111	116	120	124	127	130	136	139	143	145	149	156	/
1A_NB	7	a	109	114	120	127	132	136	139	143	146	151	155	159	161	165	173	178
1A_NB	7	d	110	115	121	128	133	137	140	144	147	152	156	160	162	166	174	/
1A_NB	8	a	127	132	137	143	147	151	155	158	161	167	170	174	176	180	188	194
1A_NB	8	d	128	133	138	144	148	152	156	159	162	168	171	175	177	181	189	/
1A_NB	9	a	142	147	151	158	163	166	170	174	178	184	187	191	193	197	204	209
1A_NB	9	d	143	148	152	159	164	167	171	175	179	185	188	192	194	198	205	/
1A_NB	10	a	160	164	170	177	182	186	190	194	198	203	207	211	214	217	224	229
1A_NB	10	d	161	165	171	178	183	187	191	195	199	204	208	212	215	218	225	/
1A_NB	11	a	174	178	184	192	198	201	205	209	212	217	220	224	226	229	235	240
1A_NB	11	d	175	179	185	193	199	202	206	210	213	218	221	225	227	230	236	/
1A_NB	12	a	187	191	196	203	208	211	215	219	222	227	230	235	237	240	248	253
1A_NB	12	d	188	192	197	204	209	212	216	220	223	228	231	236	238	241	249	/
1A_NB	13	a	202	207	213	218	223	226	230	233	237	242	245	249	252	255	263	269
1A_NB	13	d	203	208	214	219	224	227	231	234	238	243	246	250	253	256	264	/
1A_NB	14	a	219	223	228	235	241	245	249	252	256	261	264	268	270	273	280	286
1A_NB	14	d	220	224	229	236	242	246	250	253	257	262	265	269	271	274	281	/
1A_NB	15	a	235	240	246	252	257	261	265	269	272	277	280	284	287	291	300	305
1A_NB	15	d	236	241	247	253	258	262	266	270	273	278	281	285	288	292	301	/
1A_NB	16	a	251	255	261	267	273	277	281	285	289	293	296	301	304	308	315	321
1A_NB	16	d	252	256	262	268	274	278	282	286	290	294	297	302	305	309	316	/
1A_NB	17	a	268	272	279	287	292	296	300	303	306	311	315	319	322	325	334	340
1A_NB	17	d	269	273	280	288	293	297	301	304	307	312	316	320	323	326	335	/
1A_NB	18	a	284	288	294	301	306	310	314	318	322	327	330	335	337	340	348	353
1A_NB	18	d	285	289	295	302	307	311	315	319	323	328	331	336	338	341	349	/
1A_NB	19	a	298	302	308	316	321	324	328	332	335	339	342	347	350	353	360	366
1A_NB	19	d	299	303	309	317	322	325	329	333	336	340	343	348	351	354	361	/
1A_NB	20	a	314	318	323	330	335	339	343	346	350	356	359	363	366	370	378	385
1A_NB	20	d	315	319	324	331	336	340	344	347	351	357	360	364	367	371	379	/
1A_NB	21	a	331	334	339	347	353	357	361	364	368	373	376	380	383	387	393	398
1A_NB	21	d	332	335	340	348	354	358	362	365	369	374	377	381	384	388	394	/
1A_NB	22	a	345	349	355	362	367	371	375	378	382	388	392	397	400	404	411	416
1A_NB	22	d	346	350	356	363	368	372	376	379	383	389	393	398	401	405	412	/
1A_NB	23	a	359	363	369	376	381	385	389	392	396	401	404	408	410	414	421	427
1A_NB	23	d	360	364	370	377	382	386	390	393	397	402	405	409	411	415	422	/
1A_NB	24	a	372	376	381	390	395	399	403	406	409	415	418	422	425	430	437	443
1A_NB	24	d	373	377	382	391	396	400	404	407	410	416	419	423	426	431	438	/
1A_NB	25	a	390	394	400	410	415	419	423	427	431	435	439	443	446	450	458	464
1A_NB	25	d	391	395	401	411	416	420	424	428	432	436	440	444	447	451	459	/
1A_NB	26	a	407	411	416	423	428	432	436	440	444	449	453	458	461	465	472	477
1A_NB	26	d	408	412	417	424	429	433	437	441	445	450	454	459	462	466	473	/
1A_NB	27	a	421	425	431	438	444	448	452	456	459	464	468	472	475	479	485	490
1A_NB	27	d	422	426	432	439	445	449	453	457	460	465	469	473	476	480	486	/
1A_NB	28	a	437	442	447	455	461	464	468	471	474	479	483	488	491	495	502	507
1A_NB	28	d	438	443	448	456	462	465	469	472	475	480	484	489	492	496	503	/
1A_NB	29	a	452	457	462	469	475	479	483	486	490	496	499	504	507	511	519	524
1A_NB	29	d	453	458	463	470	476	480	484	487	491	497	500	505	508	512	520	/
1A_NB	30	a	467	471	477	485	491	494	498	502	506	511	514	519	522	526	534	539
1A_NB	30	d	468	472	478	486	492	495	499	503	507	512	515	520	523	527	535	/
1A_NB	31	a	484	489	494	501	507	511	515	518	522	527	531	536	539	543	550	555
1A_NB	31	d	485	490	495	502	508	512	516	519	523	528	532	537	540	544	551	/
1A_NB	32	a	497	502	509	517	522	526	530	534	538	543	547	551	553	557	565	571
1A_NB	32	d	498	503	510	518	523	527	531	535	539	544	548	552	554	558	566	/
2A_NB	1	a	15	18	25	28	30	33	39	42	46	52	55	60	63	65	68	74	77	80	84	88	97	101
2A_NB	1	d	16	19	26	29	31	34	40	43	47	53	56	61	64	66	69	75	78	81	85	89	98	/
2A_NB	2	a	32	35	40	43	46	50	56	59	62	68	71	76	79	81	85	91	94	97	101	105	112	115
2A_NB	2	d	33	36	41	44	47	51	57	60	63	69	72	77	80	82	86	92	95	98	102	106	113	/
2A_NB	3	a	50	53	58	61	63	67	72	75	78	85	88	94	97	99	103	109	112	115	119	123	130	133
2A_NB	3	d	51	54	59	62	64	68	73	76	79	86	89	95	98	100	104	110	113	116	120	124	131	/
2A_NB	4	a	64	68	73	76	79	83	89	93	96	103	107	113	116	119	123	128	131	135	138	142	149	152
2A_NB	4	d	65	69	74	77	80	84	90	94	97	104	108	114	117	120	124	129	132	136	139	143	150	/
2A_NB	5	a	81	84	90	93	96	99	105	109	112	120	124	129	132	134	138	144	148	152	155	158	164	168
2A_NB	5	d	82	85	91	94	97	100	106	110	113	121	125	130	133	135	139	145	149	153	156	159	165	/
2A_NB	6	a	96	100	106	109	112	115	120	124	127	134	137	142	145	147	151	157	161	165	168	171	178	182
2A_NB	6	d	97	101	107	110	113	116	121	125	128	135	138	143	146	148	152	158	162	166	169	172	179	/
2A_NB	7	a	111	114	119	121	124	127	132	136	139	146	149	155	157	159	163	169	172	176	179	182	189	192
2A_NB	7	d	112	115	120	122	125	128	133	137	140	147	150	156	158	160	164	170	173	177	180	183	190	/
2A_NB	8	a	127	130	135	137	139	142	149	152	156	165	169	175	178	180	184	190	194	197	201	205	213	217
2A_NB	8	d	128	131	136	138	140	143	150	153	157	166	170	176	179	181	185	191	195	198	202	206	214	/
2A_NB	9	a	144	147	153	155	157	161	166	169	173	181	185	190	193	195	199	205	208	211	214	218	227	231
2A_NB	9	d	145	148	154	156	158	162	167	170	174	182	186	191	194	196	200	206	209	212	215	219	228	/
2A_NB	10	a	160	163	169	171	173	176	182	185	189	197	200	205	208	210	214	220	224	228	232	235	241	244
2A_NB	10	d	161	164	170	172	174	177	183	186	190	198	201	206	209	211	215	221	225	229	233	236	242	/
2A_NB	11	a	173	177	183	186	188	191	198	202	206	213	216	221	224	227	230	235	239	243	246	249	256	259
2A_NB	11	d	174	178	184	187	189	192	199	203	207	214	217	222	225	228	231	236	240	244	247	250	257	/
2A_NB	12	a	187	190	196	199	201	204	210	214	218	227	230	236	239	242	246	252	255	258	262	266	274	277
2A_NB	12	d	188	191	197	200	202	205	211	215	219	228	231	237	240	243	247	253	256	259	263	267	275	/
2A_NB	13	a	205	208	213	216	219	223	229	233	236	242	246	252	254	256	260	265	269	272	276	279	287	291
2A_NB	13	d	206	209	214	217	220	224	230	234	237	243	247	253	255	257	261	266	270	273	277	280	288	/
2A_NB	14	a	223	227	232	234	236	239	245	249	252	259	263	269	272	275	279	285	289	292	295	299	306	310
2A_NB	14	d	224	228	233	235	237	240	246	250	253	260	264	270	273	276	280	286	290	293	296	300	307	/
2A_NB	15	a	241	245	251	253	255	259	266	269	272	279	282	289	291	293	296	303	306	309	312	315	323	327
2A_NB	15	d	242	246	252	254	256	260	267	270	273	280	283	290	292	294	297	304	307	310	313	316	324	/
2A_NB	16	a	258	262	267	270	272	275	280	283	286	292	296	302	305	307	311	317	321	325	329	332	340	344
2A_NB	16	d	259	263	268	271	273	276	281	284	287	293	297	303	306	308	312	318	322	326	330	333	341	/
2A_NB	17	a	274	277	283	285	287	290	296	299	302	309	313	319	322	325	328	333	337	340	343	346	352	356
2A_NB	17	d	275	278	284	286	288	291	297	300	303	310	314	320	323	326	329	334	338	341	344	347	353	/
2A_NB	18	a	287	290	294	297	299	302	309	312	315	322	325	332	335	337	340	345	349	352	355	359	367	371
2A_NB	18	d	288	291	295	298	300	303	310	313	316	323	326	333	336	338	341	346	350	353	356	360	368	/
2A_NB	19	a	302	306	311	314	316	319	326	330	333	339	342	347	349	351	354	359	363	366	369	372	380	383
2A_NB	19	d	303	307	312	315	317	320	327	331	334	340	343	348	350	352	355	360	364	367	370	373	381	/
2A_NB	20	a	320	324	330	332	335	339	344	348	352	359	363	368	371	373	377	383	386	389	393	396	404	408
2A_NB	20	d	321	325	331	333	336	340	345	349	353	360	364	369	372	374	378	384	387	390	394	397	405	/
2A_NB	21	a	338	342	347	350	353	357	363	367	371	377	380	386	388	390	394	400	403	407	410	414	420	424
2A_NB	21	d	339	343	348	351	354	358	364	368	372	378	381	387	389	391	395	401	404	408	411	415	421	/
2A_NB	22	a	355	358	364	367	369	372	378	382	385	391	395	400	403	405	408	413	417	421	424	428	436	440
2A_NB	22	d	356	359	365	368	370	373	379	383	386	392	396	401	404	406	409	414	418	422	425	429	437	/
2A_NB	23	a	371	374	381	383	386	389	395	398	401	408	412	418	421	424	427	433	437	441	445	448	456	459
2A_NB	23	d	372	375	382	384	387	390	396	399	402	409	413	419	422	425	428	434	438	442	446	449	457	/
2A_NB	24	a	388	391	397	400	402	405	412	415	419	428	431	436	439	441	445	450	454	457	460	463	470	473
2A_NB	24	d	389	392	398	401	403	406	413	416	420	429	432	437	440	442	446	451	455	458	461	464	471	/
2A_NB	25	a	402	406	412	415	418	421	427	430	433	442	445	450	453	455	459	465	469	472	475	479	486	489
2A_NB	25	d	403	407	413	416	419	422	428	431	434	443	446	451	454	456	460	466	470	473	476	480	487	/
2A_NB	26	a	420	423	428	430	432	436	442	445	449	455	458	463	466	469	472	478	482	486	490	494	500	503
2A_NB	26	d	421	424	429	431	433	437	443	446	450	456	459	464	467	470	473	479	483	487	491	495	501	/
2A_NB	27	a	436	439	445	447	449	452	458	462	466	473	476	481	484	487	490	496	499	503	506	510	517	521
2A_NB	27	d	437	440	446	448	450	453	459	463	467	474	477	482	485	488	491	497	500	504	507	511	518	/
2A_NB	28	a	454	458	464	467	469	472	478	482	485	492	496	502	505	507	510	515	518	522	525	528	535	539
2A_NB	28	d	455	459	465	468	470	473	479	483	486	493	497	503	506	508	511	516	519	523	526	529	536	/
2A_NB	29	a	468	472	478	481	483	487	493	496	500	508	512	519	521	523	527	533	537	541	545	548	556	560
2A_NB	29	d	469	473	479	482	484	488	494	497	501	509	513	520	522	524	528	534	538	542	546	549	557	/
2A_NB	30	a	482	485	490	493	495	498	503	507	511	518	522	529	531	534	538	544	548	551	555	558	565	569
2A_NB	30	d	483	486	491	494	496	499	504	508	512	519	523	530	532	535	539	545	549	552	556	559	566	/
2A_NB	31	a	496	499	504	507	509	513	519	522	525	532	535	541	544	546	550	556	559	562	566	569	576	579
2A_NB	31	d	497	500	505	508	510	514	520	523	526	533	536	542	545	547	551	557	560	563	567	570	577	/
2A_NB	32	a	509	512	517	520	522	526	533	536	540	549	552	557	560	562	566	573	576	579	582	585	593	596
2A_NB	32	d	510	513	518	521	523	527	534	537	541	550	553	558	561	563	567	574	577	580	583	586	594	/
2A_SB	1	a	13	15	23	27	30	33	36	42	45	48	51	54	61	65	71	74	77	84	87	90	93	96	104	108
2A_SB	1	d	14	16	24	28	31	34	37	43	46	49	52	55	62	66	72	75	78	85	88	91	94	97	105	/
2A_SB	2	a	28	31	39	42	45	48	52	57	60	63	66	69	74	78	84	88	91	96	99	102	105	108	118	122
2A_SB	2	d	29	32	40	43	46	49	53	58	61	64	67	70	75	79	85	89	92	97	100	103	106	109	119	/
2A_SB	3	a	46	49	55	59	63	65	68	74	77	80	83	86	92	96	102	106	110	116	119	122	126	129	140	146
2A_SB	3	d	47	50	56	60	64	66	69	75	78	81	84	87	93	97	103	107	111	117	120	123	127	130	141	/
2A_SB	4	a	62	65	73	77	81	83	86	91	93	96	100	104	110	114	119	122	126	133	136	140	143	147	158	164
2A_SB	4	d	63	66	74	78	82	84	87	92	94	97	101	105	111	115	120	123	127	134	137	141	144	148	159	/
2A_SB	5	a	78	81	91	94	98	100	104	111	114	118	121	124	129	133	137	140	143	149	152	155	159	163	176	181
2A_SB	5	d	79	82	92	95	99	101	105	112	115	119	122	125	130	134	138	141	144	150	153	156	160	164	177	/
2A_SB	6	a	93	96	104	108	112	114	117	124	127	131	134	138	144	147	152	155	159	164	167	170	173	177	189	194
2A_SB	6	d	94	97	105	109	113	115	118	125	128	132	135	139	145	148	153	156	160	165	168	171	174	178	190	/
2A_SB	7	a	109	111	117	121	124	127	130	136	139	142	146	150	156	159	165	168	172	178	181	184	187	190	202	208
2A_SB	7	d	110	112	118	122	125	128	131	137	140	143	147	151	157	160	166	169	173	179	182	185	188	191	203	/
2A_SB	8	a	123	125	132	136	140	142	145	150	153	156	159	162	168	172	177	180	184	190	193	196	200	203	216	221
2A_SB	8	d	124	126	133	137	141	143	146	151	154	157	160	163	169	173	178	181	185	191	194	197	201	204	217	/
2A_SB	9	a	141	143	150	153	157	159	162	168	170	173	176	179	184	188	194	197	201	208	211	214	218	221	234	239
2A_SB	9	d	142	144	151	154	158	160	163	169	171	174	177	180	185	189	195	198	202	209	212	215	219	222	235	/
2A_SB	10	a	159	161	167	170	173	175	178	185	188	191	195	199	203	206	212	215	218	224	226	229	232	236	248	253
2A_SB	10	d	160	162	168	171	174	176	179	186	189	192	196	200	204	207	213	216	219	225	227	230	233	237	249	/
2A_SB	11	a	177	180	188	191	195	197	201	209	211	215	219	222	227	231	237	240	244	249	251	254	258	261	273	279
2A_SB	11	d	178	181	189	192	196	198	202	210	212	216	220	223	228	232	238	241	245	250	252	255	259	262	274	/
2A_SB	12	a	194	196	203	206	210	212	215	221	223	227	230	233	238	242	248	252	256	262	265	268	272	275	287	293
2A_SB	12	d	195	197	204	207	211	213	216	222	224	228	231	234	239	243	249	253	257	263	266	269	273	276	288	/
2A_SB	13	a	209	211	219	223	227	230	234	240	243	247	251	255	261	265	271	274	277	283	285	289	292	296	309	314
2A_SB	13	d	210	212	220	224	228	231	235	241	244	248	252	256	262	266	272	275	278	284	286	290	293	297	310	/
2A_SB	14	a	226	229	235	238	241	243	246	253	256	259	263	266	272	276	282	285	289	295	298	302	305	309	320	325
2A_SB	14	d	227	230	236	239	242	244	247	254	257	260	264	267	273	277	283	286	290	296	299	303	306	310	321	/
2A_SB	15	a	243	245	253	256	259	261	264	270	273	277	281	284	289	292	298	301	305	311	314	317	321	325	339	344
2A_SB	15	d	244	246	254	257	260	262	265	271	274	278	282	285	290	293	299	302	306	312	315	318	322	326	340	/
2A_SB	16	a	261	264	270	274	278	280	284	290	293	296	299	302	308	312	317	320	324	330	333	336	340	344	358	363
2A_SB	16	d	262	265	271	275	279	281	285	291	294	297	300	303	309	313	318	321	325	331	334	337	341	345	359	/
2A_SB	17	a	277	280	288	291	294	296	299	305	308	312	315	318	323	327	333	336	340	345	348	351	354	357	371	377
2A_SB	17	d	278	281	289	292	295	297	300	306	309	313	316	319	324	328	334	337	341	346	349	352	355	358	372	/
2A_SB	18	a	291	294	301	305	308	310	314	319	321	324	328	331	337	341	346	349	353	359	361	364	367	370	383	388
2A_SB	18	d	292	295	302	306	309	311	315	320	322	325	329	332	338	342	347	350	354	360	362	365	368	371	384	/
2A_SB	19	a	306	309	316	319	323	325	329	334	336	340	344	347	353	356	362	365	369	375	378	381	384	387	399	405
2A_SB	19	d	307	310	317	320	324	326	330	335	337	341	345	348	354	357	363	366	370	376	379	382	385	388	400	/
2A_SB	20	a	319	321	327	330	334	336	340	345	348	351	355	358	364	367	372	375	379	384	387	390	394	397	409	415
2A_SB	20	d	320	322	328	331	335	337	341	346	349	352	356	359	365	368	373	376	380	385	388	391	395	398	410	/
2A_SB	21	a	336	339	345	348	351	353	356	361	364	367	371	375	381	384	389	392	395	400	402	405	409	413	425	431
2A_SB	21	d	337	340	346	349	352	354	357	362	365	368	372	376	382	385	390	393	396	401	403	406	410	414	426	/
2A_SB	22	a	353	356	362	365	369	371	374	380	383	386	389	392	399	402	407	410	413	419	422	426	430	434	447	453
2A_SB	22	d	354	357	363	366	370	372	375	381	384	387	390	393	400	403	408	411	414	420	423	427	431	435	448	/
2A_SB	23	a	370	372	378	382	386	388	391	397	400	403	407	410	416	420	426	430	433	440	443	446	450	453	465	471
2A_SB	23	d	371	373	379	383	387	389	392	398	401	404	408	411	417	421	427	431	434	441	444	447	451	454	466	/
2A_SB	24	a	384	386	392	396	399	401	405	412	414	418	422	425	430	434	439	443	447	455	458	462	465	469	482	487
2A_SB	24	d	385	387	393	397	400	402	406	413	415	419	423	426	431	435	440	444	448	456	459	463	466	470	483	/
2A_SB	25	a	400	402	409	412	415	417	421	427	430	434	438	442	447	451	456	459	463	469	472	475	479	483	495	500
2A_SB	25	d	401	403	410	413	416	418	422	428	431	435	439	443	448	452	457	460	464	470	473	476	480	484	496	/
2A_SB	26	a	413	415	422	426	429	431	434	440	442	446	450	454	460	463	468	471	475	481	484	488	492	496	508	513
2A_SB	26	d	414	416	423	427	430	432	435	441	443	447	451	455	461	464	469	472	476	482	485	489	493	497	509	/
2A_SB	27	a	428	430	436	439	442	444	447	453	455	459	462	466	472	475	481	485	488	494	497	501	504	508	520	525
2A_SB	27	d	429	431	437	440	443	445	448	454	456	460	463	467	473	476	482	486	489	495	498	502	505	509	521	/
2A_SB	28	a	441	444	450	453	457	460	463	469	471	475	478	482	489	493	498	502	506	512	515	518	521	524	535	540
2A_SB	28	d	442	445	451	454	458	461	464	470	472	476	479	483	490	494	499	503	507	513	516	519	522	525	536	/
2A_SB	29	a	455	457	465	469	473	475	479	486	489	492	495	499	505	508	514	517	521	527	529	533	537	541	553	559
2A_SB	29	d	456	458	466	470	474	476	480	487	490	493	496	500	506	509	515	518	522	528	530	534	538	542	554	/
2A_SB	30	a	468	470	476	480	484	486	489	496	499	503	507	511	516	519	524	527	531	537	539	542	546	549	561	566
2A_SB	30	d	469	471	477	481	485	487	490	497	500	504	508	512	517	520	525	528	532	538	540	543	547	550	562	/
2A_SB	31	a	486	488	495	499	502	504	508	515	518	521	524	527	532	536	543	547	551	557	559	562	565	568	580	586
2A_SB	31	d	487	489	496	500	503	505	509	516	519	522	525	528	533	537	544	548	552	558	560	563	566	569	581	/
2A_SB	32	a	500	503	509	512	515	517	521	527	530	533	537	540	546	550	556	560	563	569	572	576	580	584	597	602
2A_SB	32	d	501	504	510	513	516	518	522	528	531	534	538	541	547	551	557	561	564	570	573	577	581	585	598	/
3A_SB	1	a	15	21	27	30	34	38	40	43	47	51	53	56	60	63	66	70	73	76
3A_SB	1	d	16	22	28	31	35	39	41	44	48	52	54	57	61	64	67	71	74	/
3A_SB	2	a	31	37	42	45	49	53	55	58	62	66	68	70	74	78	82	86	90	94
3A_SB	2	d	32	38	43	46	50	54	56	59	63	67	69	71	75	79	83	87	91	/
3A_SB	3	a	45	50	57	60	63	67	70	73	76	80	82	84	88	92	96	99	103	107
3A_SB	3	d	46	51	58	61	64	68	71	74	77	81	83	85	89	93	97	100	104	/
3A_SB	4	a	59	64	70	73	76	80	83	86	89	92	95	98	102	106	109	112	116	119
3A_SB	4	d	60	65	71	74	77	81	84	87	90	93	96	99	103	107	110	113	117	/
3A_SB	5	a	73	78	83	86	89	93	96	99	102	105	107	110	113	116	119	122	126	129
3A_SB	5	d	74	79	84	87	90	94	97	100	103	106	108	111	114	117	120	123	127	/
3A_SB	6	a	90	97	103	106	110	114	117	119	122	125	127	129	133	136	139	142	146	150
3A_SB	6	d	91	98	104	107	111	115	118	120	123	126	128	130	134	137	140	143	147	/
3A_SB	7	a	108	115	121	124	128	132	134	137	141	144	147	149	153	156	159	163	166	169
3A_SB	7	d	109	116	122	125	129	133	135	138	142	145	148	150	154	157	160	164	167	/
3A_SB	8	a	125	130	137	140	144	148	151	154	158	162	164	167	171	174	177	180	183	186
3A_SB	8	d	126	131	138	141	145	149	152	155	159	163	165	168	172	175	178	181	184	/
3A_SB	9	a	138	142	148	151	154	158	161	164	168	172	174	177	181	184	187	190	193	196
3A_SB	9	d	139	143	149	152	155	159	162	165	169	173	175	178	182	185	188	191	194	/
3A_SB	10	a	156	161	167	170	173	177	180	183	186	190	193	195	199	202	206	209	213	216
3A_SB	10	d	157	162	168	171	174	178	181	184	187	191	194	196	200	203	207	210	214	/
3A_SB	11	a	174	179	186	189	192	196	199	202	205	209	211	213	217	221	224	227	231	234
3A_SB	11	d	175	180	187	190	193	197	200	203	206	210	212	214	218	222	225	228	232	/
3A_SB	12	a	190	195	202	205	208	211	213	216	219	223	225	228	231	235	238	241	244	247
3A_SB	12	d	191	196	203	206	209	212	214	217	220	224	226	229	232	236	239	242	245	/
3A_SB	13	a	203	208	215	218	221	224	226	228	232	235	237	240	244	248	251	254	257	260
3A_SB	13	d	204	209	216	219	222	225	227	229	233	236	238	241	245	249	252	255	258	/
3A_SB	14	a	221	226	233	237	240	244	246	249	252	255	257	260	264	268	272	275	278	281
3A_SB	14	d	222	227	234	238	241	245	247	250	253	256	258	261	265	269	273	276	279	/
3A_SB	15	a	236	241	248	251	254	258	261	264	268	271	273	276	280	283	287	291	294	297
3A_SB	15	d	237	242	249	252	255	259	262	265	269	272	274	277	281	284	288	292	295	/
3A_SB	16	a	252	258	264	268	272	276	278	281	284	288	290	292	296	300	305	309	312	315
3A_SB	16	d	253	259	265	269	273	277	279	282	285	289	291	293	297	301	306	310	313	/
3A_SB	17	a	267	274	280	283	286	289	291	294	297	301	303	305	309	313	318	321	324	327
3A_SB	17	d	268	275	281	284	287	290	292	295	298	302	304	306	310	314	319	322	325	/
3A_SB	18	a	281	287	293	297	300	304	306	308	311	314	317	320	324	327	331	334	337	340
3A_SB	18	d	282	288	294	298	301	305	307	309	312	315	318	321	325	328	332	335	338	/
3A_SB	19	a	294	300	306	309	312	316	318	321	324	327	330	333	337	340	344	347	351	354
3A_SB	19	d	295	301	307	310	313	317	319	322	325	328	331	334	338	341	345	348	352	/
3A_SB	20	a	309	314	320	324	327	330	332	335	338	341	343	346	349	352	355	358	362	365
3A_SB	20	d	310	315	321	325	328	331	333	336	339	342	344	347	350	353	356	359	363	/
3A_SB	21	a	327	333	339	343	347	351	354	357	360	364	366	368	371	375	378	382	385	388
3A_SB	21	d	328	334	340	344	348	352	355	358	361	365	367	369	372	376	379	383	386	/
3A_SB	22	a	345	350	356	359	362	366	369	372	375	378	380	383	386	389	393	397	400	403
3A_SB	22	d	346	351	357	360	363	367	370	373	376	379	381	384	387	390	394	398	401	/
3A_SB	23	a	358	363	369	372	375	379	382	385	388	391	393	396	400	403	407	411	415	419
3A_SB	23	d	359	364	370	373	376	380	383	386	389	392	394	397	401	404	408	412	416	/
3A_SB	24	a	371	377	384	388	392	396	399	402	406	410	412	414	418	421	425	429	432	436
3A_SB	24	d	372	378	385	389	393	397	400	403	407	411	413	415	419	422	426	430	433	/
3A_SB	25	a	386	391	396	400	404	407	410	413	416	420	422	424	428	431	435	438	442	445
3A_SB	25	d	387	392	397	401	405	408	411	414	417	421	423	425	429	432	436	439	443	/
3A_SB	26	a	404	410	417	420	423	426	428	431	434	438	440	443	447	451	455	459	463	466
3A_SB	26	d	405	411	418	421	424	427	429	432	435	439	441	444	448	452	456	460	464	/
3A_SB	27	a	418	424	431	434	438	441	444	446	450	454	456	459	462	465	468	472	475	479
3A_SB	27	d	419	425	432	435	439	442	445	447	451	455	457	460	463	466	469	473	476	/
3A_SB	28	a	435	440	446	449	452	456	458	461	465	469	471	474	477	480	483	487	490	493
3A_SB	28	d	436	441	447	450	453	457	459	462	466	470	472	475	478	481	484	488	491	/
3A_SB	29	a	448	453	459	462	465	468	470	473	477	481	484	486	489	493	496	499	502	505
3A_SB	29	d	449	454	460	463	466	469	471	474	478	482	485	487	490	494	497	500	503	/
3A_SB	30	a	466	471	477	480	484	488	490	492	495	499	501	503	507	511	514	518	522	526
3A_SB	30	d	467	472	478	481	485	489	491	493	496	500	502	504	508	512	515	519	523	/
3A_SB	31	a	479	485	492	495	498	501	504	507	511	515	517	519	523	527	531	535	538	541
3A_SB	31	d	480	486	493	496	499	502	505	508	512	516	518	520	524	528	532	536	539	/
3A_SB	32	a	494	499	504	508	511	514	516	519	522	526	528	530	534	538	542	545	548	552
3A_SB	32	d	495	500	505	509	512	515	517	520	523	527	529	531	535	539	543	546	549	/
3A_NB	1	a	17	20	23	25	28	32	36	40	44	48	51	56	59	63	66	68	73	78	83
3A_NB	1	d	18	21	24	26	29	33	37	41	45	49	52	57	60	64	67	69	74	79	/
3A_NB	2	a	35	38	41	43	46	49	52	56	59	62	64	68	72	76	79	81	86	91	96
3A_NB	2	d	36	39	42	44	47	50	53	57	60	63	65	69	73	77	80	82	87	92	/
3A_NB	3	a	53	56	60	63	66	69	73	77	81	84	87	91	95	98	101	104	109	115	122
3A_NB	3	d	54	57	61	64	67	70	74	78	82	85	88	92	96	99	102	105	110	116	/
3A_NB	4	a	67	70	73	76	78	81	84	88	92	95	97	102	106	110	114	116	121	127	134
3A_NB	4	d	68	71	74	77	79	82	85	89	93	96	98	103	107	111	115	117	122	128	/
3A_NB	5	a	85	89	92	94	97	100	103	107	111	115	118	123	127	130	134	136	140	145	150
3A_NB	5	d	86	90	93	95	98	101	104	108	112	116	119	124	128	131	135	137	141	146	/
3A_NB	6	a	103	107	110	113	115	118	122	125	129	133	135	139	143	146	149	151	155	160	165
3A_NB	6	d	104	108	111	114	116	119	123	126	130	134	136	140	144	147	150	152	156	161	/
3A_NB	7	a	119	122	125	128	130	134	137	141	145	149	152	157	161	165	168	171	175	180	185
3A_NB	7	d	120	123	126	129	131	135	138	142	146	150	153	158	162	166	169	172	176	181	/
3A_NB	8	a	134	138	142	145	147	150	154	158	162	166	168	173	177	180	183	185	189	194	199
3A_NB	8	d	135	139	143	146	148	151	155	159	163	167	169	174	178	181	184	186	190	195	/
3A_NB	9	a	152	155	158	161	164	168	171	175	179	182	185	189	193	197	200	203	207	212	217
3A_NB	9	d	153	156	159	162	165	169	172	176	180	183	186	190	194	198	201	204	208	213	/
3A_NB	10	a	166	170	173	175	178	182	185	188	192	195	198	202	205	208	211	214	218	223	228
3A_NB	10	d	167	171	174	176	179	183	186	189	193	196	199	203	206	209	212	215	219	224	/
3A_NB	11	a	182	185	189	192	194	198	201	205	209	213	215	220	224	228	231	234	238	243	248
3A_NB	11	d	183	186	190	193	195	199	202	206	210	214	216	221	225	229	232	235	239	244	/
3A_NB	12	a	198	201	204	207	210	213	216	220	223	227	230	235	239	242	246	249	253	257	262
3A_NB	12	d	199	202	205	208	211	214	217	221	224	228	231	236	240	243	247	250	254	258	/
3A_NB	13	a	216	220	224	226	228	231	234	238	241	245	248	253	256	259	262	265	270	275	280
3A_NB	13	d	217	221	225	227	229	232	235	239	242	246	249	254	257	260	263	266	271	276	/
3A_NB	14	a	230	233	236	238	240	244	248	252	255	259	261	266	270	273	276	278	283	288	293
3A_NB	14	d	231	234	237	239	241	245	249	253	256	260	262	267	271	274	277	279	284	289	/
3A_NB	15	a	246	249	253	255	258	261	265	269	272	275	278	283	287	290	294	297	303	308	313
3A_NB	15	d	247	250	254	256	259	262	266	270	273	276	279	284	288	291	295	298	304	309	/
3A_NB	16	a	262	266	269	271	273	277	280	284	288	292	295	299	303	307	311	314	318	323	328
3A_NB	16	d	263	267	270	272	274	278	281	285	289	293	296	300	304	308	312	315	319	324	/
3A_NB	17	a	280	283	287	289	291	295	299	303	306	309	311	315	319	323	327	330	335	340	345
3A_NB	17	d	281	284	288	290	292	296	300	304	307	310	312	316	320	324	328	331	336	341	/
3A_NB	18	a	297	300	304	306	309	312	316	320	323	327	329	334	337	340	343	346	351	356	361
3A_NB	18	d	298	301	305	307	310	313	317	321	324	328	330	335	338	341	344	347	352	357	/
3A_NB	19	a	312	315	319	321	323	327	330	334	337	341	344	349	352	355	358	361	366	371	376
3A_NB	19	d	313	316	320	322	324	328	331	335	338	342	345	350	353	356	359	362	367	372	/
3A_NB	20	a	330	333	336	338	341	344	348	352	355	359	361	365	368	372	376	379	383	388	394
3A_NB	20	d	331	334	337	339	342	345	349	353	356	360	362	366	369	373	377	380	384	389	/
3A_NB	21	a	347	351	354	357	359	362	365	368	372	376	379	383	387	390	393	395	399	404	409
3A_NB	21	d	348	352	355	358	360	363	366	369	373	377	380	384	388	391	394	396	400	405	/
3A_NB	22	a	362	365	368	370	372	375	379	382	386	389	392	397	400	403	406	409	413	418	423
3A_NB	22	d	363	366	369	371	373	376	380	383	387	390	393	398	401	404	407	410	414	419	/
3A_NB	23	a	376	380	383	385	387	390	394	398	402	406	408	414	417	420	423	426	431	436	442
3A_NB	23	d	377	381	384	386	388	391	395	399	403	407	409	415	418	421	424	427	432	437	/
3A_NB	24	a	389	392	395	397	399	402	406	409	413	416	418	424	427	430	433	436	441	446	452
3A_NB	24	d	390	393	396	398	400	403	407	410	414	417	419	425	428	431	434	437	442	447	/
3A_NB	25	a	403	406	410	412	415	418	421	424	427	431	434	438	442	445	448	451	455	459	464
3A_NB	25	d	404	407	411	413	416	419	422	425	428	432	435	439	443	446	449	452	456	460	/
3A_NB	26	a	417	420	424	426	428	431	434	438	441	445	448	452	455	459	462	465	470	475	480
3A_NB	26	d	418	421	425	427	429	432	435	439	442	446	449	453	456	460	463	466	471	476	/
3A_NB	27	a	435	438	442	444	446	449	452	456	459	463	466	471	475	478	482	485	489	495	501
3A_NB	27	d	436	439	443	445	447	450	453	457	460	464	467	472	476	479	483	486	490	496	/
3A_NB	28	a	450	453	456	458	461	464	467	470	474	478	480	484	488	491	495	498	503	509	515
3A_NB	28	d	451	454	457	459	462	465	468	471	475	479	481	485	489	492	496	499	504	510	/
3A_NB	29	a	465	469	472	474	476	479	483	486	489	492	494	498	501	504	508	511	514	519	525
3A_NB	29	d	466	470	473	475	477	480	484	487	490	493	495	499	502	505	509	512	515	520	/
3A_NB	30	a	479	483	486	488	491	495	498	502	505	509	512	516	519	523	527	530	534	539	545
3A_NB	30	d	480	484	487	489	492	496	499	503	506	510	513	517	520	524	528	531	535	540	/
3A_NB	31	a	493	497	500	503	505	508	511	516	520	523	526	531	535	538	541	544	548	553	559
3A_NB	31	d	494	498	501	504	506	509	512	517	521	524	527	532	536	539	542	545	549	554	/
3A_NB	32	a	511	515	519	522	524	528	531	535	538	541	543	547	551	554	557	560	565	569	575
3A_NB	32	d	512	516	520	523	525	529	532	536	539	542	544	548	552	555	558	561	566	570	/
