RouteID	RunID	Arrivals/Departures	TimePerStop
1A_SB	1	a	15	19	23	31	34	37	42	46	50	53	56	60	68	72	79
1A_SB	1	d	16	20	24	32	35	38	43	47	51	54	57	61	69	73	/
1A_SB	2	a	31	35	38	46	49	52	58	61	65	69	73	76	86	90	97
1A_SB	2	d	32	36	39	47	50	53	59	62	66	70	74	77	87	91	/
1A_SB	3	a	49	53	57	66	69	72	78	81	85	88	92	95	105	109	116
1A_SB	3	d	50	54	58	67	70	73	79	82	86	89	93	96	106	110	/
1A_SB	4	a	65	68	72	80	83	87	92	96	100	103	107	110	119	122	129
1A_SB	4	d	66	69	73	81	84	88	93	97	101	104	108	111	120	123	/
1A_SB	5	a	80	83	87	95	99	102	107	110	114	117	121	124	135	138	144
1A_SB	5	d	81	84	88	96	100	103	108	111	115	118	122	125	136	139	/
1A_SB	6	a	96	100	104	112	115	119	124	127	130	133	137	141	150	154	160
1A_SB	6	d	97	101	105	113	116	120	125	128	131	134	138	142	151	155	/
1A_SB	7	a	112	116	120	128	132	135	140	143	147	150	153	156	167	170	177
1A_SB	7	d	113	117	121	129	133	136	141	144	148	151	154	157	168	171	/
1A_SB	8	a	126	129	133	141	145	149	155	159	162	165	169	172	183	186	194
1A_SB	8	d	127	130	134	142	146	150	156	160	163	166	170	173	184	187	/
1A_SB	9	a	142	145	149	159	163	166	172	175	178	181	184	187	197	200	207
1A_SB	9	d	143	146	150	160	164	167	173	176	179	182	185	188	198	201	/
1A_SB	10	a	157	160	164	175	178	181	187	191	194	197	201	204	213	216	223
1A_SB	10	d	158	161	165	176	179	182	188	192	195	198	202	205	214	217	/
1A_SB	11	a	173	176	180	189	192	195	201	204	207	210	213	216	225	228	235
1A_SB	11	d	174	177	181	190	193	196	202	205	208	211	214	217	226	229	/
1A_SB	12	a	191	195	198	208	211	214	220	224	227	230	233	236	246	249	256
1A_SB	12	d	192	196	199	209	212	215	221	225	228	231	234	237	247	250	/
1A_SB	13	a	204	207	210	218	222	225	231	235	238	241	244	248	256	259	267
1A_SB	13	d	205	208	211	219	223	226	232	236	239	242	245	249	257	260	/
1A_SB	14	a	220	224	228	236	239	242	247	250	254	258	261	264	271	274	283
1A_SB	14	d	221	225	229	237	240	243	248	251	255	259	262	265	272	275	/
1A_SB	15	a	238	242	246	254	257	261	266	269	273	276	279	282	291	294	301
1A_SB	15	d	239	243	247	255	258	262	267	270	274	277	280	283	292	295	/
1A_SB	16	a	255	258	262	270	274	278	284	287	290	293	297	301	311	315	323
1A_SB	16	d	256	259	263	271	275	279	285	288	291	294	298	302	312	316	/
1A_SB	17	a	271	275	279	287	290	294	299	302	306	310	313	316	325	329	338
1A_SB	17	d	272	276	280	288	291	295	300	303	307	311	314	317	326	330	/
1A_SB	18	a	287	291	294	304	308	312	318	321	325	328	332	335	344	348	356
1A_SB	18	d	288	292	295	305	309	313	319	322	326	329	333	336	345	349	/
1A_SB	19	a	300	303	306	317	320	324	330	333	336	340	344	347	356	360	367
1A_SB	19	d	301	304	307	318	321	325	331	334	337	341	345	348	357	361	/
1A_SB	20	a	313	316	320	329	332	335	342	345	349	352	355	358	367	370	377
1A_SB	20	d	314	317	321	330	333	336	343	346	350	353	356	359	368	371	/
1A_SB	21	a	330	333	337	345	349	352	359	362	365	369	372	375	384	388	396
1A_SB	21	d	331	334	338	346	350	353	360	363	366	370	373	376	385	389	/
1A_SB	22	a	347	350	354	363	367	371	377	380	383	386	390	393	401	405	412
1A_SB	22	d	348	351	355	364	368	372	378	381	384	387	391	394	402	406	/
1A_SB	23	a	365	369	373	380	384	387	392	395	398	401	404	407	414	418	425
1A_SB	23	d	366	370	374	381	385	388	393	396	399	402	405	408	415	419	/
1A_SB	24	a	381	385	389	398	401	404	409	412	416	419	423	426	435	438	445
1A_SB	24	d	382	386	390	399	402	405	410	413	417	420	424	427	436	439	/
1A_SB	25	a	398	402	406	415	418	421	427	430	433	436	440	443	453	457	463
1A_SB	25	d	399	403	407	416	419	422	428	431	434	437	441	444	454	458	/
1A_SB	26	a	412	416	420	430	434	437	442	445	449	452	456	460	469	473	479
1A_SB	26	d	413	417	421	431	435	438	443	446	450	453	457	461	470	474	/
1A_SB	27	a	429	434	438	447	450	454	459	462	466	469	472	475	485	488	495
1A_SB	27	d	430	435	439	448	451	455	460	463	467	470	473	476	486	489	/
1A_SB	28	a	447	451	455	464	467	471	477	481	484	487	490	494	504	507	514
1A_SB	28	d	448	452	456	465	468	472	478	482	485	488	491	495	505	508	/
1A_SB	29	a	463	467	471	481	484	488	494	498	502	506	510	513	523	526	534
1A_SB	29	d	464	468	472	482	485	489	495	499	503	507	511	514	524	527	/
1A_SB	30	a	480	483	487	496	499	502	508	512	515	518	522	525	534	537	545
1A_SB	30	d	481	484	488	497	500	503	509	513	516	519	523	526	535	538	/
1A_SB	31	a	495	499	503	512	515	519	524	527	531	535	539	542	551	555	563
1A_SB	31	d	496	500	504	513	516	520	525	528	532	536	540	543	552	556	/
1A_SB	32	a	508	512	516	527	530	534	540	543	547	550	553	556	566	570	577
1A_SB	32	d	509	513	517	528	531	535	541	544	548	551	554	557	567	571	/
1A_SB	33	a	522	526	530	539	542	546	552	555	559	563	566	570	581	584	592
1A_SB	33	d	523	527	531	540	543	547	553	556	560	564	567	571	582	585	/
1A_SB	34	a	535	539	543	554	557	561	566	570	573	577	581	584	593	596	604
1A_SB	34	d	536	540	544	555	558	562	567	571	574	578	582	585	594	597	/
1A_SB	35	a	550	554	558	566	569	572	577	581	584	587	591	595	604	608	615
1A_SB	35	d	551	555	559	567	570	573	578	582	585	588	592	596	605	609	/
1A_SB	36	a	564	567	571	577	580	583	588	592	596	599	603	607	616	620	627
1A_SB	36	d	565	568	572	578	581	584	589	593	597	600	604	608	617	621	/
1A_SB	37	a	580	583	587	594	597	600	605	609	613	616	620	623	633	637	643
1A_SB	37	d	581	584	588	595	598	601	606	610	614	617	621	624	634	638	/
1A_SB	38	a	596	600	604	613	616	620	626	630	634	637	640	643	652	656	664
1A_SB	38	d	597	601	605	614	617	621	627	631	635	638	641	644	653	657	/
1A_SB	39	a	612	616	620	629	632	635	642	646	649	652	655	658	667	670	677
1A_SB	39	d	613	617	621	630	633	636	643	647	650	653	656	659	668	671	/
1A_SB	40	a	630	633	637	644	647	650	655	659	662	665	668	671	681	684	691
1A_SB	40	d	631	634	638	645	648	651	656	660	663	666	669	672	682	685	/
1A_SB	41	a	643	646	650	659	662	665	670	673	676	679	683	686	696	699	707
1A_SB	41	d	644	647	651	660	663	666	671	674	677	680	684	687	697	700	/
1A_SB	42	a	656	660	664	672	675	678	684	687	691	694	698	702	710	713	720
1A_SB	42	d	657	661	665	673	676	679	685	688	692	695	699	703	711	714	/
1A_SB	43	a	674	678	682	690	693	697	703	706	710	713	717	720	729	732	739
1A_SB	43	d	675	679	683	691	694	698	704	707	711	714	718	721	730	733	/
1A_SB	44	a	689	692	695	705	708	711	716	719	723	726	730	733	742	745	752
1A_SB	44	d	690	693	696	706	709	712	717	720	724	727	731	734	743	746	/
1A_SB	45	a	704	707	711	722	725	729	735	739	743	746	749	752	761	765	772
1A_SB	45	d	705	708	712	723	726	730	736	740	744	747	750	753	762	766	/
1A_SB	46	a	719	723	727	735	738	742	748	752	755	759	762	765	774	777	784
1A_SB	46	d	720	724	728	736	739	743	749	753	756	760	763	766	775	778	/
1A_SB	47	a	737	741	745	753	756	760	766	769	773	776	780	783	792	795	802
1A_SB	47	d	738	742	746	754	757	761	767	770	774	777	781	784	793	796	/
1A_SB	48	a	752	756	760	768	771	774	779	783	786	789	793	796	805	808	815
1A_SB	48	d	753	757	761	769	772	775	780	784	787	790	794	797	806	809	/
1A_SB	49	a	770	774	778	788	791	795	801	805	809	813	817	821	831	834	840
1A_SB	49	d	771	775	779	789	792	796	802	806	810	814	818	822	832	835	/
1A_SB	50	a	785	789	793	801	804	807	813	816	819	823	827	830	838	841	848
1A_SB	50	d	786	790	794	802	805	808	814	817	820	824	828	831	839	842	/
1A_SB	51	a	802	805	809	818	822	825	830	834	838	841	845	849	857	861	868
1A_SB	51	d	803	806	810	819	823	826	831	835	839	842	846	850	858	862	/
1A_SB	52	a	819	823	826	834	838	842	847	851	855	858	862	866	875	879	887
1A_SB	52	d	820	824	827	835	839	843	848	852	856	859	863	867	876	880	/
1A_SB	53	a	836	840	843	852	856	860	866	870	873	877	881	884	893	896	902
1A_SB	53	d	837	841	844	853	857	861	867	871	874	878	882	885	894	897	/
1A_SB	54	a	849	853	856	865	868	872	877	880	883	887	890	894	903	907	915
1A_SB	54	d	850	854	857	866	869	873	878	881	884	888	891	895	904	908	/
1A_SB	55	a	866	870	874	883	886	889	894	897	900	903	906	910	919	922	929
1A_SB	55	d	867	871	875	884	887	890	895	898	901	904	907	911	920	923	/
1A_SB	56	a	884	888	891	899	902	906	911	914	917	920	924	927	939	943	951
1A_SB	56	d	885	889	892	900	903	907	912	915	918	921	925	928	940	944	/
1A_SB	57	a	902	906	910	920	923	926	932	936	939	942	945	948	959	962	969
1A_SB	57	d	903	907	911	921	924	927	933	937	940	943	946	949	960	963	/
1A_SB	58	a	916	920	923	932	935	938	943	947	951	954	958	961	970	973	980
1A_SB	58	d	917	921	924	933	936	939	944	948	952	955	959	962	971	974	/
1A_SB	59	a	929	933	936	946	950	953	958	962	966	970	974	977	985	989	996
1A_SB	59	d	930	934	937	947	951	954	959	963	967	971	975	978	986	990	/
1A_SB	60	a	946	950	954	963	966	969	974	978	981	985	989	992	1001	1005	1012
1A_SB	60	d	947	951	955	964	967	970	975	979	982	986	990	993	1002	1006	/
1A_SB	61	a	962	966	970	979	982	985	990	994	998	1002	1006	1009	1019	1022	1029
1A_SB	61	d	963	967	971	980	983	986	991	995	999	1003	1007	1010	1020	1023	/
1A_SB	62	a	975	979	983	991	995	998	1004	1007	1011	1014	1018	1021	1029	1032	1039
1A_SB	62	d	976	980	984	992	996	999	1005	1008	1012	1015	1019	1022	1030	1033	/
1A_SB	63	a	988	992	996	1006	1010	1013	1019	1022	1025	1028	1031	1035	1044	1047	1054
1A_SB	63	d	989	993	997	1007	1011	1014	1020	1023	1026	1029	1032	1036	1045	1048	/
1A_SB	64	a	1003	1007	1010	1018	1022	1026	1031	1034	1037	1040	1044	1048	1057	1061	1067
1A_SB	64	d	1004	1008	1011	1019	1023	1027	1032	1035	1038	1041	1045	1049	1058	1062	/
1A_NB	1	a	15	24	28	37	42	46	50	54	57	62	66	69	77	80	83
1A_NB	1	d	16	25	29	38	43	47	51	55	58	63	67	70	78	81	/
1A_NB	2	a	30	40	44	55	60	64	68	71	75	81	84	87	96	100	103
1A_NB	2	d	31	41	45	56	61	65	69	72	76	82	85	88	97	101	/
1A_NB	3	a	45	54	57	68	73	77	81	84	87	93	96	100	110	114	118
1A_NB	3	d	46	55	58	69	74	78	82	85	88	94	97	101	111	115	/
1A_NB	4	a	62	71	75	83	87	90	94	98	102	108	111	115	123	127	131
1A_NB	4	d	63	72	76	84	88	91	95	99	103	109	112	116	124	128	/
1A_NB	5	a	80	90	93	101	105	108	111	115	118	124	127	131	139	142	146
1A_NB	5	d	81	91	94	102	106	109	112	116	119	125	128	132	140	143	/
1A_NB	6	a	94	102	105	116	121	125	129	133	136	142	146	150	159	162	166
1A_NB	6	d	95	103	106	117	122	126	130	134	137	143	147	151	160	163	/
1A_NB	7	a	107	117	120	129	134	137	141	145	149	154	157	160	169	173	177
1A_NB	7	d	108	118	121	130	135	138	142	146	150	155	158	161	170	174	/
1A_NB	8	a	120	128	132	141	146	149	153	157	161	166	170	173	181	184	188
1A_NB	8	d	121	129	133	142	147	150	154	158	162	167	171	174	182	185	/
1A_NB	9	a	134	144	147	155	160	164	168	171	174	179	183	186	195	199	203
1A_NB	9	d	135	145	148	156	161	165	169	172	175	180	184	187	196	200	/
1A_NB	10	a	147	157	161	169	175	178	182	186	189	195	198	201	209	212	216
1A_NB	10	d	148	158	162	170	176	179	183	187	190	196	199	202	210	213	/
1A_NB	11	a	164	173	177	186	191	194	197	201	205	212	215	218	225	228	232
1A_NB	11	d	165	174	178	187	192	195	198	202	206	213	216	219	226	229	/
1A_NB	12	a	182	189	193	201	206	209	213	217	220	226	229	232	240	243	247
1A_NB	12	d	183	190	194	202	207	210	214	218	221	227	230	233	241	244	/
1A_NB	13	a	198	207	211	221	226	229	233	237	240	245	248	252	260	263	267
1A_NB	13	d	199	208	212	222	227	230	234	238	241	246	249	253	261	264	/
1A_NB	14	a	214	225	228	238	244	247	251	255	259	264	267	270	278	282	286
1A_NB	14	d	215	226	229	239	245	248	252	256	260	265	268	271	279	283	/
1A_NB	15	a	228	237	240	250	255	258	262	266	270	275	278	281	289	292	296
1A_NB	15	d	229	238	241	251	256	259	263	267	271	276	279	282	290	293	/
1A_NB	16	a	242	250	253	263	268	271	274	278	282	287	290	293	301	305	308
1A_NB	16	d	243	251	254	264	269	272	275	279	283	288	291	294	302	306	/
1A_NB	17	a	257	268	271	280	285	288	292	296	299	304	307	310	320	324	328
1A_NB	17	d	258	269	272	281	286	289	293	297	300	305	308	311	321	325	/
1A_NB	18	a	275	284	287	298	303	306	310	313	317	323	326	329	335	339	343
1A_NB	18	d	276	285	288	299	304	307	311	314	318	324	327	330	336	340	/
1A_NB	19	a	290	298	301	310	316	320	324	328	332	338	342	346	354	357	361
1A_NB	19	d	291	299	302	311	317	321	325	329	333	339	343	347	355	358	/
1A_NB	20	a	307	317	320	329	335	338	341	345	348	354	357	361	368	372	375
1A_NB	20	d	308	318	321	330	336	339	342	346	349	355	358	362	369	373	/
1A_NB	21	a	323	333	337	349	354	358	362	366	369	374	377	381	389	392	395
1A_NB	21	d	324	334	338	350	355	359	363	367	370	375	378	382	390	393	/
1A_NB	22	a	340	349	353	363	369	372	376	380	384	389	393	396	405	408	412
1A_NB	22	d	341	350	354	364	370	373	377	381	385	390	394	397	406	409	/
1A_NB	23	a	354	362	366	376	381	384	387	391	394	400	404	408	416	419	423
1A_NB	23	d	355	363	367	377	382	385	388	392	395	401	405	409	417	420	/
1A_NB	24	a	370	377	380	389	394	398	401	405	408	413	416	420	430	433	437
1A_NB	24	d	371	378	381	390	395	399	402	406	409	414	417	421	431	434	/
1A_NB	25	a	388	397	400	408	414	418	422	426	429	435	438	441	451	454	458
1A_NB	25	d	389	398	401	409	415	419	423	427	430	436	439	442	452	455	/
1A_NB	26	a	401	410	413	421	426	430	434	438	442	448	451	455	464	467	471
1A_NB	26	d	402	411	414	422	427	431	435	439	443	449	452	456	465	468	/
1A_NB	27	a	418	428	431	441	447	450	454	457	461	467	470	474	482	485	489
1A_NB	27	d	419	429	432	442	448	451	455	458	462	468	471	475	483	486	/
1A_NB	28	a	436	444	448	457	462	465	468	472	475	480	483	486	495	499	503
1A_NB	28	d	437	445	449	458	463	466	469	473	476	481	484	487	496	500	/
1A_NB	29	a	452	460	463	472	478	481	485	489	493	498	501	504	512	515	519
1A_NB	29	d	453	461	464	473	479	482	486	490	494	499	502	505	513	516	/
1A_NB	30	a	466	476	479	488	494	498	501	505	508	514	518	521	529	533	537
1A_NB	30	d	467	477	480	489	495	499	502	506	509	515	519	522	530	534	/
1A_NB	31	a	483	492	496	505	510	514	518	522	525	532	536	540	548	552	556
1A_NB	31	d	484	493	497	506	511	515	519	523	526	533	537	541	549	553	/
1A_NB	32	a	496	505	508	517	522	526	530	534	537	544	547	550	558	562	567
1A_NB	32	d	497	506	509	518	523	527	531	535	538	545	548	551	559	563	/
1A_NB	33	a	511	519	522	534	539	542	545	549	553	558	561	564	573	576	581
1A_NB	33	d	512	520	523	535	540	543	546	550	554	559	562	565	574	577	/
1A_NB	34	a	526	535	538	547	553	556	560	564	567	572	576	579	587	591	595
1A_NB	34	d	527	536	539	548	554	557	561	565	568	573	577	580	588	592	/
1A_NB	35	a	540	548	552	561	566	570	574	579	583	589	592	596	606	609	613
1A_NB	35	d	541	549	553	562	567	571	575	580	584	590	593	597	607	610	/
1A_NB	36	a	557	565	568	577	582	585	589	593	597	602	605	608	617	621	625
1A_NB	36	d	558	566	569	578	583	586	590	594	598	603	606	609	618	622	/
1A_NB	37	a	575	584	587	598	603	607	611	615	619	625	628	631	640	643	647
1A_NB	37	d	576	585	588	599	604	608	612	616	620	626	629	632	641	644	/
1A_NB	38	a	588	596	599	607	612	616	620	624	628	634	637	640	649	652	655
1A_NB	38	d	589	597	600	608	613	617	621	625	629	635	638	641	650	653	/
1A_NB	39	a	606	616	619	629	634	637	641	645	648	654	658	661	670	673	677
1A_NB	39	d	607	617	620	630	635	638	642	646	649	655	659	662	671	674	/
1A_NB	40	a	621	629	633	641	646	650	654	657	660	665	668	672	681	684	688
1A_NB	40	d	622	630	634	642	647	651	655	658	661	666	669	673	682	685	/
1A_NB	41	a	634	643	647	656	662	666	670	674	678	684	687	690	700	704	708
1A_NB	41	d	635	644	648	657	663	667	671	675	679	685	688	691	701	705	/
1A_NB	42	a	649	658	661	669	675	679	682	685	689	695	698	701	711	715	719
1A_NB	42	d	650	659	662	670	676	680	683	686	690	696	699	702	712	716	/
1A_NB	43	a	664	674	677	686	691	695	699	703	706	712	715	718	727	731	735
1A_NB	43	d	665	675	678	687	692	696	700	704	707	713	716	719	728	732	/
1A_NB	44	a	680	691	694	704	709	712	716	720	724	730	733	736	746	750	753
1A_NB	44	d	681	692	695	705	710	713	717	721	725	731	734	737	747	751	/
1A_NB	45	a	696	705	708	718	723	727	730	734	737	743	746	749	758	762	765
1A_NB	45	d	697	706	709	719	724	728	731	735	738	744	747	750	759	763	/
1A_NB	46	a	712	723	726	735	740	744	748	752	755	761	765	768	777	781	785
1A_NB	46	d	713	724	727	736	741	745	749	753	756	762	766	769	778	782	/
1A_NB	47	a	727	736	740	748	753	756	760	764	767	773	776	779	787	791	795
1A_NB	47	d	728	737	741	749	754	757	761	765	768	774	777	780	788	792	/
1A_NB	48	a	741	751	754	763	768	772	775	779	783	789	792	796	803	807	811
1A_NB	48	d	742	752	755	764	769	773	776	780	784	790	793	797	804	808	/
1A_NB	49	a	758	768	772	783	788	792	796	800	804	809	812	815	822	826	830
1A_NB	49	d	759	769	773	784	789	793	797	801	805	810	813	816	823	827	/
1A_NB	50	a	774	784	787	797	802	806	809	813	817	823	826	829	838	842	846
1A_NB	50	d	775	785	788	798	803	807	810	814	818	824	827	830	839	843	/
1A_NB	51	a	788	799	802	813	818	822	826	829	833	838	841	845	851	855	859
1A_NB	51	d	789	800	803	814	819	823	827	830	834	839	842	846	852	856	/
1A_NB	52	a	804	814	818	826	831	834	838	841	844	849	852	856	864	868	872
1A_NB	52	d	805	815	819	827	832	835	839	842	845	850	853	857	865	869	/
1A_NB	53	a	820	831	834	844	849	853	857	861	864	869	872	875	883	886	889
1A_NB	53	d	821	832	835	845	850	854	858	862	865	870	873	876	884	887	/
1A_NB	54	a	835	846	849	858	863	866	870	874	877	883	886	889	898	901	905
1A_NB	54	d	836	847	850	859	864	867	871	875	878	884	887	890	899	902	/
1A_NB	55	a	849	861	864	873	879	883	887	891	895	901	904	907	914	918	922
1A_NB	55	d	850	862	865	874	880	884	888	892	896	902	905	908	915	919	/
1A_NB	56	a	863	874	878	888	894	898	902	906	910	915	918	921	930	934	938
1A_NB	56	d	864	875	879	889	895	899	903	907	911	916	919	922	931	935	/
1A_NB	57	a	881	892	895	906	912	915	919	923	927	932	935	939	948	951	955
1A_NB	57	d	882	893	896	907	913	916	920	924	928	933	936	940	949	952	/
1A_NB	58	a	895	904	907	918	923	927	931	935	938	943	946	949	957	960	963
1A_NB	58	d	896	905	908	919	924	928	932	936	939	944	947	950	958	961	/
1A_NB	59	a	908	918	921	931	936	939	943	947	950	956	959	962	970	974	978
1A_NB	59	d	909	919	922	932	937	940	944	948	951	957	960	963	971	975	/
1A_NB	60	a	921	931	934	945	951	954	957	961	964	969	972	975	984	988	992
1A_NB	60	d	922	932	935	946	952	955	958	962	965	970	973	976	985	989	/
1A_NB	61	a	934	943	946	956	962	966	970	974	977	983	986	989	996	999	1003
1A_NB	61	d	935	944	947	957	963	967	971	975	978	984	987	990	997	1000	/
1A_NB	62	a	948	958	961	969	974	978	981	985	988	994	997	1000	1007	1010	1013
1A_NB	62	d	949	959	962	970	975	979	982	986	989	995	998	1001	1008	1011	/
1A_NB	63	a	962	970	973	981	986	990	994	998	1001	1007	1010	1014	1022	1026	1029
1A_NB	63	d	963	971	974	982	987	991	995	999	1002	1008	1011	1015	1023	1027	/
1A_NB	64	a	976	986	990	1001	1006	1010	1014	1018	1021	1027	1030	1033	1042	1046	1050
1A_NB	64	d	977	987	991	1002	1007	1011	1015	1019	1022	1028	1031	1034	1043	1047	/
2A_NB	1	a	12	16	22	26	30	37	41	44	52	56	61	64	67	71	77	79	83	87
2A_NB	1	d	13	17	23	27	31	38	42	45	53	57	62	65	68	72	78	80	84	/
2A_NB	2	a	25	28	34	38	41	48	51	55	63	66	71	74	77	80	85	87	91	95
2A_NB	2	d	26	29	35	39	42	49	52	56	64	67	72	75	78	81	86	88	92	/
2A_NB	3	a	40	43	49	53	57	62	65	69	76	80	86	88	91	95	101	104	108	112
2A_NB	3	d	41	44	50	54	58	63	66	70	77	81	87	89	92	96	102	105	109	/
2A_NB	4	a	57	60	66	70	74	79	82	85	94	97	103	105	108	112	118	120	124	128
2A_NB	4	d	58	61	67	71	75	80	83	86	95	98	104	106	109	113	119	121	125	/
2A_NB	5	a	75	78	84	87	90	96	100	104	112	116	121	123	126	129	136	138	142	145
2A_NB	5	d	76	79	85	88	91	97	101	105	113	117	122	124	127	130	137	139	143	/
2A_NB	6	a	91	94	100	104	108	113	117	120	127	131	137	140	143	147	154	156	159	162
2A_NB	6	d	92	95	101	105	109	114	118	121	128	132	138	141	144	148	155	157	160	/
2A_NB	7	a	106	110	115	118	122	128	132	136	145	149	154	157	160	164	170	172	176	180
2A_NB	7	d	107	111	116	119	123	129	133	137	146	150	155	158	161	165	171	173	177	/
2A_NB	8	a	119	123	129	133	137	143	147	150	159	163	168	170	172	176	182	184	187	190
2A_NB	8	d	120	124	130	134	138	144	148	151	160	164	169	171	173	177	183	185	188	/
2A_NB	9	a	134	138	144	148	152	158	161	164	173	177	183	186	189	193	199	201	205	208
2A_NB	9	d	135	139	145	149	153	159	162	165	174	178	184	187	190	194	200	202	206	/
2A_NB	10	a	147	151	157	160	163	169	173	176	185	189	194	197	200	204	210	212	215	218
2A_NB	10	d	148	152	158	161	164	170	174	177	186	190	195	198	201	205	211	213	216	/
2A_NB	11	a	165	168	174	177	180	186	190	194	202	206	211	214	217	221	226	228	232	235
2A_NB	11	d	166	169	175	178	181	187	191	195	203	207	212	215	218	222	227	229	233	/
2A_NB	12	a	179	182	187	190	193	199	202	205	213	217	222	225	228	232	237	239	243	246
2A_NB	12	d	180	183	188	191	194	200	203	206	214	218	223	226	229	233	238	240	244	/
2A_NB	13	a	197	200	204	207	211	217	221	225	235	239	244	247	250	254	259	261	264	268
2A_NB	13	d	198	201	205	208	212	218	222	226	236	240	245	248	251	255	260	262	265	/
2A_NB	14	a	215	218	223	226	229	234	238	241	249	253	258	261	264	268	273	276	279	283
2A_NB	14	d	216	219	224	227	230	235	239	242	250	254	259	262	265	269	274	277	280	/
2A_NB	15	a	228	231	237	241	244	249	252	255	265	269	274	276	278	281	286	288	292	296
2A_NB	15	d	229	232	238	242	245	250	253	256	266	270	275	277	279	282	287	289	293	/
2A_NB	16	a	241	244	249	252	255	261	265	268	278	282	287	289	291	294	300	303	306	310
2A_NB	16	d	242	245	250	253	256	262	266	269	279	283	288	290	292	295	301	304	307	/
2A_NB	17	a	259	263	269	272	276	282	286	289	298	301	306	308	311	315	320	322	326	330
2A_NB	17	d	260	264	270	273	277	283	287	290	299	302	307	309	312	316	321	323	327	/
2A_NB	18	a	272	275	280	283	287	292	296	299	308	312	317	320	323	327	332	334	338	342
2A_NB	18	d	273	276	281	284	288	293	297	300	309	313	318	321	324	328	333	335	339	/
2A_NB	19	a	290	294	299	302	305	311	315	319	329	333	338	341	344	347	354	357	360	364
2A_NB	19	d	291	295	300	303	306	312	316	320	330	334	339	342	345	348	355	358	361	/
2A_NB	20	a	305	308	314	318	321	327	331	334	344	348	354	356	358	361	366	368	372	376
2A_NB	20	d	306	309	315	319	322	328	332	335	345	349	355	357	359	362	367	369	373	/
2A_NB	21	a	323	326	332	336	340	346	350	354	363	366	371	373	375	378	384	386	389	393
2A_NB	21	d	324	327	333	337	341	347	351	355	364	367	372	374	376	379	385	387	390	/
2A_NB	22	a	337	341	346	349	353	359	363	366	373	376	381	383	386	389	394	396	400	404
2A_NB	22	d	338	342	347	350	354	360	364	367	374	377	382	384	387	390	395	397	401	/
2A_NB	23	a	352	355	361	365	368	373	377	380	387	391	397	400	402	406	412	415	419	423
2A_NB	23	d	353	356	362	366	369	374	378	381	388	392	398	401	403	407	413	416	420	/
2A_NB	24	a	369	372	377	380	384	390	394	397	404	407	412	414	416	420	426	428	431	435
2A_NB	24	d	370	373	378	381	385	391	395	398	405	408	413	415	417	421	427	429	432	/
2A_NB	25	a	385	389	395	398	402	409	413	416	424	427	432	435	438	442	447	449	453	457
2A_NB	25	d	386	390	396	399	403	410	414	417	425	428	433	436	439	443	448	450	454	/
2A_NB	26	a	403	407	413	416	419	425	428	431	438	441	447	450	453	456	461	464	468	472
2A_NB	26	d	404	408	414	417	420	426	429	432	439	442	448	451	454	457	462	465	469	/
2A_NB	27	a	417	421	426	429	432	438	441	445	452	456	461	463	466	470	476	478	482	486
2A_NB	27	d	418	422	427	430	433	439	442	446	453	457	462	464	467	471	477	479	483	/
2A_NB	28	a	433	436	441	444	448	455	458	461	468	472	478	480	482	486	491	493	496	500
2A_NB	28	d	434	437	442	445	449	456	459	462	469	473	479	481	483	487	492	494	497	/
2A_NB	29	a	449	452	457	461	465	471	474	478	486	489	495	498	500	504	509	512	516	520
2A_NB	29	d	450	453	458	462	466	472	475	479	487	490	496	499	501	505	510	513	517	/
2A_NB	30	a	463	466	471	475	478	484	488	491	499	503	509	512	515	519	524	527	531	535
2A_NB	30	d	464	467	472	476	479	485	489	492	500	504	510	513	516	520	525	528	532	/
2A_NB	31	a	479	482	487	490	494	499	503	506	515	519	525	528	530	534	539	541	544	548
2A_NB	31	d	480	483	488	491	495	500	504	507	516	520	526	529	531	535	540	542	545	/
2A_NB	32	a	492	495	500	503	506	511	515	518	527	530	535	538	540	544	549	551	554	558
2A_NB	32	d	493	496	501	504	507	512	516	519	528	531	536	539	541	545	550	552	555	/
2A_NB	33	a	509	513	518	522	526	531	535	539	546	550	554	556	558	562	567	570	574	577
2A_NB	33	d	510	514	519	523	527	532	536	540	547	551	555	557	559	563	568	571	575	/
2A_NB	34	a	523	527	532	535	539	545	548	551	558	562	567	569	571	575	580	582	586	590
2A_NB	34	d	524	528	533	536	540	546	549	552	559	563	568	570	572	576	581	583	587	/
2A_NB	35	a	536	539	545	548	551	557	561	564	573	577	582	584	586	590	595	598	602	605
2A_NB	35	d	537	540	546	549	552	558	562	565	574	578	583	585	587	591	596	599	603	/
2A_NB	36	a	550	554	559	563	566	572	576	579	588	592	597	599	602	606	611	613	617	621
2A_NB	36	d	551	555	560	564	567	573	577	580	589	593	598	600	603	607	612	614	618	/
2A_NB	37	a	565	569	574	577	580	586	590	593	600	604	609	611	614	617	623	626	629	633
2A_NB	37	d	566	570	575	578	581	587	591	594	601	605	610	612	615	618	624	627	630	/
2A_NB	38	a	579	583	588	592	596	601	604	607	615	618	624	626	629	632	638	640	644	647
2A_NB	38	d	580	584	589	593	597	602	605	608	616	619	625	627	630	633	639	641	645	/
2A_NB	39	a	593	597	602	605	608	613	616	619	628	631	636	638	641	644	649	651	654	657
2A_NB	39	d	594	598	603	606	609	614	617	620	629	632	637	639	642	645	650	652	655	/
2A_NB	40	a	611	615	620	624	628	634	638	641	649	652	657	660	662	666	671	673	676	679
2A_NB	40	d	612	616	621	625	629	635	639	642	650	653	658	661	663	667	672	674	677	/
2A_NB	41	a	628	632	638	642	645	650	654	657	664	667	672	674	677	681	687	689	693	697
2A_NB	41	d	629	633	639	643	646	651	655	658	665	668	673	675	678	682	688	690	694	/
2A_NB	42	a	646	650	656	660	664	670	674	677	685	689	695	697	699	703	709	711	714	718
2A_NB	42	d	647	651	657	661	665	671	675	678	686	690	696	698	700	704	710	712	715	/
2A_NB	43	a	660	664	669	672	676	683	686	689	696	699	705	707	710	714	720	722	725	729
2A_NB	43	d	661	665	670	673	677	684	687	690	697	700	706	708	711	715	721	723	726	/
2A_NB	44	a	677	680	685	688	692	698	701	704	713	716	721	723	725	728	735	737	741	745
2A_NB	44	d	678	681	686	689	693	699	702	705	714	717	722	724	726	729	736	738	742	/
2A_NB	45	a	694	698	704	707	711	717	721	725	733	736	741	744	746	750	756	758	762	766
2A_NB	45	d	695	699	705	708	712	718	722	726	734	737	742	745	747	751	757	759	763	/
2A_NB	46	a	711	714	720	723	726	731	734	738	746	750	756	758	761	765	772	775	779	782
2A_NB	46	d	712	715	721	724	727	732	735	739	747	751	757	759	762	766	773	776	780	/
2A_NB	47	a	726	729	735	738	742	748	752	756	765	769	774	776	779	783	789	791	794	797
2A_NB	47	d	727	730	736	739	743	749	753	757	766	770	775	777	780	784	790	792	795	/
2A_NB	48	a	743	746	752	755	759	764	767	770	778	782	787	789	792	796	802	804	808	811
2A_NB	48	d	744	747	753	756	760	765	768	771	779	783	788	790	793	797	803	805	809	/
2A_NB	49	a	760	763	768	771	775	780	784	787	796	800	807	809	812	816	821	823	826	830
2A_NB	49	d	761	764	769	772	776	781	785	788	797	801	808	810	813	817	822	824	827	/
2A_NB	50	a	774	777	782	785	789	795	798	801	809	812	817	820	823	827	832	834	837	841
2A_NB	50	d	775	778	783	786	790	796	799	802	810	813	818	821	824	828	833	835	838	/
2A_NB	51	a	789	793	799	803	806	812	815	818	827	830	836	839	842	845	851	853	857	861
2A_NB	51	d	790	794	800	804	807	813	816	819	828	831	837	840	843	846	852	854	858	/
2A_NB	52	a	802	806	811	814	818	824	828	831	839	843	849	852	855	858	863	866	870	874
2A_NB	52	d	803	807	812	815	819	825	829	832	840	844	850	853	856	859	864	867	871	/
2A_NB	53	a	820	824	829	832	835	840	843	846	854	858	863	866	868	871	877	880	884	888
2A_NB	53	d	821	825	830	833	836	841	844	847	855	859	864	867	869	872	878	881	885	/
2A_NB	54	a	836	839	844	847	851	857	860	863	872	876	881	883	886	890	895	898	902	906
2A_NB	54	d	837	840	845	848	852	858	861	864	873	877	882	884	887	891	896	899	903	/
2A_NB	55	a	849	852	857	860	864	869	872	876	885	888	894	897	899	902	908	910	913	917
2A_NB	55	d	850	853	858	861	865	870	873	877	886	889	895	898	900	903	909	911	914	/
2A_NB	56	a	864	868	874	877	880	887	890	893	903	907	914	917	920	924	930	933	937	941
2A_NB	56	d	865	869	875	878	881	888	891	894	904	908	915	918	921	925	931	934	938	/
2A_NB	57	a	880	883	889	892	896	902	906	910	918	921	927	930	933	936	941	944	947	951
2A_NB	57	d	881	884	890	893	897	903	907	911	919	922	928	931	934	937	942	945	948	/
2A_NB	58	a	897	901	908	911	914	920	924	928	937	941	947	949	952	955	960	963	967	971
2A_NB	58	d	898	902	909	912	915	921	925	929	938	942	948	950	953	956	961	964	968	/
2A_NB	59	a	912	916	922	925	928	934	938	942	952	955	961	963	965	969	974	976	980	984
2A_NB	59	d	913	917	923	926	929	935	939	943	953	956	962	964	966	970	975	977	981	/
2A_NB	60	a	928	931	937	940	944	950	954	958	965	969	974	977	980	984	989	992	995	999
2A_NB	60	d	929	932	938	941	945	951	955	959	966	970	975	978	981	985	990	993	996	/
2A_NB	61	a	943	946	951	955	959	966	969	973	980	984	989	992	994	998	1003	1006	1010	1013
2A_NB	61	d	944	947	952	956	960	967	970	974	981	985	990	993	995	999	1004	1007	1011	/
2A_NB	62	a	961	965	971	974	977	984	987	990	999	1003	1008	1010	1012	1016	1021	1024	1027	1031
2A_NB	62	d	962	966	972	975	978	985	988	991	1000	1004	1009	1011	1013	1017	1022	1025	1028	/
2A_NB	63	a	975	978	984	987	990	996	1000	1003	1012	1016	1021	1023	1025	1029	1034	1037	1041	1044
2A_NB	63	d	976	979	985	988	991	997	1001	1004	1013	1017	1022	1024	1026	1030	1035	1038	1042	/
2A_NB	64	a	991	995	1000	1003	1006	1011	1015	1019	1027	1030	1035	1038	1041	1045	1050	1053	1057	1061
2A_NB	64	d	992	996	1001	1004	1007	1012	1016	1020	1028	1031	1036	1039	1042	1046	1051	1054	1058	/
2A_SB	1	a	14	17	19	22	28	30	34	38	41	47	50	55	58	62	68	71	75	78
2A_SB	1	d	15	18	20	23	29	31	35	39	42	48	51	56	59	63	69	72	76	/
2A_SB	2	a	28	31	34	37	43	46	49	53	56	61	65	71	75	79	85	88	92	95
2A_SB	2	d	29	32	35	38	44	47	50	54	57	62	66	72	76	80	86	89	93	/
2A_SB	3	a	44	47	50	53	58	60	63	67	70	76	79	85	89	93	99	102	106	109
2A_SB	3	d	45	48	51	54	59	61	64	68	71	77	80	86	90	94	100	103	107	/
2A_SB	4	a	59	63	66	69	74	77	81	84	88	93	96	102	106	109	114	118	122	125
2A_SB	4	d	60	64	67	70	75	78	82	85	89	94	97	103	107	110	115	119	123	/
2A_SB	5	a	77	80	82	85	90	93	97	101	104	109	112	118	121	124	129	132	136	139
2A_SB	5	d	78	81	83	86	91	94	98	102	105	110	113	119	122	125	130	133	137	/
2A_SB	6	a	93	96	99	102	107	110	113	116	119	124	128	134	137	141	146	150	153	156
2A_SB	6	d	94	97	100	103	108	111	114	117	120	125	129	135	138	142	147	151	154	/
2A_SB	7	a	108	112	114	118	123	125	129	133	136	141	145	150	154	157	162	166	170	173
2A_SB	7	d	109	113	115	119	124	126	130	134	137	142	146	151	155	158	163	167	171	/
2A_SB	8	a	126	130	133	137	142	144	148	152	156	162	166	171	175	179	185	189	192	196
2A_SB	8	d	127	131	134	138	143	145	149	153	157	163	167	172	176	180	186	190	193	/
2A_SB	9	a	139	142	144	147	152	155	158	162	166	171	174	179	183	187	193	197	200	204
2A_SB	9	d	140	143	145	148	153	156	159	163	167	172	175	180	184	188	194	198	201	/
2A_SB	10	a	154	158	161	165	170	173	176	179	183	188	191	198	202	206	212	215	218	222
2A_SB	10	d	155	159	162	166	171	174	177	180	184	189	192	199	203	207	213	216	219	/
2A_SB	11	a	167	171	174	177	182	185	188	191	195	202	206	211	215	219	225	228	232	235
2A_SB	11	d	168	172	175	178	183	186	189	192	196	203	207	212	216	220	226	229	233	/
2A_SB	12	a	180	184	186	189	195	198	201	204	207	214	218	224	227	232	239	242	245	248
2A_SB	12	d	181	185	187	190	196	199	202	205	208	215	219	225	228	233	240	243	246	/
2A_SB	13	a	198	202	204	208	214	216	220	223	226	232	236	241	244	248	253	256	260	264
2A_SB	13	d	199	203	205	209	215	217	221	224	227	233	237	242	245	249	254	257	261	/
2A_SB	14	a	211	216	219	223	230	233	237	240	243	248	251	257	261	264	270	273	277	280
2A_SB	14	d	212	217	220	224	231	234	238	241	244	249	252	258	262	265	271	274	278	/
2A_SB	15	a	228	232	235	239	245	247	251	255	259	264	268	273	276	280	286	289	293	296
2A_SB	15	d	229	233	236	240	246	248	252	256	260	265	269	274	277	281	287	290	294	/
2A_SB	16	a	245	249	252	256	261	264	267	270	273	278	281	286	290	293	298	301	304	308
2A_SB	16	d	246	250	253	257	262	265	268	271	274	279	282	287	291	294	299	302	305	/
2A_SB	17	a	260	263	266	269	275	278	282	286	289	295	299	305	309	313	319	323	327	330
2A_SB	17	d	261	264	267	270	276	279	283	287	290	296	300	306	310	314	320	324	328	/
2A_SB	18	a	277	281	283	287	293	295	299	303	306	311	314	319	322	326	332	336	340	343
2A_SB	18	d	278	282	284	288	294	296	300	304	307	312	315	320	323	327	333	337	341	/
2A_SB	19	a	292	296	298	302	307	309	313	317	320	325	328	333	337	340	346	350	353	356
2A_SB	19	d	293	297	299	303	308	310	314	318	321	326	329	334	338	341	347	351	354	/
2A_SB	20	a	305	309	312	315	320	323	327	331	334	339	342	347	351	354	361	365	368	371
2A_SB	20	d	306	310	313	316	321	324	328	332	335	340	343	348	352	355	362	366	369	/
2A_SB	21	a	320	324	326	329	334	336	339	342	345	350	353	358	362	365	371	375	379	382
2A_SB	21	d	321	325	327	330	335	337	340	343	346	351	354	359	363	366	372	376	380	/
2A_SB	22	a	334	337	340	343	348	351	355	358	362	368	371	377	380	384	390	394	398	401
2A_SB	22	d	335	338	341	344	349	352	356	359	363	369	372	378	381	385	391	395	399	/
2A_SB	23	a	350	354	357	360	366	369	373	377	380	385	389	394	397	400	406	409	413	416
2A_SB	23	d	351	355	358	361	367	370	374	378	381	386	390	395	398	401	407	410	414	/
2A_SB	24	a	363	367	369	372	378	380	384	387	390	395	399	404	408	412	418	421	425	428
2A_SB	24	d	364	368	370	373	379	381	385	388	391	396	400	405	409	413	419	422	426	/
2A_SB	25	a	381	385	387	391	396	398	401	405	408	414	418	424	427	431	437	440	444	447
2A_SB	25	d	382	386	388	392	397	399	402	406	409	415	419	425	428	432	438	441	445	/
2A_SB	26	a	395	399	401	405	410	413	416	419	422	427	431	436	440	444	449	452	456	459
2A_SB	26	d	396	400	402	406	411	414	417	420	423	428	432	437	441	445	450	453	457	/
2A_SB	27	a	409	412	415	419	424	426	429	433	436	442	445	451	455	459	464	467	471	474
2A_SB	27	d	410	413	416	420	425	427	430	434	437	443	446	452	456	460	465	468	472	/
2A_SB	28	a	423	426	428	431	436	438	441	444	447	453	456	461	465	469	475	478	482	485
2A_SB	28	d	424	427	429	432	437	439	442	445	448	454	457	462	466	470	476	479	483	/
2A_SB	29	a	441	444	447	450	455	457	460	463	466	472	476	481	484	488	494	497	500	504
2A_SB	29	d	442	445	448	451	456	458	461	464	467	473	477	482	485	489	495	498	501	/
2A_SB	30	a	456	460	462	465	470	473	477	481	484	490	493	498	502	506	512	515	518	521
2A_SB	30	d	457	461	463	466	471	474	478	482	485	491	494	499	503	507	513	516	519	/
2A_SB	31	a	469	473	475	479	484	486	490	494	497	503	506	512	516	520	526	529	533	536
2A_SB	31	d	470	474	476	480	485	487	491	495	498	504	507	513	517	521	527	530	534	/
2A_SB	32	a	485	489	492	496	501	504	508	512	515	521	525	530	534	538	544	547	551	554
2A_SB	32	d	486	490	493	497	502	505	509	513	516	522	526	531	535	539	545	548	552	/
2A_SB	33	a	498	501	503	507	512	514	518	522	525	531	534	539	542	545	551	554	558	561
2A_SB	33	d	499	502	504	508	513	515	519	523	526	532	535	540	543	546	552	555	559	/
2A_SB	34	a	514	517	520	523	528	531	534	537	540	545	548	553	556	560	565	568	572	576
2A_SB	34	d	515	518	521	524	529	532	535	538	541	546	549	554	557	561	566	569	573	/
2A_SB	35	a	532	535	538	541	547	550	553	556	559	565	568	572	575	579	584	587	591	594
2A_SB	35	d	533	536	539	542	548	551	554	557	560	566	569	573	576	580	585	588	592	/
2A_SB	36	a	545	548	551	555	560	562	565	568	571	576	580	585	588	592	597	600	603	606
2A_SB	36	d	546	549	552	556	561	563	566	569	572	577	581	586	589	593	598	601	604	/
2A_SB	37	a	558	562	564	567	572	575	579	582	586	591	595	600	603	607	613	616	619	622
2A_SB	37	d	559	563	565	568	573	576	580	583	587	592	596	601	604	608	614	617	620	/
2A_SB	38	a	575	579	581	584	590	593	597	601	604	610	613	619	622	626	633	636	640	643
2A_SB	38	d	576	580	582	585	591	594	598	602	605	611	614	620	623	627	634	637	641	/
2A_SB	39	a	588	592	594	597	603	605	608	611	614	619	623	628	631	635	641	644	647	650
2A_SB	39	d	589	593	595	598	604	606	609	612	615	620	624	629	632	636	642	645	648	/
2A_SB	40	a	603	606	608	611	616	618	621	624	628	633	636	641	645	649	656	659	663	667
2A_SB	40	d	604	607	609	612	617	619	622	625	629	634	637	642	646	650	657	660	664	/
2A_SB	41	a	617	620	622	625	631	634	638	641	645	651	654	659	663	666	671	674	677	680
2A_SB	41	d	618	621	623	626	632	635	639	642	646	652	655	660	664	667	672	675	678	/
2A_SB	42	a	633	637	640	643	647	650	653	656	660	666	670	676	679	683	689	692	696	700
2A_SB	42	d	634	638	641	644	648	651	654	657	661	667	671	677	680	684	690	693	697	/
2A_SB	43	a	646	650	653	656	661	663	667	670	673	679	683	689	693	697	703	706	710	714
2A_SB	43	d	647	651	654	657	662	664	668	671	674	680	684	690	694	698	704	707	711	/
2A_SB	44	a	661	664	666	669	675	677	681	685	689	694	697	702	706	710	716	719	722	726
2A_SB	44	d	662	665	667	670	676	678	682	686	690	695	698	703	707	711	717	720	723	/
2A_SB	45	a	677	680	683	686	692	695	698	702	706	712	715	720	724	728	734	737	740	744
2A_SB	45	d	678	681	684	687	693	696	699	703	707	713	716	721	725	729	735	738	741	/
2A_SB	46	a	690	694	697	700	705	707	711	714	717	723	726	732	736	740	746	749	753	756
2A_SB	46	d	691	695	698	701	706	708	712	715	718	724	727	733	737	741	747	750	754	/
2A_SB	47	a	707	711	713	717	723	726	729	732	735	742	746	751	755	759	765	768	771	775
2A_SB	47	d	708	712	714	718	724	727	730	733	736	743	747	752	756	760	766	769	772	/
2A_SB	48	a	722	726	729	732	737	740	744	747	750	756	760	765	769	773	778	781	785	789
2A_SB	48	d	723	727	730	733	738	741	745	748	751	757	761	766	770	774	779	782	786	/
2A_SB	49	a	739	743	745	749	754	757	760	764	767	772	775	781	784	788	794	798	801	804
2A_SB	49	d	740	744	746	750	755	758	761	765	768	773	776	782	785	789	795	799	802	/
2A_SB	50	a	753	756	759	762	767	769	773	776	779	784	787	792	795	799	806	810	814	817
2A_SB	50	d	754	757	760	763	768	770	774	777	780	785	788	793	796	800	807	811	815	/
2A_SB	51	a	769	773	776	780	785	788	792	795	798	805	808	813	817	821	827	830	833	836
2A_SB	51	d	770	774	777	781	786	789	793	796	799	806	809	814	818	822	828	831	834	/
2A_SB	52	a	786	790	793	797	802	805	809	813	817	823	826	831	835	838	843	847	850	853
2A_SB	52	d	787	791	794	798	803	806	810	814	818	824	827	832	836	839	844	848	851	/
2A_SB	53	a	804	808	811	815	820	823	827	830	834	840	844	850	854	858	864	867	870	873
2A_SB	53	d	805	809	812	816	821	824	828	831	835	841	845	851	855	859	865	868	871	/
2A_SB	54	a	819	823	825	828	834	837	840	843	847	853	857	862	865	869	875	878	882	885
2A_SB	54	d	820	824	826	829	835	838	841	844	848	854	858	863	866	870	876	879	883	/
2A_SB	55	a	836	840	842	845	850	853	857	860	863	868	871	876	879	883	889	892	896	899
2A_SB	55	d	837	841	843	846	851	854	858	861	864	869	872	877	880	884	890	893	897	/
2A_SB	56	a	850	854	856	859	864	866	869	873	876	881	884	889	893	897	903	907	910	913
2A_SB	56	d	851	855	857	860	865	867	870	874	877	882	885	890	894	898	904	908	911	/
2A_SB	57	a	867	870	872	875	881	883	887	890	893	899	902	908	912	916	923	927	931	935
2A_SB	57	d	868	871	873	876	882	884	888	891	894	900	903	909	913	917	924	928	932	/
2A_SB	58	a	880	883	885	888	894	896	900	904	907	913	916	922	925	929	934	938	941	945
2A_SB	58	d	881	884	886	889	895	897	901	905	908	914	917	923	926	930	935	939	942	/
2A_SB	59	a	896	900	902	906	911	914	918	922	926	933	937	942	946	950	956	959	962	965
2A_SB	59	d	897	901	903	907	912	915	919	923	927	934	938	943	947	951	957	960	963	/
2A_SB	60	a	913	917	920	924	929	931	934	938	941	946	949	955	959	963	969	972	975	979
2A_SB	60	d	914	918	921	925	930	932	935	939	942	947	950	956	960	964	970	973	976	/
2A_SB	61	a	926	930	932	936	941	943	946	950	953	959	963	968	971	975	980	984	987	991
2A_SB	61	d	927	931	933	937	942	944	947	951	954	960	964	969	972	976	981	985	988	/
2A_SB	62	a	941	945	947	950	955	957	960	964	968	973	977	982	986	989	995	998	1001	1005
2A_SB	62	d	942	946	948	951	956	958	961	965	969	974	978	983	987	990	996	999	1002	/
2A_SB	63	a	957	960	962	965	971	974	978	982	985	990	994	998	1002	1006	1012	1016	1019	1022
2A_SB	63	d	958	961	963	966	972	975	979	983	986	991	995	999	1003	1007	1013	1017	1020	/
2A_SB	64	a	970	974	976	979	985	988	992	996	999	1004	1007	1012	1016	1019	1024	1027	1031	1034
2A_SB	64	d	971	975	977	980	986	989	993	997	1000	1005	1008	1013	1017	1020	1025	1028	1032	/
3A_SB	1	a	13	18	21	28	31	35	39	43	46	50	53	56	60	64	68	73	76
3A_SB	1	d	14	19	22	29	32	36	40	44	47	51	54	57	61	65	69	74	/
3A_SB	2	a	29	34	37	43	46	50	54	58	62	65	69	71	75	79	83	88	92
3A_SB	2	d	30	35	38	44	47	51	55	59	63	66	70	72	76	80	84	89	/
3A_SB	3	a	43	48	52	58	62	65	69	72	75	79	83	86	91	95	99	104	108
3A_SB	3	d	44	49	53	59	63	66	70	73	76	80	84	87	92	96	100	105	/
3A_SB	4	a	59	64	68	74	77	81	85	88	92	95	98	101	106	110	114	120	123
3A_SB	4	d	60	65	69	75	78	82	86	89	93	96	99	102	107	111	115	121	/
3A_SB	5	a	76	81	84	90	94	97	101	105	108	112	116	118	123	127	131	136	140
3A_SB	5	d	77	82	85	91	95	98	102	106	109	113	117	119	124	128	132	137	/
3A_SB	6	a	91	96	99	104	107	110	113	117	120	124	128	131	136	139	143	148	152
3A_SB	6	d	92	97	100	105	108	111	114	118	121	125	129	132	137	140	144	149	/
3A_SB	7	a	108	115	118	124	128	132	135	139	142	145	149	152	156	160	164	170	174
3A_SB	7	d	109	116	119	125	129	133	136	140	143	146	150	153	157	161	165	171	/
3A_SB	8	a	125	131	135	140	143	147	150	154	158	162	165	168	172	176	179	185	188
3A_SB	8	d	126	132	136	141	144	148	151	155	159	163	166	169	173	177	180	186	/
3A_SB	9	a	143	148	151	156	159	163	167	171	175	178	181	184	188	192	196	201	204
3A_SB	9	d	144	149	152	157	160	164	168	172	176	179	182	185	189	193	197	202	/
3A_SB	10	a	156	161	165	171	175	178	182	186	190	194	197	199	203	207	211	216	219
3A_SB	10	d	157	162	166	172	176	179	183	187	191	195	198	200	204	208	212	217	/
3A_SB	11	a	170	176	180	186	189	193	196	200	204	207	210	213	218	222	226	232	236
3A_SB	11	d	171	177	181	187	190	194	197	201	205	208	211	214	219	223	227	233	/
3A_SB	12	a	184	190	193	199	203	207	211	215	218	222	226	228	233	237	241	247	250
3A_SB	12	d	185	191	194	200	204	208	212	216	219	223	227	229	234	238	242	248	/
3A_SB	13	a	198	203	207	212	215	218	222	226	229	232	236	238	243	247	251	257	260
3A_SB	13	d	199	204	208	213	216	219	223	227	230	233	237	239	244	248	252	258	/
3A_SB	14	a	213	218	221	226	229	233	237	240	243	247	250	253	258	261	265	271	275
3A_SB	14	d	214	219	222	227	230	234	238	241	244	248	251	254	259	262	266	272	/
3A_SB	15	a	231	236	240	245	248	252	256	260	263	267	270	273	278	281	284	290	294
3A_SB	15	d	232	237	241	246	249	253	257	261	264	268	271	274	279	282	285	291	/
3A_SB	16	a	249	254	257	262	265	269	272	276	279	283	287	290	295	298	301	307	310
3A_SB	16	d	250	255	258	263	266	270	273	277	280	284	288	291	296	299	302	308	/
3A_SB	17	a	263	268	271	276	279	282	285	289	292	295	298	301	305	308	312	318	321
3A_SB	17	d	264	269	272	277	280	283	286	290	293	296	299	302	306	309	313	319	/
3A_SB	18	a	276	281	284	290	293	297	300	304	307	311	315	318	323	327	331	335	338
3A_SB	18	d	277	282	285	291	294	298	301	305	308	312	316	319	324	328	332	336	/
3A_SB	19	a	291	296	300	305	309	312	316	320	324	328	331	334	339	342	346	351	354
3A_SB	19	d	292	297	301	306	310	313	317	321	325	329	332	335	340	343	347	352	/
3A_SB	20	a	306	311	314	319	322	326	330	333	336	339	342	345	349	353	357	362	365
3A_SB	20	d	307	312	315	320	323	327	331	334	337	340	343	346	350	354	358	363	/
3A_SB	21	a	320	325	329	334	337	341	345	348	352	355	358	360	364	368	371	376	379
3A_SB	21	d	321	326	330	335	338	342	346	349	353	356	359	361	365	369	372	377	/
3A_SB	22	a	338	343	346	351	354	358	361	364	368	371	374	377	381	385	389	394	398
3A_SB	22	d	339	344	347	352	355	359	362	365	369	372	375	378	382	386	390	395	/
3A_SB	23	a	354	359	363	369	372	376	380	384	388	391	394	397	401	404	407	413	416
3A_SB	23	d	355	360	364	370	373	377	381	385	389	392	395	398	402	405	408	414	/
3A_SB	24	a	369	375	378	383	386	389	393	397	401	404	408	410	414	417	420	426	429
3A_SB	24	d	370	376	379	384	387	390	394	398	402	405	409	411	415	418	421	427	/
3A_SB	25	a	386	392	395	401	405	409	412	416	419	423	427	429	434	438	442	447	451
3A_SB	25	d	387	393	396	402	406	410	413	417	420	424	428	430	435	439	443	448	/
3A_SB	26	a	401	407	411	417	421	425	428	431	434	437	441	444	448	452	456	461	464
3A_SB	26	d	402	408	412	418	422	426	429	432	435	438	442	445	449	453	457	462	/
3A_SB	27	a	418	424	427	433	437	441	444	448	451	455	458	461	465	468	472	478	481
3A_SB	27	d	419	425	428	434	438	442	445	449	452	456	459	462	466	469	473	479	/
3A_SB	28	a	436	442	446	451	455	459	463	466	469	472	476	479	483	487	490	495	499
3A_SB	28	d	437	443	447	452	456	460	464	467	470	473	477	480	484	488	491	496	/
3A_SB	29	a	451	456	460	466	469	473	477	480	484	488	492	495	499	502	506	511	514
3A_SB	29	d	452	457	461	467	470	474	478	481	485	489	493	496	500	503	507	512	/
3A_SB	30	a	466	472	476	482	485	488	492	495	498	502	505	508	512	516	519	524	528
3A_SB	30	d	467	473	477	483	486	489	493	496	499	503	506	509	513	517	520	525	/
3A_SB	31	a	481	486	490	495	498	502	505	508	511	514	517	519	523	527	531	536	540
3A_SB	31	d	482	487	491	496	499	503	506	509	512	515	518	520	524	528	532	537	/
3A_SB	32	a	498	504	508	513	516	520	524	528	531	534	538	541	545	549	552	557	560
3A_SB	32	d	499	505	509	514	517	521	525	529	532	535	539	542	546	550	553	558	/
3A_SB	33	a	516	522	526	532	535	539	543	547	550	554	558	560	564	567	571	576	579
3A_SB	33	d	517	523	527	533	536	540	544	548	551	555	559	561	565	568	572	577	/
3A_SB	34	a	532	538	543	548	552	556	559	562	565	569	572	574	579	583	587	592	596
3A_SB	34	d	533	539	544	549	553	557	560	563	566	570	573	575	580	584	588	593	/
3A_SB	35	a	547	552	556	561	565	568	571	574	578	582	585	587	592	596	600	605	608
3A_SB	35	d	548	553	557	562	566	569	572	575	579	583	586	588	593	597	601	606	/
3A_SB	36	a	562	566	570	576	579	582	586	590	593	597	600	602	607	610	614	618	621
3A_SB	36	d	563	567	571	577	580	583	587	591	594	598	601	603	608	611	615	619	/
3A_SB	37	a	578	583	587	593	597	601	605	608	612	616	619	622	627	631	635	640	644
3A_SB	37	d	579	584	588	594	598	602	606	609	613	617	620	623	628	632	636	641	/
3A_SB	38	a	595	601	605	611	615	618	622	625	628	631	635	638	642	646	650	655	659
3A_SB	38	d	596	602	606	612	616	619	623	626	629	632	636	639	643	647	651	656	/
3A_SB	39	a	608	613	617	622	625	628	632	636	639	643	647	650	655	658	662	667	670
3A_SB	39	d	609	614	618	623	626	629	633	637	640	644	648	651	656	659	663	668	/
3A_SB	40	a	624	629	633	639	642	646	650	653	656	660	663	665	670	673	676	681	684
3A_SB	40	d	625	630	634	640	643	647	651	654	657	661	664	666	671	674	677	682	/
3A_SB	41	a	642	647	650	657	661	665	669	673	676	680	684	686	690	693	697	702	705
3A_SB	41	d	643	648	651	658	662	666	670	674	677	681	685	687	691	694	698	703	/
3A_SB	42	a	657	663	666	672	676	679	683	686	690	694	698	701	705	709	713	717	721
3A_SB	42	d	658	664	667	673	677	680	684	687	691	695	699	702	706	710	714	718	/
3A_SB	43	a	673	679	682	688	692	695	700	704	707	711	714	717	722	726	730	734	737
3A_SB	43	d	674	680	683	689	693	696	701	705	708	712	715	718	723	727	731	735	/
3A_SB	44	a	691	696	699	704	707	710	713	716	719	723	727	730	734	738	742	747	750
3A_SB	44	d	692	697	700	705	708	711	714	717	720	724	728	731	735	739	743	748	/
3A_SB	45	a	707	713	717	723	727	731	735	739	742	745	748	750	755	759	763	768	771
3A_SB	45	d	708	714	718	724	728	732	736	740	743	746	749	751	756	760	764	769	/
3A_SB	46	a	721	726	729	735	739	743	747	751	755	759	763	765	769	773	777	783	787
3A_SB	46	d	722	727	730	736	740	744	748	752	756	760	764	766	770	774	778	784	/
3A_SB	47	a	738	743	747	754	757	761	764	768	771	775	779	781	785	789	793	798	802
3A_SB	47	d	739	744	748	755	758	762	765	769	772	776	780	782	786	790	794	799	/
3A_SB	48	a	751	757	760	765	768	771	775	779	783	787	790	792	796	799	803	807	811
3A_SB	48	d	752	758	761	766	769	772	776	780	784	788	791	793	797	800	804	808	/
3A_SB	49	a	765	770	773	778	781	784	788	792	796	800	803	806	810	813	817	822	826
3A_SB	49	d	766	771	774	779	782	785	789	793	797	801	804	807	811	814	818	823	/
3A_SB	50	a	781	787	791	797	801	804	807	811	814	818	821	823	828	831	835	840	843
3A_SB	50	d	782	788	792	798	802	805	808	812	815	819	822	824	829	832	836	841	/
3A_SB	51	a	797	802	805	812	815	819	823	827	831	835	838	841	845	849	852	856	859
3A_SB	51	d	798	803	806	813	816	820	824	828	832	836	839	842	846	850	853	857	/
3A_SB	52	a	814	819	822	827	830	834	838	841	845	848	852	855	859	863	867	872	875
3A_SB	52	d	815	820	823	828	831	835	839	842	846	849	853	856	860	864	868	873	/
3A_SB	53	a	831	836	839	845	848	852	856	860	863	866	869	872	877	881	885	890	893
3A_SB	53	d	832	837	840	846	849	853	857	861	864	867	870	873	878	882	886	891	/
3A_SB	54	a	845	850	854	860	864	868	871	875	879	883	886	888	893	896	900	906	909
3A_SB	54	d	846	851	855	861	865	869	872	876	880	884	887	889	894	897	901	907	/
3A_SB	55	a	858	864	867	873	876	880	884	888	892	895	898	900	904	907	911	917	920
3A_SB	55	d	859	865	868	874	877	881	885	889	893	896	899	901	905	908	912	918	/
3A_SB	56	a	875	882	885	891	895	899	902	907	911	915	919	921	926	930	934	939	942
3A_SB	56	d	876	883	886	892	896	900	903	908	912	916	920	922	927	931	935	940	/
3A_SB	57	a	891	897	900	907	910	914	918	922	926	930	933	935	939	943	947	952	955
3A_SB	57	d	892	898	901	908	911	915	919	923	927	931	934	936	940	944	948	953	/
3A_SB	58	a	905	912	916	922	925	929	932	936	939	943	946	949	953	957	961	966	969
3A_SB	58	d	906	913	917	923	926	930	933	937	940	944	947	950	954	958	962	967	/
3A_SB	59	a	921	928	932	938	941	945	948	952	956	959	962	964	969	973	977	982	986
3A_SB	59	d	922	929	933	939	942	946	949	953	957	960	963	965	970	974	978	983	/
3A_SB	60	a	934	939	943	949	953	956	959	963	966	969	972	974	978	981	985	990	993
3A_SB	60	d	935	940	944	950	954	957	960	964	967	970	973	975	979	982	986	991	/
3A_SB	61	a	952	958	961	967	971	975	979	983	986	990	994	996	1000	1004	1008	1013	1017
3A_SB	61	d	953	959	962	968	972	976	980	984	987	991	995	997	1001	1005	1009	1014	/
3A_SB	62	a	968	973	976	981	984	988	992	996	999	1003	1007	1010	1015	1019	1023	1029	1033
3A_SB	62	d	969	974	977	982	985	989	993	997	1000	1004	1008	1011	1016	1020	1024	1030	/
3A_SB	63	a	982	988	991	996	999	1003	1007	1011	1015	1019	1023	1026	1030	1034	1038	1042	1046
3A_SB	63	d	983	989	992	997	1000	1004	1008	1012	1016	1020	1024	1027	1031	1035	1039	1043	/
3A_SB	64	a	999	1006	1009	1015	1018	1022	1025	1029	1032	1036	1039	1042	1047	1050	1054	1059	1063
3A_SB	64	d	1000	1007	1010	1016	1019	1023	1026	1030	1033	1037	1040	1043	1048	1051	1055	1060	/
3A_NB	1	a	15	19	22	26	29	32	35	38	42	47	50	52	54	57	60	64	68	72
3A_NB	1	d	16	20	23	27	30	33	36	39	43	48	51	53	55	58	61	65	69	/
3A_NB	2	a	32	36	39	44	47	50	53	55	59	65	69	71	73	76	79	82	86	90
3A_NB	2	d	33	37	40	45	48	51	54	56	60	66	70	72	74	77	80	83	87	/
3A_NB	3	a	47	50	54	58	61	64	67	69	73	79	83	86	88	91	95	98	101	105
3A_NB	3	d	48	51	55	59	62	65	68	70	74	80	84	87	89	92	96	99	102	/
3A_NB	4	a	61	64	67	70	74	78	81	83	87	92	96	98	100	104	108	111	114	117
3A_NB	4	d	62	65	68	71	75	79	82	84	88	93	97	99	101	105	109	112	115	/
3A_NB	5	a	78	81	84	88	91	95	98	101	105	109	112	114	117	120	124	128	132	135
3A_NB	5	d	79	82	85	89	92	96	99	102	106	110	113	115	118	121	125	129	133	/
3A_NB	6	a	91	94	97	101	104	107	110	112	116	120	124	127	130	134	137	141	144	147
3A_NB	6	d	92	95	98	102	105	108	111	113	117	121	125	128	131	135	138	142	145	/
3A_NB	7	a	107	111	114	118	122	125	129	131	134	140	144	146	148	151	154	158	161	164
3A_NB	7	d	108	112	115	119	123	126	130	132	135	141	145	147	149	152	155	159	162	/
3A_NB	8	a	120	123	127	131	134	138	141	144	148	154	158	160	163	166	169	172	175	178
3A_NB	8	d	121	124	128	132	135	139	142	145	149	155	159	161	164	167	170	173	176	/
3A_NB	9	a	137	141	144	148	151	154	157	159	162	167	171	174	176	179	183	186	189	192
3A_NB	9	d	138	142	145	149	152	155	158	160	163	168	172	175	177	180	184	187	190	/
3A_NB	10	a	154	158	161	164	167	170	173	175	179	184	187	189	191	195	198	201	204	208
3A_NB	10	d	155	159	162	165	168	171	174	176	180	185	188	190	192	196	199	202	205	/
3A_NB	11	a	168	172	175	179	182	186	189	192	195	201	204	206	208	212	215	219	222	225
3A_NB	11	d	169	173	176	180	183	187	190	193	196	202	205	207	209	213	216	220	223	/
3A_NB	12	a	181	185	188	192	195	199	202	205	208	214	218	220	222	225	229	233	237	240
3A_NB	12	d	182	186	189	193	196	200	203	206	209	215	219	221	223	226	230	234	238	/
3A_NB	13	a	199	203	206	210	214	218	222	224	227	233	237	240	242	246	250	254	257	261
3A_NB	13	d	200	204	207	211	215	219	223	225	228	234	238	241	243	247	251	255	258	/
3A_NB	14	a	215	218	221	225	228	232	235	237	240	245	249	252	254	258	261	264	267	271
3A_NB	14	d	216	219	222	226	229	233	236	238	241	246	250	253	255	259	262	265	268	/
3A_NB	15	a	230	233	237	241	244	248	251	253	257	263	266	268	270	273	277	280	283	286
3A_NB	15	d	231	234	238	242	245	249	252	254	258	264	267	269	271	274	278	281	284	/
3A_NB	16	a	244	247	251	255	259	263	266	269	272	278	281	284	287	291	294	297	300	303
3A_NB	16	d	245	248	252	256	260	264	267	270	273	279	282	285	288	292	295	298	301	/
3A_NB	17	a	261	264	267	271	274	278	281	283	286	292	296	299	301	305	308	311	314	318
3A_NB	17	d	262	265	268	272	275	279	282	284	287	293	297	300	302	306	309	312	315	/
3A_NB	18	a	275	278	282	285	288	292	295	298	302	307	311	314	317	320	323	326	329	333
3A_NB	18	d	276	279	283	286	289	293	296	299	303	308	312	315	318	321	324	327	330	/
3A_NB	19	a	292	295	299	303	306	310	314	316	320	325	329	332	334	337	341	345	348	351
3A_NB	19	d	293	296	300	304	307	311	315	317	321	326	330	333	335	338	342	346	349	/
3A_NB	20	a	309	313	317	321	324	327	331	334	338	343	347	350	353	356	359	362	366	370
3A_NB	20	d	310	314	318	322	325	328	332	335	339	344	348	351	354	357	360	363	367	/
3A_NB	21	a	326	329	332	336	339	343	346	349	352	357	361	364	366	369	372	375	378	382
3A_NB	21	d	327	330	333	337	340	344	347	350	353	358	362	365	367	370	373	376	379	/
3A_NB	22	a	340	343	346	349	352	355	358	361	364	369	373	376	379	382	385	388	391	394
3A_NB	22	d	341	344	347	350	353	356	359	362	365	370	374	377	380	383	386	389	392	/
3A_NB	23	a	353	356	360	363	366	369	372	374	377	382	385	387	390	393	396	399	402	405
3A_NB	23	d	354	357	361	364	367	370	373	375	378	383	386	388	391	394	397	400	403	/
3A_NB	24	a	366	370	373	376	380	384	388	390	394	400	403	406	408	411	414	418	421	425
3A_NB	24	d	367	371	374	377	381	385	389	391	395	401	404	407	409	412	415	419	422	/
3A_NB	25	a	381	384	387	391	394	397	400	403	407	412	416	418	420	423	426	430	433	437
3A_NB	25	d	382	385	388	392	395	398	401	404	408	413	417	419	421	424	427	431	434	/
3A_NB	26	a	399	403	406	410	413	417	420	422	426	432	436	438	440	444	447	451	455	458
3A_NB	26	d	400	404	407	411	414	418	421	423	427	433	437	439	441	445	448	452	456	/
3A_NB	27	a	413	417	420	424	427	431	434	436	440	446	449	451	453	456	459	463	467	471
3A_NB	27	d	414	418	421	425	428	432	435	437	441	447	450	452	454	457	460	464	468	/
3A_NB	28	a	428	432	436	439	442	445	449	452	456	462	466	469	471	474	478	482	486	490
3A_NB	28	d	429	433	437	440	443	446	450	453	457	463	467	470	472	475	479	483	487	/
3A_NB	29	a	446	449	453	457	460	464	467	469	472	476	479	481	483	487	491	494	498	502
3A_NB	29	d	447	450	454	458	461	465	468	470	473	477	480	482	484	488	492	495	499	/
3A_NB	30	a	461	464	467	471	475	478	481	483	487	492	495	497	500	503	507	510	513	516
3A_NB	30	d	462	465	468	472	476	479	482	484	488	493	496	498	501	504	508	511	514	/
3A_NB	31	a	479	482	486	490	493	497	500	502	506	512	515	518	521	524	527	531	534	537
3A_NB	31	d	480	483	487	491	494	498	501	503	507	513	516	519	522	525	528	532	535	/
3A_NB	32	a	492	495	499	502	505	509	512	514	517	523	526	528	531	534	537	541	545	549
3A_NB	32	d	493	496	500	503	506	510	513	515	518	524	527	529	532	535	538	542	546	/
3A_NB	33	a	505	508	512	516	520	523	526	529	533	538	541	544	546	549	552	556	560	564
3A_NB	33	d	506	509	513	517	521	524	527	530	534	539	542	545	547	550	553	557	561	/
3A_NB	34	a	523	527	531	535	538	542	545	547	551	556	560	562	564	568	572	575	579	583
3A_NB	34	d	524	528	532	536	539	543	546	548	552	557	561	563	565	569	573	576	580	/
3A_NB	35	a	540	543	546	550	554	557	560	562	565	571	575	577	579	582	586	590	594	598
3A_NB	35	d	541	544	547	551	555	558	561	563	566	572	576	578	580	583	587	591	595	/
3A_NB	36	a	557	560	564	568	572	575	579	581	584	590	594	597	599	603	607	611	615	619
3A_NB	36	d	558	561	565	569	573	576	580	582	585	591	595	598	600	604	608	612	616	/
3A_NB	37	a	572	576	579	583	587	591	594	596	599	604	607	609	612	616	619	622	625	629
3A_NB	37	d	573	577	580	584	588	592	595	597	600	605	608	610	613	617	620	623	626	/
3A_NB	38	a	588	592	595	599	602	606	609	611	615	621	624	626	629	632	636	639	642	646
3A_NB	38	d	589	593	596	600	603	607	610	612	616	622	625	627	630	633	637	640	643	/
3A_NB	39	a	601	605	608	612	615	619	622	624	628	634	637	640	642	645	649	653	656	659
3A_NB	39	d	602	606	609	613	616	620	623	625	629	635	638	641	643	646	650	654	657	/
3A_NB	40	a	614	618	621	625	628	632	635	637	641	647	650	652	654	657	661	665	669	672
3A_NB	40	d	615	619	622	626	629	633	636	638	642	648	651	653	655	658	662	666	670	/
3A_NB	41	a	629	632	635	639	642	646	649	652	655	660	664	666	668	671	675	678	682	686
3A_NB	41	d	630	633	636	640	643	647	650	653	656	661	665	667	669	672	676	679	683	/
3A_NB	42	a	647	650	653	657	661	665	668	670	674	680	683	685	687	691	694	697	700	704
3A_NB	42	d	648	651	654	658	662	666	669	671	675	681	684	686	688	692	695	698	701	/
3A_NB	43	a	662	666	669	672	676	680	683	685	689	695	698	701	703	706	709	712	716	720
3A_NB	43	d	663	667	670	673	677	681	684	686	690	696	699	702	704	707	710	713	717	/
3A_NB	44	a	676	680	683	687	691	694	697	700	704	711	714	717	720	723	727	730	734	738
3A_NB	44	d	677	681	684	688	692	695	698	701	705	712	715	718	721	724	728	731	735	/
3A_NB	45	a	690	694	697	701	704	708	711	713	717	724	728	731	733	736	740	743	746	750
3A_NB	45	d	691	695	698	702	705	709	712	714	718	725	729	732	734	737	741	744	747	/
3A_NB	46	a	704	708	712	716	719	722	726	728	732	738	741	743	745	749	753	756	759	763
3A_NB	46	d	705	709	713	717	720	723	727	729	733	739	742	744	746	750	754	757	760	/
3A_NB	47	a	720	724	728	732	735	738	741	743	746	752	755	758	760	763	767	770	773	776
3A_NB	47	d	721	725	729	733	736	739	742	744	747	753	756	759	761	764	768	771	774	/
3A_NB	48	a	735	739	743	747	750	754	757	760	763	769	773	775	777	781	785	788	791	795
3A_NB	48	d	736	740	744	748	751	755	758	761	764	770	774	776	778	782	786	789	792	/
3A_NB	49	a	749	752	755	758	762	766	769	771	775	780	784	787	789	793	797	800	803	807
3A_NB	49	d	750	753	756	759	763	767	770	772	776	781	785	788	790	794	798	801	804	/
3A_NB	50	a	764	768	771	775	778	782	786	788	792	797	801	804	806	810	814	817	820	823
3A_NB	50	d	765	769	772	776	779	783	787	789	793	798	802	805	807	811	815	818	821	/
3A_NB	51	a	778	782	786	790	793	797	800	802	806	811	815	817	820	824	828	832	835	839
3A_NB	51	d	779	783	787	791	794	798	801	803	807	812	816	818	821	825	829	833	836	/
3A_NB	52	a	793	796	799	803	806	809	812	814	817	823	827	830	832	836	840	844	847	851
3A_NB	52	d	794	797	800	804	807	810	813	815	818	824	828	831	833	837	841	845	848	/
3A_NB	53	a	811	815	819	823	826	830	833	835	838	844	848	850	852	855	859	862	865	869
3A_NB	53	d	812	816	820	824	827	831	834	836	839	845	849	851	853	856	860	863	866	/
3A_NB	54	a	824	827	831	835	838	842	845	847	851	856	860	863	865	868	872	875	878	882
3A_NB	54	d	825	828	832	836	839	843	846	848	852	857	861	864	866	869	873	876	879	/
3A_NB	55	a	839	843	847	851	854	858	861	863	867	873	877	879	882	885	888	892	895	899
3A_NB	55	d	840	844	848	852	855	859	862	864	868	874	878	880	883	886	889	893	896	/
3A_NB	56	a	853	857	861	864	867	871	874	876	879	884	888	891	894	898	901	904	908	912
3A_NB	56	d	854	858	862	865	868	872	875	877	880	885	889	892	895	899	902	905	909	/
3A_NB	57	a	870	873	877	881	885	889	892	895	899	904	908	910	912	915	919	922	925	929
3A_NB	57	d	871	874	878	882	886	890	893	896	900	905	909	911	913	916	920	923	926	/
3A_NB	58	a	887	890	894	897	900	904	908	910	914	919	923	926	928	932	935	938	941	945
3A_NB	58	d	888	891	895	898	901	905	909	911	915	920	924	927	929	933	936	939	942	/
3A_NB	59	a	904	907	911	915	918	922	925	928	931	937	940	943	945	948	952	956	960	964
3A_NB	59	d	905	908	912	916	919	923	926	929	932	938	941	944	946	949	953	957	961	/
3A_NB	60	a	919	923	926	930	933	937	941	943	946	952	955	957	960	963	967	970	973	977
3A_NB	60	d	920	924	927	931	934	938	942	944	947	953	956	958	961	964	968	971	974	/
3A_NB	61	a	933	937	941	945	948	951	954	956	960	965	968	970	973	976	980	983	987	990
3A_NB	61	d	934	938	942	946	949	952	955	957	961	966	969	971	974	977	981	984	988	/
3A_NB	62	a	949	953	957	960	963	966	969	972	976	981	985	988	990	993	996	1000	1003	1006
3A_NB	62	d	950	954	958	961	964	967	970	973	977	982	986	989	991	994	997	1001	1004	/
3A_NB	63	a	967	970	973	977	980	984	987	990	994	1000	1004	1007	1009	1012	1016	1020	1023	1027
3A_NB	63	d	968	971	974	978	981	985	988	991	995	1001	1005	1008	1010	1013	1017	1021	1024	/
3A_NB	64	a	982	986	990	994	998	1002	1006	1009	1013	1017	1020	1023	1025	1028	1031	1035	1039	1043
3A_NB	64	d	983	987	991	995	999	1003	1007	1010	1014	1018	1021	1024	1026	1029	1032	1036	1040	/
