RouteID	RunID	Arrivals/Departures	TimePerStop
1A_SB	1	a	15	22	33	37	40	43	48	52	58	61	65	74	79	82
1A_SB	1	d	16	23	34	38	41	44	49	53	59	62	66	75	80	/
1A_SB	2	a	31	36	45	49	53	56	61	64	69	72	76	86	91	94
1A_SB	2	d	32	37	46	50	54	57	62	65	70	73	77	87	92	/
1A_SB	3	a	47	52	60	63	67	70	76	79	85	88	92	105	110	114
1A_SB	3	d	48	53	61	64	68	71	77	80	86	89	93	106	111	/
1A_SB	4	a	71	76	85	89	93	97	104	108	114	117	122	132	137	140
1A_SB	4	d	72	78	87	91	95	99	105	110	115	119	123	133	138	/
1A_SB	5	a	76	82	91	96	99	102	109	113	119	122	127	137	144	148
1A_SB	5	d	78	84	93	97	100	104	110	115	120	124	128	139	146	/
1A_SB	6	a	104	110	118	121	126	131	138	141	146	150	154	162	166	169
1A_SB	6	d	106	111	119	123	128	133	139	142	147	151	155	163	167	/
1A_SB	7	a	113	119	127	132	136	139	146	149	155	159	163	171	176	179
1A_SB	7	d	115	120	129	133	137	141	147	150	156	160	164	172	177	/
1A_SB	8	a	120	127	136	141	146	150	157	160	166	169	172	181	185	188
1A_SB	8	d	122	129	138	143	148	152	158	161	167	170	173	182	186	/
1A_SB	9	a	131	138	148	152	156	159	165	168	173	176	179	188	192	195
1A_SB	9	d	133	139	149	154	157	160	166	169	174	177	181	189	193	/
1A_SB	10	a	137	145	155	159	162	165	170	174	180	183	187	196	202	207
1A_SB	10	d	139	146	156	160	163	167	172	176	181	185	189	198	204	/
1A_SB	11	a	167	174	182	186	190	195	201	204	208	211	215	226	233	238
1A_SB	11	d	169	175	184	188	192	197	202	205	209	212	217	227	234	/
1A_SB	12	a	183	189	198	201	204	207	212	216	221	224	227	236	243	247
1A_SB	12	d	184	190	199	202	205	208	213	217	222	225	228	237	244	/
1A_SB	13	a	201	208	215	218	221	224	230	233	238	241	245	252	257	260
1A_SB	13	d	202	209	216	219	222	225	231	234	239	242	246	253	258	/
1A_SB	14	a	219	225	232	235	239	243	250	253	259	263	266	273	279	282
1A_SB	14	d	220	226	233	236	240	244	251	254	260	264	267	274	280	/
1A_SB	15	a	235	242	251	255	258	261	266	270	275	279	283	292	298	301
1A_SB	15	d	236	243	252	256	259	262	267	271	276	280	284	293	299	/
1A_SB	16	a	251	256	264	267	270	273	279	283	288	292	295	303	310	313
1A_SB	16	d	252	257	265	268	271	274	280	284	289	293	296	304	311	/
1A_NB	1	a	15	19	24	30	35	39	44	48	54	58	62	65	72	77
1A_NB	1	d	16	20	25	31	36	40	45	49	55	59	63	66	73	/
1A_NB	2	a	32	37	42	49	54	58	62	66	72	76	80	83	89	94
1A_NB	2	d	33	38	43	50	55	59	63	67	73	77	81	84	90	/
1A_NB	3	a	45	50	56	64	70	73	78	81	86	90	93	96	102	107
1A_NB	3	d	46	51	57	65	71	74	79	82	87	91	94	97	103	/
1A_NB	4	a	59	64	70	76	81	84	88	91	97	101	104	108	116	122
1A_NB	4	d	60	65	71	77	82	85	89	92	98	102	105	109	117	/
1A_NB	5	a	76	80	86	93	98	101	106	110	116	120	123	127	136	142
1A_NB	5	d	77	81	87	94	99	102	107	111	117	121	124	128	137	/
1A_NB	6	a	91	95	100	108	114	117	121	124	131	134	137	141	148	154
1A_NB	6	d	92	96	101	109	115	118	122	125	132	135	138	142	149	/
1A_NB	7	a	104	108	113	119	126	129	134	138	143	146	149	152	159	164
1A_NB	7	d	105	109	114	120	127	130	135	139	144	147	150	153	160	/
1A_NB	8	a	121	125	131	137	142	146	150	153	159	163	167	170	178	184
1A_NB	8	d	122	126	132	138	143	147	151	154	160	164	168	171	179	/
1A_NB	9	a	136	141	148	155	160	163	168	172	179	183	186	189	197	202
1A_NB	9	d	137	142	149	156	161	164	169	173	180	184	187	190	198	/
1A_NB	10	a	154	158	164	170	175	179	184	187	193	197	201	204	210	215
1A_NB	10	d	155	159	165	171	176	180	185	188	194	198	202	205	211	/
1A_NB	11	a	170	173	179	186	192	195	201	205	212	215	218	221	228	234
1A_NB	11	d	171	174	180	187	193	196	202	206	213	216	219	222	229	/
1A_NB	12	a	187	191	196	204	210	214	221	224	231	234	238	241	249	254
1A_NB	12	d	188	192	197	205	211	215	222	225	232	235	239	242	250	/
1A_NB	13	a	204	208	213	219	225	229	234	237	244	247	251	254	260	266
1A_NB	13	d	205	209	214	220	226	230	235	238	245	248	252	255	261	/
1A_NB	14	a	221	225	230	236	241	245	251	255	261	265	269	272	279	286
1A_NB	14	d	222	226	231	237	242	246	252	256	262	266	270	273	280	/
1A_NB	15	a	238	242	248	256	262	265	271	275	280	284	287	290	297	303
1A_NB	15	d	239	243	249	257	263	266	272	276	281	285	288	291	298	/
1A_NB	16	a	255	259	265	272	278	282	287	291	297	300	304	308	313	320
1A_NB	16	d	256	260	266	273	279	283	288	292	298	301	305	309	314	/
2A_NB	1	a	14	19	23	28	31	35	39	42	45	54	61	63	66	69	73	76	79	82	85	89	93	97	100	106
2A_NB	1	d	15	20	24	29	32	36	40	43	46	55	62	64	67	70	74	77	80	83	86	90	94	98	101	/
2A_NB	2	a	31	35	39	44	46	50	55	59	63	72	77	79	81	84	87	90	93	95	99	103	107	110	113	119
2A_NB	2	d	32	36	40	45	47	51	56	60	64	73	78	80	82	85	88	91	94	96	100	104	108	111	114	/
2A_NB	3	a	46	49	53	58	60	64	68	72	76	86	92	94	97	100	103	106	109	111	114	118	122	125	128	135
2A_NB	3	d	47	50	54	59	61	65	69	73	77	87	93	95	98	101	104	107	110	112	115	119	123	126	129	/
2A_NB	4	a	64	67	71	76	79	83	88	92	96	105	110	112	115	118	121	124	128	131	135	138	142	145	148	154
2A_NB	4	d	65	68	72	77	80	84	89	93	97	106	111	113	116	119	122	125	129	132	136	139	143	146	149	/
2A_NB	5	a	82	85	90	95	98	101	106	109	112	120	125	127	130	134	137	140	143	145	149	153	157	160	163	170
2A_NB	5	d	83	86	91	96	99	102	107	110	113	121	126	128	131	135	138	141	144	146	150	154	158	161	164	/
2A_NB	6	a	97	101	105	110	113	116	120	124	127	135	141	144	147	151	154	156	159	162	166	170	174	177	180	186
2A_NB	6	d	98	102	106	111	114	117	121	125	128	136	142	145	148	152	155	157	160	163	167	171	175	178	181	/
2A_NB	7	a	111	115	119	124	126	129	135	138	141	147	153	156	159	162	165	168	171	173	177	181	185	188	191	197
2A_NB	7	d	112	116	120	125	127	130	136	139	142	148	154	157	160	163	166	169	172	174	178	182	186	189	192	/
2A_NB	8	a	125	129	133	138	140	143	149	153	156	163	170	172	174	178	182	185	188	190	193	197	201	204	208	215
2A_NB	8	d	126	130	134	139	141	144	150	154	157	164	171	173	175	179	183	186	189	191	194	198	202	205	209	/
2A_NB	9	a	140	144	148	152	155	158	163	167	170	179	185	187	190	193	196	198	201	204	207	210	214	217	222	229
2A_NB	9	d	141	145	149	153	156	159	164	168	171	180	186	188	191	194	197	199	202	205	208	211	215	218	223	/
2A_NB	10	a	158	161	165	170	172	175	180	184	188	196	202	204	206	209	212	215	219	221	224	228	232	235	238	245
2A_NB	10	d	159	162	166	171	173	176	181	185	189	197	203	205	207	210	213	216	220	222	225	229	233	236	239	/
2A_NB	11	a	174	177	181	187	189	192	198	202	206	215	222	225	228	231	235	238	242	244	248	252	256	259	263	269
2A_NB	11	d	175	178	182	188	190	193	199	203	207	216	223	226	229	232	236	239	243	245	249	253	257	260	264	/
2A_NB	12	a	187	191	195	200	202	206	212	215	219	228	234	236	239	243	247	250	254	257	261	264	268	271	275	282
2A_NB	12	d	188	192	196	201	203	207	213	216	220	229	235	237	240	244	248	251	255	258	262	265	269	272	276	/
2A_NB	13	a	202	205	209	215	217	220	225	228	232	242	248	250	253	257	260	263	266	269	272	276	279	282	286	294
2A_NB	13	d	203	206	210	216	218	221	226	229	233	243	249	251	254	258	261	264	267	270	273	277	280	283	287	/
2A_NB	14	a	219	222	226	230	232	235	241	245	249	258	265	268	271	274	278	280	284	286	290	294	298	302	305	312
2A_NB	14	d	220	223	227	231	233	236	242	246	250	259	266	269	272	275	279	281	285	287	291	295	299	303	306	/
2A_NB	15	a	233	237	241	246	248	251	256	260	264	272	278	281	283	286	290	292	296	298	302	306	310	313	316	324
2A_NB	15	d	234	238	242	247	249	252	257	261	265	273	279	282	284	287	291	293	297	299	303	307	311	314	317	/
2A_NB	16	a	248	251	254	260	263	267	273	276	280	288	294	297	299	302	306	308	311	313	318	321	325	328	331	341
2A_NB	16	d	249	252	255	261	264	268	274	277	281	289	295	298	300	303	307	309	312	314	319	322	326	329	332	/
2A_SB	1	a	15	21	26	29	33	36	39	42	46	50	54	57	60	63	67	76	82	86	89	95	98	102	105	108	120
2A_SB	1	d	16	22	27	30	34	37	40	43	47	51	55	58	61	64	68	77	83	87	90	96	99	103	106	109	/
2A_SB	2	a	28	34	40	43	47	50	53	57	61	65	69	71	74	78	81	88	94	98	102	108	111	116	120	124	133
2A_SB	2	d	29	35	41	44	48	51	54	58	62	66	70	72	75	79	82	89	95	99	103	109	112	117	121	125	/
2A_SB	3	a	45	50	57	61	65	67	69	72	76	80	83	85	88	92	96	104	109	113	117	123	125	130	134	138	147
2A_SB	3	d	46	51	58	62	66	68	70	73	77	81	84	86	89	93	97	105	110	114	118	124	126	131	135	139	/
2A_SB	4	a	59	63	69	73	77	80	82	86	89	92	95	97	100	103	107	115	120	124	128	133	135	140	144	148	157
2A_SB	4	d	60	64	70	74	78	81	83	87	90	93	96	98	101	104	108	116	121	125	129	134	136	141	145	149	/
2A_SB	5	a	73	77	83	87	90	92	95	99	102	105	108	110	113	116	119	128	133	137	141	147	149	154	158	162	172
2A_SB	5	d	74	78	84	88	91	93	96	100	103	106	109	111	114	117	120	129	134	138	142	148	150	155	159	163	/
2A_SB	6	a	78	84	90	93	97	100	104	107	112	117	121	124	128	132	137	146	152	155	158	164	167	172	175	178	188
2A_SB	6	d	80	85	91	95	99	102	105	109	114	119	123	126	130	134	138	147	153	156	159	165	168	173	176	179	/
2A_SB	7	a	93	99	106	110	115	117	121	124	128	131	134	137	141	144	147	156	162	165	169	177	180	184	187	190	201
2A_SB	7	d	95	101	107	112	116	119	122	125	129	132	135	138	142	145	148	157	163	166	170	178	181	185	188	191	/
2A_SB	8	a	107	114	120	123	126	128	131	134	138	141	145	148	152	155	159	165	172	175	179	185	188	192	195	198	209
2A_SB	8	d	109	115	121	124	127	129	132	135	139	142	146	149	153	156	160	166	173	176	180	187	189	193	196	200	/
2A_SB	9	a	113	119	124	128	131	134	136	139	143	146	151	153	156	160	164	170	177	180	183	190	193	197	201	204	214
2A_SB	9	d	114	120	126	129	133	135	137	140	144	148	152	154	158	161	165	171	178	181	185	192	194	198	202	205	/
2A_SB	10	a	118	124	129	133	137	140	142	145	149	153	157	159	162	165	169	176	183	188	191	197	200	204	209	213	224
2A_SB	10	d	119	125	131	135	138	141	143	146	150	154	158	160	163	166	171	177	185	189	192	198	201	206	211	215	/
2A_SB	11	a	123	129	134	139	142	145	148	152	157	162	166	168	171	175	179	187	194	197	200	206	209	213	217	220	230
2A_SB	11	d	124	130	136	140	143	147	150	154	159	163	167	169	173	176	180	188	195	198	201	207	210	214	218	221	/
2A_SB	12	a	128	134	141	145	148	151	154	158	163	168	172	175	178	181	184	193	200	203	207	213	216	220	224	228	237
2A_SB	12	d	129	135	142	146	149	152	156	160	165	169	174	176	179	182	186	194	201	205	208	214	217	221	225	229	/
2A_SB	13	a	143	149	155	158	162	165	167	170	174	178	182	185	189	193	198	207	214	219	223	230	233	237	240	243	254
2A_SB	13	d	144	150	156	160	163	166	168	171	175	179	184	187	191	195	200	208	216	221	225	231	234	238	241	244	/
2A_SB	14	a	153	159	165	169	173	175	177	180	183	187	191	193	196	199	203	212	219	224	228	235	238	243	247	250	262
2A_SB	14	d	154	160	167	170	174	176	178	181	184	188	192	194	197	200	205	214	221	226	230	236	240	244	248	252	/
2A_SB	15	a	160	166	174	178	182	184	187	190	194	199	202	205	208	211	214	224	229	232	235	241	244	249	254	257	267
2A_SB	15	d	161	168	176	180	183	185	188	192	196	200	204	206	209	212	216	225	230	233	236	242	246	251	255	258	/
2A_SB	16	a	167	174	182	187	190	193	196	201	205	210	214	216	220	224	227	235	241	244	247	254	256	261	264	268	279
2A_SB	16	d	168	176	184	188	192	195	198	203	207	211	215	217	221	225	228	237	242	245	249	255	257	262	266	270	/
3A_SB	1	a	28	33	37	42	46	49	52	56	61	63	69	73	76	81	84
3A_SB	1	d	29	35	39	44	48	51	54	58	62	65	70	74	77	82	/
3A_SB	2	a	53	57	61	66	69	73	77	81	85	87	91	94	97	102	106
3A_SB	2	d	54	59	63	67	71	75	79	83	86	88	92	95	98	104	/
3A_SB	3	a	68	72	77	81	84	88	92	96	101	103	108	111	114	120	123
3A_SB	3	d	69	74	78	82	86	90	93	98	102	105	109	112	115	121	/
3A_SB	4	a	78	83	88	92	96	99	102	107	112	115	119	122	125	131	134
3A_SB	4	d	79	85	89	94	98	100	104	109	113	116	120	123	126	132	/
3A_SB	5	a	93	99	103	108	111	113	116	120	123	126	130	133	136	142	146
3A_SB	5	d	94	101	105	109	112	114	117	121	124	127	131	134	137	144	/
3A_SB	6	a	100	106	109	113	116	118	121	124	128	132	136	139	142	148	151
3A_SB	6	d	101	107	110	114	117	120	122	126	130	133	137	140	143	149	/
3A_SB	7	a	118	123	127	131	135	138	142	147	152	154	158	162	165	171	174
3A_SB	7	d	119	125	129	133	137	140	144	149	153	155	159	163	166	172	/
3A_SB	8	a	132	138	142	145	149	153	155	159	164	166	171	175	178	184	188
3A_SB	8	d	133	140	143	146	151	154	156	161	165	167	172	176	179	185	/
3A_SB	9	a	142	148	151	155	159	162	164	167	170	172	177	181	184	190	194
3A_SB	9	d	143	149	152	156	160	163	165	168	171	173	178	182	185	191	/
3A_SB	10	a	155	161	165	169	173	175	177	180	183	185	190	193	196	202	206
3A_SB	10	d	156	162	166	170	174	176	178	181	184	186	191	194	197	203	/
3A_SB	11	a	172	177	181	184	187	189	192	195	198	200	205	208	211	217	221
3A_SB	11	d	173	178	182	185	188	190	193	196	199	201	206	209	212	218	/
3A_SB	12	a	185	190	193	196	200	203	205	209	213	215	221	224	227	233	236
3A_SB	12	d	186	191	194	197	201	204	206	210	214	216	222	225	228	234	/
3A_SB	13	a	198	202	206	210	214	216	219	223	227	229	234	237	240	246	250
3A_SB	13	d	199	203	207	211	215	217	220	224	228	230	235	238	241	247	/
3A_SB	14	a	214	219	223	227	230	232	235	239	242	245	249	253	256	263	266
3A_SB	14	d	215	220	224	228	231	233	236	240	243	246	250	254	257	264	/
3A_SB	15	a	230	237	241	245	248	250	253	257	261	263	267	270	273	278	281
3A_SB	15	d	231	238	242	246	249	251	254	258	262	264	268	271	274	279	/
3A_SB	16	a	247	252	256	260	263	265	267	271	274	276	281	285	288	293	296
3A_SB	16	d	248	253	257	261	264	266	268	272	275	277	282	286	289	294	/
3A_NB	1	a	12	15	19	22	25	28	31	35	37	42	46	49	52	55	60	63	66
3A_NB	1	d	13	16	20	23	26	29	32	36	38	43	47	50	53	56	61	64	/
3A_NB	2	a	25	29	33	36	39	42	45	48	51	57	61	64	68	71	76	79	83
3A_NB	2	d	26	30	34	37	40	43	46	49	52	58	62	65	69	72	77	80	/
3A_NB	3	a	42	45	48	51	55	59	63	66	69	74	77	80	84	87	91	95	98
3A_NB	3	d	43	46	49	52	56	60	64	67	70	75	78	81	85	88	92	96	/
3A_NB	4	a	56	60	63	67	71	74	78	82	85	90	93	97	101	104	108	112	115
3A_NB	4	d	57	61	64	68	72	75	79	83	86	91	94	98	102	105	109	113	/
3A_NB	5	a	73	77	81	84	88	92	95	98	101	105	109	113	117	119	123	127	131
3A_NB	5	d	74	78	82	85	89	93	96	99	102	106	110	114	118	120	124	128	/
3A_NB	6	a	86	90	93	96	99	102	105	109	111	115	119	123	126	129	133	137	140
3A_NB	6	d	87	91	94	97	100	103	106	110	112	116	120	124	127	130	134	138	/
3A_NB	7	a	100	104	107	110	113	117	120	124	127	131	134	138	141	143	147	151	154
3A_NB	7	d	101	105	108	111	114	118	121	125	128	132	135	139	142	144	148	152	/
3A_NB	8	a	112	115	118	121	124	128	133	137	140	146	150	155	160	163	168	173	176
3A_NB	8	d	113	116	119	122	126	130	134	138	142	147	152	157	161	164	170	174	/
3A_NB	9	a	129	133	136	139	142	145	149	152	155	159	163	167	170	173	178	182	186
3A_NB	9	d	130	134	137	140	143	146	150	153	156	160	164	168	171	174	179	183	/
3A_NB	10	a	145	148	151	154	158	161	164	167	170	174	178	182	186	189	194	198	201
3A_NB	10	d	146	149	152	155	159	162	165	168	171	175	179	183	187	190	195	199	/
3A_NB	11	a	162	164	167	170	173	176	179	182	185	190	193	197	201	203	207	211	215
3A_NB	11	d	163	165	168	171	174	177	180	183	186	191	194	198	202	204	208	212	/
3A_NB	12	a	176	179	182	185	189	193	197	201	204	208	212	216	220	223	227	230	234
3A_NB	12	d	177	180	183	186	190	194	198	202	205	209	213	217	221	224	228	231	/
3A_NB	13	a	194	197	201	204	207	211	214	218	221	225	229	233	236	239	245	249	253
3A_NB	13	d	195	198	202	205	208	212	215	219	222	226	230	234	237	240	246	250	/
3A_NB	14	a	208	211	215	219	222	227	231	235	237	242	246	250	253	255	259	262	265
3A_NB	14	d	209	212	216	220	223	228	232	236	238	243	247	251	254	256	260	263	/
3A_NB	15	a	226	230	233	236	240	244	247	251	253	258	261	265	268	271	276	280	284
3A_NB	15	d	227	231	234	237	241	245	248	252	254	259	262	266	269	272	277	281	/
3A_NB	16	a	242	246	250	253	257	261	265	268	270	274	277	280	284	287	292	296	300
3A_NB	16	d	243	247	251	254	258	262	266	269	271	275	278	281	285	288	293	297	/
