RouteID	RunID	Arrivals/Departures	TimePerStop
1A_SB	1	a	16	22	31	33	36	42	44	48	52	56	59	62	66	76	83	86
1A_SB	1	d	17	23	32	34	37	43	45	49	53	57	60	63	67	77	84	/
1A_SB	2	a	34	39	47	49	52	58	60	65	69	72	76	79	82	91	96	99
1A_SB	2	d	35	40	48	50	53	59	61	66	70	73	77	80	83	92	97	/
1A_SB	3	a	52	57	65	67	70	75	78	82	85	88	91	95	98	106	110	114
1A_SB	3	d	53	58	66	68	71	76	79	83	86	89	92	96	99	107	111	/
1A_SB	4	a	66	71	79	81	85	91	93	98	102	106	110	113	116	123	128	132
1A_SB	4	d	67	72	80	82	86	92	94	99	103	107	111	114	117	124	129	/
1A_SB	5	a	78	84	94	97	101	108	111	115	119	123	127	131	134	142	146	150
1A_SB	5	d	79	85	96	99	103	110	112	117	121	125	129	132	135	143	147	/
1A_SB	6	a	93	100	108	110	114	120	123	128	133	138	142	146	150	159	163	167
1A_SB	6	d	95	101	109	111	115	122	125	130	135	140	144	148	151	160	164	/
1A_SB	7	a	106	111	118	121	125	131	133	137	140	145	148	151	155	164	168	172
1A_SB	7	d	108	112	120	122	126	132	134	138	142	146	149	153	156	165	169	/
1A_SB	8	a	116	121	128	130	134	140	143	148	153	157	161	166	170	178	184	189
1A_SB	8	d	118	122	129	131	135	141	145	150	155	159	163	168	172	180	186	/
1A_SB	9	a	127	133	143	146	150	156	159	164	168	172	176	180	184	193	198	203
1A_SB	9	d	129	135	145	148	152	158	161	166	170	173	177	181	185	194	200	/
1A_SB	10	a	142	148	157	161	166	170	173	178	183	187	191	196	200	211	217	222
1A_SB	10	d	144	149	159	163	167	172	175	180	185	189	193	197	201	213	219	/
1A_SB	11	a	159	166	175	179	182	187	189	194	198	202	207	211	217	228	234	238
1A_SB	11	d	161	167	177	180	183	188	190	196	200	204	209	213	219	230	235	/
1A_SB	12	a	169	174	184	186	190	195	198	202	206	210	214	218	224	236	242	245
1A_SB	12	d	170	176	185	188	191	197	199	204	208	212	216	220	226	238	243	/
1A_SB	13	a	199	205	213	215	218	224	227	232	235	238	242	245	248	255	259	263
1A_SB	13	d	200	206	214	216	219	225	228	233	236	239	243	246	249	256	260	/
1A_SB	14	a	214	221	230	232	235	240	243	248	252	255	258	262	265	274	279	283
1A_SB	14	d	215	222	231	233	236	241	244	249	253	256	259	263	266	275	280	/
1A_SB	15	a	231	237	245	248	251	257	260	264	268	271	275	278	281	291	297	301
1A_SB	15	d	232	238	246	249	252	258	261	265	269	272	276	279	282	292	298	/
1A_SB	16	a	246	253	263	266	269	274	277	282	286	289	293	296	300	308	313	316
1A_SB	16	d	247	254	264	267	270	275	278	283	287	290	294	297	301	309	314	/
1A_NB	1	a	15	19	26	34	40	44	48	52	56	60	63	68	71	75	84	89
1A_NB	1	d	16	20	27	35	41	45	49	53	57	61	64	69	72	76	85	/
1A_NB	2	a	33	38	43	51	57	60	65	68	71	76	79	84	87	91	98	105
1A_NB	2	d	34	39	44	52	58	61	66	69	72	77	80	85	88	92	99	/
1A_NB	3	a	51	56	62	68	75	79	83	86	89	95	98	102	105	109	115	122
1A_NB	3	d	52	57	63	69	76	80	84	87	90	96	99	103	106	110	116	/
1A_NB	4	a	64	69	74	82	87	91	94	97	100	106	110	114	116	120	127	133
1A_NB	4	d	65	70	75	83	88	92	95	98	101	107	111	115	117	121	128	/
1A_NB	5	a	68	74	80	89	93	97	100	103	106	111	116	120	123	127	134	142
1A_NB	5	d	70	76	82	90	94	98	101	104	107	113	117	121	124	128	136	/
1A_NB	6	a	97	101	107	115	120	125	129	132	136	142	145	149	151	156	164	170
1A_NB	6	d	98	103	109	116	122	126	130	134	137	143	146	150	153	158	166	/
1A_NB	7	a	124	128	136	144	148	151	154	157	161	168	172	178	182	186	195	202
1A_NB	7	d	125	130	138	145	149	152	155	159	163	170	174	180	183	187	196	/
1A_NB	8	a	129	134	141	149	155	158	162	166	171	177	180	184	187	191	201	209
1A_NB	8	d	131	136	143	151	156	160	164	168	172	178	181	185	188	193	203	/
1A_NB	9	a	139	145	152	159	164	168	172	175	179	184	188	192	195	200	210	215
1A_NB	9	d	141	147	154	160	165	169	173	176	180	185	189	193	197	201	211	/
1A_NB	10	a	145	151	157	164	169	174	179	183	187	193	197	203	205	209	216	222
1A_NB	10	d	147	153	159	166	171	176	181	184	189	194	199	204	206	210	218	/
1A_NB	11	a	160	165	171	179	185	188	194	199	204	210	215	220	222	228	237	242
1A_NB	11	d	162	166	173	181	186	190	196	201	206	212	216	221	224	229	238	/
1A_NB	12	a	166	171	177	184	190	194	199	204	209	216	221	227	230	235	245	251
1A_NB	12	d	168	172	178	186	192	196	201	206	211	218	223	229	232	237	247	/
1A_NB	13	a	197	201	207	215	221	225	229	232	235	242	246	250	252	256	262	267
1A_NB	13	d	198	202	208	216	222	226	230	233	236	243	247	251	253	257	263	/
1A_NB	14	a	211	216	223	230	235	240	244	247	251	256	259	263	265	269	275	280
1A_NB	14	d	212	217	224	231	236	241	245	248	252	257	260	264	266	270	276	/
1A_NB	15	a	229	234	239	247	254	258	262	266	269	273	276	280	282	286	293	299
1A_NB	15	d	230	235	240	248	255	259	263	267	270	274	277	281	283	287	294	/
1A_NB	16	a	247	252	258	265	270	273	277	281	284	289	292	297	299	303	311	317
1A_NB	16	d	248	253	259	266	271	274	278	282	285	290	293	298	300	304	312	/
2A_NB	1	a	14	17	23	26	29	33	38	41	45	53	56	62	64	66	70	76	80	83	86	89	96	100
2A_NB	1	d	15	18	24	27	30	34	39	42	46	54	57	63	65	67	71	77	81	84	87	90	97	/
2A_NB	2	a	29	32	38	41	44	47	53	56	59	65	69	75	77	79	82	88	92	96	100	103	110	114
2A_NB	2	d	30	33	39	42	45	48	54	57	60	66	70	76	78	80	83	89	93	97	101	104	111	/
2A_NB	3	a	44	47	53	56	58	61	67	70	73	79	83	88	90	92	96	102	106	109	112	116	125	129
2A_NB	3	d	45	48	54	57	59	62	68	71	74	80	84	89	91	93	97	103	107	110	113	117	126	/
2A_NB	4	a	61	64	69	72	75	78	85	89	92	100	103	109	112	115	118	124	128	131	135	138	146	149
2A_NB	4	d	62	65	70	73	76	79	86	90	93	101	104	110	113	116	119	125	129	132	136	139	147	/
2A_NB	5	a	75	79	86	89	92	95	100	104	108	117	121	129	131	133	136	141	144	147	150	153	160	163
2A_NB	5	d	76	80	87	90	93	96	101	105	109	118	122	130	132	134	137	142	145	148	151	154	161	/
2A_NB	6	a	88	92	98	101	104	107	113	117	121	130	133	141	144	147	151	156	160	163	166	170	177	180
2A_NB	6	d	89	93	99	102	105	108	114	118	122	131	134	142	145	148	152	157	161	164	167	171	178	/
2A_NB	7	a	106	109	115	118	121	124	130	133	136	143	146	152	155	157	160	165	169	173	176	180	188	192
2A_NB	7	d	107	110	116	119	122	125	131	134	137	144	147	153	156	158	161	166	170	174	177	181	189	/
2A_NB	8	a	121	124	129	132	134	137	142	145	148	155	159	166	168	171	175	182	186	190	193	196	204	207
2A_NB	8	d	122	125	130	133	135	138	143	146	149	156	160	167	169	172	176	183	187	191	194	197	205	/
2A_NB	9	a	137	140	145	148	150	153	159	163	166	172	176	181	183	185	188	193	197	201	204	208	216	220
2A_NB	9	d	138	141	146	149	151	154	160	164	167	173	177	182	184	186	189	194	198	202	205	209	217	/
2A_NB	10	a	153	157	163	165	167	170	176	180	183	190	194	199	202	205	209	215	218	221	224	228	235	239
2A_NB	10	d	154	158	164	166	168	171	177	181	184	191	195	200	203	206	210	216	219	222	225	229	236	/
2A_NB	11	a	167	170	175	178	180	183	188	191	194	202	206	211	214	217	220	226	229	232	236	240	247	250
2A_NB	11	d	168	171	176	179	181	184	189	192	195	203	207	212	215	218	221	227	230	233	237	241	248	/
2A_NB	12	a	185	188	193	196	198	202	208	212	216	223	227	233	236	238	242	247	251	254	257	261	268	271
2A_NB	12	d	186	189	194	197	199	203	209	213	217	224	228	234	237	239	243	248	252	255	258	262	269	/
2A_NB	13	a	199	202	208	211	214	218	224	227	231	237	240	247	249	252	256	262	266	269	273	276	284	288
2A_NB	13	d	200	203	209	212	215	219	225	228	232	238	241	248	250	253	257	263	267	270	274	277	285	/
2A_NB	14	a	215	218	224	226	228	232	238	241	245	253	256	263	266	268	272	277	280	284	287	291	297	301
2A_NB	14	d	216	219	225	227	229	233	239	242	246	254	257	264	267	269	273	278	281	285	288	292	298	/
2A_NB	15	a	232	236	241	243	246	249	256	259	262	270	274	280	282	285	288	294	298	301	304	308	316	319
2A_NB	15	d	233	237	242	244	247	250	257	260	263	271	275	281	283	286	289	295	299	302	305	309	317	/
2A_NB	16	a	248	252	257	260	263	267	274	278	282	289	293	298	300	303	307	313	317	321	324	328	335	339
2A_NB	16	d	249	253	258	261	264	268	275	279	283	290	294	299	301	304	308	314	318	322	325	329	336	/
2A_SB	1	a	16	18	25	29	32	34	38	45	48	51	55	59	65	69	75	78	81	87	90	94	97	100	109	115
2A_SB	1	d	17	19	26	30	33	35	39	46	49	52	56	60	66	70	76	79	82	88	91	95	98	101	110	/
2A_SB	2	a	32	34	40	44	47	50	53	60	62	65	69	72	78	82	89	93	96	103	106	110	114	118	128	134
2A_SB	2	d	33	35	41	45	48	51	54	61	63	66	70	73	79	83	90	94	97	104	107	111	115	119	129	/
2A_SB	3	a	46	49	55	58	61	63	66	72	74	77	81	84	88	92	98	102	105	113	116	120	124	127	136	141
2A_SB	3	d	47	50	56	59	62	64	67	73	75	78	82	85	89	93	99	103	106	114	117	121	125	128	137	/
2A_SB	4	a	62	65	72	75	78	81	84	90	93	96	99	103	108	112	119	122	125	131	134	138	142	146	157	162
2A_SB	4	d	63	66	73	76	79	82	85	91	94	97	100	104	109	113	120	123	126	132	135	139	143	147	158	/
2A_SB	5	a	69	72	79	83	87	91	95	102	105	108	112	116	121	124	131	135	139	144	147	151	155	159	168	173
2A_SB	5	d	70	73	80	85	89	92	96	103	106	110	114	117	122	125	133	136	140	145	148	152	156	160	169	/
2A_SB	6	a	80	83	90	95	99	102	107	115	119	123	127	131	137	141	147	151	155	161	164	168	173	177	189	194
2A_SB	6	d	82	85	92	97	101	104	109	117	121	125	129	132	138	143	148	152	156	162	165	170	175	179	190	/
2A_SB	7	a	102	106	114	118	123	125	129	135	139	143	147	151	157	160	167	170	173	178	180	183	187	192	206	211
2A_SB	7	d	104	108	116	120	124	127	131	137	141	145	149	152	158	161	168	171	174	179	181	185	189	194	207	/
2A_SB	8	a	124	127	134	138	142	145	149	155	157	160	164	168	173	176	182	185	189	195	198	202	206	209	220	226
2A_SB	8	d	126	128	135	139	144	147	150	156	158	162	166	169	174	177	183	186	190	196	199	203	207	211	222	/
2A_SB	9	a	133	136	142	146	150	153	157	164	168	172	177	181	187	191	197	200	203	208	211	214	217	220	230	236
2A_SB	9	d	135	137	143	147	151	154	159	166	170	174	179	182	189	192	198	201	204	209	212	215	218	221	231	/
2A_SB	10	a	150	154	161	166	169	171	175	182	185	190	193	197	202	205	210	213	217	224	227	231	235	240	252	258
2A_SB	10	d	152	155	163	167	170	172	176	183	187	191	195	198	203	206	211	214	219	226	229	233	237	241	253	/
2A_SB	11	a	162	165	173	178	183	186	191	198	201	205	209	214	220	224	230	234	238	244	247	250	254	257	270	276
2A_SB	11	d	163	167	175	180	185	188	193	199	202	207	211	215	221	225	231	235	239	245	248	251	255	258	271	/
2A_SB	12	a	187	189	195	199	203	205	208	213	217	222	226	231	238	241	247	251	255	261	264	267	271	275	286	293
2A_SB	12	d	188	190	196	200	204	206	209	215	219	224	228	233	239	242	248	252	256	262	265	268	272	276	287	/
2A_SB	13	a	204	207	213	216	220	223	226	233	236	239	243	247	252	255	261	264	268	274	277	280	283	287	298	305
2A_SB	13	d	205	208	214	217	221	224	227	234	237	240	244	248	253	256	262	265	269	275	278	281	284	288	299	/
2A_SB	14	a	219	221	229	233	236	239	242	248	251	255	259	262	267	271	276	280	284	290	293	296	300	303	316	321
2A_SB	14	d	220	222	230	234	237	240	243	249	252	256	260	263	268	272	277	281	285	291	294	297	301	304	317	/
2A_SB	15	a	234	237	244	248	252	255	258	265	268	271	275	278	282	286	291	295	299	305	308	311	315	318	329	335
2A_SB	15	d	235	238	245	249	253	256	259	266	269	272	276	279	283	287	292	296	300	306	309	312	316	319	330	/
2A_SB	16	a	249	252	259	262	265	267	270	275	278	282	286	289	294	298	303	307	312	318	321	324	328	331	344	349
2A_SB	16	d	250	253	260	263	266	268	271	276	279	283	287	290	295	299	304	308	313	319	322	325	329	332	345	/
3A_SB	1	a	13	19	27	30	34	38	41	44	47	50	52	54	58	61	65	69	72	74
3A_SB	1	d	14	20	28	31	35	39	42	45	48	51	53	55	59	62	66	70	73	/
3A_SB	2	a	27	32	38	41	45	49	51	54	57	60	63	65	68	71	75	78	81	84
3A_SB	2	d	28	33	39	42	46	50	52	55	58	61	64	66	69	72	76	79	82	/
3A_SB	3	a	44	50	55	58	61	65	67	70	73	77	80	82	85	88	91	95	98	101
3A_SB	3	d	45	51	56	59	62	66	68	71	74	78	81	83	86	89	92	96	99	/
3A_SB	4	a	56	62	67	70	73	77	79	81	85	89	91	94	97	100	104	108	111	116
3A_SB	4	d	57	63	68	71	74	78	80	82	86	90	92	95	98	101	105	109	113	/
3A_SB	5	a	71	76	82	87	91	95	97	99	103	108	110	112	116	120	123	126	129	132
3A_SB	5	d	72	77	84	89	92	96	98	100	105	109	111	113	117	121	124	127	130	/
3A_SB	6	a	87	91	98	103	107	110	112	115	118	122	124	127	130	133	136	140	143	147
3A_SB	6	d	88	92	100	104	108	111	113	116	119	123	125	128	131	134	137	141	144	/
3A_SB	7	a	105	110	116	119	123	127	130	132	135	140	142	145	149	153	157	160	163	166
3A_SB	7	d	106	111	117	120	124	128	131	133	137	141	143	146	150	154	158	161	164	/
3A_SB	8	a	125	131	138	141	145	149	153	156	161	166	168	171	175	178	182	185	189	192
3A_SB	8	d	126	132	139	142	147	151	155	158	163	167	169	172	176	179	183	186	190	/
3A_SB	9	a	135	140	146	149	153	157	161	164	169	173	175	179	182	185	189	192	196	200
3A_SB	9	d	136	141	147	150	155	159	163	166	170	174	177	180	183	186	190	193	197	/
3A_SB	10	a	153	157	164	169	172	175	178	182	186	192	194	196	200	204	207	211	214	217
3A_SB	10	d	154	159	166	170	173	176	180	183	188	193	195	197	201	205	209	212	215	/
3A_SB	11	a	168	174	180	184	187	190	193	196	199	203	205	207	211	215	218	221	224	227
3A_SB	11	d	169	175	181	185	188	191	194	197	200	204	206	208	212	216	219	222	225	/
3A_SB	12	a	184	189	195	199	202	206	209	212	215	218	220	222	225	229	232	236	239	242
3A_SB	12	d	185	190	196	200	203	207	210	213	216	219	221	223	226	230	233	237	240	/
3A_SB	13	a	201	205	209	213	217	221	223	226	229	232	234	236	240	243	247	250	254	257
3A_SB	13	d	202	206	210	214	218	222	224	227	230	233	235	237	241	244	248	251	255	/
3A_SB	14	a	216	222	227	231	235	239	241	243	248	251	253	257	262	265	270	273	276	280
3A_SB	14	d	217	223	228	233	236	240	242	245	249	252	255	259	263	267	271	274	277	/
3A_SB	15	a	233	239	244	248	251	254	256	259	262	266	268	271	274	278	282	285	289	292
3A_SB	15	d	234	240	245	249	252	255	257	260	263	267	269	272	275	279	283	286	290	/
3A_SB	16	a	250	254	260	263	266	269	272	275	278	282	284	287	291	295	299	303	307	310
3A_SB	16	d	251	255	261	264	267	270	273	276	279	283	285	288	292	296	300	304	308	/
3A_NB	1	a	13	16	19	22	24	27	30	34	38	42	45	50	53	56	59	62	67	71	77
3A_NB	1	d	14	17	20	23	25	28	31	35	39	43	46	51	54	57	60	63	68	72	/
3A_NB	2	a	26	30	33	36	38	42	45	49	53	56	59	63	67	70	74	77	82	87	94
3A_NB	2	d	27	31	34	37	39	43	46	50	54	57	60	64	68	71	75	78	83	88	/
3A_NB	3	a	40	44	48	50	53	56	59	63	66	69	72	76	80	83	87	90	96	101	106
3A_NB	3	d	41	45	49	51	54	57	60	64	67	70	73	77	81	84	88	91	97	102	/
3A_NB	4	a	57	61	65	67	70	73	76	79	82	85	87	91	95	98	101	104	108	112	117
3A_NB	4	d	58	62	66	68	71	74	77	80	83	86	88	92	96	99	102	105	109	113	/
3A_NB	5	a	72	75	79	81	84	87	90	94	98	102	105	109	113	116	119	122	126	131	137
3A_NB	5	d	73	76	80	82	85	88	91	95	99	103	106	110	114	117	120	123	127	132	/
3A_NB	6	a	89	92	95	97	100	103	106	110	114	117	120	124	128	132	135	138	143	149	154
3A_NB	6	d	90	93	96	98	101	104	107	111	115	118	121	125	129	133	136	139	144	150	/
3A_NB	7	a	102	105	108	110	113	116	119	123	127	131	133	137	141	144	148	151	157	162	167
3A_NB	7	d	103	106	109	111	114	117	120	124	128	132	134	138	142	145	149	152	158	163	/
3A_NB	8	a	120	123	126	128	131	134	138	142	145	149	152	157	160	164	167	170	174	179	184
3A_NB	8	d	121	124	127	129	132	135	139	143	146	150	153	158	161	165	168	171	175	180	/
3A_NB	9	a	135	139	142	144	146	149	153	157	160	164	166	171	174	178	181	183	188	192	197
3A_NB	9	d	136	140	143	145	147	150	154	158	161	165	167	172	175	179	182	184	189	193	/
3A_NB	10	a	152	155	158	160	162	166	169	173	176	179	182	187	190	194	197	199	203	207	213
3A_NB	10	d	153	156	159	161	163	167	170	174	177	180	183	188	191	195	198	200	204	208	/
3A_NB	11	a	166	169	173	175	178	181	185	189	192	196	198	204	207	211	214	216	221	226	231
3A_NB	11	d	167	170	174	176	179	182	186	190	193	197	199	205	208	212	215	217	222	227	/
3A_NB	12	a	183	186	191	193	195	198	202	206	209	213	215	220	223	226	230	233	238	243	248
3A_NB	12	d	184	187	192	194	196	199	203	207	210	214	216	221	224	227	231	234	239	244	/
3A_NB	13	a	197	201	205	207	209	212	216	220	223	227	229	234	237	240	243	245	249	255	261
3A_NB	13	d	198	202	206	208	210	213	217	221	224	228	230	235	238	241	244	246	250	256	/
3A_NB	14	a	214	218	222	225	228	231	234	238	241	244	247	252	255	259	262	265	269	274	279
3A_NB	14	d	215	219	223	226	229	232	235	239	242	245	248	253	256	260	263	266	270	275	/
3A_NB	15	a	229	233	236	239	242	245	248	252	255	259	261	266	269	272	275	278	283	288	294
3A_NB	15	d	230	234	237	240	243	246	249	253	256	260	262	267	270	273	276	279	284	289	/
3A_NB	16	a	244	248	251	253	256	260	263	266	269	273	275	279	283	286	289	292	296	302	307
3A_NB	16	d	245	249	252	254	257	261	264	267	270	274	276	280	284	287	290	293	297	303	/
