RouteID	RunID	Arrivals/Departures	TimePerStop
1A_SB	1	a	26	32	41	43	46	52	55	59	63	66	71	75	79	88	94	97
1A_SB	1	d	27	34	42	44	47	54	56	60	64	68	73	77	80	90	95	/
1A_SB	2	a	39	44	52	54	58	64	66	71	75	78	81	84	87	96	101	104
1A_SB	2	d	40	45	53	56	59	65	67	72	76	79	82	85	88	97	102	/
1A_SB	3	a	53	58	67	70	73	78	81	86	89	93	97	102	105	113	118	123
1A_SB	3	d	54	60	69	71	74	79	83	87	90	94	99	103	107	115	120	/
1A_SB	4	a	60	65	74	77	81	87	90	95	99	104	108	112	115	122	127	131
1A_SB	4	d	61	67	76	78	82	88	91	96	101	105	110	113	116	123	128	/
1A_SB	5	a	67	72	81	84	89	96	99	104	107	111	115	118	121	128	133	137
1A_SB	5	d	68	74	83	86	91	98	100	105	108	112	116	119	122	129	134	/
1A_SB	6	a	76	82	93	95	98	104	107	111	114	118	122	125	129	136	140	144
1A_SB	6	d	77	84	94	96	99	106	108	112	115	120	123	127	130	137	141	/
1A_SB	7	a	81	87	98	101	104	111	114	119	124	128	132	135	139	147	152	156
1A_SB	7	d	82	89	100	102	106	113	116	121	126	130	133	137	140	149	153	/
1A_SB	8	a	108	112	120	122	127	133	135	139	143	147	151	155	158	167	171	175
1A_SB	8	d	109	114	121	124	128	134	136	141	144	149	152	156	159	168	172	/
1A_SB	9	a	116	121	128	130	134	140	143	147	150	153	156	160	164	171	176	181
1A_SB	9	d	118	122	129	131	135	141	144	148	151	154	157	162	165	173	178	/
1A_SB	10	a	121	127	135	137	141	148	151	155	159	162	165	169	172	180	185	189
1A_SB	10	d	123	129	136	139	143	150	152	156	160	163	166	170	174	181	186	/
1A_SB	11	a	127	133	143	146	150	156	159	164	168	172	176	180	184	193	199	203
1A_SB	11	d	129	135	145	148	152	158	161	166	170	173	177	181	185	195	200	/
1A_SB	12	a	134	140	150	153	158	163	166	171	175	179	183	188	193	205	211	216
1A_SB	12	d	136	142	151	155	159	165	168	173	177	181	185	190	195	207	213	/
1A_SB	13	a	162	169	179	181	184	189	191	196	199	203	208	211	217	228	233	238
1A_SB	13	d	164	171	180	182	185	190	192	197	201	205	209	213	219	229	235	/
1A_SB	14	a	173	178	187	190	193	199	202	207	210	215	219	222	227	239	243	247
1A_SB	14	d	174	179	189	191	195	201	204	208	212	217	220	223	229	240	245	/
1A_SB	15	a	199	205	214	217	221	228	231	236	239	243	247	251	254	263	267	272
1A_SB	15	d	200	207	216	219	223	229	232	237	241	244	249	252	255	264	269	/
1A_SB	16	a	216	223	232	234	237	243	246	251	255	258	262	267	271	282	288	293
1A_SB	16	d	217	224	233	235	239	244	247	252	256	260	264	269	273	284	290	/
1A_NB	1	a	5	9	16	25	31	35	40	44	49	54	58	62	66	70	80	85
1A_NB	1	d	6	11	18	27	32	37	41	46	51	55	59	64	67	72	81	/
1A_NB	2	a	23	27	34	42	49	52	56	60	64	69	72	77	81	86	96	103
1A_NB	2	d	24	28	35	44	50	53	57	62	65	70	73	79	83	88	97	/
1A_NB	3	a	31	37	42	50	57	60	66	70	73	78	82	88	91	95	102	110
1A_NB	3	d	33	38	43	52	58	62	68	71	74	80	84	89	92	96	104	/
1A_NB	4	a	43	49	56	63	70	75	80	84	88	93	97	101	105	109	116	123
1A_NB	4	d	45	51	57	64	72	77	82	86	89	95	98	103	106	111	117	/
1A_NB	5	a	61	67	72	79	84	89	92	95	99	105	109	113	115	120	127	133
1A_NB	5	d	63	68	74	80	86	90	93	97	100	106	110	114	117	121	128	/
1A_NB	6	a	66	72	78	87	93	98	101	105	110	115	119	124	128	133	141	149
1A_NB	6	d	68	74	80	89	95	99	103	107	111	116	120	126	130	135	143	/
1A_NB	7	a	86	91	96	102	107	111	116	120	124	130	134	139	142	147	155	162
1A_NB	7	d	88	92	97	104	108	113	118	122	125	132	136	140	144	149	157	/
1A_NB	8	a	96	100	106	113	118	122	126	129	132	139	143	147	151	156	164	169
1A_NB	8	d	97	102	107	114	119	123	127	130	134	141	144	149	153	158	165	/
1A_NB	9	a	108	112	119	125	131	136	140	143	148	154	157	162	164	168	176	181
1A_NB	9	d	109	114	120	127	133	137	141	145	149	155	159	163	165	169	177	/
1A_NB	10	a	126	130	137	145	149	152	155	158	161	167	171	176	178	182	191	198
1A_NB	10	d	127	131	139	146	150	153	156	159	162	169	172	177	179	183	193	/
1A_NB	11	a	134	139	145	153	158	162	166	169	174	181	185	190	193	197	207	214
1A_NB	11	d	135	140	147	154	160	164	167	171	176	182	187	191	194	198	208	/
1A_NB	12	a	148	153	158	165	170	174	178	182	186	192	197	203	206	211	219	224
1A_NB	12	d	149	154	160	167	171	175	180	183	188	194	199	205	208	213	220	/
1A_NB	13	a	165	170	177	184	189	192	198	202	206	211	215	221	223	228	238	244
1A_NB	13	d	167	172	178	185	190	194	199	203	207	212	217	222	224	230	240	/
1A_NB	14	a	187	193	198	207	212	217	222	227	230	238	241	245	247	251	260	265
1A_NB	14	d	189	194	200	208	214	219	224	228	232	239	242	246	248	253	261	/
1A_NB	15	a	195	200	206	214	220	225	229	233	237	245	250	255	258	263	270	276
1A_NB	15	d	197	201	207	215	222	226	231	235	239	247	252	257	260	265	272	/
1A_NB	16	a	222	228	233	241	248	253	257	261	264	270	274	279	281	285	293	300
1A_NB	16	d	224	229	234	242	250	254	258	262	266	272	276	280	282	287	295	/
2A_NB	1	a	14	17	23	26	30	34	40	43	47	55	59	65	67	70	75	82	86	89	93	97	105	109
2A_NB	1	d	15	18	24	28	31	36	41	45	48	57	60	66	69	72	77	83	87	90	95	99	106	/
2A_NB	2	a	27	30	37	41	45	49	56	60	64	70	75	81	84	86	90	96	100	105	109	114	124	129
2A_NB	2	d	28	32	39	43	47	51	58	62	65	72	77	83	85	88	91	97	102	107	111	116	126	/
2A_NB	3	a	51	54	60	64	67	70	77	82	86	93	97	103	106	110	113	120	125	128	133	137	145	148
2A_NB	3	d	52	55	62	65	68	72	79	84	87	95	98	104	108	111	115	122	126	130	134	138	146	/
2A_NB	4	a	61	64	70	74	77	80	87	92	95	104	108	115	119	121	124	131	136	139	142	145	154	158
2A_NB	4	d	62	66	72	75	78	81	89	93	97	105	109	117	120	122	126	133	137	140	143	147	156	/
2A_NB	5	a	85	89	96	100	104	107	113	117	122	132	136	143	147	150	154	159	164	168	172	176	183	188
2A_NB	5	d	86	91	98	102	105	108	114	119	124	134	138	145	148	152	155	161	165	170	173	177	185	/
2A_NB	6	a	104	107	113	117	121	125	131	134	137	144	147	154	157	160	164	172	176	180	183	187	195	199
2A_NB	6	d	105	108	115	119	123	126	132	135	138	145	149	155	159	162	166	173	177	181	185	188	197	/
2A_NB	7	a	127	130	136	139	142	146	152	157	160	168	173	179	182	184	188	194	198	202	205	209	219	224
2A_NB	7	d	128	132	137	141	144	148	154	158	162	170	175	181	183	186	190	196	199	203	206	211	221	/
2A_NB	8	a	146	149	156	159	161	164	170	175	178	184	188	194	197	201	205	212	215	218	222	226	233	237
2A_NB	8	d	147	151	158	160	162	165	172	176	179	185	190	195	199	202	207	213	216	220	224	227	234	/
2A_NB	9	a	157	161	168	172	175	179	184	187	191	199	203	209	213	216	220	227	231	234	239	244	251	255
2A_NB	9	d	158	163	170	174	177	180	185	189	193	200	205	211	214	218	222	229	232	236	241	245	253	/
2A_NB	10	a	169	172	177	181	183	186	191	195	199	207	211	217	220	224	228	234	238	241	246	251	258	261
2A_NB	10	d	170	173	179	182	184	187	193	197	200	208	212	218	222	225	229	236	239	243	248	252	259	/
2A_NB	11	a	184	187	192	196	199	204	210	213	217	224	227	234	237	239	243	249	254	257	261	265	273	277
2A_NB	11	d	185	188	194	198	201	205	211	214	218	225	229	235	238	240	245	251	255	259	262	267	274	/
2A_NB	12	a	206	209	216	219	223	228	234	238	242	250	254	262	265	268	272	277	280	284	288	292	298	304
2A_NB	12	d	207	211	217	221	225	229	236	239	243	252	256	263	267	270	273	278	281	286	289	293	300	/
2A_NB	13	a	217	220	227	229	231	235	242	245	249	257	260	267	271	274	278	284	289	293	297	302	311	316
2A_NB	13	d	218	222	228	230	232	237	243	246	250	258	261	269	272	276	280	286	291	295	299	304	312	/
2A_NB	14	a	229	233	238	240	243	247	254	257	261	269	274	280	283	286	289	295	300	303	306	311	320	324
2A_NB	14	d	230	234	239	241	245	248	255	259	262	271	275	282	284	287	290	297	301	304	308	313	322	/
2A_NB	15	a	251	255	260	263	266	271	279	284	288	296	301	307	311	315	318	323	328	333	336	340	349	354
2A_NB	15	d	252	256	261	264	268	273	281	285	290	298	302	309	313	316	319	325	330	334	338	341	351	/
2A_NB	16	a	278	282	288	291	294	297	304	310	315	321	324	331	333	335	338	345	349	353	357	362	369	374
2A_NB	16	d	279	283	290	293	295	298	306	312	316	322	326	332	334	336	340	347	350	355	359	364	371	/
2A_SB	1	a	21	23	30	34	37	40	44	52	55	58	63	66	73	77	85	88	91	98	101	105	109	113	123	129
2A_SB	1	d	22	24	31	35	39	41	46	53	56	60	64	68	74	79	86	89	92	99	102	106	110	114	124	/
2A_SB	2	a	29	31	37	42	45	49	53	61	63	66	70	73	79	84	92	96	100	107	111	115	120	123	132	138
2A_SB	2	d	30	32	39	43	47	51	55	62	64	67	71	74	81	86	93	98	101	109	112	117	121	124	133	/
2A_SB	3	a	47	50	57	61	65	68	72	79	81	84	88	91	96	99	105	108	112	120	123	127	131	134	145	150
2A_SB	3	d	48	52	59	63	67	70	74	80	82	85	89	92	97	100	106	109	113	121	124	128	132	135	146	/
2A_SB	4	a	52	55	62	66	70	73	77	84	87	90	94	99	105	110	118	122	125	131	134	138	142	146	157	162
2A_SB	4	d	53	57	64	68	72	75	79	86	88	92	96	101	107	112	120	123	126	132	135	139	143	147	158	/
2A_SB	5	a	57	60	68	71	75	79	83	90	94	98	102	106	112	117	125	129	132	138	141	145	149	153	162	167
2A_SB	5	d	58	62	69	73	77	81	85	92	96	100	103	108	114	119	127	130	133	139	142	146	150	154	163	/
2A_SB	6	a	67	71	78	82	85	88	91	99	103	106	110	113	118	122	130	134	138	143	146	150	154	158	167	172
2A_SB	6	d	69	72	79	83	86	89	93	101	104	108	111	114	119	124	132	135	139	144	147	151	155	159	168	/
2A_SB	7	a	79	82	88	92	95	97	101	108	111	114	117	120	126	129	136	140	144	149	152	155	159	163	172	177
2A_SB	7	d	81	83	89	93	96	98	102	109	112	115	118	121	127	130	137	141	145	150	153	156	160	164	173	/
2A_SB	8	a	91	95	101	105	108	111	114	121	124	127	130	133	140	144	149	152	156	162	165	169	174	178	189	194
2A_SB	8	d	93	96	102	106	109	112	115	122	125	128	131	135	141	145	150	153	157	163	166	171	176	179	190	/
2A_SB	9	a	103	106	114	117	120	123	127	133	136	139	142	145	151	154	161	164	167	172	174	178	182	187	200	206
2A_SB	9	d	105	108	115	118	122	125	129	134	137	140	143	146	152	155	162	165	168	173	175	179	184	188	202	/
2A_SB	10	a	113	116	123	127	131	133	136	141	144	147	150	153	159	162	169	172	176	181	183	186	189	193	206	212
2A_SB	10	d	115	117	124	128	132	134	137	142	145	148	151	154	160	163	170	174	177	182	184	187	190	194	208	/
2A_SB	11	a	121	123	131	135	140	143	147	152	154	157	160	163	169	173	180	184	189	195	198	202	206	209	219	224
2A_SB	11	d	122	125	132	137	142	145	148	153	155	158	161	164	171	175	182	186	190	196	199	203	207	210	220	/
2A_SB	12	a	129	131	139	143	148	150	155	162	165	169	173	176	181	184	190	193	197	202	205	209	212	216	226	233
2A_SB	12	d	130	133	140	145	149	152	157	164	167	170	174	177	182	185	191	194	198	203	206	210	214	217	228	/
2A_SB	13	a	141	143	150	154	158	161	165	172	175	178	182	185	191	195	201	205	208	213	215	218	222	226	239	246
2A_SB	13	d	142	145	151	155	159	162	166	173	176	180	183	186	193	197	203	206	209	214	216	220	224	227	241	/
2A_SB	14	a	150	153	161	166	169	171	175	182	185	189	192	195	200	203	208	211	215	221	223	226	229	233	246	252
2A_SB	14	d	151	155	163	167	170	172	176	183	186	190	193	196	201	204	209	212	216	222	224	227	230	234	247	/
2A_SB	15	a	160	163	170	175	178	180	184	190	193	197	200	203	208	211	216	219	223	229	231	234	237	241	253	259
2A_SB	15	d	161	164	172	176	179	181	185	191	194	198	201	204	209	212	217	220	224	230	232	235	238	242	254	/
2A_SB	16	a	166	168	176	180	184	186	190	196	199	203	206	209	215	219	224	228	232	238	240	244	248	253	265	271
2A_SB	16	d	167	170	177	181	185	187	191	197	200	204	207	210	216	220	225	229	233	239	242	245	250	254	267	/
3A_SB	1	a	16	21	29	32	36	40	43	47	50	54	56	58	62	66	70	75	79	82
3A_SB	1	d	17	22	30	33	37	41	45	48	52	55	57	59	64	67	72	77	80	/
3A_SB	2	a	33	39	45	49	52	57	59	63	66	71	74	76	79	82	85	89	92	95
3A_SB	2	d	34	40	47	50	54	58	61	64	68	72	75	77	80	83	87	90	93	/
3A_SB	3	a	41	47	53	56	59	64	67	70	73	78	81	83	86	89	93	97	100	103
3A_SB	3	d	42	49	54	57	61	66	68	71	75	79	82	84	87	90	94	98	101	/
3A_SB	4	a	61	66	72	75	78	82	85	87	91	96	98	101	104	108	112	116	119	122
3A_SB	4	d	62	68	73	76	80	84	86	88	93	97	99	102	105	109	113	117	120	/
3A_SB	5	a	66	71	77	82	85	88	91	94	98	102	104	106	110	114	119	122	125	129
3A_SB	5	d	67	73	79	83	86	90	93	95	99	103	105	107	111	116	120	123	127	/
3A_SB	6	a	76	80	87	91	95	99	101	103	107	111	113	115	119	122	125	129	132	136
3A_SB	6	d	77	82	88	92	96	100	102	105	108	112	114	116	120	123	127	130	134	/
3A_SB	7	a	85	89	96	100	104	107	109	112	115	119	121	124	127	130	133	138	142	146
3A_SB	7	d	86	90	97	101	105	108	110	113	116	120	122	125	128	131	135	140	143	/
3A_SB	8	a	90	95	102	106	110	113	115	118	121	125	127	130	133	136	140	144	147	151
3A_SB	8	d	91	96	103	107	111	114	116	119	122	126	128	131	134	137	141	145	148	/
3A_SB	9	a	100	105	112	115	119	123	127	129	133	137	140	144	149	153	157	160	163	167
3A_SB	9	d	101	107	113	116	120	125	128	131	134	139	142	146	150	154	158	161	165	/
3A_SB	10	a	120	126	133	136	140	143	147	150	154	158	160	163	168	172	177	181	185	188
3A_SB	10	d	121	127	134	137	141	145	148	151	155	159	162	165	170	174	179	182	186	/
3A_SB	11	a	125	131	139	143	147	151	155	158	163	168	170	173	177	180	184	187	191	194
3A_SB	11	d	126	133	141	144	149	153	157	160	165	169	171	174	178	181	185	188	192	/
3A_SB	12	a	141	146	153	156	161	165	169	172	177	181	183	185	188	191	195	198	201	205
3A_SB	12	d	142	148	154	158	163	167	171	174	178	182	184	186	189	192	196	199	202	/
3A_SB	13	a	154	158	164	169	172	175	178	180	185	191	193	195	199	203	206	210	213	216
3A_SB	13	d	155	159	166	170	173	176	179	182	187	192	194	196	200	204	208	211	214	/
3A_SB	14	a	159	163	170	175	179	183	186	190	195	200	202	204	208	212	215	218	222	225
3A_SB	14	d	160	165	172	177	181	184	188	192	197	201	203	205	209	213	216	220	223	/
3A_SB	15	a	170	176	183	188	191	195	198	200	204	208	210	212	215	219	222	226	229	232
3A_SB	15	d	171	178	185	189	193	196	199	202	205	209	211	213	216	220	224	227	230	/
3A_SB	16	a	185	190	197	201	205	209	212	215	218	222	224	227	232	236	240	244	249	253
3A_SB	16	d	186	192	198	203	206	211	213	216	220	223	226	229	233	238	242	246	251	/
3A_NB	1	a	22	26	29	32	35	39	42	47	52	55	58	63	67	71	76	79	85	90	96
3A_NB	1	d	23	27	30	34	36	40	44	49	53	56	59	64	69	73	77	81	86	92	/
3A_NB	2	a	41	45	49	51	54	57	61	65	69	73	76	80	84	88	92	95	101	107	113
3A_NB	2	d	42	46	50	52	55	59	62	67	71	75	77	81	86	89	93	96	103	109	/
3A_NB	3	a	62	65	70	73	76	80	84	87	90	95	99	104	108	111	115	118	123	129	135
3A_NB	3	d	63	67	72	74	78	82	85	88	92	97	100	105	109	113	117	120	125	130	/
3A_NB	4	a	77	80	85	87	90	94	97	102	106	110	113	118	122	126	129	133	137	144	150
3A_NB	4	d	78	82	86	88	92	95	99	103	108	111	115	119	123	127	131	134	139	145	/
3A_NB	5	a	83	86	91	93	96	100	103	108	113	117	120	124	128	132	136	139	145	151	156
3A_NB	5	d	84	88	92	94	98	101	105	110	115	118	121	125	129	134	137	141	146	152	/
3A_NB	6	a	89	92	96	98	102	106	109	114	118	123	126	130	134	138	142	145	151	156	162
3A_NB	6	d	90	94	97	100	104	107	111	115	120	125	127	131	136	139	143	147	152	158	/
3A_NB	7	a	95	98	101	103	107	111	115	120	125	130	133	138	142	145	149	151	157	162	167
3A_NB	7	d	96	99	102	105	109	113	117	122	127	132	135	139	143	146	150	152	158	163	/
3A_NB	8	a	101	104	107	110	114	118	123	127	131	135	138	143	147	150	154	156	162	167	174
3A_NB	8	d	102	105	109	112	116	120	124	128	132	137	140	144	148	151	155	157	163	169	/
3A_NB	9	a	106	110	114	117	121	124	129	134	138	143	146	150	153	157	162	165	169	174	180
3A_NB	9	d	107	112	116	119	122	126	131	136	140	145	147	151	154	159	164	166	170	175	/
3A_NB	10	a	114	118	122	124	128	132	136	141	145	149	152	157	160	165	168	172	177	183	189
3A_NB	10	d	115	120	123	126	130	133	138	143	146	150	153	158	162	166	170	174	179	185	/
3A_NB	11	a	120	123	127	130	133	137	142	146	150	155	158	164	168	172	175	179	185	189	194
3A_NB	11	d	121	125	129	131	135	139	143	148	152	156	160	166	169	173	177	181	186	190	/
3A_NB	12	a	126	129	133	136	139	142	147	152	156	161	165	170	174	179	182	185	190	195	201
3A_NB	12	d	127	131	135	138	140	144	149	154	158	163	166	172	176	180	184	186	192	196	/
3A_NB	13	a	136	140	143	146	148	151	156	161	165	169	172	177	180	184	188	191	197	201	207
3A_NB	13	d	137	141	145	147	149	153	158	163	167	171	173	178	181	186	190	193	198	202	/
3A_NB	14	a	143	147	151	153	156	160	164	168	171	174	177	182	185	190	194	197	202	207	213
3A_NB	14	d	144	149	152	155	157	161	165	169	172	176	178	183	187	192	196	199	204	208	/
3A_NB	15	a	152	155	159	161	163	167	171	175	179	183	186	191	194	198	201	204	208	214	222
3A_NB	15	d	153	157	160	162	165	169	172	177	180	184	187	192	195	199	203	205	210	216	/
3A_NB	16	a	171	174	178	181	184	188	193	198	202	206	209	215	218	221	224	227	232	237	242
3A_NB	16	d	172	175	180	183	186	190	195	200	204	208	211	216	219	222	225	228	233	238	/
