RouteID	RunID	Arrivals/Departures	TimePerStop
1A_SB	1	a	6	9	12	22	26	30	35	38	42	45	49	52	62	66	73
1A_SB	1	d	7	10	13	24	27	31	36	39	43	47	50	53	64	67	/
1A_SB	2	a	20	24	28	37	41	45	51	55	59	63	67	71	84	87	95
1A_SB	2	d	21	25	30	39	43	47	53	56	61	65	69	73	85	88	/
1A_SB	3	a	38	42	46	56	60	64	71	76	81	85	89	92	104	109	118
1A_SB	3	d	39	43	47	57	61	66	73	78	83	87	90	94	106	111	/
1A_SB	4	a	53	57	62	71	75	79	86	91	96	100	104	107	116	121	130
1A_SB	4	d	54	59	63	73	77	81	88	93	98	102	105	109	118	122	/
1A_SB	5	a	63	68	73	82	87	90	96	99	103	106	111	114	123	126	135
1A_SB	5	d	65	70	74	84	88	92	97	100	104	108	112	116	124	127	/
1A_SB	6	a	68	73	78	91	95	99	105	108	112	115	119	122	132	135	142
1A_SB	6	d	70	75	80	93	97	101	106	109	113	116	120	123	133	136	/
1A_SB	7	a	80	85	89	99	102	105	111	114	118	121	125	128	138	142	150
1A_SB	7	d	82	86	90	100	103	106	112	115	119	122	126	129	140	144	/
1A_SB	8	a	86	91	94	104	107	110	116	119	123	126	130	134	143	147	155
1A_SB	8	d	88	92	95	105	108	111	117	120	124	127	132	136	145	149	/
1A_SB	9	a	100	105	109	118	121	124	131	134	138	142	146	151	161	164	170
1A_SB	9	d	102	107	111	119	122	126	132	135	139	143	148	152	162	165	/
1A_SB	10	a	113	117	121	131	134	138	143	146	151	154	158	162	172	176	182
1A_SB	10	d	115	119	123	132	135	139	144	148	152	155	159	163	173	177	/
1A_SB	11	a	118	123	126	136	140	144	149	152	156	159	163	168	177	181	189
1A_SB	11	d	120	124	128	137	141	145	150	153	157	160	165	169	178	183	/
1A_SB	12	a	123	128	132	141	145	150	155	158	163	168	172	176	186	190	197
1A_SB	12	d	125	130	133	142	147	151	156	160	165	170	173	178	188	191	/
1A_SB	13	a	130	135	139	148	152	156	161	164	169	173	177	182	194	197	205
1A_SB	13	d	132	136	141	150	153	157	162	166	170	175	179	184	195	199	/
1A_SB	14	a	142	146	150	158	162	167	172	176	181	185	189	193	204	208	217
1A_SB	14	d	144	147	151	160	164	168	173	178	183	186	191	195	206	210	/
1A_SB	15	a	148	152	157	166	171	174	179	183	187	190	194	198	209	214	223
1A_SB	15	d	150	153	159	168	172	175	180	184	188	191	196	200	211	216	/
1A_SB	16	a	153	157	162	171	176	179	185	189	194	197	200	204	215	220	229
1A_SB	16	d	155	158	164	173	177	180	186	191	195	198	202	206	217	222	/
1A_NB	1	a	7	15	18	29	35	39	43	46	49	55	59	62	72	77	82
1A_NB	1	d	8	16	19	31	36	40	44	47	51	57	60	64	74	79	/
1A_NB	2	a	22	31	35	43	49	54	58	62	65	72	76	80	89	93	97
1A_NB	2	d	23	33	36	45	51	55	59	63	67	74	78	82	90	94	/
1A_NB	3	a	37	48	52	61	65	69	74	79	82	87	91	94	102	107	111
1A_NB	3	d	39	49	54	62	67	71	75	80	83	88	92	95	104	108	/
1A_NB	4	a	47	58	62	72	76	80	83	89	93	99	103	106	114	117	122
1A_NB	4	d	49	59	63	73	78	81	85	91	95	101	104	107	115	119	/
1A_NB	5	a	76	86	89	100	105	108	111	115	119	126	129	132	140	144	149
1A_NB	5	d	78	87	90	101	106	109	112	116	120	127	130	133	141	145	/
1A_NB	6	a	96	105	109	119	124	129	134	138	142	148	152	156	165	169	174
1A_NB	6	d	98	107	110	120	126	131	135	140	143	150	153	158	166	171	/
1A_NB	7	a	108	119	123	133	140	145	148	153	156	164	168	173	181	187	191
1A_NB	7	d	110	121	125	135	142	146	150	154	158	165	170	175	183	188	/
1A_NB	8	a	132	143	146	154	159	162	165	170	174	182	185	189	199	203	209
1A_NB	8	d	134	144	148	155	160	163	167	172	176	183	186	191	200	205	/
1A_NB	9	a	144	153	156	164	170	173	177	182	186	192	196	199	208	212	217
1A_NB	9	d	146	154	158	166	171	174	179	184	188	194	197	201	209	214	/
1A_NB	10	a	153	163	167	176	181	185	190	196	200	207	210	214	225	228	233
1A_NB	10	d	155	165	169	177	183	187	192	198	202	208	212	215	226	230	/
1A_NB	11	a	159	169	172	181	189	192	197	201	205	212	216	220	231	234	238
1A_NB	11	d	161	170	174	183	190	194	199	203	207	214	218	221	232	235	/
1A_NB	12	a	172	182	186	196	201	204	208	213	217	224	227	231	240	244	249
1A_NB	12	d	174	184	188	197	202	205	210	215	219	225	229	233	242	246	/
1A_NB	13	a	179	190	194	205	210	214	219	224	228	236	239	242	252	256	260
1A_NB	13	d	180	192	196	206	212	216	221	225	230	237	240	243	254	257	/
1A_NB	14	a	193	204	207	218	225	228	233	238	242	249	252	256	266	269	274
1A_NB	14	d	194	205	209	220	226	230	235	240	244	250	254	257	267	271	/
1A_NB	15	a	204	215	219	228	234	238	242	246	250	257	260	263	273	277	282
1A_NB	15	d	205	217	220	230	236	240	243	248	252	258	261	264	275	279	/
1A_NB	16	a	209	220	224	235	240	244	248	253	258	265	268	271	280	283	288
1A_NB	16	d	210	222	225	236	242	246	250	255	260	266	269	272	281	285	/
2A_NB	1	a	8	11	16	20	24	30	34	38	48	51	57	59	62	66	73	76	80	85
2A_NB	1	d	9	12	17	22	26	32	36	40	49	52	58	60	63	68	74	77	82	/
2A_NB	2	a	33	36	41	45	49	55	60	63	74	78	84	87	90	94	99	102	107	110
2A_NB	2	d	34	37	42	47	51	57	61	65	75	79	86	89	91	95	101	104	108	/
2A_NB	3	a	46	49	55	60	63	70	75	79	88	93	100	103	106	111	117	120	124	128
2A_NB	3	d	47	50	57	61	65	72	77	81	90	95	101	105	108	113	119	121	125	/
2A_NB	4	a	64	67	73	76	79	84	87	91	99	103	109	113	115	120	125	128	132	136
2A_NB	4	d	65	68	74	77	80	85	89	92	100	105	111	114	117	121	127	129	133	/
2A_NB	5	a	70	73	79	83	86	92	97	101	109	113	118	121	124	128	134	136	140	144
2A_NB	5	d	71	74	81	84	88	94	99	102	110	114	119	122	126	130	135	137	141	/
2A_NB	6	a	87	90	97	100	104	109	114	118	128	133	138	141	144	148	153	157	161	164
2A_NB	6	d	88	92	98	102	105	111	115	119	130	134	140	142	146	149	155	158	162	/
2A_NB	7	a	108	111	116	119	123	130	135	138	147	151	158	162	166	170	177	180	184	187
2A_NB	7	d	109	112	117	120	125	132	136	140	148	153	160	164	168	172	179	181	185	/
2A_NB	8	a	122	126	132	135	139	144	148	152	162	166	172	175	178	182	190	193	198	201
2A_NB	8	d	123	127	133	136	140	146	150	153	163	168	174	176	180	184	192	195	199	/
2A_NB	9	a	129	133	140	144	149	156	159	163	171	175	180	184	188	192	199	202	206	210
2A_NB	9	d	130	135	142	146	151	157	161	165	172	176	182	186	190	193	201	203	208	/
2A_NB	10	a	135	139	145	149	154	161	165	169	177	182	188	191	195	199	207	210	214	217
2A_NB	10	d	136	140	147	151	156	163	166	171	179	184	189	193	197	200	209	211	215	/
2A_NB	11	a	151	155	160	164	168	175	180	184	194	199	205	207	211	216	222	224	228	232
2A_NB	11	d	152	156	161	166	170	177	181	186	196	201	206	209	213	218	223	226	230	/
2A_NB	12	a	171	175	179	183	188	194	198	202	210	215	222	224	227	232	237	240	244	247
2A_NB	12	d	172	176	181	185	189	195	200	204	212	217	223	225	229	233	238	242	245	/
2A_NB	13	a	186	189	194	197	202	207	211	215	223	227	234	237	240	245	249	252	255	258
2A_NB	13	d	187	190	195	199	203	208	212	216	224	229	236	238	241	246	251	253	256	/
2A_NB	14	a	198	202	209	213	216	223	228	232	241	245	250	254	257	262	268	271	276	280
2A_NB	14	d	199	204	211	214	217	225	229	234	242	246	252	256	258	264	270	273	278	/
2A_NB	15	a	211	214	219	223	226	233	238	242	253	257	262	264	267	273	280	283	288	293
2A_NB	15	d	212	215	221	224	228	235	239	244	255	258	263	266	269	275	282	285	290	/
2A_NB	16	a	222	225	231	234	237	243	248	251	262	266	271	274	278	283	291	294	299	303
2A_NB	16	d	223	226	232	235	238	245	249	253	264	267	273	276	280	285	293	296	300	/
2A_SB	1	a	26	31	35	38	43	47	50	54	58	64	69	74	77	82	87	91	95	98
2A_SB	1	d	27	33	36	39	45	48	51	56	59	66	71	75	79	83	88	92	96	/
2A_SB	2	a	46	49	53	56	62	65	68	73	77	82	86	91	95	99	104	108	112	115
2A_SB	2	d	47	51	54	58	63	66	69	75	78	83	87	93	97	100	106	109	113	/
2A_SB	3	a	61	65	67	70	75	78	81	85	88	93	99	105	109	112	117	120	123	126
2A_SB	3	d	63	66	68	71	76	79	82	86	89	95	101	107	110	113	118	121	124	/
2A_SB	4	a	69	72	74	77	83	86	89	93	96	101	106	112	115	118	125	129	132	136
2A_SB	4	d	70	73	75	78	84	87	91	94	97	102	107	113	116	120	127	130	134	/
2A_SB	5	a	75	79	83	87	94	97	101	105	109	115	119	125	129	133	139	142	145	148
2A_SB	5	d	77	81	85	89	96	99	103	106	111	117	121	127	130	134	140	143	146	/
2A_SB	6	a	88	92	95	98	104	106	109	112	116	122	126	131	134	138	143	147	150	154
2A_SB	6	d	90	93	96	99	105	107	110	113	118	123	127	132	135	139	145	148	152	/
2A_SB	7	a	97	101	105	109	116	118	122	125	128	134	138	142	145	149	155	159	163	167
2A_SB	7	d	99	103	107	111	117	120	123	126	129	135	139	143	146	150	156	160	165	/
2A_SB	8	a	107	111	114	118	124	126	129	132	135	139	143	147	150	154	160	164	169	173
2A_SB	8	d	109	113	116	120	125	127	130	133	136	140	144	148	151	155	161	166	171	/
2A_SB	9	a	121	125	128	131	136	138	141	145	148	152	155	160	163	167	172	176	181	185
2A_SB	9	d	123	127	129	132	137	139	142	146	149	153	156	161	164	168	174	178	183	/
2A_SB	10	a	127	130	133	136	141	143	147	152	157	163	167	173	176	180	185	188	192	195
2A_SB	10	d	128	132	134	137	142	145	149	154	159	165	169	174	178	181	186	189	193	/
2A_SB	11	a	132	135	138	142	148	151	155	159	163	170	173	178	181	186	191	194	198	201
2A_SB	11	d	133	137	139	144	150	152	156	160	165	171	174	179	183	187	192	195	199	/
2A_SB	12	a	139	143	145	149	156	158	162	167	171	177	181	187	191	196	202	206	211	214
2A_SB	12	d	141	144	146	151	157	159	164	168	172	179	182	188	193	197	204	208	212	/
2A_SB	13	a	146	150	153	157	164	167	170	173	177	184	188	194	198	202	208	211	216	220
2A_SB	13	d	148	151	155	159	166	168	171	174	179	186	189	196	199	203	209	213	218	/
2A_SB	14	a	151	156	160	164	171	174	178	182	185	191	195	201	204	209	215	218	223	226
2A_SB	14	d	153	158	162	166	173	176	180	183	186	193	196	202	206	211	216	220	224	/
2A_SB	15	a	163	168	171	174	180	183	187	190	193	201	205	212	216	221	227	232	236	240
2A_SB	15	d	165	169	172	175	181	184	188	191	195	203	207	214	218	223	229	234	238	/
2A_SB	16	a	177	182	185	188	194	197	201	204	208	215	219	226	231	234	240	245	248	251
2A_SB	16	d	179	183	186	189	196	198	202	205	210	216	221	228	232	236	242	246	249	/
3A_SB	1	a	4	9	13	18	21	25	29	34	38	41	45	48	53	57	62	67	71
3A_SB	1	d	5	10	14	19	23	26	30	36	39	42	47	49	54	58	63	68	/
3A_SB	2	a	13	18	22	29	33	37	42	48	53	58	62	64	69	73	77	82	85
3A_SB	2	d	14	19	23	31	35	39	44	50	55	60	63	65	70	75	78	83	/
3A_SB	3	a	39	43	48	53	57	60	65	69	73	78	82	84	89	93	96	101	104
3A_SB	3	d	40	45	49	55	58	62	67	71	75	79	83	85	90	94	97	102	/
3A_SB	4	a	53	58	62	68	72	77	82	87	92	96	101	103	107	111	115	120	123
3A_SB	4	d	54	59	64	70	74	79	84	89	94	98	102	105	108	112	116	121	/
3A_SB	5	a	61	66	70	76	81	86	91	95	99	103	107	109	112	116	120	124	128
3A_SB	5	d	62	68	72	78	83	88	93	97	101	105	108	110	113	117	121	126	/
3A_SB	6	a	68	73	78	84	89	93	96	100	104	109	113	115	118	122	125	129	133
3A_SB	6	d	69	75	79	86	90	94	98	102	106	111	114	116	119	123	126	131	/
3A_SB	7	a	73	78	83	90	95	99	103	107	111	116	120	123	127	131	134	139	143
3A_SB	7	d	74	80	85	92	96	101	105	109	113	118	121	124	128	132	135	140	/
3A_SB	8	a	87	93	96	103	107	112	117	121	125	129	132	135	139	142	145	150	153
3A_SB	8	d	88	94	97	104	109	114	119	123	126	130	133	136	140	143	146	151	/
3A_SB	9	a	99	106	111	117	120	124	127	131	134	137	140	142	146	149	152	158	161
3A_SB	9	d	100	108	113	118	122	125	128	132	135	138	141	143	147	150	153	159	/
3A_SB	10	a	108	114	118	125	128	132	136	141	145	148	153	156	160	163	166	171	174
3A_SB	10	d	109	115	120	126	130	134	137	143	146	150	154	157	161	164	167	172	/
3A_SB	11	a	125	132	136	143	147	150	154	158	162	165	169	171	175	179	183	189	193
3A_SB	11	d	126	134	138	145	148	151	155	159	163	167	170	172	176	180	184	190	/
3A_SB	12	a	134	140	143	150	153	157	161	165	168	172	175	177	181	184	188	194	198
3A_SB	12	d	135	141	145	151	154	158	162	166	169	173	176	178	182	185	189	195	/
3A_SB	13	a	144	150	154	161	165	169	173	177	180	184	187	190	195	199	204	210	213
3A_SB	13	d	145	151	155	163	166	170	174	178	181	185	188	191	196	200	206	211	/
3A_SB	14	a	158	163	167	172	176	180	183	186	189	194	197	199	204	208	213	219	222
3A_SB	14	d	159	164	168	174	177	181	184	187	191	195	198	200	205	210	214	220	/
3A_SB	15	a	164	170	174	180	184	188	191	194	197	201	204	206	211	214	218	225	229
3A_SB	15	d	165	171	176	181	185	189	192	195	198	202	205	207	212	215	220	226	/
3A_SB	16	a	169	175	180	186	190	194	197	201	204	208	211	214	219	222	227	233	238
3A_SB	16	d	170	177	181	187	191	195	198	202	205	209	212	215	220	224	229	235	/
3A_NB	1	a	20	23	27	31	36	41	46	49	53	58	63	67	69	72	77	80	85	89
3A_NB	1	d	21	25	29	33	38	43	48	50	55	60	65	68	70	74	78	82	87	/
3A_NB	2	a	48	52	56	60	64	69	73	77	82	87	91	93	96	100	103	106	110	114
3A_NB	2	d	49	54	58	62	66	71	75	79	83	88	92	94	97	101	104	107	111	/
3A_NB	3	a	54	58	61	66	70	75	79	83	87	92	97	100	103	107	111	114	119	123
3A_NB	3	d	55	59	63	68	72	76	81	84	88	94	99	101	104	109	112	116	120	/
3A_NB	4	a	61	65	68	72	75	81	85	89	93	99	103	107	110	114	118	121	125	130
3A_NB	4	d	62	66	69	73	77	82	87	90	94	100	105	109	112	116	119	123	127	/
3A_NB	5	a	74	78	82	86	89	93	96	98	103	109	113	117	120	124	128	132	136	141
3A_NB	5	d	75	80	83	87	90	94	97	100	104	110	115	119	121	126	129	134	138	/
3A_NB	6	a	83	87	90	94	98	103	106	109	114	120	124	127	129	133	136	140	143	147
3A_NB	6	d	84	88	91	95	100	104	108	111	115	121	125	128	130	134	137	141	144	/
3A_NB	7	a	90	94	97	102	107	110	115	117	121	127	131	135	137	142	147	152	156	160
3A_NB	7	d	91	95	99	104	108	112	116	118	122	128	133	136	139	144	149	154	158	/
3A_NB	8	a	100	104	107	112	117	121	126	128	133	139	143	146	148	152	155	159	162	165
3A_NB	8	d	101	105	109	114	119	123	127	130	134	140	144	147	150	153	156	160	163	/
3A_NB	9	a	105	109	113	118	122	126	131	134	139	146	151	154	157	161	165	168	172	176
3A_NB	9	d	106	111	115	119	124	128	133	136	141	148	153	156	159	163	166	169	173	/
3A_NB	10	a	122	126	129	135	138	143	146	148	153	158	162	164	166	170	174	177	181	185
3A_NB	10	d	123	127	131	136	140	144	147	150	154	159	163	165	168	172	175	178	183	/
3A_NB	11	a	149	152	156	161	165	170	174	177	182	186	190	193	196	199	203	206	210	213
3A_NB	11	d	150	153	158	163	167	172	176	179	183	187	191	194	197	200	204	207	211	/
3A_NB	12	a	156	159	164	169	173	178	181	184	189	193	197	201	205	209	212	216	220	223
3A_NB	12	d	157	161	166	170	175	179	183	186	190	194	199	203	207	210	214	218	221	/
3A_NB	13	a	179	183	188	192	197	202	205	208	212	218	222	224	226	229	232	235	239	243
3A_NB	13	d	180	185	189	194	199	203	207	210	213	219	223	225	227	230	233	237	241	/
3A_NB	14	a	203	206	209	214	218	222	225	228	232	237	241	245	247	250	255	259	262	266
3A_NB	14	d	204	207	211	215	219	223	226	229	233	239	243	246	248	252	256	260	263	/
3A_NB	15	a	223	227	232	235	238	242	246	250	254	261	265	268	270	274	279	284	289	294
3A_NB	15	d	224	229	233	236	239	244	248	251	256	263	266	269	272	276	281	286	291	/
3A_NB	16	a	243	246	251	255	259	263	266	269	274	280	284	287	289	293	297	301	304	308
3A_NB	16	d	244	248	253	257	260	264	267	271	276	282	286	288	291	295	298	302	305	/
