RouteID	RunID	Arrivals/Departures	TimePerStop
1A_SB	1	a	25	32	41	45	50	56	59	65	69	72	76	80	85	96	100	105
1A_SB	1	d	26	34	43	47	51	57	61	66	70	73	78	82	87	97	102	/
1A_SB	2	a	35	41	49	52	57	64	66	72	76	81	85	89	92	101	106	111
1A_SB	2	d	36	42	51	54	59	65	68	73	78	83	87	90	93	103	108	/
1A_SB	3	a	60	65	75	78	81	85	89	94	99	102	106	110	115	126	131	134
1A_SB	3	d	61	66	76	79	82	87	91	96	100	103	108	112	117	127	132	/
1A_SB	4	a	76	82	91	93	97	103	107	113	116	119	123	127	131	140	145	149
1A_SB	4	d	77	84	92	95	99	105	109	114	117	120	124	128	132	141	146	/
1A_SB	5	a	85	91	98	101	104	110	113	119	124	128	133	137	141	150	156	159
1A_SB	5	d	86	92	100	102	106	111	115	121	126	130	134	138	142	151	157	/
1A_SB	6	a	103	109	119	121	125	132	134	138	143	146	150	154	157	167	173	178
1A_SB	6	d	105	111	120	123	127	133	135	140	144	147	152	155	158	169	175	/
1A_SB	7	a	117	123	133	137	141	148	151	155	160	164	169	173	178	186	191	194
1A_SB	7	d	119	124	135	139	143	150	152	157	162	166	171	175	179	187	192	/
1A_SB	8	a	126	133	142	145	148	154	156	160	165	169	174	178	182	193	198	202
1A_SB	8	d	128	135	143	146	149	155	157	162	167	171	176	180	184	194	199	/
1A_SB	9	a	133	140	148	152	156	162	165	169	173	177	182	186	190	200	207	211
1A_SB	9	d	135	141	150	154	157	164	166	171	175	179	184	188	191	202	208	/
1A_SB	10	a	158	165	172	175	178	184	186	191	194	197	201	205	209	217	222	225
1A_SB	10	d	160	166	173	176	180	185	188	192	195	198	202	206	210	218	223	/
1A_SB	11	a	169	175	183	187	191	197	200	205	209	213	216	219	222	230	236	239
1A_SB	11	d	170	177	185	189	193	199	201	207	211	214	217	220	223	231	237	/
1A_SB	12	a	197	202	211	213	216	223	226	231	234	238	241	245	249	257	263	267
1A_SB	12	d	198	204	212	214	218	225	228	232	235	239	242	246	250	258	264	/
1A_SB	13	a	203	208	219	222	225	231	234	239	244	248	253	257	260	268	274	278
1A_SB	13	d	204	210	221	223	227	233	236	241	246	250	254	258	261	269	276	/
1A_SB	14	a	225	231	238	241	244	250	252	256	261	265	269	273	278	288	293	297
1A_SB	14	d	227	232	240	242	245	251	253	258	262	266	271	275	279	289	294	/
1A_SB	15	a	236	242	251	253	258	265	268	275	279	282	286	289	293	303	309	312
1A_SB	15	d	238	244	252	255	260	267	270	276	280	283	287	291	294	304	310	/
1A_SB	16	a	252	259	268	271	275	281	284	289	292	296	300	304	308	319	325	328
1A_SB	16	d	254	261	270	273	277	282	285	290	294	297	302	305	310	321	326	/
1A_SB	17	a	282	289	298	300	303	308	310	314	317	321	325	329	332	339	344	347
1A_SB	17	d	284	291	299	301	304	309	311	315	319	322	327	330	333	340	345	/
1A_SB	18	a	301	307	315	317	321	327	329	335	339	342	346	349	353	362	368	372
1A_SB	18	d	302	308	316	318	322	328	331	336	340	344	347	350	354	364	369	/
1A_SB	19	a	317	323	331	334	337	343	346	352	356	359	362	366	369	380	386	390
1A_SB	19	d	318	324	333	335	339	345	348	353	357	360	364	367	371	381	387	/
1A_SB	20	a	322	329	339	341	344	351	354	360	364	368	371	375	379	388	394	398
1A_SB	20	d	324	330	340	342	346	353	356	362	366	369	373	377	380	389	396	/
1A_SB	21	a	344	350	360	364	368	375	379	384	388	391	395	398	402	410	417	421
1A_SB	21	d	345	351	362	366	370	377	381	385	389	392	396	399	403	412	418	/
1A_SB	22	a	356	363	371	374	377	382	385	389	393	396	400	403	407	418	424	427
1A_SB	22	d	358	364	372	375	378	383	386	390	394	397	401	404	409	419	425	/
1A_SB	23	a	372	379	389	391	395	400	404	409	413	417	420	424	428	436	441	444
1A_SB	23	d	374	381	390	392	396	402	405	410	415	418	422	425	429	437	442	/
1A_SB	24	a	402	409	418	421	424	428	431	436	440	444	448	451	455	463	470	473
1A_SB	24	d	404	411	420	422	425	429	432	437	441	445	449	453	456	465	471	/
1A_SB	25	a	420	427	435	437	441	446	449	453	458	462	466	470	475	484	489	493
1A_SB	25	d	422	429	436	438	442	447	450	455	460	463	468	472	476	486	490	/
1A_SB	26	a	436	442	450	453	457	463	466	472	475	479	482	485	489	499	504	507
1A_SB	26	d	437	444	451	454	458	464	468	473	476	480	483	486	490	500	505	/
1A_SB	27	a	442	448	456	460	464	470	473	479	484	488	492	495	498	506	512	516
1A_SB	27	d	443	450	458	461	465	472	475	481	486	490	493	496	499	508	513	/
1A_SB	28	a	463	469	478	481	484	490	493	497	501	504	508	512	516	527	533	537
1A_SB	28	d	464	470	480	482	485	491	494	498	502	505	510	513	518	529	535	/
1A_SB	29	a	476	483	492	495	500	507	509	514	519	522	526	529	533	544	549	553
1A_SB	29	d	478	485	494	497	502	508	510	516	520	523	527	531	534	545	550	/
1A_SB	30	a	486	492	501	503	508	514	516	522	526	530	534	538	541	549	554	557
1A_SB	30	d	488	494	502	505	509	515	518	523	527	531	536	539	542	550	555	/
1A_SB	31	a	493	500	509	512	516	521	523	528	531	535	539	543	547	555	561	565
1A_SB	31	d	495	502	510	513	517	522	525	529	532	536	541	544	548	557	563	/
1A_SB	32	a	503	509	521	525	529	535	538	542	546	549	553	557	561	571	577	581
1A_SB	32	d	504	511	523	526	530	537	539	544	547	550	555	559	562	573	579	/
1A_SB	33	a	509	516	528	530	534	541	543	548	552	555	560	564	568	578	584	588
1A_SB	33	d	510	518	529	531	536	542	545	550	553	557	562	566	569	580	585	/
1A_SB	34	a	524	529	539	541	544	550	552	556	561	565	569	573	577	586	592	596
1A_SB	34	d	525	531	540	542	545	551	553	558	563	566	570	574	578	587	593	/
1A_SB	35	a	531	536	546	549	553	560	563	569	573	577	581	585	589	598	604	608
1A_SB	35	d	532	538	548	551	555	562	565	570	574	578	582	587	591	599	605	/
1A_SB	36	a	541	547	555	557	562	569	571	576	580	585	589	594	598	608	614	618
1A_SB	36	d	542	549	556	559	564	570	573	577	582	586	591	596	600	610	615	/
1A_SB	37	a	562	568	576	580	584	590	592	597	601	604	608	612	616	626	632	635
1A_SB	37	d	563	570	578	581	586	591	593	598	602	605	609	614	618	628	633	/
1A_SB	38	a	568	574	582	586	591	596	598	603	607	610	615	619	623	632	639	642
1A_SB	38	d	569	576	584	588	592	597	600	604	608	612	617	621	624	634	640	/
1A_SB	39	a	578	584	594	597	601	606	608	612	617	621	626	630	635	645	652	656
1A_SB	39	d	579	586	595	598	603	607	609	614	619	623	628	632	637	647	653	/
1A_SB	40	a	587	594	603	607	611	616	618	623	627	631	636	639	643	652	659	663
1A_SB	40	d	588	595	605	609	613	617	620	625	629	633	637	640	644	654	661	/
1A_SB	41	a	594	601	610	614	618	624	626	630	633	636	641	645	649	659	665	669
1A_SB	41	d	595	602	612	616	620	625	627	631	634	638	643	647	651	660	667	/
1A_SB	42	a	607	613	623	626	630	636	640	646	650	654	659	662	667	676	682	685
1A_SB	42	d	608	615	625	628	631	638	642	647	651	656	660	664	669	678	683	/
1A_SB	43	a	614	619	629	632	637	644	647	652	656	660	664	668	673	683	689	694
1A_SB	43	d	615	621	631	634	639	646	649	653	657	661	666	670	675	685	691	/
1A_SB	44	a	639	645	654	657	661	666	670	676	679	682	687	691	696	704	711	715
1A_SB	44	d	640	647	655	659	662	668	672	677	680	684	688	693	697	706	712	/
1A_SB	45	a	660	666	677	680	685	690	694	699	704	708	713	717	721	730	735	739
1A_SB	45	d	661	668	679	682	686	692	696	701	706	710	715	718	722	731	737	/
1A_SB	46	a	690	696	704	706	709	716	719	724	727	731	735	739	743	751	758	761
1A_SB	46	d	691	698	705	707	710	718	721	725	729	733	737	741	744	753	759	/
1A_SB	47	a	704	710	718	720	724	731	734	740	745	749	754	759	764	772	779	784
1A_SB	47	d	705	711	719	722	726	733	736	742	747	751	756	761	765	774	781	/
1A_SB	48	a	716	722	732	735	739	746	748	753	756	760	765	768	772	781	788	793
1A_SB	48	d	717	724	734	736	741	747	750	754	758	762	766	770	774	783	790	/
1A_SB	49	a	742	748	760	764	767	772	775	781	785	788	791	795	799	808	813	818
1A_SB	49	d	743	750	762	765	768	773	777	782	786	789	792	797	801	809	815	/
1A_SB	50	a	770	776	784	787	791	796	800	805	809	813	818	821	825	836	842	845
1A_SB	50	d	771	777	786	789	792	798	802	806	810	815	819	823	827	838	843	/
1A_SB	51	a	793	799	807	809	813	819	822	828	833	837	841	844	847	856	861	865
1A_SB	51	d	794	800	808	811	814	820	824	830	834	838	842	845	848	857	863	/
1A_SB	52	a	822	828	836	838	842	848	851	857	861	865	868	872	875	885	890	893
1A_SB	52	d	823	830	837	840	843	850	853	859	863	866	870	873	877	886	891	/
1A_SB	53	a	829	835	842	845	849	855	858	864	868	873	877	881	885	893	898	901
1A_SB	53	d	830	836	843	847	850	856	860	866	870	874	879	883	886	894	899	/
1A_SB	54	a	835	841	850	854	858	863	866	871	876	881	885	888	893	901	907	911
1A_SB	54	d	836	843	852	856	859	864	867	873	878	882	886	890	894	903	909	/
1A_SB	55	a	858	864	875	878	883	890	894	899	904	907	911	916	920	930	935	938
1A_SB	55	d	859	866	877	880	885	892	896	901	905	909	913	917	921	931	936	/
1A_SB	56	a	874	879	887	890	893	900	903	908	912	916	919	923	927	937	942	945
1A_SB	56	d	875	881	888	891	895	901	904	909	914	917	920	924	928	938	943	/
1A_SB	57	a	883	888	897	900	904	911	914	919	924	929	932	937	941	952	957	960
1A_SB	57	d	884	889	898	902	906	912	916	921	926	930	934	939	943	953	958	/
1A_SB	58	a	900	905	915	917	920	926	929	933	937	940	943	947	950	961	966	970
1A_SB	58	d	901	907	916	918	922	927	930	934	938	941	945	948	952	963	967	/
1A_SB	59	a	920	925	933	935	939	945	948	952	956	959	963	968	971	979	985	989
1A_SB	59	d	921	926	934	936	940	947	949	954	957	960	965	969	972	981	987	/
1A_SB	60	a	930	935	944	947	951	957	960	964	968	972	977	980	984	993	997	1001
1A_SB	60	d	931	937	946	949	952	959	961	965	970	974	978	982	985	994	999	/
1A_SB	61	a	941	946	953	956	960	967	970	974	977	980	984	988	991	1001	1006	1009
1A_SB	61	d	942	947	955	958	962	969	971	975	978	981	986	989	993	1003	1007	/
1A_SB	62	a	947	953	961	964	968	974	977	981	984	988	992	995	999	1009	1014	1018
1A_SB	62	d	948	955	963	966	969	975	978	982	986	989	993	996	1001	1010	1016	/
1A_SB	63	a	956	962	971	974	978	985	989	994	998	1002	1006	1009	1012	1023	1028	1032
1A_SB	63	d	957	964	973	976	980	987	990	995	1000	1003	1007	1010	1014	1024	1030	/
1A_SB	64	a	982	987	998	1002	1006	1011	1013	1018	1023	1027	1030	1033	1036	1045	1051	1056
1A_SB	64	d	983	989	1000	1003	1007	1012	1014	1020	1024	1028	1031	1034	1037	1047	1053	/
1A_NB	1	a	6	11	18	25	32	37	42	47	51	56	59	64	68	72	80	85
1A_NB	1	d	7	13	19	27	34	39	44	49	52	57	61	66	69	73	81	/
1A_NB	2	a	23	28	33	42	47	51	55	58	61	66	70	75	77	81	90	97
1A_NB	2	d	24	29	35	43	48	52	56	59	62	68	72	76	78	83	92	/
1A_NB	3	a	35	39	45	52	57	62	66	70	74	80	84	89	92	96	103	110
1A_NB	3	d	36	40	46	53	59	63	68	71	76	81	85	91	93	97	105	/
1A_NB	4	a	42	47	54	61	66	69	74	78	82	87	92	97	100	105	112	119
1A_NB	4	d	44	49	55	62	67	71	76	79	83	89	93	99	102	106	114	/
1A_NB	5	a	47	53	59	66	71	75	79	83	87	93	97	103	107	112	120	126
1A_NB	5	d	49	54	61	67	73	76	81	84	89	95	99	105	109	114	122	/
1A_NB	6	a	54	60	66	73	78	83	88	92	97	102	106	111	115	119	127	132
1A_NB	6	d	56	62	68	74	80	85	90	94	98	104	107	113	116	120	128	/
1A_NB	7	a	63	69	74	81	87	92	97	101	105	113	117	122	126	130	139	145
1A_NB	7	d	65	70	76	82	89	94	99	102	107	115	118	124	127	132	140	/
1A_NB	8	a	71	77	83	90	96	100	105	109	113	121	126	131	134	138	147	153
1A_NB	8	d	73	79	85	92	98	102	107	110	115	123	127	132	135	139	148	/
1A_NB	9	a	96	100	106	113	120	124	129	134	138	145	150	155	158	162	171	176
1A_NB	9	d	97	102	107	115	122	126	131	135	140	147	151	156	160	164	172	/
1A_NB	10	a	125	130	135	144	149	153	157	160	163	167	171	177	180	185	193	199
1A_NB	10	d	127	131	137	145	151	154	158	161	164	169	173	178	182	187	194	/
1A_NB	11	a	149	154	159	169	174	178	182	186	190	197	201	206	209	213	220	226
1A_NB	11	d	151	155	161	170	175	179	184	187	192	199	202	207	211	215	222	/
1A_NB	12	a	157	162	168	176	182	186	190	193	197	203	206	212	216	220	227	232
1A_NB	12	d	159	164	170	178	183	187	191	195	199	204	208	214	218	222	228	/
1A_NB	13	a	164	169	175	182	188	192	196	200	204	210	214	219	222	225	234	240
1A_NB	13	d	166	170	176	183	189	193	197	202	206	212	215	220	223	227	236	/
1A_NB	14	a	189	194	201	208	213	217	222	226	230	235	238	244	246	251	259	265
1A_NB	14	d	191	196	203	209	214	218	223	227	231	236	240	245	248	253	261	/
1A_NB	15	a	218	222	227	236	241	245	249	252	256	261	264	268	271	276	284	290
1A_NB	15	d	219	223	229	237	242	246	250	253	257	262	265	269	273	278	285	/
1A_NB	16	a	244	248	254	263	268	272	276	279	282	287	291	296	300	305	311	316
1A_NB	16	d	245	250	256	264	270	273	277	280	283	289	292	298	302	306	312	/
1A_NB	17	a	253	257	263	272	278	282	286	290	293	299	302	307	309	313	321	327
1A_NB	17	d	254	259	265	273	280	283	287	291	295	300	303	308	310	315	322	/
1A_NB	18	a	278	283	288	294	300	304	308	312	316	321	324	329	331	335	342	349
1A_NB	18	d	279	284	289	295	301	305	310	313	317	322	326	330	332	336	344	/
1A_NB	19	a	283	289	294	300	306	311	316	320	324	329	332	338	340	345	354	359
1A_NB	19	d	285	290	295	301	308	313	317	321	325	330	334	339	342	347	355	/
1A_NB	20	a	288	294	300	308	314	318	323	328	332	337	340	345	347	351	359	364
1A_NB	20	d	290	296	302	309	316	320	325	329	333	338	341	346	348	352	360	/
1A_NB	21	a	302	307	312	319	325	328	333	338	343	348	352	356	358	363	372	378
1A_NB	21	d	304	308	313	320	326	330	335	340	344	350	353	357	360	365	374	/
1A_NB	22	a	309	314	322	331	337	341	345	350	355	361	364	370	372	376	384	390
1A_NB	22	d	311	316	324	333	339	342	347	352	356	362	366	371	373	377	386	/
1A_NB	23	a	339	344	351	358	365	370	375	379	384	388	391	397	400	405	414	420
1A_NB	23	d	341	346	353	360	367	372	377	381	385	389	393	398	402	406	415	/
1A_NB	24	a	363	368	375	382	389	393	396	400	404	410	414	419	422	427	437	444
1A_NB	24	d	365	370	376	384	390	394	397	401	405	411	415	421	424	429	439	/
1A_NB	25	a	387	392	397	406	412	417	422	426	430	436	441	445	447	452	459	466
1A_NB	25	d	389	393	399	407	414	419	424	427	432	438	442	446	449	453	461	/
1A_NB	26	a	406	412	418	425	431	435	439	443	447	452	456	461	464	469	478	485
1A_NB	26	d	408	414	420	427	432	436	440	445	448	453	458	463	466	471	480	/
1A_NB	27	a	426	431	438	447	453	458	463	467	470	477	480	485	489	493	501	507
1A_NB	27	d	428	433	440	448	455	460	464	468	472	478	481	487	490	494	503	/
1A_NB	28	a	455	460	466	474	481	486	490	493	497	502	506	511	513	517	525	530
1A_NB	28	d	457	461	467	476	483	488	491	494	498	504	508	512	514	519	526	/
1A_NB	29	a	467	472	479	487	491	495	499	504	508	515	518	523	527	530	538	543
1A_NB	29	d	469	474	480	488	492	496	501	505	510	516	520	525	528	532	539	/
1A_NB	30	a	482	487	493	501	507	511	515	518	522	528	531	535	539	543	552	559
1A_NB	30	d	484	489	494	503	509	513	516	519	523	529	532	537	540	545	554	/
1A_NB	31	a	498	502	507	515	522	527	532	536	541	545	548	554	557	562	570	576
1A_NB	31	d	499	503	508	517	524	529	534	538	542	546	550	555	559	563	572	/
1A_NB	32	a	508	512	519	526	532	536	541	545	550	554	557	562	565	569	577	583
1A_NB	32	d	509	514	520	527	533	538	542	547	551	555	558	563	566	570	579	/
1A_NB	33	a	525	531	538	547	553	557	561	564	568	573	578	583	586	591	600	605
1A_NB	33	d	527	533	539	548	554	558	562	565	569	575	579	585	588	592	601	/
1A_NB	34	a	531	537	543	551	558	562	566	570	573	578	583	588	591	596	605	611
1A_NB	34	d	533	538	545	553	560	563	568	571	574	580	585	590	593	597	607	/
1A_NB	35	a	551	556	564	572	577	581	585	588	591	595	599	603	607	612	621	626
1A_NB	35	d	553	558	566	573	578	583	586	589	592	597	600	605	609	614	622	/
1A_NB	36	a	561	566	574	582	588	593	597	601	606	611	615	621	623	628	635	640
1A_NB	36	d	563	568	575	584	590	594	599	603	607	612	617	622	625	629	636	/
1A_NB	37	a	572	576	582	590	597	602	607	612	617	623	627	632	634	638	645	651
1A_NB	37	d	573	578	583	592	599	604	609	614	619	625	628	633	635	639	646	/
1A_NB	38	a	598	602	609	617	624	628	633	636	639	645	649	655	658	663	670	675
1A_NB	38	d	599	604	610	619	625	630	634	637	641	646	651	657	660	664	671	/
1A_NB	39	a	604	608	615	625	631	635	639	642	646	651	656	662	665	669	677	682
1A_NB	39	d	605	610	617	626	632	636	640	644	647	653	658	664	666	671	678	/
1A_NB	40	a	628	632	639	646	653	657	660	664	667	673	676	681	684	688	696	703
1A_NB	40	d	629	634	640	648	654	658	661	665	669	674	677	683	686	690	698	/
1A_NB	41	a	646	651	657	664	668	672	677	681	685	691	696	700	704	708	717	724
1A_NB	41	d	647	652	659	665	669	674	679	682	687	693	697	702	705	710	719	/
1A_NB	42	a	655	660	667	675	681	685	690	694	697	703	707	712	714	719	728	736
1A_NB	42	d	656	662	669	677	682	687	692	695	699	705	709	713	716	721	730	/
1A_NB	43	a	671	676	680	687	692	697	701	704	708	712	716	720	723	727	735	740
1A_NB	43	d	672	677	682	688	694	699	702	705	709	714	717	721	725	728	736	/
1A_NB	44	a	677	682	687	694	699	703	706	710	715	720	724	730	734	739	749	754
1A_NB	44	d	678	684	689	695	700	704	708	712	717	722	726	732	736	740	750	/
1A_NB	45	a	700	705	711	720	727	730	733	737	741	746	751	757	759	764	774	781
1A_NB	45	d	701	706	713	722	728	731	734	738	742	748	753	758	760	766	776	/
1A_NB	46	a	718	722	729	736	742	746	751	755	759	765	769	774	777	782	790	796
1A_NB	46	d	719	724	730	737	744	748	752	757	760	766	771	775	779	783	791	/
1A_NB	47	a	726	730	736	745	751	756	761	765	769	774	778	782	786	791	799	805
1A_NB	47	d	727	731	738	746	753	758	762	767	770	775	779	784	788	792	800	/
1A_NB	48	a	733	737	743	752	758	762	767	770	774	780	785	790	794	797	804	811
1A_NB	48	d	734	738	745	753	759	764	768	772	776	782	787	792	795	798	806	/
1A_NB	49	a	759	764	770	779	784	789	793	798	801	808	812	818	821	826	834	840
1A_NB	49	d	760	766	772	780	786	790	795	799	803	809	814	820	823	827	836	/
1A_NB	50	a	775	779	785	794	801	805	810	813	816	820	825	830	832	836	845	851
1A_NB	50	d	776	781	787	796	803	807	811	814	817	822	827	831	833	838	846	/
1A_NB	51	a	780	785	791	800	806	810	815	819	823	827	831	836	838	843	852	858
1A_NB	51	d	781	787	793	801	808	812	817	821	824	829	833	837	840	845	853	/
1A_NB	52	a	791	796	801	808	814	819	824	828	831	836	839	843	846	850	859	866
1A_NB	52	d	792	797	802	809	816	821	825	829	832	837	840	844	847	852	861	/
1A_NB	53	a	803	807	812	820	825	830	833	837	840	846	851	856	859	863	872	879
1A_NB	53	d	804	808	813	821	827	831	834	838	842	848	853	858	860	864	874	/
1A_NB	54	a	824	828	834	842	848	852	855	858	862	869	873	878	881	885	893	899
1A_NB	54	d	825	829	836	844	849	853	856	859	864	870	874	880	882	887	895	/
1A_NB	55	a	836	840	848	856	862	866	869	873	877	883	887	892	896	901	909	914
1A_NB	55	d	837	842	849	858	863	867	871	875	879	884	888	894	898	903	910	/
1A_NB	56	a	850	854	860	869	874	877	882	886	890	895	898	904	908	911	919	925
1A_NB	56	d	851	856	861	870	875	879	884	887	891	896	900	906	909	913	921	/
1A_NB	57	a	858	862	868	877	883	886	891	895	900	906	910	916	919	923	930	935
1A_NB	57	d	859	864	869	879	884	888	892	897	902	908	912	918	920	924	931	/
1A_NB	58	a	879	883	890	897	903	908	911	914	918	924	927	932	935	940	948	953
1A_NB	58	d	880	885	891	898	905	909	912	916	919	925	929	934	937	941	949	/
1A_NB	59	a	890	895	902	910	916	920	924	929	933	939	942	948	951	955	964	971
1A_NB	59	d	891	897	904	911	917	922	926	930	934	940	944	949	952	957	966	/
1A_NB	60	a	919	924	929	938	945	948	952	955	959	964	967	972	974	978	984	990
1A_NB	60	d	920	925	931	940	946	949	953	956	960	965	968	973	976	979	985	/
1A_NB	61	a	935	939	945	952	957	960	965	969	974	979	983	987	991	995	1002	1007
1A_NB	61	d	936	940	947	953	958	962	966	971	975	980	984	989	993	996	1003	/
1A_NB	62	a	951	955	961	968	974	978	982	985	990	995	999	1004	1006	1011	1019	1025
1A_NB	62	d	952	957	962	970	975	979	983	987	991	997	1000	1005	1008	1013	1021	/
1A_NB	63	a	959	963	968	976	982	986	990	994	998	1003	1008	1013	1016	1021	1028	1033
1A_NB	63	d	960	964	970	977	983	987	991	995	999	1005	1010	1015	1018	1022	1029	/
1A_NB	64	a	980	984	991	998	1005	1009	1013	1017	1022	1027	1031	1036	1038	1044	1052	1058
1A_NB	64	d	981	985	992	1000	1006	1010	1014	1019	1023	1029	1033	1037	1040	1046	1054	/
2A_NB	1	a	20	24	29	33	36	40	46	49	53	62	67	74	76	79	84	91	95	99	102	106	114	119
2A_NB	1	d	21	25	31	34	38	42	47	51	55	64	68	75	78	81	86	93	97	100	104	108	116	/
2A_NB	2	a	38	41	46	49	51	56	62	66	70	78	82	88	90	92	96	102	105	109	112	117	124	127
2A_NB	2	d	39	42	47	50	53	57	63	67	71	79	83	89	91	93	97	103	107	110	114	118	125	/
2A_NB	3	a	48	52	58	61	65	68	76	80	84	92	96	102	104	107	111	117	121	125	129	132	140	145
2A_NB	3	d	49	53	60	63	66	70	77	81	86	93	97	103	106	108	112	118	122	127	130	133	142	/
2A_NB	4	a	72	75	81	85	89	92	99	103	106	115	118	124	127	129	133	139	142	147	151	155	163	168
2A_NB	4	d	73	77	83	87	90	94	100	104	108	116	119	125	128	130	135	140	144	149	152	156	165	/
2A_NB	5	a	91	94	100	103	105	109	115	120	123	129	133	140	142	145	149	155	160	164	169	172	181	184
2A_NB	5	d	92	95	101	104	107	111	117	121	124	131	135	141	144	147	151	157	161	166	170	174	182	/
2A_NB	6	a	97	100	107	111	114	117	123	127	130	137	142	149	153	155	159	165	169	172	177	180	189	193
2A_NB	6	d	98	102	109	113	115	119	124	128	132	139	144	151	154	157	161	166	170	174	178	182	191	/
2A_NB	7	a	124	127	133	137	141	144	151	156	159	167	172	178	182	184	188	193	198	202	207	210	216	219
2A_NB	7	d	125	129	135	139	142	145	153	157	160	169	173	180	183	186	189	195	199	204	208	211	217	/
2A_NB	8	a	132	135	142	145	149	153	159	163	167	173	177	183	187	190	194	201	206	211	215	219	225	230
2A_NB	8	d	133	137	143	147	150	154	160	165	168	174	178	185	189	192	196	203	208	212	217	220	227	/
2A_NB	9	a	148	151	157	160	163	167	174	177	181	189	193	199	203	206	210	217	222	226	230	234	242	246
2A_NB	9	d	149	153	158	161	164	168	175	179	183	191	194	201	205	208	212	219	223	228	232	236	244	/
2A_NB	10	a	166	169	174	177	180	184	191	196	201	209	214	221	223	225	230	238	241	245	249	253	260	264
2A_NB	10	d	167	170	176	178	182	185	193	198	203	211	215	222	224	227	232	239	242	247	250	254	261	/
2A_NB	11	a	180	183	189	192	196	200	206	210	214	221	226	234	236	239	244	250	254	257	260	264	271	274
2A_NB	11	d	181	185	190	194	198	201	207	211	215	223	228	235	238	241	245	251	255	258	261	265	272	/
2A_NB	12	a	200	204	210	214	217	221	228	231	235	243	246	252	255	259	264	270	274	278	282	286	293	298
2A_NB	12	d	201	206	212	216	219	223	229	233	237	244	247	253	257	261	265	271	276	279	283	288	295	/
2A_NB	13	a	207	211	218	222	224	228	234	238	242	251	254	260	264	267	271	279	284	287	291	295	302	305
2A_NB	13	d	208	213	220	223	226	229	236	240	244	252	255	262	265	268	273	281	285	289	292	297	303	/
2A_NB	14	a	213	217	224	227	230	233	239	244	247	256	260	266	270	272	277	284	289	293	297	302	309	312
2A_NB	14	d	214	219	226	229	231	234	241	245	249	258	261	268	271	274	278	286	291	295	299	303	310	/
2A_NB	15	a	234	238	244	248	252	255	261	265	268	275	279	287	290	293	297	304	309	314	318	321	329	334
2A_NB	15	d	235	239	246	250	253	256	263	266	270	277	281	288	292	295	299	306	311	315	319	322	331	/
2A_NB	16	a	252	256	262	264	267	270	278	283	286	294	298	306	308	311	315	322	326	330	335	338	346	351
2A_NB	16	d	253	257	263	265	268	272	280	284	287	295	300	307	309	313	317	323	327	332	336	339	348	/
2A_NB	17	a	266	269	277	280	284	287	294	298	303	312	317	322	325	328	331	336	341	346	351	356	364	368
2A_NB	17	d	267	271	278	282	285	289	295	300	305	314	318	324	327	329	332	338	343	348	353	358	366	/
2A_NB	18	a	277	280	288	291	294	297	304	309	314	320	323	329	333	336	341	346	349	354	359	363	370	374
2A_NB	18	d	278	282	289	293	295	299	306	311	315	321	325	331	334	338	342	347	351	356	361	364	372	/
2A_NB	19	a	291	294	301	303	307	310	317	322	327	333	337	343	346	349	354	360	364	368	371	374	381	385
2A_NB	19	d	292	296	302	305	308	311	319	324	328	335	338	344	348	351	356	361	366	369	372	375	382	/
2A_NB	20	a	318	322	328	331	334	338	343	346	350	358	361	367	370	373	377	382	387	391	395	398	405	410
2A_NB	20	d	319	323	329	333	336	339	344	348	351	359	363	369	372	374	379	384	389	392	396	400	407	/
2A_NB	21	a	324	328	334	338	341	345	351	355	359	366	371	376	380	383	387	391	395	398	403	406	415	419
2A_NB	21	d	325	329	336	340	343	346	352	357	360	368	372	378	382	385	388	393	396	400	404	408	416	/
2A_NB	22	a	335	338	345	349	352	356	362	367	371	379	383	389	392	395	399	404	408	412	415	419	428	431
2A_NB	22	d	336	339	347	350	354	357	364	368	373	381	384	390	393	396	400	405	410	413	417	421	429	/
2A_NB	23	a	347	350	356	359	363	368	374	378	381	387	390	396	400	404	409	416	421	425	430	435	443	448
2A_NB	23	d	348	351	357	361	365	369	376	379	382	388	392	398	402	406	411	418	423	427	432	436	445	/
2A_NB	24	a	366	369	375	378	382	385	392	396	399	407	411	417	420	424	428	434	439	444	449	453	461	466
2A_NB	24	d	367	371	377	380	383	386	393	397	401	409	412	419	422	426	430	436	441	446	451	455	463	/
2A_NB	25	a	376	379	384	387	391	395	401	405	410	417	421	428	431	435	440	446	451	455	459	462	470	474
2A_NB	25	d	377	380	386	389	392	396	402	407	411	419	423	429	433	437	442	448	453	457	460	464	472	/
2A_NB	26	a	390	394	399	402	406	409	416	419	422	430	433	439	442	445	450	455	460	463	468	471	480	484
2A_NB	26	d	391	395	400	404	407	411	417	420	424	431	434	441	444	447	451	457	461	465	469	473	482	/
2A_NB	27	a	405	409	416	419	422	427	435	439	444	452	455	461	464	466	471	478	481	485	489	492	499	502
2A_NB	27	d	406	411	418	421	424	428	436	441	446	453	456	463	465	468	473	479	483	487	490	493	500	/
2A_NB	28	a	419	423	429	432	434	438	445	449	453	462	465	471	473	476	481	488	492	495	499	504	511	514
2A_NB	28	d	420	424	430	433	436	439	446	450	455	463	466	472	475	478	482	490	493	497	501	505	512	/
2A_NB	29	a	434	438	444	446	449	453	460	463	467	476	481	487	489	491	495	502	506	510	513	516	524	529
2A_NB	29	d	435	439	445	448	451	455	461	464	468	478	483	488	490	492	497	503	508	511	514	517	526	/
2A_NB	30	a	448	452	459	462	464	467	474	477	482	491	496	501	505	507	511	517	521	526	529	533	540	545
2A_NB	30	d	449	454	460	463	465	469	475	479	484	493	497	503	506	509	512	519	523	527	531	534	542	/
2A_NB	31	a	466	469	474	478	480	485	493	498	502	510	515	520	522	526	530	535	539	543	547	551	559	563
2A_NB	31	d	467	470	476	479	482	487	495	500	503	512	516	521	524	527	531	536	541	545	548	553	561	/
2A_NB	32	a	475	478	485	489	493	497	505	509	512	521	526	533	535	538	542	548	551	554	559	563	572	576
2A_NB	32	d	476	480	487	491	495	499	506	510	513	523	528	534	537	540	543	549	552	556	560	565	574	/
2A_NB	33	a	493	496	502	504	507	511	517	521	525	532	535	541	544	546	549	555	559	562	566	570	578	582
2A_NB	33	d	494	498	503	505	509	513	518	523	526	533	536	543	545	547	550	557	560	563	567	572	580	/
2A_NB	34	a	514	518	524	527	531	536	541	545	549	557	560	566	569	571	575	581	585	589	594	598	607	612
2A_NB	34	d	515	519	526	529	533	537	543	546	550	558	561	567	570	572	577	582	586	591	595	599	609	/
2A_NB	35	a	525	528	534	536	540	544	550	554	558	564	568	575	578	581	585	592	596	601	604	608	616	620
2A_NB	35	d	526	530	535	538	542	545	552	555	559	566	570	576	580	582	587	593	598	602	606	610	617	/
2A_NB	36	a	548	551	556	559	563	567	573	577	581	589	592	599	602	606	611	617	622	627	630	634	641	645
2A_NB	36	d	549	552	557	561	565	568	575	578	583	590	594	600	604	608	612	619	624	628	632	635	643	/
2A_NB	37	a	572	576	582	585	588	592	599	604	608	617	621	628	630	633	637	643	646	650	653	658	666	670
2A_NB	37	d	573	578	583	586	590	593	601	606	610	619	623	629	632	635	638	644	647	651	655	660	667	/
2A_NB	38	a	581	585	590	594	597	600	607	611	615	623	626	633	637	640	644	651	655	659	663	667	675	679
2A_NB	38	d	582	586	592	595	598	602	608	613	617	624	628	635	639	642	646	652	656	660	665	669	677	/
2A_NB	39	a	590	593	598	602	605	610	617	621	626	633	637	644	647	649	653	659	663	666	670	674	683	687
2A_NB	39	d	591	594	600	604	607	612	618	623	627	635	639	645	648	651	654	660	664	667	672	675	685	/
2A_NB	40	a	598	601	607	610	613	618	627	632	635	644	649	655	659	662	666	672	676	680	685	690	697	700
2A_NB	40	d	599	602	608	612	615	620	629	633	637	646	650	657	660	663	667	673	678	682	687	691	698	/
2A_NB	41	a	606	610	617	620	624	629	636	641	645	653	658	664	667	671	675	683	687	691	695	699	707	711
2A_NB	41	d	607	612	618	622	626	631	638	643	646	655	659	666	669	672	677	685	689	693	697	701	709	/
2A_NB	42	a	621	624	629	632	635	640	646	651	655	664	669	675	677	679	683	691	695	699	702	705	712	716
2A_NB	42	d	622	625	630	634	637	641	648	652	657	666	670	676	678	680	685	693	697	700	703	706	714	/
2A_NB	43	a	629	632	638	641	644	649	656	661	665	673	677	684	687	689	694	701	705	709	712	717	725	730
2A_NB	43	d	630	634	639	643	646	651	658	663	667	674	679	686	688	691	696	703	707	710	714	719	727	/
2A_NB	44	a	641	644	649	652	654	659	666	671	674	682	687	693	695	699	703	709	713	717	720	725	733	737
2A_NB	44	d	642	646	650	653	656	661	668	672	676	684	688	694	697	700	704	710	715	718	722	727	734	/
2A_NB	45	a	667	670	676	678	681	686	691	695	699	707	710	715	718	722	727	734	738	741	745	749	756	761
2A_NB	45	d	668	672	677	680	683	687	692	696	701	708	711	717	720	724	728	735	739	742	747	750	758	/
2A_NB	46	a	681	684	689	692	695	699	705	709	712	718	721	728	731	734	739	744	748	753	756	760	768	772
2A_NB	46	d	682	685	690	693	696	700	706	710	713	719	723	730	732	735	740	745	750	754	758	762	769	/
2A_NB	47	a	699	703	710	713	717	721	727	732	736	744	747	754	757	759	762	768	772	777	782	785	792	797
2A_NB	47	d	700	705	712	715	718	722	729	734	738	745	749	755	758	760	763	769	774	779	783	787	794	/
2A_NB	48	a	711	714	720	723	726	730	736	739	743	750	753	761	764	766	770	777	781	786	789	793	801	806
2A_NB	48	d	712	715	721	724	728	731	737	740	744	751	755	762	765	768	771	778	783	787	791	795	803	/
2A_NB	49	a	716	719	726	730	734	738	745	749	754	762	766	773	776	778	781	789	793	797	801	804	811	816
2A_NB	49	d	717	721	728	732	735	740	747	751	756	764	768	775	777	779	782	790	794	798	802	805	813	/
2A_NB	50	a	736	739	745	749	753	758	765	769	773	780	783	790	793	795	799	805	809	814	818	822	831	835
2A_NB	50	d	737	740	747	751	755	759	767	771	774	781	785	791	794	796	800	806	811	816	819	824	832	/
2A_NB	51	a	758	761	767	770	773	778	785	789	793	800	803	811	814	817	821	828	832	837	842	846	854	859
2A_NB	51	d	759	763	768	771	775	780	787	790	794	801	805	812	816	818	823	829	834	839	844	847	856	/
2A_NB	52	a	770	773	778	781	785	789	796	801	805	812	816	822	825	828	832	837	842	846	850	854	862	866
2A_NB	52	d	771	774	779	783	787	791	798	802	806	814	817	823	827	830	833	839	844	847	852	855	863	/
2A_NB	53	a	786	789	795	798	802	806	813	818	822	830	834	843	846	849	854	861	865	869	873	877	885	889
2A_NB	53	d	787	790	796	800	804	808	815	819	824	832	836	844	848	851	856	862	867	871	875	878	887	/
2A_NB	54	a	802	805	811	814	817	821	827	832	836	846	850	857	860	864	869	876	880	884	889	892	900	903
2A_NB	54	d	803	806	812	815	819	822	829	834	838	847	851	858	862	866	871	878	881	886	890	894	901	/
2A_NB	55	a	826	829	836	839	842	845	852	857	861	870	875	881	885	888	892	898	903	907	911	915	922	927
2A_NB	55	d	827	831	837	841	843	847	854	859	862	872	876	883	886	889	893	900	905	909	912	916	924	/
2A_NB	56	a	844	848	854	857	860	865	872	875	878	885	888	893	897	900	904	910	915	918	922	926	934	939
2A_NB	56	d	845	849	855	859	862	867	873	876	879	886	889	895	898	902	905	912	916	920	923	928	936	/
2A_NB	57	a	860	864	871	874	877	881	887	891	895	903	907	913	916	920	925	932	937	941	945	949	958	962
2A_NB	57	d	861	866	872	876	879	882	889	893	896	905	908	914	918	922	927	934	939	943	947	951	959	/
2A_NB	58	a	867	871	878	882	885	888	894	898	903	911	915	922	924	928	932	938	942	946	951	955	964	969
2A_NB	58	d	868	873	880	884	886	889	896	900	905	913	917	923	926	929	933	939	944	948	953	957	966	/
2A_NB	59	a	882	885	892	895	897	900	906	909	913	920	924	930	934	936	940	947	951	955	959	964	971	976
2A_NB	59	d	883	887	893	896	898	901	907	910	914	922	925	932	935	937	942	948	952	956	961	966	973	/
2A_NB	60	a	889	892	899	902	904	907	914	918	922	931	934	939	943	945	949	954	958	962	966	970	976	981
2A_NB	60	d	890	894	901	903	905	909	916	919	923	932	935	941	944	946	950	955	959	964	967	971	978	/
2A_NB	61	a	903	906	913	917	920	924	931	934	937	943	948	954	957	960	965	972	976	980	983	986	994	999
2A_NB	61	d	904	908	915	918	921	926	932	935	938	945	949	956	959	962	967	973	977	981	984	987	996	/
2A_NB	62	a	918	921	928	932	934	938	945	948	953	960	964	971	975	978	981	988	992	995	998	1001	1009	1013
2A_NB	62	d	919	923	930	933	935	939	946	950	954	961	965	973	976	979	983	990	993	996	999	1002	1010	/
2A_NB	63	a	939	942	948	952	954	957	963	966	970	979	983	988	991	995	1000	1005	1010	1013	1018	1021	1030	1033
2A_NB	63	d	940	943	950	953	955	958	964	968	972	980	984	989	993	997	1001	1007	1011	1015	1019	1023	1031	/
2A_NB	64	a	956	959	965	969	973	976	982	986	990	999	1003	1010	1013	1016	1021	1027	1031	1035	1039	1042	1049	1053
2A_NB	64	d	957	961	967	971	974	977	984	988	992	1000	1005	1012	1015	1018	1022	1028	1033	1037	1040	1043	1050	/
2A_SB	1	a	24	26	35	38	42	46	51	58	61	65	71	74	80	84	90	93	97	103	105	108	111	115	125	130
2A_SB	1	d	25	28	36	40	44	48	53	60	63	67	72	75	81	85	91	94	98	104	106	109	112	116	126	/
2A_SB	2	a	49	52	59	63	66	69	74	80	83	87	92	96	102	106	112	116	119	126	130	134	139	142	152	159
2A_SB	2	d	50	53	61	64	67	71	75	82	85	89	94	97	103	107	113	117	121	128	132	136	140	143	154	/
2A_SB	3	a	71	73	81	84	87	89	93	99	102	106	110	113	118	122	128	131	135	141	144	147	151	154	165	171
2A_SB	3	d	72	75	82	85	88	90	94	100	103	108	111	114	119	124	129	133	136	142	145	148	152	155	166	/
2A_SB	4	a	78	81	89	93	96	98	102	108	111	114	117	121	127	132	138	141	146	152	155	158	162	166	179	186
2A_SB	4	d	80	83	90	94	97	99	103	110	112	115	119	122	129	134	139	143	147	153	156	159	164	168	181	/
2A_SB	5	a	92	96	104	107	110	113	116	123	126	129	132	135	142	146	153	157	162	169	171	175	179	184	197	204
2A_SB	5	d	94	97	105	108	111	114	117	124	127	130	133	137	144	148	155	159	164	170	173	176	181	186	199	/
2A_SB	6	a	110	114	123	128	132	136	141	147	151	155	160	163	168	172	179	183	186	191	193	196	199	203	215	221
2A_SB	6	d	112	116	125	129	134	138	143	149	153	157	161	164	169	173	180	184	187	192	194	197	200	204	216	/
2A_SB	7	a	130	132	139	142	147	150	154	161	165	169	172	176	181	184	189	193	196	202	204	207	210	213	226	232
2A_SB	7	d	131	133	140	144	149	152	156	163	167	170	173	177	182	185	190	194	197	203	205	208	211	214	227	/
2A_SB	8	a	138	141	149	154	158	160	163	169	171	174	177	181	186	190	195	199	204	210	214	218	221	224	240	247
2A_SB	8	d	139	142	151	155	159	161	164	170	172	175	178	182	188	191	196	201	205	212	215	219	222	226	242	/
2A_SB	9	a	144	147	155	160	164	168	172	178	182	186	189	193	198	201	206	210	214	220	223	227	230	233	248	254
2A_SB	9	d	145	148	157	161	166	169	173	180	184	187	191	194	199	202	207	211	215	221	224	228	231	234	249	/
2A_SB	10	a	166	169	175	179	184	187	192	199	202	205	208	211	218	223	229	233	236	242	246	251	255	258	268	273
2A_SB	10	d	168	170	177	181	186	189	194	200	203	206	209	213	220	224	231	234	237	244	248	253	256	259	269	/
2A_SB	11	a	178	181	190	193	197	200	203	210	213	218	223	228	234	239	245	250	253	259	262	266	269	272	282	287
2A_SB	11	d	180	183	191	194	199	201	204	212	215	220	225	230	236	240	247	251	254	260	263	267	270	273	283	/
2A_SB	12	a	197	201	207	211	215	217	221	228	230	233	238	243	249	252	258	261	265	271	274	278	281	284	296	301
2A_SB	12	d	199	203	208	213	216	218	223	229	231	235	240	244	250	253	259	262	266	272	275	279	282	285	297	/
2A_SB	13	a	211	214	220	223	226	230	233	239	241	245	250	255	261	265	270	273	277	283	286	289	293	297	309	314
2A_SB	13	d	213	215	221	224	228	231	234	240	243	247	252	256	262	266	271	274	278	284	287	290	294	298	310	/
2A_SB	14	a	222	225	233	236	240	243	247	255	258	262	266	271	277	282	289	294	298	304	307	311	316	320	329	336
2A_SB	14	d	224	227	234	237	241	245	249	256	260	263	268	273	279	284	291	295	300	305	309	313	318	321	331	/
2A_SB	15	a	242	246	253	256	261	265	269	274	276	280	284	288	294	299	305	308	313	318	320	324	328	331	342	348
2A_SB	15	d	244	247	254	258	263	267	270	275	277	281	285	290	296	300	306	310	314	319	321	325	329	332	343	/
2A_SB	16	a	271	273	281	285	288	291	295	300	303	307	310	314	320	323	329	333	337	343	346	350	354	357	368	373
2A_SB	16	d	272	275	283	286	289	292	296	301	304	308	312	315	321	324	331	334	338	344	347	351	355	358	369	/
2A_SB	17	a	284	287	294	299	303	307	312	319	322	325	329	333	338	341	349	353	357	363	366	370	374	378	391	396
2A_SB	17	d	285	288	296	301	305	309	314	321	323	327	331	334	339	343	351	354	358	364	368	371	375	379	392	/
2A_SB	18	a	311	313	319	323	326	329	334	340	342	346	350	354	359	362	367	370	374	379	382	385	389	392	403	411
2A_SB	18	d	312	314	320	324	327	331	335	341	343	348	351	355	360	363	368	371	375	380	383	386	390	393	405	/
2A_SB	19	a	319	322	330	333	336	339	343	349	351	354	357	361	367	370	375	380	384	389	392	396	400	404	419	425
2A_SB	19	d	321	324	331	334	338	340	344	350	352	355	358	363	368	371	377	381	385	390	393	397	402	406	421	/
2A_SB	20	a	331	334	340	343	346	348	352	359	362	365	369	373	379	383	388	393	396	403	407	411	414	418	432	437
2A_SB	20	d	333	335	341	344	347	349	353	360	363	366	370	375	381	384	390	394	397	405	408	412	415	419	433	/
2A_SB	21	a	345	349	356	360	363	365	368	374	376	380	384	387	392	396	403	408	412	418	421	425	429	433	446	452
2A_SB	21	d	347	351	358	361	364	366	369	375	377	381	385	388	394	398	405	409	413	419	423	426	430	435	447	/
2A_SB	22	a	364	368	374	379	382	385	390	396	398	401	405	410	415	419	425	429	432	438	441	445	449	452	463	469
2A_SB	22	d	366	369	376	380	384	387	391	397	399	402	407	411	416	420	426	430	433	439	442	446	450	453	465	/
2A_SB	23	a	382	386	395	399	402	404	407	413	416	419	423	427	433	437	443	447	452	457	459	463	467	470	481	487
2A_SB	23	d	384	388	397	400	403	405	408	414	417	420	424	428	434	438	444	449	453	458	460	464	468	471	483	/
2A_SB	24	a	388	391	401	405	408	411	414	420	422	426	430	434	440	445	452	455	459	464	467	471	475	478	489	494
2A_SB	24	d	389	393	403	406	409	412	415	421	423	427	431	435	442	447	453	456	460	465	468	472	476	479	490	/
2A_SB	25	a	400	403	412	415	418	421	424	429	431	435	439	442	448	452	459	462	466	472	475	480	483	486	498	503
2A_SB	25	d	401	404	413	416	419	422	425	430	432	436	440	443	450	454	460	463	467	473	477	481	484	487	499	/
2A_SB	26	a	408	410	417	420	424	428	432	438	441	444	449	453	459	463	469	473	478	484	487	490	493	497	509	514
2A_SB	26	d	409	412	418	421	426	430	434	440	442	446	451	455	461	464	470	475	479	485	488	491	495	499	510	/
2A_SB	27	a	418	422	429	434	438	441	445	451	455	459	464	469	475	479	485	489	494	500	502	505	508	513	524	530
2A_SB	27	d	420	423	431	436	440	443	447	453	457	461	466	470	476	480	487	491	495	501	503	506	510	514	526	/
2A_SB	28	a	439	442	449	453	458	460	463	468	471	474	478	482	487	490	496	499	503	509	512	515	518	522	534	539
2A_SB	28	d	441	443	451	455	459	461	464	469	472	475	479	483	488	491	497	500	504	510	513	516	519	524	535	/
2A_SB	29	a	451	454	461	465	469	472	475	481	484	488	492	496	502	507	513	517	521	527	530	533	537	541	553	559
2A_SB	29	d	453	455	463	466	470	473	476	482	485	490	494	497	504	508	515	518	523	529	531	535	538	542	554	/
2A_SB	30	a	473	476	483	486	491	493	496	501	504	508	512	515	521	525	530	534	538	543	545	548	552	555	570	576
2A_SB	30	d	475	477	484	488	492	494	497	502	505	509	513	516	522	526	531	535	539	544	546	549	553	556	571	/
2A_SB	31	a	482	486	493	498	502	505	509	514	517	521	525	529	535	538	543	547	552	558	560	563	567	571	583	589
2A_SB	31	d	484	487	495	499	504	507	510	515	518	522	527	530	536	539	545	549	553	559	561	564	568	572	584	/
2A_SB	32	a	489	492	499	503	508	511	516	521	525	529	534	538	545	548	555	559	563	569	571	575	580	584	596	601
2A_SB	32	d	490	493	500	505	510	513	517	523	527	531	536	540	546	550	556	560	564	570	573	577	581	586	597	/
2A_SB	33	a	499	502	510	513	517	520	524	530	533	536	540	543	550	553	560	565	569	576	578	582	586	591	603	610
2A_SB	33	d	500	504	511	515	519	521	525	531	534	537	541	545	551	555	562	566	571	577	580	583	588	593	605	/
2A_SB	34	a	512	514	521	525	529	531	534	540	543	547	551	555	562	566	573	576	580	586	590	593	598	602	613	619
2A_SB	34	d	513	515	523	526	530	532	535	541	544	548	553	557	564	568	574	577	581	588	591	595	600	604	615	/
2A_SB	35	a	521	523	530	534	539	541	545	550	553	557	561	564	571	575	581	585	588	594	598	601	604	608	618	624
2A_SB	35	d	522	524	531	536	540	542	546	551	554	558	562	566	573	577	583	586	589	596	599	602	606	609	620	/
2A_SB	36	a	526	529	535	539	544	546	550	555	558	563	568	573	579	582	587	591	594	600	603	606	609	613	623	629
2A_SB	36	d	527	530	536	541	545	547	551	556	560	565	570	574	580	583	588	592	595	601	604	607	611	614	625	/
2A_SB	37	a	539	541	548	552	556	558	561	566	570	573	577	581	587	591	596	600	604	609	612	615	619	622	632	637
2A_SB	37	d	540	542	549	553	557	559	562	568	571	574	578	582	588	592	597	601	605	610	613	617	620	623	633	/
2A_SB	38	a	545	547	554	558	561	563	566	571	575	578	583	587	592	596	601	605	609	614	617	621	624	628	638	644
2A_SB	38	d	546	548	556	559	562	564	567	573	576	580	585	588	593	597	602	606	610	615	619	622	626	629	640	/
2A_SB	39	a	550	552	560	563	566	568	571	577	581	584	588	592	597	601	608	612	616	622	625	628	631	634	646	652
2A_SB	39	d	551	554	561	564	567	569	572	579	582	586	590	593	598	602	609	613	617	623	626	629	632	635	647	/
2A_SB	40	a	556	558	565	568	571	573	577	583	586	589	593	597	602	606	613	617	622	628	631	634	638	641	653	659
2A_SB	40	d	557	559	566	569	572	574	578	584	587	591	595	598	603	607	614	619	623	629	632	635	639	642	654	/
2A_SB	41	a	561	563	570	573	576	578	583	589	592	596	599	603	609	613	620	623	627	633	636	639	643	646	658	664
2A_SB	41	d	562	564	571	574	577	580	584	590	594	597	600	604	610	614	621	624	628	634	637	640	644	647	659	/
2A_SB	42	a	566	568	577	580	584	587	591	598	602	606	610	615	621	625	632	637	641	649	653	658	663	666	677	682
2A_SB	42	d	567	570	578	582	586	589	593	600	604	608	612	616	623	627	634	639	643	651	655	660	664	667	678	/
2A_SB	43	a	595	597	604	608	613	615	618	625	629	632	635	639	646	650	656	661	666	672	674	678	682	686	697	703
2A_SB	43	d	596	598	606	610	614	616	619	627	630	633	637	641	647	651	658	663	668	673	676	680	684	688	698	/
2A_SB	44	a	602	605	614	618	623	626	629	636	638	641	644	648	654	659	665	669	674	681	684	688	692	696	708	715
2A_SB	44	d	603	607	616	620	625	627	631	637	639	642	646	650	656	660	667	671	675	682	686	690	693	698	710	/
2A_SB	45	a	618	620	627	630	633	636	640	646	649	652	655	658	663	668	674	679	683	690	693	697	701	705	717	724
2A_SB	45	d	619	621	628	631	635	637	641	647	650	653	656	660	665	669	676	680	684	691	695	699	702	707	719	/
2A_SB	46	a	638	641	647	651	654	657	660	666	670	673	677	682	688	691	698	702	706	711	714	719	723	728	740	745
2A_SB	46	d	639	642	649	652	655	658	661	668	671	675	679	683	689	693	700	703	707	713	716	720	725	729	741	/
2A_SB	47	a	644	646	653	657	660	662	666	672	675	679	683	688	695	700	706	710	715	720	723	727	732	736	748	753
2A_SB	47	d	645	647	655	658	661	664	667	673	677	681	685	690	697	701	708	712	716	721	725	729	733	737	749	/
2A_SB	48	a	658	660	668	672	677	679	684	690	693	696	700	705	710	714	721	725	728	734	738	741	746	749	759	766
2A_SB	48	d	659	662	669	674	678	681	685	691	694	698	702	706	712	715	722	726	730	736	739	743	747	751	761	/
2A_SB	49	a	671	673	680	683	686	689	694	702	706	709	714	719	724	728	735	738	742	748	751	756	761	765	777	782
2A_SB	49	d	672	674	681	684	688	691	696	704	707	711	716	720	725	730	736	739	743	749	753	758	763	766	778	/
2A_SB	50	a	687	689	697	701	706	710	715	722	726	729	734	737	744	748	755	758	763	770	774	777	782	786	797	803
2A_SB	50	d	688	691	698	703	708	712	717	724	727	731	735	739	746	750	756	760	765	772	775	779	784	788	799	/
2A_SB	51	a	709	711	719	723	727	730	735	743	747	750	754	759	764	768	774	777	780	786	790	794	798	802	813	818
2A_SB	51	d	710	712	721	725	729	732	737	745	748	751	756	760	765	769	775	778	781	788	792	796	800	804	814	/
2A_SB	52	a	728	730	739	744	748	751	755	763	766	769	774	777	784	789	795	799	803	809	812	816	821	825	838	844
2A_SB	52	d	729	731	741	746	750	752	757	764	767	771	775	779	786	791	797	800	804	811	814	818	823	826	840	/
2A_SB	53	a	750	753	762	766	769	771	775	782	786	790	794	798	803	807	812	816	819	826	828	831	835	838	851	856
2A_SB	53	d	751	755	764	767	770	772	777	784	788	792	796	799	805	808	814	817	820	827	829	832	836	839	852	/
2A_SB	54	a	780	782	789	794	798	800	803	808	811	815	818	822	829	832	838	842	847	852	854	857	861	866	877	883
2A_SB	54	d	781	783	791	796	799	801	804	809	813	816	819	824	830	834	840	844	848	853	855	859	863	867	878	/
2A_SB	55	a	789	791	799	803	806	808	812	818	821	824	828	832	840	844	849	852	856	861	864	868	873	876	889	896
2A_SB	55	d	790	793	801	804	807	810	813	819	822	826	830	834	841	845	850	853	857	863	866	870	874	877	891	/
2A_SB	56	a	811	814	823	826	831	833	836	843	847	851	856	859	865	868	873	877	882	888	892	895	899	902	915	921
2A_SB	56	d	812	816	824	828	832	834	837	845	849	853	857	861	866	869	875	879	883	890	893	897	900	903	916	/
2A_SB	57	a	835	837	845	849	853	857	860	865	869	873	877	881	886	889	895	899	903	910	913	918	922	926	938	945
2A_SB	57	d	836	839	846	850	855	858	861	867	870	875	879	882	887	890	896	900	905	911	915	919	924	927	940	/
2A_SB	58	a	851	854	862	867	872	874	878	884	887	891	896	900	906	909	916	920	924	932	935	940	945	950	963	968
2A_SB	58	d	852	856	864	869	873	875	879	886	889	893	898	901	907	911	918	921	926	933	937	942	947	952	964	/
2A_SB	59	a	862	864	872	877	881	884	888	895	898	902	907	910	917	920	926	930	935	940	943	947	951	956	969	975
2A_SB	59	d	863	866	874	878	883	885	890	897	900	904	908	912	918	921	928	932	936	941	944	948	953	958	971	/
2A_SB	60	a	879	881	888	891	894	897	901	907	910	914	917	921	927	930	937	941	946	952	956	959	962	966	977	983
2A_SB	60	d	880	882	889	892	896	898	903	908	912	915	919	922	928	932	939	943	947	954	957	960	963	968	979	/
2A_SB	61	a	898	900	908	911	916	919	924	931	934	937	940	944	950	955	962	966	970	976	979	983	986	991	1004	1010
2A_SB	61	d	899	901	909	913	918	921	926	933	935	938	942	946	952	957	964	967	972	977	981	984	988	992	1006	/
2A_SB	62	a	926	928	936	940	944	946	951	958	962	965	969	972	978	982	989	994	998	1004	1007	1012	1015	1018	1032	1037
2A_SB	62	d	927	930	937	942	945	948	952	960	963	967	970	974	980	983	991	995	1000	1006	1009	1013	1016	1020	1033	/
2A_SB	63	a	937	940	948	951	955	958	962	967	970	974	977	982	989	994	1000	1005	1009	1015	1017	1021	1025	1028	1041	1047
2A_SB	63	d	938	942	949	953	957	959	963	968	972	975	979	984	991	995	1002	1006	1010	1016	1018	1022	1026	1029	1043	/
2A_SB	64	a	954	956	962	965	970	972	976	981	985	989	992	996	1003	1008	1013	1018	1022	1030	1033	1038	1041	1045	1057	1062
2A_SB	64	d	955	957	963	967	971	974	977	983	987	990	994	998	1005	1009	1015	1019	1024	1031	1035	1039	1042	1047	1058	/
3A_SB	1	a	18	24	31	34	37	42	45	49	52	56	59	62	67	71	74	78	81	85
3A_SB	1	d	19	26	32	35	39	44	47	50	53	58	61	64	69	72	75	79	83	/
3A_SB	2	a	42	48	55	58	62	67	69	72	75	78	81	84	87	90	94	98	101	105
3A_SB	2	d	43	50	56	59	64	68	70	73	76	79	82	85	88	91	95	99	103	/
3A_SB	3	a	59	65	72	76	79	82	84	87	90	94	96	99	103	106	109	113	116	119
3A_SB	3	d	60	67	74	77	80	83	85	88	91	95	97	100	104	107	111	114	117	/
3A_SB	4	a	64	70	77	81	84	87	89	91	96	101	103	106	110	113	116	119	122	125
3A_SB	4	d	65	72	79	82	85	88	90	93	98	102	104	107	111	114	117	120	123	/
3A_SB	5	a	80	86	94	99	102	106	109	111	114	118	120	123	127	130	133	138	142	146
3A_SB	5	d	81	88	96	100	103	108	110	112	115	119	121	124	128	131	135	139	143	/
3A_SB	6	a	88	94	100	104	107	111	114	117	121	125	127	130	134	137	141	146	150	153
3A_SB	6	d	89	96	101	105	109	113	116	119	123	126	128	131	135	138	143	147	151	/
3A_SB	7	a	102	108	114	118	121	125	129	132	136	140	143	147	151	154	158	163	167	171
3A_SB	7	d	103	109	115	119	123	127	130	134	138	142	145	149	152	156	160	165	169	/
3A_SB	8	a	127	132	139	142	146	151	154	158	163	168	170	172	175	178	182	185	189	193
3A_SB	8	d	128	134	140	144	148	153	156	160	165	169	171	173	176	179	183	186	190	/
3A_SB	9	a	140	146	152	155	159	164	168	172	176	181	183	186	190	194	198	201	204	208
3A_SB	9	d	141	147	153	156	161	166	170	173	178	182	184	187	191	195	199	202	205	/
3A_SB	10	a	150	155	161	164	167	171	174	177	181	186	188	191	195	199	203	206	209	213
3A_SB	10	d	151	156	162	165	168	172	175	178	183	187	189	192	196	200	204	207	210	/
3A_SB	11	a	158	163	171	174	177	182	185	189	193	197	200	202	206	210	214	218	221	226
3A_SB	11	d	159	165	172	175	179	184	187	190	195	198	201	203	207	211	215	219	223	/
3A_SB	12	a	179	185	191	196	199	202	205	208	211	216	218	220	224	228	232	236	239	242
3A_SB	12	d	180	186	193	197	200	203	206	209	213	217	219	221	225	229	233	237	240	/
3A_SB	13	a	194	200	205	209	212	215	219	223	228	233	235	237	241	245	249	254	258	262
3A_SB	13	d	195	201	207	210	213	217	221	225	230	234	236	238	242	246	251	256	260	/
3A_SB	14	a	221	226	232	235	239	242	244	246	250	254	256	258	261	264	267	271	275	279
3A_SB	14	d	222	227	233	236	240	243	245	247	251	255	257	259	262	265	269	273	277	/
3A_SB	15	a	243	250	256	260	263	267	269	272	275	279	281	284	288	291	295	298	303	306
3A_SB	15	d	244	251	258	261	265	268	270	273	276	280	282	285	289	292	296	300	304	/
3A_SB	16	a	258	263	268	271	276	279	282	285	289	293	295	297	301	304	309	312	316	319
3A_SB	16	d	259	264	269	273	277	281	283	287	290	294	296	298	302	305	310	313	317	/
3A_SB	17	a	276	282	289	294	297	301	305	309	314	318	320	323	327	330	333	337	340	345
3A_SB	17	d	277	284	291	295	298	303	307	311	316	319	321	324	328	331	334	338	342	/
3A_SB	18	a	301	307	314	319	323	326	328	331	334	337	340	342	345	348	352	356	359	362
3A_SB	18	d	302	309	316	320	324	327	329	332	335	338	341	343	346	349	353	357	360	/
3A_SB	19	a	308	314	320	324	328	331	334	337	340	343	346	348	352	355	359	362	365	368
3A_SB	19	d	309	315	321	325	329	332	335	338	341	344	347	349	353	356	360	363	366	/
3A_SB	20	a	323	329	335	340	343	347	350	353	356	360	362	364	368	372	376	379	382	385
3A_SB	20	d	324	331	337	341	344	348	351	354	357	361	363	365	369	373	377	380	383	/
3A_SB	21	a	328	334	340	345	348	352	355	358	361	366	368	370	374	377	381	384	388	392
3A_SB	21	d	329	336	342	346	349	353	356	359	363	367	369	371	375	378	382	386	390	/
3A_SB	22	a	345	351	356	359	364	368	371	375	380	385	387	390	394	398	403	407	410	414
3A_SB	22	d	346	352	357	361	365	370	373	377	382	386	389	392	395	400	405	408	412	/
3A_SB	23	a	372	378	384	389	393	397	401	405	410	415	417	419	422	425	429	432	436	440
3A_SB	23	d	373	379	386	391	395	399	403	407	412	416	418	420	423	426	430	433	437	/
3A_SB	24	a	397	402	409	413	416	420	422	425	428	431	433	435	438	441	445	449	452	455
3A_SB	24	d	398	404	411	414	417	421	423	426	429	432	434	436	439	442	446	450	453	/
3A_SB	25	a	403	408	415	418	421	425	428	431	435	439	441	443	446	449	453	456	459	462
3A_SB	25	d	404	410	416	419	423	427	429	433	436	440	442	444	447	450	454	457	460	/
3A_SB	26	a	411	416	423	426	431	434	437	440	443	447	449	452	456	460	464	468	473	476
3A_SB	26	d	412	418	424	428	432	436	439	441	444	448	450	453	457	461	465	470	474	/
3A_SB	27	a	423	429	436	441	444	448	450	453	456	460	462	465	469	472	476	480	483	486
3A_SB	27	d	424	431	438	442	445	449	451	454	457	461	463	466	470	473	477	481	484	/
3A_SB	28	a	443	448	453	457	460	463	466	468	471	474	476	478	482	485	489	493	497	501
3A_SB	28	d	444	449	455	458	461	464	467	469	472	475	477	479	483	486	491	495	499	/
3A_SB	29	a	449	455	460	464	468	472	476	478	482	486	489	491	495	499	502	505	509	514
3A_SB	29	d	450	456	462	465	470	474	477	480	484	487	490	492	496	500	503	507	511	/
3A_SB	30	a	459	465	472	476	480	483	485	488	492	496	498	500	505	509	512	515	518	522
3A_SB	30	d	460	466	474	477	481	484	486	490	494	497	499	502	506	510	513	516	519	/
3A_SB	31	a	479	484	491	495	499	504	507	511	515	519	521	523	526	530	534	538	542	546
3A_SB	31	d	480	485	493	496	501	506	509	513	517	520	522	524	527	532	535	539	543	/
3A_SB	32	a	486	491	498	501	505	510	513	516	520	524	527	529	534	538	543	546	550	554
3A_SB	32	d	487	492	499	502	507	511	514	518	522	526	528	531	535	540	544	548	551	/
3A_SB	33	a	494	499	507	511	515	520	523	526	529	534	536	538	542	545	549	552	555	558
3A_SB	33	d	495	501	509	513	517	521	524	527	531	535	537	539	543	546	550	553	556	/
3A_SB	34	a	503	508	516	521	524	528	531	534	538	543	545	548	552	555	559	563	567	571
3A_SB	34	d	504	510	518	522	525	530	532	536	540	544	546	549	553	556	561	565	569	/
3A_SB	35	a	509	514	522	527	530	535	537	540	543	548	550	553	557	561	565	569	574	577
3A_SB	35	d	510	516	524	528	532	536	538	541	545	549	551	554	558	562	567	571	575	/
3A_SB	36	a	515	520	528	532	536	540	542	545	549	553	556	558	563	567	571	574	579	582
3A_SB	36	d	516	522	530	534	537	541	543	547	550	555	557	560	564	568	572	576	580	/
3A_SB	37	a	523	528	535	539	542	546	548	551	555	560	562	564	568	572	576	579	584	587
3A_SB	37	d	524	530	537	540	544	547	549	553	557	561	563	565	569	573	577	581	585	/
3A_SB	38	a	533	538	544	548	552	556	559	562	565	569	571	573	577	580	584	587	590	593
3A_SB	38	d	534	539	546	550	554	557	560	563	566	570	572	574	578	581	585	588	591	/
3A_SB	39	a	539	545	551	554	558	562	565	568	571	575	578	580	584	588	592	596	599	602
3A_SB	39	d	540	546	552	555	559	563	566	569	573	577	579	581	585	589	594	597	600	/
3A_SB	40	a	544	550	556	560	564	568	571	574	578	581	584	586	590	594	598	601	605	608
3A_SB	40	d	545	551	558	561	565	569	572	575	579	583	585	587	591	595	599	602	606	/
3A_SB	41	a	549	555	562	565	570	575	579	583	588	593	596	598	602	605	609	613	617	620
3A_SB	41	d	550	556	563	567	572	577	581	585	590	595	597	599	603	606	610	615	618	/
3A_SB	42	a	572	577	583	587	591	595	597	600	604	609	611	613	617	621	626	631	636	641
3A_SB	42	d	573	579	585	589	593	596	599	602	606	610	612	615	619	623	628	633	638	/
3A_SB	43	a	579	584	590	594	598	603	607	611	615	619	622	626	630	634	639	643	647	650
3A_SB	43	d	580	586	592	596	600	605	609	613	617	621	624	628	632	636	641	645	648	/
3A_SB	44	a	607	612	619	623	627	631	635	638	642	646	649	653	658	662	666	671	675	678
3A_SB	44	d	608	614	620	624	628	633	636	640	644	648	651	655	660	663	668	673	676	/
3A_SB	45	a	627	633	639	642	646	650	654	658	662	667	670	673	677	681	684	688	691	695
3A_SB	45	d	628	634	640	644	647	652	656	659	664	668	671	674	678	682	685	689	693	/
3A_SB	46	a	641	647	653	656	660	663	666	668	672	676	679	681	685	689	694	697	700	704
3A_SB	46	d	642	648	654	657	661	665	667	669	673	678	680	682	686	691	695	698	702	/
3A_SB	47	a	662	669	676	680	685	689	691	694	698	703	706	709	714	718	722	726	730	733
3A_SB	47	d	663	671	678	682	686	690	692	696	700	705	708	711	716	719	724	728	731	/
3A_SB	48	a	675	681	687	691	695	699	701	704	708	712	714	716	721	726	731	735	738	741
3A_SB	48	d	676	682	689	692	697	700	702	706	710	713	715	718	723	728	733	736	739	/
3A_SB	49	a	685	691	697	700	705	709	713	717	721	725	728	732	735	739	743	747	751	754
3A_SB	49	d	686	692	698	702	706	711	715	719	722	727	730	733	737	741	745	749	752	/
3A_SB	50	a	701	707	714	717	720	723	727	730	733	737	740	743	747	751	756	760	764	768
3A_SB	50	d	702	709	715	718	721	725	728	731	735	739	742	745	749	753	758	762	766	/
3A_SB	51	a	727	732	739	743	746	751	754	756	759	763	765	767	771	774	779	783	786	789
3A_SB	51	d	728	733	740	744	748	753	755	757	760	764	766	768	772	776	781	784	787	/
3A_SB	52	a	741	746	752	756	759	764	766	769	772	776	779	781	786	790	794	798	802	806
3A_SB	52	d	742	747	754	757	761	765	767	770	773	778	780	783	787	792	796	800	804	/
3A_SB	53	a	755	760	768	772	776	781	784	787	791	795	798	800	804	808	812	816	820	824
3A_SB	53	d	756	762	769	773	778	783	785	789	792	797	799	802	805	810	813	818	822	/
3A_SB	54	a	771	777	783	788	792	795	798	802	807	811	815	818	822	827	830	835	840	844
3A_SB	54	d	772	778	785	790	793	797	800	804	808	813	817	819	824	828	832	837	841	/
3A_SB	55	a	784	789	796	800	804	808	811	813	816	820	823	826	830	834	837	842	847	851
3A_SB	55	d	785	790	798	801	806	810	812	814	818	821	825	827	832	835	839	844	848	/
3A_SB	56	a	789	794	802	805	809	814	817	820	824	828	832	834	839	843	846	850	855	859
3A_SB	56	d	790	795	803	806	811	816	819	822	825	830	833	836	841	844	848	852	857	/
3A_SB	57	a	812	818	825	828	832	835	837	841	845	849	851	854	858	862	866	870	873	877
3A_SB	57	d	813	819	826	829	833	836	839	843	847	850	853	855	859	864	868	871	875	/
3A_SB	58	a	840	846	852	856	859	863	867	869	873	877	880	883	887	890	894	898	902	906
3A_SB	58	d	841	847	854	857	860	865	868	871	875	879	882	884	888	891	895	900	903	/
3A_SB	59	a	862	867	875	879	883	887	890	894	899	903	905	909	913	917	920	924	927	930
3A_SB	59	d	863	869	877	880	884	888	892	896	900	904	907	911	914	918	922	925	928	/
3A_SB	60	a	873	879	884	888	891	895	898	901	906	910	913	916	920	924	928	933	936	940
3A_SB	60	d	874	880	886	889	893	896	899	903	907	912	914	918	921	926	930	934	938	/
3A_SB	61	a	883	889	894	897	900	905	908	911	915	919	922	925	929	933	937	941	945	948
3A_SB	61	d	884	890	895	898	902	907	909	912	916	921	923	927	931	935	938	943	946	/
3A_SB	62	a	900	905	910	913	916	920	923	926	930	934	937	939	943	946	949	953	957	961
3A_SB	62	d	901	906	911	914	918	922	924	928	931	936	938	941	944	947	951	954	959	/
3A_SB	63	a	911	916	921	924	928	931	934	937	940	944	947	950	954	957	961	966	971	976
3A_SB	63	d	912	917	922	926	929	933	935	938	941	946	949	951	955	959	963	968	973	/
3A_SB	64	a	929	935	941	945	949	953	956	960	964	968	971	974	979	984	989	993	997	1001
3A_SB	64	d	930	936	943	947	951	955	958	961	965	970	973	976	981	986	990	994	998	/
3A_NB	1	a	4	8	12	16	20	24	27	31	36	39	42	47	50	53	57	60	65	71	76
3A_NB	1	d	5	10	14	18	21	25	28	33	37	41	43	48	51	55	58	62	67	72	/
3A_NB	2	a	24	27	30	33	37	42	47	51	55	60	62	67	71	75	79	82	86	92	98
3A_NB	2	d	25	28	31	35	39	44	49	52	57	61	64	69	73	77	81	83	87	93	/
3A_NB	3	a	42	46	50	53	56	59	63	67	72	76	80	84	88	93	97	100	104	111	116
3A_NB	3	d	43	48	51	54	57	61	65	69	73	78	81	86	90	95	98	101	106	112	/
3A_NB	4	a	58	62	67	69	72	76	80	84	87	92	95	99	103	108	112	116	122	129	135
3A_NB	4	d	59	64	68	70	74	77	81	85	89	94	96	100	105	109	114	118	124	130	/
3A_NB	5	a	77	80	83	86	90	94	97	102	106	110	113	119	123	127	131	134	140	146	152
3A_NB	5	d	78	81	85	88	91	95	99	104	107	112	115	121	124	128	132	136	141	147	/
3A_NB	6	a	97	100	103	107	111	116	120	125	129	134	136	141	145	149	154	158	163	169	176
3A_NB	6	d	98	101	105	109	113	118	122	127	131	135	137	142	147	151	156	160	165	171	/
3A_NB	7	a	125	128	132	134	138	143	147	152	156	160	164	168	172	176	180	184	189	194	200
3A_NB	7	d	126	129	133	136	140	145	149	153	157	162	165	169	173	177	182	186	190	195	/
3A_NB	8	a	138	141	145	148	151	155	158	163	168	173	176	181	185	189	192	195	200	206	212
3A_NB	8	d	139	143	146	149	153	156	160	165	170	174	178	182	187	190	193	197	202	207	/
3A_NB	9	a	144	147	151	153	157	161	165	170	175	179	182	186	190	194	198	201	206	211	217
3A_NB	9	d	145	149	152	155	159	163	167	172	176	180	183	187	192	196	200	203	207	212	/
3A_NB	10	a	156	159	163	165	168	171	174	178	182	187	190	194	197	201	205	208	213	219	226
3A_NB	10	d	157	160	164	166	169	172	175	179	184	188	191	195	199	203	207	210	215	221	/
3A_NB	11	a	175	178	182	185	188	193	197	201	205	209	212	217	221	224	228	231	235	241	247
3A_NB	11	d	176	180	184	186	190	194	199	202	206	210	213	218	222	225	229	232	237	242	/
3A_NB	12	a	183	186	189	192	196	201	206	210	214	218	222	228	232	237	241	244	250	256	263
3A_NB	12	d	184	187	191	194	198	203	208	211	215	220	224	230	234	238	243	246	252	258	/
3A_NB	13	a	205	209	213	215	219	222	227	231	235	240	243	250	254	258	262	265	271	277	283
3A_NB	13	d	206	210	214	217	220	224	228	232	237	241	245	251	256	259	263	267	273	278	/
3A_NB	14	a	219	222	226	230	232	235	240	244	248	253	256	261	265	268	272	274	278	283	289
3A_NB	14	d	220	223	228	231	233	237	241	245	250	255	257	262	266	269	273	275	279	284	/
3A_NB	15	a	227	230	233	237	239	243	248	252	256	259	261	266	270	274	277	279	283	288	294
3A_NB	15	d	228	231	235	238	241	245	249	253	257	260	262	267	271	275	278	280	284	289	/
3A_NB	16	a	236	239	243	246	250	253	258	262	266	269	272	277	281	285	289	292	297	302	308
3A_NB	16	d	237	241	245	248	251	255	259	264	267	270	273	278	282	287	290	294	298	304	/
3A_NB	17	a	245	249	253	255	258	262	267	272	277	282	285	289	292	295	299	302	306	312	318
3A_NB	17	d	246	251	254	256	260	264	269	274	279	283	286	290	293	297	300	303	308	314	/
3A_NB	18	a	256	259	262	265	269	274	277	282	286	290	292	296	300	303	306	310	315	321	326
3A_NB	18	d	257	260	264	267	271	275	279	283	287	291	293	298	301	304	308	312	316	322	/
3A_NB	19	a	279	283	286	289	291	295	299	303	308	312	315	320	324	327	332	335	340	345	350
3A_NB	19	d	280	284	287	290	293	296	300	305	310	314	316	321	325	329	333	337	341	346	/
3A_NB	20	a	296	300	304	308	311	314	318	323	327	330	334	338	341	344	347	350	354	360	366
3A_NB	20	d	297	301	306	309	312	315	320	324	328	332	335	339	342	345	348	351	356	361	/
3A_NB	21	a	319	322	325	328	330	334	338	342	346	350	354	360	364	367	371	375	379	384	391
3A_NB	21	d	320	323	326	329	331	336	339	343	347	352	356	361	365	369	373	376	380	386	/
3A_NB	22	a	337	340	344	347	350	353	356	361	365	369	373	378	382	386	390	392	396	402	409
3A_NB	22	d	338	341	346	348	351	354	358	362	366	371	375	379	383	388	391	393	397	403	/
3A_NB	23	a	342	345	350	352	355	359	362	367	371	376	380	385	389	393	397	400	404	411	416
3A_NB	23	d	343	347	351	353	357	360	364	368	373	378	382	386	391	395	399	401	406	412	/
3A_NB	24	a	354	357	361	364	367	371	375	378	381	385	388	392	397	400	404	407	411	417	422
3A_NB	24	d	355	358	363	365	369	373	376	379	382	386	389	393	398	402	405	408	412	418	/
3A_NB	25	a	376	379	382	386	390	393	397	401	404	409	412	417	421	424	428	432	437	442	448
3A_NB	25	d	377	380	384	388	391	395	398	402	406	411	413	418	422	426	430	433	438	443	/
3A_NB	26	a	392	395	398	401	405	410	414	417	421	426	428	433	437	441	445	448	453	458	465
3A_NB	26	d	393	396	400	403	407	411	415	418	423	427	429	434	438	442	446	450	454	460	/
3A_NB	27	a	416	419	423	426	430	434	437	441	444	449	453	459	463	466	470	472	477	484	489
3A_NB	27	d	417	420	425	428	431	435	439	442	446	451	455	460	464	467	471	474	479	485	/
3A_NB	28	a	444	447	451	455	459	462	467	471	474	478	482	488	492	496	499	501	505	510	516
3A_NB	28	d	445	448	453	457	460	464	468	472	475	480	484	489	493	497	500	502	506	512	/
3A_NB	29	a	464	468	472	474	476	479	483	487	490	494	497	501	504	508	513	516	522	529	534
3A_NB	29	d	465	469	473	475	477	480	484	488	491	495	498	502	505	510	514	518	524	530	/
3A_NB	30	a	478	482	486	490	493	497	501	504	509	513	515	521	525	528	532	536	541	547	554
3A_NB	30	d	479	483	488	491	494	499	502	506	510	514	517	522	526	530	534	537	543	549	/
3A_NB	31	a	492	496	501	504	507	512	515	519	522	527	530	536	541	546	549	552	557	563	569
3A_NB	31	d	493	498	502	505	509	513	516	520	524	529	532	538	543	547	550	554	558	564	/
3A_NB	32	a	501	504	508	512	515	520	523	527	531	536	538	543	547	552	556	558	562	569	575
3A_NB	32	d	502	505	510	514	517	521	524	529	533	537	540	544	549	554	557	559	564	570	/
3A_NB	33	a	508	511	515	519	521	525	529	533	536	541	544	548	552	557	562	564	568	574	581
3A_NB	33	d	509	512	517	520	522	526	531	534	538	542	545	549	554	559	563	565	569	576	/
3A_NB	34	a	516	519	523	526	529	533	537	540	544	549	553	557	562	565	569	572	577	583	590
3A_NB	34	d	517	520	525	528	530	534	538	542	546	551	554	559	563	566	570	574	578	585	/
3A_NB	35	a	521	524	529	532	534	538	542	547	551	556	559	563	567	571	574	577	582	588	595
3A_NB	35	d	522	526	531	533	535	539	544	549	553	558	560	564	569	572	575	579	583	590	/
3A_NB	36	a	528	531	535	537	540	545	550	555	559	562	565	570	574	577	581	585	590	596	602
3A_NB	36	d	529	532	536	539	542	547	552	557	560	564	567	571	575	579	583	586	592	597	/
3A_NB	37	a	537	540	545	547	550	554	558	563	567	570	573	578	582	585	589	592	598	603	609
3A_NB	37	d	538	542	546	549	551	555	560	565	568	571	575	579	583	586	590	594	599	604	/
3A_NB	38	a	563	566	569	571	575	578	582	587	592	596	600	604	609	612	616	619	625	631	636
3A_NB	38	d	564	567	570	573	576	579	584	589	593	598	601	606	610	614	617	621	626	632	/
3A_NB	39	a	582	585	588	590	593	596	600	604	608	612	615	621	626	629	633	636	642	649	654
3A_NB	39	d	583	586	589	591	594	597	602	605	610	613	617	623	627	630	634	637	644	650	/
3A_NB	40	a	593	597	601	604	607	611	615	620	623	628	630	636	640	643	648	651	656	661	667
3A_NB	40	d	594	599	603	605	608	613	617	621	625	629	632	638	641	645	649	652	657	663	/
3A_NB	41	a	604	607	611	613	616	619	623	628	631	634	637	642	645	648	653	656	662	668	673
3A_NB	41	d	605	608	612	614	617	620	625	629	632	635	638	643	646	650	654	658	663	669	/
3A_NB	42	a	612	615	620	622	625	628	632	636	640	643	647	653	658	662	666	669	673	679	685
3A_NB	42	d	613	617	621	624	626	629	633	637	641	645	648	655	660	664	667	670	675	680	/
3A_NB	43	a	625	629	633	635	637	641	646	650	655	658	661	667	670	674	679	683	688	694	700
3A_NB	43	d	626	630	634	636	638	643	647	652	656	659	663	668	672	676	681	685	690	696	/
3A_NB	44	a	643	647	650	654	657	661	666	671	676	680	682	687	690	694	698	701	706	711	716
3A_NB	44	d	644	648	652	655	659	663	668	673	677	681	683	688	692	696	699	703	707	712	/
3A_NB	45	a	657	660	665	667	670	674	678	682	686	690	693	697	700	703	706	709	714	720	726
3A_NB	45	d	658	662	666	668	672	676	679	683	687	691	694	698	701	704	707	710	716	722	/
3A_NB	46	a	671	674	677	680	683	686	689	694	698	701	705	710	714	718	721	724	728	734	740
3A_NB	46	d	672	675	679	682	684	687	691	695	699	703	706	711	716	719	722	725	730	736	/
3A_NB	47	a	680	683	687	689	693	697	700	705	709	713	716	721	725	730	733	737	742	747	752
3A_NB	47	d	681	685	688	691	695	698	702	706	711	715	717	722	727	731	735	738	744	748	/
3A_NB	48	a	687	690	695	698	701	705	709	714	718	721	723	728	733	737	741	745	750	756	762
3A_NB	48	d	688	692	696	699	703	706	711	715	719	722	724	730	734	739	743	746	752	757	/
3A_NB	49	a	692	696	701	705	707	711	716	721	724	728	731	737	741	744	748	752	756	762	769
3A_NB	49	d	693	698	703	706	708	713	718	722	726	730	733	739	742	746	750	753	758	764	/
3A_NB	50	a	706	710	715	717	719	723	726	730	733	736	740	747	750	753	756	760	765	770	774
3A_NB	50	d	707	712	716	718	720	724	727	731	734	738	742	748	751	754	758	762	766	771	/
3A_NB	51	a	723	726	729	731	734	738	742	746	750	754	757	762	766	770	774	777	782	788	793
3A_NB	51	d	724	727	730	732	736	739	743	747	751	755	759	763	768	772	775	778	784	789	/
3A_NB	52	a	747	751	755	758	761	764	768	773	777	782	785	790	795	799	803	806	810	816	822
3A_NB	52	d	748	752	757	759	762	766	770	775	779	784	786	792	796	801	805	807	812	818	/
3A_NB	53	a	753	757	761	764	767	771	774	778	783	788	791	796	801	805	809	813	818	824	829
3A_NB	53	d	754	758	763	765	769	772	775	780	785	790	792	798	802	807	811	814	820	825	/
3A_NB	54	a	767	770	774	777	781	784	787	790	794	799	802	806	810	814	817	820	826	833	838
3A_NB	54	d	768	772	776	779	782	785	788	791	796	801	803	807	812	815	818	822	828	834	/
3A_NB	55	a	783	787	792	796	799	803	807	810	814	819	821	825	829	833	837	840	845	850	856
3A_NB	55	d	784	789	794	798	801	805	808	812	816	820	822	826	830	835	838	841	846	852	/
3A_NB	56	a	803	807	812	815	818	822	826	831	834	838	841	847	851	856	860	864	869	875	882
3A_NB	56	d	804	809	814	817	820	824	828	832	836	840	843	848	853	857	862	866	870	877	/
3A_NB	57	a	833	836	839	842	845	849	853	857	860	864	867	872	877	881	886	890	895	900	906
3A_NB	57	d	834	837	841	843	847	851	854	858	862	866	868	874	878	883	888	892	896	901	/
3A_NB	58	a	842	846	851	853	857	861	865	870	874	879	881	886	891	896	899	902	907	912	919
3A_NB	58	d	843	848	852	855	859	862	867	872	876	880	882	888	893	897	901	903	908	914	/
3A_NB	59	a	866	870	874	877	880	885	888	893	897	901	903	907	912	915	920	924	929	935	941
3A_NB	59	d	867	872	876	878	882	886	890	894	899	902	904	909	913	917	922	925	930	936	/
3A_NB	60	a	888	891	896	898	901	904	908	912	916	920	922	928	933	937	940	944	949	955	960
3A_NB	60	d	889	893	897	900	902	905	910	914	917	921	924	930	935	938	942	946	951	956	/
3A_NB	61	a	917	921	924	927	930	934	938	943	946	949	951	955	960	963	967	970	974	979	985
3A_NB	61	d	918	922	926	928	932	935	940	944	947	950	952	957	961	965	968	971	975	980	/
3A_NB	62	a	936	940	943	945	949	953	956	960	964	969	972	977	980	984	987	990	995	1000	1005
3A_NB	62	d	937	941	944	947	950	954	958	961	966	971	973	978	982	985	989	992	996	1001	/
3A_NB	63	a	951	954	958	960	963	967	972	976	979	983	986	990	994	999	1003	1006	1010	1016	1021
3A_NB	63	d	952	956	959	961	964	969	973	977	980	984	987	991	996	1000	1004	1007	1011	1017	/
3A_NB	64	a	966	969	973	977	980	984	988	992	996	1001	1003	1008	1011	1014	1019	1023	1029	1035	1041
3A_NB	64	d	967	971	975	978	981	986	990	994	998	1002	1005	1009	1012	1016	1021	1025	1030	1037	/
