RouteID	RunID	Arrivals/Departures	TimePerStop
1A_SB	1	a	6	10	14	22	25	29	35	39	43	47	50	54	65	70	77
1A_SB	1	d	7	11	15	23	26	31	36	40	45	48	51	56	67	71	/
1A_SB	2	a	25	29	33	41	45	49	56	60	65	70	74	78	88	92	100
1A_SB	2	d	26	31	34	43	47	51	58	62	67	71	75	79	90	94	/
1A_SB	3	a	54	58	63	71	75	79	85	89	94	98	103	106	116	120	127
1A_SB	3	d	55	60	64	73	76	81	87	91	96	100	104	108	117	121	/
1A_SB	4	a	66	70	74	82	86	91	96	100	105	108	112	116	126	129	137
1A_SB	4	d	68	71	75	84	88	92	97	102	106	109	114	118	127	131	/
1A_SB	5	a	86	90	94	103	107	112	119	122	125	128	133	136	145	148	155
1A_SB	5	d	88	91	95	104	109	114	120	123	126	130	134	137	146	150	/
1A_SB	6	a	99	104	108	117	121	125	130	133	136	140	144	149	160	164	171
1A_SB	6	d	101	105	110	119	123	126	131	134	138	141	146	150	161	165	/
1A_SB	7	a	118	122	126	134	138	142	147	150	154	157	160	163	174	178	185
1A_SB	7	d	120	123	127	135	139	143	148	152	155	158	161	164	176	179	/
1A_SB	8	a	123	127	131	139	143	147	152	156	159	162	165	168	180	184	192
1A_SB	8	d	125	128	132	140	144	148	153	157	160	163	166	170	182	185	/
1A_SB	9	a	130	134	139	149	153	156	162	167	170	174	179	182	192	195	202
1A_SB	9	d	132	136	141	150	154	157	164	168	172	176	180	183	193	196	/
1A_SB	10	a	146	150	155	166	170	173	179	183	186	190	194	197	206	210	217
1A_SB	10	d	148	152	157	168	171	174	180	184	187	192	195	198	208	211	/
1A_SB	11	a	154	158	163	173	176	179	185	189	192	196	200	204	214	217	224
1A_SB	11	d	156	160	164	174	177	180	186	190	193	197	202	206	215	218	/
1A_SB	12	a	170	174	179	189	193	197	204	207	210	215	218	221	230	233	240
1A_SB	12	d	172	176	181	191	195	199	205	208	212	216	219	222	231	234	/
1A_SB	13	a	198	202	205	215	219	222	229	234	238	242	246	250	258	261	269
1A_SB	13	d	200	203	206	216	220	224	231	236	240	244	247	251	259	262	/
1A_SB	14	a	210	215	220	229	233	237	244	248	253	258	262	265	272	275	284
1A_SB	14	d	212	217	222	231	235	239	246	250	255	260	263	266	273	276	/
1A_SB	15	a	236	241	246	254	257	261	266	270	275	279	283	288	298	301	309
1A_SB	15	d	238	243	247	255	258	262	268	272	277	281	285	289	299	302	/
1A_SB	16	a	250	254	259	268	271	275	281	286	290	293	297	301	311	315	323
1A_SB	16	d	252	256	261	269	272	276	283	288	291	294	298	302	312	316	/
1A_SB	17	a	266	270	275	283	287	291	296	300	304	308	311	314	323	327	335
1A_SB	17	d	268	272	276	284	288	292	298	301	305	309	312	315	324	328	/
1A_SB	18	a	271	276	280	288	291	296	302	305	309	313	316	319	328	332	341
1A_SB	18	d	273	277	281	289	293	298	303	306	310	314	317	320	329	333	/
1A_SB	19	a	277	281	285	295	299	304	311	315	320	323	327	330	339	343	352
1A_SB	19	d	278	282	286	297	301	306	313	317	321	324	328	331	341	344	/
1A_SB	20	a	304	308	311	322	325	330	338	341	344	347	350	354	363	366	373
1A_SB	20	d	306	309	312	323	327	332	339	342	345	348	352	355	364	367	/
1A_SB	21	a	326	330	334	342	345	349	356	360	363	367	371	374	383	387	395
1A_SB	21	d	328	331	335	343	347	350	357	361	364	369	372	375	384	388	/
1A_SB	22	a	339	343	347	356	361	366	373	376	379	382	386	389	398	402	411
1A_SB	22	d	341	344	348	358	363	368	374	377	380	383	387	391	399	404	/
1A_SB	23	a	358	363	367	375	380	384	390	394	398	402	405	409	417	422	431
1A_SB	23	d	360	364	369	377	382	386	392	396	400	403	407	411	419	424	/
1A_SB	24	a	369	374	379	389	392	395	400	403	406	409	414	418	425	429	437
1A_SB	24	d	371	376	381	390	393	396	401	404	407	411	416	419	427	430	/
1A_SB	25	a	386	391	396	406	410	413	418	421	424	427	432	436	446	449	455
1A_SB	25	d	388	393	398	408	411	414	419	422	425	429	434	437	447	450	/
1A_SB	26	a	393	398	403	412	415	418	423	426	430	434	439	443	453	458	465
1A_SB	26	d	395	400	404	413	416	419	424	428	432	436	441	444	455	460	/
1A_SB	27	a	410	415	420	431	436	439	445	449	454	458	463	467	478	482	489
1A_SB	27	d	412	417	422	433	437	441	447	451	456	460	465	469	479	483	/
1A_SB	28	a	438	443	447	456	460	464	470	474	478	481	484	488	497	501	509
1A_SB	28	d	440	444	448	457	461	465	471	476	479	482	485	489	499	503	/
1A_SB	29	a	446	451	455	464	467	472	479	482	485	488	491	495	505	508	515
1A_SB	29	d	448	452	456	465	469	474	480	483	486	489	492	496	506	509	/
1A_SB	30	a	458	463	467	477	480	484	491	495	499	503	507	510	521	524	532
1A_SB	30	d	460	464	468	478	481	486	493	496	500	504	508	512	522	525	/
1A_SB	31	a	476	481	486	495	498	501	507	511	514	517	521	524	534	538	548
1A_SB	31	d	478	483	487	496	499	502	508	512	515	518	522	526	536	540	/
1A_SB	32	a	483	487	491	500	503	506	512	515	519	522	527	530	540	544	553
1A_SB	32	d	485	488	492	501	504	507	513	517	520	524	528	532	541	545	/
1A_SB	33	a	488	492	496	505	508	511	516	520	524	529	534	538	547	551	561
1A_SB	33	d	490	493	497	506	509	512	518	522	526	531	536	539	548	553	/
1A_SB	34	a	496	501	506	515	518	522	527	530	535	540	543	547	556	560	568
1A_SB	34	d	498	503	507	516	519	523	528	532	537	541	545	548	557	561	/
1A_SB	35	a	501	506	511	522	525	529	536	539	543	546	550	554	564	568	576
1A_SB	35	d	503	508	512	523	526	531	537	540	544	548	552	555	565	570	/
1A_SB	36	a	506	511	516	527	530	534	541	545	550	553	557	561	571	575	582
1A_SB	36	d	508	513	517	528	531	536	543	547	551	555	558	562	573	576	/
1A_SB	37	a	515	519	524	533	536	540	546	550	555	560	563	568	578	582	590
1A_SB	37	d	516	521	525	534	537	541	548	552	557	561	565	569	580	584	/
1A_SB	38	a	525	529	533	542	546	550	556	561	566	570	575	578	589	592	600
1A_SB	38	d	526	530	534	544	547	551	558	563	567	572	576	579	590	593	/
1A_SB	39	a	538	542	547	559	563	567	573	577	580	584	589	594	604	609	617
1A_SB	39	d	539	544	549	561	564	569	574	578	581	586	591	596	606	611	/
1A_SB	40	a	553	557	561	570	573	576	582	587	591	594	599	603	612	616	623
1A_SB	40	d	554	558	563	571	574	578	584	588	592	596	600	604	613	617	/
1A_SB	41	a	558	561	566	575	579	582	588	593	597	600	604	608	617	622	629
1A_SB	41	d	559	563	568	577	580	584	590	594	598	601	605	609	619	623	/
1A_SB	42	a	579	582	586	593	597	600	605	609	613	616	621	624	634	639	645
1A_SB	42	d	580	583	587	595	598	601	606	610	614	618	622	625	636	640	/
1A_SB	43	a	600	604	608	617	620	625	632	637	642	646	649	653	663	667	675
1A_SB	43	d	601	605	609	618	622	627	634	639	644	647	651	655	665	669	/
1A_SB	44	a	623	627	631	639	642	645	651	655	658	662	666	669	680	684	692
1A_SB	44	d	624	628	633	640	643	647	652	656	660	664	667	671	682	686	/
1A_SB	45	a	638	641	646	656	659	662	668	671	674	677	682	685	695	698	706
1A_SB	45	d	639	643	648	657	660	664	669	672	675	679	683	686	696	699	/
1A_SB	46	a	656	660	665	673	676	679	686	689	693	696	701	705	714	717	725
1A_SB	46	d	657	662	666	674	677	681	687	690	694	698	702	706	715	719	/
1A_SB	47	a	668	672	676	685	689	693	699	703	708	711	716	719	729	733	741
1A_SB	47	d	669	673	678	686	690	694	701	705	709	713	717	721	731	735	/
1A_SB	48	a	683	687	691	701	705	709	714	718	723	727	732	735	743	746	754
1A_SB	48	d	684	688	692	703	707	710	716	720	725	729	733	736	744	748	/
1A_SB	49	a	697	700	704	715	719	723	730	734	739	743	746	750	759	763	770
1A_SB	49	d	698	702	705	717	720	725	732	736	741	744	747	751	760	764	/
1A_SB	50	a	715	718	723	731	734	739	745	750	754	759	763	767	776	780	786
1A_SB	50	d	716	720	724	732	736	740	747	752	756	761	765	768	778	781	/
1A_SB	51	a	727	731	735	744	748	753	759	763	768	771	776	780	790	794	802
1A_SB	51	d	728	732	737	746	750	754	760	765	769	773	778	782	792	796	/
1A_SB	52	a	750	754	759	767	771	774	780	784	787	791	796	800	809	814	822
1A_SB	52	d	751	756	760	769	772	776	781	785	789	793	798	801	811	816	/
1A_SB	53	a	774	778	783	792	795	799	806	811	815	820	825	828	837	841	849
1A_SB	53	d	775	780	785	793	797	801	808	813	817	822	826	830	839	843	/
1A_SB	54	a	795	798	803	812	816	819	825	829	833	837	840	845	853	858	865
1A_SB	54	d	796	800	804	813	817	821	826	830	835	838	842	846	855	859	/
1A_SB	55	a	821	825	829	838	843	847	853	858	862	865	869	873	882	886	892
1A_SB	55	d	822	826	831	840	845	849	855	859	863	866	871	874	883	887	/
1A_SB	56	a	832	836	841	851	855	859	865	870	874	879	884	888	898	903	911
1A_SB	56	d	833	838	843	852	856	860	867	872	876	881	885	890	900	904	/
1A_SB	57	a	858	862	866	875	879	882	887	891	894	897	901	905	915	918	926
1A_SB	57	d	859	864	867	877	880	883	889	892	895	899	902	907	916	920	/
1A_SB	58	a	884	888	891	900	903	907	913	916	920	924	929	932	942	947	956
1A_SB	58	d	885	889	893	901	904	909	914	918	922	926	930	933	944	949	/
1A_SB	59	a	904	908	913	923	927	931	937	942	946	949	953	957	969	972	980
1A_SB	59	d	905	910	914	925	929	933	939	944	947	950	955	959	970	974	/
1A_SB	60	a	926	930	934	945	949	953	958	962	966	971	976	979	988	993	1001
1A_SB	60	d	927	932	936	946	951	954	959	963	968	973	977	981	990	995	/
1A_SB	61	a	956	960	964	973	976	979	984	989	993	998	1003	1006	1017	1020	1027
1A_SB	61	d	957	961	965	974	977	980	986	990	995	1000	1004	1008	1018	1021	/
1A_SB	62	a	980	984	988	999	1003	1006	1012	1016	1020	1023	1026	1031	1039	1043	1051
1A_SB	62	d	981	985	990	1000	1004	1007	1014	1017	1021	1024	1028	1032	1041	1045	/
1A_SB	63	a	988	992	996	1006	1011	1014	1021	1025	1028	1031	1034	1038	1047	1050	1057
1A_SB	63	d	989	993	997	1008	1012	1016	1023	1026	1029	1032	1035	1039	1048	1052	/
1A_SB	64	a	996	1000	1005	1014	1018	1023	1028	1031	1035	1039	1044	1049	1058	1062	1068
1A_SB	64	d	997	1002	1007	1015	1020	1024	1029	1033	1037	1041	1046	1051	1059	1063	/
1A_NB	1	a	5	13	18	27	33	37	41	46	50	56	60	63	72	77	81
1A_NB	1	d	6	15	19	28	34	38	43	48	52	58	61	65	74	79	/
1A_NB	2	a	12	20	24	34	40	45	50	54	58	63	68	72	81	84	87
1A_NB	2	d	13	21	26	36	42	47	51	56	59	65	70	74	82	85	/
1A_NB	3	a	25	34	38	48	54	57	61	65	70	75	79	82	91	96	99
1A_NB	3	d	26	35	39	50	55	58	63	67	71	77	80	83	93	97	/
1A_NB	4	a	31	41	46	58	63	67	71	74	77	83	87	90	100	104	109
1A_NB	4	d	32	43	48	59	64	68	72	75	78	85	88	91	101	106	/
1A_NB	5	a	43	53	57	69	75	78	82	85	88	94	98	102	112	116	120
1A_NB	5	d	45	55	59	71	76	79	83	86	89	96	99	103	113	117	/
1A_NB	6	a	61	71	76	84	89	92	97	101	106	113	117	121	130	135	140
1A_NB	6	d	63	73	77	86	90	94	98	103	108	115	118	123	132	137	/
1A_NB	7	a	76	87	91	99	103	106	109	113	116	122	125	129	137	140	145
1A_NB	7	d	78	88	92	100	104	107	110	114	117	123	126	130	138	142	/
1A_NB	8	a	97	106	109	121	126	130	134	139	143	150	153	156	165	170	174
1A_NB	8	d	99	107	111	122	127	131	136	140	145	151	154	157	167	171	/
1A_NB	9	a	107	118	121	131	136	139	143	147	151	156	159	162	172	176	180
1A_NB	9	d	109	119	123	132	137	140	144	148	152	157	160	164	173	177	/
1A_NB	10	a	135	146	149	157	163	167	171	175	178	183	187	191	201	205	209
1A_NB	10	d	137	147	150	159	165	168	173	176	179	184	189	193	202	206	/
1A_NB	11	a	158	168	173	183	189	193	197	201	205	212	215	219	226	229	233
1A_NB	11	d	160	170	175	185	191	195	198	202	206	213	217	220	227	230	/
1A_NB	12	a	185	193	197	207	213	216	220	224	227	232	236	240	248	251	256
1A_NB	12	d	187	194	198	209	214	217	221	225	228	234	238	241	249	253	/
1A_NB	13	a	197	207	212	222	227	230	234	238	241	246	250	255	264	268	273
1A_NB	13	d	199	209	213	223	228	231	235	239	242	248	252	257	266	270	/
1A_NB	14	a	217	229	232	242	248	252	256	260	265	270	274	278	286	289	293
1A_NB	14	d	219	230	233	244	250	253	257	262	266	272	276	279	287	290	/
1A_NB	15	a	227	237	240	250	255	258	262	266	270	276	279	283	291	295	299
1A_NB	15	d	229	238	241	251	256	259	263	267	272	277	281	284	293	296	/
1A_NB	16	a	252	261	264	274	280	284	289	294	298	304	307	310	320	325	329
1A_NB	16	d	254	262	266	276	282	286	291	296	300	305	308	311	322	326	/
1A_NB	17	a	279	289	293	305	311	314	318	322	326	332	336	340	346	349	353
1A_NB	17	d	281	291	295	306	312	315	319	323	327	333	337	341	347	350	/
1A_NB	18	a	301	312	316	325	332	336	339	344	348	355	359	363	370	374	379
1A_NB	18	d	303	314	317	327	334	337	341	346	350	357	361	364	371	376	/
1A_NB	19	a	318	329	333	345	350	354	359	363	367	372	376	381	389	393	397
1A_NB	19	d	320	330	334	346	351	356	360	365	368	374	378	382	391	395	/
1A_NB	20	a	329	339	343	355	360	363	367	371	374	380	384	389	398	401	405
1A_NB	20	d	331	340	344	356	361	364	368	372	376	382	386	390	399	403	/
1A_NB	21	a	336	346	351	361	368	371	375	380	385	390	394	397	406	409	413
1A_NB	21	d	338	348	352	363	369	372	377	382	386	391	395	398	407	410	/
1A_NB	22	a	344	353	357	367	374	378	381	385	390	397	401	404	413	416	420
1A_NB	22	d	346	354	358	369	376	379	382	387	392	398	402	406	414	417	/
1A_NB	23	a	349	358	363	374	380	384	388	392	396	402	407	411	420	424	428
1A_NB	23	d	351	360	365	376	382	386	389	394	397	404	408	413	422	425	/
1A_NB	24	a	373	380	384	394	399	403	408	413	416	422	425	428	438	442	447
1A_NB	24	d	374	382	386	395	400	405	410	414	418	423	426	429	439	444	/
1A_NB	25	a	397	407	410	418	424	428	433	438	442	448	451	456	466	470	474
1A_NB	25	d	399	408	411	420	425	430	435	439	443	449	453	458	468	471	/
1A_NB	26	a	404	415	418	429	435	438	442	446	451	458	461	466	474	477	481
1A_NB	26	d	406	416	420	431	436	439	443	448	453	459	463	467	475	478	/
1A_NB	27	a	420	429	433	443	450	453	457	461	465	470	473	478	486	490	494
1A_NB	27	d	422	431	434	445	451	454	459	462	466	471	475	479	488	491	/
1A_NB	28	a	436	445	449	458	463	466	469	473	476	481	484	487	496	500	504
1A_NB	28	d	438	446	450	459	464	467	470	474	477	482	485	488	497	501	/
1A_NB	29	a	447	456	460	470	477	480	484	489	493	498	502	506	515	519	523
1A_NB	29	d	449	458	462	472	478	481	486	490	494	500	504	508	517	520	/
1A_NB	30	a	458	467	471	479	485	489	493	498	502	509	514	518	526	531	536
1A_NB	30	d	460	469	472	480	486	490	495	500	504	511	516	519	528	533	/
1A_NB	31	a	469	480	485	494	500	504	508	513	516	523	528	533	542	547	551
1A_NB	31	d	471	482	486	496	501	506	510	514	518	525	530	535	544	548	/
1A_NB	32	a	494	504	507	516	521	525	529	533	537	545	548	552	561	566	572
1A_NB	32	d	496	505	508	517	522	526	530	535	539	546	550	554	563	568	/
1A_NB	33	a	517	526	529	538	545	549	552	556	559	565	568	571	580	584	588
1A_NB	33	d	519	527	530	540	547	550	553	557	561	566	569	573	582	585	/
1A_NB	34	a	534	544	549	558	563	568	573	579	584	590	593	597	608	611	615
1A_NB	34	d	536	546	550	559	565	570	575	581	586	591	594	599	609	612	/
1A_NB	35	a	558	566	570	580	586	590	595	599	603	608	611	614	623	627	632
1A_NB	35	d	559	568	571	582	588	592	596	601	604	609	612	616	624	629	/
1A_NB	36	a	579	588	592	604	610	615	619	623	627	634	638	641	650	653	656
1A_NB	36	d	580	590	594	606	612	616	620	624	629	636	639	642	651	654	/
1A_NB	37	a	608	618	621	631	636	639	643	647	650	656	661	666	676	679	684
1A_NB	37	d	609	619	622	632	637	640	644	648	651	658	663	668	677	681	/
1A_NB	38	a	629	638	643	651	657	662	667	672	677	684	687	690	701	706	710
1A_NB	38	d	630	640	644	652	659	664	669	674	679	685	688	692	703	707	/
1A_NB	39	a	637	646	649	658	665	670	675	678	683	689	692	696	706	711	715
1A_NB	39	d	638	647	650	660	667	672	676	680	684	690	694	697	708	712	/
1A_NB	40	a	653	662	665	674	679	684	688	691	695	701	705	708	718	722	727
1A_NB	40	d	654	663	667	675	681	686	689	693	696	703	706	710	719	724	/
1A_NB	41	a	663	673	677	686	692	696	700	705	710	716	720	724	733	738	742
1A_NB	41	d	664	675	678	688	693	697	702	707	711	718	722	725	735	739	/
1A_NB	42	a	669	679	682	692	698	703	708	712	716	723	727	730	739	743	748
1A_NB	42	d	670	680	684	693	700	705	709	713	718	725	728	731	740	745	/
1A_NB	43	a	679	690	694	705	711	714	718	723	728	735	738	742	752	756	760
1A_NB	43	d	680	692	696	707	712	715	720	725	730	736	740	743	753	758	/
1A_NB	44	a	694	703	707	717	722	726	730	735	739	746	749	752	761	766	771
1A_NB	44	d	695	705	708	718	723	728	732	737	741	747	750	753	763	768	/
1A_NB	45	a	700	709	712	723	729	734	738	742	746	753	758	761	771	775	779
1A_NB	45	d	701	710	714	724	731	735	739	744	748	755	759	763	772	776	/
1A_NB	46	a	708	719	722	732	738	742	746	750	753	759	764	767	777	781	785
1A_NB	46	d	709	720	724	733	739	743	747	751	754	761	765	769	778	782	/
1A_NB	47	a	726	735	740	748	753	756	760	764	767	773	777	780	789	794	798
1A_NB	47	d	727	737	741	749	754	757	761	765	768	775	778	782	791	795	/
1A_NB	48	a	731	740	745	754	760	763	767	772	775	782	785	790	798	802	807
1A_NB	48	d	732	742	747	756	761	765	769	773	777	783	787	791	799	804	/
1A_NB	49	a	738	748	752	761	767	772	776	780	784	791	795	799	806	810	815
1A_NB	49	d	739	749	753	763	769	774	777	781	786	793	797	800	807	812	/
1A_NB	50	a	746	756	759	769	774	779	783	788	793	799	802	806	813	818	822
1A_NB	50	d	747	757	761	770	776	780	785	790	794	800	804	807	815	819	/
1A_NB	51	a	753	763	766	777	782	786	790	795	799	804	807	811	818	823	827
1A_NB	51	d	754	764	767	778	783	787	792	796	800	805	809	812	820	824	/
1A_NB	52	a	768	778	782	792	798	803	806	811	815	822	826	829	839	843	848
1A_NB	52	d	769	780	783	794	800	804	808	812	817	824	827	831	840	845	/
1A_NB	53	a	775	785	788	799	804	809	814	819	823	829	833	836	845	849	853
1A_NB	53	d	776	786	790	800	806	811	816	820	825	831	834	837	846	850	/
1A_NB	54	a	783	794	797	809	814	819	823	827	832	837	841	846	852	856	860
1A_NB	54	d	784	795	799	810	816	820	825	829	833	839	843	847	853	857	/
1A_NB	55	a	796	806	809	817	822	826	830	833	837	843	846	851	857	862	867
1A_NB	55	d	797	807	810	818	823	827	831	834	839	844	848	852	859	864	/
1A_NB	56	a	804	814	819	828	833	837	842	846	850	856	860	863	871	875	880
1A_NB	56	d	805	816	821	829	835	839	843	848	852	858	861	864	873	877	/
1A_NB	57	a	809	820	825	835	840	844	849	853	857	863	867	870	878	881	886
1A_NB	57	d	810	822	826	836	841	846	850	855	859	865	868	871	879	883	/
1A_NB	58	a	821	832	836	846	851	856	860	865	869	876	879	882	891	895	898
1A_NB	58	d	822	834	837	847	853	857	862	867	871	877	880	884	893	896	/
1A_NB	59	a	828	839	842	852	858	861	866	870	874	881	885	889	899	903	907
1A_NB	59	d	829	840	844	854	859	863	867	872	876	883	887	891	900	904	/
1A_NB	60	a	848	860	863	872	878	883	887	891	896	903	907	911	919	924	929
1A_NB	60	d	849	861	864	873	880	884	888	893	898	905	909	913	921	926	/
1A_NB	61	a	860	871	876	886	892	897	901	905	909	914	917	920	929	933	938
1A_NB	61	d	861	873	877	887	894	898	902	906	910	915	918	921	930	935	/
1A_NB	62	a	877	888	892	904	910	914	919	924	929	935	938	943	952	955	959
1A_NB	62	d	878	890	894	905	912	916	921	926	931	936	940	945	953	956	/
1A_NB	63	a	890	899	902	913	919	923	927	932	936	942	946	949	958	963	967
1A_NB	63	d	891	900	903	914	920	924	929	934	938	944	947	951	960	965	/
1A_NB	64	a	906	916	920	930	936	940	944	949	953	960	964	967	975	980	985
1A_NB	64	d	907	918	921	932	938	941	946	951	955	962	965	968	977	982	/
2A_NB	1	a	7	11	17	22	26	32	36	39	48	52	58	60	64	68	74	76	81	86
2A_NB	1	d	8	12	19	23	27	33	37	40	49	54	59	62	65	69	75	78	83	/
2A_NB	2	a	16	19	26	30	33	40	45	50	58	62	68	71	74	78	83	86	90	95
2A_NB	2	d	17	21	27	31	34	42	47	51	59	64	69	72	76	79	85	87	92	/
2A_NB	3	a	25	28	34	38	41	49	52	56	65	69	74	77	81	84	90	93	96	100
2A_NB	3	d	26	29	35	39	43	50	53	58	67	70	76	79	82	86	91	94	97	/
2A_NB	4	a	32	35	42	47	51	56	60	65	73	78	85	88	92	96	103	106	111	115
2A_NB	4	d	33	37	44	48	52	58	62	67	75	80	87	90	93	98	105	108	112	/
2A_NB	5	a	41	44	51	55	60	67	71	75	84	88	94	97	101	105	111	114	119	124
2A_NB	5	d	42	46	52	57	62	69	72	76	85	89	96	99	102	106	113	116	121	/
2A_NB	6	a	50	53	59	64	69	75	79	82	91	95	101	103	107	111	117	120	125	129
2A_NB	6	d	51	54	61	66	70	77	80	83	93	96	102	105	108	112	119	122	126	/
2A_NB	7	a	59	62	68	72	77	82	86	89	97	101	107	110	113	117	124	127	131	136
2A_NB	7	d	60	63	69	74	78	84	87	90	99	102	109	111	114	119	126	128	133	/
2A_NB	8	a	65	68	75	79	83	88	91	96	105	109	114	117	121	124	131	133	138	141
2A_NB	8	d	66	70	77	81	84	89	93	98	106	110	116	119	122	125	132	135	139	/
2A_NB	9	a	75	78	84	87	90	97	102	106	115	119	125	127	130	134	142	144	148	151
2A_NB	9	d	76	79	85	88	92	99	103	108	116	120	126	128	132	136	143	145	149	/
2A_NB	10	a	80	83	89	93	97	104	109	112	120	125	131	134	138	143	150	153	157	161
2A_NB	10	d	81	84	90	95	99	106	110	113	122	126	133	136	140	144	152	155	159	/
2A_NB	11	a	96	99	105	109	113	118	123	128	135	139	145	148	151	155	162	165	170	175
2A_NB	11	d	97	100	107	110	114	120	125	129	136	141	146	149	152	156	164	167	172	/
2A_NB	12	a	102	105	111	115	119	126	130	135	144	148	154	158	162	167	173	175	180	184
2A_NB	12	d	103	107	113	116	121	127	132	136	145	150	156	160	164	168	174	177	182	/
2A_NB	13	a	112	116	121	125	130	137	142	145	155	160	166	169	172	176	182	185	189	193
2A_NB	13	d	113	117	122	127	132	139	143	147	157	162	168	171	173	177	184	187	191	/
2A_NB	14	a	120	124	131	135	139	145	149	153	163	168	174	177	179	183	189	192	196	200
2A_NB	14	d	121	126	132	136	140	146	151	155	165	169	176	178	180	184	191	194	198	/
2A_NB	15	a	147	151	158	162	166	171	175	178	187	192	198	201	205	209	215	218	221	224
2A_NB	15	d	148	153	160	164	167	172	176	179	189	194	199	203	206	211	217	219	222	/
2A_NB	16	a	165	168	174	177	180	186	191	196	204	208	214	217	220	224	229	231	236	240
2A_NB	16	d	166	169	175	178	181	188	193	197	205	210	215	218	221	225	230	233	238	/
2A_NB	17	a	170	173	180	184	187	194	198	202	210	214	219	222	225	230	235	237	242	246
2A_NB	17	d	171	175	182	185	189	196	200	203	211	215	220	223	227	231	236	239	244	/
2A_NB	18	a	188	191	196	200	205	211	216	221	230	235	240	244	247	251	258	260	264	268
2A_NB	18	d	189	192	198	202	206	213	218	223	232	236	242	245	248	253	259	262	265	/
2A_NB	19	a	211	214	220	223	227	232	237	241	250	255	261	265	268	272	277	280	283	288
2A_NB	19	d	212	216	221	224	228	234	239	243	252	256	263	266	270	273	278	281	285	/
2A_NB	20	a	238	241	246	250	253	260	265	269	278	283	288	291	294	298	304	307	310	315
2A_NB	20	d	239	242	248	251	255	262	267	271	280	284	290	293	296	299	305	308	312	/
2A_NB	21	a	251	254	260	263	268	275	279	283	291	295	302	304	307	312	318	321	325	330
2A_NB	21	d	252	255	261	265	270	276	281	284	293	297	303	305	309	314	320	322	327	/
2A_NB	22	a	275	278	284	289	294	299	303	306	316	319	325	329	332	337	344	348	352	356
2A_NB	22	d	276	280	286	291	295	300	304	308	317	321	327	330	334	339	346	350	353	/
2A_NB	23	a	285	289	294	299	303	309	313	316	326	329	334	338	342	346	354	357	360	365
2A_NB	23	d	286	290	296	301	304	310	314	317	327	330	336	340	343	348	355	358	362	/
2A_NB	24	a	302	305	311	315	319	326	331	334	344	348	354	356	359	363	369	371	376	380
2A_NB	24	d	303	306	313	317	321	328	332	335	345	349	355	358	360	365	370	373	377	/
2A_NB	25	a	309	312	318	322	325	332	336	339	349	354	360	363	366	370	375	377	381	386
2A_NB	25	d	310	313	319	323	327	333	337	340	351	355	362	365	367	371	376	379	383	/
2A_NB	26	a	315	318	325	330	335	342	346	351	360	364	369	371	373	377	384	386	390	394
2A_NB	26	d	316	320	327	332	337	343	348	352	362	365	370	372	375	379	385	388	391	/
2A_NB	27	a	335	339	345	348	353	360	364	368	375	380	385	388	391	395	401	404	408	412
2A_NB	27	d	336	341	346	350	355	361	366	369	377	381	387	389	392	397	403	405	410	/
2A_NB	28	a	345	348	354	357	362	367	372	376	384	388	393	397	400	405	412	416	420	425
2A_NB	28	d	346	349	355	359	363	369	374	378	385	389	395	399	402	407	414	417	422	/
2A_NB	29	a	353	356	363	368	372	378	382	385	393	396	402	406	408	413	420	423	426	431
2A_NB	29	d	354	358	365	370	374	380	383	387	394	397	404	407	410	415	422	424	428	/
2A_NB	30	a	363	366	372	377	381	388	391	395	402	405	411	414	416	420	426	428	431	436
2A_NB	30	d	364	368	374	378	383	389	393	396	403	407	413	415	417	421	427	429	433	/
2A_NB	31	a	369	372	378	382	387	393	397	400	408	412	418	422	425	429	435	437	441	445
2A_NB	31	d	370	374	380	384	388	394	398	402	410	414	420	424	426	430	436	438	443	/
2A_NB	32	a	390	394	401	405	408	414	418	422	429	432	438	441	445	449	455	459	463	468
2A_NB	32	d	391	396	403	406	410	415	420	423	430	434	439	443	446	451	457	460	465	/
2A_NB	33	a	415	419	424	427	431	438	441	446	453	458	463	465	468	472	478	480	483	487
2A_NB	33	d	416	420	425	429	433	439	443	447	455	459	464	466	469	473	479	481	484	/
2A_NB	34	a	438	442	447	450	454	460	464	468	477	481	487	490	493	497	502	504	507	512
2A_NB	34	d	439	443	448	451	456	462	465	470	478	482	488	492	494	498	503	505	509	/
2A_NB	35	a	459	462	467	471	474	480	484	488	496	501	507	511	515	520	526	529	534	538
2A_NB	35	d	460	463	468	472	475	481	486	489	498	502	509	513	517	522	527	531	535	/
2A_NB	36	a	467	470	475	479	483	490	494	498	508	513	520	524	526	531	537	541	544	549
2A_NB	36	d	468	471	476	480	485	491	496	500	510	515	522	525	528	533	539	542	546	/
2A_NB	37	a	489	492	498	501	505	511	515	519	529	533	538	541	545	550	556	559	563	568
2A_NB	37	d	490	494	499	503	507	512	517	521	531	534	539	543	547	552	557	561	565	/
2A_NB	38	a	511	515	520	525	529	534	538	542	549	553	557	560	562	566	571	573	577	581
2A_NB	38	d	512	516	522	526	530	535	540	543	550	554	559	561	563	567	572	574	579	/
2A_NB	39	a	523	527	533	536	540	547	551	554	564	568	574	576	578	583	589	593	598	602
2A_NB	39	d	524	529	534	537	542	549	552	556	565	570	575	577	580	585	591	595	599	/
2A_NB	40	a	535	538	545	548	551	558	562	565	575	579	585	587	589	593	598	601	605	608
2A_NB	40	d	536	540	546	549	553	559	563	567	576	581	586	588	590	594	599	602	606	/
2A_NB	41	a	559	563	569	573	576	583	588	592	600	605	611	613	617	620	626	629	633	637
2A_NB	41	d	560	565	571	574	578	585	590	594	602	607	612	615	618	621	627	630	634	/
2A_NB	42	a	568	572	577	581	585	591	596	599	608	613	618	620	623	627	633	636	640	644
2A_NB	42	d	569	573	579	583	587	593	597	601	610	614	619	621	625	628	635	637	641	/
2A_NB	43	a	579	583	588	592	596	602	605	609	617	620	627	629	633	637	644	647	650	654
2A_NB	43	d	580	584	589	593	598	603	607	610	618	622	628	631	635	639	646	648	652	/
2A_NB	44	a	590	594	600	603	606	612	615	618	627	631	636	638	641	645	650	652	656	660
2A_NB	44	d	591	596	601	604	608	613	616	619	629	632	637	639	643	646	651	654	658	/
2A_NB	45	a	613	617	622	626	630	637	642	646	653	657	662	665	668	672	677	680	685	689
2A_NB	45	d	614	618	623	627	631	639	644	647	655	658	664	667	669	673	679	682	687	/
2A_NB	46	a	625	629	635	639	642	650	654	658	665	668	673	675	679	683	690	694	698	703
2A_NB	46	d	626	630	636	640	644	651	656	659	666	669	674	677	680	685	692	695	700	/
2A_NB	47	a	642	646	653	657	661	668	673	676	685	689	696	699	701	705	712	715	719	724
2A_NB	47	d	643	648	654	658	663	670	674	678	686	691	698	700	702	707	714	717	721	/
2A_NB	48	a	670	674	680	684	688	695	698	702	709	712	717	720	722	725	733	735	740	744
2A_NB	48	d	671	676	682	685	690	696	700	703	710	713	719	721	723	727	734	737	741	/
2A_NB	49	a	687	690	696	700	703	710	714	718	727	731	736	739	741	745	751	753	757	761
2A_NB	49	d	688	691	698	701	705	711	715	720	729	732	737	740	742	747	752	754	758	/
2A_NB	50	a	709	712	718	722	725	730	734	739	748	752	759	761	764	768	775	778	782	786
2A_NB	50	d	710	713	720	723	726	732	736	741	749	754	760	762	765	769	776	780	784	/
2A_NB	51	a	722	725	731	734	738	745	750	754	764	769	775	778	782	787	794	797	801	805
2A_NB	51	d	723	726	732	735	740	747	751	756	766	771	777	780	784	789	796	798	803	/
2A_NB	52	a	730	733	740	743	748	754	758	763	772	777	782	785	788	793	800	802	807	810
2A_NB	52	d	731	735	741	745	749	755	760	765	774	778	784	786	790	795	801	804	808	/
2A_NB	53	a	739	742	749	752	756	762	766	770	779	783	789	791	795	799	806	808	812	817
2A_NB	53	d	740	744	750	753	758	763	768	772	780	785	790	793	796	801	807	810	814	/
2A_NB	54	a	748	751	756	759	764	769	773	777	786	790	795	798	801	805	812	815	818	823
2A_NB	54	d	749	752	757	761	765	771	775	779	787	791	797	799	802	807	814	816	820	/
2A_NB	55	a	760	763	769	772	776	782	786	790	800	804	811	814	817	822	827	829	833	838
2A_NB	55	d	761	765	770	773	778	783	788	792	801	805	812	815	819	823	828	831	835	/
2A_NB	56	a	782	786	793	796	800	806	810	814	823	826	832	836	839	843	849	851	856	861
2A_NB	56	d	783	788	794	798	801	808	812	815	824	827	834	838	841	844	850	853	858	/
2A_NB	57	a	788	792	798	803	806	813	816	820	829	832	839	842	846	849	855	859	863	868
2A_NB	57	d	789	793	800	804	808	814	818	821	830	834	840	844	847	850	857	860	865	/
2A_NB	58	a	799	803	809	812	817	823	826	829	838	843	849	852	856	860	866	869	874	879
2A_NB	58	d	800	805	810	814	818	824	827	831	840	844	850	854	858	862	867	871	876	/
2A_NB	59	a	813	817	824	828	831	837	841	845	854	859	864	867	869	873	880	884	888	892
2A_NB	59	d	814	819	826	829	833	838	843	847	856	860	865	868	870	875	882	885	889	/
2A_NB	60	a	825	828	833	836	839	846	850	854	864	869	875	877	880	885	890	894	898	903
2A_NB	60	d	826	829	834	837	841	848	852	856	866	871	876	878	882	886	892	895	900	/
2A_NB	61	a	833	836	842	845	850	856	859	862	871	876	882	884	886	891	897	901	904	909
2A_NB	61	d	834	838	843	847	851	857	860	863	873	878	883	885	888	893	899	902	906	/
2A_NB	62	a	842	845	851	854	858	864	867	871	881	886	892	895	898	902	908	911	915	919
2A_NB	62	d	843	847	852	855	860	865	869	873	883	887	893	897	900	903	910	913	916	/
2A_NB	63	a	849	852	858	861	866	871	874	879	889	892	899	902	904	908	914	917	920	924
2A_NB	63	d	850	854	859	863	867	872	876	881	890	894	901	903	906	909	915	918	921	/
2A_NB	64	a	871	874	881	885	890	896	899	904	913	917	924	928	931	934	939	942	946	951
2A_NB	64	d	872	876	883	887	891	897	901	906	914	919	926	929	932	935	940	943	948	/
2A_SB	1	a	23	26	29	33	40	44	47	52	55	61	65	72	76	81	88	92	96	100
2A_SB	1	d	24	28	31	35	42	45	49	53	57	62	67	73	78	83	90	93	98	/
2A_SB	2	a	46	49	53	57	63	66	69	73	78	84	88	94	98	103	109	113	117	121
2A_SB	2	d	47	51	55	59	65	67	70	75	80	86	89	95	100	105	110	114	119	/
2A_SB	3	a	57	61	64	67	72	74	78	82	87	92	96	103	107	110	115	119	123	126
2A_SB	3	d	59	62	65	68	73	75	80	84	88	94	98	105	108	111	116	120	124	/
2A_SB	4	a	63	68	72	76	81	85	90	94	97	102	106	113	116	120	126	130	135	139
2A_SB	4	d	65	70	74	77	83	87	91	95	99	104	108	114	118	122	128	132	137	/
2A_SB	5	a	79	83	85	88	93	97	102	106	110	116	120	127	132	135	140	144	148	151
2A_SB	5	d	81	84	86	89	95	99	103	108	112	118	122	129	133	136	141	145	149	/
2A_SB	6	a	90	94	97	100	105	108	111	115	118	123	127	133	137	141	146	150	153	156
2A_SB	6	d	92	95	98	101	106	109	113	116	119	124	128	135	138	142	147	151	154	/
2A_SB	7	a	100	104	106	110	115	118	123	127	130	135	139	144	148	152	158	163	168	171
2A_SB	7	d	102	105	107	111	116	120	124	128	131	136	140	146	150	154	160	165	169	/
2A_SB	8	a	116	121	125	129	135	137	142	146	149	155	159	164	169	173	179	184	187	191
2A_SB	8	d	118	123	126	130	136	139	143	147	150	156	160	166	170	174	181	185	188	/
2A_SB	9	a	137	141	144	148	153	156	159	164	167	172	175	180	184	188	194	197	200	205
2A_SB	9	d	139	143	146	149	154	157	161	165	168	173	176	181	185	189	195	198	202	/
2A_SB	10	a	148	151	155	160	165	169	172	176	180	186	190	198	202	206	212	215	219	224
2A_SB	10	d	149	153	157	161	167	170	174	178	182	188	192	199	203	207	213	217	221	/
2A_SB	11	a	165	170	174	178	185	188	192	196	200	207	212	219	223	227	234	237	241	244
2A_SB	11	d	167	172	176	180	186	190	194	198	201	209	214	220	224	228	235	238	242	/
2A_SB	12	a	181	186	188	191	197	200	203	207	210	217	221	228	231	236	243	246	249	252
2A_SB	12	d	183	187	189	192	198	201	205	208	212	218	223	229	232	237	244	247	250	/
2A_SB	13	a	196	200	202	207	214	217	222	225	228	235	239	246	250	255	261	265	269	272
2A_SB	13	d	197	201	204	209	216	219	223	226	230	236	241	248	252	256	262	266	270	/
2A_SB	14	a	214	220	224	229	235	238	243	247	250	255	259	264	268	271	277	280	284	287
2A_SB	14	d	216	222	226	231	236	240	244	248	251	256	260	265	269	272	278	281	285	/
2A_SB	15	a	241	245	249	253	259	262	265	269	272	277	280	285	289	292	298	301	304	308
2A_SB	15	d	242	247	250	255	260	263	267	270	273	278	281	286	290	294	299	302	305	/
2A_SB	16	a	257	260	264	268	273	276	280	284	287	293	297	302	306	310	316	320	324	327
2A_SB	16	d	258	262	266	269	274	277	281	285	288	294	298	303	307	311	317	321	325	/
2A_SB	17	a	265	269	271	275	281	285	290	295	299	305	309	316	320	324	330	334	338	341
2A_SB	17	d	267	270	272	276	283	287	292	297	301	307	311	318	321	325	331	335	339	/
2A_SB	18	a	283	288	291	296	303	305	309	313	317	322	326	331	335	338	344	348	351	354
2A_SB	18	d	285	290	293	298	304	306	310	315	318	324	327	332	336	339	345	349	352	/
2A_SB	19	a	301	306	310	314	320	324	329	333	336	341	344	350	355	358	365	369	372	375
2A_SB	19	d	303	308	312	316	322	326	331	334	337	342	346	352	356	360	366	370	373	/
2A_SB	20	a	325	330	334	337	342	344	348	352	356	362	365	372	375	379	385	389	393	396
2A_SB	20	d	327	332	335	338	343	345	350	353	358	363	367	373	376	380	386	390	394	/
2A_SB	21	a	337	341	345	349	356	359	363	367	371	377	382	387	390	393	399	403	407	410
2A_SB	21	d	339	343	347	351	357	360	364	369	372	379	383	388	391	394	400	404	408	/
2A_SB	22	a	360	365	368	371	377	379	383	386	389	394	398	403	406	410	416	419	423	426
2A_SB	22	d	362	367	369	372	378	380	384	387	390	395	399	404	407	411	417	420	424	/
2A_SB	23	a	366	371	373	376	382	385	389	394	398	404	409	415	419	423	429	432	436	439
2A_SB	23	d	368	372	374	378	384	386	391	396	400	406	410	416	420	424	430	433	437	/
2A_SB	24	a	384	388	391	396	402	405	409	413	416	422	427	433	436	440	445	448	453	457
2A_SB	24	d	385	390	393	398	404	407	411	414	417	424	429	434	437	441	446	450	455	/
2A_SB	25	a	403	407	411	415	421	424	428	433	437	443	446	452	456	460	465	468	472	475
2A_SB	25	d	405	409	412	417	423	426	430	435	438	444	447	453	457	461	466	469	473	/
2A_SB	26	a	421	425	427	430	435	437	440	443	446	453	457	463	468	472	478	481	484	487
2A_SB	26	d	423	426	428	431	436	438	441	444	448	455	459	465	469	473	479	482	485	/
2A_SB	27	a	437	441	444	447	454	457	461	464	468	474	478	484	488	493	499	502	505	509
2A_SB	27	d	439	442	445	449	456	459	462	465	469	475	480	486	490	494	500	503	506	/
2A_SB	28	a	446	450	453	456	461	463	466	471	476	482	486	491	495	499	505	508	511	514
2A_SB	28	d	448	452	454	457	462	464	468	473	477	484	487	493	496	500	506	509	512	/
2A_SB	29	a	451	456	458	461	466	469	473	477	482	489	492	498	503	508	515	519	523	527
2A_SB	29	d	453	457	459	462	467	470	474	479	484	490	494	500	505	510	517	521	525	/
2A_SB	30	a	458	463	465	469	475	478	483	487	490	497	501	508	512	516	523	526	530	533
2A_SB	30	d	460	464	466	471	476	480	484	488	492	499	503	509	513	518	524	527	531	/
2A_SB	31	a	467	472	475	480	486	489	494	499	503	509	513	519	523	527	534	537	542	545
2A_SB	31	d	469	474	477	482	488	491	496	501	504	510	514	520	524	529	535	539	543	/
2A_SB	32	a	477	481	485	489	494	497	502	506	509	515	519	525	530	535	541	544	548	551
2A_SB	32	d	478	483	486	490	495	499	503	507	510	516	520	527	532	536	542	545	549	/
2A_SB	33	a	482	486	490	494	499	502	507	512	515	522	527	533	538	542	548	551	555	558
2A_SB	33	d	483	488	491	495	500	504	509	513	517	524	529	535	540	543	549	552	556	/
2A_SB	34	a	498	501	504	509	515	517	521	526	530	536	539	544	547	550	557	560	564	567
2A_SB	34	d	499	503	506	511	516	518	523	528	531	537	540	545	548	552	558	561	565	/
2A_SB	35	a	505	508	512	516	522	525	529	533	536	542	546	552	555	559	564	567	571	576
2A_SB	35	d	506	510	514	518	524	527	531	534	537	544	548	553	556	560	565	568	573	/
2A_SB	36	a	510	513	517	521	527	531	534	538	541	547	551	557	561	565	570	573	577	581
2A_SB	36	d	511	515	519	523	529	532	536	539	543	549	553	559	562	566	571	574	578	/
2A_SB	37	a	523	527	531	534	539	542	545	548	552	557	560	565	568	572	578	582	587	590
2A_SB	37	d	525	529	532	535	540	543	546	549	553	558	562	566	569	574	580	584	588	/
2A_SB	38	a	537	541	544	548	554	556	559	562	565	571	575	580	583	588	594	598	602	605
2A_SB	38	d	539	542	545	549	555	557	560	563	566	572	576	581	585	590	596	600	603	/
2A_SB	39	a	542	546	549	553	559	561	564	567	570	576	580	585	588	593	599	603	607	610
2A_SB	39	d	544	547	550	554	560	562	565	568	572	577	581	586	590	595	601	605	608	/
2A_SB	40	a	547	551	554	557	563	566	570	573	577	582	586	592	595	599	605	608	612	615
2A_SB	40	d	549	552	555	559	565	568	571	574	578	583	588	593	596	600	606	610	613	/
2A_SB	41	a	552	556	558	562	568	572	576	579	583	588	592	597	600	604	610	613	617	620
2A_SB	41	d	554	557	560	564	570	573	577	580	584	589	593	598	601	605	611	615	618	/
2A_SB	42	a	557	562	564	567	573	577	581	584	587	593	597	602	605	610	616	619	622	625
2A_SB	42	d	559	563	565	569	575	578	582	585	589	594	598	603	607	611	617	620	623	/
2A_SB	43	a	563	567	569	572	579	582	586	590	593	598	602	608	611	615	622	625	628	631
2A_SB	43	d	564	568	570	574	580	583	587	591	594	599	603	609	612	616	623	626	629	/
2A_SB	44	a	568	572	574	577	584	587	591	595	598	603	606	613	616	620	627	630	634	637
2A_SB	44	d	569	573	575	579	585	588	592	596	599	604	608	614	617	621	628	631	635	/
2A_SB	45	a	573	577	579	582	589	592	596	600	603	609	612	618	621	625	633	636	640	643
2A_SB	45	d	574	578	580	584	590	593	597	601	604	610	613	619	622	627	634	637	641	/
2A_SB	46	a	578	582	584	587	594	597	601	604	608	614	618	623	626	630	637	641	645	648
2A_SB	46	d	579	583	585	589	595	598	602	606	609	615	619	624	627	632	639	642	646	/
2A_SB	47	a	583	587	589	592	599	601	605	609	613	619	623	628	631	635	642	646	649	653
2A_SB	47	d	584	588	590	594	600	603	607	611	614	620	624	629	632	637	644	647	651	/
2A_SB	48	a	588	592	594	597	604	606	610	614	619	624	628	633	637	641	647	651	654	658
2A_SB	48	d	589	593	595	599	605	608	612	616	620	625	629	634	638	642	649	652	656	/
2A_SB	49	a	593	597	599	602	608	611	615	619	624	629	632	638	642	646	653	656	659	664
2A_SB	49	d	594	598	600	604	610	613	617	621	625	630	634	639	643	647	654	657	661	/
2A_SB	50	a	598	602	604	607	613	616	620	624	629	635	638	643	647	651	658	661	665	669
2A_SB	50	d	599	603	605	609	615	618	622	626	630	636	639	644	648	652	659	662	666	/
2A_SB	51	a	603	606	609	612	618	621	625	629	634	640	643	648	652	656	663	666	670	674
2A_SB	51	d	604	608	610	614	620	623	627	631	635	641	644	650	653	657	664	667	671	/
2A_SB	52	a	607	611	614	617	624	626	630	634	639	645	648	653	657	661	667	671	675	678
2A_SB	52	d	609	613	615	619	625	628	632	636	640	646	649	655	658	663	669	672	676	/
2A_SB	53	a	613	616	619	622	629	632	636	639	644	650	653	658	663	666	672	676	679	683
2A_SB	53	d	614	618	620	624	630	633	637	641	645	651	654	660	664	668	674	677	681	/
2A_SB	54	a	634	638	641	644	649	653	656	660	664	671	675	681	684	689	695	699	704	708
2A_SB	54	d	635	639	642	645	651	654	658	662	666	672	676	682	686	690	697	701	705	/
2A_SB	55	a	664	667	670	674	680	682	686	690	694	700	704	710	714	719	725	729	733	738
2A_SB	55	d	665	669	672	675	681	683	687	691	696	702	706	712	716	720	727	731	735	/
2A_SB	56	a	693	697	701	704	710	712	716	719	723	730	734	740	744	749	755	759	764	768
2A_SB	56	d	694	699	702	705	711	713	717	721	725	732	736	742	746	750	757	761	765	/
2A_SB	57	a	721	725	728	731	737	741	745	749	753	760	764	770	774	779	785	789	794	797
2A_SB	57	d	722	726	729	733	739	742	747	751	755	761	765	771	776	780	787	791	795	/
2A_SB	58	a	751	754	758	761	767	770	775	779	783	789	793	799	804	809	815	819	824	827
2A_SB	58	d	752	756	759	763	769	772	777	781	785	791	795	801	806	810	817	821	825	/
2A_SB	59	a	780	784	788	792	797	801	805	809	813	819	823	829	834	838	845	850	853	857
2A_SB	59	d	781	786	789	793	799	802	806	810	814	821	825	831	836	840	847	851	855	/
2A_SB	60	a	810	814	817	822	827	831	834	838	843	849	853	859	863	868	875	879	884	887
2A_SB	60	d	811	816	819	823	829	832	836	840	844	850	854	861	865	870	877	881	885	/
2A_SB	61	a	840	844	847	851	857	860	864	868	872	878	882	888	893	898	905	909	913	918
2A_SB	61	d	841	846	849	853	859	862	866	870	874	880	884	890	895	900	906	911	915	/
2A_SB	62	a	870	873	875	879	886	888	893	897	901	908	911	918	921	926	934	939	943	947
2A_SB	62	d	871	874	877	881	887	890	895	899	903	909	913	919	923	928	936	941	945	/
2A_SB	63	a	898	902	905	910	915	918	922	926	931	937	942	947	951	956	963	967	970	974
2A_SB	63	d	899	904	907	911	916	919	923	928	933	939	943	948	953	958	965	968	972	/
2A_SB	64	a	924	928	931	935	940	943	946	951	955	961	966	972	975	979	985	990	993	997
2A_SB	64	d	925	929	932	936	942	944	948	953	956	963	968	973	977	981	987	991	994	/
3A_SB	1	a	10	15	18	25	28	32	36	40	43	48	52	56	61	65	69	74	78
3A_SB	1	d	11	16	19	26	29	33	37	41	45	50	54	58	62	66	70	75	/
3A_SB	2	a	37	42	45	51	56	60	65	69	73	78	83	86	91	95	99	104	108
3A_SB	2	d	38	43	46	53	57	62	67	71	75	80	84	87	92	96	100	105	/
3A_SB	3	a	57	62	66	72	76	81	86	90	95	98	101	104	109	113	117	123	127
3A_SB	3	d	58	63	67	74	78	83	88	92	96	99	102	105	110	114	118	125	/
3A_SB	4	a	69	74	78	85	89	93	98	103	107	111	115	117	122	126	130	135	139
3A_SB	4	d	70	76	80	87	91	95	100	105	108	112	116	118	123	127	131	136	/
3A_SB	5	a	74	79	83	90	95	99	104	109	113	118	123	126	131	135	139	144	149
3A_SB	5	d	75	81	85	92	97	101	106	111	115	120	124	127	132	136	140	146	/
3A_SB	6	a	95	100	104	110	113	116	119	123	127	131	135	137	141	144	148	153	156
3A_SB	6	d	96	102	105	111	114	117	120	124	128	132	136	138	142	145	149	154	/
3A_SB	7	a	107	114	117	123	127	132	136	141	145	149	153	156	160	164	167	173	177
3A_SB	7	d	108	115	118	124	129	134	138	143	147	151	154	157	161	165	168	174	/
3A_SB	8	a	134	139	143	148	151	155	159	163	167	170	173	176	180	184	188	194	197
3A_SB	8	d	135	141	144	149	152	156	160	164	168	171	174	177	181	185	189	195	/
3A_SB	9	a	148	153	158	163	166	169	173	177	181	185	188	191	195	199	204	210	213
3A_SB	9	d	149	155	159	164	167	170	174	178	182	186	189	192	196	201	206	211	/
3A_SB	10	a	162	167	172	179	183	187	190	194	198	201	204	206	210	214	218	223	228
3A_SB	10	d	163	169	174	181	184	188	191	195	199	202	205	207	211	215	219	225	/
3A_SB	11	a	169	175	180	186	189	193	196	200	204	207	210	213	218	223	227	234	239
3A_SB	11	d	170	177	181	187	190	194	197	201	205	208	211	214	220	224	229	236	/
3A_SB	12	a	187	193	198	203	208	212	216	220	224	228	233	235	240	244	248	254	258
3A_SB	12	d	188	195	199	205	210	213	217	222	226	230	234	236	241	245	249	256	/
3A_SB	13	a	208	213	217	223	227	232	237	241	245	250	254	256	260	263	267	273	277
3A_SB	13	d	209	215	219	225	229	234	239	243	247	252	255	257	261	264	268	274	/
3A_SB	14	a	230	235	239	245	248	253	258	263	267	272	277	280	285	288	291	297	301
3A_SB	14	d	231	236	241	246	250	255	260	265	269	274	278	281	286	289	292	298	/
3A_SB	15	a	253	258	262	267	270	273	276	280	284	287	291	294	300	303	308	315	319
3A_SB	15	d	254	260	263	268	271	274	277	282	285	289	292	296	301	305	310	317	/
3A_SB	16	a	266	271	275	281	285	289	292	296	299	303	307	310	314	318	322	327	330
3A_SB	16	d	267	273	277	283	286	290	293	297	300	304	308	311	315	319	323	328	/
3A_SB	17	a	279	284	289	296	300	303	307	311	314	318	321	324	329	332	336	340	344
3A_SB	17	d	280	286	291	298	301	304	308	312	315	319	322	325	330	333	337	342	/
3A_SB	18	a	286	291	295	302	307	310	314	318	322	326	329	332	337	340	344	349	352
3A_SB	18	d	287	292	297	304	308	311	315	319	323	327	330	333	338	341	345	350	/
3A_SB	19	a	296	301	305	311	316	321	326	330	333	337	340	344	348	352	356	361	364
3A_SB	19	d	297	303	307	313	318	323	327	331	335	338	342	345	349	353	357	362	/
3A_SB	20	a	321	326	330	336	339	343	347	350	354	357	360	362	366	370	373	378	381
3A_SB	20	d	322	327	332	337	340	344	348	351	355	358	361	363	367	371	374	379	/
3A_SB	21	a	332	337	340	345	349	354	358	362	367	371	375	378	382	386	390	395	399
3A_SB	21	d	333	338	341	347	351	356	360	364	369	373	376	379	383	387	391	396	/
3A_SB	22	a	342	347	351	357	360	364	368	371	375	378	381	385	389	392	397	402	406
3A_SB	22	d	343	348	353	358	361	365	369	372	376	379	383	386	390	394	398	403	/
3A_SB	23	a	350	355	359	365	368	373	378	383	387	390	393	396	400	403	407	413	417
3A_SB	23	d	351	356	360	366	370	375	380	384	388	391	394	397	401	404	408	415	/
3A_SB	24	a	362	368	372	379	382	385	390	395	400	404	409	412	416	419	423	429	433
3A_SB	24	d	363	369	374	380	383	387	392	397	402	406	411	413	417	420	424	431	/
3A_SB	25	a	374	380	384	390	395	399	403	407	411	416	421	423	428	431	435	440	444
3A_SB	25	d	375	382	386	392	396	400	404	409	413	418	422	424	429	432	436	441	/
3A_SB	26	a	385	391	394	401	405	409	412	416	419	423	427	429	434	438	442	448	452
3A_SB	26	d	386	392	396	402	406	410	413	417	420	424	428	430	435	439	444	450	/
3A_SB	27	a	402	408	412	419	423	427	430	433	436	439	443	446	450	453	457	462	465
3A_SB	27	d	403	409	414	420	424	428	431	434	437	440	444	447	451	454	458	463	/
3A_SB	28	a	408	414	418	424	428	432	435	439	442	445	449	452	456	459	463	468	471
3A_SB	28	d	409	415	419	425	429	433	436	440	443	446	450	453	457	460	464	469	/
3A_SB	29	a	428	433	438	444	447	451	456	460	464	468	473	476	481	485	488	493	497
3A_SB	29	d	429	435	440	445	448	453	458	462	466	470	474	477	482	486	489	494	/
3A_SB	30	a	438	444	448	455	460	465	470	474	478	483	487	490	494	497	501	506	510
3A_SB	30	d	439	445	450	457	462	467	472	476	480	484	488	491	495	498	502	507	/
3A_SB	31	a	452	457	461	467	471	476	480	483	487	491	495	498	502	505	509	514	518
3A_SB	31	d	453	458	462	469	473	477	481	484	488	492	496	499	503	506	510	516	/
3A_SB	32	a	464	470	474	480	483	487	491	495	499	503	507	510	514	518	521	526	531
3A_SB	32	d	465	471	475	481	485	488	493	497	500	505	508	511	515	519	522	528	/
3A_SB	33	a	472	478	483	488	491	494	497	500	504	509	513	515	519	523	526	531	536
3A_SB	33	d	473	480	484	489	492	495	498	502	506	511	514	516	520	524	527	533	/
3A_SB	34	a	491	496	501	507	511	515	519	523	527	531	535	538	542	546	549	554	557
3A_SB	34	d	492	498	503	509	512	516	520	525	529	532	536	539	543	547	550	555	/
3A_SB	35	a	511	517	521	527	531	535	539	544	547	552	556	558	562	565	569	574	578
3A_SB	35	d	512	518	523	529	532	536	541	545	549	554	557	559	563	566	570	576	/
3A_SB	36	a	522	528	534	541	546	550	554	557	560	564	568	570	575	579	583	588	593
3A_SB	36	d	523	530	536	543	547	551	555	558	561	565	569	571	576	580	584	590	/
3A_SB	37	a	529	535	540	546	551	555	558	562	565	569	573	575	580	584	589	594	599
3A_SB	37	d	530	536	542	548	552	556	560	563	566	571	574	576	581	586	590	596	/
3A_SB	38	a	536	542	546	551	556	560	564	567	570	574	578	580	586	591	595	600	603
3A_SB	38	d	537	543	547	553	558	562	565	568	571	576	579	582	588	592	596	601	/
3A_SB	39	a	542	547	552	558	562	566	569	573	578	582	585	587	593	598	603	608	612
3A_SB	39	d	543	549	554	559	564	567	571	575	579	583	586	589	595	600	604	610	/
3A_SB	40	a	550	555	560	566	570	574	578	582	587	591	594	596	601	605	610	616	619
3A_SB	40	d	551	557	562	567	572	575	580	584	588	592	595	597	603	607	612	617	/
3A_SB	41	a	557	561	565	571	575	579	584	589	593	598	601	603	608	612	617	621	625
3A_SB	41	d	558	562	567	573	577	581	586	591	595	599	602	604	610	614	618	623	/
3A_SB	42	a	567	571	575	582	585	590	594	598	601	606	609	611	616	621	625	630	635
3A_SB	42	d	568	572	577	583	587	591	595	599	603	607	610	612	618	622	627	632	/
3A_SB	43	a	577	582	586	593	597	601	606	609	613	617	620	624	629	633	637	643	648
3A_SB	43	d	578	583	588	594	598	603	607	610	614	618	622	625	630	634	639	645	/
3A_SB	44	a	587	593	598	605	609	614	618	621	624	627	631	635	639	644	649	654	659
3A_SB	44	d	588	595	600	606	611	615	619	622	625	629	633	636	641	646	650	656	/
3A_SB	45	a	606	611	615	620	623	626	630	634	638	642	647	651	656	659	663	669	672
3A_SB	45	d	607	612	616	621	624	627	631	636	639	644	649	652	657	661	665	670	/
3A_SB	46	a	611	616	619	625	628	631	634	639	643	648	652	656	661	664	668	674	677
3A_SB	46	d	612	617	621	626	629	632	636	641	645	650	654	657	662	666	670	675	/
3A_SB	47	a	616	621	624	630	633	637	640	644	648	653	657	661	666	669	673	679	682
3A_SB	47	d	617	622	626	631	634	638	641	646	650	655	659	662	667	671	675	680	/
3A_SB	48	a	621	626	629	636	639	643	646	649	653	658	662	665	671	674	679	684	687
3A_SB	48	d	622	627	631	637	640	644	647	651	655	660	664	667	672	676	680	685	/
3A_SB	49	a	626	631	635	641	644	648	652	655	658	663	667	670	676	679	684	689	692
3A_SB	49	d	627	632	636	642	645	649	653	656	660	665	669	672	677	681	685	690	/
3A_SB	50	a	631	636	640	646	650	654	658	661	664	668	672	675	680	684	689	694	697
3A_SB	50	d	632	637	641	647	651	655	659	662	665	670	674	677	682	686	690	695	/
3A_SB	51	a	636	641	645	652	656	660	664	668	671	675	679	681	685	689	694	699	702
3A_SB	51	d	637	642	646	653	657	661	665	669	672	676	680	682	687	691	695	700	/
3A_SB	52	a	644	650	653	661	665	669	674	678	683	687	691	694	698	701	705	710	715
3A_SB	52	d	645	651	655	662	666	671	676	680	684	688	692	695	699	702	707	712	/
3A_SB	53	a	674	680	683	690	694	698	704	708	712	716	719	722	726	730	735	740	744
3A_SB	53	d	675	681	685	691	696	700	706	710	713	717	720	723	727	732	736	742	/
3A_SB	54	a	704	710	714	720	724	729	733	738	742	745	748	751	756	760	765	771	774
3A_SB	54	d	705	711	715	721	726	730	735	740	743	746	750	752	757	762	766	772	/
3A_SB	55	a	731	736	741	748	752	757	761	765	768	772	776	780	784	789	793	798	802
3A_SB	55	d	732	738	742	749	754	759	762	766	769	773	778	781	786	790	795	799	/
3A_SB	56	a	739	744	748	755	759	764	769	773	776	781	785	787	791	796	801	806	811
3A_SB	56	d	740	745	749	757	761	766	770	774	778	783	786	788	793	798	803	808	/
3A_SB	57	a	764	769	773	779	784	788	792	797	802	806	810	813	819	823	828	834	837
3A_SB	57	d	765	771	775	781	786	789	794	799	803	808	812	815	821	825	830	835	/
3A_SB	58	a	793	799	802	810	813	817	822	827	831	835	839	843	848	853	858	863	866
3A_SB	58	d	794	800	804	811	814	819	824	828	832	837	841	845	850	855	859	864	/
3A_SB	59	a	823	828	832	839	842	847	852	856	860	864	868	872	878	883	888	893	896
3A_SB	59	d	824	830	834	840	844	849	854	858	862	866	870	874	880	885	889	894	/
3A_SB	60	a	853	858	862	869	872	876	881	885	890	894	898	901	905	909	914	920	923
3A_SB	60	d	854	860	864	870	873	878	882	887	892	896	900	902	907	911	915	921	/
3A_SB	61	a	882	889	892	899	902	906	910	916	920	925	929	931	935	940	944	949	952
3A_SB	61	d	883	890	894	900	903	908	912	917	922	926	930	932	937	941	945	950	/
3A_SB	62	a	909	916	920	927	930	935	939	944	949	953	957	960	965	969	974	979	983
3A_SB	62	d	910	917	922	928	932	937	941	946	951	955	958	961	966	971	975	980	/
3A_SB	63	a	939	944	947	953	958	963	967	972	976	980	984	987	991	996	1000	1005	1010
3A_SB	63	d	940	945	949	955	960	964	969	974	977	982	986	988	993	997	1002	1007	/
3A_SB	64	a	969	974	977	982	986	991	996	1001	1005	1009	1013	1017	1022	1026	1030	1036	1040
3A_SB	64	d	970	975	978	984	988	993	998	1003	1006	1011	1015	1018	1023	1027	1031	1037	/
3A_NB	1	a	27	31	35	40	45	48	52	55	60	66	71	73	75	78	82	86	91	96
3A_NB	1	d	28	33	36	42	46	50	54	57	61	68	72	74	76	80	84	88	93	/
3A_NB	2	a	53	56	60	63	67	71	75	78	83	88	92	94	96	100	104	107	111	115
3A_NB	2	d	54	57	61	64	69	73	77	80	84	89	93	95	97	101	105	109	113	/
3A_NB	3	a	63	66	70	73	77	82	85	88	92	97	101	104	107	111	115	118	123	126
3A_NB	3	d	64	68	71	75	79	83	87	89	93	98	103	105	109	112	116	120	124	/
3A_NB	4	a	71	74	78	83	86	91	94	98	102	107	110	113	117	120	124	129	134	137
3A_NB	4	d	72	76	80	84	88	92	96	99	103	108	112	115	118	121	126	131	135	/
3A_NB	5	a	86	89	93	97	101	105	108	110	115	119	123	126	129	133	137	142	146	150
3A_NB	5	d	87	91	94	99	102	106	109	112	116	120	124	127	130	134	139	144	148	/
3A_NB	6	a	96	99	102	106	110	113	116	118	122	128	132	136	139	143	147	151	155	158
3A_NB	6	d	97	100	103	107	111	114	117	120	123	129	134	138	141	145	148	153	156	/
3A_NB	7	a	102	105	109	114	118	122	127	130	134	140	144	146	148	151	154	158	161	164
3A_NB	7	d	103	107	111	115	120	124	129	132	135	141	145	147	149	152	155	159	162	/
3A_NB	8	a	114	118	121	126	129	132	136	140	144	151	155	157	160	163	166	169	172	176
3A_NB	8	d	115	119	123	127	130	133	138	141	146	152	156	158	161	164	167	170	174	/
3A_NB	9	a	124	127	131	135	138	142	146	149	153	158	162	164	166	169	172	176	180	183
3A_NB	9	d	125	128	132	136	139	144	147	151	154	159	163	165	167	170	174	178	181	/
3A_NB	10	a	145	149	153	156	159	162	165	167	172	178	182	184	186	191	196	200	204	208
3A_NB	10	d	146	151	154	157	160	163	166	169	173	179	183	185	188	193	198	202	205	/
3A_NB	11	a	155	159	162	166	170	174	177	180	184	189	192	194	196	200	203	206	209	212
3A_NB	11	d	156	160	164	168	172	175	179	182	185	190	193	195	197	201	204	207	210	/
3A_NB	12	a	175	179	182	187	190	194	197	200	204	210	214	216	218	221	224	228	233	237
3A_NB	12	d	176	180	184	188	191	195	198	202	205	211	215	217	219	222	225	230	235	/
3A_NB	13	a	183	187	190	194	198	202	206	210	214	220	224	227	229	232	236	240	245	250
3A_NB	13	d	184	188	191	196	199	204	208	212	215	221	225	228	230	233	237	242	247	/
3A_NB	14	a	199	203	206	210	215	220	225	228	232	238	242	245	247	252	257	261	264	268
3A_NB	14	d	200	204	207	212	217	222	227	230	233	239	243	246	249	254	259	262	265	/
3A_NB	15	a	210	213	217	222	227	232	236	239	244	250	255	258	261	266	269	273	276	280
3A_NB	15	d	211	215	219	224	229	234	238	241	246	252	257	260	263	267	271	274	278	/
3A_NB	16	a	223	226	231	236	240	245	249	251	255	261	264	266	268	272	276	279	282	285
3A_NB	16	d	224	228	233	238	242	247	250	252	256	262	265	267	270	273	277	280	283	/
3A_NB	17	a	231	234	238	242	245	250	254	257	260	266	269	273	277	281	286	289	292	296
3A_NB	17	d	232	235	239	243	247	252	255	258	261	267	271	275	279	283	287	290	293	/
3A_NB	18	a	236	239	243	248	251	256	259	263	266	273	276	279	283	286	290	294	297	302
3A_NB	18	d	237	240	245	249	253	257	261	264	268	274	277	281	284	288	292	295	299	/
3A_NB	19	a	244	247	252	256	260	265	269	272	276	282	285	288	291	295	299	303	307	311
3A_NB	19	d	245	249	253	257	262	267	271	274	277	283	286	289	292	297	301	305	309	/
3A_NB	20	a	273	276	280	283	287	292	295	299	304	309	313	316	319	322	325	328	331	335
3A_NB	20	d	274	277	281	285	289	293	297	301	305	310	314	317	320	323	326	329	332	/
3A_NB	21	a	290	293	298	303	307	311	316	318	322	327	331	334	336	339	343	347	351	355
3A_NB	21	d	291	295	300	305	308	313	317	319	323	328	332	335	337	340	344	349	353	/
3A_NB	22	a	306	310	315	320	323	327	332	336	341	346	350	353	356	359	362	365	369	373
3A_NB	22	d	307	312	317	321	325	329	334	338	342	347	351	354	357	360	363	366	370	/
3A_NB	23	a	330	333	337	341	345	349	353	356	360	365	369	372	374	377	381	385	388	392
3A_NB	23	d	331	335	338	343	347	351	354	358	361	366	370	373	375	379	383	386	390	/
3A_NB	24	a	338	341	345	349	353	357	360	362	365	370	374	377	381	385	389	392	395	398
3A_NB	24	d	339	343	347	351	355	358	361	363	366	371	376	379	383	387	390	393	396	/
3A_NB	25	a	347	350	354	357	361	365	368	371	375	380	383	385	388	391	394	397	400	403
3A_NB	25	d	348	351	355	359	363	366	370	373	376	381	384	386	389	392	395	398	401	/
3A_NB	26	a	354	357	362	365	368	372	375	377	381	387	390	394	396	400	404	408	411	415
3A_NB	26	d	355	359	363	366	370	373	376	379	383	388	392	395	398	402	405	409	412	/
3A_NB	27	a	362	366	369	373	376	381	386	389	394	400	403	406	408	411	414	418	421	425
3A_NB	27	d	363	367	371	374	378	383	388	391	395	401	405	407	409	412	415	419	422	/
3A_NB	28	a	387	390	394	399	403	408	412	416	421	427	431	433	435	439	442	446	450	453
3A_NB	28	d	388	392	396	401	405	410	414	418	422	428	432	434	436	440	443	447	451	/
3A_NB	29	a	413	417	421	426	429	433	436	438	442	448	451	453	455	458	461	465	469	473
3A_NB	29	d	414	419	423	427	430	434	437	439	443	449	452	454	456	459	462	466	470	/
3A_NB	30	a	420	424	428	432	436	439	444	447	451	457	461	463	465	468	472	476	481	485
3A_NB	30	d	421	425	429	434	437	441	446	448	452	458	462	464	466	469	473	478	482	/
3A_NB	31	a	450	453	457	461	465	469	473	476	480	485	488	490	492	497	501	504	508	512
3A_NB	31	d	451	454	458	463	467	471	475	478	481	486	489	491	494	498	502	505	509	/
3A_NB	32	a	455	458	463	468	472	476	479	482	487	492	495	497	500	503	507	511	515	519
3A_NB	32	d	456	460	465	469	474	477	481	484	488	493	496	498	501	504	509	513	517	/
3A_NB	33	a	463	466	470	474	479	484	488	490	495	501	506	508	512	516	520	523	526	529
3A_NB	33	d	464	468	471	476	481	486	489	492	496	503	507	510	514	518	521	524	527	/
3A_NB	34	a	483	486	490	495	498	503	507	509	513	519	522	525	528	532	535	539	543	547
3A_NB	34	d	484	487	492	496	500	505	508	511	514	520	523	526	530	533	536	540	544	/
3A_NB	35	a	490	493	497	501	504	509	513	515	519	525	528	530	534	537	540	544	549	553
3A_NB	35	d	491	494	499	502	506	511	514	517	520	526	529	532	535	538	541	546	550	/
3A_NB	36	a	508	511	516	521	526	530	534	537	541	546	550	553	555	559	563	567	571	575
3A_NB	36	d	509	513	518	523	527	532	535	538	542	547	551	554	556	560	564	568	572	/
3A_NB	37	a	514	518	522	527	531	536	539	541	546	551	555	557	560	564	568	572	576	580
3A_NB	37	d	515	519	524	529	533	537	540	543	547	552	556	559	561	565	569	573	577	/
3A_NB	38	a	523	527	531	535	538	542	545	547	551	556	560	562	565	570	574	577	581	585
3A_NB	38	d	524	528	532	536	540	543	546	548	552	557	561	564	567	571	575	578	582	/
3A_NB	39	a	528	532	536	540	544	547	550	552	556	562	566	568	570	574	579	582	586	590
3A_NB	39	d	529	533	537	541	545	548	551	553	557	563	567	569	572	576	580	583	587	/
3A_NB	40	a	533	537	541	545	550	553	556	559	562	568	572	574	576	579	584	588	592	597
3A_NB	40	d	534	538	542	547	551	554	558	560	563	569	573	575	577	581	585	589	594	/
3A_NB	41	a	540	543	547	552	556	559	563	565	569	575	579	581	583	586	589	594	599	604
3A_NB	41	d	541	545	549	553	557	561	564	567	570	576	580	582	584	587	591	596	601	/
3A_NB	42	a	553	556	560	565	569	573	577	579	582	588	592	595	598	603	608	612	617	622
3A_NB	42	d	554	557	562	566	571	574	578	580	583	589	593	597	600	605	609	614	619	/
3A_NB	43	a	566	569	572	576	580	583	587	589	592	598	602	604	607	612	616	620	624	628
3A_NB	43	d	567	570	573	577	581	585	588	590	593	600	603	605	609	613	618	622	625	/
3A_NB	44	a	582	586	589	594	599	603	607	610	615	621	625	627	630	634	639	642	645	648
3A_NB	44	d	583	587	591	596	600	605	609	612	616	623	626	628	632	636	640	643	646	/
3A_NB	45	a	591	595	598	602	606	610	613	616	620	627	630	633	636	640	645	649	652	655
3A_NB	45	d	592	596	599	604	607	611	615	617	622	628	631	635	638	642	646	650	653	/
3A_NB	46	a	618	622	625	630	633	638	642	644	647	652	656	658	660	664	669	673	678	682
3A_NB	46	d	619	623	627	631	635	640	643	645	648	654	657	659	662	666	670	675	679	/
3A_NB	47	a	627	631	635	639	642	647	651	655	658	663	667	669	672	676	680	684	689	694
3A_NB	47	d	628	633	636	640	644	649	653	656	659	664	668	671	674	677	682	686	691	/
3A_NB	48	a	638	641	645	649	654	657	660	662	666	671	675	677	680	685	690	693	696	701
3A_NB	48	d	639	643	646	651	655	658	661	663	667	672	676	679	682	687	691	694	698	/
3A_NB	49	a	649	652	655	659	663	668	672	675	680	686	689	693	695	698	701	704	709	714
3A_NB	49	d	650	653	656	660	665	670	674	677	681	687	691	694	696	699	702	706	711	/
3A_NB	50	a	657	660	664	668	673	677	680	683	688	694	697	700	702	706	710	714	718	722
3A_NB	50	d	658	662	666	670	674	678	682	685	689	695	698	701	704	708	712	715	719	/
3A_NB	51	a	674	678	681	686	690	693	697	701	706	713	717	720	723	727	731	734	738	743
3A_NB	51	d	675	679	683	687	691	695	699	703	707	715	718	722	725	728	732	736	740	/
3A_NB	52	a	697	701	705	710	714	719	724	727	731	738	742	744	746	751	756	759	763	767
3A_NB	52	d	698	703	707	712	716	721	726	728	733	740	743	745	748	753	757	761	764	/
3A_NB	53	a	720	724	729	733	736	739	743	746	750	757	760	764	767	772	776	780	783	788
3A_NB	53	d	721	726	730	734	737	741	745	748	752	758	762	766	769	774	778	781	785	/
3A_NB	54	a	738	742	746	750	754	759	763	766	771	776	781	784	786	791	796	800	804	808
3A_NB	54	d	739	743	747	751	756	761	765	768	772	778	782	785	788	793	798	802	805	/
3A_NB	55	a	767	771	774	779	783	787	792	794	798	803	807	811	814	818	822	826	829	834
3A_NB	55	d	768	772	776	781	784	789	793	795	799	804	809	812	815	819	824	827	831	/
3A_NB	56	a	795	799	802	807	811	815	819	821	824	831	836	840	843	846	849	853	856	860
3A_NB	56	d	796	800	804	809	812	817	820	822	826	833	838	842	844	847	850	854	857	/
3A_NB	57	a	813	817	821	826	830	834	837	840	844	849	854	858	860	864	869	873	877	882
3A_NB	57	d	814	818	823	828	831	835	839	841	845	851	856	859	862	866	871	875	879	/
3A_NB	58	a	842	846	850	854	858	862	866	868	872	877	882	885	888	892	895	899	904	908
3A_NB	58	d	843	847	851	856	859	864	867	870	873	879	884	886	889	893	896	901	905	/
3A_NB	59	a	849	853	858	862	866	870	874	877	881	886	890	894	897	901	904	908	912	917
3A_NB	59	d	850	855	860	864	867	872	876	879	882	887	892	895	898	902	906	909	914	/
3A_NB	60	a	874	877	882	886	890	895	899	901	906	911	915	919	922	927	932	935	938	943
3A_NB	60	d	875	879	883	888	892	897	900	903	907	912	917	921	924	929	933	936	940	/
3A_NB	61	a	887	890	895	898	902	906	911	913	917	923	927	931	934	939	943	946	950	954
3A_NB	61	d	888	892	896	900	903	908	912	914	919	924	929	933	936	941	944	947	951	/
3A_NB	62	a	905	908	913	917	920	924	927	930	934	941	944	947	950	954	959	962	965	969
3A_NB	62	d	906	910	914	918	921	925	928	932	936	942	946	948	952	956	960	963	966	/
3A_NB	63	a	929	933	937	942	945	949	953	956	961	966	969	972	976	979	984	987	991	994
3A_NB	63	d	930	934	939	943	947	951	955	958	962	967	971	974	977	981	985	988	992	/
3A_NB	64	a	955	959	962	967	971	975	978	982	987	992	997	1000	1002	1006	1010	1015	1019	1023
3A_NB	64	d	956	960	964	969	973	976	980	984	988	994	999	1001	1004	1007	1012	1017	1020	/
