RouteID	RunID	Arrivals/Departures	TimePerStop
1A_SB	1	a	12	18	27	30	33	40	42	48	53	58	61	64	69	79	86	89
1A_SB	1	d	13	19	28	31	35	41	44	50	55	59	62	66	70	80	87	/
1A_SB	2	a	21	27	37	40	44	50	52	56	60	64	68	71	75	84	92	96
1A_SB	2	d	22	29	39	42	45	51	53	57	62	65	69	72	76	86	94	/
1A_SB	3	a	38	43	51	54	58	64	66	71	75	78	81	84	88	97	103	108
1A_SB	3	d	39	44	53	56	59	65	67	72	76	79	82	86	90	99	105	/
1A_SB	4	a	52	57	65	68	71	77	81	85	88	93	97	101	105	112	116	120
1A_SB	4	d	53	58	67	69	73	79	82	86	90	94	98	103	106	113	117	/
1A_SB	5	a	61	67	75	78	82	89	91	96	100	105	109	113	117	124	130	135
1A_SB	5	d	63	68	77	79	84	90	92	97	102	106	111	115	118	126	132	/
1A_SB	6	a	76	83	93	95	98	104	107	111	114	119	122	125	128	136	141	146
1A_SB	6	d	78	84	94	96	99	106	108	112	116	120	123	126	130	138	143	/
1A_SB	7	a	84	91	99	101	104	111	114	119	124	128	132	136	140	148	152	157
1A_SB	7	d	86	92	100	102	106	113	116	121	126	130	134	138	141	149	154	/
1A_SB	8	a	107	112	119	121	125	132	135	139	143	148	151	155	159	169	173	178
1A_SB	8	d	109	113	120	122	127	134	136	141	145	149	152	157	161	170	175	/
1A_SB	9	a	118	124	132	135	139	146	150	155	159	162	165	169	172	179	184	189
1A_SB	9	d	120	126	134	137	141	148	152	156	160	163	166	170	173	180	186	/
1A_SB	10	a	128	134	144	146	150	156	159	164	168	172	176	180	184	193	199	204
1A_SB	10	d	130	136	145	148	152	158	161	166	170	173	177	181	185	195	201	/
1A_SB	11	a	134	139	149	152	157	162	165	170	173	177	182	187	192	202	208	213
1A_SB	11	d	135	141	150	154	158	164	167	171	175	179	184	189	194	204	210	/
1A_SB	12	a	160	166	175	179	182	187	189	194	197	201	205	209	214	225	230	235
1A_SB	12	d	161	167	177	180	183	188	190	195	199	202	207	210	216	226	232	/
1A_SB	13	a	166	171	180	183	187	192	194	198	202	206	211	215	220	230	236	241
1A_SB	13	d	167	172	182	185	188	193	195	200	204	208	213	216	221	232	238	/
1A_SB	14	a	176	181	192	195	198	204	207	212	216	220	224	228	232	243	247	250
1A_SB	14	d	177	183	194	196	200	206	209	214	217	222	226	229	233	244	248	/
1A_SB	15	a	185	190	201	204	207	212	215	219	222	227	232	235	240	247	252	255
1A_SB	15	d	186	192	202	205	208	213	216	220	224	229	233	237	241	249	253	/
1A_SB	16	a	204	210	220	222	225	231	234	239	243	246	251	254	257	266	271	276
1A_SB	16	d	205	212	221	223	227	232	235	240	244	248	252	255	258	268	273	/
1A_NB	1	a	14	18	26	35	42	46	50	54	59	64	67	72	76	81	90	98
1A_NB	1	d	15	20	28	37	43	47	51	56	60	65	68	74	78	82	92	/
1A_NB	2	a	41	46	52	60	68	72	78	82	85	90	93	98	102	107	113	120
1A_NB	2	d	42	47	54	62	69	74	80	83	86	91	95	100	104	108	114	/
1A_NB	3	a	66	71	77	86	91	95	99	102	105	111	115	119	122	126	134	142
1A_NB	3	d	67	73	79	87	92	97	100	103	107	112	116	120	123	128	136	/
1A_NB	4	a	78	82	87	96	100	104	108	112	117	122	125	131	135	139	147	154
1A_NB	4	d	79	83	89	97	101	105	110	114	118	123	127	133	136	141	148	/
1A_NB	5	a	92	96	102	108	113	118	122	125	128	134	137	141	145	149	156	163
1A_NB	5	d	93	98	103	109	115	119	123	126	129	135	138	143	146	150	158	/
1A_NB	6	a	98	102	107	115	121	126	131	134	139	146	150	155	157	161	168	173
1A_NB	6	d	99	103	109	117	123	128	132	136	141	148	152	156	158	162	169	/
1A_NB	7	a	126	130	137	144	148	152	155	158	161	167	170	175	178	183	192	199
1A_NB	7	d	127	131	138	145	150	153	156	159	162	168	171	177	180	184	194	/
1A_NB	8	a	141	146	152	158	163	168	173	177	181	186	190	195	198	202	212	217
1A_NB	8	d	142	147	153	159	165	170	175	178	182	187	192	197	199	203	213	/
1A_NB	9	a	166	170	176	184	189	193	198	203	207	213	217	223	225	230	239	245
1A_NB	9	d	167	171	178	185	191	194	200	204	209	214	219	224	227	231	241	/
1A_NB	10	a	180	185	190	198	204	208	213	217	221	227	230	235	237	242	250	256
1A_NB	10	d	181	186	192	200	205	210	214	218	222	228	232	236	239	243	252	/
1A_NB	11	a	208	212	219	227	232	237	241	244	249	255	259	264	267	271	277	282
1A_NB	11	d	209	213	221	228	233	238	242	246	251	257	261	266	268	272	278	/
1A_NB	12	a	214	219	226	235	240	245	249	252	257	262	266	271	273	278	285	291
1A_NB	12	d	215	220	228	236	242	246	250	254	258	264	268	272	275	280	286	/
1A_NB	13	a	237	242	249	257	262	266	270	274	278	283	287	292	295	299	307	313
1A_NB	13	d	238	244	250	258	263	267	271	276	280	285	288	294	296	300	308	/
1A_NB	14	a	262	266	272	279	286	290	293	296	301	306	310	315	317	321	329	335
1A_NB	14	d	263	268	273	281	287	291	294	298	302	308	311	316	319	323	330	/
1A_NB	15	a	282	286	292	301	306	310	314	319	323	327	330	335	337	340	347	352
1A_NB	15	d	283	288	294	302	308	312	316	320	324	328	331	336	338	341	348	/
1A_NB	16	a	297	301	307	317	322	326	330	334	337	343	347	352	355	360	369	375
1A_NB	16	d	298	303	308	319	323	328	331	335	339	345	348	354	357	362	371	/
2A_NB	1	a	24	27	34	37	40	44	51	55	59	65	70	76	78	81	85	91	96	100	104	109	118	123
2A_NB	1	d	25	29	35	38	41	46	53	57	60	67	71	77	80	83	86	93	97	101	106	110	120	/
2A_NB	2	a	39	42	48	52	55	59	65	69	73	79	84	90	93	96	100	107	111	114	117	121	131	136
2A_NB	2	d	40	43	50	54	57	60	67	71	74	81	86	91	95	97	102	108	112	115	118	122	133	/
2A_NB	3	a	51	54	61	64	68	72	78	83	86	93	96	103	106	109	113	119	123	126	131	135	144	148
2A_NB	3	d	52	56	62	66	70	73	80	84	87	94	98	104	107	111	114	120	124	128	132	137	146	/
2A_NB	4	a	59	62	68	72	75	79	86	91	94	103	108	115	118	121	125	131	136	139	142	145	154	158
2A_NB	4	d	60	64	70	73	77	80	88	92	96	105	109	116	119	123	126	133	137	140	143	147	156	/
2A_NB	5	a	79	83	90	94	98	101	107	112	117	126	130	138	141	145	149	154	158	161	165	169	177	181
2A_NB	5	d	80	84	92	96	99	103	109	114	118	128	131	139	143	146	150	155	159	163	166	171	179	/
2A_NB	6	a	93	96	102	105	108	111	118	122	125	135	139	145	148	151	155	160	165	170	173	178	185	189
2A_NB	6	d	94	97	103	106	109	113	120	123	127	137	140	146	149	153	156	162	167	171	175	179	186	/
2A_NB	7	a	99	102	108	112	115	118	125	129	133	142	145	152	156	159	163	171	176	181	185	188	197	200
2A_NB	7	d	100	103	110	113	116	120	127	131	134	143	147	154	158	161	165	173	178	183	186	190	198	/
2A_NB	8	a	115	118	124	128	131	135	140	144	147	155	159	167	170	174	178	185	189	193	197	201	209	213
2A_NB	8	d	116	119	126	130	133	136	142	145	149	156	161	169	172	175	179	186	190	195	198	202	210	/
2A_NB	9	a	139	142	148	151	153	157	163	167	171	178	182	188	190	193	198	204	208	212	215	218	227	232
2A_NB	9	d	140	144	150	152	155	158	164	169	173	179	184	189	192	195	199	206	210	213	216	219	229	/
2A_NB	10	a	149	153	159	162	165	169	176	180	183	191	196	201	204	208	212	219	223	227	232	237	245	249
2A_NB	10	d	150	154	161	164	167	171	177	181	185	193	197	202	206	209	214	221	225	229	234	239	247	/
2A_NB	11	a	171	174	180	184	186	190	196	201	205	214	219	226	230	232	236	242	247	251	256	260	267	270
2A_NB	11	d	172	176	182	185	188	192	198	203	207	216	221	228	231	233	237	244	249	253	257	261	268	/
2A_NB	12	a	187	190	196	199	201	206	212	216	221	229	233	240	242	246	251	257	261	265	269	273	282	286
2A_NB	12	d	188	192	197	200	203	207	214	218	223	231	235	241	244	248	253	258	263	267	271	275	283	/
2A_NB	13	a	209	212	219	223	226	231	238	242	246	255	258	266	269	272	276	282	285	288	291	295	301	307
2A_NB	13	d	210	214	221	225	228	233	240	243	248	256	260	267	270	274	278	283	286	289	292	296	303	/
2A_NB	14	a	226	230	236	239	243	247	254	257	261	269	274	280	283	286	289	296	301	305	309	313	321	324
2A_NB	14	d	227	232	238	241	245	248	255	259	262	271	275	282	284	287	291	298	303	307	310	315	322	/
2A_NB	15	a	243	247	253	257	260	264	271	276	280	287	291	296	298	300	304	310	315	319	323	328	338	343
2A_NB	15	d	244	249	255	258	261	265	273	277	281	288	292	297	299	301	305	312	316	321	325	330	340	/
2A_NB	16	a	272	276	283	286	288	292	300	305	309	315	319	325	327	330	333	339	343	348	351	355	364	368
2A_NB	16	d	273	278	285	287	290	294	301	306	310	317	320	326	328	331	334	340	345	349	352	356	365	/
2A_SB	1	a	18	20	28	33	37	39	44	51	55	59	64	67	73	78	85	88	91	98	101	105	109	113	123	130
2A_SB	1	d	19	22	30	35	38	41	45	53	57	61	65	68	75	79	86	89	92	99	102	106	110	114	125	/
2A_SB	2	a	27	29	36	40	44	47	50	57	61	65	70	73	79	84	92	96	100	107	111	115	119	122	131	137
2A_SB	2	d	28	31	37	42	45	48	51	59	63	67	71	74	81	86	93	98	101	109	112	116	120	123	132	/
2A_SB	3	a	52	55	61	64	68	70	73	79	81	84	88	91	97	100	106	109	114	122	126	131	135	139	151	157
2A_SB	3	d	53	56	62	66	69	71	74	80	82	85	89	93	98	101	107	111	115	124	128	132	136	141	153	/
2A_SB	4	a	61	64	71	74	77	81	85	91	95	98	102	106	112	117	125	129	132	138	141	145	149	153	162	168
2A_SB	4	d	62	65	72	75	79	83	86	93	96	100	103	108	114	119	127	130	133	139	142	146	150	154	164	/
2A_SB	5	a	80	82	88	92	95	97	101	108	111	114	117	120	126	129	136	141	145	150	153	156	160	164	175	180
2A_SB	5	d	81	83	89	93	96	98	102	109	112	115	118	121	127	130	138	142	146	151	154	157	161	165	176	/
2A_SB	6	a	91	95	101	105	108	111	114	121	124	127	131	134	140	144	150	154	159	165	167	171	175	178	189	195
2A_SB	6	d	93	96	102	106	109	112	115	122	125	129	132	135	141	146	152	156	160	166	168	172	176	179	191	/
2A_SB	7	a	102	106	114	118	123	126	129	134	138	142	146	150	157	161	169	173	176	181	183	186	189	193	206	211
2A_SB	7	d	104	108	116	120	125	127	130	136	140	144	148	152	159	163	171	174	177	182	184	187	190	194	207	/
2A_SB	8	a	121	124	132	136	140	143	147	152	154	157	160	163	169	173	180	184	189	195	198	202	206	209	220	225
2A_SB	8	d	123	126	133	137	142	145	148	153	155	158	161	164	171	175	182	186	190	196	199	203	207	211	221	/
2A_SB	9	a	127	130	137	142	147	150	155	162	165	169	173	176	181	184	190	193	197	202	205	209	212	216	227	234
2A_SB	9	d	129	131	139	144	149	152	157	164	167	170	174	177	182	185	191	195	198	203	206	210	214	218	229	/
2A_SB	10	a	141	144	150	154	158	161	165	172	175	178	182	185	191	194	199	202	205	210	212	216	220	224	238	245
2A_SB	10	d	143	145	151	155	159	162	166	173	176	179	183	186	192	195	200	203	206	211	214	218	222	226	240	/
2A_SB	11	a	151	154	161	166	169	171	175	182	185	189	192	195	200	203	208	211	215	221	223	226	229	233	246	252
2A_SB	11	d	152	155	163	167	170	172	176	183	186	190	193	196	201	204	209	212	216	222	224	227	230	234	247	/
2A_SB	12	a	162	165	173	178	183	185	189	195	198	202	205	208	213	217	222	226	231	238	242	245	249	253	265	270
2A_SB	12	d	163	167	175	180	184	186	190	196	199	203	206	209	214	218	224	228	233	240	243	246	250	254	266	/
2A_SB	13	a	187	189	196	200	204	207	210	217	221	226	231	235	242	245	252	257	261	267	271	275	278	283	294	301
2A_SB	13	d	188	191	197	201	206	208	212	219	223	228	232	237	243	247	254	258	262	269	273	276	280	284	295	/
2A_SB	14	a	214	216	225	229	232	236	241	247	250	254	259	262	268	272	277	281	286	292	295	299	303	307	320	325
2A_SB	14	d	215	218	226	230	234	238	242	248	251	256	260	264	269	273	278	283	287	293	297	300	305	308	321	/
2A_SB	15	a	226	229	237	241	246	249	253	261	264	268	273	276	281	285	291	295	300	307	311	315	320	323	335	341
2A_SB	15	d	227	231	238	243	247	251	255	262	266	270	274	278	282	287	292	297	302	309	313	317	321	325	336	/
2A_SB	16	a	235	238	245	249	254	256	259	267	271	276	281	285	291	295	301	305	310	317	321	325	329	332	346	351
2A_SB	16	d	236	239	246	251	255	257	261	269	273	278	283	287	292	297	302	306	312	319	323	326	330	334	347	/
3A_SB	1	a	8	14	23	27	31	36	40	43	47	50	52	54	59	62	67	72	75	79
3A_SB	1	d	9	16	25	28	33	38	41	45	48	51	53	56	60	64	69	73	77	/
3A_SB	2	a	35	41	47	51	54	59	61	64	67	72	75	77	80	83	86	90	93	97
3A_SB	2	d	36	42	49	52	56	60	62	65	69	73	76	78	81	84	88	91	95	/
3A_SB	3	a	43	49	54	58	61	65	67	70	74	78	81	83	86	89	93	97	100	103
3A_SB	3	d	44	50	56	59	62	66	68	72	75	79	82	84	87	90	94	98	101	/
3A_SB	4	a	61	66	72	75	79	82	84	87	91	96	98	101	104	108	112	116	119	122
3A_SB	4	d	62	68	73	77	80	83	86	88	93	97	99	102	105	109	113	117	120	/
3A_SB	5	a	67	72	78	82	85	88	90	92	97	101	103	106	110	114	118	122	125	129
3A_SB	5	d	68	74	79	83	86	89	91	94	98	102	105	107	111	115	120	123	127	/
3A_SB	6	a	75	79	85	90	94	98	101	103	107	111	113	115	119	122	125	128	132	136
3A_SB	6	d	76	80	87	91	95	100	102	104	108	112	114	116	120	123	126	130	134	/
3A_SB	7	a	85	89	96	101	105	108	110	113	116	120	122	125	128	131	134	138	141	145
3A_SB	7	d	86	90	98	102	106	109	111	114	117	121	123	126	129	132	135	139	142	/
3A_SB	8	a	90	95	102	106	110	113	115	118	121	125	127	130	133	136	140	144	148	152
3A_SB	8	d	91	96	103	107	111	114	116	119	122	126	128	131	134	137	141	146	150	/
3A_SB	9	a	100	105	111	115	119	123	126	129	133	138	140	143	147	150	155	159	163	167
3A_SB	9	d	101	106	113	116	120	124	128	131	135	139	141	144	148	152	157	161	165	/
3A_SB	10	a	126	132	139	143	147	151	155	158	163	168	170	173	177	180	184	187	191	194
3A_SB	10	d	127	133	141	144	149	153	157	160	165	169	171	174	178	181	185	188	192	/
3A_SB	11	a	139	144	151	155	160	164	168	171	176	181	183	185	188	191	195	198	201	205
3A_SB	11	d	140	146	153	157	162	166	170	173	178	182	184	186	189	192	196	199	202	/
3A_SB	12	a	153	157	164	169	172	175	178	180	185	191	193	195	199	203	206	210	213	217
3A_SB	12	d	154	159	166	170	173	176	179	182	187	192	194	196	200	204	208	211	215	/
3A_SB	13	a	158	162	169	174	178	182	186	190	195	200	202	204	208	212	215	218	221	224
3A_SB	13	d	159	164	171	176	180	184	188	192	197	201	203	205	209	213	216	219	222	/
3A_SB	14	a	182	187	194	199	202	206	209	212	215	218	220	222	225	229	232	236	239	243
3A_SB	14	d	183	189	196	200	203	207	210	213	216	219	221	223	226	230	233	237	241	/
3A_SB	15	a	200	204	209	214	219	224	227	230	234	238	240	244	249	253	258	262	266	270
3A_SB	15	d	201	206	211	216	221	226	229	232	236	239	242	246	251	255	260	263	268	/
3A_SB	16	a	210	216	221	225	228	232	235	238	243	246	249	252	256	259	264	268	272	277
3A_SB	16	d	211	217	222	226	229	234	237	240	244	248	250	253	257	261	266	270	274	/
3A_NB	1	a	25	29	32	36	38	43	47	51	55	59	63	68	73	77	82	86	92	98	103
3A_NB	1	d	26	30	34	37	40	45	48	52	57	61	65	70	75	79	84	88	94	99	/
3A_NB	2	a	49	53	58	61	65	68	72	76	80	84	86	91	95	99	103	106	111	115	120
3A_NB	2	d	50	55	60	63	66	70	73	78	82	85	88	92	97	101	105	108	112	116	/
3A_NB	3	a	57	61	66	68	72	76	80	84	88	93	97	102	106	109	113	115	120	125	131
3A_NB	3	d	58	63	67	70	74	78	82	86	90	95	98	103	107	111	114	117	121	126	/
3A_NB	4	a	87	90	93	96	99	103	107	111	116	119	121	125	129	133	138	141	146	153	159
3A_NB	4	d	88	91	95	97	101	105	108	113	117	120	122	126	130	135	139	142	148	155	/
3A_NB	5	a	100	103	107	110	114	117	120	124	128	132	134	139	143	146	151	154	161	167	174
3A_NB	5	d	101	105	109	112	115	118	121	125	129	133	136	140	144	148	153	156	163	169	/
3A_NB	6	a	115	119	122	125	129	132	136	140	143	148	150	156	159	163	167	171	176	181	186
3A_NB	6	d	116	120	124	127	130	133	137	141	145	149	152	157	160	165	169	173	177	182	/
3A_NB	7	a	140	144	148	150	153	158	162	167	171	175	177	182	185	189	193	195	199	203	209
3A_NB	7	d	141	146	149	152	155	159	164	169	173	176	178	183	186	191	194	196	200	204	/
3A_NB	8	a	148	152	156	159	162	166	169	174	178	183	186	191	194	198	201	204	208	214	221
3A_NB	8	d	149	154	158	161	163	167	171	176	180	184	187	192	195	199	203	205	210	215	/
3A_NB	9	a	162	165	170	172	176	180	184	189	193	197	199	206	209	212	215	218	223	229	234
3A_NB	9	d	163	167	171	174	178	181	186	191	195	198	201	207	210	213	217	219	225	230	/
3A_NB	10	a	173	176	181	184	187	191	196	200	203	206	209	214	217	220	223	225	231	237	243
3A_NB	10	d	174	178	183	186	189	193	197	201	204	208	210	215	218	221	224	227	233	239	/
3A_NB	11	a	186	189	194	197	199	203	207	211	215	220	222	227	230	233	237	241	246	253	260
3A_NB	11	d	187	190	196	198	201	204	208	213	217	221	223	228	231	234	239	243	248	255	/
3A_NB	12	a	212	216	221	225	229	232	236	241	244	247	250	255	258	262	265	268	272	278	283
3A_NB	12	d	213	218	223	227	230	234	238	242	245	248	251	256	259	263	266	269	274	279	/
3A_NB	13	a	225	229	233	236	240	244	248	252	256	261	264	270	274	277	280	283	288	294	300
3A_NB	13	d	226	231	234	238	242	246	249	254	258	263	266	271	275	278	281	285	289	295	/
3A_NB	14	a	242	246	249	251	254	259	262	266	270	274	276	280	284	289	292	296	300	305	310
3A_NB	14	d	243	247	250	252	256	260	264	268	271	275	277	281	286	290	294	297	301	306	/
3A_NB	15	a	251	255	259	261	265	270	275	279	284	287	289	294	299	304	308	310	315	321	327
3A_NB	15	d	252	256	260	263	267	272	276	281	285	288	291	296	301	305	309	312	317	323	/
3A_NB	16	a	276	279	283	286	289	294	298	302	306	310	312	316	320	325	329	333	337	342	346
3A_NB	16	d	277	280	285	287	291	295	299	304	307	311	313	317	322	326	331	335	338	343	/
