RouteID	RunID	Arrivals/Departures	TimePerStop
1A_SB	1	a	4	8	12	22	25	29	35	39	43	46	49	53	63	68	75
1A_SB	1	d	5	9	14	23	26	31	36	40	44	47	50	54	65	69	/
1A_SB	2	a	24	28	32	41	45	48	54	58	63	67	71	74	85	90	98
1A_SB	2	d	25	29	34	43	46	49	56	60	64	68	72	76	87	92	/
1A_SB	3	a	53	58	62	71	74	78	83	86	90	93	97	100	110	114	121
1A_SB	3	d	55	59	64	72	75	79	84	87	91	94	98	101	111	115	/
1A_SB	4	a	78	82	86	94	98	101	107	111	116	120	124	128	139	143	149
1A_SB	4	d	80	83	87	95	99	103	109	113	118	121	126	129	141	144	/
1A_SB	5	a	86	90	94	104	107	112	118	122	126	129	133	136	146	149	155
1A_SB	5	d	88	91	96	105	109	113	120	124	127	130	134	138	147	150	/
1A_SB	6	a	99	104	109	118	121	125	130	133	136	139	143	147	157	162	168
1A_SB	6	d	101	106	111	119	123	126	131	134	137	140	144	149	159	163	/
1A_SB	7	a	116	121	126	134	138	143	148	153	156	159	163	166	177	180	189
1A_SB	7	d	118	123	127	135	140	144	150	154	157	161	164	167	178	182	/
1A_SB	8	a	130	134	139	149	153	156	162	166	169	172	176	180	190	194	201
1A_SB	8	d	132	136	141	150	154	157	163	167	170	173	178	181	192	195	/
1A_SB	9	a	142	146	150	160	164	167	173	177	181	186	189	192	202	205	213
1A_SB	9	d	144	147	151	161	165	168	175	179	183	187	190	193	203	207	/
1A_SB	10	a	147	151	155	166	170	173	179	183	187	192	195	198	207	210	218
1A_SB	10	d	149	152	157	168	171	174	180	185	189	193	196	199	208	212	/
1A_SB	11	a	156	159	164	176	180	184	191	195	198	201	205	208	217	221	228
1A_SB	11	d	157	161	166	178	182	186	192	196	199	202	206	209	219	222	/
1A_SB	12	a	168	172	177	189	193	197	204	207	210	214	217	220	229	232	240
1A_SB	12	d	170	174	179	191	195	199	205	208	211	215	218	221	230	234	/
1A_SB	13	a	198	202	205	215	219	222	228	232	236	240	243	247	255	258	266
1A_SB	13	d	200	203	206	216	220	223	229	234	238	241	244	248	256	259	/
1A_SB	14	a	208	213	218	226	229	233	240	244	249	253	257	260	268	272	281
1A_SB	14	d	210	215	219	227	231	235	242	246	251	255	258	262	270	273	/
1A_SB	15	a	237	242	246	254	257	261	266	270	274	277	280	283	292	296	303
1A_SB	15	d	239	243	247	255	258	262	268	271	275	278	281	284	294	297	/
1A_SB	16	a	250	254	259	268	271	275	281	285	288	291	295	299	309	313	321
1A_SB	16	d	252	256	261	269	272	276	282	286	289	292	296	300	310	314	/
1A_SB	17	a	266	270	275	283	287	291	296	299	303	307	311	315	325	330	339
1A_SB	17	d	268	272	276	285	288	292	297	300	304	309	313	317	327	331	/
1A_SB	18	a	274	279	283	294	298	303	310	314	319	323	328	331	341	345	353
1A_SB	18	d	276	280	285	296	300	305	312	316	321	325	329	333	343	346	/
1A_SB	19	a	304	308	312	323	326	330	338	341	345	348	351	355	364	367	375
1A_SB	19	d	306	310	313	324	327	332	339	343	346	349	353	356	365	369	/
1A_SB	20	a	326	330	334	343	348	351	359	362	365	370	373	376	385	389	397
1A_SB	20	d	328	331	336	345	349	353	360	363	367	371	374	377	386	390	/
1A_SB	21	a	339	342	346	356	360	365	371	374	378	381	385	388	397	401	409
1A_SB	21	d	340	343	348	357	362	366	372	376	379	382	386	389	398	402	/
1A_SB	22	a	357	361	366	373	377	380	385	389	393	397	401	405	413	418	427
1A_SB	22	d	359	363	367	374	378	381	387	391	395	399	403	407	415	420	/
1A_SB	23	a	369	374	379	389	392	395	400	404	409	412	416	419	428	431	439
1A_SB	23	d	371	376	381	390	393	396	402	406	410	413	417	420	429	432	/
1A_SB	24	a	386	391	396	406	410	413	418	421	424	427	432	435	445	448	455
1A_SB	24	d	388	393	398	408	411	414	419	422	425	429	433	436	446	450	/
1A_SB	25	a	395	400	404	413	417	421	428	431	434	437	442	446	456	461	467
1A_SB	25	d	397	401	405	415	419	423	429	432	435	439	444	447	458	462	/
1A_SB	26	a	422	428	432	443	446	450	456	459	463	466	469	473	483	486	493
1A_SB	26	d	424	429	434	444	448	452	457	460	464	467	471	474	484	487	/
1A_SB	27	a	438	443	447	456	460	465	471	475	478	482	486	490	499	502	509
1A_SB	27	d	440	444	448	457	462	466	472	476	480	484	487	491	500	503	/
1A_SB	28	a	446	451	455	464	467	472	479	483	487	491	495	498	508	511	520
1A_SB	28	d	448	452	456	465	469	474	481	485	489	493	496	499	509	512	/
1A_SB	29	a	456	460	465	476	480	484	491	494	498	502	506	509	519	523	532
1A_SB	29	d	457	462	467	478	481	486	492	495	499	503	507	510	521	524	/
1A_SB	30	a	477	482	486	495	498	501	507	511	514	517	521	524	533	537	545
1A_SB	30	d	479	483	487	496	499	502	508	512	515	518	522	525	535	538	/
1A_SB	31	a	483	487	491	500	503	506	513	516	519	522	526	529	539	544	554
1A_SB	31	d	485	488	492	501	504	508	514	517	520	523	527	531	541	546	/
1A_SB	32	a	490	494	499	509	512	516	521	525	530	535	540	543	552	556	564
1A_SB	32	d	492	496	501	510	513	517	523	527	532	537	541	544	553	557	/
1A_SB	33	a	497	502	506	515	518	522	527	531	536	541	545	549	558	562	570
1A_SB	33	d	499	503	507	516	519	523	529	533	538	543	547	550	559	563	/
1A_SB	34	a	502	507	511	522	525	529	535	538	542	546	550	554	564	568	576
1A_SB	34	d	504	508	512	523	526	530	536	539	544	548	552	555	565	569	/
1A_SB	35	a	507	512	516	527	530	534	540	543	548	552	556	560	571	574	581
1A_SB	35	d	509	513	517	528	531	535	541	545	550	554	557	562	572	575	/
1A_SB	36	a	515	520	524	534	537	542	549	553	558	563	566	571	582	585	594
1A_SB	36	d	517	521	526	535	539	544	551	555	560	564	568	572	583	587	/
1A_SB	37	a	524	528	533	543	546	550	557	562	567	572	576	579	590	593	601
1A_SB	37	d	525	530	535	544	547	552	559	564	569	573	577	580	591	594	/
1A_SB	38	a	529	533	538	550	554	559	565	570	574	578	583	586	596	599	607
1A_SB	38	d	530	535	540	552	556	561	567	572	575	580	584	588	597	601	/
1A_SB	39	a	546	550	555	564	567	571	577	582	585	589	593	597	607	611	618
1A_SB	39	d	547	552	557	565	568	573	579	583	587	590	594	599	608	612	/
1A_SB	40	a	574	577	582	588	591	595	602	606	610	613	618	622	632	637	644
1A_SB	40	d	575	579	583	589	593	597	603	607	611	615	620	623	634	639	/
1A_SB	41	a	591	595	599	608	612	616	622	626	631	635	639	643	653	657	665
1A_SB	41	d	592	596	600	610	613	617	623	628	633	637	641	645	654	658	/
1A_SB	42	a	609	613	618	628	631	635	643	648	651	654	658	661	672	675	683
1A_SB	42	d	610	615	620	629	633	637	645	649	652	656	659	663	673	677	/
1A_SB	43	a	617	621	625	635	639	642	649	653	657	661	664	667	677	681	688
1A_SB	43	d	618	622	627	637	640	643	650	655	659	662	665	668	679	682	/
1A_SB	44	a	643	646	650	659	662	666	671	674	678	681	685	689	698	702	710
1A_SB	44	d	644	647	651	660	664	667	672	675	679	682	687	691	700	703	/
1A_SB	45	a	659	663	668	677	682	685	691	695	700	704	709	713	723	727	734
1A_SB	45	d	660	665	670	679	683	686	693	697	702	706	711	715	725	728	/
1A_SB	46	a	679	683	688	696	700	704	709	713	718	721	726	730	740	743	750
1A_SB	46	d	680	685	689	698	701	705	711	715	719	723	728	732	741	744	/
1A_SB	47	a	698	701	705	717	721	725	732	736	741	744	747	751	760	765	772
1A_SB	47	d	699	703	707	719	722	727	734	738	742	745	748	752	762	766	/
1A_SB	48	a	725	729	733	741	744	749	755	760	763	767	771	774	783	787	793
1A_SB	48	d	726	730	734	742	746	750	757	761	765	768	772	775	785	788	/
1A_SB	49	a	743	747	751	760	764	768	774	778	782	785	790	793	802	806	814
1A_SB	49	d	744	748	753	762	766	770	776	779	783	787	791	794	804	808	/
1A_SB	50	a	754	758	762	770	774	778	785	790	793	796	800	803	812	817	825
1A_SB	50	d	755	759	763	772	776	780	787	791	794	798	801	804	814	819	/
1A_SB	51	a	763	767	771	781	784	789	795	799	804	807	811	815	826	829	835
1A_SB	51	d	764	768	772	782	786	790	796	801	805	809	812	817	827	830	/
1A_SB	52	a	770	774	778	788	792	796	803	807	812	816	820	824	833	837	844
1A_SB	52	d	771	775	779	790	793	798	804	809	813	817	821	826	835	839	/
1A_SB	53	a	789	793	797	807	811	814	819	822	825	828	831	835	843	847	855
1A_SB	53	d	790	794	799	809	812	815	820	823	826	829	833	836	844	849	/
1A_SB	54	a	805	808	812	822	827	831	837	841	845	849	854	859	868	873	882
1A_SB	54	d	806	809	814	824	828	833	838	842	846	851	856	860	870	875	/
1A_SB	55	a	819	823	828	836	840	844	850	855	860	864	869	872	881	886	893
1A_SB	55	d	820	825	829	837	842	846	852	857	862	866	870	873	883	888	/
1A_SB	56	a	837	841	845	854	857	862	869	872	876	880	885	890	900	904	913
1A_SB	56	d	838	843	846	855	859	864	870	874	877	882	887	892	901	906	/
1A_SB	57	a	847	851	855	865	869	872	878	882	886	890	894	898	907	912	921
1A_SB	57	d	848	853	857	867	870	874	880	884	888	892	895	899	909	914	/
1A_SB	58	a	866	870	875	884	887	890	895	899	904	908	911	916	928	931	939
1A_SB	58	d	867	872	876	885	888	891	897	901	906	909	913	917	929	932	/
1A_SB	59	a	874	877	882	891	895	899	905	909	913	916	920	923	935	940	948
1A_SB	59	d	875	879	883	893	897	901	907	910	914	917	921	924	937	941	/
1A_SB	60	a	896	900	905	915	919	923	929	934	938	942	945	949	960	964	972
1A_SB	60	d	897	902	906	917	921	924	931	936	940	943	947	950	962	966	/
1A_SB	61	a	915	919	923	933	936	939	945	949	953	956	960	963	972	975	982
1A_SB	61	d	916	921	925	934	937	941	946	950	954	957	961	964	973	976	/
1A_SB	62	a	936	940	943	953	957	961	967	972	976	980	984	987	996	1001	1008
1A_SB	62	d	937	941	945	954	959	963	969	973	977	981	985	989	998	1002	/
1A_SB	63	a	957	961	966	976	980	983	988	992	997	1002	1006	1010	1021	1024	1032
1A_SB	63	d	958	963	968	978	981	984	989	994	999	1003	1008	1012	1022	1026	/
1A_SB	64	a	971	975	979	988	993	997	1003	1007	1011	1014	1019	1024	1032	1036	1043
1A_SB	64	d	972	976	981	990	995	998	1004	1008	1012	1016	1021	1025	1034	1037	/
1A_NB	1	a	11	19	23	33	39	44	49	53	56	61	65	69	78	81	84
1A_NB	1	d	12	20	25	35	41	46	50	54	57	62	67	71	79	82	/
1A_NB	2	a	36	46	49	60	65	69	74	77	80	86	89	94	104	108	112
1A_NB	2	d	37	47	50	61	66	71	75	78	81	87	91	95	105	109	/
1A_NB	3	a	53	62	67	78	83	87	91	96	101	108	111	116	125	129	133
1A_NB	3	d	54	64	69	80	85	88	93	98	103	109	113	118	126	130	/
1A_NB	4	a	64	74	78	86	90	93	97	102	107	113	117	122	130	134	138
1A_NB	4	d	66	75	79	87	91	94	99	104	108	115	119	123	131	135	/
1A_NB	5	a	76	87	92	100	105	108	111	115	119	124	128	133	142	145	150
1A_NB	5	d	78	89	93	102	106	109	112	117	120	126	130	135	143	147	/
1A_NB	6	a	84	95	98	107	113	116	120	124	128	133	136	141	150	154	158
1A_NB	6	d	86	96	100	109	114	118	121	126	129	134	138	143	152	155	/
1A_NB	7	a	96	105	109	121	126	130	134	139	143	149	152	156	166	170	175
1A_NB	7	d	98	107	111	122	127	131	136	140	144	150	154	158	167	172	/
1A_NB	8	a	110	121	126	136	142	145	149	154	158	164	168	172	180	184	188
1A_NB	8	d	112	123	128	138	143	146	151	155	160	165	170	173	182	185	/
1A_NB	9	a	135	146	149	157	163	167	172	175	179	185	190	194	203	208	213
1A_NB	9	d	137	147	150	159	164	169	173	177	180	187	192	196	205	210	/
1A_NB	10	a	157	167	171	180	185	188	192	196	200	207	210	213	221	224	229
1A_NB	10	d	159	168	172	181	186	189	193	197	201	208	211	215	222	226	/
1A_NB	11	a	170	180	184	192	197	201	205	210	213	220	223	226	234	238	243
1A_NB	11	d	172	181	185	193	199	203	207	211	215	221	224	227	236	240	/
1A_NB	12	a	180	188	192	201	207	210	215	219	222	228	231	234	242	245	249
1A_NB	12	d	182	189	194	203	208	212	216	220	223	229	232	235	243	246	/
1A_NB	13	a	197	207	211	221	227	231	235	240	244	250	253	257	266	269	273
1A_NB	13	d	199	208	212	223	229	232	237	241	246	251	254	259	267	270	/
1A_NB	14	a	204	214	217	228	235	239	243	247	251	256	259	263	271	275	279
1A_NB	14	d	206	215	219	230	237	240	244	248	252	257	261	264	272	276	/
1A_NB	15	a	209	221	225	236	242	246	251	255	259	264	267	270	279	283	287
1A_NB	15	d	211	223	227	237	244	248	252	256	260	265	268	272	280	284	/
1A_NB	16	a	215	227	231	242	248	251	256	261	266	271	275	279	288	291	295
1A_NB	16	d	217	229	233	244	249	253	258	263	267	273	277	281	289	292	/
1A_NB	17	a	235	245	249	260	266	270	273	277	281	287	291	295	303	307	311
1A_NB	17	d	237	247	251	262	268	271	274	278	283	289	293	296	304	309	/
1A_NB	18	a	251	260	264	274	280	283	286	290	294	300	304	307	317	321	325
1A_NB	18	d	253	262	266	276	281	284	287	292	295	302	305	308	318	322	/
1A_NB	19	a	277	287	290	301	307	310	314	318	322	328	331	336	343	347	351
1A_NB	19	d	279	288	291	302	308	311	315	319	323	329	333	338	345	348	/
1A_NB	20	a	301	312	316	325	332	335	338	342	346	352	356	360	368	372	376
1A_NB	20	d	303	314	317	327	333	336	339	343	347	354	357	362	369	374	/
1A_NB	21	a	309	320	323	332	338	342	345	350	354	360	364	368	376	380	385
1A_NB	21	d	311	321	324	333	340	343	347	352	355	362	366	370	377	382	/
1A_NB	22	a	318	329	333	346	351	355	360	365	369	374	378	383	391	395	399
1A_NB	22	d	320	330	335	347	352	357	362	367	370	376	380	384	393	397	/
1A_NB	23	a	334	344	348	359	366	370	375	379	383	388	393	397	407	410	414
1A_NB	23	d	336	345	350	361	368	372	376	380	384	390	395	399	408	411	/
1A_NB	24	a	340	350	355	366	373	377	380	385	390	396	400	403	412	416	421
1A_NB	24	d	342	352	357	368	375	378	382	387	391	397	401	405	414	418	/
1A_NB	25	a	349	358	363	374	380	383	386	390	394	401	406	411	420	424	429
1A_NB	25	d	351	360	365	376	381	384	387	392	396	403	408	413	422	426	/
1A_NB	26	a	376	386	390	398	404	409	413	418	421	428	432	436	447	452	456
1A_NB	26	d	378	388	391	400	406	410	415	419	423	430	434	438	449	453	/
1A_NB	27	a	398	408	412	421	427	432	437	442	447	454	458	463	472	475	480
1A_NB	27	d	400	410	414	423	429	434	439	444	449	456	460	465	473	477	/
1A_NB	28	a	406	417	421	432	438	441	445	450	454	460	464	469	478	481	486
1A_NB	28	d	408	419	423	434	439	442	447	451	455	462	466	471	479	483	/
1A_NB	29	a	421	430	434	444	451	454	458	462	467	473	477	481	491	495	500
1A_NB	29	d	423	432	436	446	452	455	460	464	469	475	478	483	493	497	/
1A_NB	30	a	438	447	452	462	468	471	475	479	483	488	491	495	503	508	512
1A_NB	30	d	440	449	454	464	469	473	476	480	484	489	493	496	505	509	/
1A_NB	31	a	459	468	472	480	487	491	495	499	502	508	511	515	524	529	533
1A_NB	31	d	461	470	473	482	488	492	496	500	503	509	513	517	526	530	/
1A_NB	32	a	467	478	481	490	496	500	503	507	510	517	521	524	533	538	543
1A_NB	32	d	469	479	482	491	497	501	504	508	512	518	522	526	535	540	/
1A_NB	33	a	473	483	488	497	502	506	509	513	516	522	527	532	540	544	549
1A_NB	33	d	474	485	489	498	503	507	510	514	517	524	529	533	541	546	/
1A_NB	34	a	478	488	493	502	507	512	516	521	524	531	535	539	547	552	556
1A_NB	34	d	480	490	494	503	509	513	518	522	525	532	536	540	549	553	/
1A_NB	35	a	485	494	498	507	513	517	522	527	531	538	542	546	555	560	565
1A_NB	35	d	486	496	499	509	514	519	524	529	532	539	544	548	557	561	/
1A_NB	36	a	494	504	508	521	526	529	534	538	543	548	551	554	564	568	573
1A_NB	36	d	496	506	510	522	527	531	535	540	544	549	552	556	565	569	/
1A_NB	37	a	503	513	517	529	535	538	542	547	552	558	562	566	575	578	584
1A_NB	37	d	505	515	518	531	536	540	544	549	554	560	564	567	576	580	/
1A_NB	38	a	513	522	525	534	540	543	547	552	557	563	567	571	580	584	589
1A_NB	38	d	515	523	526	536	541	545	549	554	559	565	569	573	582	586	/
1A_NB	39	a	519	528	532	542	548	552	556	560	564	570	575	579	588	593	598
1A_NB	39	d	521	530	534	543	550	554	557	562	566	572	577	581	590	595	/
1A_NB	40	a	547	556	559	569	575	579	584	589	593	599	602	606	616	620	625
1A_NB	40	d	549	557	561	571	577	581	586	590	595	600	604	608	617	622	/
1A_NB	41	a	575	584	587	598	604	608	612	617	621	628	631	635	644	647	651
1A_NB	41	d	576	585	588	600	605	609	614	618	623	629	633	636	645	649	/
1A_NB	42	a	600	610	614	624	630	633	638	643	646	653	657	661	670	674	678
1A_NB	42	d	601	612	615	626	631	635	640	644	648	654	659	662	672	675	/
1A_NB	43	a	610	620	624	635	641	644	649	652	656	663	666	670	680	683	687
1A_NB	43	d	611	622	626	637	642	646	650	654	658	664	667	672	681	684	/
1A_NB	44	a	628	636	641	649	656	660	664	669	673	680	683	686	697	701	705
1A_NB	44	d	629	638	642	651	657	661	666	670	675	681	684	688	698	702	/
1A_NB	45	a	654	663	667	675	680	685	688	693	696	703	706	709	719	723	727
1A_NB	45	d	655	665	668	676	682	686	690	694	698	704	707	711	720	724	/
1A_NB	46	a	665	675	678	687	693	697	701	706	710	717	720	723	732	736	740
1A_NB	46	d	666	676	679	689	694	698	703	707	712	718	721	724	733	737	/
1A_NB	47	a	675	686	690	701	707	711	715	719	724	730	733	736	747	752	756
1A_NB	47	d	676	688	692	702	709	712	716	721	725	731	734	738	749	754	/
1A_NB	48	a	687	698	702	713	719	723	727	732	736	742	745	748	758	762	765
1A_NB	48	d	688	700	704	715	720	725	729	733	737	743	746	750	759	763	/
1A_NB	49	a	702	711	714	725	732	736	740	744	747	753	757	760	769	773	777
1A_NB	49	d	703	712	716	727	733	737	741	745	748	754	758	761	770	774	/
1A_NB	50	a	718	729	732	742	748	752	756	760	764	771	775	779	788	793	798
1A_NB	50	d	719	730	734	744	750	753	757	762	766	773	777	781	790	795	/
1A_NB	51	a	746	756	759	769	775	779	784	789	794	799	802	806	813	818	823
1A_NB	51	d	747	757	761	771	776	781	786	791	795	800	804	807	815	820	/
1A_NB	52	a	766	776	781	792	798	803	807	812	817	824	828	831	840	844	848
1A_NB	52	d	767	778	783	794	800	805	809	814	819	826	829	832	841	845	/
1A_NB	53	a	779	790	794	806	812	817	821	825	830	836	840	844	851	856	861
1A_NB	53	d	780	792	796	808	814	818	822	827	832	838	841	846	853	858	/
1A_NB	54	a	792	803	807	818	824	828	832	836	840	845	849	854	863	868	873
1A_NB	54	d	793	805	808	820	826	829	834	837	841	847	851	856	865	870	/
1A_NB	55	a	812	823	827	838	843	848	852	856	859	865	868	871	879	882	887
1A_NB	55	d	813	825	829	839	845	849	853	857	861	866	869	872	880	884	/
1A_NB	56	a	829	840	844	853	858	861	865	870	873	879	882	885	894	898	901
1A_NB	56	d	830	842	845	854	859	862	867	871	874	880	883	886	896	899	/
1A_NB	57	a	842	854	858	867	872	877	881	885	889	895	899	902	909	913	917
1A_NB	57	d	843	856	859	868	874	878	882	886	890	897	900	903	910	914	/
1A_NB	58	a	862	873	878	888	895	899	904	908	912	918	921	925	935	939	944
1A_NB	58	d	863	875	879	890	896	901	905	909	914	919	923	927	936	941	/
1A_NB	59	a	887	896	899	910	916	920	924	928	932	937	940	944	953	956	960
1A_NB	59	d	888	897	900	911	917	921	925	929	933	938	941	946	954	957	/
1A_NB	60	a	909	919	923	933	939	942	946	951	955	961	965	969	978	982	986
1A_NB	60	d	910	921	924	935	940	943	948	953	956	963	967	971	979	983	/
1A_NB	61	a	933	942	946	956	963	967	972	977	980	987	990	993	1001	1005	1008
1A_NB	61	d	934	944	947	958	964	969	974	978	982	988	991	995	1003	1006	/
1A_NB	62	a	940	949	953	963	968	973	977	982	986	993	996	999	1007	1011	1015
1A_NB	62	d	941	951	954	964	970	974	979	984	988	994	997	1001	1009	1013	/
1A_NB	63	a	951	961	964	973	979	983	987	991	995	1001	1005	1010	1019	1023	1027
1A_NB	63	d	952	962	966	975	980	985	988	993	996	1003	1007	1012	1020	1025	/
1A_NB	64	a	972	980	985	996	1002	1007	1011	1016	1020	1027	1030	1034	1043	1047	1052
1A_NB	64	d	973	982	987	998	1004	1008	1013	1018	1022	1028	1032	1036	1044	1049	/
2A_NB	1	a	5	9	16	21	25	32	36	39	48	53	58	62	66	70	77	79	84	88
2A_NB	1	d	6	11	18	22	27	33	37	40	50	54	60	64	67	72	78	81	85	/
2A_NB	2	a	12	16	22	26	30	38	42	46	55	60	65	69	73	77	83	86	91	95
2A_NB	2	d	13	17	23	27	32	39	44	48	57	61	67	71	74	79	85	88	92	/
2A_NB	3	a	20	23	30	35	38	46	50	55	64	68	74	77	80	84	89	93	96	100
2A_NB	3	d	21	25	32	36	40	48	52	57	66	70	76	78	82	85	91	94	97	/
2A_NB	4	a	34	37	44	49	53	58	62	66	73	76	83	85	88	91	97	101	104	108
2A_NB	4	d	35	39	46	50	54	60	63	67	74	78	84	86	89	92	99	102	105	/
2A_NB	5	a	43	46	52	57	62	68	71	75	85	89	95	97	101	105	111	114	119	124
2A_NB	5	d	44	47	54	59	63	69	72	77	86	90	96	99	102	106	113	116	121	/
2A_NB	6	a	51	54	60	65	69	75	78	81	91	94	101	103	106	110	117	120	125	130
2A_NB	6	d	52	55	62	66	70	76	79	83	92	96	102	104	107	112	119	122	127	/
2A_NB	7	a	58	61	67	72	76	82	85	88	97	101	108	110	113	118	126	128	132	136
2A_NB	7	d	59	62	69	73	78	83	86	89	99	103	109	111	115	120	127	129	133	/
2A_NB	8	a	68	71	78	82	86	92	97	101	110	115	120	123	127	130	138	141	145	148
2A_NB	8	d	69	73	80	84	88	94	98	103	112	116	122	125	128	132	140	142	146	/
2A_NB	9	a	78	81	87	91	95	102	107	110	118	123	129	132	136	141	148	150	154	158
2A_NB	9	d	79	82	89	93	97	104	108	111	120	124	131	134	138	142	149	152	156	/
2A_NB	10	a	87	90	96	100	104	109	114	118	126	130	136	140	143	148	155	158	161	165
2A_NB	10	d	88	91	97	102	105	111	116	119	127	131	138	141	145	149	157	159	163	/
2A_NB	11	a	97	100	106	109	114	120	124	128	135	139	144	148	151	156	163	165	170	174
2A_NB	11	d	98	101	107	111	116	121	125	129	136	140	146	149	153	157	164	167	171	/
2A_NB	12	a	103	106	112	116	121	128	132	136	145	149	155	158	162	167	174	177	181	185
2A_NB	12	d	104	108	114	118	123	129	133	137	146	151	156	160	164	169	176	178	183	/
2A_NB	13	a	119	123	130	134	139	146	150	153	162	167	173	175	178	182	188	190	193	197
2A_NB	13	d	120	125	131	136	141	147	151	154	164	168	174	177	179	183	189	191	195	/
2A_NB	14	a	128	132	138	143	147	153	157	160	170	174	180	184	188	193	199	201	206	209
2A_NB	14	d	129	133	140	144	148	155	158	162	171	175	182	186	190	194	200	203	207	/
2A_NB	15	a	138	142	148	152	155	161	165	168	178	182	187	191	194	199	205	208	212	215
2A_NB	15	d	139	143	150	153	156	163	166	170	179	183	189	192	196	200	207	209	213	/
2A_NB	16	a	143	147	154	158	161	167	171	174	184	189	195	198	201	205	211	213	217	221
2A_NB	16	d	144	149	156	159	162	168	172	176	186	191	196	199	202	206	212	215	219	/
2A_NB	17	a	148	152	159	163	166	171	176	179	189	194	200	203	206	210	215	218	222	226
2A_NB	17	d	149	154	161	164	167	173	177	181	191	196	201	204	207	211	217	220	224	/
2A_NB	18	a	160	163	169	173	177	182	187	192	201	205	210	214	218	222	228	230	234	237
2A_NB	18	d	161	164	171	175	178	184	189	193	202	206	212	216	219	224	229	231	235	/
2A_NB	19	a	166	169	175	179	182	189	194	197	205	210	216	219	223	228	234	237	242	246
2A_NB	19	d	167	170	177	180	184	191	195	198	207	212	217	221	225	230	236	239	244	/
2A_NB	20	a	196	199	203	207	211	217	221	225	235	240	245	248	252	257	263	266	269	274
2A_NB	20	d	197	200	205	208	212	218	222	226	237	241	246	250	254	259	265	267	271	/
2A_NB	21	a	221	224	230	235	239	245	249	253	264	268	274	277	280	284	291	293	298	302
2A_NB	21	d	222	225	232	237	241	247	251	255	265	269	276	279	282	286	292	295	299	/
2A_NB	22	a	251	254	260	264	269	275	279	283	293	297	304	306	310	314	320	323	328	332
2A_NB	22	d	252	255	262	266	270	276	281	285	295	299	305	308	311	316	322	325	329	/
2A_NB	23	a	279	282	287	291	295	300	305	308	318	321	326	329	332	337	344	347	351	356
2A_NB	23	d	280	283	288	292	296	302	306	310	319	322	327	330	334	339	345	349	353	/
2A_NB	24	a	302	305	311	315	319	326	331	335	345	349	355	358	360	364	370	372	377	382
2A_NB	24	d	303	306	313	317	321	328	333	336	346	350	357	359	361	366	371	374	379	/
2A_NB	25	a	323	326	332	337	342	348	352	356	365	369	374	376	379	383	389	391	395	399
2A_NB	25	d	324	327	334	339	343	349	353	357	367	370	375	377	381	384	390	392	396	/
2A_NB	26	a	346	349	355	359	363	369	373	376	383	388	393	396	399	404	411	415	420	424
2A_NB	26	d	347	350	357	361	365	370	374	377	385	389	394	398	401	406	413	417	421	/
2A_NB	27	a	366	369	375	378	382	389	393	396	403	407	413	415	418	423	429	432	436	439
2A_NB	27	d	367	371	376	379	384	390	394	397	405	409	414	417	420	424	431	434	437	/
2A_NB	28	a	375	379	384	387	391	398	403	406	414	417	423	426	429	434	440	442	447	450
2A_NB	28	d	376	380	385	388	392	400	404	407	415	419	424	428	431	436	441	444	448	/
2A_NB	29	a	396	400	407	411	414	420	424	428	436	440	446	449	452	456	462	465	469	473
2A_NB	29	d	397	402	409	412	416	422	426	430	438	441	447	450	454	458	463	466	470	/
2A_NB	30	a	410	414	421	425	429	436	440	444	451	456	461	464	467	471	477	480	484	489
2A_NB	30	d	411	416	423	427	431	438	441	445	453	457	463	465	468	472	479	482	486	/
2A_NB	31	a	426	429	435	439	443	451	454	458	466	471	477	479	482	487	493	495	499	504
2A_NB	31	d	427	431	437	440	445	452	456	460	468	472	478	481	484	489	494	497	501	/
2A_NB	32	a	451	454	460	465	469	476	480	483	492	495	502	506	509	514	520	523	527	531
2A_NB	32	d	452	456	462	467	471	478	481	485	493	497	504	508	511	516	521	524	528	/
2A_NB	33	a	463	466	471	475	479	486	491	495	504	508	514	517	520	524	530	534	538	542
2A_NB	33	d	464	467	472	477	481	488	493	496	505	509	515	518	521	526	532	535	539	/
2A_NB	34	a	468	471	477	482	487	493	498	502	512	517	524	528	531	535	541	544	548	553
2A_NB	34	d	469	473	479	484	488	495	500	504	514	519	526	530	532	537	543	546	550	/
2A_NB	35	a	486	489	495	499	503	509	514	517	527	531	537	540	544	549	554	558	562	566
2A_NB	35	d	487	491	497	501	505	511	515	519	529	533	538	542	546	550	556	560	563	/
2A_NB	36	a	494	497	503	507	511	517	522	526	534	538	543	546	549	554	560	564	568	572
2A_NB	36	d	495	499	505	509	512	519	524	528	536	540	545	547	551	556	562	566	569	/
2A_NB	37	a	513	517	522	526	531	536	540	543	550	555	560	562	564	568	574	576	580	584
2A_NB	37	d	514	518	523	528	532	537	541	544	552	556	561	563	565	570	575	577	582	/
2A_NB	38	a	524	527	533	537	542	549	553	557	567	571	577	580	582	586	592	595	600	604
2A_NB	38	d	525	529	535	539	544	551	555	559	568	573	579	581	583	588	593	597	602	/
2A_NB	39	a	535	538	545	548	552	558	562	566	575	580	586	588	591	595	600	603	608	612
2A_NB	39	d	536	540	546	550	553	559	564	567	577	582	587	590	592	596	602	605	610	/
2A_NB	40	a	550	554	560	564	568	575	579	583	591	596	602	604	608	613	618	621	624	629
2A_NB	40	d	551	556	561	566	570	576	581	585	593	598	603	606	610	614	619	622	626	/
2A_NB	41	a	561	565	571	574	578	585	589	593	601	605	610	612	616	619	625	628	631	635
2A_NB	41	d	562	567	572	576	580	586	591	595	602	606	611	614	617	620	626	629	632	/
2A_NB	42	a	578	582	587	591	596	601	605	608	616	619	626	628	631	635	641	644	648	652
2A_NB	42	d	579	583	588	593	597	603	606	609	617	621	627	629	633	636	643	646	650	/
2A_NB	43	a	584	588	594	598	602	608	611	615	625	629	635	638	641	644	649	652	656	659
2A_NB	43	d	585	590	595	599	604	609	613	617	627	631	637	639	642	645	651	654	657	/
2A_NB	44	a	597	601	606	610	613	618	622	625	634	638	644	647	651	655	660	662	665	669
2A_NB	44	d	598	602	608	611	614	619	623	626	636	640	645	649	652	656	661	663	667	/
2A_NB	45	a	603	607	613	618	622	629	633	637	645	649	654	658	661	666	672	674	678	682
2A_NB	45	d	604	609	615	619	624	630	635	638	647	650	656	660	663	668	673	675	680	/
2A_NB	46	a	617	621	627	632	635	642	647	650	658	662	667	669	671	675	681	684	689	694
2A_NB	46	d	618	623	629	633	636	644	648	652	660	663	668	670	672	676	683	686	691	/
2A_NB	47	a	642	646	652	657	661	667	671	675	684	688	693	696	698	702	709	712	716	721
2A_NB	47	d	643	647	654	658	662	668	673	677	685	689	695	697	699	704	711	714	718	/
2A_NB	48	a	653	657	663	667	672	678	682	686	694	697	703	705	709	713	720	722	725	730
2A_NB	48	d	654	658	665	669	673	680	684	687	695	698	704	707	710	715	721	723	727	/
2A_NB	49	a	677	680	685	689	692	699	702	705	714	718	724	726	729	732	739	741	746	751
2A_NB	49	d	678	681	687	690	694	700	703	706	716	720	725	728	730	733	740	743	748	/
2A_NB	50	a	700	704	711	714	718	724	727	732	740	744	750	753	757	761	767	770	775	780
2A_NB	50	d	701	706	712	715	719	725	729	733	741	746	752	755	758	762	768	772	777	/
2A_NB	51	a	726	729	736	739	743	750	754	759	768	772	777	779	782	787	794	796	801	804
2A_NB	51	d	727	731	737	740	745	751	756	760	769	773	778	780	784	789	795	798	802	/
2A_NB	52	a	741	744	751	755	760	766	770	773	781	786	791	794	798	803	810	812	816	821
2A_NB	52	d	742	746	753	757	762	768	771	774	783	787	793	796	800	805	811	814	818	/
2A_NB	53	a	760	763	768	771	775	781	786	790	799	803	810	813	816	820	825	827	831	836
2A_NB	53	d	761	764	769	772	777	783	788	791	800	804	811	814	817	821	826	829	833	/
2A_NB	54	a	785	789	795	799	803	810	814	818	827	831	837	840	843	847	854	857	861	865
2A_NB	54	d	786	790	796	801	805	812	816	819	829	832	838	841	845	849	855	858	862	/
2A_NB	55	a	813	817	823	826	829	835	840	844	852	856	862	866	869	874	880	883	887	891
2A_NB	55	d	814	818	824	827	831	837	842	845	853	858	864	868	871	875	881	884	888	/
2A_NB	56	a	843	846	851	854	859	865	869	873	882	886	892	895	897	902	908	910	914	918
2A_NB	56	d	844	847	852	856	861	867	870	874	883	887	893	896	899	903	909	912	915	/
2A_NB	57	a	867	871	878	881	884	891	895	898	908	913	920	923	926	930	935	938	942	946
2A_NB	57	d	868	873	879	882	886	893	896	899	910	914	921	924	927	931	936	939	943	/
2A_NB	58	a	887	891	897	901	905	910	914	918	927	931	937	939	942	946	952	954	957	961
2A_NB	58	d	888	892	899	903	906	911	915	919	929	932	938	940	944	948	953	955	958	/
2A_NB	59	a	907	911	919	923	926	933	938	942	953	956	962	964	966	971	976	979	984	988
2A_NB	59	d	908	913	921	924	928	935	939	944	954	957	963	965	968	972	978	981	985	/
2A_NB	60	a	930	933	939	943	948	955	960	965	973	977	982	985	989	993	998	1002	1005	1009
2A_NB	60	d	931	934	941	945	950	957	962	967	974	978	983	987	990	994	1000	1003	1007	/
2A_NB	61	a	950	954	959	963	967	974	977	981	990	995	1001	1004	1007	1012	1017	1019	1023	1027
2A_NB	61	d	951	955	961	964	968	975	979	982	992	997	1002	1006	1009	1013	1018	1021	1024	/
2A_NB	62	a	961	965	971	975	979	987	991	994	1004	1008	1013	1016	1019	1023	1028	1031	1034	1037
2A_NB	62	d	962	966	973	977	981	989	992	996	1005	1009	1015	1018	1020	1024	1029	1032	1035	/
2A_NB	63	a	985	988	994	998	1001	1007	1012	1017	1026	1030	1036	1039	1043	1048	1053	1057	1061	1066
2A_NB	63	d	986	989	996	999	1002	1009	1014	1018	1028	1032	1037	1041	1045	1049	1055	1058	1063	/
2A_NB	64	a	992	996	1002	1006	1010	1016	1021	1025	1034	1039	1046	1050	1053	1057	1063	1066	1070	1074
2A_NB	64	d	993	998	1004	1008	1012	1018	1023	1027	1036	1041	1048	1051	1054	1058	1064	1067	1071	/
2A_SB	1	a	25	28	30	34	40	44	48	52	55	61	66	73	78	82	88	92	97	101
2A_SB	1	d	26	29	32	35	42	46	49	53	57	63	68	75	79	83	90	94	99	/
2A_SB	2	a	53	56	59	63	69	72	76	79	83	88	91	97	102	106	111	115	119	123
2A_SB	2	d	54	57	61	65	71	74	77	80	84	89	92	99	103	107	112	116	121	/
2A_SB	3	a	61	66	69	72	78	81	85	88	92	96	99	105	109	112	117	121	125	128
2A_SB	3	d	63	67	70	74	79	82	86	89	93	97	100	107	110	113	118	122	126	/
2A_SB	4	a	77	81	83	87	93	97	102	106	109	114	118	124	129	132	137	141	145	148
2A_SB	4	d	79	82	85	89	95	99	103	107	110	116	119	126	130	133	138	142	146	/
2A_SB	5	a	90	94	97	100	105	108	111	115	119	124	128	134	137	141	146	150	153	156
2A_SB	5	d	92	95	98	101	106	109	113	117	120	125	129	135	138	142	147	151	154	/
2A_SB	6	a	99	103	106	110	115	118	123	127	130	135	139	144	147	151	156	160	163	166
2A_SB	6	d	101	105	107	111	116	120	124	128	131	136	140	145	148	152	157	161	164	/
2A_SB	7	a	116	121	125	129	135	137	142	146	149	155	159	164	168	172	178	182	186	190
2A_SB	7	d	118	123	126	130	136	139	143	147	150	156	160	165	169	173	179	184	187	/
2A_SB	8	a	123	127	130	135	141	144	149	154	159	166	170	176	181	185	191	195	198	202
2A_SB	8	d	124	128	132	137	143	146	151	156	161	168	172	178	182	186	192	196	199	/
2A_SB	9	a	137	141	144	148	153	157	161	166	170	175	178	183	188	192	199	202	205	209
2A_SB	9	d	139	143	146	149	155	159	163	168	171	176	179	185	189	194	200	203	206	/
2A_SB	10	a	147	151	155	159	164	167	170	173	177	183	187	195	200	204	210	213	216	220
2A_SB	10	d	149	153	156	160	165	168	171	175	179	185	189	197	201	205	211	214	217	/
2A_SB	11	a	163	168	172	175	181	185	189	193	197	205	210	217	222	226	233	236	240	243
2A_SB	11	d	165	170	173	177	183	187	191	195	199	207	212	219	223	227	234	237	241	/
2A_SB	12	a	181	186	188	191	197	200	203	206	210	217	221	228	231	236	243	246	249	252
2A_SB	12	d	183	187	189	192	198	201	204	208	212	218	223	229	232	237	244	247	250	/
2A_SB	13	a	186	191	194	198	205	208	211	215	219	225	229	235	239	244	250	253	256	260
2A_SB	13	d	188	193	195	200	206	209	213	217	220	226	231	237	241	246	251	254	257	/
2A_SB	14	a	194	199	202	207	214	217	222	225	228	234	238	243	247	252	257	262	267	271
2A_SB	14	d	196	201	204	209	216	219	223	226	229	235	239	245	249	253	259	264	268	/
2A_SB	15	a	210	216	219	223	230	234	239	243	246	251	254	259	263	266	272	275	279	282
2A_SB	15	d	212	217	220	224	232	236	240	244	247	252	255	260	264	267	273	276	280	/
2A_SB	16	a	237	241	245	249	255	258	261	264	268	273	276	281	284	287	293	297	301	306
2A_SB	16	d	238	243	246	250	256	259	262	265	269	274	277	282	285	289	295	298	303	/
2A_SB	17	a	243	247	251	256	262	266	270	275	279	285	290	296	301	306	312	316	320	323
2A_SB	17	d	244	249	253	258	264	268	272	277	281	287	292	298	303	307	313	317	321	/
2A_SB	18	a	261	265	268	273	280	284	289	294	297	304	308	314	317	321	327	332	337	341
2A_SB	18	d	263	266	270	275	282	286	291	295	299	306	309	315	318	322	329	334	339	/
2A_SB	19	a	283	288	290	295	301	303	308	313	317	322	325	330	334	337	343	347	350	353
2A_SB	19	d	285	289	292	296	302	305	310	315	318	323	326	331	335	338	344	348	351	/
2A_SB	20	a	301	306	309	312	317	320	324	328	331	336	339	344	348	352	360	364	367	370
2A_SB	20	d	303	307	310	313	318	321	325	329	332	337	340	345	350	354	361	365	368	/
2A_SB	21	a	306	311	314	317	322	325	330	334	337	343	347	352	356	359	365	369	372	375
2A_SB	21	d	308	312	315	318	323	327	332	335	339	345	348	353	357	360	366	370	373	/
2A_SB	22	a	330	334	337	340	345	348	352	355	359	365	368	374	377	381	387	391	395	399
2A_SB	22	d	332	335	338	341	346	349	353	356	360	366	369	375	378	382	388	392	397	/
2A_SB	23	a	337	341	345	349	356	359	364	368	371	377	381	386	389	392	399	404	408	412
2A_SB	23	d	339	343	347	351	357	361	365	369	372	378	382	387	390	394	401	405	410	/
2A_SB	24	a	360	365	368	371	377	379	383	386	389	394	398	403	406	411	417	420	424	427
2A_SB	24	d	362	367	369	372	378	380	384	387	390	395	399	404	408	412	418	421	425	/
2A_SB	25	a	367	372	374	378	384	387	392	396	400	405	410	416	421	426	432	435	439	443
2A_SB	25	d	369	373	375	380	386	389	393	398	401	407	411	418	423	427	433	436	441	/
2A_SB	26	a	377	381	384	389	394	397	400	404	408	415	419	424	428	432	438	442	447	451
2A_SB	26	d	378	383	386	390	396	398	401	406	410	416	420	426	429	433	440	444	449	/
2A_SB	27	a	385	390	392	396	402	405	409	413	416	423	427	433	436	440	445	448	452	456
2A_SB	27	d	387	391	393	398	404	407	411	414	418	424	429	434	437	441	446	449	454	/
2A_SB	28	a	403	407	411	416	421	424	428	433	437	443	446	452	456	460	465	468	472	475
2A_SB	28	d	405	409	413	417	423	426	430	435	438	444	447	453	457	461	466	469	473	/
2A_SB	29	a	424	428	431	435	442	445	449	453	456	461	465	470	474	478	484	487	490	493
2A_SB	29	d	426	430	433	437	444	447	451	454	457	463	466	471	475	479	485	488	491	/
2A_SB	30	a	439	443	447	451	456	459	463	468	473	479	482	487	490	495	501	504	507	511
2A_SB	30	d	441	445	449	452	458	461	465	470	474	480	483	488	492	496	502	505	508	/
2A_SB	31	a	450	455	457	460	465	468	472	476	480	486	490	495	500	504	510	513	516	519
2A_SB	31	d	452	456	458	461	466	469	473	477	481	488	491	497	501	505	511	514	517	/
2A_SB	32	a	458	463	465	469	475	478	483	487	490	496	500	506	511	515	521	524	528	531
2A_SB	32	d	460	464	466	471	476	480	484	488	491	498	501	508	512	516	522	525	529	/
2A_SB	33	a	476	481	485	489	494	497	502	506	509	515	519	526	530	534	540	543	547	550
2A_SB	33	d	478	483	486	490	495	499	503	507	510	516	521	527	531	535	541	544	548	/
2A_SB	34	a	481	486	490	495	500	503	507	511	514	521	525	530	535	539	545	548	552	555
2A_SB	34	d	483	488	492	496	501	504	508	512	516	522	526	532	536	540	546	549	553	/
2A_SB	35	a	498	502	504	509	514	516	520	524	527	533	536	541	544	547	553	556	560	564
2A_SB	35	d	500	503	506	510	515	517	521	525	528	534	537	542	545	548	554	557	562	/
2A_SB	36	a	505	508	512	516	522	525	529	533	536	543	546	552	555	559	564	567	571	575
2A_SB	36	d	506	510	514	518	524	527	531	534	538	544	548	553	556	560	565	568	572	/
2A_SB	37	a	511	514	518	521	527	531	534	538	541	547	551	557	560	564	569	572	577	582
2A_SB	37	d	512	516	519	523	529	532	536	539	543	549	553	558	561	565	570	574	579	/
2A_SB	38	a	523	527	531	534	539	543	546	549	553	560	564	568	571	575	581	584	589	593
2A_SB	38	d	525	529	532	535	541	544	547	550	555	562	565	569	572	577	582	586	591	/
2A_SB	39	a	537	541	544	548	554	556	559	562	565	572	577	582	585	589	594	597	602	605
2A_SB	39	d	539	542	545	549	555	557	560	563	567	574	578	583	586	590	595	599	603	/
2A_SB	40	a	556	561	564	567	573	576	581	585	589	595	600	606	609	614	622	626	629	632
2A_SB	40	d	558	563	565	569	574	578	583	587	591	597	601	607	611	616	624	627	630	/
2A_SB	41	a	567	572	575	578	584	587	592	596	599	606	610	617	621	625	633	637	641	645
2A_SB	41	d	569	574	576	579	585	589	593	597	601	608	612	619	622	627	635	638	643	/
2A_SB	42	a	575	579	582	585	592	595	600	604	607	613	618	624	627	632	639	643	647	650
2A_SB	42	d	576	581	583	587	593	597	602	605	608	615	620	625	629	634	641	644	648	/
2A_SB	43	a	585	589	591	594	600	602	605	609	612	619	623	629	633	638	645	649	653	657
2A_SB	43	d	586	590	592	595	601	603	607	610	614	620	625	630	635	640	647	651	655	/
2A_SB	44	a	593	597	599	602	608	610	614	618	622	627	631	637	642	647	654	657	660	665
2A_SB	44	d	594	598	600	604	609	612	616	619	623	628	633	639	644	648	655	658	662	/
2A_SB	45	a	602	605	607	611	617	619	622	625	629	635	639	645	648	652	660	663	668	673
2A_SB	45	d	603	606	609	613	618	620	623	626	630	637	641	646	649	654	661	665	670	/
2A_SB	46	a	607	610	613	616	623	626	630	633	638	645	648	653	657	661	667	671	676	679
2A_SB	46	d	608	612	614	618	625	628	631	635	640	646	649	655	658	663	669	673	677	/
2A_SB	47	a	624	627	630	633	637	641	645	649	653	660	664	671	675	679	685	688	691	696
2A_SB	47	d	625	629	631	634	639	642	647	650	655	661	666	672	676	680	686	689	693	/
2A_SB	48	a	631	635	639	642	646	650	653	657	661	667	671	678	681	685	691	695	699	703
2A_SB	48	d	632	637	640	643	648	651	655	658	662	668	673	679	682	686	693	696	700	/
2A_SB	49	a	636	640	644	647	652	656	660	663	666	673	678	685	689	694	701	704	708	712
2A_SB	49	d	637	642	645	648	654	658	661	664	668	675	680	687	691	696	702	705	709	/
2A_SB	50	a	645	649	652	655	660	662	667	671	674	680	684	691	696	700	706	710	714	718
2A_SB	50	d	646	650	653	656	661	664	669	672	676	681	686	693	697	701	708	711	715	/
2A_SB	51	a	655	659	661	664	670	672	676	680	684	689	692	698	703	707	713	717	722	726
2A_SB	51	d	656	660	662	665	671	673	677	681	685	690	694	700	704	708	715	719	723	/
2A_SB	52	a	665	668	671	674	680	683	687	691	696	702	706	711	715	720	727	730	734	738
2A_SB	52	d	666	670	672	675	682	684	688	693	698	704	707	713	717	722	728	732	735	/
2A_SB	53	a	676	679	682	686	693	697	700	704	707	713	716	722	726	731	737	740	744	749
2A_SB	53	d	677	680	684	688	695	698	701	705	708	714	718	723	728	732	738	742	746	/
2A_SB	54	a	703	707	709	713	720	723	727	731	734	742	746	751	755	760	766	769	772	776
2A_SB	54	d	704	708	710	715	721	725	729	732	736	743	747	752	757	761	767	770	773	/
2A_SB	55	a	732	736	738	742	748	752	755	759	763	769	772	779	782	786	793	798	801	804
2A_SB	55	d	733	737	739	744	750	753	756	761	764	770	774	780	783	788	795	799	802	/
2A_SB	56	a	751	754	757	761	767	770	775	779	783	789	793	799	803	807	814	818	822	825
2A_SB	56	d	752	755	759	763	769	772	777	781	785	791	795	800	804	808	816	819	823	/
2A_SB	57	a	760	763	767	772	777	780	785	788	792	798	802	807	812	817	823	826	830	834
2A_SB	57	d	761	765	769	773	779	782	786	790	794	800	803	809	814	818	824	828	832	/
2A_SB	58	a	768	772	775	779	785	789	793	796	799	807	810	815	819	823	829	832	836	839
2A_SB	58	d	769	773	776	781	787	790	794	797	801	808	811	816	820	825	830	834	837	/
2A_SB	59	a	774	778	781	786	792	795	799	803	806	813	816	821	825	828	834	837	841	845
2A_SB	59	d	775	779	783	788	793	796	800	804	807	814	817	822	826	830	835	839	843	/
2A_SB	60	a	779	783	786	791	797	800	804	808	811	817	821	826	830	833	839	843	846	850
2A_SB	60	d	780	784	788	793	798	801	805	809	812	819	822	827	831	835	840	844	848	/
2A_SB	61	a	784	788	791	796	802	805	809	813	817	823	826	831	835	838	845	849	852	855
2A_SB	61	d	785	789	793	798	803	806	810	814	818	824	827	832	836	840	846	850	853	/
2A_SB	62	a	789	793	796	801	807	810	814	818	822	828	831	836	840	844	850	854	857	860
2A_SB	62	d	790	794	798	803	808	811	815	819	823	829	832	837	841	845	851	855	858	/
2A_SB	63	a	796	800	803	807	812	816	821	825	829	835	838	843	848	852	858	862	866	869
2A_SB	63	d	797	801	804	808	814	818	822	826	830	836	839	845	849	853	860	864	867	/
2A_SB	64	a	802	806	810	815	821	824	827	830	834	840	845	852	857	862	869	872	877	880
2A_SB	64	d	803	808	812	817	822	825	828	831	835	842	847	854	859	864	870	874	878	/
3A_SB	1	a	5	10	14	21	24	28	32	37	41	45	48	52	56	60	64	69	72
3A_SB	1	d	6	11	15	22	25	29	34	39	43	46	50	53	58	61	65	70	/
3A_SB	2	a	32	37	41	47	51	55	59	63	66	70	74	77	83	88	92	98	101
3A_SB	2	d	33	39	42	48	52	56	61	64	68	71	75	79	85	89	94	99	/
3A_SB	3	a	41	46	50	57	62	66	71	74	79	83	88	91	96	100	104	110	115
3A_SB	3	d	42	47	52	59	64	68	72	76	80	85	89	92	97	101	105	112	/
3A_SB	4	a	65	70	75	81	84	89	94	99	104	109	114	116	121	125	129	134	139
3A_SB	4	d	66	72	76	82	86	91	96	101	106	111	115	117	122	126	130	136	/
3A_SB	5	a	75	80	84	91	96	100	105	110	114	119	124	127	132	136	140	145	149
3A_SB	5	d	76	82	86	93	98	102	107	112	116	121	125	128	133	137	141	146	/
3A_SB	6	a	88	93	97	102	107	111	115	120	125	130	135	137	141	144	148	153	156
3A_SB	6	d	89	95	98	104	109	113	117	122	127	132	136	138	142	145	149	154	/
3A_SB	7	a	103	108	112	119	123	127	130	134	137	140	145	147	151	156	160	166	170
3A_SB	7	d	104	110	114	120	124	128	131	135	138	142	146	148	153	157	161	167	/
3A_SB	8	a	109	116	120	127	131	136	139	143	146	149	153	156	160	164	167	173	178
3A_SB	8	d	110	118	122	128	133	137	140	144	147	151	154	157	161	165	168	175	/
3A_SB	9	a	134	139	143	149	152	156	160	164	168	171	174	177	181	185	189	195	198
3A_SB	9	d	135	141	145	150	153	157	161	165	169	172	175	178	182	186	190	196	/
3A_SB	10	a	146	151	156	162	166	169	173	177	181	185	188	191	195	199	203	208	212
3A_SB	10	d	147	153	158	164	167	170	174	178	182	186	189	192	196	200	204	210	/
3A_SB	11	a	156	161	166	173	178	181	184	188	192	197	201	203	207	211	215	220	224
3A_SB	11	d	157	163	168	175	179	182	185	189	194	199	202	204	208	212	216	222	/
3A_SB	12	a	163	168	173	180	183	187	190	195	200	203	206	208	212	216	220	226	231
3A_SB	12	d	164	170	175	181	184	188	192	197	201	204	207	209	213	217	222	228	/
3A_SB	13	a	177	183	186	192	195	200	205	210	214	219	224	226	231	235	239	245	248
3A_SB	13	d	178	184	187	193	197	202	207	212	216	221	225	227	232	236	240	246	/
3A_SB	14	a	194	199	203	209	212	215	219	223	226	229	233	235	240	244	248	254	257
3A_SB	14	d	195	200	205	210	213	216	220	224	227	230	234	236	241	245	249	255	/
3A_SB	15	a	209	214	217	222	226	231	235	238	242	246	250	253	258	261	265	271	275
3A_SB	15	d	210	215	218	224	228	232	236	240	243	248	251	255	259	262	266	272	/
3A_SB	16	a	225	230	234	240	244	249	254	259	263	268	273	276	281	284	287	293	297
3A_SB	16	d	226	231	235	242	246	251	256	261	265	270	274	277	282	285	288	294	/
3A_SB	17	a	251	256	260	266	270	273	276	280	283	287	290	293	298	302	306	313	317
3A_SB	17	d	252	258	262	268	271	274	277	281	285	288	291	294	300	303	308	315	/
3A_SB	18	a	267	272	276	282	285	289	292	296	299	303	307	310	314	318	322	327	330
3A_SB	18	d	268	274	278	283	286	290	293	297	300	304	308	311	315	319	323	328	/
3A_SB	19	a	281	286	291	297	300	303	307	311	314	318	321	324	329	332	336	340	343
3A_SB	19	d	282	288	292	298	301	304	308	312	315	319	322	325	330	333	337	341	/
3A_SB	20	a	295	300	304	310	315	320	324	329	333	337	341	344	348	352	356	361	364
3A_SB	20	d	296	302	306	312	317	321	326	331	335	339	342	345	349	353	357	362	/
3A_SB	21	a	320	325	330	336	339	343	347	351	356	360	363	365	369	373	376	382	385
3A_SB	21	d	321	327	332	337	340	345	349	353	358	361	364	366	370	374	377	383	/
3A_SB	22	a	336	341	344	349	353	357	361	364	369	372	375	378	382	386	390	395	399
3A_SB	22	d	337	342	345	351	354	359	362	366	370	373	376	379	383	387	391	396	/
3A_SB	23	a	348	353	357	362	365	370	375	380	385	389	393	396	400	403	407	413	417
3A_SB	23	d	349	354	358	363	367	372	377	382	387	391	394	397	401	404	408	415	/
3A_SB	24	a	370	376	380	386	389	393	397	401	405	409	413	415	419	422	426	432	435
3A_SB	24	d	371	378	382	387	390	394	398	402	406	410	414	416	420	423	427	433	/
3A_SB	25	a	384	390	393	400	405	409	412	416	419	423	427	429	434	438	443	449	453
3A_SB	25	d	385	391	395	402	406	410	413	417	420	424	428	430	435	440	445	451	/
3A_SB	26	a	401	407	412	418	423	427	430	433	436	439	443	446	450	453	457	462	465
3A_SB	26	d	402	409	413	420	424	428	431	434	437	440	444	447	451	454	458	463	/
3A_SB	27	a	410	416	421	428	433	438	442	447	451	456	460	463	467	470	474	480	484
3A_SB	27	d	411	418	423	430	435	440	444	449	453	458	461	464	468	471	475	481	/
3A_SB	28	a	434	440	445	451	456	460	464	467	470	474	478	481	485	489	492	497	502
3A_SB	28	d	435	442	447	453	457	461	465	468	472	475	479	482	486	490	493	499	/
3A_SB	29	a	443	449	453	459	463	467	471	474	477	480	485	488	492	496	500	505	510
3A_SB	29	d	444	450	454	460	464	468	472	475	478	482	486	489	493	497	501	507	/
3A_SB	30	a	448	454	459	466	470	475	479	482	486	491	495	498	502	505	509	514	518
3A_SB	30	d	449	456	461	468	472	476	480	483	488	492	496	499	503	506	510	516	/
3A_SB	31	a	462	467	472	479	483	486	490	493	497	501	504	507	511	515	518	523	526
3A_SB	31	d	463	469	474	481	484	487	491	495	498	502	505	508	512	516	519	524	/
3A_SB	32	a	467	473	477	484	488	491	496	500	504	509	513	515	519	523	526	531	536
3A_SB	32	d	468	474	479	486	489	493	498	502	506	511	514	516	520	524	527	533	/
3A_SB	33	a	492	497	502	507	511	515	519	523	527	530	534	537	541	545	548	553	556
3A_SB	33	d	493	499	503	509	512	516	520	524	528	531	535	538	542	546	549	554	/
3A_SB	34	a	504	510	515	521	525	529	533	537	540	544	547	550	554	557	561	566	569
3A_SB	34	d	505	512	517	523	526	530	534	538	541	545	548	551	555	558	562	567	/
3A_SB	35	a	511	517	522	528	531	535	539	544	548	553	558	560	564	567	571	576	579
3A_SB	35	d	512	519	524	529	532	536	541	546	550	555	559	561	565	568	572	577	/
3A_SB	36	a	517	523	529	536	539	543	547	551	554	558	563	565	569	573	577	582	585
3A_SB	36	d	518	525	531	537	540	544	548	552	555	560	564	566	570	574	578	583	/
3A_SB	37	a	522	528	534	541	545	550	554	557	560	564	568	570	575	579	583	588	592
3A_SB	37	d	523	530	536	542	547	551	555	558	561	565	569	571	576	580	584	589	/
3A_SB	38	a	531	537	543	549	554	557	560	563	566	570	573	575	580	584	588	593	598
3A_SB	38	d	532	539	545	551	555	558	561	564	567	571	574	576	581	585	589	595	/
3A_SB	39	a	539	544	548	554	559	562	566	570	574	578	582	584	589	593	597	602	605
3A_SB	39	d	540	545	550	556	560	564	568	571	575	580	583	585	590	594	598	603	/
3A_SB	40	a	563	567	572	578	581	584	588	593	596	601	604	606	611	614	619	623	626
3A_SB	40	d	564	569	573	579	582	585	590	594	598	602	605	607	612	616	620	624	/
3A_SB	41	a	575	580	584	591	595	599	603	606	610	614	617	621	627	631	636	641	646
3A_SB	41	d	576	581	586	592	596	600	604	607	611	615	619	623	628	633	637	643	/
3A_SB	42	a	585	591	596	602	607	612	617	621	624	627	630	634	638	642	646	652	656
3A_SB	42	d	586	593	597	604	609	614	619	622	625	628	632	635	639	643	648	653	/
3A_SB	43	a	613	618	622	627	631	636	639	643	646	650	653	657	662	665	668	673	677
3A_SB	43	d	614	620	623	629	633	637	640	644	647	651	655	658	663	666	669	675	/
3A_SB	44	a	632	637	642	649	654	659	663	667	670	675	679	682	686	689	694	699	703
3A_SB	44	d	633	639	644	651	656	660	664	668	672	676	681	683	687	691	695	701	/
3A_SB	45	a	656	662	666	672	677	680	685	689	693	697	701	705	710	714	718	722	726
3A_SB	45	d	657	664	667	674	678	682	687	690	694	698	703	706	711	715	719	723	/
3A_SB	46	a	663	669	673	680	685	688	692	697	702	706	710	713	719	723	727	731	736
3A_SB	46	d	664	671	675	682	686	689	694	699	703	708	711	715	720	724	728	733	/
3A_SB	47	a	676	682	685	691	695	699	704	708	711	715	718	722	726	731	735	740	744
3A_SB	47	d	677	683	686	692	697	700	706	709	712	716	720	723	728	732	736	742	/
3A_SB	48	a	684	690	694	700	704	708	712	715	718	723	727	730	734	738	742	748	751
3A_SB	48	d	685	692	696	701	706	710	713	716	720	724	728	731	735	739	744	749	/
3A_SB	49	a	692	697	701	707	710	714	718	723	727	732	736	738	743	748	752	757	762
3A_SB	49	d	693	699	703	708	712	716	720	725	729	733	737	739	745	749	753	759	/
3A_SB	50	a	701	706	710	716	719	724	728	733	736	739	743	745	751	756	761	767	771
3A_SB	50	d	702	707	711	717	721	725	730	734	737	741	744	747	753	758	763	769	/
3A_SB	51	a	706	712	716	722	727	732	737	741	744	747	751	754	760	764	768	775	779
3A_SB	51	d	707	713	717	724	729	734	738	742	745	749	753	756	761	765	770	777	/
3A_SB	52	a	714	720	723	729	734	739	744	749	753	757	762	765	770	774	779	784	788
3A_SB	52	d	715	721	724	731	736	741	746	750	754	759	764	767	771	776	780	785	/
3A_SB	53	a	732	737	742	750	754	759	763	767	771	775	779	781	786	790	794	799	804
3A_SB	53	d	733	739	744	752	756	761	764	769	772	776	780	783	787	791	796	801	/
3A_SB	54	a	749	755	758	763	766	770	774	779	784	788	792	794	799	803	808	812	816
3A_SB	54	d	750	756	759	764	768	771	776	781	785	790	793	796	801	805	809	813	/
3A_SB	55	a	777	782	787	793	797	800	803	808	812	816	819	821	827	830	834	840	844
3A_SB	55	d	778	784	788	794	798	801	805	810	813	817	820	823	828	831	836	842	/
3A_SB	56	a	793	799	802	810	814	819	824	828	832	836	839	843	847	852	856	862	866
3A_SB	56	d	794	800	804	812	816	821	826	829	833	837	841	844	849	854	858	864	/
3A_SB	57	a	818	823	827	834	838	842	846	850	855	858	861	865	869	873	878	884	888
3A_SB	57	d	819	825	829	836	839	843	848	852	856	859	863	866	870	875	879	886	/
3A_SB	58	a	843	848	852	858	863	868	871	876	881	885	889	892	898	901	906	913	916
3A_SB	58	d	844	849	853	860	865	869	873	878	882	887	891	894	899	903	908	914	/
3A_SB	59	a	869	876	879	885	890	895	899	904	908	913	918	921	926	931	936	941	944
3A_SB	59	d	870	877	881	887	892	897	900	905	910	915	920	922	928	933	937	942	/
3A_SB	60	a	891	897	901	908	911	916	920	925	929	934	938	941	946	950	954	959	962
3A_SB	60	d	892	899	902	909	913	917	922	926	931	936	940	943	947	951	955	960	/
3A_SB	61	a	918	925	929	936	939	944	948	952	957	961	965	968	973	977	981	986	990
3A_SB	61	d	919	926	931	937	941	946	949	954	959	963	967	969	975	978	982	987	/
3A_SB	62	a	946	952	955	961	965	969	973	978	982	986	990	992	997	1002	1006	1012	1016
3A_SB	62	d	947	953	957	962	966	970	975	980	983	988	991	994	999	1003	1008	1013	/
3A_SB	63	a	971	976	980	986	989	993	997	1001	1005	1009	1013	1017	1022	1026	1030	1036	1040
3A_SB	63	d	972	978	982	987	990	994	998	1003	1006	1011	1015	1018	1023	1027	1031	1037	/
3A_SB	64	a	997	1004	1007	1013	1016	1020	1023	1027	1031	1036	1039	1042	1048	1053	1058	1064	1068
3A_SB	64	d	998	1005	1008	1014	1017	1021	1024	1029	1033	1037	1040	1044	1050	1055	1060	1066	/
3A_NB	1	a	23	27	30	35	39	43	47	49	54	60	64	67	69	73	77	80	84	88
3A_NB	1	d	24	28	31	36	41	45	48	51	56	61	66	68	71	75	78	81	85	/
3A_NB	2	a	37	41	44	48	51	55	58	60	65	72	76	79	82	86	90	94	97	101
3A_NB	2	d	38	42	45	49	53	56	59	62	67	73	77	81	84	88	92	95	98	/
3A_NB	3	a	59	62	65	69	74	78	82	84	88	93	97	99	101	105	109	112	115	118
3A_NB	3	d	60	63	67	71	75	80	83	85	89	94	98	100	102	106	110	113	116	/
3A_NB	4	a	66	69	72	76	80	84	88	92	97	102	106	108	111	115	119	123	128	131
3A_NB	4	d	67	70	74	78	81	86	90	94	98	103	107	109	113	116	120	125	129	/
3A_NB	5	a	85	88	91	96	100	104	107	110	114	118	121	124	127	132	136	141	144	148
3A_NB	5	d	86	89	93	98	101	105	109	111	115	119	122	125	129	133	138	142	146	/
3A_NB	6	a	96	99	103	107	112	115	118	120	123	129	133	136	139	143	147	151	154	157
3A_NB	6	d	97	101	104	109	113	116	119	121	124	130	134	138	141	145	148	152	155	/
3A_NB	7	a	102	105	109	114	119	123	128	131	134	140	144	146	148	151	154	158	161	164
3A_NB	7	d	103	107	111	116	121	125	130	132	135	141	145	147	149	152	155	159	162	/
3A_NB	8	a	113	117	121	126	129	133	137	141	145	151	155	157	160	163	166	169	172	175
3A_NB	8	d	114	119	123	127	131	135	139	142	146	152	156	158	161	164	167	170	173	/
3A_NB	9	a	123	126	130	134	138	143	146	149	153	158	162	164	166	170	173	177	181	185
3A_NB	9	d	124	127	131	136	140	144	147	151	154	159	163	165	168	171	175	179	183	/
3A_NB	10	a	135	139	142	147	150	154	157	159	163	168	172	176	179	184	188	192	195	199
3A_NB	10	d	136	140	144	148	152	155	158	161	164	169	174	178	181	185	190	193	196	/
3A_NB	11	a	154	158	162	166	170	173	176	178	182	187	190	192	194	198	201	204	207	211
3A_NB	11	d	155	160	164	168	171	174	177	179	183	188	191	193	195	199	202	205	208	/
3A_NB	12	a	174	178	181	185	188	192	195	198	201	207	210	212	214	217	220	224	228	231
3A_NB	12	d	175	179	182	186	189	193	196	199	202	208	211	213	215	218	221	225	229	/
3A_NB	13	a	183	187	190	195	198	203	207	211	214	220	224	227	229	232	236	241	245	250
3A_NB	13	d	184	188	192	196	200	205	209	212	215	221	225	228	230	233	238	242	247	/
3A_NB	14	a	203	207	210	215	219	223	227	229	232	238	242	245	247	252	256	259	262	266
3A_NB	14	d	204	208	212	216	220	225	228	230	233	239	243	246	249	253	257	260	263	/
3A_NB	15	a	222	225	229	233	236	240	243	246	251	256	259	261	263	267	270	273	276	279
3A_NB	15	d	223	226	230	234	237	241	245	248	252	257	260	262	264	268	271	274	277	/
3A_NB	16	a	232	235	239	243	247	251	255	259	262	269	272	275	278	282	286	289	292	296
3A_NB	16	d	233	236	240	245	248	253	257	260	264	270	273	276	280	283	287	290	293	/
3A_NB	17	a	243	246	250	254	258	262	265	269	272	278	281	284	287	292	296	300	303	306
3A_NB	17	d	244	247	251	255	259	263	267	270	273	279	282	285	289	294	298	301	304	/
3A_NB	18	a	254	257	260	264	269	273	276	279	283	289	293	297	301	306	309	313	316	321
3A_NB	18	d	255	258	261	266	270	274	278	281	284	290	295	299	303	307	311	314	318	/
3A_NB	19	a	273	276	280	283	287	291	295	298	302	307	311	314	317	320	323	326	329	333
3A_NB	19	d	274	277	281	285	288	293	296	299	303	308	312	315	318	321	324	327	330	/
3A_NB	20	a	290	293	298	303	307	312	316	318	322	327	331	334	336	339	343	347	350	354
3A_NB	20	d	291	295	300	305	309	313	317	319	323	328	332	335	337	340	344	348	352	/
3A_NB	21	a	305	309	313	318	321	325	329	332	336	341	345	348	351	354	357	361	365	369
3A_NB	21	d	306	310	315	319	323	326	330	333	337	342	346	349	352	355	358	362	366	/
3A_NB	22	a	335	338	341	346	350	353	357	360	363	368	372	375	379	383	387	390	394	397
3A_NB	22	d	336	339	343	348	351	355	358	361	364	369	373	377	381	385	388	392	395	/
3A_NB	23	a	348	351	355	358	361	365	369	372	375	380	383	385	388	391	394	397	400	403
3A_NB	23	d	349	352	356	359	363	367	371	373	376	381	384	386	389	392	395	398	401	/
3A_NB	24	a	357	360	363	367	370	373	376	378	382	388	391	395	397	400	404	408	411	416
3A_NB	24	d	358	361	365	368	371	374	377	380	384	389	393	396	398	402	405	409	413	/
3A_NB	25	a	363	367	370	374	379	384	388	390	394	400	403	406	408	412	416	421	424	428
3A_NB	25	d	364	368	372	376	381	385	389	391	395	401	405	407	410	414	418	422	425	/
3A_NB	26	a	388	391	395	400	404	409	412	416	421	427	431	433	435	439	442	446	450	453
3A_NB	26	d	389	393	397	402	406	410	414	418	422	428	432	434	436	440	443	447	451	/
3A_NB	27	a	412	416	419	424	427	431	434	437	442	448	451	453	455	458	461	465	470	475
3A_NB	27	d	413	417	421	425	428	432	436	439	443	449	452	454	456	459	462	467	472	/
3A_NB	28	a	433	437	440	443	446	449	452	456	461	467	470	473	475	478	482	486	490	495
3A_NB	28	d	434	438	441	444	447	450	454	458	462	468	471	474	476	479	484	487	492	/
3A_NB	29	a	456	459	464	468	473	476	479	481	485	490	493	495	498	502	507	511	515	519
3A_NB	29	d	457	461	465	470	474	477	480	482	486	491	494	496	500	504	509	513	517	/
3A_NB	30	a	465	468	472	477	482	486	489	491	495	501	505	507	510	513	516	519	522	525
3A_NB	30	d	466	470	474	479	483	487	490	492	496	502	506	508	511	514	517	520	523	/
3A_NB	31	a	474	477	481	485	488	492	495	498	502	508	512	516	519	522	525	529	532	536
3A_NB	31	d	475	479	482	486	489	493	497	499	503	510	514	517	520	523	526	530	534	/
3A_NB	32	a	484	487	491	495	499	504	507	509	513	519	522	525	528	531	534	538	543	548
3A_NB	32	d	485	488	492	497	501	505	508	511	514	520	523	526	529	532	535	540	545	/
3A_NB	33	a	490	493	497	500	504	509	512	514	518	524	527	529	533	536	539	544	548	553
3A_NB	33	d	491	494	498	502	506	510	513	516	519	525	528	531	534	537	541	545	550	/
3A_NB	34	a	497	500	504	507	511	515	518	521	525	531	535	537	541	544	548	553	557	561
3A_NB	34	d	498	501	505	509	513	516	520	523	527	533	536	539	542	546	550	554	558	/
3A_NB	35	a	504	507	512	517	521	524	527	531	535	540	544	547	550	553	556	560	564	568
3A_NB	35	d	505	509	514	518	522	525	529	532	536	541	545	549	551	554	557	561	565	/
3A_NB	36	a	512	516	520	524	527	531	534	537	541	546	550	553	555	559	563	567	571	575
3A_NB	36	d	513	517	521	525	528	532	535	538	542	547	551	554	556	560	564	568	572	/
3A_NB	37	a	525	529	533	538	541	545	549	551	555	562	567	570	572	575	580	583	588	593
3A_NB	37	d	526	530	535	539	543	547	550	552	557	564	569	571	573	577	581	585	590	/
3A_NB	38	a	544	547	550	554	558	561	564	566	569	575	579	581	583	586	589	594	599	604
3A_NB	38	d	545	548	551	555	559	562	565	567	570	576	580	582	584	587	591	596	601	/
3A_NB	39	a	551	554	559	563	568	571	576	578	582	588	592	596	599	604	608	612	617	621
3A_NB	39	d	552	556	560	565	569	573	577	580	583	589	594	598	601	605	609	614	618	/
3A_NB	40	a	575	579	582	587	592	597	601	603	608	613	616	618	622	625	628	632	636	641
3A_NB	40	d	576	580	584	589	594	599	602	605	609	614	617	620	623	626	630	634	638	/
3A_NB	41	a	585	589	592	596	600	604	608	610	614	620	623	625	629	633	638	642	645	648
3A_NB	41	d	586	590	593	597	601	606	609	611	615	621	624	627	631	635	640	643	646	/
3A_NB	42	a	604	608	612	616	620	625	628	630	635	642	646	649	651	655	660	665	670	674
3A_NB	42	d	605	610	613	618	622	626	629	632	637	644	648	650	653	657	662	667	672	/
3A_NB	43	a	622	626	629	634	638	642	646	650	654	659	663	665	668	671	676	679	683	687
3A_NB	43	d	623	627	631	636	639	644	648	652	655	660	664	667	669	673	677	680	684	/
3A_NB	44	a	644	647	651	656	660	664	668	671	676	682	685	687	690	693	696	700	703	708
3A_NB	44	d	645	649	653	657	661	666	670	673	677	683	686	689	691	694	698	701	705	/
3A_NB	45	a	652	655	659	663	668	672	676	678	682	688	692	696	698	702	705	709	714	718
3A_NB	45	d	653	657	661	665	669	674	677	679	683	690	694	697	700	703	707	711	715	/
3A_NB	46	a	660	664	667	671	675	680	684	686	690	697	700	703	705	708	711	715	720	724
3A_NB	46	d	661	665	669	672	677	682	685	687	692	698	701	704	706	709	713	717	721	/
3A_NB	47	a	675	679	683	688	692	695	699	703	708	715	718	722	724	727	731	734	737	741
3A_NB	47	d	676	681	685	690	693	697	701	705	709	716	720	723	725	728	732	735	738	/
3A_NB	48	a	680	684	688	693	697	701	705	708	713	720	724	727	729	732	736	739	742	746
3A_NB	48	d	681	686	690	695	699	703	707	710	714	721	725	728	730	733	737	740	743	/
3A_NB	49	a	689	693	696	701	705	709	712	714	719	725	729	733	736	741	746	749	752	756
3A_NB	49	d	690	694	698	703	706	710	713	716	720	726	731	735	738	743	747	750	753	/
3A_NB	50	a	711	715	719	724	728	732	736	738	742	749	753	757	759	763	767	770	774	778
3A_NB	50	d	712	716	721	726	730	733	737	740	744	751	755	758	761	764	768	772	776	/
3A_NB	51	a	739	743	747	752	757	761	764	767	772	778	783	786	789	793	797	800	803	808
3A_NB	51	d	740	744	749	754	758	762	766	769	774	780	784	788	790	794	798	801	805	/
3A_NB	52	a	766	770	774	778	782	786	790	793	798	803	807	811	814	818	823	828	831	835
3A_NB	52	d	767	772	775	780	783	787	792	795	799	804	809	812	815	820	825	829	832	/
3A_NB	53	a	795	799	803	808	811	815	819	822	825	831	835	839	841	844	847	851	854	858
3A_NB	53	d	796	801	805	809	812	817	821	823	826	832	837	840	842	845	848	852	855	/
3A_NB	54	a	809	813	817	822	826	830	833	835	839	845	850	853	855	858	863	866	870	875
3A_NB	54	d	810	814	819	824	827	831	834	837	841	847	852	854	856	860	864	868	872	/
3A_NB	55	a	831	834	839	844	848	851	855	857	861	867	872	874	878	882	887	891	894	899
3A_NB	55	d	832	836	841	846	849	853	856	858	862	869	873	876	880	884	888	892	896	/
3A_NB	56	a	853	857	862	865	869	873	876	878	881	886	891	894	898	902	906	909	913	918
3A_NB	56	d	854	859	863	867	870	874	877	879	882	888	892	896	900	904	907	910	915	/
3A_NB	57	a	880	883	887	891	894	898	901	903	908	914	918	921	923	927	931	935	939	943
3A_NB	57	d	881	884	889	892	895	899	902	905	910	915	919	922	924	928	933	937	940	/
3A_NB	58	a	899	902	906	911	914	919	922	926	930	936	940	944	947	951	955	960	964	968
3A_NB	58	d	900	903	908	912	916	920	924	928	931	938	942	945	949	952	957	962	965	/
3A_NB	59	a	921	925	929	933	937	941	945	948	953	960	964	966	970	974	979	982	986	989
3A_NB	59	d	922	927	930	935	938	942	947	950	955	962	965	968	972	976	980	983	987	/
3A_NB	60	a	934	938	943	947	951	955	958	960	964	969	972	975	978	981	986	989	993	997
3A_NB	60	d	935	940	945	949	953	956	959	961	965	970	974	977	979	983	987	991	995	/
3A_NB	61	a	941	945	950	953	956	960	963	967	971	977	981	984	986	990	993	997	1001	1004
3A_NB	61	d	942	947	951	954	958	961	965	968	973	978	982	985	988	991	994	999	1002	/
3A_NB	62	a	960	963	967	971	975	980	984	987	991	997	1002	1005	1007	1011	1015	1019	1023	1027
3A_NB	62	d	961	965	968	973	977	982	985	988	992	999	1004	1006	1009	1012	1016	1021	1024	/
3A_NB	63	a	983	987	991	996	1000	1005	1009	1012	1016	1021	1025	1028	1030	1034	1037	1041	1046	1051
3A_NB	63	d	984	988	993	997	1002	1007	1010	1013	1018	1022	1026	1029	1032	1035	1038	1043	1048	/
3A_NB	64	a	999	1003	1007	1011	1015	1018	1022	1025	1028	1033	1037	1040	1042	1045	1049	1053	1058	1062
3A_NB	64	d	1000	1004	1008	1013	1016	1020	1024	1026	1030	1034	1038	1041	1043	1047	1051	1055	1059	/
