RouteID	RunID	Arrivals/Departures	TimePerStop
1A_SB	1	a	18	24	32	36	40	45	50	54	61	65	69	79	84	88
1A_SB	1	d	19	25	34	38	42	46	52	56	62	66	70	80	86	/
1A_SB	2	a	38	44	52	56	59	63	68	73	80	84	89	99	103	107
1A_SB	2	d	39	45	54	57	61	64	70	75	82	86	91	100	104	/
1A_SB	3	a	60	66	76	79	82	86	91	95	101	104	108	118	123	128
1A_SB	3	d	61	68	77	80	84	87	92	96	102	105	110	119	125	/
1A_SB	4	a	67	73	83	87	91	95	101	106	111	114	119	127	133	137
1A_SB	4	d	68	75	85	89	92	97	103	107	112	116	120	129	134	/
1A_SB	5	a	74	80	89	93	97	101	106	110	116	120	125	133	140	143
1A_SB	5	d	76	81	90	94	98	102	108	112	118	122	126	135	141	/
1A_SB	6	a	95	103	113	116	120	124	128	131	137	140	144	152	158	161
1A_SB	6	d	97	105	114	117	121	125	129	132	138	141	146	153	159	/
1A_SB	7	a	104	110	120	123	126	130	134	138	145	149	152	161	168	173
1A_SB	7	d	106	112	121	124	127	131	135	140	147	150	154	163	170	/
1A_SB	8	a	113	119	129	132	135	138	142	147	154	158	161	169	175	179
1A_SB	8	d	115	120	130	133	136	139	144	149	155	159	162	170	176	/
1A_SB	9	a	118	125	135	139	143	146	150	155	161	165	169	180	188	193
1A_SB	9	d	120	126	136	141	144	147	152	157	162	166	171	182	190	/
1A_SB	10	a	131	138	147	151	156	159	165	169	176	179	183	192	200	203
1A_SB	10	d	133	139	148	153	157	160	166	170	177	180	184	194	201	/
1A_SB	11	a	139	144	153	157	162	165	171	176	184	188	192	201	207	210
1A_SB	11	d	140	145	155	159	163	166	173	178	185	189	193	202	208	/
1A_SB	12	a	146	152	161	164	168	172	178	182	188	193	197	207	214	218
1A_SB	12	d	148	154	162	166	170	173	179	183	190	194	199	209	216	/
1A_SB	13	a	167	175	184	187	190	194	200	204	210	213	216	224	228	231
1A_SB	13	d	169	176	185	188	191	195	201	205	211	214	217	225	229	/
1A_SB	14	a	176	184	195	199	203	207	213	217	222	225	229	238	244	247
1A_SB	14	d	178	186	197	201	204	208	214	218	223	226	231	240	245	/
1A_SB	15	a	191	198	207	211	215	220	227	231	238	241	244	254	260	265
1A_SB	15	d	193	200	209	213	217	222	229	233	239	242	246	256	262	/
1A_SB	16	a	215	222	232	236	240	243	248	252	258	262	266	275	281	286
1A_SB	16	d	217	223	233	237	241	244	249	253	259	264	267	277	283	/
1A_SB	17	a	227	234	242	245	248	251	256	259	265	270	274	282	287	291
1A_SB	17	d	229	235	243	246	249	252	257	261	267	272	275	283	288	/
1A_SB	18	a	233	240	248	251	254	258	263	266	271	275	279	287	293	298
1A_SB	18	d	235	241	249	252	255	259	264	267	272	277	280	289	295	/
1A_SB	19	a	241	247	256	260	263	267	272	276	283	287	290	299	305	309
1A_SB	19	d	242	249	258	261	264	268	274	277	284	288	291	301	306	/
1A_SB	20	a	251	258	269	272	275	279	284	287	294	297	301	310	315	319
1A_SB	20	d	253	260	270	273	276	280	285	288	295	299	303	311	316	/
1A_SB	21	a	256	264	274	277	280	284	290	293	300	304	307	315	322	326
1A_SB	21	d	258	265	275	278	281	285	291	294	301	305	308	317	323	/
1A_SB	22	a	264	272	279	283	286	289	295	298	305	309	312	321	328	332
1A_SB	22	d	266	273	281	284	287	290	296	300	306	310	314	323	330	/
1A_SB	23	a	287	294	302	305	308	311	317	320	325	329	333	343	351	354
1A_SB	23	d	289	295	303	306	309	312	318	321	327	331	334	345	352	/
1A_SB	24	a	306	313	320	325	329	333	339	342	348	352	356	365	371	375
1A_SB	24	d	308	314	322	326	331	334	340	344	349	353	357	366	373	/
1A_SB	25	a	325	331	342	347	352	357	363	368	374	379	383	392	396	400
1A_SB	25	d	326	333	344	349	354	358	365	369	376	381	384	393	398	/
1A_SB	26	a	337	342	353	358	362	366	373	377	382	386	390	398	403	408
1A_SB	26	d	338	344	355	359	364	368	374	378	383	388	391	400	405	/
1A_SB	27	a	356	361	370	374	378	382	387	392	398	401	405	415	421	426
1A_SB	27	d	357	363	371	375	380	383	389	394	399	403	406	417	423	/
1A_SB	28	a	372	377	388	392	397	401	408	411	418	423	427	438	443	448
1A_SB	28	d	373	379	389	394	399	403	409	413	420	424	429	439	445	/
1A_SB	29	a	379	385	396	400	405	408	415	418	425	429	433	442	448	453
1A_SB	29	d	380	387	398	402	406	409	416	420	426	430	435	444	450	/
1A_SB	30	a	396	402	410	413	417	421	428	432	438	442	447	455	461	466
1A_SB	30	d	397	404	411	415	419	423	430	433	440	444	448	456	463	/
1A_SB	31	a	421	427	438	442	445	449	455	458	464	467	471	479	484	487
1A_SB	31	d	422	429	439	443	447	450	456	460	465	468	472	480	485	/
1A_SB	32	a	427	433	443	447	450	454	461	465	470	474	478	486	491	494
1A_SB	32	d	428	435	444	448	452	456	463	466	472	475	479	487	492	/
1A_NB	1	a	4	9	15	24	31	35	40	43	51	55	60	64	71	77
1A_NB	1	d	5	11	17	26	33	36	41	45	53	57	62	65	73	/
1A_NB	2	a	19	23	29	37	43	46	52	57	65	69	73	76	83	87
1A_NB	2	d	20	25	30	38	44	47	54	59	66	70	74	78	84	/
1A_NB	3	a	34	38	43	51	57	60	67	72	78	82	86	90	97	101
1A_NB	3	d	35	39	44	52	58	62	69	73	79	84	88	91	98	/
1A_NB	4	a	48	52	59	67	74	78	83	87	94	99	103	106	113	119
1A_NB	4	d	49	54	61	69	76	79	84	89	96	100	104	107	115	/
1A_NB	5	a	69	74	80	88	95	99	104	109	116	120	124	127	135	141
1A_NB	5	d	71	76	81	90	96	100	106	111	117	122	125	129	137	/
1A_NB	6	a	96	101	108	115	122	126	132	135	140	144	149	152	163	169
1A_NB	6	d	98	103	109	117	124	128	133	136	141	146	150	154	165	/
1A_NB	7	a	119	124	130	139	146	149	155	159	165	168	172	175	183	189
1A_NB	7	d	121	126	132	141	147	150	156	160	166	169	173	176	184	/
1A_NB	8	a	145	150	157	166	171	175	180	184	192	196	201	204	211	217
1A_NB	8	d	147	152	159	167	173	176	181	186	194	198	202	205	212	/
1A_NB	9	a	167	173	179	185	192	196	202	207	214	218	222	226	235	243
1A_NB	9	d	169	175	180	187	193	197	204	209	215	220	223	228	237	/
1A_NB	10	a	180	186	192	199	205	208	214	219	226	231	234	238	246	251
1A_NB	10	d	182	188	194	201	206	210	216	221	228	232	236	240	247	/
1A_NB	11	a	190	195	201	208	213	216	222	226	233	238	242	246	253	259
1A_NB	11	d	191	196	202	209	214	218	223	227	235	240	244	247	255	/
1A_NB	12	a	215	219	225	231	238	241	247	252	260	264	268	273	279	286
1A_NB	12	d	216	221	226	233	239	243	249	254	261	266	270	274	281	/
1A_NB	13	a	239	244	249	255	260	264	269	272	278	283	286	290	298	304
1A_NB	13	d	241	245	250	256	261	265	270	273	280	284	288	292	299	/
1A_NB	14	a	244	249	255	262	268	272	279	283	289	293	297	301	309	315
1A_NB	14	d	246	251	256	264	269	274	281	284	291	294	299	302	310	/
1A_NB	15	a	264	269	275	283	288	292	298	302	309	312	315	319	326	331
1A_NB	15	d	266	270	276	284	290	294	299	303	310	313	317	321	327	/
1A_NB	16	a	271	277	283	291	298	301	307	311	318	321	325	329	336	341
1A_NB	16	d	273	278	284	293	299	303	309	312	319	322	327	330	337	/
1A_NB	17	a	284	289	294	302	307	311	316	320	326	330	335	339	347	352
1A_NB	17	d	285	290	295	303	309	312	318	322	328	332	337	341	348	/
1A_NB	18	a	305	309	315	322	329	333	340	345	351	355	358	361	371	378
1A_NB	18	d	306	311	316	324	331	335	342	346	353	356	359	363	373	/
1A_NB	19	a	329	334	340	347	353	357	363	367	373	376	380	384	392	398
1A_NB	19	d	330	336	341	349	355	358	364	368	374	377	381	386	394	/
1A_NB	20	a	345	349	355	363	370	375	381	386	393	396	400	403	410	415
1A_NB	20	d	346	350	356	365	372	377	383	387	394	398	401	404	411	/
1A_NB	21	a	355	359	364	372	378	383	389	393	400	403	406	410	418	423
1A_NB	21	d	356	360	366	373	380	385	390	394	401	404	407	411	420	/
1A_NB	22	a	368	372	378	385	390	393	399	403	411	415	418	422	431	435
1A_NB	22	d	369	374	379	386	391	395	400	405	413	416	419	423	432	/
1A_NB	23	a	393	398	404	412	418	421	428	432	438	441	445	449	456	463
1A_NB	23	d	394	399	406	414	419	423	429	433	439	442	447	450	458	/
1A_NB	24	a	400	405	411	418	424	428	434	438	444	447	452	455	463	469
1A_NB	24	d	401	407	412	420	426	429	436	440	445	449	453	457	464	/
1A_NB	25	a	428	433	438	446	452	456	460	464	469	473	477	481	488	494
1A_NB	25	d	429	434	440	447	453	457	462	465	470	474	478	483	490	/
1A_NB	26	a	438	442	448	457	464	469	474	477	482	486	489	494	500	506
1A_NB	26	d	439	444	450	459	466	470	475	478	483	487	491	495	501	/
1A_NB	27	a	448	452	458	466	471	476	481	485	491	495	499	502	509	516
1A_NB	27	d	449	454	459	467	473	477	483	486	492	497	500	504	511	/
1A_NB	28	a	462	466	472	478	484	488	494	498	504	508	513	516	522	529
1A_NB	28	d	463	467	473	480	486	489	495	500	506	510	514	517	524	/
1A_NB	29	a	487	491	498	506	512	515	519	523	531	535	538	542	551	559
1A_NB	29	d	488	493	500	508	513	516	520	525	533	536	540	544	553	/
1A_NB	30	a	512	516	522	530	535	539	546	550	556	559	564	567	577	583
1A_NB	30	d	513	518	523	531	537	541	547	551	557	561	565	569	578	/
1A_NB	31	a	529	534	541	548	555	560	566	569	576	580	584	588	596	602
1A_NB	31	d	530	535	543	550	557	561	567	571	578	581	586	589	598	/
1A_NB	32	a	554	558	563	569	575	580	586	591	598	603	608	612	620	625
1A_NB	32	d	555	559	564	571	577	582	588	593	600	605	610	614	621	/
2A_NB	1	a	16	19	24	30	33	37	43	46	50	62	67	71	74	79	83	87	91	94	99	103	108	113	116	123
2A_NB	1	d	17	21	26	31	35	39	44	47	52	63	69	73	76	81	85	89	93	96	101	105	110	114	117	/
2A_NB	2	a	31	35	40	46	49	53	59	64	67	79	85	88	91	94	97	101	104	106	111	115	120	125	128	136
2A_NB	2	d	32	37	41	48	51	54	61	65	69	81	86	89	92	95	99	102	105	108	112	117	122	126	130	/
2A_NB	3	a	45	48	52	57	60	63	70	74	78	88	94	98	101	104	107	109	114	117	122	126	130	135	138	147
2A_NB	3	d	46	50	53	59	61	65	71	75	79	90	96	99	102	105	108	111	116	119	123	127	132	136	140	/
2A_NB	4	a	51	55	58	65	68	71	77	81	86	97	102	105	107	111	115	118	122	125	129	133	138	141	145	153
2A_NB	4	d	53	56	60	67	69	72	79	83	88	98	103	106	108	113	117	119	124	126	130	135	139	143	146	/
2A_NB	5	a	63	67	70	77	80	84	89	92	95	104	109	111	113	118	121	125	128	131	136	140	144	147	151	160
2A_NB	5	d	65	68	72	79	82	85	90	93	96	105	110	112	115	119	123	126	130	133	137	141	145	149	152	/
2A_NB	6	a	70	74	78	85	87	90	95	98	101	111	117	119	121	125	129	132	136	138	142	147	152	156	159	168
2A_NB	6	d	72	75	80	86	88	91	96	99	103	113	118	120	123	127	130	134	137	139	144	149	153	157	160	/
2A_NB	7	a	88	92	97	101	103	107	113	117	120	128	134	136	139	142	146	149	153	157	161	165	169	174	177	185
2A_NB	7	d	89	94	98	102	105	109	114	118	122	129	135	138	140	143	147	150	155	158	162	166	171	175	179	/
2A_NB	8	a	112	116	120	125	128	132	138	141	144	152	159	162	164	167	170	174	178	182	187	192	197	201	204	210
2A_NB	8	d	113	117	121	127	129	134	139	142	146	153	161	163	165	168	172	176	180	184	189	194	199	202	205	/
2A_NB	9	a	122	126	130	135	137	140	146	150	154	162	169	172	176	180	183	187	191	195	199	202	206	209	214	222
2A_NB	9	d	123	127	131	136	138	142	148	152	155	163	171	174	178	181	185	188	193	196	200	203	207	211	216	/
2A_NB	10	a	140	144	149	156	158	161	167	172	176	186	194	198	201	205	208	210	213	215	220	223	227	231	235	244
2A_NB	10	d	142	146	151	157	159	162	169	174	177	188	196	200	202	206	209	211	214	217	221	225	229	232	236	/
2A_NB	11	a	149	153	158	165	167	171	178	183	186	195	202	206	209	212	217	219	223	225	228	231	234	237	241	249
2A_NB	11	d	151	155	160	166	168	173	180	184	188	197	204	208	210	214	218	221	224	226	229	232	235	238	242	/
2A_NB	12	a	161	165	169	176	178	182	188	192	196	205	212	215	218	222	226	229	233	236	239	243	248	253	257	265
2A_NB	12	d	163	166	171	177	179	184	189	194	197	207	213	217	220	223	227	230	235	237	240	245	250	255	258	/
2A_NB	13	a	180	184	189	195	198	202	208	213	216	225	231	233	235	239	243	247	250	252	256	260	264	267	270	278
2A_NB	13	d	182	186	190	197	200	204	210	214	217	226	232	234	237	240	245	248	251	253	257	261	265	268	272	/
2A_NB	14	a	185	189	194	201	204	208	214	218	221	230	236	239	242	246	250	253	256	259	262	267	271	275	278	285
2A_NB	14	d	187	191	196	203	206	210	215	219	222	231	238	240	243	247	251	254	258	260	264	268	272	276	279	/
2A_NB	15	a	190	194	199	206	209	214	219	223	226	236	242	244	247	251	255	258	263	265	268	272	276	280	283	290
2A_NB	15	d	192	196	201	208	211	215	220	224	228	237	243	245	248	252	256	260	264	266	270	273	277	281	284	/
2A_NB	16	a	214	219	223	229	231	236	243	247	250	258	264	267	271	275	280	283	288	290	294	298	302	306	310	317
2A_NB	16	d	216	221	225	230	233	238	244	248	252	259	265	269	273	277	281	285	289	291	295	299	303	308	311	/
2A_NB	17	a	238	241	246	251	254	257	264	268	272	284	291	295	297	301	305	307	310	313	318	322	325	329	333	340
2A_NB	17	d	239	243	247	253	255	259	265	270	274	285	293	296	298	303	306	308	312	315	319	323	327	331	334	/
2A_NB	18	a	246	250	255	261	264	267	273	277	280	291	299	301	304	309	313	316	320	324	329	333	338	343	346	354
2A_NB	18	d	247	252	257	262	265	268	274	278	281	293	300	302	306	311	315	318	322	326	331	335	340	344	347	/
2A_NB	19	a	264	267	272	278	281	285	291	296	301	311	318	321	324	328	332	336	339	343	348	353	357	360	363	371
2A_NB	19	d	265	269	274	280	282	287	293	298	302	313	320	323	325	330	334	337	341	345	350	355	358	361	364	/
2A_NB	20	a	288	292	297	302	306	310	317	320	325	333	340	344	347	351	355	358	362	365	369	373	377	381	384	390
2A_NB	20	d	289	294	298	304	308	312	318	322	326	335	342	346	349	352	357	360	364	366	370	375	378	382	385	/
2A_NB	21	a	302	306	311	316	320	324	330	334	339	347	354	357	360	364	369	372	375	378	382	386	389	392	396	403
2A_NB	21	d	303	308	312	318	322	326	332	336	341	348	355	359	361	366	371	373	377	379	384	387	390	394	398	/
2A_NB	22	a	318	321	325	331	335	339	345	350	355	363	370	372	375	379	384	388	392	395	400	405	410	414	417	424
2A_NB	22	d	319	322	326	333	336	341	347	352	356	365	371	374	377	381	386	390	394	397	402	407	412	415	419	/
2A_NB	23	a	330	334	339	345	347	350	356	361	365	375	382	384	387	391	395	399	402	404	408	413	418	421	425	433
2A_NB	23	d	331	336	341	346	348	351	358	362	366	377	383	386	389	393	397	400	403	405	410	415	419	422	427	/
2A_NB	24	a	358	361	364	370	373	376	383	386	390	401	407	410	413	416	419	422	426	429	432	437	441	444	448	456
2A_NB	24	d	359	362	365	371	374	378	384	388	391	402	409	412	414	417	420	423	428	430	434	438	442	446	450	/
2A_NB	25	a	378	382	387	394	397	400	408	413	417	426	432	436	438	441	446	449	453	455	460	464	469	473	476	485
2A_NB	25	d	379	384	388	396	398	402	410	414	418	428	434	437	439	443	448	451	454	457	462	466	471	474	478	/
2A_NB	26	a	400	403	408	413	416	420	426	431	434	442	449	453	455	458	462	465	469	472	477	480	484	489	492	499
2A_NB	26	d	401	405	409	415	418	421	428	432	435	444	451	454	456	460	463	466	471	474	478	481	486	490	493	/
2A_NB	27	a	408	411	416	422	424	428	434	438	443	452	459	463	465	469	473	476	480	483	488	491	495	499	503	510
2A_NB	27	d	409	413	418	423	426	429	436	440	445	453	461	464	466	470	474	477	482	485	489	492	497	501	505	/
2A_NB	28	a	417	420	425	431	434	437	444	448	452	459	467	470	472	476	480	484	489	492	497	500	505	508	513	520
2A_NB	28	d	418	422	427	433	435	438	446	450	453	461	468	471	473	477	482	486	491	494	498	502	506	510	515	/
2A_NB	29	a	438	442	446	452	454	459	466	470	474	484	491	494	497	502	506	509	514	518	522	526	529	532	537	545
2A_NB	29	d	439	443	448	453	456	461	468	471	476	485	493	495	499	503	507	511	516	519	524	527	530	534	539	/
2A_NB	30	a	468	472	476	481	483	487	492	497	500	509	516	519	523	527	531	534	538	540	544	549	552	556	561	568
2A_NB	30	d	469	473	477	482	484	488	494	498	501	511	517	521	524	528	533	535	539	541	546	550	553	558	562	/
2A_NB	31	a	486	490	494	500	504	509	515	520	524	533	541	543	546	550	554	557	561	563	566	569	573	577	580	588
2A_NB	31	d	487	491	495	502	506	510	517	521	525	535	542	545	548	552	556	558	562	564	567	571	575	578	581	/
2A_NB	32	a	497	501	505	512	516	521	527	532	536	546	553	555	557	561	566	569	572	575	579	583	586	591	595	604
2A_NB	32	d	498	503	507	514	518	522	529	534	538	548	554	556	558	563	568	570	574	577	581	584	588	593	597	/
2A_SB	1	a	14	19	24	28	32	35	39	43	48	53	58	61	66	70	74	82	87	91	95	101	103	108	113	118	126
2A_SB	1	d	15	20	26	29	33	37	41	45	50	55	60	63	68	72	75	83	88	93	96	102	105	110	115	119	/
2A_SB	2	a	30	35	41	45	49	52	56	60	65	70	76	79	83	87	91	98	104	108	113	119	121	126	129	133	143
2A_SB	2	d	31	37	43	47	51	54	58	62	67	72	78	80	84	88	92	99	105	110	114	120	122	127	130	134	/
2A_SB	3	a	45	51	57	62	65	68	71	75	79	83	87	89	92	96	100	108	114	119	122	130	132	138	142	145	157
2A_SB	3	d	46	52	59	63	66	70	73	76	80	84	88	90	93	97	102	109	116	120	124	131	134	139	143	147	/
2A_SB	4	a	50	57	64	67	71	75	78	82	86	90	95	98	102	107	111	120	126	130	134	139	143	147	151	155	164
2A_SB	4	d	52	59	65	69	73	76	79	83	87	92	97	100	104	108	112	121	128	132	135	141	144	148	152	157	/
2A_SB	5	a	65	71	78	81	85	88	91	95	100	103	107	110	114	118	123	133	141	144	148	153	155	159	163	167	176
2A_SB	5	d	67	73	79	82	86	89	92	97	101	104	109	112	116	120	125	135	142	146	149	154	156	160	165	168	/
2A_SB	6	a	78	84	90	94	98	100	103	108	112	116	120	123	128	131	135	143	150	153	156	161	163	167	170	174	183
2A_SB	6	d	80	86	92	96	99	101	105	109	113	117	122	125	129	132	136	144	151	154	157	162	164	168	172	175	/
2A_SB	7	a	94	101	106	110	114	117	121	124	127	131	134	136	140	144	148	156	163	166	170	175	179	183	187	192	201
2A_SB	7	d	96	102	108	111	116	119	122	125	128	132	135	137	141	145	149	157	164	167	171	177	181	185	189	193	/
2A_SB	8	a	107	113	119	123	127	130	133	136	139	143	146	148	152	156	160	170	179	184	188	194	197	201	204	209	221
2A_SB	8	d	109	114	120	124	128	131	134	137	140	144	147	149	153	157	162	172	181	185	189	195	198	202	206	210	/
2A_SB	9	a	119	125	132	137	141	144	146	150	154	158	161	164	167	170	173	183	189	193	197	204	207	211	214	218	231
2A_SB	9	d	121	126	134	139	142	145	147	151	155	159	162	165	168	171	175	184	190	194	198	205	208	212	215	220	/
2A_SB	10	a	126	132	140	143	146	149	152	156	160	164	167	170	173	176	179	188	195	199	203	211	214	218	221	226	236
2A_SB	10	d	128	134	141	144	147	151	154	157	161	165	169	171	174	177	181	190	196	200	205	212	215	219	223	227	/
2A_SB	11	a	141	147	154	158	163	165	168	172	175	178	181	183	186	190	195	202	208	212	217	223	226	231	236	239	249
2A_SB	11	d	142	148	156	160	164	166	170	173	176	179	182	184	188	192	197	204	210	214	219	224	228	233	237	241	/
2A_SB	12	a	154	160	166	170	173	176	179	183	188	192	196	199	202	205	209	217	224	229	234	240	242	247	251	255	264
2A_SB	12	d	155	162	167	171	175	177	181	185	189	194	198	200	203	206	211	219	226	231	236	241	243	248	253	256	/
2A_SB	13	a	161	167	174	179	183	187	191	195	198	202	205	207	211	214	218	225	231	235	239	246	248	253	257	260	269
2A_SB	13	d	162	169	176	181	185	189	193	196	199	203	206	209	212	215	219	226	232	236	241	247	249	254	258	261	/
2A_SB	14	a	169	174	181	185	189	193	197	200	203	207	211	214	218	221	225	232	238	242	246	252	254	259	263	267	277
2A_SB	14	d	170	176	182	187	191	195	198	201	204	209	213	215	219	222	226	233	239	244	247	253	256	260	265	269	/
2A_SB	15	a	183	189	195	199	203	206	209	212	215	218	222	224	228	231	235	242	248	252	255	261	264	268	273	277	287
2A_SB	15	d	184	191	196	200	204	207	210	213	216	219	223	225	229	232	236	243	249	253	256	263	265	270	274	278	/
2A_SB	16	a	198	202	208	213	218	220	222	225	228	232	236	239	242	246	249	256	262	267	270	276	278	282	286	290	299
2A_SB	16	d	199	204	210	215	219	221	223	226	229	233	237	240	243	247	251	257	264	268	271	277	279	283	287	291	/
2A_SB	17	a	203	208	213	218	223	225	228	231	234	238	243	246	250	255	259	266	272	275	278	284	286	290	294	298	307
2A_SB	17	d	205	209	215	220	224	227	229	232	235	240	245	248	252	257	260	267	273	276	279	285	287	291	295	299	/
2A_SB	18	a	215	221	227	231	235	238	240	243	246	250	254	256	259	263	266	273	279	282	285	289	292	297	302	306	318
2A_SB	18	d	217	223	229	233	237	239	241	244	247	251	255	257	260	264	267	274	280	283	286	291	294	299	304	308	/
2A_SB	19	a	227	234	240	243	246	248	251	254	257	261	265	267	270	274	278	286	293	297	301	306	308	312	316	319	328
2A_SB	19	d	229	235	241	244	247	249	252	255	258	262	266	268	271	275	279	287	294	298	302	307	309	313	317	320	/
2A_SB	20	a	232	239	244	248	251	253	256	259	262	266	270	272	275	279	283	291	298	302	306	311	313	317	321	324	334
2A_SB	20	d	234	240	246	249	252	254	257	260	263	267	271	273	276	280	284	292	299	303	307	312	314	318	322	326	/
2A_SB	21	a	237	244	249	253	258	260	263	266	269	272	276	278	281	285	288	297	304	307	311	316	319	325	329	332	340
2A_SB	21	d	239	245	251	255	259	261	264	267	270	273	277	279	282	286	289	298	305	308	312	317	321	326	330	333	/
2A_SB	22	a	244	251	256	259	263	266	269	272	276	279	283	285	289	292	295	304	310	313	317	323	326	331	334	338	346
2A_SB	22	d	246	252	257	260	265	267	270	274	277	280	284	286	290	293	296	305	311	314	318	324	327	332	336	339	/
2A_SB	23	a	250	256	261	264	268	271	274	277	281	284	288	290	294	297	300	308	315	318	322	328	331	336	340	343	351
2A_SB	23	d	251	257	262	265	270	273	275	279	282	285	289	291	295	298	302	310	316	319	323	329	333	338	341	344	/
2A_SB	24	a	258	264	269	273	276	278	281	284	288	292	296	298	303	308	311	319	326	330	334	340	343	348	353	356	365
2A_SB	24	d	259	265	271	274	277	280	282	286	289	293	297	300	305	309	313	321	328	331	335	341	345	350	354	357	/
2A_SB	25	a	266	272	279	282	286	290	292	295	298	302	306	308	312	316	319	325	332	337	342	348	352	357	361	365	374
2A_SB	25	d	267	274	280	284	288	291	293	296	299	303	307	309	313	317	320	327	334	339	343	350	354	358	362	366	/
2A_SB	26	a	273	278	285	289	293	296	298	301	305	309	313	315	319	322	325	331	337	342	347	354	358	363	367	372	382
2A_SB	26	d	274	280	287	290	294	297	299	302	306	310	314	316	320	323	326	333	339	344	349	356	360	365	369	374	/
2A_SB	27	a	282	287	295	298	303	306	308	311	315	320	325	329	333	336	340	348	355	359	363	370	373	377	382	387	396
2A_SB	27	d	283	289	296	300	304	307	309	312	317	322	327	330	334	338	342	349	356	360	365	371	374	379	384	389	/
2A_SB	28	a	300	306	313	317	321	325	327	331	334	338	341	345	349	353	358	365	370	374	378	385	387	392	396	401	412
2A_SB	28	d	301	307	315	319	323	326	328	332	336	339	343	347	351	355	360	366	371	375	380	386	389	393	398	403	/
2A_SB	29	a	324	329	336	341	346	348	351	355	359	363	368	370	373	378	382	390	395	398	403	410	413	419	423	427	436
2A_SB	29	d	325	331	338	343	347	349	353	356	360	365	369	371	375	379	384	391	396	400	404	411	415	420	424	429	/
2A_SB	30	a	344	349	355	360	363	366	369	373	377	381	385	388	392	397	400	408	414	418	422	428	432	437	441	444	456
2A_SB	30	d	345	351	357	361	365	367	371	375	378	382	387	390	394	398	402	409	416	420	423	430	433	438	442	446	/
2A_SB	31	a	353	358	363	366	370	372	375	380	383	387	392	396	400	405	409	417	423	426	429	435	439	445	450	454	463
2A_SB	31	d	354	359	364	368	371	373	377	381	384	389	394	398	402	407	411	418	424	427	430	437	441	447	451	455	/
2A_SB	32	a	372	378	385	388	391	395	397	401	406	410	415	419	422	425	430	438	445	448	452	460	464	468	472	475	487
2A_SB	32	d	373	379	386	389	393	396	399	403	408	412	417	420	423	427	431	440	446	450	454	462	465	469	473	477	/
3A_SB	1	a	9	13	17	22	26	30	33	37	42	44	49	53	57	63	67
3A_SB	1	d	10	15	19	24	28	31	34	39	43	46	51	55	59	65	/
3A_SB	2	a	37	43	46	51	55	58	60	64	68	71	76	80	84	91	96
3A_SB	2	d	38	44	48	53	57	59	62	65	70	72	77	82	86	93	/
3A_SB	3	a	43	49	53	58	63	67	70	74	79	81	86	90	93	99	103
3A_SB	3	d	44	50	55	60	65	68	72	76	80	82	87	91	94	100	/
3A_SB	4	a	64	70	74	79	83	86	88	92	96	99	104	108	111	116	120
3A_SB	4	d	65	72	76	80	84	87	89	93	97	100	105	109	112	117	/
3A_SB	5	a	84	89	93	98	101	104	108	112	116	118	122	125	128	134	137
3A_SB	5	d	85	91	95	99	102	106	110	113	117	119	123	126	129	135	/
3A_SB	6	a	96	101	105	108	112	115	118	123	127	129	134	137	140	146	150
3A_SB	6	d	97	103	106	110	113	116	120	125	128	130	135	138	141	148	/
3A_SB	7	a	102	107	111	114	118	122	124	129	133	136	142	146	149	155	160
3A_SB	7	d	103	108	112	116	120	123	126	131	135	137	144	147	151	157	/
3A_SB	8	a	123	129	133	137	141	143	146	149	153	155	160	164	169	175	179
3A_SB	8	d	124	130	134	138	142	144	147	150	154	156	162	166	171	177	/
3A_SB	9	a	128	134	138	143	148	151	155	160	165	167	171	174	178	185	188
3A_SB	9	d	129	136	140	145	150	153	157	162	166	168	172	175	180	186	/
3A_SB	10	a	136	142	146	150	154	157	160	165	170	173	178	182	185	191	195
3A_SB	10	d	137	144	147	151	156	158	162	167	172	175	180	183	186	193	/
3A_SB	11	a	145	151	154	159	164	167	170	173	178	180	185	188	191	197	201
3A_SB	11	d	146	152	156	161	166	168	171	175	179	181	186	189	192	198	/
3A_SB	12	a	152	158	161	166	170	172	176	179	183	185	190	193	196	202	206
3A_SB	12	d	153	159	163	168	171	174	177	181	184	186	191	194	197	203	/
3A_SB	13	a	166	171	175	179	184	187	190	195	200	202	207	210	213	218	222
3A_SB	13	d	167	173	177	181	186	189	192	197	201	203	208	211	214	220	/
3A_SB	14	a	185	190	195	199	203	205	207	210	214	216	221	225	228	233	237
3A_SB	14	d	186	192	196	201	204	206	208	211	215	217	222	226	229	235	/
3A_SB	15	a	196	201	205	209	212	214	217	220	224	226	230	233	236	241	244
3A_SB	15	d	197	202	206	210	213	215	218	221	225	227	231	234	237	242	/
3A_SB	16	a	201	206	210	214	217	220	223	226	229	231	235	238	241	247	251
3A_SB	16	d	202	207	211	215	219	221	224	227	230	232	236	239	242	249	/
3A_SB	17	a	207	212	217	221	225	229	231	236	239	242	246	249	252	258	262
3A_SB	17	d	208	214	218	223	227	230	233	237	240	243	247	250	253	259	/
3A_SB	18	a	223	228	232	237	240	244	247	251	254	258	263	266	270	277	281
3A_SB	18	d	224	229	233	238	242	245	249	252	256	260	264	268	272	279	/
3A_SB	19	a	232	238	242	246	250	253	256	260	263	266	270	273	277	284	287
3A_SB	19	d	233	239	243	248	251	255	257	261	264	267	271	274	279	285	/
3A_SB	20	a	243	249	253	257	260	262	264	268	271	273	278	281	285	293	297
3A_SB	20	d	244	250	254	258	261	263	265	269	272	274	279	282	287	295	/
3A_SB	21	a	251	257	261	264	268	270	274	278	283	285	291	294	297	304	309
3A_SB	21	d	252	258	262	266	269	272	275	280	284	286	292	295	298	306	/
3A_SB	22	a	258	263	268	271	274	277	280	284	288	291	297	300	303	310	314
3A_SB	22	d	259	265	269	272	275	278	281	285	289	292	298	301	304	311	/
3A_SB	23	a	263	268	273	277	280	283	286	289	293	296	302	305	308	315	319
3A_SB	23	d	264	270	274	278	281	284	287	290	294	297	303	306	309	316	/
3A_SB	24	a	269	274	278	283	286	290	293	296	300	302	307	310	313	320	324
3A_SB	24	d	270	275	280	284	288	292	294	297	301	303	308	311	314	321	/
3A_SB	25	a	279	284	288	292	296	299	302	305	309	312	317	322	325	331	335
3A_SB	25	d	280	285	290	293	297	301	303	306	311	313	319	323	326	333	/
3A_SB	26	a	285	290	295	299	303	306	308	311	315	318	322	327	330	336	340
3A_SB	26	d	286	292	297	301	304	307	309	312	317	319	324	328	331	338	/
3A_SB	27	a	290	295	300	305	308	312	315	319	323	325	329	332	335	341	345
3A_SB	27	d	291	297	302	306	310	314	316	321	324	326	330	333	336	343	/
3A_SB	28	a	311	317	322	326	329	332	334	338	343	346	351	355	358	365	368
3A_SB	28	d	312	319	323	327	330	333	335	340	344	347	353	356	360	366	/
3A_SB	29	a	334	340	345	349	354	357	360	364	368	372	376	379	383	388	391
3A_SB	29	d	335	342	346	351	355	358	362	365	370	373	377	381	384	389	/
3A_SB	30	a	342	348	351	356	361	364	366	370	375	377	383	386	390	397	400
3A_SB	30	d	343	349	353	358	363	365	368	372	376	379	384	388	392	398	/
3A_SB	31	a	372	376	381	385	389	391	393	397	402	406	411	414	418	425	429
3A_SB	31	d	373	378	382	387	390	392	395	399	404	407	412	416	419	427	/
3A_SB	32	a	394	398	401	405	409	412	414	418	422	424	429	433	437	443	446
3A_SB	32	d	395	399	402	407	411	413	415	420	423	425	431	434	438	444	/
3A_NB	1	a	6	10	14	17	20	24	28	31	34	40	45	49	52	55	59	64	69
3A_NB	1	d	7	11	15	18	22	25	29	33	36	42	46	50	53	56	61	66	/
3A_NB	2	a	31	35	38	42	46	50	54	57	60	65	69	73	78	82	87	92	95
3A_NB	2	d	32	36	39	44	48	51	55	58	61	66	70	75	80	83	89	93	/
3A_NB	3	a	44	48	52	56	60	63	67	71	74	79	83	86	90	92	97	102	105
3A_NB	3	d	45	49	53	58	61	65	69	72	76	80	84	87	91	94	99	103	/
3A_NB	4	a	62	65	70	74	77	82	86	89	92	96	100	104	107	110	114	119	123
3A_NB	4	d	63	67	71	75	79	84	87	90	93	97	101	105	108	111	116	120	/
3A_NB	5	a	71	74	78	81	84	88	93	97	100	105	109	113	116	119	123	126	130
3A_NB	5	d	72	75	79	82	85	90	94	98	102	106	110	114	117	120	124	127	/
3A_NB	6	a	80	83	88	93	96	99	103	107	111	118	122	126	129	132	136	140	144
3A_NB	6	d	81	85	90	94	97	100	104	109	113	119	123	127	130	133	137	141	/
3A_NB	7	a	93	96	100	105	109	113	117	122	126	130	134	139	143	146	151	155	158
3A_NB	7	d	94	98	102	107	110	114	119	124	127	131	136	140	144	148	152	156	/
3A_NB	8	a	106	110	114	119	122	126	129	133	136	140	144	148	152	154	158	162	165
3A_NB	8	d	107	112	116	120	123	127	130	134	137	141	145	150	153	155	159	163	/
3A_NB	9	a	117	121	125	128	132	137	140	145	148	153	156	160	163	165	170	173	178
3A_NB	9	d	118	123	126	130	134	138	142	146	150	154	157	161	164	166	171	175	/
3A_NB	10	a	145	148	151	155	159	162	166	169	173	179	182	185	188	190	195	199	203
3A_NB	10	d	146	149	152	156	160	163	167	171	175	180	183	186	189	191	196	200	/
3A_NB	11	a	150	153	156	160	164	168	173	176	180	185	189	193	198	201	207	212	217
3A_NB	11	d	151	154	157	161	165	170	174	178	182	187	191	195	200	203	209	214	/
3A_NB	12	a	166	170	173	176	179	183	187	192	195	201	204	208	212	214	219	223	227
3A_NB	12	d	167	171	174	177	181	184	189	194	197	202	205	209	213	215	220	224	/
3A_NB	13	a	179	182	186	189	194	197	203	207	210	214	218	222	225	229	234	238	242
3A_NB	13	d	180	183	187	191	195	199	205	208	211	215	219	223	227	231	235	240	/
3A_NB	14	a	189	192	196	200	203	207	213	216	218	223	227	230	234	237	241	245	248
3A_NB	14	d	190	193	197	201	205	209	214	217	220	224	228	231	235	238	242	246	/
3A_NB	15	a	199	202	206	210	212	216	220	223	226	231	235	238	242	245	251	255	258
3A_NB	15	d	200	204	207	211	214	217	221	225	227	232	236	239	243	247	252	256	/
3A_NB	16	a	208	211	215	220	223	226	230	233	236	242	245	248	251	254	259	262	266
3A_NB	16	d	209	213	217	222	224	228	231	235	238	243	246	249	252	255	260	264	/
3A_NB	17	a	220	224	228	231	235	240	243	248	250	254	258	262	266	269	273	277	281
3A_NB	17	d	221	226	229	233	237	241	245	249	251	255	259	263	267	270	274	278	/
3A_NB	18	a	229	232	236	240	243	247	251	256	259	264	268	272	275	277	281	285	289
3A_NB	18	d	230	234	238	241	245	249	253	258	261	265	269	273	276	278	282	286	/
3A_NB	19	a	238	241	244	249	252	255	259	263	266	271	274	278	281	284	287	290	294
3A_NB	19	d	239	242	246	250	253	257	260	265	268	272	275	279	283	285	288	291	/
3A_NB	20	a	257	260	263	268	273	277	281	285	289	293	297	300	303	305	309	312	315
3A_NB	20	d	258	261	265	270	275	279	283	287	290	294	298	301	304	306	310	313	/
3A_NB	21	a	263	266	269	274	278	282	286	291	295	300	304	308	311	313	317	321	326
3A_NB	21	d	264	267	271	275	280	284	288	293	297	301	305	309	312	314	319	323	/
3A_NB	22	a	273	276	279	283	287	290	293	297	300	305	309	313	316	320	325	328	333
3A_NB	22	d	274	277	280	284	288	291	294	298	302	306	310	314	318	322	326	330	/
3A_NB	23	a	285	289	294	298	302	307	310	315	319	325	328	332	336	339	343	346	351
3A_NB	23	d	286	291	296	300	304	308	312	317	321	326	329	333	337	340	344	348	/
3A_NB	24	a	291	295	300	304	308	312	316	321	325	331	334	338	343	346	351	354	358
3A_NB	24	d	292	297	302	306	309	314	318	323	327	332	335	340	344	348	352	355	/
3A_NB	25	a	320	324	329	333	337	342	345	348	350	355	358	363	366	369	373	378	382
3A_NB	25	d	321	326	330	335	339	343	346	349	352	356	360	364	368	370	375	380	/
3A_NB	26	a	339	343	347	351	356	361	364	368	371	376	379	383	388	390	394	399	404
3A_NB	26	d	340	344	349	353	358	362	366	370	372	377	380	385	389	391	396	401	/
3A_NB	27	a	358	361	365	368	371	375	379	383	386	391	395	399	404	407	412	416	419
3A_NB	27	d	359	363	366	369	372	377	381	384	388	392	396	401	406	409	413	417	/
3A_NB	28	a	364	368	371	375	379	382	386	390	393	397	402	406	410	413	418	422	427
3A_NB	28	d	365	369	373	376	380	384	388	391	394	399	403	407	412	415	420	424	/
3A_NB	29	a	385	388	393	398	402	405	410	413	416	421	425	428	431	433	439	443	448
3A_NB	29	d	386	390	395	400	403	407	411	414	418	423	426	429	432	435	441	445	/
3A_NB	30	a	414	417	421	424	428	432	436	440	443	447	451	455	459	462	468	473	476
3A_NB	30	d	415	418	422	426	429	434	438	441	444	448	452	457	460	464	470	474	/
3A_NB	31	a	432	435	439	443	447	451	455	458	461	465	469	473	477	480	485	488	492
3A_NB	31	d	433	437	441	445	449	453	456	459	462	466	471	474	478	482	486	489	/
3A_NB	32	a	455	458	461	464	467	471	476	480	483	487	491	495	498	500	505	509	513
3A_NB	32	d	456	459	462	465	468	473	478	482	484	488	492	496	499	502	506	511	/
