RouteID	RunID	Arrivals/Departures	TimePerStop
1A_SB	1	a	28	34	44	47	51	56	60	64	68	71	76	79	82	91	97	102
1A_SB	1	d	29	36	46	48	52	58	61	66	69	73	77	80	83	93	99	/
1A_SB	2	a	36	42	51	53	58	63	67	71	75	79	82	86	89	99	104	107
1A_SB	2	d	37	43	52	55	59	65	68	73	77	80	84	87	90	100	105	/
1A_SB	3	a	59	65	74	77	81	86	88	92	96	99	102	105	109	120	125	129
1A_SB	3	d	60	66	76	78	82	87	89	94	97	100	103	107	110	121	126	/
1A_SB	4	a	77	83	91	93	97	103	106	111	114	117	120	123	127	136	142	146
1A_SB	4	d	78	85	92	94	99	105	108	112	115	118	121	124	128	138	144	/
1A_SB	5	a	83	90	99	102	107	114	117	122	126	130	134	138	143	152	157	162
1A_SB	5	d	85	92	101	104	109	116	119	124	128	132	136	140	145	153	159	/
1A_SB	6	a	103	110	120	123	127	133	136	141	145	149	152	157	161	170	175	179
1A_SB	6	d	105	111	121	125	128	135	138	142	146	150	154	158	163	171	177	/
1A_SB	7	a	118	124	134	136	141	147	149	154	158	162	165	169	172	181	187	192
1A_SB	7	d	120	125	135	138	143	148	151	156	159	163	166	170	173	183	189	/
1A_SB	8	a	128	134	141	143	147	152	155	159	163	167	171	175	179	190	195	198
1A_SB	8	d	130	135	142	144	148	153	156	161	164	169	172	177	180	191	196	/
1A_SB	9	a	134	140	148	150	154	160	164	169	172	177	180	183	187	199	205	208
1A_SB	9	d	136	142	149	152	156	162	165	170	174	178	181	185	189	201	206	/
1A_SB	10	a	163	169	177	179	182	187	189	193	197	200	203	206	210	218	224	228
1A_SB	10	d	164	171	178	180	183	188	190	194	198	201	204	207	211	219	225	/
1A_SB	11	a	173	179	187	190	193	198	201	206	209	214	218	221	225	235	242	247
1A_SB	11	d	174	180	189	191	194	199	202	207	211	216	219	222	227	237	244	/
1A_SB	12	a	181	186	195	197	200	206	209	214	219	223	226	231	235	244	250	255
1A_SB	12	d	182	188	196	198	201	207	210	216	220	224	228	233	236	246	252	/
1A_SB	13	a	189	194	203	206	209	217	220	225	228	231	234	238	241	251	256	261
1A_SB	13	d	190	195	205	207	211	218	221	226	229	232	235	239	243	252	258	/
1A_SB	14	a	195	202	212	215	218	225	228	233	236	239	242	247	252	262	268	272
1A_SB	14	d	196	204	213	216	219	226	229	234	237	240	244	249	254	264	269	/
1A_SB	15	a	200	208	217	220	223	230	234	240	244	248	251	255	259	270	275	280
1A_SB	15	d	202	210	218	221	224	232	236	241	246	249	252	257	261	272	277	/
1A_SB	16	a	221	228	238	241	245	250	254	259	263	266	270	274	278	287	293	298
1A_SB	16	d	223	229	240	242	246	252	255	260	264	267	272	276	279	289	295	/
1A_SB	17	a	237	244	252	254	257	262	265	270	274	277	280	283	286	295	300	305
1A_SB	17	d	239	245	253	255	258	263	266	271	275	278	281	284	288	296	302	/
1A_SB	18	a	242	249	257	259	262	267	270	275	279	282	285	289	292	301	306	311
1A_SB	18	d	244	250	258	260	263	268	271	276	280	283	286	290	294	302	308	/
1A_SB	19	a	248	254	263	265	268	273	275	280	285	289	293	298	301	310	315	318
1A_SB	19	d	249	255	264	266	269	274	276	282	287	291	295	299	302	311	316	/
1A_SB	20	a	254	260	269	271	275	281	283	288	291	295	299	303	307	316	321	325
1A_SB	20	d	255	261	270	273	276	282	284	289	293	297	301	304	308	317	323	/
1A_SB	21	a	279	285	292	295	298	303	305	309	313	317	322	325	328	337	343	347
1A_SB	21	d	280	286	293	296	299	304	306	310	315	319	323	326	329	338	345	/
1A_SB	22	a	284	290	297	300	304	310	312	316	320	324	328	333	337	345	352	355
1A_SB	22	d	285	291	298	301	305	311	313	317	322	325	330	334	338	347	353	/
1A_SB	23	a	294	300	308	310	314	320	323	327	331	336	339	344	349	360	366	369
1A_SB	23	d	295	302	309	311	316	322	324	328	333	337	341	346	351	362	367	/
1A_SB	24	a	308	315	322	324	328	333	336	342	346	350	354	358	363	375	381	385
1A_SB	24	d	309	316	323	326	329	335	338	344	348	351	355	360	365	376	383	/
1A_SB	25	a	323	328	338	341	345	351	354	358	363	366	369	373	378	387	393	398
1A_SB	25	d	324	330	339	343	347	352	355	360	364	367	370	375	380	388	395	/
1A_SB	26	a	339	345	354	356	359	365	368	374	379	382	385	389	392	400	407	411
1A_SB	26	d	340	346	355	357	361	367	370	376	380	383	387	390	393	402	408	/
1A_SB	27	a	365	370	379	381	384	389	392	398	403	407	412	417	421	429	434	438
1A_SB	27	d	366	371	380	382	385	391	394	399	405	409	414	418	422	430	435	/
1A_SB	28	a	383	389	397	399	403	410	413	419	422	425	430	434	437	447	452	457
1A_SB	28	d	384	390	398	401	405	411	415	420	423	426	431	435	439	448	454	/
1A_SB	29	a	394	400	409	412	416	422	425	430	433	438	442	446	449	457	463	467
1A_SB	29	d	395	402	410	414	417	423	426	431	435	439	443	447	450	459	464	/
1A_SB	30	a	405	410	419	421	425	431	435	440	443	447	452	456	460	469	474	478
1A_SB	30	d	406	412	420	423	426	433	437	441	444	449	453	457	462	470	475	/
1A_SB	31	a	427	433	442	446	450	456	458	463	466	470	474	478	482	495	500	504
1A_SB	31	d	428	434	444	448	452	457	460	464	467	471	476	480	484	497	502	/
1A_SB	32	a	439	445	453	456	460	466	469	473	478	483	487	491	494	505	510	514
1A_SB	32	d	440	446	455	458	462	468	470	475	480	485	489	492	496	507	511	/
1A_NB	1	a	29	33	39	47	53	58	63	67	72	79	83	87	90	95	101	106
1A_NB	1	d	30	35	41	48	55	60	64	69	74	81	84	88	92	96	102	/
1A_NB	2	a	41	45	51	58	65	68	73	77	82	89	92	98	101	106	113	118
1A_NB	2	d	42	47	53	60	66	70	75	79	84	90	94	99	103	108	114	/
1A_NB	3	a	67	72	79	88	93	97	102	106	109	115	119	123	126	130	139	147
1A_NB	3	d	69	74	81	89	94	99	103	107	111	117	120	125	127	132	141	/
1A_NB	4	a	80	84	89	99	104	108	113	117	121	128	132	136	139	143	151	156
1A_NB	4	d	81	85	91	100	105	110	115	119	123	130	133	138	140	145	152	/
1A_NB	5	a	96	101	106	113	118	122	126	129	132	139	143	147	150	154	164	169
1A_NB	5	d	97	102	107	114	119	123	127	130	134	141	144	149	151	156	165	/
1A_NB	6	a	101	106	113	121	127	131	135	140	143	148	153	157	160	164	172	178
1A_NB	6	d	102	108	115	123	128	132	137	141	144	150	154	159	161	165	174	/
1A_NB	7	a	109	114	120	127	132	136	140	145	148	153	158	163	166	170	178	185
1A_NB	7	d	110	115	121	128	133	138	142	146	149	155	160	165	167	171	180	/
1A_NB	8	a	116	122	128	135	140	144	148	152	156	163	167	171	173	177	186	192
1A_NB	8	d	118	124	129	137	141	146	149	154	158	164	168	172	174	179	187	/
1A_NB	9	a	126	132	138	144	149	152	156	159	162	168	172	176	178	183	191	198
1A_NB	9	d	128	134	139	146	150	153	157	160	163	170	173	177	180	184	193	/
1A_NB	10	a	146	152	158	165	171	175	180	185	190	196	200	204	207	211	218	224
1A_NB	10	d	148	154	159	167	172	177	182	187	192	197	201	206	209	212	220	/
1A_NB	11	a	157	162	167	174	179	183	187	191	196	201	206	211	214	217	225	231
1A_NB	11	d	159	163	168	175	180	184	188	193	197	203	208	212	215	219	227	/
1A_NB	12	a	166	171	178	187	193	197	201	205	210	215	219	224	227	231	238	244
1A_NB	12	d	168	173	180	188	194	198	202	207	211	217	221	226	229	233	240	/
1A_NB	13	a	184	189	194	201	206	209	213	217	220	225	228	233	235	238	247	252
1A_NB	13	d	186	190	195	202	207	210	214	218	221	226	229	234	236	240	248	/
1A_NB	14	a	204	210	215	221	226	229	234	238	243	249	253	258	260	264	272	278
1A_NB	14	d	206	211	217	222	227	231	236	240	245	251	255	259	261	265	273	/
1A_NB	15	a	210	215	220	226	232	236	240	244	249	254	258	263	266	271	279	285
1A_NB	15	d	212	216	222	227	234	237	242	246	250	256	260	265	268	273	280	/
1A_NB	16	a	215	220	225	233	239	243	247	250	254	259	263	268	272	276	284	291
1A_NB	16	d	217	221	227	234	240	244	248	251	255	261	265	270	274	278	286	/
1A_NB	17	a	222	227	233	240	245	249	253	258	262	268	271	275	279	282	290	296
1A_NB	17	d	224	228	234	241	246	250	255	260	264	269	272	277	280	284	291	/
1A_NB	18	a	241	245	252	259	266	271	276	281	285	290	293	298	301	306	313	318
1A_NB	18	d	242	247	254	261	268	273	278	283	287	291	294	299	303	307	314	/
1A_NB	19	a	252	256	263	269	275	280	284	288	293	298	301	306	310	314	324	330
1A_NB	19	d	253	258	264	271	277	281	286	290	295	299	302	308	311	316	325	/
1A_NB	20	a	264	268	276	284	290	294	298	301	305	311	315	319	322	326	335	341
1A_NB	20	d	265	270	277	286	291	295	299	303	307	312	316	320	324	327	336	/
1A_NB	21	a	270	275	282	290	295	299	304	307	311	316	319	324	328	331	339	346
1A_NB	21	d	272	276	283	291	296	301	305	309	312	317	321	326	329	332	341	/
1A_NB	22	a	275	280	288	296	301	306	311	314	318	323	327	331	333	337	346	351
1A_NB	22	d	277	282	290	297	303	308	312	315	319	325	328	332	335	339	347	/
1A_NB	23	a	286	291	298	307	313	317	321	325	329	333	336	341	343	346	353	359
1A_NB	23	d	288	293	300	309	315	318	322	326	330	334	337	342	344	347	355	/
1A_NB	24	a	296	301	307	315	320	324	329	332	336	341	345	349	353	356	363	370
1A_NB	24	d	298	302	308	316	322	326	330	334	338	343	346	351	354	357	365	/
1A_NB	25	a	320	324	330	339	344	348	352	355	359	364	367	371	375	380	386	393
1A_NB	25	d	321	326	332	340	345	349	353	356	360	365	368	373	377	381	387	/
1A_NB	26	a	333	336	341	350	357	362	367	370	374	381	386	390	393	398	407	413
1A_NB	26	d	334	337	343	352	359	364	368	371	376	383	387	391	395	400	409	/
1A_NB	27	a	360	364	371	378	384	389	393	397	401	406	409	414	417	421	429	436
1A_NB	27	d	361	366	372	380	386	390	395	398	402	407	411	416	418	423	431	/
1A_NB	28	a	377	381	387	396	401	406	410	414	417	424	428	431	435	439	448	455
1A_NB	28	d	378	383	388	397	403	407	412	415	419	426	429	433	436	441	450	/
1A_NB	29	a	398	402	409	417	423	427	432	437	441	447	452	457	461	466	473	479
1A_NB	29	d	399	404	411	419	424	429	434	438	443	449	453	459	463	467	475	/
1A_NB	30	a	419	423	430	437	444	449	454	459	462	468	473	477	480	485	492	497
1A_NB	30	d	420	425	431	439	446	451	456	460	464	470	474	478	482	487	493	/
1A_NB	31	a	446	451	457	464	470	474	479	483	488	494	497	502	505	509	518	524
1A_NB	31	d	447	453	458	465	471	476	481	485	489	495	498	503	506	511	520	/
1A_NB	32	a	454	459	464	473	479	483	487	490	494	499	503	508	511	516	524	529
1A_NB	32	d	455	460	466	474	481	484	488	491	495	501	504	509	513	517	525	/
2A_NB	1	a	12	16	23	27	30	34	40	44	48	54	58	63	67	70	74	81	85	89	94	98	106	110
2A_NB	1	d	13	17	25	29	32	35	42	46	49	56	59	65	69	72	76	83	87	91	95	99	108	/
2A_NB	2	a	35	38	43	47	51	56	63	67	71	78	82	88	92	95	100	106	109	112	117	120	128	132
2A_NB	2	d	36	39	45	49	53	58	65	69	73	80	83	90	94	97	101	107	110	114	118	122	130	/
2A_NB	3	a	44	47	53	57	60	65	70	74	78	86	90	97	101	103	108	115	119	123	127	131	138	142
2A_NB	3	d	45	49	55	58	62	66	72	76	80	88	92	99	102	105	110	117	120	124	128	132	140	/
2A_NB	4	a	53	56	61	64	67	71	76	81	84	92	96	103	106	109	114	121	124	129	134	138	145	149
2A_NB	4	d	54	57	62	66	68	72	78	82	86	93	98	104	107	111	116	122	126	131	135	139	147	/
2A_NB	5	a	59	63	69	73	75	79	86	91	94	101	106	112	115	118	123	129	133	138	141	146	154	157
2A_NB	5	d	60	65	71	74	76	81	88	92	95	103	107	113	116	120	125	131	135	139	143	148	155	/
2A_NB	6	a	72	76	82	84	88	92	98	103	106	115	119	125	128	130	134	141	145	149	153	156	162	165
2A_NB	6	d	73	77	83	86	89	93	100	104	108	117	121	126	129	131	136	142	146	151	154	157	163	/
2A_NB	7	a	91	95	102	105	108	111	117	121	124	131	135	140	143	146	151	157	162	166	169	172	180	183
2A_NB	7	d	92	97	103	106	109	113	118	122	125	132	136	141	145	148	152	159	163	167	170	174	181	/
2A_NB	8	a	102	106	112	115	118	121	126	130	133	140	144	150	153	156	161	168	171	176	180	184	192	195
2A_NB	8	d	103	108	113	116	119	122	127	131	134	142	146	152	155	158	163	169	173	178	182	186	193	/
2A_NB	9	a	115	118	123	125	129	132	138	143	147	155	159	165	168	171	175	181	186	190	194	199	208	213
2A_NB	9	d	116	119	124	127	130	134	140	145	149	157	160	166	170	173	177	183	187	191	196	201	210	/
2A_NB	10	a	130	133	138	140	143	147	155	159	163	172	176	183	187	190	195	202	206	209	212	216	226	230
2A_NB	10	d	131	134	139	142	145	149	157	160	164	173	178	185	189	192	197	204	207	210	213	218	227	/
2A_NB	11	a	139	142	149	152	155	160	165	168	173	182	186	191	195	197	201	208	213	217	220	224	231	236
2A_NB	11	d	140	144	151	154	157	161	166	170	175	183	187	193	196	198	203	210	215	218	221	226	233	/
2A_NB	12	a	151	154	160	162	164	168	174	177	181	190	194	199	203	206	211	217	221	224	229	232	238	242
2A_NB	12	d	152	155	161	163	166	169	175	178	183	191	195	201	205	208	212	218	222	226	230	233	239	/
2A_NB	13	a	162	165	171	173	176	180	188	192	196	203	207	212	215	218	223	229	233	238	242	246	253	256
2A_NB	13	d	163	166	172	175	178	182	190	193	197	205	208	213	217	220	225	230	235	240	244	247	254	/
2A_NB	14	a	171	175	181	184	187	191	198	203	208	215	219	225	228	231	234	240	243	248	252	256	264	267
2A_NB	14	d	172	176	182	186	189	192	200	205	209	217	221	226	229	232	236	241	245	250	254	257	265	/
2A_NB	15	a	178	182	189	192	195	199	205	209	213	222	226	233	237	240	244	251	255	258	262	266	275	279
2A_NB	15	d	179	184	190	194	197	200	206	210	214	224	228	235	238	241	246	253	256	259	263	268	277	/
2A_NB	16	a	196	199	204	207	210	214	220	224	228	235	239	246	249	252	257	262	267	270	274	278	286	291
2A_NB	16	d	197	200	205	209	211	215	221	226	230	237	241	248	250	254	258	264	268	271	276	279	288	/
2A_NB	17	a	207	210	215	219	222	226	234	238	242	249	253	259	263	266	271	278	284	288	291	295	301	306
2A_NB	17	d	208	211	217	220	223	228	235	240	243	250	254	261	265	268	273	280	286	289	292	296	303	/
2A_NB	18	a	221	225	231	233	236	239	245	250	253	260	265	271	274	278	282	289	293	297	301	304	311	315
2A_NB	18	d	222	227	232	235	237	240	247	251	254	262	266	272	276	279	284	290	295	299	302	305	312	/
2A_NB	19	a	237	241	247	250	252	255	263	267	270	277	281	288	291	293	296	303	306	309	312	316	325	329
2A_NB	19	d	238	242	249	251	253	257	265	268	271	279	282	290	292	294	297	304	307	310	314	318	326	/
2A_NB	20	a	245	249	256	260	264	269	275	279	283	290	294	301	304	306	311	317	322	327	332	336	345	349
2A_NB	20	d	246	251	258	262	266	271	277	281	285	291	296	302	305	308	312	319	324	329	334	338	346	/
2A_NB	21	a	266	270	277	280	283	286	292	296	300	307	312	318	322	325	329	334	339	342	346	350	356	360
2A_NB	21	d	267	272	279	282	284	287	294	298	301	309	313	320	323	327	330	336	340	344	347	351	357	/
2A_NB	22	a	274	277	284	288	291	294	300	304	308	315	318	325	329	332	335	341	346	350	354	358	367	371
2A_NB	22	d	275	279	286	290	292	295	302	306	309	316	319	327	331	333	337	343	348	352	355	360	368	/
2A_NB	23	a	293	296	300	304	308	311	318	322	326	333	336	341	345	348	352	357	362	365	369	372	380	384
2A_NB	23	d	294	297	302	306	309	312	319	323	327	334	337	343	347	350	353	359	363	367	370	373	382	/
2A_NB	24	a	299	303	308	311	314	318	325	330	334	340	344	349	352	355	359	366	371	374	379	383	392	396
2A_NB	24	d	300	304	309	312	316	319	327	332	335	342	345	351	354	357	361	368	372	376	381	385	393	/
2A_NB	25	a	317	321	327	331	334	339	345	350	354	362	367	372	376	378	383	390	394	398	403	408	414	418
2A_NB	25	d	318	322	329	332	336	341	347	351	356	364	368	374	377	380	385	392	395	400	405	409	415	/
2A_NB	26	a	338	342	348	352	356	361	368	372	377	383	387	394	397	400	404	409	414	418	421	425	433	438
2A_NB	26	d	339	344	350	354	358	363	369	374	378	385	389	395	399	401	405	411	415	419	422	426	435	/
2A_NB	27	a	360	363	370	374	378	381	388	392	396	403	408	415	419	423	426	433	437	441	446	449	456	460
2A_NB	27	d	361	365	372	376	379	382	389	394	397	405	410	417	421	424	428	434	438	443	447	450	458	/
2A_NB	28	a	384	387	394	397	399	402	409	413	417	426	429	435	438	441	446	451	456	460	464	469	475	478
2A_NB	28	d	385	388	395	398	400	404	411	414	418	427	431	436	440	443	447	453	458	462	466	470	476	/
2A_NB	29	a	400	404	411	414	418	421	428	432	436	444	448	454	457	460	464	470	475	479	483	487	494	497
2A_NB	29	d	401	406	412	416	419	423	430	434	438	446	450	455	459	461	465	472	477	480	484	488	495	/
2A_NB	30	a	417	420	425	427	429	434	441	444	449	455	458	464	467	471	474	480	485	490	494	499	505	509
2A_NB	30	d	418	421	426	428	431	436	442	446	450	456	460	465	469	472	475	482	487	491	496	500	507	/
2A_NB	31	a	432	435	441	443	446	451	457	461	465	473	477	483	487	490	494	500	503	508	511	516	523	527
2A_NB	31	d	433	436	442	445	448	452	458	462	467	475	479	485	488	492	495	501	505	509	513	517	524	/
2A_NB	32	a	451	455	462	466	468	471	477	481	484	491	495	502	506	509	513	518	522	527	531	534	542	547
2A_NB	32	d	452	457	464	467	469	472	478	482	485	492	497	504	508	510	514	520	524	528	532	536	544	/
2A_SB	1	a	23	26	34	38	42	46	51	57	61	65	69	72	77	81	87	91	95	100	103	106	109	112	122	127
2A_SB	1	d	24	27	36	40	44	48	53	59	63	67	70	73	78	82	88	92	96	101	104	107	110	113	123	/
2A_SB	2	a	47	50	57	61	66	69	73	79	83	87	91	96	101	106	111	114	118	124	127	130	134	139	151	158
2A_SB	2	d	48	52	58	63	68	71	75	81	85	89	93	97	103	107	112	115	119	125	128	131	136	141	153	/
2A_SB	3	a	61	64	73	77	82	85	88	93	95	98	103	107	114	118	123	127	132	139	142	146	149	154	167	173
2A_SB	3	d	62	66	74	79	84	86	89	94	96	100	105	109	115	119	125	129	133	140	143	147	151	155	169	/
2A_SB	4	a	79	82	92	95	99	101	105	112	115	120	124	127	132	136	141	144	147	153	156	159	163	167	180	185
2A_SB	4	d	80	83	93	96	100	102	106	113	117	122	125	128	133	137	142	145	148	154	157	160	164	169	181	/
2A_SB	5	a	91	95	103	106	110	112	115	122	125	129	132	135	141	144	149	152	156	161	164	167	170	174	186	191
2A_SB	5	d	93	96	104	107	111	113	116	123	126	130	133	136	142	145	150	153	157	162	165	168	171	175	187	/
2A_SB	6	a	111	114	121	126	130	134	137	142	145	148	152	155	161	164	169	173	177	183	186	189	192	196	209	214
2A_SB	6	d	113	116	123	128	132	135	138	143	146	149	153	156	162	165	171	174	178	184	187	190	194	197	210	/
2A_SB	7	a	122	125	133	137	142	145	149	155	158	161	164	167	173	177	183	187	192	198	201	204	208	211	224	229
2A_SB	7	d	124	127	135	139	144	147	150	156	159	162	165	168	174	179	185	189	193	199	202	205	209	212	225	/
2A_SB	8	a	139	142	150	154	158	160	163	169	171	174	177	180	185	190	197	201	206	213	215	218	222	225	237	242
2A_SB	8	d	141	144	152	155	159	161	164	170	172	175	178	181	187	192	199	203	207	214	216	219	223	226	238	/
2A_SB	9	a	151	154	161	165	168	170	173	180	183	186	190	193	198	201	207	210	213	219	221	224	227	231	243	249
2A_SB	9	d	153	156	163	166	169	171	174	181	184	187	191	194	199	202	208	211	214	220	222	225	228	232	245	/
2A_SB	10	a	165	168	176	179	184	187	192	200	203	206	209	212	217	222	229	233	238	244	246	250	254	257	270	276
2A_SB	10	d	166	170	177	181	186	189	194	201	204	207	210	213	219	223	231	235	240	245	248	251	255	259	271	/
2A_SB	11	a	170	173	181	185	190	193	198	207	211	216	221	224	229	233	239	243	247	252	254	257	261	264	276	282
2A_SB	11	d	171	175	183	187	192	195	200	209	213	218	222	225	230	234	240	244	248	253	255	258	262	265	277	/
2A_SB	12	a	188	190	199	202	207	209	212	219	221	226	230	233	238	242	248	252	256	262	265	268	272	276	288	294
2A_SB	12	d	189	192	200	204	208	210	214	220	223	228	231	234	239	243	249	253	257	263	266	269	274	277	289	/
2A_SB	13	a	199	201	209	213	217	219	222	228	231	235	238	241	246	249	256	260	264	270	272	275	279	282	294	300
2A_SB	13	d	200	203	210	214	218	220	223	229	232	236	239	242	247	251	257	261	265	271	273	276	280	283	295	/
2A_SB	14	a	204	207	214	218	222	224	228	234	237	241	245	249	254	259	266	270	274	280	283	288	292	297	310	315
2A_SB	14	d	206	208	215	219	223	225	229	235	238	242	246	250	256	261	267	272	275	282	285	290	294	298	311	/
2A_SB	15	a	211	214	222	226	229	232	236	242	245	249	254	257	263	268	274	278	282	288	292	296	299	303	315	320
2A_SB	15	d	213	215	223	227	230	233	237	243	246	251	255	258	265	269	276	280	283	290	293	297	300	305	316	/
2A_SB	16	a	224	228	234	238	242	244	247	255	258	261	265	268	274	278	284	287	291	297	300	304	307	311	322	327
2A_SB	16	d	226	229	236	240	243	245	249	256	259	262	266	270	275	279	285	288	292	298	301	305	308	312	323	/
2A_SB	17	a	231	235	242	246	250	253	256	262	265	268	272	275	280	284	290	293	297	303	306	310	313	318	332	337
2A_SB	17	d	233	237	244	248	252	254	257	263	266	269	273	276	281	285	291	294	298	304	307	311	315	319	333	/
2A_SB	18	a	239	241	249	252	256	259	262	268	271	276	280	283	288	292	298	301	305	311	314	317	321	325	339	345
2A_SB	18	d	240	242	250	254	258	260	263	269	273	277	281	284	290	293	299	302	306	312	315	318	322	326	341	/
2A_SB	19	a	244	246	254	259	262	265	269	274	277	281	285	288	294	297	304	308	312	318	321	324	328	332	346	351
2A_SB	19	d	245	247	256	260	264	267	270	275	278	282	286	290	295	299	305	309	313	319	322	325	329	333	347	/
2A_SB	20	a	252	254	261	266	269	271	276	282	286	289	292	295	300	305	310	314	318	324	327	330	335	339	353	358
2A_SB	20	d	253	256	263	267	270	273	278	284	287	290	293	296	302	306	311	315	319	325	328	332	336	340	354	/
2A_SB	21	a	259	262	269	274	278	280	284	290	293	296	299	302	308	312	317	321	325	331	334	337	341	345	359	365
2A_SB	21	d	260	264	271	275	279	281	285	291	294	297	300	303	309	313	319	322	326	332	335	338	342	346	360	/
2A_SB	22	a	266	269	277	281	285	287	290	296	299	303	306	309	315	319	325	328	332	337	340	343	347	350	364	370
2A_SB	22	d	267	270	278	282	286	288	291	297	300	304	307	310	316	320	326	329	333	338	341	344	348	351	365	/
2A_SB	23	a	271	274	282	286	290	292	295	301	304	308	311	314	320	324	330	333	337	342	345	348	352	355	370	376
2A_SB	23	d	272	275	283	288	291	293	296	302	305	309	312	316	321	325	331	334	338	343	346	350	353	357	371	/
2A_SB	24	a	278	281	289	292	295	297	300	306	310	314	318	321	326	331	336	340	344	350	353	357	361	364	377	382
2A_SB	24	d	279	282	290	293	296	298	301	308	311	315	319	322	328	332	338	341	345	351	355	359	362	365	378	/
2A_SB	25	a	284	287	294	298	302	304	308	314	316	319	323	326	332	337	342	345	350	357	360	363	367	370	383	389
2A_SB	25	d	285	288	296	300	303	305	309	315	317	320	324	328	334	338	343	347	352	358	361	365	368	371	385	/
2A_SB	26	a	295	298	305	310	314	317	322	327	330	334	338	343	350	353	359	363	368	374	378	382	386	389	401	407
2A_SB	26	d	296	299	307	312	316	319	323	329	331	335	340	345	351	354	361	365	369	376	380	384	387	390	402	/
2A_SB	27	a	315	317	323	327	331	334	338	344	347	350	354	358	364	368	373	377	381	387	390	394	399	403	416	423
2A_SB	27	d	316	318	325	328	333	335	340	345	348	351	356	359	366	369	375	378	383	388	392	396	401	405	418	/
2A_SB	28	a	324	326	332	336	340	343	347	352	355	358	362	367	373	377	383	387	391	396	398	401	406	411	424	431
2A_SB	28	d	325	327	334	337	342	345	348	353	356	359	364	369	375	379	385	388	392	397	399	403	408	413	426	/
2A_SB	29	a	337	340	347	351	355	357	360	365	368	371	375	378	384	387	393	397	400	406	409	413	418	423	434	440
2A_SB	29	d	338	342	349	353	356	358	361	366	369	372	376	379	385	389	395	398	402	407	411	415	420	424	435	/
2A_SB	30	a	353	356	363	367	371	374	377	383	386	390	395	398	405	409	415	418	422	429	433	437	442	446	460	465
2A_SB	30	d	354	358	365	368	373	375	378	384	388	392	396	399	406	411	416	420	423	431	435	439	444	448	461	/
2A_SB	31	a	371	373	380	384	388	390	394	401	405	409	413	416	423	427	433	438	443	451	454	458	462	465	478	484
2A_SB	31	d	372	375	381	385	389	391	396	403	406	410	414	418	424	428	435	440	444	452	455	460	463	466	479	/
2A_SB	32	a	384	386	392	397	400	402	406	414	416	420	424	428	434	439	444	448	453	460	463	467	472	476	489	495
2A_SB	32	d	385	387	394	398	401	403	408	415	417	421	426	430	436	440	445	450	455	461	465	469	473	477	491	/
3A_SB	1	a	25	31	36	39	43	48	50	53	58	62	64	67	72	75	80	85	90	94
3A_SB	1	d	26	32	37	40	45	49	51	55	59	63	66	69	73	77	82	87	91	/
3A_SB	2	a	36	42	48	52	56	61	65	69	73	77	79	81	85	89	93	96	100	104
3A_SB	2	d	37	44	50	53	58	63	67	71	74	78	80	82	86	90	94	97	101	/
3A_SB	3	a	60	65	71	75	79	84	88	92	96	100	103	106	109	112	115	118	122	125
3A_SB	3	d	61	66	73	77	81	86	90	94	98	101	104	107	110	113	116	119	123	/
3A_SB	4	a	81	87	92	96	100	104	107	109	112	115	117	120	124	127	131	134	139	143
3A_SB	4	d	82	88	94	97	101	105	108	110	113	116	118	121	125	128	132	136	140	/
3A_SB	5	a	92	99	105	108	113	117	121	124	128	131	133	135	138	141	144	148	152	156
3A_SB	5	d	93	100	106	110	114	119	122	126	129	132	134	136	139	142	146	149	154	/
3A_SB	6	a	97	104	111	115	119	124	127	130	134	138	142	145	149	152	156	160	164	167
3A_SB	6	d	98	106	113	116	121	126	128	132	136	140	144	147	150	154	157	162	165	/
3A_SB	7	a	120	125	132	136	140	145	148	151	155	160	162	166	170	174	178	181	185	188
3A_SB	7	d	121	126	134	137	142	146	149	152	157	161	164	167	172	176	179	183	186	/
3A_SB	8	a	130	135	142	145	149	154	158	162	167	172	174	177	181	184	187	190	193	196
3A_SB	8	d	131	137	143	146	151	156	160	164	169	173	175	178	182	185	188	191	194	/
3A_SB	9	a	148	152	159	163	166	170	173	176	180	185	188	190	194	197	201	204	207	210
3A_SB	9	d	149	154	161	164	167	171	174	177	182	186	189	191	195	198	202	205	208	/
3A_SB	10	a	159	164	171	175	179	183	186	189	193	198	200	202	206	209	212	216	220	224
3A_SB	10	d	160	165	173	177	180	185	187	191	195	199	201	203	207	210	213	217	222	/
3A_SB	11	a	182	187	194	197	200	203	206	209	212	217	219	221	225	229	232	235	239	242
3A_SB	11	d	183	188	195	198	201	204	207	210	214	218	220	222	226	230	233	236	240	/
3A_SB	12	a	193	198	206	210	213	216	218	221	224	228	230	233	236	240	243	246	249	252
3A_SB	12	d	194	200	208	211	214	217	219	222	226	229	231	234	237	241	244	247	250	/
3A_SB	13	a	203	208	215	218	221	224	226	228	232	235	237	240	244	248	252	256	260	263
3A_SB	13	d	204	210	216	219	222	225	227	229	233	236	238	241	245	250	254	258	261	/
3A_SB	14	a	211	216	222	225	228	232	235	238	242	245	247	249	253	257	261	264	267	270
3A_SB	14	d	212	217	223	226	229	234	237	240	243	246	248	250	254	258	262	265	268	/
3A_SB	15	a	222	227	234	238	241	246	249	252	255	258	261	265	270	274	278	282	285	288
3A_SB	15	d	223	228	235	239	243	248	250	253	256	260	263	267	272	275	280	283	286	/
3A_SB	16	a	240	246	254	259	263	267	270	273	276	279	281	284	289	293	298	303	306	310
3A_SB	16	d	241	248	256	260	264	268	271	274	277	280	282	286	290	295	300	304	308	/
3A_SB	17	a	245	251	259	264	268	272	275	279	283	288	290	292	296	300	305	309	312	315
3A_SB	17	d	246	253	261	265	269	274	277	281	285	289	291	293	297	301	306	310	313	/
3A_SB	18	a	253	259	265	269	272	277	280	284	288	293	295	297	301	305	310	314	317	321
3A_SB	18	d	254	260	266	270	274	279	282	286	290	294	296	298	302	306	311	315	319	/
3A_SB	19	a	263	270	276	279	283	287	289	292	296	300	302	304	308	312	317	320	323	327
3A_SB	19	d	264	271	277	281	285	288	290	294	297	301	303	305	309	313	318	321	325	/
3A_SB	20	a	269	275	281	284	288	292	295	298	302	306	308	310	314	317	321	325	329	332
3A_SB	20	d	270	276	282	286	290	294	296	300	304	307	309	311	315	318	323	327	330	/
3A_SB	21	a	275	281	287	291	295	299	302	305	309	313	315	318	322	325	329	332	336	339
3A_SB	21	d	276	282	288	293	297	301	304	307	311	314	316	319	323	326	330	334	337	/
3A_SB	22	a	280	286	293	298	302	306	309	312	315	318	321	324	328	331	335	338	341	344
3A_SB	22	d	281	288	295	300	303	308	311	313	316	319	322	325	329	332	336	339	342	/
3A_SB	23	a	291	297	303	307	310	315	318	322	326	330	332	335	339	342	346	349	353	356
3A_SB	23	d	292	298	305	308	312	317	320	324	328	331	333	336	340	343	347	350	354	/
3A_SB	24	a	299	304	310	313	317	321	324	328	332	335	338	341	345	348	351	355	360	363
3A_SB	24	d	300	305	311	315	319	323	326	330	333	337	339	342	346	349	353	357	361	/
3A_SB	25	a	304	309	316	321	325	329	331	335	339	342	344	346	350	354	358	363	367	370
3A_SB	25	d	305	311	318	323	327	330	333	337	340	343	345	348	352	356	360	365	368	/
3A_SB	26	a	317	323	330	335	339	342	344	348	352	356	359	361	365	370	374	378	382	385
3A_SB	26	d	318	325	332	336	340	343	346	350	353	358	360	363	367	371	375	380	383	/
3A_SB	27	a	345	350	356	359	363	368	371	374	377	381	384	388	393	396	400	405	409	414
3A_SB	27	d	346	351	357	361	365	369	372	375	379	383	386	390	394	397	402	406	411	/
3A_SB	28	a	358	363	370	373	376	381	385	388	391	396	398	402	407	410	415	420	424	429
3A_SB	28	d	359	365	371	374	378	383	386	389	393	397	400	404	408	412	417	422	426	/
3A_SB	29	a	378	383	390	395	400	404	407	411	415	420	422	424	428	431	436	440	444	448
3A_SB	29	d	379	384	392	397	401	405	409	413	417	421	423	425	429	433	438	441	446	/
3A_SB	30	a	392	399	404	407	411	415	418	421	425	430	433	435	439	444	447	450	455	459
3A_SB	30	d	393	400	405	409	413	416	419	423	427	432	434	436	441	445	448	452	457	/
3A_SB	31	a	412	418	425	429	432	436	439	442	446	450	453	457	460	463	467	471	474	479
3A_SB	31	d	413	419	427	430	434	437	441	443	447	452	455	458	461	464	468	472	476	/
3A_SB	32	a	436	441	447	450	454	459	461	465	469	473	475	479	482	486	490	495	498	501
3A_SB	32	d	437	442	448	452	456	460	463	466	470	474	477	480	483	488	492	496	499	/
3A_NB	1	a	22	25	29	32	36	40	44	48	52	57	61	65	70	75	78	81	87	93	98
3A_NB	1	d	23	27	31	34	38	41	45	50	54	59	62	67	72	76	80	83	89	94	/
3A_NB	2	a	49	52	57	60	63	66	71	76	80	84	87	91	96	99	103	106	111	117	124
3A_NB	2	d	50	54	58	61	64	68	73	77	82	85	88	93	97	101	104	107	112	118	/
3A_NB	3	a	77	81	85	87	90	94	97	102	107	111	115	120	124	128	132	135	139	145	151
3A_NB	3	d	78	83	86	89	92	95	99	104	108	113	116	121	126	129	133	136	141	147	/
3A_NB	4	a	93	97	100	103	106	109	113	116	121	125	128	132	136	140	143	145	150	155	161
3A_NB	4	d	94	98	102	105	107	110	114	118	122	127	129	133	138	141	144	147	151	157	/
3A_NB	5	a	101	105	109	113	115	118	122	125	129	133	136	140	144	147	150	152	156	162	168
3A_NB	5	d	102	107	111	114	116	119	123	126	130	135	137	141	145	148	151	153	158	164	/
3A_NB	6	a	108	111	114	118	120	124	128	131	135	139	142	146	150	154	157	159	163	168	175
3A_NB	6	d	109	112	116	119	121	125	129	132	136	141	143	147	151	155	158	160	164	170	/
3A_NB	7	a	117	120	123	126	129	134	138	142	146	151	155	161	165	168	172	175	179	185	190
3A_NB	7	d	118	121	124	128	131	136	139	143	148	153	157	162	166	170	173	176	181	186	/
3A_NB	8	a	132	135	139	143	146	150	154	159	164	167	169	174	179	184	188	190	194	199	204
3A_NB	8	d	133	136	141	145	148	151	156	161	165	168	170	176	181	186	189	191	195	200	/
3A_NB	9	a	143	147	152	156	159	164	167	171	175	178	180	185	189	193	196	200	205	211	217
3A_NB	9	d	144	149	154	157	161	165	168	172	176	179	182	186	190	194	198	202	207	213	/
3A_NB	10	a	157	160	164	167	170	174	178	182	186	190	194	198	202	205	209	213	217	222	227
3A_NB	10	d	158	162	166	168	171	176	179	183	188	192	195	200	203	207	211	214	218	223	/
3A_NB	11	a	176	180	184	187	190	194	197	202	206	209	212	218	222	225	228	231	236	241	246
3A_NB	11	d	177	181	185	189	192	195	199	203	207	211	214	219	223	226	229	233	237	242	/
3A_NB	12	a	195	198	202	205	209	213	216	221	224	229	233	239	243	247	252	255	261	267	273
3A_NB	12	d	196	200	203	207	211	214	218	222	226	231	235	241	245	249	253	257	263	269	/
3A_NB	13	a	206	209	213	216	219	223	227	232	236	241	244	249	253	257	260	263	268	274	280
3A_NB	13	d	207	210	214	218	221	225	229	234	238	242	245	251	255	258	261	264	270	276	/
3A_NB	14	a	214	218	222	226	228	232	235	239	242	246	250	255	259	262	265	269	275	281	286
3A_NB	14	d	215	219	224	227	230	233	236	240	243	248	251	256	260	263	267	271	277	282	/
3A_NB	15	a	220	224	228	231	233	237	241	246	250	254	257	263	267	270	274	276	281	286	291
3A_NB	15	d	221	226	230	232	235	239	243	248	251	256	259	264	268	272	275	277	282	287	/
3A_NB	16	a	228	231	234	237	239	243	247	252	256	261	264	269	273	276	279	281	286	291	297
3A_NB	16	d	229	232	236	238	240	244	249	254	258	263	265	270	274	277	280	282	287	293	/
3A_NB	17	a	233	236	239	242	246	250	255	259	263	267	269	274	278	281	285	288	294	300	305
3A_NB	17	d	234	237	241	244	247	252	256	260	264	268	270	275	279	283	286	289	296	301	/
3A_NB	18	a	243	246	251	253	257	260	264	268	272	276	279	284	288	292	296	300	306	312	318
3A_NB	18	d	244	248	252	255	258	261	265	269	274	277	280	285	290	293	298	302	308	314	/
3A_NB	19	a	248	251	256	258	262	266	271	276	280	284	288	293	298	303	308	311	316	322	327
3A_NB	19	d	249	253	257	260	264	268	273	278	282	286	290	295	300	305	309	312	318	323	/
3A_NB	20	a	258	262	266	268	271	275	278	283	288	292	295	300	304	308	313	317	322	328	333
3A_NB	20	d	259	264	267	270	272	276	280	285	289	293	297	301	305	310	315	319	324	329	/
3A_NB	21	a	264	268	273	276	278	282	285	290	295	300	302	307	311	315	320	323	328	334	340
3A_NB	21	d	265	270	275	277	279	283	287	292	297	301	304	308	312	317	321	325	330	336	/
3A_NB	22	a	280	283	287	290	293	297	302	307	310	313	316	321	326	330	333	336	341	347	353
3A_NB	22	d	281	284	289	292	294	299	304	308	311	315	318	323	327	331	334	337	343	349	/
3A_NB	23	a	291	294	299	301	305	308	313	317	320	324	326	331	334	337	340	343	349	355	360
3A_NB	23	d	292	296	300	303	306	310	314	318	321	325	328	332	335	338	341	345	351	356	/
3A_NB	24	a	305	308	313	315	317	321	325	329	332	336	339	344	347	350	353	356	361	366	371
3A_NB	24	d	306	310	314	316	318	323	326	330	333	337	340	345	348	351	354	357	362	367	/
3A_NB	25	a	310	313	318	321	323	327	331	336	340	344	348	353	357	361	365	368	373	379	385
3A_NB	25	d	311	315	320	322	324	329	333	338	341	346	349	355	359	362	366	369	375	380	/
3A_NB	26	a	329	332	335	338	342	345	349	354	358	362	365	370	374	377	380	384	389	394	399
3A_NB	26	d	330	333	337	340	343	346	351	356	359	364	367	372	375	378	382	386	390	395	/
3A_NB	27	a	336	339	343	345	347	350	355	359	364	369	372	377	382	386	390	393	398	403	408
3A_NB	27	d	337	341	344	346	348	352	356	361	366	371	374	379	384	388	392	395	399	404	/
3A_NB	28	a	353	357	360	363	365	369	373	377	382	386	390	396	400	403	406	410	415	420	426
3A_NB	28	d	354	358	362	364	367	371	375	379	384	388	392	398	401	404	408	412	416	422	/
3A_NB	29	a	373	376	379	382	384	387	391	395	399	403	406	412	415	419	422	426	431	437	443
3A_NB	29	d	374	377	381	383	385	388	392	396	400	405	407	413	417	420	424	427	433	438	/
3A_NB	30	a	389	392	396	398	401	405	409	413	418	421	425	430	434	438	441	445	451	456	462
3A_NB	30	d	390	394	397	400	403	407	411	415	419	423	427	432	436	439	443	447	453	458	/
3A_NB	31	a	405	408	413	415	418	422	426	429	432	437	441	446	451	455	459	463	467	472	478
3A_NB	31	d	406	410	414	416	420	424	427	430	434	439	443	448	452	457	461	464	468	474	/
3A_NB	32	a	418	421	425	427	430	433	436	441	444	448	452	457	460	464	469	472	478	483	490
3A_NB	32	d	419	422	426	429	431	434	438	442	445	450	454	458	461	466	471	474	479	485	/
