RouteID	RunID	Arrivals/Departures	TimePerStop
1A_SB	1	a	5	9	14	23	27	31	37	42	47	50	53	58	68	73	80
1A_SB	1	d	6	11	16	25	28	33	39	44	48	51	55	59	70	74	/
1A_SB	2	a	31	35	38	47	51	54	61	65	69	73	77	81	92	95	102
1A_SB	2	d	32	36	40	49	52	56	63	66	70	74	78	83	93	96	/
1A_SB	3	a	54	58	62	71	74	79	85	89	94	98	103	106	116	120	128
1A_SB	3	d	55	59	64	72	76	81	87	91	96	100	104	108	117	122	/
1A_SB	4	a	79	82	86	94	98	101	107	111	116	120	124	128	140	143	150
1A_SB	4	d	80	83	87	95	99	103	109	113	118	121	126	130	141	145	/
1A_SB	5	a	87	90	95	104	107	111	117	121	125	128	132	136	145	149	155
1A_SB	5	d	88	92	96	105	108	112	119	123	126	129	134	137	147	150	/
1A_SB	6	a	100	104	109	117	120	124	130	133	138	141	145	150	161	166	173
1A_SB	6	d	101	106	110	118	122	126	131	135	139	142	147	151	163	167	/
1A_SB	7	a	118	122	126	134	138	142	147	150	154	158	162	165	177	181	189
1A_SB	7	d	120	123	127	135	139	143	148	152	156	160	163	167	179	182	/
1A_SB	8	a	130	134	139	149	153	156	162	167	171	175	180	183	193	196	204
1A_SB	8	d	132	136	141	150	154	157	164	169	173	177	181	184	194	198	/
1A_SB	9	a	146	150	155	166	170	173	179	183	186	190	194	197	206	209	216
1A_SB	9	d	148	152	157	168	171	174	180	184	187	192	195	198	207	210	/
1A_SB	10	a	155	159	163	173	176	179	186	190	193	197	202	206	215	218	226
1A_SB	10	d	157	160	164	174	177	181	187	191	195	199	204	207	216	220	/
1A_SB	11	a	174	178	182	192	196	199	206	210	215	220	224	228	239	243	251
1A_SB	11	d	176	179	184	194	197	201	208	212	217	222	226	230	241	245	/
1A_SB	12	a	198	202	205	215	219	222	229	234	237	240	244	248	256	259	267
1A_SB	12	d	200	203	206	216	220	224	231	235	238	242	245	249	257	260	/
1A_SB	13	a	207	211	216	225	229	233	240	244	249	253	257	261	268	272	281
1A_SB	13	d	209	213	218	227	231	235	242	246	251	255	259	262	270	273	/
1A_SB	14	a	220	224	228	237	241	245	251	255	260	265	268	272	282	285	292
1A_SB	14	d	221	225	230	239	243	247	253	257	262	266	270	274	283	286	/
1A_SB	15	a	236	241	246	254	257	262	268	273	278	282	286	291	302	307	315
1A_SB	15	d	238	243	247	255	259	264	270	275	280	284	288	293	304	308	/
1A_SB	16	a	250	254	259	268	271	276	282	287	291	295	300	304	314	318	326
1A_SB	16	d	252	256	261	269	273	277	284	289	293	297	302	305	315	319	/
1A_SB	17	a	266	270	275	283	287	291	296	300	305	310	313	316	325	329	338
1A_SB	17	d	268	272	276	284	288	292	298	302	307	311	314	317	326	330	/
1A_SB	18	a	274	279	283	291	294	298	303	307	312	317	322	326	335	339	349
1A_SB	18	d	276	280	284	292	295	299	305	309	314	319	324	327	337	341	/
1A_SB	19	a	290	295	299	311	316	321	328	332	336	341	346	349	358	362	369
1A_SB	19	d	292	297	301	313	318	323	330	334	338	343	347	350	360	363	/
1A_SB	20	a	305	309	313	324	328	332	340	344	348	351	355	358	367	371	378
1A_SB	20	d	307	311	314	326	329	334	342	345	349	353	356	359	369	372	/
1A_SB	21	a	326	330	334	342	345	349	356	360	363	367	371	374	383	387	396
1A_SB	21	d	328	331	335	343	347	350	357	361	364	369	372	375	384	389	/
1A_SB	22	a	338	342	347	356	360	365	371	374	377	381	385	389	397	401	410
1A_SB	22	d	340	344	348	357	362	366	372	375	379	382	387	390	398	403	/
1A_SB	23	a	357	361	366	373	377	381	386	389	392	395	398	401	409	414	421
1A_SB	23	d	359	363	367	374	379	382	387	390	393	396	399	402	411	415	/
1A_SB	24	a	364	369	373	380	385	388	393	396	400	403	406	409	417	422	431
1A_SB	24	d	366	370	374	382	386	389	394	398	401	404	407	411	419	424	/
1A_SB	25	a	369	374	379	389	392	395	400	403	408	412	416	419	428	432	441
1A_SB	25	d	371	376	381	390	393	396	401	405	410	413	417	420	430	434	/
1A_SB	26	a	386	391	396	406	410	413	419	422	425	428	433	436	446	449	455
1A_SB	26	d	388	393	398	408	411	415	420	423	426	430	434	437	447	450	/
1A_SB	27	a	394	399	404	414	418	422	429	432	436	440	445	449	458	463	469
1A_SB	27	d	396	401	406	416	420	424	430	434	438	442	447	450	460	464	/
1A_SB	28	a	424	429	433	443	446	450	456	459	463	466	469	473	483	487	495
1A_SB	28	d	425	430	435	444	448	452	457	460	464	467	471	474	485	489	/
1A_SB	29	a	446	451	455	464	467	471	477	481	484	487	491	495	505	508	515
1A_SB	29	d	448	452	456	465	468	472	478	482	485	489	492	496	506	509	/
1A_SB	30	a	459	463	467	477	481	485	491	494	498	502	506	509	519	522	532
1A_SB	30	d	460	464	468	479	482	486	492	495	499	503	507	510	520	524	/
1A_SB	31	a	477	482	486	495	498	501	507	512	516	520	525	528	537	540	549
1A_SB	31	d	479	483	487	496	499	502	509	514	518	522	526	529	538	541	/
1A_SB	32	a	485	489	493	503	506	509	514	518	522	526	531	534	543	547	556
1A_SB	32	d	487	490	495	504	507	510	516	520	524	528	532	535	544	548	/
1A_SB	33	a	490	494	499	509	512	516	521	525	530	535	540	543	552	556	564
1A_SB	33	d	492	496	501	510	513	517	523	527	532	537	541	544	553	557	/
1A_SB	34	a	497	502	506	515	518	522	527	531	536	540	544	548	557	561	569
1A_SB	34	d	499	503	507	516	519	523	529	533	537	542	546	549	558	562	/
1A_SB	35	a	502	507	511	522	525	529	535	539	543	547	550	553	562	566	574
1A_SB	35	d	504	508	512	523	526	530	537	540	545	548	551	554	563	567	/
1A_SB	36	a	507	512	516	527	530	534	540	544	549	553	557	562	572	575	583
1A_SB	36	d	509	513	517	528	531	535	542	546	551	555	559	563	573	577	/
1A_SB	37	a	514	519	524	533	536	540	546	550	555	560	564	568	580	583	590
1A_SB	37	d	516	521	525	534	537	541	548	552	557	562	565	570	581	584	/
1A_SB	38	a	521	525	529	539	543	548	554	559	564	568	571	575	587	591	599
1A_SB	38	d	522	526	531	541	545	549	556	561	565	569	573	577	589	592	/
1A_SB	39	a	539	543	547	558	561	566	572	577	581	586	590	594	603	608	615
1A_SB	39	d	540	544	548	559	563	568	574	579	583	587	591	595	605	609	/
1A_SB	40	a	557	560	565	574	577	580	585	589	594	597	602	606	615	620	627
1A_SB	40	d	558	562	567	575	578	581	586	591	595	599	603	607	617	621	/
1A_SB	41	a	566	569	573	580	584	588	595	599	603	607	612	617	627	631	638
1A_SB	41	d	567	570	575	582	586	590	596	600	605	609	614	618	628	633	/
1A_SB	42	a	583	586	590	598	601	606	611	615	619	623	628	632	641	646	655
1A_SB	42	d	584	587	592	599	603	607	612	616	621	625	630	633	643	648	/
1A_SB	43	a	591	595	600	609	613	617	624	628	632	635	639	642	651	655	663
1A_SB	43	d	592	597	601	611	614	619	625	629	633	637	640	643	652	656	/
1A_SB	44	a	599	603	607	617	621	625	631	636	640	643	646	650	659	662	670
1A_SB	44	d	600	604	609	619	622	626	633	637	641	644	648	651	660	664	/
1A_SB	45	a	621	625	629	636	640	643	649	653	657	660	663	666	677	680	687
1A_SB	45	d	622	626	630	638	641	645	650	655	658	661	664	668	678	681	/
1A_SB	46	a	631	634	639	647	650	654	659	662	666	669	672	676	686	689	697
1A_SB	46	d	632	636	641	648	652	655	660	664	667	670	674	677	687	690	/
1A_SB	47	a	645	649	654	664	667	670	676	679	683	686	691	696	705	709	716
1A_SB	47	d	646	651	656	665	668	672	677	680	684	688	693	698	707	710	/
1A_SB	48	a	662	666	671	680	684	687	694	697	701	704	708	712	722	726	733
1A_SB	48	d	663	668	673	681	685	689	695	698	702	705	710	714	724	727	/
1A_SB	49	a	684	688	692	702	705	709	714	718	723	727	732	736	745	749	756
1A_SB	49	d	685	689	693	703	707	710	716	720	725	729	734	738	747	750	/
1A_SB	50	a	705	708	713	724	727	732	738	743	747	750	754	757	766	769	776
1A_SB	50	d	706	710	714	725	729	733	740	744	748	752	755	758	767	770	/
1A_SB	51	a	719	723	727	735	738	743	750	755	758	762	766	770	780	784	790
1A_SB	51	d	720	724	728	736	740	745	752	756	759	764	768	772	782	785	/
1A_SB	52	a	731	735	740	748	751	756	763	767	772	776	780	783	792	796	803
1A_SB	52	d	732	737	741	749	753	758	764	769	774	777	781	784	794	797	/
1A_SB	53	a	744	748	753	762	765	768	774	778	782	786	791	795	805	809	817
1A_SB	53	d	745	750	755	763	766	770	776	780	784	788	793	797	807	811	/
1A_SB	54	a	766	770	774	784	788	793	799	804	809	814	819	823	832	836	843
1A_SB	54	d	767	771	775	786	790	794	801	806	811	816	820	825	834	838	/
1A_SB	55	a	796	799	803	812	816	820	825	830	835	839	843	848	857	862	870
1A_SB	55	d	797	800	804	813	818	821	827	832	837	840	845	850	859	864	/
1A_SB	56	a	818	822	825	834	839	842	848	853	857	861	865	869	878	883	890
1A_SB	56	d	819	823	827	836	840	844	850	854	859	862	866	870	880	885	/
1A_SB	57	a	830	834	839	848	853	856	862	866	870	874	879	883	893	896	903
1A_SB	57	d	831	836	840	850	854	857	863	867	871	876	881	885	894	898	/
1A_SB	58	a	856	860	864	874	877	880	886	889	893	897	901	906	915	919	927
1A_SB	58	d	857	862	866	875	878	882	887	891	895	899	903	907	917	921	/
1A_SB	59	a	884	888	892	900	903	907	913	916	920	924	928	931	942	946	954
1A_SB	59	d	885	890	893	901	904	909	914	918	922	925	929	933	943	947	/
1A_SB	60	a	907	911	916	925	929	933	939	944	948	952	957	960	970	974	982
1A_SB	60	d	908	913	917	927	931	935	941	945	950	954	958	962	972	976	/
1A_SB	61	a	922	926	929	939	942	945	950	955	959	963	967	970	979	984	992
1A_SB	61	d	923	927	930	940	943	946	952	956	960	964	968	971	981	986	/
1A_SB	62	a	946	950	954	964	968	971	977	982	986	990	994	998	1008	1011	1018
1A_SB	62	d	947	951	956	966	969	973	979	984	987	991	996	1000	1009	1012	/
1A_SB	63	a	972	976	981	990	994	998	1004	1007	1011	1015	1019	1024	1032	1035	1042
1A_SB	63	d	973	978	983	991	996	999	1005	1008	1013	1016	1021	1025	1033	1036	/
1A_SB	64	a	1002	1006	1010	1018	1022	1026	1031	1034	1037	1041	1046	1051	1059	1063	1072
1A_SB	64	d	1003	1008	1011	1019	1023	1027	1032	1035	1039	1043	1048	1052	1060	1065	/
1A_NB	1	a	14	23	28	39	45	48	52	57	60	66	71	74	84	88	92
1A_NB	1	d	15	25	30	41	46	49	54	58	62	68	72	76	86	90	/
1A_NB	2	a	24	33	38	49	54	58	63	66	70	76	80	83	92	96	100
1A_NB	2	d	25	35	40	50	56	60	64	67	72	78	81	84	93	98	/
1A_NB	3	a	29	40	44	55	60	65	70	73	77	84	87	91	102	106	110
1A_NB	3	d	31	41	45	56	62	67	71	74	79	85	89	93	103	107	/
1A_NB	4	a	36	46	50	61	66	71	75	79	83	90	94	99	110	114	119
1A_NB	4	d	37	48	51	62	68	72	77	81	85	92	96	101	111	116	/
1A_NB	5	a	53	62	67	77	81	84	88	93	98	104	108	113	122	126	130
1A_NB	5	d	54	64	68	78	82	85	90	95	99	106	110	115	123	127	/
1A_NB	6	a	69	79	83	91	95	98	102	107	111	118	121	125	134	137	142
1A_NB	6	d	71	80	84	92	96	99	104	109	113	119	122	127	135	139	/
1A_NB	7	a	76	87	91	99	103	107	110	114	117	124	128	133	141	144	148
1A_NB	7	d	78	88	92	100	105	108	111	115	119	126	130	134	142	145	/
1A_NB	8	a	96	105	109	120	126	131	135	139	143	149	152	155	164	169	173
1A_NB	8	d	98	107	110	122	128	132	136	140	144	150	153	156	166	170	/
1A_NB	9	a	110	121	126	136	142	146	150	154	158	163	168	172	181	185	189
1A_NB	9	d	112	123	128	138	144	147	151	155	159	165	170	174	183	186	/
1A_NB	10	a	140	151	155	163	168	172	177	180	183	189	193	196	204	209	213
1A_NB	10	d	142	152	156	164	170	174	178	181	184	190	194	197	206	210	/
1A_NB	11	a	159	169	174	184	189	193	197	202	207	215	219	223	232	235	239
1A_NB	11	d	161	171	176	185	191	194	199	204	209	217	221	225	233	236	/
1A_NB	12	a	180	188	193	201	207	211	215	220	223	229	233	237	246	249	254
1A_NB	12	d	182	190	194	203	209	212	217	221	225	231	235	239	247	251	/
1A_NB	13	a	196	206	210	220	226	230	235	240	244	250	254	258	267	270	274
1A_NB	13	d	198	207	211	222	228	232	237	241	246	252	256	260	268	271	/
1A_NB	14	a	217	229	232	242	248	252	256	260	265	270	274	278	286	290	294
1A_NB	14	d	219	230	233	244	250	253	257	262	266	272	276	279	288	291	/
1A_NB	15	a	224	234	238	248	254	258	263	268	273	279	283	286	294	298	302
1A_NB	15	d	226	236	239	250	256	260	265	270	275	281	284	287	296	299	/
1A_NB	16	a	234	244	248	259	264	268	272	276	281	286	290	293	301	306	309
1A_NB	16	d	236	246	250	260	266	269	273	278	282	288	291	294	303	307	/
1A_NB	17	a	261	273	277	287	293	297	301	305	310	315	318	322	331	335	340
1A_NB	17	d	263	275	279	289	295	298	303	307	311	316	320	324	332	337	/
1A_NB	18	a	270	280	284	296	301	305	310	314	319	326	330	335	341	346	351
1A_NB	18	d	272	282	286	297	303	307	312	316	321	328	332	336	343	348	/
1A_NB	19	a	279	289	293	305	311	315	319	323	328	335	339	343	349	352	356
1A_NB	19	d	281	291	295	306	313	316	320	325	330	336	340	344	350	353	/
1A_NB	20	a	298	306	309	319	325	330	334	339	343	350	354	358	366	370	373
1A_NB	20	d	299	307	311	320	327	332	336	340	345	352	355	359	367	371	/
1A_NB	21	a	308	319	322	331	337	340	344	348	351	358	362	366	374	379	384
1A_NB	21	d	310	320	323	332	338	342	345	349	353	360	364	368	376	381	/
1A_NB	22	a	316	327	330	342	348	353	358	363	366	371	374	378	386	390	393
1A_NB	22	d	318	328	331	343	350	355	360	364	367	372	375	379	387	391	/
1A_NB	23	a	330	339	343	355	360	364	369	373	378	383	387	392	401	404	408
1A_NB	23	d	331	340	344	356	362	366	370	375	379	385	389	393	402	405	/
1A_NB	24	a	334	344	349	359	366	369	374	379	383	389	394	397	407	411	415
1A_NB	24	d	336	346	350	361	367	371	376	380	385	391	395	399	409	412	/
1A_NB	25	a	349	358	363	374	380	384	388	393	396	402	406	410	418	421	425
1A_NB	25	d	351	360	365	376	382	386	390	394	397	403	407	411	419	422	/
1A_NB	26	a	378	388	392	400	405	409	414	418	422	428	431	435	446	450	455
1A_NB	26	d	380	390	393	401	406	411	415	420	423	429	433	437	447	452	/
1A_NB	27	a	401	411	415	424	430	434	438	443	447	454	458	462	472	475	479
1A_NB	27	d	403	413	417	426	431	435	440	444	449	456	459	464	473	476	/
1A_NB	28	a	429	438	442	452	458	461	465	469	472	477	481	484	493	496	501
1A_NB	28	d	431	439	444	454	459	462	466	470	473	479	482	485	494	498	/
1A_NB	29	a	438	447	452	462	468	472	476	480	484	489	492	495	503	508	512
1A_NB	29	d	440	449	454	464	470	474	477	481	485	490	493	496	505	509	/
1A_NB	30	a	458	467	471	479	486	490	494	499	503	510	515	519	527	532	537
1A_NB	30	d	460	469	472	481	487	491	496	501	505	512	517	520	529	534	/
1A_NB	31	a	469	480	485	494	499	504	508	513	516	522	526	531	540	544	548
1A_NB	31	d	471	482	486	495	501	506	510	514	517	523	528	533	541	545	/
1A_NB	32	a	493	503	506	516	522	526	530	534	538	544	548	552	561	565	571
1A_NB	32	d	495	504	508	518	523	527	531	536	540	546	550	554	562	567	/
1A_NB	33	a	514	522	525	534	540	543	547	551	555	561	564	567	576	580	586
1A_NB	33	d	515	523	526	536	541	545	548	552	557	562	565	568	578	582	/
1A_NB	34	a	521	529	533	543	549	553	556	561	564	569	574	577	585	590	594
1A_NB	34	d	522	531	535	544	551	554	558	562	565	571	575	578	587	591	/
1A_NB	35	a	530	539	544	554	559	563	567	572	576	582	587	592	603	607	611
1A_NB	35	d	531	541	546	555	560	564	569	573	577	584	589	594	605	608	/
1A_NB	36	a	553	561	564	574	580	584	589	594	599	604	607	610	619	624	629
1A_NB	36	d	554	562	566	576	582	586	591	596	600	605	608	611	621	626	/
1A_NB	37	a	567	575	579	589	594	597	602	606	609	615	618	621	629	632	636
1A_NB	37	d	568	577	580	590	595	599	603	607	611	616	619	622	630	633	/
1A_NB	38	a	578	587	591	602	607	611	615	619	624	631	634	637	647	650	654
1A_NB	38	d	579	589	592	603	608	612	616	621	626	632	635	639	648	652	/
1A_NB	39	a	598	606	610	618	624	628	632	636	639	645	649	652	660	663	668
1A_NB	39	d	599	608	611	620	625	629	633	637	641	646	650	653	661	665	/
1A_NB	40	a	608	618	621	632	638	641	646	650	654	660	663	668	677	681	686
1A_NB	40	d	609	619	623	634	639	643	648	652	655	661	665	669	679	683	/
1A_NB	41	a	622	630	635	644	651	656	660	665	669	675	679	683	693	698	703
1A_NB	41	d	623	632	637	646	653	657	662	666	671	677	681	684	695	700	/
1A_NB	42	a	634	643	647	656	662	666	671	676	680	686	689	693	703	707	711
1A_NB	42	d	635	645	648	657	663	668	673	677	681	687	691	694	704	708	/
1A_NB	43	a	642	651	654	664	671	676	679	683	688	694	697	701	711	716	721
1A_NB	43	d	643	652	656	666	673	677	681	685	689	695	699	702	713	718	/
1A_NB	44	a	658	667	670	678	683	688	691	696	699	705	708	711	721	725	729
1A_NB	44	d	659	668	671	679	685	689	693	697	700	706	709	713	722	726	/
1A_NB	45	a	667	677	680	689	696	701	706	710	714	721	725	729	739	743	747
1A_NB	45	d	668	678	681	691	698	703	707	711	716	723	727	731	740	744	/
1A_NB	46	a	691	700	704	715	720	724	727	731	735	741	744	748	758	763	766
1A_NB	46	d	692	702	706	716	721	725	728	732	736	742	746	749	760	764	/
1A_NB	47	a	699	708	711	721	728	732	735	740	744	750	754	758	767	771	775
1A_NB	47	d	700	709	712	723	729	733	737	742	745	751	756	759	768	772	/
1A_NB	48	a	721	730	734	743	748	752	756	761	764	770	774	777	786	790	795
1A_NB	48	d	722	732	736	744	750	753	758	762	765	772	775	778	787	792	/
1A_NB	49	a	738	748	752	761	767	771	774	778	781	788	792	797	804	809	813
1A_NB	49	d	739	749	753	763	768	772	775	779	783	790	794	798	806	810	/
1A_NB	50	a	754	764	768	780	786	790	794	798	802	807	810	813	820	825	830
1A_NB	50	d	755	765	770	782	787	791	795	799	803	808	811	814	822	827	/
1A_NB	51	a	775	785	789	800	806	811	816	821	825	830	833	837	846	851	856
1A_NB	51	d	776	787	791	802	808	813	818	822	826	831	835	838	848	853	/
1A_NB	52	a	793	804	808	817	822	826	831	835	839	845	848	852	859	863	868
1A_NB	52	d	794	806	810	818	823	828	833	836	841	846	849	854	860	865	/
1A_NB	53	a	820	831	835	845	850	854	858	862	865	870	874	877	885	888	892
1A_NB	53	d	821	833	836	846	851	855	859	863	866	872	875	878	886	890	/
1A_NB	54	a	828	839	842	852	858	862	866	871	874	881	885	889	898	901	906
1A_NB	54	d	829	840	844	854	860	863	868	872	876	883	887	890	899	903	/
1A_NB	55	a	840	852	856	866	872	876	881	886	890	897	900	903	911	915	920
1A_NB	55	d	841	854	858	868	873	878	883	887	892	898	901	905	912	917	/
1A_NB	56	a	856	867	870	881	887	891	896	901	906	912	915	919	929	934	939
1A_NB	56	d	857	868	872	882	888	893	898	903	908	913	917	921	931	936	/
1A_NB	57	a	864	875	879	890	897	901	905	910	915	920	924	927	937	941	945
1A_NB	57	d	865	876	881	892	898	902	907	912	916	922	925	929	938	942	/
1A_NB	58	a	872	883	887	898	904	908	912	917	921	926	929	934	943	947	952
1A_NB	58	d	873	884	888	899	906	909	914	918	922	927	931	935	945	949	/
1A_NB	59	a	882	893	897	908	914	918	922	927	931	937	941	945	953	956	961
1A_NB	59	d	883	895	898	909	915	919	924	928	933	939	942	946	954	958	/
1A_NB	60	a	901	911	914	925	931	935	939	943	947	953	956	959	967	972	976
1A_NB	60	d	902	912	916	927	933	936	940	945	948	954	957	960	969	974	/
1A_NB	61	a	921	931	935	947	954	957	960	964	967	973	976	980	989	992	997
1A_NB	61	d	922	933	937	949	955	958	961	965	969	974	978	981	990	994	/
1A_NB	62	a	948	958	962	970	976	980	984	989	992	999	1002	1006	1015	1019	1023
1A_NB	62	d	949	960	963	972	977	982	986	990	994	1000	1004	1008	1017	1021	/
1A_NB	63	a	973	981	985	995	1000	1005	1010	1015	1019	1025	1029	1033	1042	1047	1052
1A_NB	63	d	974	982	986	996	1002	1007	1012	1017	1020	1027	1031	1035	1044	1049	/
1A_NB	64	a	987	997	1001	1013	1018	1022	1026	1030	1035	1041	1045	1048	1056	1059	1062
1A_NB	64	d	988	999	1003	1014	1020	1023	1027	1032	1036	1042	1046	1050	1057	1060	/
2A_NB	1	a	6	10	16	20	25	31	36	40	50	55	61	64	68	73	79	81	86	91
2A_NB	1	d	7	11	17	22	26	33	38	42	52	57	62	66	70	74	80	83	88	/
2A_NB	2	a	35	38	44	49	53	59	62	66	74	78	85	88	91	95	101	104	109	113
2A_NB	2	d	36	39	46	50	55	60	63	68	75	80	87	89	92	96	102	106	110	/
2A_NB	3	a	41	44	50	54	59	66	70	74	83	88	95	97	100	104	111	113	117	121
2A_NB	3	d	42	45	51	56	61	68	71	75	85	90	96	98	101	106	112	114	118	/
2A_NB	4	a	51	54	61	66	70	77	80	83	92	95	101	103	107	112	119	121	125	129
2A_NB	4	d	52	56	63	67	72	78	81	84	93	96	102	105	109	114	120	122	126	/
2A_NB	5	a	61	64	71	76	79	84	88	91	99	102	108	111	114	118	124	127	131	136
2A_NB	5	d	62	66	73	77	80	86	89	92	100	103	110	112	115	119	126	128	133	/
2A_NB	6	a	70	73	79	82	86	92	96	101	110	114	119	121	124	128	135	137	142	145
2A_NB	6	d	71	74	80	84	88	93	98	103	111	115	120	122	126	129	136	139	143	/
2A_NB	7	a	78	81	88	93	96	102	106	109	118	122	129	132	136	141	149	152	155	158
2A_NB	7	d	79	83	90	94	97	103	107	111	119	124	131	134	138	143	151	153	156	/
2A_NB	8	a	87	90	97	102	105	110	114	118	126	130	136	139	142	147	155	157	160	164
2A_NB	8	d	88	92	99	103	106	111	116	120	127	131	137	140	144	149	156	158	162	/
2A_NB	9	a	95	98	104	107	111	117	121	126	133	138	143	147	151	155	163	166	171	176
2A_NB	9	d	96	99	105	108	113	118	123	127	135	139	145	149	152	157	165	168	173	/
2A_NB	10	a	100	103	109	112	117	123	127	132	139	143	149	153	157	162	170	172	177	182
2A_NB	10	d	101	104	110	114	119	124	129	133	140	145	151	155	159	164	171	174	179	/
2A_NB	11	a	112	116	122	126	131	138	142	146	155	159	164	167	169	173	179	182	185	189
2A_NB	11	d	113	118	123	128	133	139	144	147	156	160	166	168	170	174	181	183	187	/
2A_NB	12	a	122	126	132	136	140	147	151	154	164	168	175	178	182	186	192	194	198	201
2A_NB	12	d	123	127	133	137	142	148	152	156	165	170	177	180	183	187	193	195	199	/
2A_NB	13	a	127	131	137	141	146	152	156	159	169	173	180	184	188	192	198	200	205	209
2A_NB	13	d	128	132	138	143	147	154	157	161	170	175	182	186	189	193	199	202	207	/
2A_NB	14	a	142	146	153	156	159	165	169	172	182	187	193	196	199	204	210	213	217	221
2A_NB	14	d	143	148	154	157	160	166	170	174	184	189	194	197	201	205	212	215	219	/
2A_NB	15	a	152	155	162	166	170	176	180	185	194	198	203	207	210	214	219	222	226	230
2A_NB	15	d	153	157	164	168	172	177	182	186	195	199	205	208	211	215	221	224	228	/
2A_NB	16	a	167	170	176	179	183	190	194	197	206	210	215	218	221	226	231	233	237	240
2A_NB	16	d	168	171	177	181	185	191	195	199	207	211	216	219	223	227	232	234	238	/
2A_NB	17	a	187	190	196	199	203	209	214	218	226	231	236	240	244	248	255	257	260	265
2A_NB	17	d	188	192	197	200	204	211	215	219	228	232	238	242	245	250	256	258	262	/
2A_NB	18	a	195	198	203	207	211	217	221	225	235	239	244	248	251	255	261	263	266	270
2A_NB	18	d	196	200	205	208	212	218	222	226	236	240	246	249	252	257	262	264	267	/
2A_NB	19	a	213	216	221	224	227	232	237	241	249	254	261	264	267	271	276	279	282	286
2A_NB	19	d	214	217	222	225	228	234	239	242	251	256	262	265	268	272	277	280	283	/
2A_NB	20	a	237	240	246	250	254	260	264	267	278	283	290	292	294	297	303	306	310	315
2A_NB	20	d	238	242	248	252	255	261	265	269	280	285	291	293	295	298	304	308	312	/
2A_NB	21	a	246	249	254	258	263	270	275	279	287	290	296	299	303	308	314	316	321	325
2A_NB	21	d	247	250	256	260	265	272	277	280	288	291	298	301	305	310	315	318	322	/
2A_NB	22	a	259	263	270	274	278	284	289	293	303	308	313	317	320	324	329	332	336	340
2A_NB	22	d	260	265	272	275	279	286	291	295	305	309	315	318	321	325	331	333	337	/
2A_NB	23	a	274	277	282	285	289	295	299	303	313	317	322	325	329	333	339	341	346	350
2A_NB	23	d	275	278	283	286	291	296	301	305	315	318	323	327	330	334	340	343	347	/
2A_NB	24	a	291	295	301	304	308	315	319	323	334	338	344	346	348	351	359	362	366	371
2A_NB	24	d	292	297	302	306	310	316	320	325	335	340	345	347	349	353	361	363	368	/
2A_NB	25	a	308	311	317	322	325	331	335	338	348	353	359	361	364	369	374	376	380	385
2A_NB	25	d	309	312	319	323	326	332	336	339	350	354	360	363	366	370	375	378	382	/
2A_NB	26	a	325	328	334	338	343	349	354	358	366	369	375	378	381	384	390	392	396	400
2A_NB	26	d	326	329	335	340	344	351	355	360	367	371	377	379	382	385	391	393	397	/
2A_NB	27	a	338	342	347	350	355	362	367	371	378	383	389	392	395	399	405	409	413	417
2A_NB	27	d	339	343	348	352	357	364	369	372	380	385	390	394	396	401	407	410	415	/
2A_NB	28	a	352	355	361	366	370	376	379	383	390	393	400	404	406	410	416	419	422	427
2A_NB	28	d	353	356	363	368	372	377	381	384	391	395	402	405	407	411	417	420	424	/
2A_NB	29	a	370	373	378	382	386	392	396	399	406	409	415	417	419	424	431	434	438	442
2A_NB	29	d	371	374	380	383	387	393	397	400	407	411	416	418	421	426	433	435	440	/
2A_NB	30	a	378	382	387	390	395	403	407	410	418	421	426	429	431	435	440	442	446	449
2A_NB	30	d	379	383	388	392	397	404	408	411	419	422	427	430	432	436	441	443	447	/
2A_NB	31	a	398	402	408	412	415	421	425	428	436	440	446	449	452	456	461	465	469	474
2A_NB	31	d	399	403	410	413	417	423	426	430	438	441	447	450	454	457	463	466	471	/
2A_NB	32	a	404	408	415	419	423	429	433	438	446	449	454	456	460	464	471	474	479	484
2A_NB	32	d	405	410	417	421	424	431	435	440	447	450	455	458	462	466	473	476	481	/
2A_NB	33	a	412	416	422	425	428	434	438	443	451	455	461	464	467	472	479	482	486	491
2A_NB	33	d	413	417	423	426	429	436	440	445	452	457	463	465	469	474	481	484	488	/
2A_NB	34	a	424	427	432	435	439	447	450	454	462	466	473	475	479	483	488	491	494	498
2A_NB	34	d	425	428	433	436	441	448	452	456	463	468	474	477	480	484	490	492	495	/
2A_NB	35	a	432	435	440	443	447	455	459	462	470	474	480	483	485	490	495	497	501	506
2A_NB	35	d	433	436	441	444	449	457	460	464	471	475	481	484	487	491	496	499	503	/
2A_NB	36	a	438	442	448	451	456	461	464	469	478	482	489	493	496	500	505	507	511	516
2A_NB	36	d	439	444	449	453	457	462	466	471	480	484	491	495	497	501	506	509	513	/
2A_NB	37	a	446	450	455	459	463	470	474	479	487	490	496	500	502	506	511	515	519	523
2A_NB	37	d	447	451	456	460	465	472	476	480	488	491	498	501	503	507	513	516	520	/
2A_NB	38	a	466	469	474	478	481	487	492	495	504	508	514	518	522	527	532	536	540	544
2A_NB	38	d	467	470	475	479	482	489	493	496	505	509	516	520	524	528	534	537	541	/
2A_NB	39	a	484	487	492	495	498	504	508	512	521	526	531	535	538	543	548	550	554	559
2A_NB	39	d	485	488	493	496	500	505	510	513	523	527	533	537	540	544	549	552	556	/
2A_NB	40	a	493	496	501	505	508	515	520	523	531	535	541	544	547	551	557	560	563	567
2A_NB	40	d	494	497	503	506	510	517	521	525	533	537	543	545	548	553	558	561	564	/
2A_NB	41	a	504	507	513	517	522	529	534	538	545	549	553	555	558	563	569	572	576	579
2A_NB	41	d	505	509	514	519	524	531	535	539	546	550	554	557	560	565	571	573	577	/
2A_NB	42	a	527	530	535	538	542	548	552	556	566	571	576	579	581	586	592	595	600	603
2A_NB	42	d	528	531	536	540	543	550	554	558	568	572	578	580	583	588	593	597	601	/
2A_NB	43	a	554	558	563	568	571	577	582	586	593	597	603	606	609	613	618	622	626	630
2A_NB	43	d	555	559	565	569	572	579	584	587	594	599	605	607	610	614	620	624	627	/
2A_NB	44	a	579	583	588	592	597	602	605	608	617	620	627	630	633	636	643	645	648	651
2A_NB	44	d	580	584	589	594	598	603	606	610	618	622	629	631	634	638	644	646	649	/
2A_NB	45	a	598	602	608	611	615	621	626	630	638	642	647	650	654	658	664	666	670	674
2A_NB	45	d	599	604	609	613	616	623	628	631	640	643	648	652	655	660	665	668	672	/
2A_NB	46	a	618	622	627	632	635	643	647	650	657	660	665	668	670	675	682	684	688	693
2A_NB	46	d	619	623	629	633	637	644	648	651	658	661	667	669	672	677	683	685	690	/
2A_NB	47	a	644	648	654	658	662	668	673	676	684	689	695	697	699	703	709	711	714	719
2A_NB	47	d	645	649	655	659	663	670	674	677	686	690	696	698	700	704	710	712	716	/
2A_NB	48	a	666	670	675	678	683	690	693	696	704	708	713	715	719	722	730	732	735	740
2A_NB	48	d	667	671	676	680	684	691	694	698	706	709	714	717	720	724	731	733	737	/
2A_NB	49	a	685	688	695	698	702	709	714	719	728	732	737	741	744	748	753	755	760	765
2A_NB	49	d	686	690	696	700	704	711	716	721	730	733	739	743	745	749	754	757	762	/
2A_NB	50	a	706	709	715	719	722	727	730	734	743	747	752	755	759	764	772	775	779	783
2A_NB	50	d	707	710	717	720	723	728	731	736	744	748	754	757	761	766	773	776	781	/
2A_NB	51	a	712	715	722	725	728	733	738	742	751	756	762	764	767	771	779	782	786	790
2A_NB	51	d	713	717	723	726	729	735	739	744	753	757	763	765	768	773	781	784	788	/
2A_NB	52	a	735	738	745	749	754	759	763	767	776	780	786	789	793	797	804	807	811	815
2A_NB	52	d	736	740	747	751	755	760	765	769	777	782	788	791	794	799	806	808	812	/
2A_NB	53	a	762	765	771	775	779	785	790	793	802	807	815	818	821	826	832	835	838	842
2A_NB	53	d	763	767	773	776	780	787	791	794	804	809	816	819	823	828	834	836	839	/
2A_NB	54	a	788	792	798	802	805	812	816	819	828	831	837	840	844	847	854	857	862	867
2A_NB	54	d	789	793	799	803	807	814	817	820	829	832	838	842	845	849	855	859	864	/
2A_NB	55	a	814	818	824	827	831	837	841	845	853	857	862	865	868	873	879	882	886	890
2A_NB	55	d	815	819	825	829	833	838	843	846	854	858	863	867	870	874	880	883	887	/
2A_NB	56	a	823	827	833	837	841	848	851	854	863	868	874	877	881	885	890	894	898	902
2A_NB	56	d	824	829	835	839	843	849	852	855	865	870	876	879	882	886	892	895	899	/
2A_NB	57	a	841	844	849	852	856	862	865	868	877	881	887	891	893	897	902	905	909	913
2A_NB	57	d	842	845	850	853	858	863	866	869	878	883	889	892	894	898	904	907	910	/
2A_NB	58	a	858	862	868	872	875	882	885	889	900	905	912	915	919	923	929	932	937	941
2A_NB	58	d	859	863	870	873	876	883	887	891	902	906	914	917	920	924	930	934	938	/
2A_NB	59	a	887	891	898	901	904	910	915	920	929	934	941	943	947	950	956	959	963	967
2A_NB	59	d	888	893	899	902	906	912	917	921	931	936	942	945	948	952	958	960	964	/
2A_NB	60	a	906	910	917	920	923	929	933	937	948	952	958	960	962	967	973	976	981	985
2A_NB	60	d	907	911	918	921	924	930	934	939	950	953	959	961	964	969	975	978	982	/
2A_NB	61	a	930	933	939	943	948	955	960	964	971	975	980	984	988	993	998	1002	1006	1009
2A_NB	61	d	931	934	941	945	950	957	961	965	972	976	982	986	990	994	1000	1004	1007	/
2A_NB	62	a	958	962	968	971	975	983	986	989	998	1002	1007	1009	1012	1017	1022	1025	1029	1033
2A_NB	62	d	959	963	969	972	977	984	987	990	999	1003	1008	1011	1014	1018	1023	1027	1030	/
2A_NB	63	a	980	983	989	992	996	1002	1007	1012	1021	1025	1030	1033	1037	1042	1047	1051	1056	1060
2A_NB	63	d	981	984	990	994	997	1004	1009	1013	1023	1026	1032	1035	1039	1043	1049	1053	1057	/
2A_NB	64	a	1007	1010	1016	1021	1025	1031	1036	1039	1047	1051	1056	1059	1063	1067	1073	1077	1081	1085
2A_NB	64	d	1008	1012	1018	1023	1027	1033	1037	1040	1048	1052	1058	1061	1064	1068	1075	1078	1083	/
2A_SB	1	a	20	23	25	28	34	38	42	47	50	55	58	65	69	74	80	84	89	93
2A_SB	1	d	21	24	26	29	36	39	44	48	51	56	60	66	71	75	82	86	91	/
2A_SB	2	a	43	47	50	53	59	61	65	69	72	78	81	88	93	97	104	108	113	116
2A_SB	2	d	44	48	51	55	60	63	66	70	73	79	83	90	94	99	105	110	114	/
2A_SB	3	a	50	54	57	61	66	68	71	75	79	84	88	94	98	103	109	113	118	121
2A_SB	3	d	52	55	59	62	67	69	72	76	80	86	89	95	100	104	110	115	119	/
2A_SB	4	a	61	66	69	72	77	80	84	87	91	95	98	104	107	110	115	119	123	126
2A_SB	4	d	63	67	70	73	78	81	85	88	92	96	99	105	108	111	116	120	124	/
2A_SB	5	a	77	80	83	87	93	97	102	106	109	115	118	124	129	132	137	141	145	149
2A_SB	5	d	78	82	85	89	95	99	103	107	111	116	119	126	130	133	138	142	147	/
2A_SB	6	a	90	94	97	100	105	108	111	115	118	123	127	133	137	141	146	150	153	156
2A_SB	6	d	92	95	98	101	106	109	113	116	119	124	128	134	138	142	147	151	154	/
2A_SB	7	a	99	102	105	109	115	118	123	127	130	135	139	145	149	152	158	163	168	172
2A_SB	7	d	100	103	106	111	116	120	124	128	131	136	141	147	150	154	160	165	170	/
2A_SB	8	a	121	125	129	133	139	141	145	149	153	159	163	168	172	176	182	186	189	193
2A_SB	8	d	122	127	130	135	140	142	146	150	154	160	164	169	173	177	183	187	190	/
2A_SB	9	a	137	141	144	148	153	156	160	165	168	173	176	181	185	189	195	198	201	206
2A_SB	9	d	139	143	146	149	154	158	162	166	169	174	177	182	186	190	196	199	203	/
2A_SB	10	a	148	153	156	160	166	169	172	176	180	186	190	198	202	206	212	215	218	222
2A_SB	10	d	150	154	157	162	167	170	174	178	182	188	192	199	203	207	213	216	219	/
2A_SB	11	a	163	168	172	175	181	185	189	193	197	205	210	216	221	226	234	238	242	246
2A_SB	11	d	165	170	173	177	183	187	191	195	199	207	211	218	223	228	236	240	244	/
2A_SB	12	a	181	186	188	191	197	200	203	207	210	216	220	227	230	235	242	245	248	251
2A_SB	12	d	183	187	189	192	198	201	205	208	211	217	222	228	231	236	243	246	249	/
2A_SB	13	a	194	199	202	207	214	217	222	225	228	234	238	245	248	253	258	262	266	270
2A_SB	13	d	196	201	204	209	216	219	223	226	229	235	240	246	250	254	259	263	267	/
2A_SB	14	a	210	216	219	223	230	234	239	243	246	251	254	259	263	266	272	275	279	282
2A_SB	14	d	212	217	220	224	232	236	240	244	247	252	255	260	264	267	273	276	280	/
2A_SB	15	a	216	222	225	229	235	239	244	248	251	257	262	268	272	276	282	285	289	292
2A_SB	15	d	218	223	226	231	237	241	245	249	253	259	264	270	273	277	283	286	290	/
2A_SB	16	a	237	242	245	249	255	258	261	264	268	274	278	283	286	289	294	298	302	307
2A_SB	16	d	239	243	246	250	256	259	262	265	270	276	279	284	287	290	296	299	304	/
2A_SB	17	a	256	260	264	268	273	276	280	284	287	293	297	302	306	310	316	320	324	327
2A_SB	17	d	258	262	266	269	274	277	281	285	288	294	298	303	307	311	317	321	325	/
2A_SB	18	a	269	273	275	279	285	287	291	296	300	306	310	317	320	324	330	334	338	341
2A_SB	18	d	270	274	276	280	286	288	293	298	302	308	312	318	321	325	331	335	339	/
2A_SB	19	a	283	288	290	295	301	303	308	313	317	322	325	330	334	337	343	347	351	354
2A_SB	19	d	285	289	292	296	302	305	310	315	318	323	326	331	335	338	344	349	352	/
2A_SB	20	a	301	306	309	312	317	320	324	329	333	339	342	348	353	356	363	367	370	373
2A_SB	20	d	303	307	310	313	318	321	326	331	335	340	344	350	354	357	364	368	371	/
2A_SB	21	a	312	317	320	324	330	333	336	339	342	347	350	355	359	362	368	372	375	378
2A_SB	21	d	314	319	322	326	332	334	337	340	343	348	351	356	360	363	369	373	376	/
2A_SB	22	a	325	330	334	337	342	344	348	352	356	361	365	371	375	379	385	389	393	396
2A_SB	22	d	327	332	335	338	343	345	350	353	357	363	366	373	376	380	386	390	394	/
2A_SB	23	a	337	341	345	349	356	359	363	367	370	376	381	386	389	392	399	403	407	410
2A_SB	23	d	339	343	347	351	357	360	364	368	371	378	382	387	390	394	400	404	408	/
2A_SB	24	a	361	365	368	371	377	379	383	386	390	395	399	405	410	414	420	423	427	430
2A_SB	24	d	362	367	369	372	378	380	384	388	391	396	401	407	411	415	421	424	428	/
2A_SB	25	a	377	381	384	389	394	396	399	403	406	412	416	422	425	429	435	438	442	445
2A_SB	25	d	378	383	386	390	395	397	400	404	407	413	417	423	426	430	436	439	443	/
2A_SB	26	a	388	393	395	399	404	407	410	414	418	424	428	434	438	442	447	450	455	459
2A_SB	26	d	390	394	396	400	405	408	412	416	419	425	430	435	439	443	448	452	457	/
2A_SB	27	a	417	421	423	426	431	433	436	439	443	449	452	457	461	465	471	474	478	481
2A_SB	27	d	419	422	424	427	432	434	437	441	444	450	453	458	462	466	472	475	479	/
2A_SB	28	a	424	428	431	435	442	445	449	453	456	461	464	469	474	478	484	487	490	493
2A_SB	28	d	426	430	433	437	444	447	451	454	457	462	465	471	475	479	485	488	491	/
2A_SB	29	a	446	450	453	456	461	463	468	473	477	483	486	491	495	499	505	508	511	514
2A_SB	29	d	448	452	454	457	462	465	470	474	478	484	487	493	496	500	506	509	512	/
2A_SB	30	a	451	456	458	461	467	470	475	479	482	489	493	500	505	509	515	518	521	525
2A_SB	30	d	453	457	459	463	468	472	476	480	484	491	495	502	506	510	516	519	523	/
2A_SB	31	a	459	463	465	469	475	478	483	487	491	498	501	507	511	515	521	525	530	534
2A_SB	31	d	460	464	466	471	476	480	484	489	493	499	502	508	512	516	523	527	532	/
2A_SB	32	a	467	471	474	479	484	486	491	495	499	505	508	514	518	522	529	532	536	539
2A_SB	32	d	468	473	476	480	485	488	492	497	500	506	509	515	519	524	530	533	537	/
2A_SB	33	a	481	485	489	493	498	501	505	509	513	519	523	529	534	539	545	548	552	555
2A_SB	33	d	482	487	490	494	499	502	506	511	514	520	524	531	536	540	546	549	553	/
2A_SB	34	a	487	491	495	500	505	509	514	519	523	530	534	540	544	547	553	556	560	563
2A_SB	34	d	488	493	497	501	507	511	516	521	525	532	536	542	545	548	554	557	561	/
2A_SB	35	a	500	503	506	511	516	518	522	526	529	536	540	545	549	553	559	562	566	569
2A_SB	35	d	501	505	508	512	517	519	523	527	531	538	541	547	551	554	560	563	567	/
2A_SB	36	a	506	509	513	517	523	527	531	535	539	544	547	553	556	560	565	568	572	576
2A_SB	36	d	507	511	515	519	525	529	533	537	540	545	549	554	557	561	566	569	573	/
2A_SB	37	a	510	514	518	522	528	532	536	540	545	550	553	558	561	565	570	573	577	581
2A_SB	37	d	512	516	520	524	530	534	538	542	546	551	554	559	562	566	571	574	578	/
2A_SB	38	a	523	527	531	534	539	542	545	548	552	558	562	566	569	574	579	582	586	589
2A_SB	38	d	525	529	532	535	540	543	546	549	554	560	563	567	571	575	580	583	587	/
2A_SB	39	a	537	541	544	548	554	556	559	563	566	572	576	581	584	588	593	596	600	603
2A_SB	39	d	539	542	545	549	555	557	561	564	567	573	577	582	585	589	594	597	601	/
2A_SB	40	a	542	546	549	553	559	561	564	568	573	578	582	587	590	594	599	602	605	608
2A_SB	40	d	544	547	550	554	560	562	566	570	574	579	583	588	591	595	600	603	606	/
2A_SB	41	a	548	551	554	557	563	566	569	573	578	583	587	592	595	599	605	608	611	614
2A_SB	41	d	549	552	555	559	565	567	571	575	579	584	588	593	596	600	606	609	612	/
2A_SB	42	a	553	556	558	562	568	572	576	579	583	588	592	597	600	604	610	613	616	619
2A_SB	42	d	554	557	560	564	570	573	577	580	584	589	593	598	601	605	611	614	617	/
2A_SB	43	a	558	562	564	567	573	577	581	584	588	594	598	603	607	611	617	620	623	626
2A_SB	43	d	559	563	565	569	575	578	582	586	590	595	599	605	608	612	618	621	624	/
2A_SB	44	a	563	567	569	572	579	582	586	590	594	599	602	609	612	616	623	626	629	632
2A_SB	44	d	564	568	570	574	580	583	587	592	595	600	604	610	613	617	624	627	630	/
2A_SB	45	a	568	572	574	577	584	587	591	596	599	605	608	614	617	621	628	631	635	638
2A_SB	45	d	569	573	575	579	585	588	593	597	600	606	609	615	618	622	629	632	636	/
2A_SB	46	a	573	577	579	583	590	593	597	601	604	610	613	619	622	626	633	636	640	643
2A_SB	46	d	574	578	581	585	591	594	598	602	605	611	614	620	623	627	634	637	641	/
2A_SB	47	a	594	598	600	603	609	612	616	620	625	630	634	639	643	647	654	657	660	664
2A_SB	47	d	595	599	601	605	611	614	618	622	626	632	635	640	644	648	655	658	661	/
2A_SB	48	a	600	603	605	609	615	618	622	626	631	637	640	645	648	652	660	663	667	671
2A_SB	48	d	601	604	607	611	617	620	624	628	632	638	641	646	649	654	661	664	668	/
2A_SB	49	a	606	609	611	615	622	625	628	631	636	642	645	651	654	658	665	669	673	677
2A_SB	49	d	607	610	613	617	624	626	629	633	637	643	647	652	655	659	667	670	674	/
2A_SB	50	a	612	615	617	621	628	632	636	640	644	651	654	660	665	668	673	677	680	683
2A_SB	50	d	613	616	619	623	630	633	638	641	646	652	656	662	666	669	675	678	681	/
2A_SB	51	a	624	627	630	634	638	641	645	648	652	658	663	669	673	676	682	685	688	691
2A_SB	51	d	625	629	632	635	639	642	646	649	653	660	664	670	674	677	683	686	689	/
2A_SB	52	a	629	633	637	641	646	649	653	657	662	669	674	680	684	689	696	699	703	707
2A_SB	52	d	630	635	639	643	647	651	655	659	664	671	675	682	686	691	697	700	704	/
2A_SB	53	a	653	657	661	665	671	673	677	682	686	691	695	700	705	710	717	720	723	728
2A_SB	53	d	654	659	663	666	672	674	679	683	687	693	696	702	707	712	718	721	725	/
2A_SB	54	a	680	683	687	690	696	700	704	708	712	719	722	729	733	737	743	747	751	755
2A_SB	54	d	681	685	688	692	698	702	706	710	714	720	724	730	734	738	745	749	753	/
2A_SB	55	a	709	713	715	720	725	729	733	737	741	749	753	758	762	766	772	776	780	784
2A_SB	55	d	710	714	717	721	727	731	735	739	743	750	754	759	763	768	774	778	781	/
2A_SB	56	a	739	743	745	750	755	758	762	767	771	777	781	787	791	796	803	807	810	813
2A_SB	56	d	740	744	747	751	756	760	764	769	773	779	783	789	793	797	804	808	811	/
2A_SB	57	a	769	773	776	780	785	788	792	796	800	808	811	816	821	825	831	835	839	843
2A_SB	57	d	770	774	777	781	786	789	794	798	802	809	812	818	822	827	833	837	841	/
2A_SB	58	a	799	803	806	810	815	818	822	827	831	837	840	847	851	855	861	865	869	873
2A_SB	58	d	800	804	807	811	816	819	824	828	832	838	842	848	852	856	863	867	871	/
2A_SB	59	a	827	831	835	839	844	847	851	855	858	864	867	872	876	881	888	891	895	899
2A_SB	59	d	828	833	837	840	845	848	853	856	860	865	868	874	878	883	889	892	897	/
2A_SB	60	a	856	859	862	866	871	873	878	882	885	892	896	902	906	910	916	920	925	929
2A_SB	60	d	857	861	864	867	872	875	879	883	887	894	898	903	907	911	917	922	926	/
2A_SB	61	a	885	889	891	894	900	903	906	910	913	919	923	930	934	938	943	947	950	954
2A_SB	61	d	886	890	892	895	901	904	907	911	914	921	925	931	936	939	945	948	952	/
2A_SB	62	a	907	911	914	919	924	927	932	937	940	946	949	956	961	966	973	976	979	983
2A_SB	62	d	908	913	916	920	925	929	934	938	942	947	951	958	963	968	974	977	980	/
2A_SB	63	a	936	940	943	947	952	955	959	963	967	972	976	982	986	989	996	999	1002	1007
2A_SB	63	d	937	942	945	948	954	957	960	964	968	973	978	983	987	991	997	1000	1004	/
2A_SB	64	a	955	958	961	964	970	973	977	981	984	989	994	998	1002	1007	1014	1019	1024	1028
2A_SB	64	d	956	960	962	965	971	974	978	982	985	991	995	999	1004	1009	1016	1021	1026	/
3A_SB	1	a	8	13	17	24	28	33	38	42	46	51	55	58	62	66	70	75	79
3A_SB	1	d	9	14	18	26	30	35	39	44	48	53	56	59	63	67	71	76	/
3A_SB	2	a	38	43	46	53	58	62	67	71	75	79	84	87	92	96	100	105	109
3A_SB	2	d	39	44	48	55	59	64	69	73	76	81	85	88	93	97	101	106	/
3A_SB	3	a	66	71	76	83	87	91	96	100	104	109	114	116	121	125	129	134	139
3A_SB	3	d	67	73	78	85	88	93	97	101	106	111	115	117	122	126	130	136	/
3A_SB	4	a	74	79	83	90	95	99	104	109	113	118	123	126	131	135	139	144	149
3A_SB	4	d	75	81	85	92	97	101	106	111	115	120	124	127	132	136	140	146	/
3A_SB	5	a	93	98	102	107	110	114	118	122	127	131	135	137	141	144	148	153	157
3A_SB	5	d	94	100	103	108	112	116	119	124	128	132	136	138	142	145	149	155	/
3A_SB	6	a	103	108	111	118	121	125	128	132	136	139	143	145	150	155	159	165	169
3A_SB	6	d	104	109	113	119	122	126	129	133	137	140	144	147	152	156	160	166	/
3A_SB	7	a	108	115	118	125	130	135	139	144	148	153	157	160	164	168	171	177	182
3A_SB	7	d	109	116	120	127	132	137	141	146	150	155	158	161	165	169	172	179	/
3A_SB	8	a	135	140	143	148	151	155	159	163	167	170	173	176	181	186	190	196	200
3A_SB	8	d	136	141	144	149	152	156	160	164	168	171	174	178	183	187	191	198	/
3A_SB	9	a	147	152	156	162	166	169	173	177	181	185	188	191	195	199	203	209	213
3A_SB	9	d	148	153	158	164	167	170	174	178	182	186	189	192	196	200	205	211	/
3A_SB	10	a	153	158	163	168	173	177	182	187	192	197	201	203	207	211	215	220	223
3A_SB	10	d	154	160	164	170	175	179	184	189	194	199	202	204	208	212	216	221	/
3A_SB	11	a	164	170	174	180	183	187	190	194	198	202	206	208	212	216	220	226	231
3A_SB	11	d	165	171	175	181	184	188	191	195	200	204	207	209	213	217	222	228	/
3A_SB	12	a	169	175	179	186	190	194	198	202	206	209	213	216	221	226	231	238	242
3A_SB	12	d	170	176	181	188	191	195	199	203	207	210	214	217	223	228	233	240	/
3A_SB	13	a	188	194	199	204	208	212	216	221	224	228	233	235	240	244	248	254	258
3A_SB	13	d	189	196	200	205	210	213	218	222	226	230	234	236	241	245	249	256	/
3A_SB	14	a	215	220	223	228	232	236	241	245	248	252	255	257	261	264	268	274	279
3A_SB	14	d	216	221	224	230	233	238	242	246	249	253	256	258	262	265	269	276	/
3A_SB	15	a	225	230	234	240	244	249	254	259	263	268	273	276	281	284	287	293	298
3A_SB	15	d	226	231	235	242	246	251	256	261	265	270	274	277	282	285	288	295	/
3A_SB	16	a	254	259	262	268	272	275	278	282	285	288	291	294	299	302	306	312	315
3A_SB	16	d	255	260	264	270	273	276	279	283	286	289	292	295	300	303	307	313	/
3A_SB	17	a	268	273	277	283	286	290	293	297	300	304	308	311	315	319	323	328	331
3A_SB	17	d	269	275	279	284	287	291	294	298	301	305	309	312	316	320	324	329	/
3A_SB	18	a	280	285	289	296	300	303	307	311	314	318	321	324	329	332	336	340	344
3A_SB	18	d	281	286	291	298	301	304	308	312	315	319	322	325	330	333	337	342	/
3A_SB	19	a	288	293	297	303	308	311	315	319	323	327	330	333	338	341	345	350	353
3A_SB	19	d	289	294	298	305	309	312	316	320	324	328	331	334	339	342	346	351	/
3A_SB	20	a	303	308	312	318	322	327	331	334	338	342	346	348	352	356	360	365	369
3A_SB	20	d	304	310	314	320	324	328	332	336	340	344	347	349	353	357	361	367	/
3A_SB	21	a	320	325	330	335	338	342	346	349	354	357	360	362	366	370	373	378	382
3A_SB	21	d	321	327	331	336	339	343	347	351	355	358	361	363	367	371	374	380	/
3A_SB	22	a	334	339	343	349	352	356	360	363	367	370	374	377	381	385	389	394	398
3A_SB	22	d	335	341	345	350	353	358	361	364	368	372	375	378	382	386	390	395	/
3A_SB	23	a	340	345	350	356	360	364	368	371	375	378	381	384	389	392	396	401	405
3A_SB	23	d	341	347	352	358	361	365	369	372	376	379	382	386	390	393	397	402	/
3A_SB	24	a	348	353	358	365	369	374	378	383	388	391	394	397	401	404	407	413	416
3A_SB	24	d	349	355	360	367	371	375	380	385	389	392	395	398	402	405	408	414	/
3A_SB	25	a	370	376	380	386	390	394	398	402	406	410	414	416	420	423	427	433	436
3A_SB	25	d	371	378	382	388	391	395	399	403	407	411	415	417	421	424	428	434	/
3A_SB	26	a	384	390	393	400	405	409	412	416	419	423	427	429	434	438	442	447	451
3A_SB	26	d	385	391	395	402	406	410	413	417	420	424	428	430	435	439	443	448	/
3A_SB	27	a	404	410	414	420	424	428	432	436	439	443	448	451	455	458	462	467	471
3A_SB	27	d	405	411	415	421	425	430	434	437	441	445	449	452	456	459	463	469	/
3A_SB	28	a	415	421	424	430	434	439	443	448	452	456	460	463	467	470	474	480	485
3A_SB	28	d	416	422	425	431	436	441	445	450	453	458	461	464	468	471	475	482	/
3A_SB	29	a	434	440	444	450	455	460	465	469	473	477	482	485	489	493	496	501	505
3A_SB	29	d	435	441	446	452	457	462	467	471	475	479	483	486	490	494	497	502	/
3A_SB	30	a	445	451	456	463	467	472	477	481	486	491	496	499	503	506	510	515	518
3A_SB	30	d	446	453	458	465	469	474	479	483	488	493	497	500	504	507	511	516	/
3A_SB	31	a	462	467	471	477	481	484	488	491	495	499	503	506	510	514	517	522	525
3A_SB	31	d	463	468	472	479	482	485	489	492	496	501	504	507	511	515	518	523	/
3A_SB	32	a	479	484	488	493	496	500	503	506	509	513	517	519	523	527	531	536	540
3A_SB	32	d	480	485	489	494	497	501	504	507	511	515	518	520	524	528	532	537	/
3A_SB	33	a	491	496	501	507	511	515	519	523	527	530	534	537	541	545	548	553	556
3A_SB	33	d	492	498	503	509	512	516	520	524	528	531	535	538	542	546	549	554	/
3A_SB	34	a	504	510	515	521	525	529	533	537	540	544	547	550	554	557	561	566	569
3A_SB	34	d	505	512	517	523	526	530	534	538	541	545	548	551	555	558	562	567	/
3A_SB	35	a	512	518	522	527	531	535	540	544	548	553	556	558	562	565	569	574	578
3A_SB	35	d	513	519	523	529	532	537	541	546	550	554	557	559	563	566	570	576	/
3A_SB	36	a	518	524	529	536	539	543	547	551	554	558	562	564	568	571	575	580	583
3A_SB	36	d	519	525	531	537	540	544	548	552	555	559	563	565	569	572	576	581	/
3A_SB	37	a	523	529	535	541	545	549	553	557	560	564	568	570	575	579	583	588	593
3A_SB	37	d	524	531	536	542	546	550	555	558	561	565	569	571	576	580	584	590	/
3A_SB	38	a	528	534	540	546	551	556	559	562	565	569	572	575	580	584	588	593	598
3A_SB	38	d	529	536	542	548	553	557	560	563	566	570	574	576	581	585	589	595	/
3A_SB	39	a	539	544	549	554	558	561	565	569	574	578	581	583	588	592	597	602	605
3A_SB	39	d	540	546	550	555	559	563	567	571	575	579	582	584	589	594	598	603	/
3A_SB	40	a	554	558	563	569	572	575	579	582	586	590	594	597	602	605	609	614	617
3A_SB	40	d	555	560	565	570	573	576	580	583	587	592	596	598	603	606	610	615	/
3A_SB	41	a	570	575	580	586	590	595	599	602	606	610	613	615	620	624	629	635	639
3A_SB	41	d	571	577	581	587	592	596	600	603	607	611	614	616	621	626	631	636	/
3A_SB	42	a	593	599	604	611	615	619	623	627	631	635	639	642	647	651	655	661	665
3A_SB	42	d	594	601	606	612	617	620	625	629	632	636	640	644	649	652	657	663	/
3A_SB	43	a	621	626	630	636	640	645	649	652	656	660	664	667	673	676	680	685	688
3A_SB	43	d	622	628	631	638	642	646	650	654	657	662	666	669	674	677	681	686	/
3A_SB	44	a	649	655	658	665	669	673	677	680	684	688	693	696	700	703	708	713	717
3A_SB	44	d	650	656	660	666	670	674	678	681	685	690	694	697	701	705	710	714	/
3A_SB	45	a	677	683	686	693	698	701	706	709	713	718	721	725	729	733	737	742	745
3A_SB	45	d	678	684	688	695	699	702	707	711	715	719	723	726	730	734	738	743	/
3A_SB	46	a	703	708	712	718	723	728	733	737	741	745	748	750	755	759	763	768	772
3A_SB	46	d	704	709	713	720	725	730	734	739	743	746	749	751	756	760	764	770	/
3A_SB	47	a	714	720	724	730	734	738	742	747	751	756	760	762	767	771	775	781	786
3A_SB	47	d	715	722	725	731	735	739	744	749	753	757	761	763	768	772	776	783	/
3A_SB	48	a	720	725	729	736	741	745	749	754	758	763	767	771	775	779	783	789	793
3A_SB	48	d	721	727	731	738	742	746	751	755	760	764	769	772	776	780	785	790	/
3A_SB	49	a	731	736	740	747	752	757	760	764	767	771	776	780	784	789	794	798	803
3A_SB	49	d	732	737	741	749	754	758	761	765	768	773	778	781	786	791	795	800	/
3A_SB	50	a	743	748	752	757	761	766	771	776	779	783	786	789	793	797	801	805	809
3A_SB	50	d	744	750	753	759	763	768	773	777	780	784	788	790	794	798	802	806	/
3A_SB	51	a	750	756	760	766	770	774	778	782	787	791	794	797	802	805	809	814	818
3A_SB	51	d	751	758	762	768	772	775	779	784	788	792	795	799	803	806	810	815	/
3A_SB	52	a	755	761	765	771	775	779	784	789	793	797	801	805	809	813	817	822	827
3A_SB	52	d	756	763	767	773	777	781	786	790	794	799	803	806	811	814	818	824	/
3A_SB	53	a	764	769	773	779	783	787	792	796	800	805	808	811	816	820	825	830	834
3A_SB	53	d	765	771	775	780	785	789	793	797	802	806	809	812	818	822	826	832	/
3A_SB	54	a	773	778	781	787	791	795	799	803	807	812	816	818	823	826	830	836	839
3A_SB	54	d	774	779	782	788	793	797	800	804	809	814	817	819	824	827	832	837	/
3A_SB	55	a	778	783	787	794	798	802	806	810	814	819	822	824	828	832	837	843	847
3A_SB	55	d	779	784	789	795	800	804	807	812	816	820	823	825	830	834	839	845	/
3A_SB	56	a	783	789	794	802	806	810	814	819	823	827	830	833	837	841	844	849	852
3A_SB	56	d	784	791	796	803	808	811	816	821	824	828	831	834	839	842	846	850	/
3A_SB	57	a	790	796	799	807	811	816	820	824	829	833	836	839	844	848	851	856	860
3A_SB	57	d	791	797	801	808	813	817	821	826	830	834	837	841	845	849	853	858	/
3A_SB	58	a	798	803	807	815	818	822	826	830	834	838	843	846	850	854	858	863	866
3A_SB	58	d	799	805	809	816	819	823	828	831	835	840	844	847	851	855	859	864	/
3A_SB	59	a	810	815	818	823	826	830	835	838	843	846	851	854	859	863	867	872	875
3A_SB	59	d	811	816	819	824	827	832	836	840	844	848	852	856	860	864	868	873	/
3A_SB	60	a	822	827	831	837	841	846	850	854	857	860	863	867	872	876	881	887	890
3A_SB	60	d	823	829	832	839	843	847	852	855	858	861	865	869	873	878	882	888	/
3A_SB	61	a	829	834	838	845	848	853	857	862	865	869	872	875	881	885	889	895	898
3A_SB	61	d	830	836	840	846	850	855	859	863	867	870	873	877	882	886	891	896	/
3A_SB	62	a	836	841	845	851	855	860	864	869	874	878	882	885	890	894	898	903	907
3A_SB	62	d	837	842	846	853	857	862	866	871	875	880	883	886	892	895	899	905	/
3A_SB	63	a	843	848	853	859	863	867	870	875	879	884	888	890	896	899	904	910	914
3A_SB	63	d	844	850	854	860	864	868	872	876	881	886	889	892	897	901	905	912	/
3A_SB	64	a	849	854	858	865	869	874	878	883	888	891	894	896	901	905	909	916	919
3A_SB	64	d	850	856	860	866	871	875	880	885	889	892	895	897	903	906	911	917	/
3A_NB	1	a	11	14	18	23	26	31	35	39	43	49	52	54	56	60	64	69	74	79
3A_NB	1	d	12	16	20	24	28	33	37	40	45	50	53	55	58	62	66	71	76	/
3A_NB	2	a	31	35	39	45	49	53	56	59	64	71	76	79	82	86	89	92	96	101
3A_NB	2	d	32	37	41	47	51	54	58	61	66	73	77	81	84	87	90	94	98	/
3A_NB	3	a	43	47	52	57	61	65	69	72	77	82	86	89	91	95	99	102	105	108
3A_NB	3	d	44	49	54	59	63	67	71	74	78	83	87	90	92	96	100	103	106	/
3A_NB	4	a	65	68	72	76	80	84	88	92	96	101	105	107	111	114	119	124	129	133
3A_NB	4	d	66	70	74	78	81	86	90	93	97	102	106	109	112	116	121	126	131	/
3A_NB	5	a	84	87	90	95	99	104	107	109	114	118	121	124	127	132	137	141	145	149
3A_NB	5	d	85	88	92	97	101	105	108	111	115	119	122	125	129	134	138	143	147	/
3A_NB	6	a	94	97	100	104	109	113	116	118	122	128	132	136	139	143	147	151	154	158
3A_NB	6	d	95	98	101	106	111	114	117	120	123	129	134	138	141	145	148	152	156	/
3A_NB	7	a	103	106	109	113	118	122	127	130	134	140	144	146	148	151	154	158	161	164
3A_NB	7	d	104	107	110	115	120	124	129	132	135	141	145	147	149	152	155	159	162	/
3A_NB	8	a	112	116	120	124	127	131	135	138	143	149	154	156	160	163	166	169	172	176
3A_NB	8	d	113	118	121	125	129	132	136	140	144	151	155	158	161	164	167	170	174	/
3A_NB	9	a	129	132	136	141	144	148	151	154	157	162	166	169	171	174	178	181	185	188
3A_NB	9	d	130	133	138	142	145	149	153	155	158	163	167	170	172	176	179	183	186	/
3A_NB	10	a	156	160	163	166	170	173	177	180	184	189	192	194	196	200	203	206	209	212
3A_NB	10	d	157	161	164	168	171	175	179	182	185	190	193	195	197	201	204	207	210	/
3A_NB	11	a	172	176	179	184	187	191	194	197	201	207	210	212	214	217	220	224	229	232
3A_NB	11	d	173	177	181	185	188	192	195	199	202	208	211	213	215	218	221	226	230	/
3A_NB	12	a	183	187	190	195	199	204	208	211	214	220	224	227	229	232	236	240	245	250
3A_NB	12	d	184	188	192	197	201	206	209	212	215	221	225	228	230	233	237	242	247	/
3A_NB	13	a	198	202	206	211	216	220	225	228	232	238	242	245	247	251	256	260	264	268
3A_NB	13	d	199	204	208	213	217	222	227	230	233	239	243	246	248	253	258	262	265	/
3A_NB	14	a	220	223	226	230	234	239	243	246	251	256	259	261	263	267	270	273	276	279
3A_NB	14	d	221	224	227	232	236	241	245	248	252	257	260	262	264	268	271	274	277	/
3A_NB	15	a	233	236	241	245	248	253	256	260	263	270	273	276	279	282	287	290	293	298
3A_NB	15	d	234	238	242	246	250	254	258	261	265	271	274	277	280	284	288	291	295	/
3A_NB	16	a	241	244	248	253	258	262	265	269	272	278	281	284	287	291	295	299	303	307
3A_NB	16	d	242	245	250	255	259	263	267	270	273	279	282	285	288	293	297	301	305	/
3A_NB	17	a	261	264	268	272	276	281	284	287	292	298	302	306	308	312	316	320	324	329
3A_NB	17	d	262	266	269	274	278	282	285	289	293	299	304	307	309	314	318	322	326	/
3A_NB	18	a	271	274	279	283	287	292	296	300	305	310	314	317	320	323	326	329	333	337
3A_NB	18	d	272	276	281	285	289	294	298	302	306	311	315	318	321	324	327	330	334	/
3A_NB	19	a	287	290	295	300	304	309	314	317	322	327	331	334	336	339	343	347	350	353
3A_NB	19	d	288	292	297	302	306	311	316	319	323	328	332	335	337	340	344	348	351	/
3A_NB	20	a	304	308	312	317	320	324	329	333	338	343	347	350	353	356	359	362	366	370
3A_NB	20	d	305	309	314	318	322	326	331	335	339	344	348	351	354	357	360	363	367	/
3A_NB	21	a	328	331	335	340	344	348	352	356	360	366	371	375	379	383	387	390	393	397
3A_NB	21	d	329	333	337	342	346	350	354	358	362	368	373	377	381	385	388	391	395	/
3A_NB	22	a	345	348	352	355	359	363	367	370	374	379	382	384	387	390	393	396	399	402
3A_NB	22	d	346	349	353	357	361	365	369	372	375	380	383	385	388	391	394	397	400	/
3A_NB	23	a	357	360	363	366	369	372	376	378	382	388	392	395	397	401	404	408	411	416
3A_NB	23	d	358	361	364	367	370	374	377	380	384	390	393	396	399	402	405	409	413	/
3A_NB	24	a	364	368	371	374	378	383	387	390	395	401	404	406	408	411	415	419	423	427
3A_NB	24	d	365	369	372	375	380	384	389	392	396	402	405	407	409	413	416	421	424	/
3A_NB	25	a	390	394	398	402	406	410	414	418	423	429	433	435	437	441	444	448	452	455
3A_NB	25	d	391	396	399	404	407	412	416	420	424	430	434	436	438	442	445	449	453	/
3A_NB	26	a	414	418	423	428	431	436	441	443	448	454	458	460	462	465	469	473	477	482
3A_NB	26	d	415	420	425	429	433	438	442	445	449	455	459	461	463	466	470	474	479	/
3A_NB	27	a	431	435	438	442	446	450	453	456	461	467	470	473	475	478	483	487	491	495
3A_NB	27	d	432	436	440	444	448	451	454	458	462	468	471	474	476	480	485	488	492	/
3A_NB	28	a	451	454	459	464	468	471	474	477	481	486	489	491	493	497	501	504	509	513
3A_NB	28	d	452	456	461	465	469	472	476	479	482	487	490	492	495	498	502	506	511	/
3A_NB	29	a	456	459	464	469	474	478	481	483	487	492	495	497	500	503	508	511	515	518
3A_NB	29	d	457	461	466	471	476	479	482	484	488	493	496	498	501	505	509	513	516	/
3A_NB	30	a	465	468	471	475	479	484	488	491	496	502	507	509	512	515	518	521	524	527
3A_NB	30	d	466	469	472	476	481	486	490	493	497	504	508	510	513	516	519	522	525	/
3A_NB	31	a	472	475	478	483	486	490	494	497	502	509	512	516	519	522	525	529	532	536
3A_NB	31	d	473	476	480	484	487	492	496	499	504	510	514	517	520	523	526	530	534	/
3A_NB	32	a	477	480	485	489	493	497	501	503	508	514	518	521	524	528	531	536	539	543
3A_NB	32	d	478	482	486	491	494	499	502	505	509	516	519	522	526	529	533	537	540	/
3A_NB	33	a	488	491	496	500	503	507	511	514	517	523	526	528	531	534	537	542	546	550
3A_NB	33	d	489	493	498	501	504	509	513	515	518	524	527	529	532	535	539	543	547	/
3A_NB	34	a	496	499	504	508	513	516	519	521	524	529	532	534	538	541	545	549	553	557
3A_NB	34	d	497	501	506	510	514	517	520	522	525	530	533	536	539	543	546	550	554	/
3A_NB	35	a	512	516	520	525	528	533	537	540	544	549	553	556	558	562	566	570	574	578
3A_NB	35	d	513	517	522	526	530	535	538	541	545	550	555	557	559	563	567	571	575	/
3A_NB	36	a	528	532	537	541	546	550	554	557	560	566	570	573	575	578	582	585	590	595
3A_NB	36	d	529	534	538	543	548	552	556	558	561	567	572	574	576	579	583	587	592	/
3A_NB	37	a	543	546	550	554	558	561	565	567	570	576	580	582	584	587	590	594	599	603
3A_NB	37	d	544	548	551	555	559	563	566	568	571	577	581	583	585	588	591	596	600	/
3A_NB	38	a	549	552	555	560	565	569	573	576	580	586	590	593	595	599	603	608	613	618
3A_NB	38	d	550	553	557	562	567	570	575	578	581	587	591	594	597	600	605	610	615	/
3A_NB	39	a	559	562	567	572	577	581	585	587	591	598	602	605	608	612	616	619	623	627
3A_NB	39	d	560	564	569	574	579	582	586	589	593	600	604	606	609	613	617	621	624	/
3A_NB	40	a	569	573	577	582	587	591	594	597	600	606	609	612	615	619	622	626	630	634
3A_NB	40	d	570	575	579	584	588	592	596	598	602	607	611	613	617	620	624	628	631	/
3A_NB	41	a	582	586	590	595	599	603	606	609	614	621	625	627	631	634	638	642	645	648
3A_NB	41	d	583	588	592	596	600	604	608	611	616	623	626	629	632	635	640	643	646	/
3A_NB	42	a	600	604	607	611	614	618	621	623	627	634	638	641	644	647	652	657	660	663
3A_NB	42	d	601	605	608	612	615	619	622	624	629	636	639	643	645	649	654	658	661	/
3A_NB	43	a	608	612	615	620	624	629	632	634	638	645	648	650	652	655	659	663	668	671
3A_NB	43	d	609	613	617	622	626	630	633	635	640	646	649	651	653	656	660	665	669	/
3A_NB	44	a	619	623	627	632	635	640	643	647	651	657	661	664	666	669	674	677	681	685
3A_NB	44	d	620	625	629	633	637	641	645	649	653	659	663	665	667	671	675	678	682	/
3A_NB	45	a	634	637	641	645	650	653	656	660	664	669	673	675	677	681	686	689	692	697
3A_NB	45	d	635	639	642	647	651	654	658	661	665	670	674	676	678	683	687	690	694	/
3A_NB	46	a	658	661	665	669	674	679	683	685	690	697	701	704	707	710	713	716	720	725
3A_NB	46	d	659	663	667	671	676	681	684	687	692	699	702	705	708	711	714	717	722	/
3A_NB	47	a	665	669	673	676	680	684	688	692	697	703	706	709	713	717	720	724	728	732
3A_NB	47	d	666	671	674	677	681	686	690	694	698	704	707	711	715	718	722	725	729	/
3A_NB	48	a	673	677	680	685	689	692	696	700	705	713	716	720	723	726	730	734	737	741
3A_NB	48	d	674	678	682	686	690	694	698	702	707	714	718	722	724	727	732	735	738	/
3A_NB	49	a	702	706	711	715	718	722	726	729	733	740	743	745	748	752	757	760	763	767
3A_NB	49	d	703	708	712	716	719	723	728	730	735	741	744	747	749	754	758	761	765	/
3A_NB	50	a	709	713	718	723	726	729	734	736	739	745	748	752	755	759	763	767	771	774
3A_NB	50	d	710	715	720	724	727	731	735	737	740	746	750	754	757	760	765	769	772	/
3A_NB	51	a	719	723	727	732	735	739	742	745	748	755	759	763	766	770	774	777	780	784
3A_NB	51	d	720	724	729	733	737	740	744	746	750	757	761	765	767	772	775	778	781	/
3A_NB	52	a	740	744	748	752	756	760	763	766	771	777	782	786	788	792	797	801	805	810
3A_NB	52	d	741	745	750	753	757	761	765	768	773	779	784	787	789	794	799	803	807	/
3A_NB	53	a	768	772	775	780	784	788	792	794	798	804	808	811	814	819	824	828	832	837
3A_NB	53	d	769	773	777	782	785	789	793	795	800	805	810	812	816	821	825	830	834	/
3A_NB	54	a	790	793	797	801	804	808	811	814	818	825	829	833	835	839	842	846	850	855
3A_NB	54	d	791	794	798	802	806	809	813	816	820	826	831	834	836	840	843	848	852	/
3A_NB	55	a	796	800	804	809	813	818	822	825	828	835	840	843	846	849	853	857	861	865
3A_NB	55	d	797	802	806	811	815	820	824	826	830	837	842	845	847	851	854	859	862	/
3A_NB	56	a	824	827	831	835	839	842	846	849	854	860	865	869	873	876	880	884	887	892
3A_NB	56	d	825	828	832	837	840	844	848	851	855	862	867	871	874	877	882	885	889	/
3A_NB	57	a	831	834	839	843	847	851	854	856	860	867	872	875	878	882	886	891	895	899
3A_NB	57	d	832	836	840	845	849	852	855	857	862	869	874	876	880	883	888	893	896	/
3A_NB	58	a	857	861	866	870	874	878	881	884	888	894	898	901	904	907	910	914	918	923
3A_NB	58	d	858	863	868	871	875	879	883	885	889	895	900	903	905	908	912	916	920	/
3A_NB	59	a	884	887	891	894	897	902	906	908	913	918	922	925	927	932	935	938	942	947
3A_NB	59	d	885	888	892	895	899	903	907	910	914	919	923	926	929	933	936	940	944	/
3A_NB	60	a	909	912	917	922	926	930	934	936	940	946	950	953	957	960	964	967	970	974
3A_NB	60	d	910	914	919	924	927	931	935	938	941	948	952	955	958	961	965	968	971	/
3A_NB	61	a	917	921	924	929	932	936	941	944	948	954	957	960	963	967	972	975	980	984
3A_NB	61	d	918	922	926	930	933	938	943	945	949	955	959	961	965	969	973	977	982	/
3A_NB	62	a	936	940	945	948	952	955	959	962	966	971	974	977	980	983	988	991	995	998
3A_NB	62	d	937	942	946	950	953	957	960	963	967	972	975	979	981	985	989	993	996	/
3A_NB	63	a	954	958	962	967	971	974	977	980	984	989	993	995	997	1001	1004	1008	1011	1015
3A_NB	63	d	955	959	964	969	972	975	978	981	985	990	994	996	999	1002	1005	1009	1012	/
3A_NB	64	a	973	976	980	984	987	992	997	1000	1005	1010	1014	1017	1020	1024	1028	1033	1036	1040
3A_NB	64	d	974	977	981	985	989	994	998	1002	1007	1012	1015	1019	1022	1026	1030	1034	1037	/
