RouteID	RunID	Arrivals/Departures	TimePerStop
1A_SB	1	a	4	8	12	21	25	29	34	38	42	45	48	52	62	67	75
1A_SB	1	d	5	9	13	23	26	30	35	39	43	46	49	53	64	69	/
1A_SB	2	a	33	37	40	48	51	54	60	63	67	71	76	81	92	96	104
1A_SB	2	d	34	38	41	49	52	55	61	64	68	73	78	83	94	98	/
1A_SB	3	a	55	59	63	71	74	79	85	89	94	98	103	106	116	121	129
1A_SB	3	d	56	60	64	72	76	81	87	91	96	100	104	108	118	123	/
1A_SB	4	a	65	69	73	82	85	90	96	100	104	107	111	114	124	127	135
1A_SB	4	d	67	70	75	83	87	92	97	101	105	108	112	116	125	129	/
1A_SB	5	a	86	90	94	103	107	111	117	120	124	128	133	136	145	148	154
1A_SB	5	d	88	91	95	104	108	112	118	122	126	130	134	137	146	149	/
1A_SB	6	a	101	105	110	118	121	124	130	133	136	139	143	148	160	165	172
1A_SB	6	d	102	107	111	119	122	126	131	134	137	140	145	150	162	166	/
1A_SB	7	a	116	121	126	134	138	142	147	151	154	157	161	165	177	181	189
1A_SB	7	d	118	123	127	135	139	143	149	152	155	159	163	167	179	182	/
1A_SB	8	a	128	132	136	145	149	152	158	163	167	170	174	178	189	193	201
1A_SB	8	d	130	133	137	146	150	153	160	165	168	171	176	179	191	195	/
1A_SB	9	a	138	142	146	155	160	164	171	175	179	184	188	191	201	204	211
1A_SB	9	d	140	143	147	157	162	166	173	177	181	186	189	192	202	205	/
1A_SB	10	a	146	150	155	166	170	173	179	183	186	190	194	198	208	212	219
1A_SB	10	d	148	152	157	168	171	174	180	184	187	192	196	200	210	213	/
1A_SB	11	a	168	172	177	189	193	197	204	207	210	214	217	221	231	234	241
1A_SB	11	d	170	174	179	191	195	199	205	208	211	215	219	223	232	235	/
1A_SB	12	a	198	202	205	215	219	222	229	234	237	241	244	248	256	259	267
1A_SB	12	d	200	203	206	216	220	224	231	235	239	242	245	249	257	260	/
1A_SB	13	a	208	213	217	225	229	233	240	244	249	253	256	259	266	270	280
1A_SB	13	d	210	214	218	227	231	235	242	246	251	254	257	260	268	272	/
1A_SB	14	a	238	242	246	254	257	261	266	270	275	278	281	285	296	299	308
1A_SB	14	d	240	243	247	255	258	262	268	272	276	279	283	287	297	301	/
1A_SB	15	a	248	252	256	265	269	273	279	283	287	290	295	299	309	313	321
1A_SB	15	d	250	253	258	267	270	274	280	284	288	292	296	300	310	314	/
1A_SB	16	a	262	266	270	278	282	286	292	296	300	305	308	311	321	325	333
1A_SB	16	d	264	267	271	279	283	288	294	298	302	306	309	312	322	326	/
1A_SB	17	a	268	273	277	286	290	294	299	302	306	310	313	317	326	330	339
1A_SB	17	d	270	274	279	288	291	295	300	303	307	311	315	318	327	331	/
1A_SB	18	a	274	279	283	294	298	303	309	313	318	322	327	331	341	345	354
1A_SB	18	d	276	280	285	296	300	304	311	315	320	324	329	333	343	347	/
1A_SB	19	a	301	305	309	321	325	330	338	341	344	347	350	354	363	366	373
1A_SB	19	d	303	307	311	323	327	332	339	342	345	348	352	355	364	367	/
1A_SB	20	a	326	330	335	343	346	349	356	360	363	367	370	374	383	388	397
1A_SB	20	d	328	332	336	344	347	350	357	361	364	368	372	375	385	390	/
1A_SB	21	a	352	356	361	369	373	377	382	385	388	391	394	398	406	410	417
1A_SB	21	d	354	358	363	370	374	378	383	386	389	392	396	399	407	411	/
1A_SB	22	a	369	374	379	389	392	395	400	403	406	409	413	417	424	428	437
1A_SB	22	d	371	376	381	390	393	396	401	404	407	410	415	418	426	430	/
1A_SB	23	a	378	383	388	398	402	406	412	415	419	423	427	430	439	442	449
1A_SB	23	d	380	385	390	400	404	408	413	416	421	424	428	431	440	443	/
1A_SB	24	a	386	391	396	406	410	413	418	422	425	428	432	435	445	448	455
1A_SB	24	d	388	393	398	408	411	414	420	423	426	429	433	436	446	450	/
1A_SB	25	a	393	398	403	412	415	419	425	429	432	436	440	444	454	458	465
1A_SB	25	d	395	400	404	413	417	420	427	430	434	437	442	445	455	460	/
1A_SB	26	a	412	417	421	431	435	439	444	448	452	456	460	465	475	480	487
1A_SB	26	d	414	418	422	432	437	440	446	449	454	457	462	466	477	481	/
1A_SB	27	a	426	432	436	445	449	453	459	463	467	471	475	479	488	492	499
1A_SB	27	d	428	433	437	447	450	455	461	464	469	473	477	480	490	493	/
1A_SB	28	a	446	451	455	464	467	472	479	482	485	488	491	495	505	509	519
1A_SB	28	d	448	452	456	465	469	474	480	483	486	489	492	496	507	511	/
1A_SB	29	a	457	462	466	477	480	485	491	494	498	502	506	510	521	525	533
1A_SB	29	d	459	463	468	478	482	486	492	495	499	503	508	512	523	526	/
1A_SB	30	a	478	482	486	496	499	502	508	512	516	519	524	528	537	540	549
1A_SB	30	d	480	483	488	497	500	503	509	514	517	521	526	529	538	541	/
1A_SB	31	a	483	487	492	502	506	509	515	518	521	524	529	533	543	547	556
1A_SB	31	d	485	489	494	504	507	511	516	519	522	526	531	535	544	548	/
1A_SB	32	a	490	494	499	509	512	516	521	525	530	535	540	543	552	556	564
1A_SB	32	d	492	496	501	510	513	517	523	527	532	537	541	544	553	557	/
1A_SB	33	a	496	501	506	515	518	522	527	531	536	541	544	548	558	563	571
1A_SB	33	d	498	503	507	516	519	523	529	533	538	542	546	550	560	564	/
1A_SB	34	a	502	507	511	522	525	529	535	538	542	545	549	553	564	568	576
1A_SB	34	d	504	508	512	523	526	530	536	539	543	547	551	555	565	570	/
1A_SB	35	a	507	512	516	527	530	534	540	543	548	551	555	560	571	575	583
1A_SB	35	d	509	513	517	528	531	535	541	545	549	553	557	562	573	577	/
1A_SB	36	a	515	519	524	533	536	541	547	551	555	559	562	566	577	580	588
1A_SB	36	d	516	521	525	534	538	542	549	552	556	560	563	568	578	582	/
1A_SB	37	a	524	528	533	543	547	552	559	564	568	572	577	581	593	597	605
1A_SB	37	d	525	530	535	545	549	554	561	565	569	574	579	583	595	598	/
1A_SB	38	a	545	549	554	562	566	571	577	582	586	590	594	598	607	612	620
1A_SB	38	d	546	551	555	564	568	573	579	584	588	591	595	599	609	614	/
1A_SB	39	a	566	569	573	579	583	587	594	598	602	606	611	615	626	630	636
1A_SB	39	d	567	570	574	581	585	589	595	599	604	608	612	617	627	631	/
1A_SB	40	a	573	576	581	587	591	594	600	605	610	614	618	621	631	636	642
1A_SB	40	d	574	578	582	589	592	595	602	607	612	615	619	622	633	637	/
1A_SB	41	a	581	584	588	596	599	604	610	614	619	622	627	631	641	646	654
1A_SB	41	d	582	585	590	597	601	606	611	616	620	624	629	633	643	647	/
1A_SB	42	a	590	594	598	608	612	616	623	628	633	637	640	643	653	657	666
1A_SB	42	d	591	595	600	610	613	618	625	630	635	638	641	645	654	659	/
1A_SB	43	a	611	615	620	630	634	638	646	650	653	656	659	663	673	677	684
1A_SB	43	d	612	617	622	632	636	640	647	651	654	657	661	664	675	678	/
1A_SB	44	a	627	631	635	642	646	650	655	660	664	668	672	675	686	690	699
1A_SB	44	d	628	632	636	644	648	651	657	662	666	670	673	677	688	692	/
1A_SB	45	a	635	638	643	650	653	657	662	666	669	673	678	682	692	696	704
1A_SB	45	d	636	640	644	651	655	658	664	667	671	675	680	683	694	697	/
1A_SB	46	a	643	646	650	659	663	667	673	677	681	684	689	694	703	706	714
1A_SB	46	d	644	647	651	661	665	669	675	678	682	686	691	696	704	708	/
1A_SB	47	a	651	655	660	668	672	675	681	684	689	693	698	703	713	716	723
1A_SB	47	d	652	657	661	670	673	676	682	686	691	695	700	705	714	717	/
1A_SB	48	a	666	670	674	682	687	690	697	700	705	709	714	718	727	730	737
1A_SB	48	d	667	671	675	684	688	692	698	702	707	711	716	719	728	731	/
1A_SB	49	a	673	677	681	689	692	697	703	707	712	716	720	724	734	738	745
1A_SB	49	d	674	678	682	690	694	698	705	709	714	717	722	726	736	739	/
1A_SB	50	a	681	685	689	700	703	707	713	716	720	724	729	733	742	745	752
1A_SB	50	d	682	686	691	701	705	709	714	717	722	726	731	734	743	746	/
1A_SB	51	a	692	695	699	710	713	716	721	725	730	734	737	742	751	755	762
1A_SB	51	d	693	697	701	711	714	717	723	727	732	735	739	744	752	756	/
1A_SB	52	a	717	720	724	733	737	742	748	752	755	759	762	766	776	780	787
1A_SB	52	d	718	721	726	735	739	743	749	753	756	760	764	768	778	782	/
1A_SB	53	a	726	730	735	743	747	752	759	763	766	770	775	778	788	791	797
1A_SB	53	d	727	732	736	745	749	754	760	764	768	772	776	780	789	792	/
1A_SB	54	a	738	742	747	755	758	762	769	772	777	781	786	790	800	804	812
1A_SB	54	d	739	744	748	756	759	764	770	774	779	783	788	792	802	806	/
1A_SB	55	a	754	758	762	770	774	777	783	787	790	794	797	800	810	815	823
1A_SB	55	d	755	759	763	772	775	779	784	788	792	795	798	802	812	817	/
1A_SB	56	a	764	768	772	783	787	792	799	804	809	814	818	822	833	837	843
1A_SB	56	d	765	769	774	785	789	794	801	806	811	815	819	824	835	838	/
1A_SB	57	a	787	791	796	805	809	813	818	821	824	828	831	834	843	848	855
1A_SB	57	d	788	793	797	807	811	814	819	822	826	829	832	836	845	849	/
1A_SB	58	a	804	807	812	822	826	831	837	841	846	851	855	860	870	874	883
1A_SB	58	d	805	809	814	823	828	833	838	843	848	852	857	862	871	876	/
1A_SB	59	a	833	837	842	852	856	861	867	871	875	880	884	888	897	901	909
1A_SB	59	d	834	839	844	853	858	862	868	873	877	881	885	889	899	902	/
1A_SB	60	a	849	853	857	867	870	873	878	882	886	890	894	899	908	913	921
1A_SB	60	d	850	855	859	868	871	874	880	884	888	892	896	900	910	914	/
1A_SB	61	a	864	868	871	881	884	887	892	896	899	902	906	910	919	922	930
1A_SB	61	d	865	869	873	882	885	888	894	897	900	904	907	911	920	924	/
1A_SB	62	a	873	876	880	889	892	896	902	906	910	914	919	922	934	939	947
1A_SB	62	d	874	877	881	890	894	898	904	907	912	916	920	923	936	940	/
1A_SB	63	a	879	882	887	895	899	903	908	912	916	920	924	928	940	944	953
1A_SB	63	d	880	884	888	897	900	904	910	913	918	921	926	929	941	946	/
1A_SB	64	a	905	909	913	923	927	930	935	939	942	945	949	953	964	967	974
1A_SB	64	d	906	910	915	925	928	931	936	940	943	946	951	954	965	968	/
1A_NB	1	a	22	31	36	47	52	55	59	62	66	72	77	80	89	93	97
1A_NB	1	d	23	33	38	48	53	56	60	63	68	74	78	81	90	95	/
1A_NB	2	a	32	42	47	59	65	69	74	78	82	89	92	96	106	111	115
1A_NB	2	d	33	44	49	61	66	71	76	80	84	90	93	97	108	112	/
1A_NB	3	a	51	61	65	76	80	83	87	91	96	103	107	112	120	125	129
1A_NB	3	d	53	62	67	77	81	84	89	93	98	105	109	113	122	126	/
1A_NB	4	a	79	90	94	103	109	112	115	120	123	129	132	137	146	149	153
1A_NB	4	d	81	92	96	105	110	113	117	121	125	130	134	139	147	150	/
1A_NB	5	a	86	97	101	110	115	118	123	128	132	138	143	148	156	159	164
1A_NB	5	d	88	99	103	111	116	120	125	130	134	140	145	149	157	161	/
1A_NB	6	a	96	105	109	121	126	130	134	138	143	149	152	156	165	170	174
1A_NB	6	d	98	107	111	122	127	131	135	140	144	150	154	157	167	171	/
1A_NB	7	a	110	121	126	136	141	145	150	155	159	165	170	173	182	185	189
1A_NB	7	d	112	123	128	137	143	147	152	156	161	167	171	175	183	186	/
1A_NB	8	a	131	140	143	152	158	163	167	170	174	180	184	188	198	202	207
1A_NB	8	d	133	141	145	154	160	164	168	172	176	181	186	190	199	204	/
1A_NB	9	a	138	149	154	163	168	172	176	180	184	190	194	198	207	212	217
1A_NB	9	d	140	151	156	164	170	173	178	182	185	191	196	200	209	214	/
1A_NB	10	a	153	163	168	178	184	188	192	196	201	208	211	214	222	225	229
1A_NB	10	d	155	165	170	180	186	189	193	198	202	209	212	216	223	226	/
1A_NB	11	a	158	168	173	183	189	193	197	202	207	215	219	223	230	234	238
1A_NB	11	d	160	170	175	185	191	194	199	204	209	217	221	224	232	235	/
1A_NB	12	a	177	187	191	200	205	208	211	215	219	226	229	232	240	243	248
1A_NB	12	d	179	188	193	201	206	209	212	217	221	227	230	233	241	245	/
1A_NB	13	a	197	207	211	222	227	231	235	240	245	250	253	257	265	268	273
1A_NB	13	d	199	208	213	223	229	232	237	242	246	251	254	258	266	270	/
1A_NB	14	a	218	230	233	243	249	252	256	260	264	270	274	277	286	289	294
1A_NB	14	d	220	231	234	245	250	253	257	261	266	272	275	279	287	291	/
1A_NB	15	a	234	244	248	259	264	267	271	275	280	286	289	293	302	307	310
1A_NB	15	d	236	246	250	260	265	268	272	277	282	287	291	295	304	308	/
1A_NB	16	a	246	254	257	266	272	275	279	283	287	294	298	301	311	315	319
1A_NB	16	d	247	255	258	268	273	277	280	284	289	296	299	302	312	316	/
1A_NB	17	a	252	260	263	272	278	281	285	290	294	300	303	306	316	321	325
1A_NB	17	d	253	261	264	274	279	283	287	292	295	301	304	307	318	322	/
1A_NB	18	a	262	274	278	288	293	296	301	304	308	314	318	322	331	336	340
1A_NB	18	d	264	276	280	289	294	298	302	305	310	316	320	324	333	337	/
1A_NB	19	a	277	287	290	301	307	311	315	319	323	329	333	337	343	347	351
1A_NB	19	d	279	288	291	302	309	312	316	320	324	330	334	338	345	348	/
1A_NB	20	a	296	305	309	318	325	330	333	337	342	349	352	356	365	369	373
1A_NB	20	d	298	307	310	320	327	331	334	339	344	350	353	358	366	371	/
1A_NB	21	a	317	328	333	345	350	355	360	365	369	374	377	381	389	392	396
1A_NB	21	d	319	330	334	346	352	357	362	367	370	375	378	382	390	394	/
1A_NB	22	a	337	347	351	362	369	372	376	380	385	391	395	399	408	412	416
1A_NB	22	d	339	348	353	364	370	373	377	382	387	392	397	400	410	413	/
1A_NB	23	a	348	357	362	373	379	382	386	390	394	400	405	409	418	421	425
1A_NB	23	d	350	359	364	374	380	384	387	392	395	402	406	411	419	422	/
1A_NB	24	a	369	377	381	390	395	400	403	407	411	417	421	424	435	439	444
1A_NB	24	d	371	379	382	391	397	401	404	409	413	419	422	426	436	441	/
1A_NB	25	a	397	407	410	418	424	429	433	437	441	447	450	454	463	467	471
1A_NB	25	d	399	408	411	420	426	430	434	438	442	448	451	455	465	468	/
1A_NB	26	a	405	415	419	430	436	439	444	448	452	458	462	467	475	479	483
1A_NB	26	d	406	417	421	432	437	441	445	449	453	460	464	468	477	480	/
1A_NB	27	a	423	432	435	444	450	454	459	462	466	472	476	481	491	494	499
1A_NB	27	d	425	433	436	445	452	456	460	463	468	474	478	483	492	496	/
1A_NB	28	a	443	452	456	466	473	476	479	484	488	494	498	501	510	514	519
1A_NB	28	d	445	454	458	468	474	477	481	485	490	496	499	503	512	516	/
1A_NB	29	a	456	465	469	478	485	490	494	499	502	508	513	517	525	530	535
1A_NB	29	d	458	467	471	480	487	491	496	500	503	510	515	518	527	532	/
1A_NB	30	a	468	479	484	494	500	505	508	513	517	523	528	532	540	545	549
1A_NB	30	d	470	481	486	496	502	506	510	515	518	525	529	533	542	546	/
1A_NB	31	a	477	488	493	502	508	513	518	522	526	533	537	542	550	554	559
1A_NB	31	d	479	490	494	504	510	515	519	524	527	534	539	543	551	555	/
1A_NB	32	a	497	507	511	524	530	533	537	541	546	551	554	557	566	571	576
1A_NB	32	d	499	509	513	526	531	534	538	543	547	552	555	558	568	572	/
1A_NB	33	a	517	526	529	539	546	550	553	557	560	565	568	572	580	584	589
1A_NB	33	d	519	527	531	541	548	551	554	558	561	566	570	573	582	586	/
1A_NB	34	a	523	533	536	545	551	555	559	563	566	571	575	578	587	591	596
1A_NB	34	d	525	534	537	546	553	556	560	564	567	572	576	580	588	593	/
1A_NB	35	a	532	542	547	556	562	566	570	575	580	587	590	595	606	609	614
1A_NB	35	d	534	544	548	558	563	567	571	577	582	588	592	597	607	611	/
1A_NB	36	a	551	559	562	571	577	581	585	590	595	601	605	608	617	621	626
1A_NB	36	d	552	560	563	573	579	582	587	592	597	603	606	609	618	623	/
1A_NB	37	a	557	565	569	580	586	589	594	599	602	608	611	614	623	628	632
1A_NB	37	d	558	567	571	582	587	591	596	600	604	609	612	616	625	629	/
1A_NB	38	a	568	576	580	590	596	600	605	610	613	618	621	624	632	636	641
1A_NB	38	d	569	578	581	592	598	602	607	611	614	619	622	625	634	638	/
1A_NB	39	a	592	600	603	611	617	621	625	630	633	638	641	644	652	655	659
1A_NB	39	d	593	601	604	613	618	622	627	631	634	639	642	645	653	657	/
1A_NB	40	a	601	611	614	624	629	633	637	642	646	652	657	661	670	674	678
1A_NB	40	d	602	612	615	625	631	634	639	644	647	654	659	662	672	675	/
1A_NB	41	a	626	634	639	647	654	659	663	667	672	677	681	684	695	700	705
1A_NB	41	d	627	636	640	649	656	660	664	669	673	679	682	686	697	702	/
1A_NB	42	a	640	649	653	663	670	675	678	681	686	692	696	699	709	714	718
1A_NB	42	d	641	651	655	665	672	676	679	683	687	694	697	700	711	715	/
1A_NB	43	a	650	659	663	671	677	681	685	689	692	699	702	705	714	719	724
1A_NB	43	d	651	661	664	672	678	683	687	690	694	700	703	706	716	721	/
1A_NB	44	a	663	673	676	685	690	694	698	702	705	711	715	718	727	732	736
1A_NB	44	d	664	674	677	686	691	695	699	703	706	713	716	719	729	733	/
1A_NB	45	a	679	690	693	704	710	713	717	721	725	732	736	740	750	755	759
1A_NB	45	d	680	691	695	706	711	714	718	722	727	734	738	741	752	757	/
1A_NB	46	a	700	709	713	723	729	734	739	744	748	754	759	763	772	776	781
1A_NB	46	d	701	711	714	724	731	736	741	746	749	756	761	764	773	778	/
1A_NB	47	a	725	734	739	748	753	756	760	765	768	775	779	784	792	797	802
1A_NB	47	d	726	736	741	749	754	757	762	766	770	777	781	785	794	799	/
1A_NB	48	a	737	747	751	761	766	770	774	778	783	789	792	797	804	808	812
1A_NB	48	d	738	748	753	762	767	772	775	780	784	790	794	798	805	809	/
1A_NB	49	a	742	752	756	766	772	776	780	785	790	797	800	803	811	816	820
1A_NB	49	d	743	754	758	768	773	778	782	787	792	798	801	805	813	817	/
1A_NB	50	a	767	777	782	793	799	804	807	811	815	821	824	828	838	842	846
1A_NB	50	d	768	779	784	795	801	805	808	812	816	822	826	830	839	843	/
1A_NB	51	a	791	802	806	818	824	827	831	834	839	844	848	852	859	863	868
1A_NB	51	d	792	804	808	820	825	828	832	836	840	846	849	854	860	865	/
1A_NB	52	a	806	816	820	829	834	837	841	845	848	853	856	860	869	872	877
1A_NB	52	d	807	817	822	830	835	838	842	846	849	854	858	862	870	874	/
1A_NB	53	a	820	831	835	845	850	855	860	865	869	875	878	882	890	893	897
1A_NB	53	d	821	833	836	846	852	857	862	867	870	876	880	883	891	895	/
1A_NB	54	a	839	851	855	865	871	876	880	885	890	897	901	905	912	917	922
1A_NB	54	d	840	853	857	867	873	877	882	887	892	899	903	906	914	919	/
1A_NB	55	a	851	863	866	876	882	887	891	895	900	905	908	911	919	924	929
1A_NB	55	d	852	864	868	877	884	888	892	897	901	906	909	913	921	926	/
1A_NB	56	a	862	873	877	887	893	898	903	908	912	917	921	925	935	939	943
1A_NB	56	d	863	874	878	888	895	900	905	909	913	919	923	927	936	940	/
1A_NB	57	a	869	880	884	896	902	906	910	914	919	924	928	933	943	947	951
1A_NB	57	d	870	881	886	897	904	907	911	916	920	926	930	935	945	948	/
1A_NB	58	a	876	887	890	902	908	911	915	920	925	931	935	939	948	952	957
1A_NB	58	d	877	888	892	903	909	912	917	922	927	933	936	940	950	954	/
1A_NB	59	a	890	899	903	915	921	926	931	935	938	944	947	950	958	963	966
1A_NB	59	d	891	901	905	917	923	928	932	936	940	945	948	951	960	964	/
1A_NB	60	a	905	915	918	928	933	937	942	947	950	957	960	963	972	977	981
1A_NB	60	d	906	916	919	929	935	939	944	948	952	958	961	965	974	978	/
1A_NB	61	a	910	920	923	933	939	943	947	952	956	963	966	969	978	982	986
1A_NB	61	d	911	921	924	935	941	945	949	954	958	964	967	971	979	983	/
1A_NB	62	a	934	943	946	956	962	967	971	975	979	986	989	993	1001	1005	1008
1A_NB	62	d	935	944	947	957	964	968	972	977	981	987	991	995	1003	1006	/
1A_NB	63	a	959	967	971	980	986	991	996	1001	1005	1012	1016	1020	1029	1034	1039
1A_NB	63	d	960	969	973	982	988	993	998	1003	1007	1014	1017	1021	1031	1036	/
1A_NB	64	a	980	990	994	1005	1010	1014	1019	1023	1027	1033	1038	1041	1050	1054	1057
1A_NB	64	d	981	992	995	1006	1011	1016	1020	1024	1028	1035	1039	1043	1052	1055	/
2A_NB	1	a	15	18	25	29	33	40	44	48	56	60	66	70	73	77	83	86	90	95
2A_NB	1	d	16	20	26	31	34	41	45	49	57	62	68	71	75	79	85	87	92	/
2A_NB	2	a	32	35	41	46	50	56	60	64	72	75	81	83	86	90	97	100	104	109
2A_NB	2	d	33	36	43	47	52	58	61	66	73	76	82	84	88	92	98	102	106	/
2A_NB	3	a	43	46	52	57	61	68	71	75	85	90	97	100	103	107	113	116	121	125
2A_NB	3	d	44	47	54	58	63	69	72	77	87	92	99	101	104	108	115	118	122	/
2A_NB	4	a	59	62	68	73	77	83	87	90	99	102	108	111	115	120	127	129	134	138
2A_NB	4	d	60	63	70	75	79	85	88	92	100	103	110	113	117	121	128	131	136	/
2A_NB	5	a	68	71	77	80	84	89	93	98	106	111	117	120	124	127	134	136	141	145
2A_NB	5	d	69	72	78	82	85	90	95	99	108	113	119	122	125	128	135	138	143	/
2A_NB	6	a	77	80	87	91	95	102	106	110	118	123	130	133	137	141	148	151	154	158
2A_NB	6	d	78	82	89	93	97	103	108	111	120	125	132	135	138	142	150	152	156	/
2A_NB	7	a	91	94	100	104	109	115	119	123	130	135	141	144	148	153	161	164	168	172
2A_NB	7	d	92	95	101	106	111	116	120	124	132	137	142	146	150	155	163	165	169	/
2A_NB	8	a	101	104	110	113	118	123	128	132	139	144	149	152	155	160	167	170	174	178
2A_NB	8	d	102	106	111	115	119	125	129	133	141	145	150	153	157	161	169	171	175	/
2A_NB	9	a	108	112	117	121	126	133	137	141	151	155	161	164	167	172	178	181	184	187
2A_NB	9	d	109	113	119	123	128	134	139	143	152	157	162	166	169	173	180	182	185	/
2A_NB	10	a	115	119	126	131	136	143	147	151	160	165	171	174	176	181	188	190	193	196
2A_NB	10	d	116	121	128	133	138	144	149	152	162	166	173	175	178	183	189	191	194	/
2A_NB	11	a	141	145	152	156	160	166	171	175	184	188	193	197	201	206	212	214	218	222
2A_NB	11	d	142	147	154	158	161	168	173	176	185	189	195	199	203	207	213	216	220	/
2A_NB	12	a	158	161	168	172	176	182	187	192	202	206	212	215	218	222	227	229	233	236
2A_NB	12	d	159	163	170	174	178	184	189	194	203	208	213	216	219	223	228	230	234	/
2A_NB	13	a	171	174	180	184	188	194	198	202	211	215	221	224	228	232	238	240	245	248
2A_NB	13	d	172	175	182	186	189	196	200	204	212	217	222	226	229	234	239	242	246	/
2A_NB	14	a	183	186	191	195	199	205	209	214	222	226	231	234	238	242	249	252	256	260
2A_NB	14	d	184	187	193	196	200	207	211	215	223	227	232	236	239	244	251	253	257	/
2A_NB	15	a	189	192	198	201	206	213	218	222	231	235	240	244	247	251	257	259	263	267
2A_NB	15	d	190	194	199	203	208	215	219	224	232	236	242	245	248	252	258	261	264	/
2A_NB	16	a	207	210	215	218	223	229	234	238	248	253	260	263	266	270	276	280	283	288
2A_NB	16	d	208	211	216	220	225	231	236	239	250	255	261	264	267	272	278	281	285	/
2A_NB	17	a	219	222	227	232	235	241	244	247	256	260	267	271	274	278	283	286	291	296
2A_NB	17	d	220	223	229	233	237	242	245	249	257	262	269	273	276	279	285	288	293	/
2A_NB	18	a	224	227	234	239	242	248	251	255	266	270	276	279	281	285	291	294	298	302
2A_NB	18	d	225	229	236	240	244	249	253	257	267	272	278	280	283	286	293	295	299	/
2A_NB	19	a	231	234	241	244	248	254	259	263	274	278	283	286	289	292	299	303	307	311
2A_NB	19	d	232	236	242	246	250	256	261	265	275	279	285	288	290	294	301	305	308	/
2A_NB	20	a	249	252	258	261	266	272	277	280	289	293	300	303	306	310	316	318	323	327
2A_NB	20	d	250	254	259	263	267	274	278	282	291	295	302	304	307	312	317	320	324	/
2A_NB	21	a	263	267	274	277	282	288	292	296	305	310	315	319	322	327	332	334	338	342
2A_NB	21	d	264	269	275	279	283	289	294	297	307	311	317	320	324	328	333	335	339	/
2A_NB	22	a	273	276	281	285	290	296	300	304	313	317	322	325	329	333	340	343	347	352
2A_NB	22	d	274	277	283	287	292	297	302	305	314	318	323	327	330	335	342	344	349	/
2A_NB	23	a	284	288	293	298	302	308	313	318	328	331	337	341	345	348	356	359	363	368
2A_NB	23	d	285	289	295	299	303	310	315	319	329	333	339	343	346	350	357	360	365	/
2A_NB	24	a	308	311	317	321	324	331	335	339	349	354	360	362	365	370	375	378	382	386
2A_NB	24	d	309	312	318	322	326	332	337	340	351	355	361	364	367	371	377	380	383	/
2A_NB	25	a	318	321	327	332	336	343	348	352	362	366	372	375	379	383	390	392	396	400
2A_NB	25	d	319	322	329	333	338	345	349	354	364	368	374	377	381	385	391	393	397	/
2A_NB	26	a	342	346	353	357	361	366	371	374	381	385	390	394	396	401	406	410	415	418
2A_NB	26	d	343	348	355	358	362	368	372	375	382	386	392	395	398	402	408	412	416	/
2A_NB	27	a	367	370	375	378	383	390	395	398	405	409	414	417	420	425	431	434	438	441
2A_NB	27	d	368	371	376	380	385	392	396	399	407	410	416	419	422	426	433	435	439	/
2A_NB	28	a	390	394	401	404	408	413	417	421	429	433	440	444	447	452	458	462	466	471
2A_NB	28	d	391	396	402	406	409	414	419	423	431	435	442	445	449	454	460	463	468	/
2A_NB	29	a	412	416	423	427	430	436	440	445	453	457	463	466	470	475	482	485	489	493
2A_NB	29	d	413	418	425	428	431	438	442	447	454	459	465	468	472	477	484	487	490	/
2A_NB	30	a	427	430	436	439	443	450	453	456	463	467	473	475	478	483	489	491	495	499
2A_NB	30	d	428	432	437	440	444	451	454	457	464	468	474	476	480	485	490	493	496	/
2A_NB	31	a	433	436	442	445	450	455	459	463	470	474	481	484	487	492	498	501	504	508
2A_NB	31	d	434	438	443	447	451	457	461	464	471	476	482	486	489	494	500	502	505	/
2A_NB	32	a	447	451	457	461	465	471	475	479	488	492	498	502	505	509	514	517	522	526
2A_NB	32	d	448	453	458	462	466	473	476	481	490	493	500	504	506	510	515	519	523	/
2A_NB	33	a	459	462	467	471	475	482	486	489	497	501	507	510	514	519	524	528	533	537
2A_NB	33	d	460	463	468	473	477	483	487	490	498	502	508	512	516	520	526	530	534	/
2A_NB	34	a	466	469	475	480	484	491	495	499	508	512	518	522	525	530	535	538	542	546
2A_NB	34	d	467	471	477	481	486	492	497	500	509	513	520	523	527	531	536	540	543	/
2A_NB	35	a	481	484	489	492	496	502	507	510	520	525	531	534	537	541	547	550	554	558
2A_NB	35	d	482	485	490	493	498	504	508	512	522	527	532	536	538	543	549	552	555	/
2A_NB	36	a	499	502	507	511	516	523	528	532	540	544	548	550	554	559	564	567	570	574
2A_NB	36	d	500	503	509	513	518	525	529	534	541	545	549	552	556	560	565	568	572	/
2A_NB	37	a	507	510	516	520	524	530	535	539	547	552	556	558	560	564	570	573	578	581
2A_NB	37	d	508	512	517	521	526	532	536	541	549	553	557	559	561	566	572	575	579	/
2A_NB	38	a	523	527	533	536	541	548	552	556	565	569	574	577	579	583	589	593	597	602
2A_NB	38	d	524	529	534	538	543	550	554	557	566	570	576	578	580	585	591	594	599	/
2A_NB	39	a	537	540	547	551	554	561	565	569	579	583	588	591	594	598	603	605	610	614
2A_NB	39	d	538	542	549	552	556	562	567	571	580	584	590	593	595	599	604	607	612	/
2A_NB	40	a	543	547	554	558	561	568	572	575	585	589	594	596	599	603	609	612	617	621
2A_NB	40	d	544	549	555	559	563	569	573	577	586	590	595	598	600	605	611	614	618	/
2A_NB	41	a	550	554	560	565	568	575	579	583	592	596	601	603	607	611	617	620	624	628
2A_NB	41	d	551	556	562	566	570	576	581	584	593	597	602	605	608	613	618	622	625	/
2A_NB	42	a	566	570	576	580	584	590	594	598	607	612	617	619	622	625	631	633	638	642
2A_NB	42	d	567	572	578	582	586	591	596	600	609	613	618	620	623	626	632	635	639	/
2A_NB	43	a	575	579	585	589	593	599	602	606	615	619	625	628	631	634	641	643	647	651
2A_NB	43	d	576	581	586	590	595	600	604	608	617	620	627	629	632	636	642	644	649	/
2A_NB	44	a	592	596	601	604	607	613	618	621	630	633	639	642	645	650	655	658	662	666
2A_NB	44	d	593	597	602	605	609	615	619	622	631	635	641	643	647	651	657	660	664	/
2A_NB	45	a	600	604	610	613	616	623	628	631	640	643	648	652	655	659	665	667	670	673
2A_NB	45	d	601	606	611	614	618	625	629	633	641	644	650	653	656	661	666	668	671	/
2A_NB	46	a	607	611	617	621	626	632	637	641	649	653	659	661	664	669	674	677	682	685
2A_NB	46	d	608	613	618	623	627	634	639	642	651	655	660	663	666	670	676	679	683	/
2A_NB	47	a	626	630	637	642	645	650	655	659	667	671	676	679	682	686	692	695	699	704
2A_NB	47	d	627	632	639	643	646	652	657	661	669	672	677	680	683	687	693	696	701	/
2A_NB	48	a	649	653	659	663	667	673	677	681	689	693	699	701	703	708	714	717	720	725
2A_NB	48	d	650	654	661	664	668	674	679	682	691	694	700	702	705	709	716	718	722	/
2A_NB	49	a	675	678	683	686	691	698	702	706	715	718	723	725	728	731	738	741	746	751
2A_NB	49	d	676	679	684	688	693	700	704	707	716	719	724	727	729	732	740	743	748	/
2A_NB	50	a	694	698	705	708	712	719	722	726	734	739	744	748	750	754	761	764	769	773
2A_NB	50	d	695	700	706	709	714	720	723	727	736	740	746	749	751	756	763	766	770	/
2A_NB	51	a	710	713	720	723	726	732	736	741	750	755	762	765	769	774	781	784	788	792
2A_NB	51	d	711	715	721	724	728	734	738	743	752	757	764	767	771	775	783	786	790	/
2A_NB	52	a	723	726	732	735	740	746	750	755	765	769	775	778	781	786	793	795	800	804
2A_NB	52	d	724	727	733	737	741	747	752	757	766	771	777	779	783	788	794	797	802	/
2A_NB	53	a	738	741	747	750	755	761	765	769	778	782	787	790	793	797	804	806	811	816
2A_NB	53	d	739	742	748	752	757	762	767	771	779	783	789	791	794	799	805	808	813	/
2A_NB	54	a	762	765	770	774	778	783	788	792	802	807	815	818	822	826	832	834	837	842
2A_NB	54	d	763	766	772	775	779	785	790	794	804	809	816	820	823	828	833	835	839	/
2A_NB	55	a	784	788	794	798	802	809	812	816	825	828	834	838	840	844	850	853	857	861
2A_NB	55	d	785	789	795	800	804	810	814	817	826	829	836	839	842	845	852	854	858	/
2A_NB	56	a	791	795	801	805	808	815	818	822	831	835	841	845	848	852	859	863	868	873
2A_NB	56	d	792	797	802	806	810	816	820	823	833	836	843	846	850	854	861	865	870	/
2A_NB	57	a	820	824	830	833	836	841	845	848	856	861	866	870	874	879	886	890	894	898
2A_NB	57	d	821	826	831	834	837	843	846	849	858	862	868	872	876	881	888	891	895	/
2A_NB	58	a	827	830	836	840	845	851	855	858	867	872	878	881	884	888	894	898	902	907
2A_NB	58	d	828	832	838	842	846	853	856	859	869	874	880	882	885	890	896	899	904	/
2A_NB	59	a	855	859	866	870	873	880	883	887	897	900	907	910	912	916	922	926	929	934
2A_NB	59	d	856	861	868	871	874	881	885	888	898	901	909	911	914	917	924	927	931	/
2A_NB	60	a	874	877	883	886	890	897	900	905	913	917	923	926	929	932	938	941	946	950
2A_NB	60	d	875	878	884	887	892	898	902	906	915	918	924	927	930	934	939	943	947	/
2A_NB	61	a	888	892	898	901	905	910	915	920	930	935	941	943	947	951	957	960	964	969
2A_NB	61	d	889	893	899	903	906	912	917	922	932	936	942	945	949	953	959	961	966	/
2A_NB	62	a	906	910	918	922	926	932	936	940	950	954	961	964	967	972	977	980	985	990
2A_NB	62	d	907	912	920	924	927	933	937	941	952	956	963	966	969	973	979	982	987	/
2A_NB	63	a	927	930	936	939	944	950	955	959	967	972	978	981	985	990	996	1000	1004	1008
2A_NB	63	d	928	931	937	941	945	952	956	961	969	974	979	983	987	992	998	1002	1006	/
2A_NB	64	a	948	952	957	962	967	974	977	981	990	994	1000	1003	1005	1010	1015	1018	1022	1027
2A_NB	64	d	949	953	959	964	968	975	979	982	991	996	1001	1004	1007	1011	1017	1020	1024	/
2A_SB	1	a	22	25	27	30	37	40	44	49	52	58	61	68	72	77	83	86	90	94
2A_SB	1	d	23	26	28	32	38	41	46	50	54	59	63	69	74	78	84	87	92	/
2A_SB	2	a	46	49	53	57	63	66	69	73	78	84	88	94	99	103	109	114	119	123
2A_SB	2	d	47	51	55	59	65	67	70	75	80	86	89	96	100	104	111	116	121	/
2A_SB	3	a	62	67	70	74	80	84	89	94	97	102	105	111	114	118	123	126	130	133
2A_SB	3	d	64	68	72	76	82	86	91	95	99	103	106	112	116	119	124	127	131	/
2A_SB	4	a	90	94	97	100	105	108	111	115	119	124	128	134	137	141	146	150	153	156
2A_SB	4	d	92	95	98	101	106	109	113	117	120	125	129	135	138	142	147	151	154	/
2A_SB	5	a	100	104	106	110	115	118	123	127	130	135	139	144	147	151	156	160	163	167
2A_SB	5	d	102	105	107	111	116	120	124	128	131	136	140	145	148	152	157	161	165	/
2A_SB	6	a	106	111	113	118	125	127	131	135	138	143	147	153	158	162	167	172	176	180
2A_SB	6	d	108	112	115	120	126	128	132	136	139	144	149	155	160	163	169	173	178	/
2A_SB	7	a	117	122	125	129	135	137	142	146	149	155	160	166	171	176	182	187	191	196
2A_SB	7	d	119	123	126	130	136	139	143	147	150	157	162	168	173	177	184	189	193	/
2A_SB	8	a	122	127	130	135	140	143	148	152	157	164	168	174	179	183	189	193	196	201
2A_SB	8	d	124	128	132	136	142	145	149	154	159	166	170	176	180	184	190	194	198	/
2A_SB	9	a	138	142	144	148	153	156	160	164	167	172	175	180	184	188	194	197	201	206
2A_SB	9	d	140	143	146	149	154	158	161	165	168	173	176	181	185	189	195	199	203	/
2A_SB	10	a	146	150	153	158	164	168	172	176	180	186	190	198	202	206	212	215	218	222
2A_SB	10	d	148	151	155	160	166	170	174	178	182	188	192	199	203	207	213	216	219	/
2A_SB	11	a	163	168	171	174	179	183	186	189	193	198	202	207	211	215	221	224	228	231
2A_SB	11	d	165	169	172	175	181	184	187	190	194	199	203	208	212	216	222	225	229	/
2A_SB	12	a	168	173	176	179	186	189	192	195	199	207	211	217	222	226	233	237	242	245
2A_SB	12	d	170	174	177	181	187	190	193	197	201	208	212	219	223	227	235	239	243	/
2A_SB	13	a	181	186	188	191	197	200	203	207	210	216	221	228	231	236	243	246	249	252
2A_SB	13	d	183	187	189	192	198	201	205	208	211	218	223	229	232	237	244	247	250	/
2A_SB	14	a	196	201	203	207	214	217	222	225	228	234	239	245	248	253	258	262	267	272
2A_SB	14	d	198	202	204	209	216	219	223	226	229	236	240	246	250	254	259	264	269	/
2A_SB	15	a	210	216	220	224	229	232	236	239	243	248	251	257	261	264	270	273	277	280
2A_SB	15	d	212	218	221	225	230	233	237	241	244	249	252	258	262	265	271	274	278	/
2A_SB	16	a	217	223	226	230	235	238	243	247	250	255	260	265	269	273	279	283	287	290
2A_SB	16	d	219	224	227	231	236	240	244	248	251	257	261	266	270	274	281	284	288	/
2A_SB	17	a	237	241	245	249	255	258	261	264	268	273	276	282	285	288	293	296	300	304
2A_SB	17	d	238	243	246	250	256	259	262	265	269	274	278	283	286	289	294	297	301	/
2A_SB	18	a	243	247	251	256	262	266	270	275	279	285	290	296	301	306	312	316	320	323
2A_SB	18	d	244	249	253	258	264	268	272	277	281	287	292	298	303	307	313	317	321	/
2A_SB	19	a	260	264	268	273	280	284	289	294	298	304	307	313	317	321	327	331	335	338
2A_SB	19	d	262	266	270	275	282	286	291	296	299	305	308	315	318	322	328	332	336	/
2A_SB	20	a	283	288	290	294	301	303	308	313	317	322	325	330	334	337	343	347	350	353
2A_SB	20	d	285	289	291	296	302	305	310	315	318	323	326	331	335	338	344	348	351	/
2A_SB	21	a	301	306	310	314	320	324	329	333	336	342	345	351	355	358	365	369	372	375
2A_SB	21	d	303	308	312	316	322	326	331	334	338	343	347	352	356	360	366	370	373	/
2A_SB	22	a	325	330	334	337	342	344	348	352	356	361	364	371	374	378	384	388	392	395
2A_SB	22	d	327	332	335	338	343	345	350	353	357	362	366	372	375	379	385	389	393	/
2A_SB	23	a	331	335	339	343	350	354	359	363	366	372	375	380	383	387	393	397	401	404
2A_SB	23	d	333	337	341	345	352	356	360	364	367	373	376	381	384	388	394	398	402	/
2A_SB	24	a	345	350	354	358	365	368	372	376	379	384	389	395	398	401	408	412	417	421
2A_SB	24	d	347	352	356	360	366	369	373	377	380	386	391	396	399	403	410	414	419	/
2A_SB	25	a	360	365	368	372	379	382	387	391	395	401	406	413	418	423	429	432	436	439
2A_SB	25	d	362	367	370	374	381	384	389	393	397	403	408	415	420	424	430	433	437	/
2A_SB	26	a	383	388	391	396	402	405	409	413	416	422	426	432	436	440	445	448	453	456
2A_SB	26	d	385	390	393	398	404	407	411	414	417	423	428	434	437	441	446	450	454	/
2A_SB	27	a	403	407	411	416	422	424	428	433	437	443	446	452	456	460	465	468	473	476
2A_SB	27	d	405	409	413	418	423	426	430	435	438	444	447	453	457	461	466	470	474	/
2A_SB	28	a	421	425	427	430	435	437	440	444	447	453	456	461	465	469	475	479	482	485
2A_SB	28	d	423	426	428	431	436	438	442	445	448	454	457	462	466	470	477	480	483	/
2A_SB	29	a	432	436	440	443	450	453	456	459	462	467	471	476	480	484	490	493	496	500
2A_SB	29	d	434	438	441	445	452	454	457	460	463	468	472	477	481	485	491	494	497	/
2A_SB	30	a	446	450	453	456	461	463	468	473	477	483	486	491	495	499	505	508	511	514
2A_SB	30	d	448	452	454	457	462	465	470	474	478	484	487	493	496	500	506	509	512	/
2A_SB	31	a	451	456	459	462	467	470	474	478	482	489	493	498	502	507	514	517	520	524
2A_SB	31	d	453	458	460	463	468	471	475	480	484	491	494	499	504	509	515	518	522	/
2A_SB	32	a	458	463	465	470	475	478	483	487	490	496	499	506	511	515	521	524	528	531
2A_SB	32	d	460	464	467	471	476	480	484	488	491	497	501	508	512	516	522	525	529	/
2A_SB	33	a	468	473	476	480	485	487	491	496	500	506	509	515	520	525	531	534	539	542
2A_SB	33	d	470	475	477	481	486	488	493	498	501	507	510	517	522	526	532	536	540	/
2A_SB	34	a	477	482	485	489	494	497	502	506	509	516	521	528	533	538	544	547	551	554
2A_SB	34	d	479	483	486	490	495	499	503	507	511	518	523	530	535	539	545	548	552	/
2A_SB	35	a	483	487	491	496	501	504	509	514	517	524	528	534	539	543	549	552	556	559
2A_SB	35	d	484	489	493	497	502	506	511	515	519	526	530	536	541	544	550	553	557	/
2A_SB	36	a	500	503	505	510	515	517	521	525	528	534	537	542	545	548	554	557	562	566
2A_SB	36	d	501	504	507	511	516	518	522	526	529	535	538	543	546	549	555	559	564	/
2A_SB	37	a	504	508	512	516	522	525	529	533	536	542	545	551	554	558	563	566	571	575
2A_SB	37	d	506	510	514	518	524	527	531	534	537	543	547	552	555	559	564	568	572	/
2A_SB	38	a	510	514	518	522	527	531	535	538	541	546	550	556	559	563	568	571	576	580
2A_SB	38	d	512	516	520	523	529	533	536	539	542	548	552	557	560	564	569	573	577	/
2A_SB	39	a	523	527	531	534	539	542	545	548	553	560	564	568	571	576	582	585	589	593
2A_SB	39	d	525	529	532	535	540	543	546	550	555	562	565	569	573	578	583	586	591	/
2A_SB	40	a	528	532	536	539	545	549	552	556	559	565	569	574	577	582	588	592	597	601
2A_SB	40	d	530	534	537	540	547	550	554	557	560	567	570	575	579	584	590	594	599	/
2A_SB	41	a	537	541	544	548	554	556	559	562	565	571	575	580	583	588	594	598	602	606
2A_SB	41	d	539	542	545	549	555	557	560	563	566	572	576	581	585	590	596	600	604	/
2A_SB	42	a	542	546	550	554	560	562	566	569	573	578	583	589	592	596	601	605	608	612
2A_SB	42	d	544	548	551	556	561	564	567	570	574	580	585	590	593	597	603	606	610	/
2A_SB	43	a	559	564	567	570	576	579	584	588	592	597	601	607	611	615	623	627	630	634
2A_SB	43	d	561	566	568	571	577	581	585	590	593	598	602	609	612	617	625	628	632	/
2A_SB	44	a	567	571	573	577	584	587	592	596	599	605	608	615	618	623	630	633	637	640
2A_SB	44	d	568	572	575	579	585	589	593	597	600	606	610	616	620	624	631	634	638	/
2A_SB	45	a	572	576	579	582	589	593	598	602	606	612	615	621	624	629	636	639	643	646
2A_SB	45	d	573	578	580	584	591	595	600	604	607	613	617	622	626	631	637	640	644	/
2A_SB	46	a	581	585	588	591	597	601	605	609	613	619	624	629	634	639	645	649	653	657
2A_SB	46	d	582	587	589	592	599	603	607	611	615	621	625	631	636	640	647	651	655	/
2A_SB	47	a	596	600	602	605	611	614	617	621	626	632	636	641	646	650	658	661	665	670
2A_SB	47	d	597	601	603	607	613	615	619	623	628	634	637	643	647	652	659	662	667	/
2A_SB	48	a	607	610	612	616	622	625	628	632	637	644	647	653	657	661	667	670	675	679
2A_SB	48	d	608	611	614	617	624	626	630	634	639	645	649	655	658	663	668	672	677	/
2A_SB	49	a	628	631	635	639	644	647	651	654	659	665	670	676	679	684	691	694	698	702
2A_SB	49	d	629	633	637	641	645	649	652	656	660	667	671	677	681	686	692	695	699	/
2A_SB	50	a	650	654	657	661	667	670	674	679	684	690	693	699	704	708	715	718	722	726
2A_SB	50	d	651	655	659	662	669	671	676	681	686	691	695	701	705	710	716	719	723	/
2A_SB	51	a	672	675	679	683	690	694	697	701	706	713	717	723	727	732	738	742	745	749
2A_SB	51	d	673	677	681	685	692	695	698	703	708	715	719	724	729	733	740	743	746	/
2A_SB	52	a	701	705	708	712	719	722	726	729	733	741	745	751	756	761	768	771	774	779
2A_SB	52	d	702	707	709	714	720	724	727	731	735	742	747	753	758	763	769	772	776	/
2A_SB	53	a	731	735	737	741	747	750	754	759	762	769	773	780	784	789	796	800	803	807
2A_SB	53	d	732	736	738	743	748	752	756	760	764	771	775	782	786	791	797	801	805	/
2A_SB	54	a	759	762	765	769	774	777	781	784	788	794	797	803	808	813	820	824	828	831
2A_SB	54	d	760	763	766	770	776	778	782	786	790	795	799	805	810	815	822	826	829	/
2A_SB	55	a	780	784	788	793	799	802	807	811	816	823	827	832	837	841	847	851	855	858
2A_SB	55	d	781	786	790	795	800	804	808	813	818	825	828	834	839	842	848	853	856	/
2A_SB	56	a	799	803	806	811	816	819	824	828	833	839	844	851	856	860	866	869	874	877
2A_SB	56	d	800	804	808	812	817	821	826	830	834	841	846	853	857	861	867	871	875	/
2A_SB	57	a	825	829	832	835	841	845	849	852	856	862	866	871	874	879	886	889	894	897
2A_SB	57	d	826	830	833	836	843	846	850	853	858	864	867	872	876	881	887	891	895	/
2A_SB	58	a	849	853	856	860	865	868	873	878	882	887	890	895	899	903	910	914	918	922
2A_SB	58	d	850	855	858	861	867	870	875	880	883	888	891	896	900	905	911	915	919	/
2A_SB	59	a	865	868	870	874	880	883	888	892	895	902	905	912	917	921	928	932	936	941
2A_SB	59	d	866	869	872	875	882	885	890	893	897	903	907	914	918	922	929	934	938	/
2A_SB	60	a	887	891	893	896	902	906	909	914	918	926	929	934	939	942	947	951	955	958
2A_SB	60	d	888	892	894	897	904	907	911	915	920	927	930	936	940	943	949	953	956	/
2A_SB	61	a	914	918	921	926	931	934	937	941	945	951	955	961	964	968	975	979	982	987
2A_SB	61	d	915	919	923	927	933	935	938	943	946	953	956	962	965	970	976	980	984	/
2A_SB	62	a	933	937	940	944	950	953	957	961	965	970	974	980	985	988	995	998	1002	1006
2A_SB	62	d	934	939	941	946	952	955	958	962	966	971	976	982	986	990	996	1000	1003	/
2A_SB	63	a	947	950	952	956	961	965	969	974	978	984	989	994	999	1003	1010	1014	1018	1022
2A_SB	63	d	948	951	954	957	963	966	971	976	980	986	991	996	1000	1005	1011	1016	1019	/
2A_SB	64	a	973	977	979	982	989	993	997	1002	1006	1013	1016	1021	1025	1029	1034	1037	1042	1046
2A_SB	64	d	974	978	980	984	991	994	999	1004	1008	1014	1017	1022	1027	1030	1035	1039	1043	/
3A_SB	1	a	4	9	14	22	25	29	33	37	40	44	47	51	55	58	63	68	71
3A_SB	1	d	5	11	16	23	26	30	34	38	42	45	49	52	56	60	64	69	/
3A_SB	2	a	24	29	32	39	42	47	52	56	60	63	67	70	74	78	83	88	92
3A_SB	2	d	25	30	34	40	44	49	53	57	61	64	69	71	75	80	84	90	/
3A_SB	3	a	37	42	45	52	57	61	66	70	74	78	83	86	91	95	99	104	108
3A_SB	3	d	38	43	47	54	58	63	68	72	75	80	84	87	92	96	100	105	/
3A_SB	4	a	59	64	68	74	78	83	87	91	95	98	101	104	109	113	117	123	126
3A_SB	4	d	60	65	69	76	80	84	89	92	96	99	102	105	110	114	118	124	/
3A_SB	5	a	82	87	91	97	102	105	109	113	116	120	124	127	132	136	140	145	149
3A_SB	5	d	83	89	93	99	103	107	110	114	117	121	125	128	133	137	141	146	/
3A_SB	6	a	89	94	98	103	107	111	115	120	125	130	135	137	141	144	148	153	156
3A_SB	6	d	90	96	99	105	109	113	117	122	127	132	136	138	142	145	149	154	/
3A_SB	7	a	101	106	110	117	121	125	128	132	136	139	143	145	149	153	157	163	166
3A_SB	7	d	102	108	112	119	122	126	129	133	137	140	144	146	150	154	158	164	/
3A_SB	8	a	107	114	117	124	129	134	137	142	145	149	153	156	160	164	167	173	177
3A_SB	8	d	108	115	119	126	131	135	139	143	147	151	154	157	161	165	168	174	/
3A_SB	9	a	134	139	142	148	151	155	159	163	167	170	173	176	180	184	188	194	197
3A_SB	9	d	135	140	144	149	152	156	160	164	168	171	174	177	181	185	189	195	/
3A_SB	10	a	154	159	164	171	176	179	182	186	190	194	197	199	203	207	211	216	219
3A_SB	10	d	155	161	166	173	177	180	183	187	191	195	198	200	204	208	212	217	/
3A_SB	11	a	163	168	172	179	183	187	190	194	198	201	204	206	210	214	218	223	228
3A_SB	11	d	164	169	174	181	184	188	191	195	199	202	205	207	211	215	219	225	/
3A_SB	12	a	189	195	199	204	209	212	216	221	225	228	233	235	240	244	248	254	257
3A_SB	12	d	190	196	200	206	210	213	218	223	226	230	234	236	241	245	249	255	/
3A_SB	13	a	205	210	213	218	222	226	230	234	238	243	247	250	255	258	262	268	271
3A_SB	13	d	206	211	214	220	224	227	232	236	240	245	248	251	256	259	263	269	/
3A_SB	14	a	214	219	223	228	231	235	239	243	246	251	254	256	260	263	267	273	277
3A_SB	14	d	215	221	224	229	232	236	240	244	248	252	255	257	261	264	268	274	/
3A_SB	15	a	224	229	234	240	244	249	254	259	263	268	273	276	281	284	287	293	298
3A_SB	15	d	225	231	235	242	246	251	256	261	265	270	274	277	282	285	288	295	/
3A_SB	16	a	253	258	261	266	270	273	276	280	283	287	290	293	298	302	306	313	317
3A_SB	16	d	254	259	262	268	271	274	277	281	284	288	291	294	300	303	308	315	/
3A_SB	17	a	266	271	275	280	283	286	289	293	296	299	303	306	310	313	317	322	325
3A_SB	17	d	267	273	276	281	284	287	290	294	297	300	304	307	311	314	318	323	/
3A_SB	18	a	277	282	286	293	296	300	304	309	312	317	321	324	329	332	336	340	343
3A_SB	18	d	278	284	288	294	297	301	306	310	314	319	322	325	330	333	337	341	/
3A_SB	19	a	285	290	294	300	304	307	311	315	319	323	326	329	334	337	341	346	350
3A_SB	19	d	286	291	295	301	305	308	312	316	320	324	327	330	335	338	343	348	/
3A_SB	20	a	296	301	304	310	314	318	322	327	332	336	340	343	348	352	356	361	365
3A_SB	20	d	297	302	306	311	315	319	324	329	334	338	341	344	349	353	357	363	/
3A_SB	21	a	313	318	323	329	333	338	343	347	352	356	360	362	366	370	373	378	381
3A_SB	21	d	314	320	325	331	335	340	345	349	354	358	361	363	367	371	374	379	/
3A_SB	22	a	340	345	350	356	360	364	369	372	376	379	383	386	390	393	397	402	407
3A_SB	22	d	341	347	352	358	361	366	370	373	377	381	384	387	391	394	398	404	/
3A_SB	23	a	354	359	364	371	374	378	382	386	391	395	399	402	406	409	412	418	421
3A_SB	23	d	355	361	366	372	376	379	383	388	393	397	400	403	407	410	413	419	/
3A_SB	24	a	374	380	383	389	393	397	402	407	411	416	421	423	428	431	435	440	444
3A_SB	24	d	375	381	385	390	394	399	404	409	413	418	422	424	429	432	436	441	/
3A_SB	25	a	384	390	394	400	405	409	412	416	419	423	427	429	434	438	443	448	452
3A_SB	25	d	385	392	395	402	406	410	413	417	420	424	428	430	435	440	444	449	/
3A_SB	26	a	403	409	413	419	423	427	430	433	436	439	443	446	450	453	457	462	465
3A_SB	26	d	404	410	414	420	424	428	431	434	437	440	444	447	451	454	458	463	/
3A_SB	27	a	409	415	419	425	430	434	437	441	444	447	451	454	458	462	467	473	476
3A_SB	27	d	410	416	420	427	431	435	438	442	445	448	452	455	460	464	468	474	/
3A_SB	28	a	425	430	434	439	443	447	451	455	458	462	466	469	474	477	481	486	491
3A_SB	28	d	426	432	435	441	444	449	453	456	459	464	467	470	475	478	482	488	/
3A_SB	29	a	439	445	450	456	460	464	469	472	475	478	482	485	489	493	496	501	505
3A_SB	29	d	440	447	451	457	461	466	470	473	476	479	483	486	490	494	497	502	/
3A_SB	30	a	449	454	459	465	469	474	479	482	486	491	495	498	502	505	509	514	518
3A_SB	30	d	450	456	460	467	471	476	480	483	488	492	496	499	503	506	510	516	/
3A_SB	31	a	463	468	473	480	483	487	491	494	497	501	504	507	511	515	518	523	526
3A_SB	31	d	464	470	475	481	485	488	492	495	498	502	505	508	512	516	519	524	/
3A_SB	32	a	469	475	480	486	489	492	497	501	505	509	513	515	519	523	526	531	535
3A_SB	32	d	470	477	482	487	490	494	499	503	506	511	514	516	520	524	527	532	/
3A_SB	33	a	492	497	502	508	512	516	520	524	527	530	534	537	541	545	548	553	556
3A_SB	33	d	493	499	504	510	513	517	521	525	528	531	535	538	542	546	549	554	/
3A_SB	34	a	505	511	515	521	525	529	533	537	540	544	547	550	554	557	561	566	569
3A_SB	34	d	506	512	517	523	526	530	534	538	541	545	548	551	555	558	562	567	/
3A_SB	35	a	512	518	522	528	531	535	539	544	548	553	558	560	564	567	571	576	579
3A_SB	35	d	513	519	524	529	532	536	541	546	550	555	559	561	565	568	572	577	/
3A_SB	36	a	518	524	530	536	539	543	547	551	554	559	563	565	569	573	577	582	585
3A_SB	36	d	519	526	531	537	540	544	548	552	556	560	564	566	570	574	578	583	/
3A_SB	37	a	523	529	535	541	545	549	553	557	560	564	568	570	575	579	583	588	592
3A_SB	37	d	524	531	536	542	546	550	554	558	561	565	569	571	576	580	584	589	/
3A_SB	38	a	533	539	543	548	552	556	559	562	565	569	572	575	580	584	589	595	599
3A_SB	38	d	534	540	544	549	553	557	560	563	566	570	574	576	581	586	591	596	/
3A_SB	39	a	538	544	549	554	559	562	566	570	575	580	584	587	592	596	600	606	610
3A_SB	39	d	539	546	550	556	560	564	568	572	577	582	586	588	593	597	602	608	/
3A_SB	40	a	554	558	562	568	572	575	580	583	587	591	595	597	603	607	612	618	622
3A_SB	40	d	555	559	564	570	573	577	581	584	588	593	596	599	605	609	614	620	/
3A_SB	41	a	570	575	580	586	591	595	599	602	607	611	614	617	623	627	632	638	643
3A_SB	41	d	571	577	581	588	592	596	600	604	608	612	615	619	624	629	634	640	/
3A_SB	42	a	583	588	592	599	603	607	612	615	618	621	625	628	633	638	643	648	652
3A_SB	42	d	584	589	594	600	604	609	613	616	619	623	626	630	635	640	644	649	/
3A_SB	43	a	591	597	602	608	612	616	621	624	627	631	635	639	644	648	652	657	662
3A_SB	43	d	592	599	603	609	613	618	622	625	629	632	637	641	646	649	653	659	/
3A_SB	44	a	599	604	609	616	619	622	626	630	633	637	641	644	650	653	658	664	668
3A_SB	44	d	600	606	611	617	620	623	628	631	634	638	642	646	651	655	660	666	/
3A_SB	45	a	605	610	615	621	624	628	632	636	639	643	647	651	657	661	665	671	675
3A_SB	45	d	606	612	617	622	626	630	633	637	640	645	649	653	659	663	667	673	/
3A_SB	46	a	612	617	621	627	631	636	639	644	647	651	655	659	664	668	672	678	681
3A_SB	46	d	613	619	623	629	633	637	641	645	648	653	657	660	666	670	674	679	/
3A_SB	47	a	617	622	626	632	636	641	644	648	652	656	660	663	669	673	678	683	686
3A_SB	47	d	618	624	628	634	638	642	646	650	653	658	662	665	671	675	679	684	/
3A_SB	48	a	627	632	637	644	648	652	656	660	664	669	673	675	680	683	688	693	696
3A_SB	48	d	628	634	639	645	649	653	658	662	666	671	674	677	681	685	689	694	/
3A_SB	49	a	657	663	666	672	676	679	684	688	693	697	701	704	709	713	717	721	725
3A_SB	49	d	658	664	667	673	677	681	686	690	694	698	702	705	710	714	718	722	/
3A_SB	50	a	687	693	696	701	706	709	713	717	721	725	729	732	736	741	745	750	755
3A_SB	50	d	688	694	697	703	707	711	715	719	722	726	730	733	738	742	746	752	/
3A_SB	51	a	717	723	726	732	736	740	744	748	751	755	759	761	767	771	775	781	785
3A_SB	51	d	718	724	727	733	737	741	745	749	752	756	760	763	768	772	776	782	/
3A_SB	52	a	746	751	754	759	763	767	771	776	780	784	787	790	794	798	802	806	810
3A_SB	52	d	747	752	755	761	764	768	773	778	781	785	789	791	796	799	803	807	/
3A_SB	53	a	758	764	768	774	777	781	786	790	794	799	802	805	810	814	818	824	827
3A_SB	53	d	759	766	770	775	779	783	787	791	796	800	803	807	812	815	820	825	/
3A_SB	54	a	765	770	774	780	784	788	793	798	803	807	811	813	819	823	827	833	837
3A_SB	54	d	766	772	776	781	786	790	795	800	804	809	812	815	821	824	829	835	/
3A_SB	55	a	773	778	783	789	794	798	801	806	810	814	817	819	825	829	834	840	843
3A_SB	55	d	774	780	784	791	796	799	803	807	811	815	818	821	827	831	836	841	/
3A_SB	56	a	800	805	808	815	818	822	826	830	835	839	843	847	852	857	862	868	871
3A_SB	56	d	801	806	809	816	819	823	828	832	836	840	845	849	854	859	864	869	/
3A_SB	57	a	823	828	832	839	842	847	851	854	857	860	863	866	870	875	880	886	889
3A_SB	57	d	824	830	834	840	844	848	852	855	858	861	864	867	872	877	881	887	/
3A_SB	58	a	847	852	856	862	867	871	876	880	884	887	891	893	899	903	908	914	917
3A_SB	58	d	848	853	857	864	868	873	877	881	885	889	892	895	901	905	909	915	/
3A_SB	59	a	870	877	881	887	891	895	899	905	910	915	920	922	927	931	935	941	944
3A_SB	59	d	871	879	883	888	892	897	901	907	912	917	921	923	928	932	937	942	/
3A_SB	60	a	896	902	907	914	918	922	926	930	934	939	943	945	949	953	958	963	967
3A_SB	60	d	897	904	908	916	919	923	927	932	936	941	944	946	950	955	959	965	/
3A_SB	61	a	923	930	935	941	944	948	951	956	961	964	967	969	975	979	984	989	993
3A_SB	61	d	924	932	936	942	946	949	953	958	962	965	968	971	977	981	985	991	/
3A_SB	62	a	949	955	959	966	970	974	978	982	986	990	994	996	1000	1005	1010	1016	1021
3A_SB	62	d	950	957	961	967	971	975	979	984	987	991	995	997	1002	1007	1012	1018	/
3A_SB	63	a	958	964	967	974	978	982	987	992	995	999	1004	1008	1013	1018	1023	1030	1035
3A_SB	63	d	959	965	969	976	979	984	989	993	996	1001	1006	1009	1015	1020	1025	1032	/
3A_SB	64	a	986	992	996	1001	1005	1010	1015	1020	1024	1028	1032	1035	1041	1044	1049	1054	1059
3A_SB	64	d	987	993	997	1003	1007	1012	1017	1022	1025	1029	1033	1037	1042	1046	1050	1056	/
3A_NB	1	a	24	28	32	38	43	46	50	53	57	62	67	70	72	76	80	84	88	93
3A_NB	1	d	25	30	34	40	44	48	52	54	58	64	69	71	74	78	82	85	90	/
3A_NB	2	a	39	43	46	50	53	56	60	63	67	73	77	80	82	85	88	91	94	98
3A_NB	2	d	40	44	47	51	54	58	62	64	68	74	78	81	83	86	89	92	95	/
3A_NB	3	a	45	48	52	56	60	63	67	70	75	80	84	87	89	94	98	102	105	108
3A_NB	3	d	46	49	53	58	61	65	69	72	76	81	85	88	91	95	100	103	106	/
3A_NB	4	a	53	56	61	65	70	73	76	78	83	88	92	94	96	100	104	107	110	113
3A_NB	4	d	54	58	63	67	71	74	77	80	84	89	93	95	97	101	105	108	111	/
3A_NB	5	a	71	74	77	81	85	89	93	97	102	107	110	112	116	119	124	129	134	138
3A_NB	5	d	72	75	78	83	86	91	95	99	103	108	111	114	117	121	126	131	136	/
3A_NB	6	a	96	99	103	107	111	114	117	119	123	129	133	136	139	143	147	151	154	157
3A_NB	6	d	97	101	104	108	112	115	118	121	124	130	135	138	141	145	148	152	155	/
3A_NB	7	a	107	111	114	118	122	125	129	131	134	140	144	146	148	151	154	158	161	164
3A_NB	7	d	108	112	115	120	123	126	130	132	135	141	145	147	149	152	155	159	162	/
3A_NB	8	a	112	116	120	124	127	130	134	137	141	147	151	153	156	159	162	166	169	172
3A_NB	8	d	113	118	121	125	128	131	135	138	142	148	152	154	157	160	163	167	170	/
3A_NB	9	a	118	122	127	132	136	141	145	149	153	158	162	164	166	169	172	175	178	182
3A_NB	9	d	119	124	129	134	138	143	147	151	154	159	163	165	167	170	173	176	180	/
3A_NB	10	a	132	135	138	142	145	150	154	157	161	166	170	173	175	179	184	187	191	195
3A_NB	10	d	133	136	139	143	147	152	156	159	162	167	171	174	177	181	185	189	193	/
3A_NB	11	a	156	160	164	168	171	175	178	180	184	189	192	194	196	200	203	206	209	212
3A_NB	11	d	157	162	165	169	173	176	179	182	185	190	193	195	197	201	204	207	210	/
3A_NB	12	a	165	169	173	178	182	186	190	194	197	203	206	208	210	213	216	220	223	227
3A_NB	12	d	166	171	175	180	183	188	192	195	198	204	207	209	211	214	217	221	225	/
3A_NB	13	a	187	191	194	198	201	205	208	211	214	220	224	227	229	232	236	241	246	251
3A_NB	13	d	188	192	195	199	202	206	209	212	215	221	225	228	230	233	238	243	248	/
3A_NB	14	a	201	205	208	212	216	220	225	228	232	238	242	245	247	252	256	259	263	268
3A_NB	14	d	202	206	209	213	217	222	227	230	233	239	243	246	249	253	257	261	265	/
3A_NB	15	a	219	222	226	230	234	239	242	244	248	253	257	259	261	265	268	272	275	278
3A_NB	15	d	220	224	227	232	236	240	243	245	249	254	258	260	262	266	270	273	276	/
3A_NB	16	a	226	229	234	238	241	245	249	252	257	264	268	272	275	279	284	287	290	294
3A_NB	16	d	227	231	235	239	242	247	251	254	259	266	270	273	277	281	285	288	291	/
3A_NB	17	a	241	244	248	253	256	261	265	269	272	278	281	284	287	291	295	299	302	305
3A_NB	17	d	242	245	250	254	258	263	267	270	273	279	282	285	288	293	297	300	303	/
3A_NB	18	a	255	258	261	265	270	275	278	280	283	289	293	297	301	305	308	312	315	320
3A_NB	18	d	256	259	262	267	272	276	279	281	284	290	295	299	302	306	310	313	317	/
3A_NB	19	a	273	276	281	285	289	293	296	299	303	308	312	315	318	321	324	327	330	334
3A_NB	19	d	274	278	283	287	290	294	297	300	304	309	313	316	319	322	325	328	331	/
3A_NB	20	a	291	294	299	303	306	310	315	318	322	327	331	334	336	339	343	347	351	355
3A_NB	20	d	292	296	300	304	307	312	317	319	323	328	332	335	337	340	344	349	353	/
3A_NB	21	a	310	314	318	322	326	329	333	336	341	346	350	353	356	359	362	365	369	374
3A_NB	21	d	311	316	319	324	327	331	334	338	342	347	351	354	357	360	363	366	371	/
3A_NB	22	a	334	337	340	345	348	351	354	357	360	365	369	372	374	377	381	384	388	392
3A_NB	22	d	335	338	342	346	349	352	355	358	361	366	370	373	375	379	382	386	390	/
3A_NB	23	a	341	344	349	352	356	359	363	366	370	375	378	380	383	386	389	392	395	398
3A_NB	23	d	342	346	350	354	357	361	365	368	371	376	379	381	384	387	390	393	396	/
3A_NB	24	a	350	353	358	362	366	370	374	377	381	387	390	394	397	400	404	408	411	415
3A_NB	24	d	351	355	360	364	368	372	376	379	383	388	392	396	398	402	405	409	412	/
3A_NB	25	a	369	373	377	381	385	389	392	395	400	406	410	412	414	418	422	426	430	435
3A_NB	25	d	370	375	378	382	386	390	393	397	401	407	411	413	416	420	423	428	432	/
3A_NB	26	a	389	393	397	402	406	410	413	417	421	427	431	433	435	439	442	446	450	453
3A_NB	26	d	390	395	399	404	407	411	415	418	422	428	432	434	436	440	443	447	451	/
3A_NB	27	a	411	415	418	423	427	431	434	437	442	448	451	453	455	458	461	465	469	473
3A_NB	27	d	412	416	420	425	428	432	436	439	443	449	452	454	456	459	462	466	470	/
3A_NB	28	a	424	428	432	436	439	442	446	448	452	458	462	464	466	469	473	478	482	487
3A_NB	28	d	425	429	433	437	440	443	447	449	453	459	463	465	467	470	475	479	484	/
3A_NB	29	a	453	456	460	465	469	472	475	478	481	486	489	491	493	497	501	505	509	512
3A_NB	29	d	454	457	462	466	470	473	477	479	482	487	490	492	495	498	503	506	510	/
3A_NB	30	a	460	463	467	471	475	478	481	483	487	492	495	497	500	503	507	510	513	517
3A_NB	30	d	461	464	468	472	476	479	482	484	488	493	496	498	501	504	508	511	515	/
3A_NB	31	a	466	469	473	478	482	486	489	491	495	501	505	507	510	513	516	519	522	525
3A_NB	31	d	467	471	475	480	483	487	490	492	496	502	506	508	511	514	517	520	523	/
3A_NB	32	a	472	475	478	483	487	491	495	497	502	509	512	516	519	522	525	529	532	536
3A_NB	32	d	473	476	480	485	488	493	496	499	504	510	514	517	520	523	526	530	534	/
3A_NB	33	a	488	491	495	498	501	505	508	510	513	519	522	525	528	532	536	540	545	550
3A_NB	33	d	489	492	496	499	502	506	509	511	514	520	523	526	530	534	537	542	547	/
3A_NB	34	a	493	496	500	504	507	512	516	518	521	527	530	532	536	539	542	546	550	555
3A_NB	34	d	494	497	502	505	509	514	517	519	522	528	531	534	537	540	543	547	552	/
3A_NB	35	a	510	514	519	524	527	531	534	537	541	546	550	553	555	559	563	567	571	575
3A_NB	35	d	511	516	521	525	528	532	535	538	542	547	551	554	556	560	564	568	572	/
3A_NB	36	a	537	541	545	549	554	558	562	565	569	575	579	581	583	586	589	593	598	602
3A_NB	36	d	538	543	546	551	556	560	564	567	570	576	580	582	584	587	590	595	599	/
3A_NB	37	a	548	551	554	559	563	566	569	571	574	580	584	587	590	593	597	602	607	612
3A_NB	37	d	549	552	556	560	564	567	570	572	575	581	585	589	591	595	599	604	609	/
3A_NB	38	a	560	563	567	572	576	580	584	587	591	598	602	605	608	613	617	620	624	628
3A_NB	38	d	561	564	569	573	578	581	586	589	593	599	604	606	610	615	618	622	625	/
3A_NB	39	a	570	574	578	582	586	591	595	598	603	608	611	613	616	620	624	627	631	635
3A_NB	39	d	571	576	579	583	588	593	597	600	604	609	612	614	618	622	625	629	632	/
3A_NB	40	a	580	584	587	591	595	599	602	605	609	614	618	621	625	629	633	637	640	644
3A_NB	40	d	581	585	588	592	596	600	604	606	610	616	620	623	627	630	635	638	641	/
3A_NB	41	a	586	590	594	598	602	607	611	613	617	623	627	630	633	636	641	645	649	653
3A_NB	41	d	587	592	595	600	604	609	612	614	618	625	629	632	634	638	643	647	651	/
3A_NB	42	a	594	598	601	605	609	614	617	620	624	630	634	638	641	644	649	653	656	660
3A_NB	42	d	595	599	602	607	611	615	619	621	625	632	636	640	642	646	650	654	658	/
3A_NB	43	a	621	625	629	633	636	641	644	648	652	658	663	665	667	671	676	679	683	688
3A_NB	43	d	622	627	630	634	638	642	646	650	654	660	664	666	669	673	677	680	685	/
3A_NB	44	a	635	638	642	646	651	655	658	661	665	671	675	678	681	686	690	694	698	702
3A_NB	44	d	636	640	643	648	653	656	660	662	667	672	677	680	683	687	692	696	699	/
3A_NB	45	a	642	645	649	654	659	663	667	670	674	680	683	686	688	692	696	700	703	707
3A_NB	45	d	643	647	651	656	660	665	669	671	675	681	685	687	690	694	698	701	704	/
3A_NB	46	a	663	667	670	673	677	682	685	688	692	698	702	706	710	713	716	720	725	729
3A_NB	46	d	664	668	671	674	679	683	687	689	693	700	704	708	711	714	718	722	726	/
3A_NB	47	a	672	676	680	684	689	693	697	700	704	712	715	719	721	724	729	733	737	742
3A_NB	47	d	673	678	681	686	691	695	698	701	706	713	717	720	722	726	731	734	739	/
3A_NB	48	a	679	683	687	691	695	699	702	706	711	718	723	726	728	732	737	741	744	748
3A_NB	48	d	680	685	688	693	697	700	704	708	712	720	724	727	730	734	739	742	745	/
3A_NB	49	a	706	710	715	719	722	725	730	732	736	742	746	748	750	754	759	763	767	770
3A_NB	49	d	707	712	716	720	723	727	731	733	737	744	747	749	752	756	761	765	768	/
3A_NB	50	a	722	726	730	734	738	742	746	748	751	758	762	766	769	773	776	780	784	789
3A_NB	50	d	723	727	731	736	740	744	747	749	753	760	764	768	770	774	778	782	786	/
3A_NB	51	a	737	741	746	750	755	759	762	766	771	776	780	784	786	791	796	799	803	807
3A_NB	51	d	738	743	747	752	756	760	764	768	772	777	782	785	788	793	797	801	804	/
3A_NB	52	a	750	753	756	760	764	768	772	774	779	785	789	792	794	798	803	807	811	814
3A_NB	52	d	751	754	758	761	765	770	773	776	781	786	790	793	795	800	805	809	812	/
3A_NB	53	a	757	760	763	768	771	775	779	782	787	793	797	800	802	807	812	815	818	822
3A_NB	53	d	758	761	765	769	772	777	781	784	789	794	798	801	804	809	813	816	820	/
3A_NB	54	a	780	783	787	791	794	798	802	804	809	815	819	821	824	828	833	838	841	846
3A_NB	54	d	781	784	788	792	796	800	803	806	810	816	820	822	825	830	835	839	843	/
3A_NB	55	a	799	803	806	810	813	817	821	823	827	833	837	841	843	847	850	854	857	861
3A_NB	55	d	800	804	807	811	814	819	822	825	828	834	839	842	845	848	851	855	858	/
3A_NB	56	a	818	822	826	830	834	838	841	843	847	852	856	860	863	867	871	874	878	883
3A_NB	56	d	819	823	827	832	835	839	842	844	848	853	858	862	865	868	872	876	880	/
3A_NB	57	a	830	833	838	843	846	849	852	854	858	864	869	871	875	879	883	888	891	895
3A_NB	57	d	831	835	840	844	847	850	853	855	859	866	870	873	877	880	885	889	892	/
3A_NB	58	a	847	851	855	858	862	867	871	873	877	882	887	891	895	900	903	907	911	916
3A_NB	58	d	848	852	856	860	864	869	872	875	878	884	889	893	897	901	905	908	913	/
3A_NB	59	a	869	872	877	881	886	891	895	899	903	908	912	915	917	921	926	929	932	936
3A_NB	59	d	870	874	878	883	888	893	897	900	904	909	914	916	918	923	927	930	933	/
3A_NB	60	a	892	895	900	905	908	913	917	920	924	930	933	936	939	944	949	953	957	961
3A_NB	60	d	893	897	902	906	910	915	918	922	926	931	934	938	941	946	950	954	958	/
3A_NB	61	a	919	923	926	930	933	937	941	944	949	955	958	960	964	968	972	975	979	982
3A_NB	61	d	920	924	927	931	934	938	943	946	950	956	959	962	966	969	973	976	980	/
3A_NB	62	a	926	930	935	940	943	947	951	953	957	964	967	969	972	976	980	984	989	992
3A_NB	62	d	927	932	937	941	945	949	952	954	959	965	968	970	974	977	982	986	990	/
3A_NB	63	a	955	959	962	967	970	973	976	979	983	989	993	996	999	1003	1008	1013	1016	1020
3A_NB	63	d	956	960	964	968	971	974	977	980	985	990	995	998	1001	1005	1010	1014	1017	/
3A_NB	64	a	964	967	970	975	979	983	987	991	995	1001	1006	1009	1012	1015	1019	1023	1026	1030
3A_NB	64	d	965	968	972	977	980	985	989	992	996	1003	1007	1011	1013	1016	1020	1024	1027	/
