RouteID	RunID	Arrivals/Departures	TimePerStop
1A_SB	1	a	29	35	41	45	48	52	57	61	67	72	77	89	93	98
1A_SB	1	d	30	36	43	46	50	53	59	63	69	74	79	90	95	/
1A_SB	2	a	46	51	60	64	69	72	77	81	88	91	94	103	109	113
1A_SB	2	d	47	53	62	66	70	73	79	83	89	92	95	105	111	/
1A_SB	3	a	61	67	77	80	83	86	91	96	102	105	109	119	125	130
1A_SB	3	d	62	69	78	81	84	87	93	97	103	106	111	121	127	/
1A_SB	4	a	74	80	89	93	98	103	109	113	119	123	127	136	143	146
1A_SB	4	d	76	81	90	95	100	105	111	115	120	124	129	138	144	/
1A_SB	5	a	104	110	119	122	126	130	135	139	145	149	152	160	166	170
1A_SB	5	d	106	111	120	124	127	132	136	140	147	150	153	161	167	/
1A_SB	6	a	117	123	134	139	143	146	150	154	159	164	168	178	184	188
1A_SB	6	d	119	125	136	141	144	147	151	155	161	165	169	179	185	/
1A_SB	7	a	131	138	148	152	156	159	165	169	176	179	183	193	200	203
1A_SB	7	d	133	140	149	153	157	160	166	170	177	180	185	195	201	/
1A_SB	8	a	137	143	153	157	161	165	172	176	184	189	193	203	210	213
1A_SB	8	d	139	145	155	158	163	167	173	178	186	190	195	205	211	/
1A_SB	9	a	144	150	159	162	167	170	177	182	189	194	199	209	215	219
1A_SB	9	d	146	152	160	164	168	172	179	184	191	196	201	210	217	/
1A_SB	10	a	167	175	184	187	190	194	200	205	212	216	220	229	234	237
1A_SB	10	d	169	176	185	188	191	195	202	207	214	218	222	231	235	/
1A_SB	11	a	179	186	196	200	204	209	216	221	227	230	234	243	249	252
1A_SB	11	d	181	187	198	202	206	211	218	223	228	231	236	245	250	/
1A_SB	12	a	192	199	207	211	215	220	227	230	236	240	243	252	258	263
1A_SB	12	d	194	200	209	213	217	222	228	231	238	241	244	254	260	/
1A_SB	13	a	216	223	232	236	240	243	248	252	258	262	266	275	280	284
1A_SB	13	d	218	225	233	237	241	244	249	253	259	264	267	276	281	/
1A_SB	14	a	224	231	239	242	245	248	253	257	263	268	271	280	285	289
1A_SB	14	d	226	232	240	243	246	249	254	259	265	269	273	281	286	/
1A_SB	15	a	233	240	248	251	254	258	263	267	272	276	279	288	294	298
1A_SB	15	d	235	241	249	252	255	259	265	268	273	277	281	290	295	/
1A_SB	16	a	240	247	256	259	263	267	272	276	283	287	290	299	305	309
1A_SB	16	d	242	249	257	261	264	268	274	277	284	288	291	301	306	/
1A_SB	17	a	245	252	261	265	269	274	279	282	290	293	296	305	311	315
1A_SB	17	d	247	254	263	267	271	275	280	284	291	294	297	307	312	/
1A_SB	18	a	252	258	268	272	275	279	284	287	295	298	302	310	316	320
1A_SB	18	d	253	259	270	273	276	280	285	289	296	300	303	312	317	/
1A_SB	19	a	256	264	274	277	280	284	290	293	300	304	308	316	323	327
1A_SB	19	d	258	265	275	278	281	285	291	294	301	306	309	318	324	/
1A_SB	20	a	262	270	278	282	286	289	295	298	305	309	313	321	328	332
1A_SB	20	d	264	272	280	284	287	290	296	299	306	311	314	323	330	/
1A_SB	21	a	287	294	303	306	309	312	318	322	328	331	334	345	352	356
1A_SB	21	d	289	296	304	307	310	313	320	324	329	332	336	346	354	/
1A_SB	22	a	306	313	322	326	331	335	342	345	350	355	360	368	375	380
1A_SB	22	d	308	315	323	328	333	337	343	346	352	357	361	370	377	/
1A_SB	23	a	324	330	341	346	351	355	361	366	373	376	380	390	395	398
1A_SB	23	d	325	332	343	348	352	356	363	368	374	378	382	392	396	/
1A_SB	24	a	345	350	358	363	367	371	377	382	387	392	395	404	410	414
1A_SB	24	d	346	351	360	365	369	372	379	383	389	393	397	406	411	/
1A_SB	25	a	361	366	375	379	384	387	393	397	403	407	410	421	427	431
1A_SB	25	d	362	368	376	381	385	389	395	399	405	408	412	422	428	/
1A_SB	26	a	374	380	391	395	400	403	411	414	421	426	430	440	445	450
1A_SB	26	d	375	382	393	397	401	405	412	416	423	427	431	441	447	/
1A_SB	27	a	399	405	414	417	420	424	431	434	441	445	449	457	463	467
1A_SB	27	d	400	407	415	418	422	426	432	435	443	446	450	458	464	/
1A_SB	28	a	407	412	421	426	430	434	439	443	451	454	458	467	474	479
1A_SB	28	d	408	414	423	427	432	435	441	445	452	455	460	469	476	/
1A_SB	29	a	425	431	442	447	451	454	461	465	471	475	479	488	493	498
1A_SB	29	d	426	433	444	449	452	456	463	467	473	476	480	489	495	/
1A_SB	30	a	442	449	457	461	465	469	475	478	483	487	492	502	507	511
1A_SB	30	d	443	450	458	463	467	470	476	479	485	489	494	503	508	/
1A_SB	31	a	459	465	475	478	482	487	492	495	500	505	509	520	526	530
1A_SB	31	d	460	467	476	479	484	488	493	496	502	506	510	522	528	/
1A_SB	32	a	477	483	493	496	499	503	510	513	518	522	526	537	543	547
1A_SB	32	d	478	485	494	497	500	505	511	514	519	524	528	539	545	/
1A_NB	1	a	29	33	38	46	53	56	62	66	73	77	80	83	89	94
1A_NB	1	d	30	34	39	48	54	57	63	68	74	78	81	84	91	/
1A_NB	2	a	37	41	47	55	62	66	72	76	82	86	90	93	101	106
1A_NB	2	d	38	43	49	57	64	67	73	77	83	88	91	95	103	/
1A_NB	3	a	47	51	58	66	73	77	83	87	93	97	101	104	111	116
1A_NB	3	d	48	53	60	68	75	79	84	88	94	98	102	105	112	/
1A_NB	4	a	69	73	79	88	95	99	105	110	117	122	126	130	137	142
1A_NB	4	d	70	75	81	90	96	101	107	112	119	124	128	131	138	/
1A_NB	5	a	90	95	102	110	116	121	126	130	135	139	143	147	156	160
1A_NB	5	d	92	97	103	111	118	122	128	131	136	140	145	149	157	/
1A_NB	6	a	99	104	110	118	124	127	132	136	142	146	150	153	164	169
1A_NB	6	d	101	106	112	119	125	128	134	138	143	147	151	155	165	/
1A_NB	7	a	107	113	118	127	133	137	143	148	155	158	162	165	173	179
1A_NB	7	d	109	114	120	129	135	139	145	150	156	159	163	166	175	/
1A_NB	8	a	120	125	131	140	147	151	158	163	170	174	179	183	192	199
1A_NB	8	d	122	127	133	142	149	153	160	165	172	176	181	185	194	/
1A_NB	9	a	137	142	148	157	164	167	172	176	182	186	191	194	202	208
1A_NB	9	d	139	143	150	158	165	168	173	177	184	188	192	196	203	/
1A_NB	10	a	143	148	154	163	170	173	178	182	189	192	196	199	207	214
1A_NB	10	d	145	149	156	164	171	174	179	183	190	193	197	201	209	/
1A_NB	11	a	149	154	161	169	174	178	184	188	196	199	203	206	213	220
1A_NB	11	d	151	156	162	170	176	180	185	190	197	200	204	207	215	/
1A_NB	12	a	166	171	176	182	188	192	197	202	208	211	214	218	227	234
1A_NB	12	d	167	172	177	183	189	193	199	203	209	212	215	219	228	/
1A_NB	13	a	171	176	181	187	193	197	203	207	213	218	222	226	235	242
1A_NB	13	d	172	177	182	188	194	198	204	208	215	220	223	228	236	/
1A_NB	14	a	188	193	200	207	213	217	223	228	236	240	243	246	253	258
1A_NB	14	d	189	195	201	209	215	219	225	230	237	241	244	247	254	/
1A_NB	15	a	193	198	205	213	219	222	228	233	241	245	249	253	260	265
1A_NB	15	d	194	200	207	214	220	224	230	235	242	247	251	255	261	/
1A_NB	16	a	205	210	215	223	230	233	237	241	248	252	255	258	265	270
1A_NB	16	d	207	211	217	225	231	234	238	242	249	253	256	260	266	/
1A_NB	17	a	210	215	220	228	235	238	242	246	253	257	260	263	270	276
1A_NB	17	d	212	216	222	230	236	239	243	247	254	258	261	265	271	/
1A_NB	18	a	215	220	226	233	240	244	249	253	261	265	269	273	279	285
1A_NB	18	d	217	222	228	235	241	245	250	255	262	267	270	274	280	/
1A_NB	19	a	239	244	250	257	263	268	273	277	284	288	293	297	305	312
1A_NB	19	d	241	246	252	259	265	269	275	279	286	290	295	299	307	/
1A_NB	20	a	263	268	275	283	290	294	300	303	311	314	318	322	328	333
1A_NB	20	d	265	270	276	285	292	296	301	305	312	315	320	323	329	/
1A_NB	21	a	282	288	293	302	308	311	316	319	325	329	333	337	344	349
1A_NB	21	d	284	289	295	304	309	312	317	321	327	330	335	338	345	/
1A_NB	22	a	303	307	312	319	326	330	336	341	347	351	354	358	368	374
1A_NB	22	d	304	308	313	321	328	331	338	343	349	352	356	360	369	/
1A_NB	23	a	325	329	335	342	348	351	358	363	370	374	378	382	389	395
1A_NB	23	d	326	331	336	343	349	353	360	365	372	375	379	383	391	/
1A_NB	24	a	333	338	343	350	356	359	365	370	376	380	385	389	397	402
1A_NB	24	d	334	339	344	352	357	361	367	371	378	382	386	391	398	/
1A_NB	25	a	352	356	363	371	377	381	387	391	398	401	405	409	417	422
1A_NB	25	d	353	358	365	372	378	383	388	392	399	403	406	410	418	/
1A_NB	26	a	360	364	370	378	383	387	393	398	405	408	411	416	425	430
1A_NB	26	d	361	366	372	379	384	389	395	399	406	409	413	418	427	/
1A_NB	27	a	376	380	385	392	398	402	407	413	421	425	429	433	441	447
1A_NB	27	d	377	381	386	394	400	403	409	415	423	427	431	435	443	/
1A_NB	28	a	386	390	396	404	409	413	419	423	430	434	439	442	450	456
1A_NB	28	d	387	391	398	405	411	414	420	425	432	436	440	444	451	/
1A_NB	29	a	399	404	410	418	423	427	433	437	442	446	450	454	462	469
1A_NB	29	d	400	406	412	419	425	428	434	438	444	447	452	456	464	/
1A_NB	30	a	424	429	434	441	448	451	456	459	465	469	474	479	485	490
1A_NB	30	d	425	430	435	443	449	453	457	460	466	471	476	480	486	/
1A_NB	31	a	450	454	460	469	474	478	485	489	495	498	501	505	512	519
1A_NB	31	d	451	456	462	470	475	480	487	490	496	499	503	507	514	/
1A_NB	32	a	460	464	470	477	483	487	493	498	503	507	510	514	521	527
1A_NB	32	d	461	465	472	479	485	488	495	499	505	508	512	516	522	/
2A_NB	1	a	13	16	21	26	28	32	37	40	44	56	62	66	69	72	77	81	85	87	91	94	99	102	107	115
2A_NB	1	d	14	18	22	27	30	33	38	42	46	57	64	68	70	74	79	83	86	88	92	96	100	104	109	/
2A_NB	2	a	32	36	40	46	49	53	60	64	67	79	85	88	92	95	98	101	104	107	112	117	122	127	130	138
2A_NB	2	d	33	37	41	48	51	55	61	65	69	81	86	90	93	96	99	102	106	109	114	119	124	128	132	/
2A_NB	3	a	51	54	57	63	66	69	75	79	84	95	100	104	106	111	114	116	121	124	129	134	139	143	146	154
2A_NB	3	d	52	55	59	65	67	70	77	81	86	96	102	105	108	112	115	118	123	126	131	136	141	144	147	/
2A_NB	4	a	64	67	70	76	78	82	88	92	95	104	109	112	115	120	123	126	130	132	136	140	144	148	151	160
2A_NB	4	d	65	68	71	77	80	84	90	93	96	105	111	114	117	121	124	128	131	133	137	141	146	149	152	/
2A_NB	5	a	70	73	78	84	87	90	96	100	104	114	120	123	126	129	133	136	139	141	145	150	155	159	163	171
2A_NB	5	d	71	75	79	86	88	92	98	102	106	116	121	125	127	131	134	137	140	142	147	152	156	161	165	/
2A_NB	6	a	84	88	92	96	98	102	108	113	116	126	133	136	139	142	147	150	154	158	162	167	172	176	180	189
2A_NB	6	d	85	89	93	97	100	104	110	114	118	128	135	138	140	144	148	151	156	159	164	169	173	178	182	/
2A_NB	7	a	100	103	107	113	116	120	125	128	132	140	146	149	152	155	159	161	165	168	171	174	178	182	187	195
2A_NB	7	d	101	104	109	115	118	121	126	130	134	141	148	151	153	157	160	162	166	169	172	175	180	184	188	/
2A_NB	8	a	105	109	114	119	122	126	132	136	140	147	153	155	157	161	164	168	172	176	179	183	188	191	195	201
2A_NB	8	d	106	111	115	121	123	128	134	138	141	148	154	156	159	162	166	170	174	177	180	185	189	192	196	/
2A_NB	9	a	121	125	129	134	136	140	145	149	152	160	167	169	173	176	179	183	187	191	195	198	202	206	209	217
2A_NB	9	d	122	126	130	135	138	141	147	150	153	161	168	171	174	177	181	184	189	192	196	199	204	207	211	/
2A_NB	10	a	138	141	146	153	155	158	165	169	172	183	191	194	196	200	204	206	210	213	217	221	224	228	233	242
2A_NB	10	d	139	143	147	154	156	160	166	170	174	185	192	195	197	202	205	208	212	214	219	222	226	230	234	/
2A_NB	11	a	150	154	159	165	167	172	178	183	186	194	200	203	205	209	213	215	219	222	226	229	232	235	240	248
2A_NB	11	d	152	156	160	166	169	173	180	184	187	195	201	204	206	210	214	217	221	223	227	230	233	237	241	/
2A_NB	12	a	173	177	181	188	190	193	199	204	209	219	226	228	230	233	238	241	245	247	251	255	259	263	266	275
2A_NB	12	d	175	178	183	189	191	195	200	206	211	220	227	229	231	235	239	243	246	248	252	256	261	264	268	/
2A_NB	13	a	182	186	190	196	198	201	207	213	216	225	231	233	235	239	243	246	250	252	256	260	264	268	271	279
2A_NB	13	d	184	187	191	197	199	203	209	214	217	226	232	234	237	240	244	248	251	253	257	261	266	269	273	/
2A_NB	14	a	189	193	198	204	206	209	214	218	221	230	236	238	240	245	250	254	259	261	264	268	272	277	280	288
2A_NB	14	d	191	195	199	205	207	210	215	219	222	231	237	239	242	247	252	256	260	262	265	269	274	278	282	/
2A_NB	15	a	208	213	217	224	226	231	237	241	245	253	260	264	267	271	276	280	284	286	291	295	299	304	307	314
2A_NB	15	d	210	215	219	225	228	232	238	243	247	255	262	265	269	273	278	282	285	288	292	296	301	305	308	/
2A_NB	16	a	218	223	226	232	235	240	246	250	254	263	270	273	277	280	284	287	292	294	298	302	305	310	314	324
2A_NB	16	d	220	224	228	234	237	241	247	252	255	265	271	275	278	281	285	289	293	295	299	303	307	312	316	/
2A_NB	17	a	225	228	232	238	240	245	252	257	261	270	278	282	285	290	294	298	302	304	309	314	318	322	327	336
2A_NB	17	d	226	229	234	239	242	247	254	258	262	271	280	283	287	292	296	299	303	306	311	316	320	324	328	/
2A_NB	18	a	242	246	251	256	259	263	270	275	279	290	297	301	304	308	312	315	319	322	327	331	335	339	343	352
2A_NB	18	d	243	248	252	257	261	265	272	277	280	291	299	302	305	310	314	317	320	324	328	332	336	341	345	/
2A_NB	19	a	269	273	277	283	286	289	295	299	303	314	320	322	324	329	333	336	340	343	347	351	354	358	362	371
2A_NB	19	d	270	275	279	285	287	291	296	300	305	315	321	323	326	331	334	338	341	344	348	352	356	360	364	/
2A_NB	20	a	278	282	285	291	294	298	305	310	315	324	331	334	337	340	343	346	349	352	357	362	365	369	373	381
2A_NB	20	d	279	283	287	293	296	300	307	312	317	326	332	335	338	341	345	347	351	354	359	363	367	371	374	/
2A_NB	21	a	304	308	313	318	322	325	331	335	340	348	355	359	362	367	372	375	378	381	385	388	392	395	399	406
2A_NB	21	d	305	310	314	320	323	327	333	337	342	349	357	361	364	369	374	376	380	382	386	390	393	397	401	/
2A_NB	22	a	316	319	324	331	335	339	344	348	352	360	367	370	373	377	382	385	388	390	394	398	401	404	407	414
2A_NB	22	d	317	321	326	333	336	340	345	349	353	362	369	372	374	379	383	386	389	391	395	399	402	405	409	/
2A_NB	23	a	330	334	338	343	346	349	356	360	364	374	381	384	387	390	394	398	402	404	409	413	417	421	426	434
2A_NB	23	d	331	335	339	345	347	351	357	361	365	376	383	386	388	392	396	400	403	406	410	414	419	423	428	/
2A_NB	24	a	339	343	348	353	356	360	366	370	375	386	392	396	398	403	406	410	414	417	421	425	429	432	437	444
2A_NB	24	d	340	345	349	355	358	362	368	372	377	387	394	397	400	404	408	411	416	418	422	427	430	434	438	/
2A_NB	25	a	366	370	373	379	382	385	391	395	398	410	417	419	422	426	430	434	437	441	445	449	452	455	459	466
2A_NB	25	d	367	371	374	381	383	386	392	396	400	411	418	421	424	428	432	435	439	443	447	450	453	457	460	/
2A_NB	26	a	380	384	388	395	398	402	409	414	419	428	433	436	439	443	447	450	453	455	460	464	468	472	475	483
2A_NB	26	d	381	385	389	397	400	403	411	416	421	429	434	438	441	444	449	451	454	457	462	465	470	473	476	/
2A_NB	27	a	402	405	409	414	417	421	428	433	436	445	452	456	458	462	466	470	475	478	483	486	491	496	500	507
2A_NB	27	d	403	406	410	416	419	423	430	434	438	447	454	457	460	464	468	472	477	480	484	488	493	498	502	/
2A_NB	28	a	415	418	423	429	432	435	442	446	450	457	464	468	470	474	478	482	487	489	493	497	501	504	508	515
2A_NB	28	d	416	420	425	431	433	436	444	447	451	458	466	469	471	475	480	484	488	490	495	498	502	506	510	/
2A_NB	29	a	435	439	443	448	451	456	463	467	472	482	489	491	493	498	503	507	511	515	520	524	527	530	535	543
2A_NB	29	d	436	440	444	449	453	458	465	469	474	483	490	492	495	500	505	509	513	517	522	525	528	532	537	/
2A_NB	30	a	451	454	459	464	466	471	476	480	484	495	502	504	508	513	517	521	526	529	533	536	539	544	547	555
2A_NB	30	d	452	456	460	465	468	472	478	482	486	497	503	506	510	514	519	523	528	531	534	537	541	545	549	/
2A_NB	31	a	462	465	469	474	476	480	485	490	493	503	510	514	518	522	527	529	533	535	539	543	546	551	554	561
2A_NB	31	d	463	466	470	475	477	481	487	491	495	505	512	516	519	524	528	530	534	537	540	544	548	552	555	/
2A_NB	32	a	478	482	486	492	494	499	506	510	515	526	534	538	541	544	547	550	554	556	559	562	566	570	573	582
2A_NB	32	d	479	483	487	493	496	501	507	512	517	528	536	540	542	545	548	551	555	557	560	564	567	571	575	/
2A_SB	1	a	4	10	17	20	24	26	29	32	37	41	46	48	52	55	59	68	74	78	82	88	90	94	98	101	112
2A_SB	1	d	5	12	18	21	25	27	30	34	38	43	47	49	53	56	61	69	75	79	83	89	91	96	99	103	/
2A_SB	2	a	13	19	24	28	33	37	41	45	50	55	60	62	66	70	74	83	88	93	97	104	106	110	115	120	131
2A_SB	2	d	14	20	26	30	35	39	43	47	52	57	61	63	68	72	76	84	90	95	99	105	107	112	117	122	/
2A_SB	3	a	35	40	45	49	52	54	57	61	65	70	76	79	83	87	91	98	104	109	114	120	123	129	133	137	149
2A_SB	3	d	36	41	46	50	53	55	59	62	67	72	78	80	84	88	92	99	106	111	115	122	125	131	134	139	/
2A_SB	4	a	45	51	57	61	65	69	71	75	79	83	87	89	92	96	100	108	114	118	122	130	132	137	141	145	157
2A_SB	4	d	46	52	58	63	67	70	73	76	80	84	88	90	93	97	102	109	115	119	124	131	133	138	143	147	/
2A_SB	5	a	51	57	64	67	71	75	78	82	86	90	95	98	102	107	111	120	126	130	133	139	143	147	151	156	164
2A_SB	5	d	52	59	65	69	73	76	79	83	87	92	97	100	104	108	112	121	128	131	135	141	144	148	153	157	/
2A_SB	6	a	63	69	76	79	83	86	89	93	97	100	104	106	109	112	116	126	133	137	141	147	151	156	161	166	175
2A_SB	6	d	65	71	77	80	84	87	90	94	98	101	105	107	110	113	118	128	135	139	143	149	153	158	163	167	/
2A_SB	7	a	80	86	91	95	98	100	104	108	112	117	122	124	128	131	135	143	150	153	156	161	163	167	170	173	182
2A_SB	7	d	82	87	93	96	99	102	105	109	114	119	123	125	129	132	136	144	151	154	157	162	164	168	171	174	/
2A_SB	8	a	94	101	106	110	115	117	121	124	127	131	134	136	140	144	149	159	167	170	174	179	183	187	190	195	205
2A_SB	8	d	96	102	108	112	116	119	122	125	128	132	135	137	141	146	151	161	168	171	175	181	185	188	192	197	/
2A_SB	9	a	107	113	119	123	127	130	133	136	139	143	146	148	152	156	161	171	180	184	188	194	197	201	204	208	217
2A_SB	9	d	109	114	120	124	128	131	134	137	140	144	147	149	153	158	163	173	181	185	189	195	198	202	205	209	/
2A_SB	10	a	119	124	132	137	141	144	147	152	157	161	164	166	169	172	175	184	190	194	198	205	208	212	215	219	231
2A_SB	10	d	120	126	134	139	142	146	149	154	158	162	165	167	170	173	176	185	191	195	199	206	209	213	216	220	/
2A_SB	11	a	129	134	142	146	149	151	154	157	162	166	169	171	174	177	181	189	196	200	204	211	215	220	223	227	238
2A_SB	11	d	130	136	144	147	150	153	155	159	163	167	170	172	175	179	182	191	197	201	205	213	217	221	224	229	/
2A_SB	12	a	147	153	158	161	166	169	172	175	178	181	184	186	189	192	196	202	207	211	216	221	224	228	233	236	247
2A_SB	12	d	148	154	159	163	168	170	173	176	179	182	185	187	190	193	197	203	208	213	217	222	225	230	234	238	/
2A_SB	13	a	155	161	166	170	173	175	178	181	185	189	192	194	197	200	204	210	216	219	223	228	230	234	238	241	251
2A_SB	13	d	156	162	167	171	174	176	179	182	186	190	193	195	198	201	205	211	217	220	224	229	231	235	239	243	/
2A_SB	14	a	163	169	175	180	184	188	191	195	198	202	205	207	210	214	218	225	231	235	239	245	247	252	256	259	268
2A_SB	14	d	164	170	177	182	186	189	193	196	199	203	206	208	212	215	219	226	232	236	240	246	248	253	257	260	/
2A_SB	15	a	168	173	180	185	189	193	197	200	204	209	214	217	222	226	230	237	243	247	250	256	259	263	267	270	280
2A_SB	15	d	169	175	182	187	191	195	198	202	206	211	216	219	224	227	231	238	244	248	251	258	260	264	268	271	/
2A_SB	16	a	183	189	195	199	203	206	209	212	215	218	222	224	228	231	235	242	248	252	255	261	264	268	273	277	287
2A_SB	16	d	184	191	196	200	204	207	210	213	216	219	223	225	229	232	236	243	249	253	256	263	265	270	274	278	/
2A_SB	17	a	198	203	209	213	218	220	222	225	228	232	236	239	242	246	249	256	263	267	270	276	278	282	286	290	299
2A_SB	17	d	200	205	210	215	219	221	223	226	229	233	237	240	243	247	251	258	264	268	271	277	279	283	287	291	/
2A_SB	18	a	204	209	214	218	223	225	228	232	235	239	243	245	248	252	255	263	269	272	275	281	283	287	291	296	306
2A_SB	18	d	206	210	215	220	224	227	230	233	236	240	244	246	249	253	257	264	270	273	276	282	284	288	293	298	/
2A_SB	19	a	215	221	227	231	235	238	240	243	246	250	254	256	259	263	266	273	279	282	285	289	292	297	302	306	318
2A_SB	19	d	217	223	229	233	237	239	241	244	247	251	255	257	260	264	267	274	280	283	286	291	294	299	304	308	/
2A_SB	20	a	227	234	240	243	246	248	251	254	257	261	265	267	270	274	278	286	293	297	301	306	308	312	316	319	328
2A_SB	20	d	229	235	241	244	247	249	252	255	258	262	266	268	271	275	279	287	294	298	302	307	309	313	317	320	/
2A_SB	21	a	233	239	244	248	251	253	256	259	262	266	270	272	275	279	283	291	299	302	307	312	314	319	323	326	335
2A_SB	21	d	234	240	246	249	252	254	257	260	263	267	271	273	276	280	284	293	300	304	308	313	315	320	324	327	/
2A_SB	22	a	238	244	249	253	258	260	263	267	270	273	277	279	282	286	289	299	305	308	312	317	321	326	331	334	342
2A_SB	22	d	239	245	251	255	259	261	265	268	271	274	278	280	283	287	291	300	306	309	313	319	322	328	332	335	/
2A_SB	23	a	243	249	254	258	263	265	269	272	276	279	283	285	289	292	295	304	310	313	317	323	326	331	335	339	347
2A_SB	23	d	244	250	256	260	264	267	270	274	277	280	284	286	290	293	296	305	311	314	318	324	327	333	337	340	/
2A_SB	24	a	252	258	263	266	270	272	274	278	281	284	289	291	295	298	301	309	315	319	324	331	335	340	344	347	356
2A_SB	24	d	253	259	264	267	271	273	276	279	282	286	290	292	296	299	303	310	317	321	326	333	337	342	345	348	/
2A_SB	25	a	266	272	278	282	286	290	292	295	298	302	306	308	312	316	319	326	333	338	343	350	354	359	363	368	378
2A_SB	25	d	267	273	280	284	288	291	293	296	299	303	307	309	313	317	321	328	335	340	345	352	356	361	365	370	/
2A_SB	26	a	276	281	287	290	294	297	299	303	307	311	315	319	323	326	330	337	343	348	352	358	362	367	371	376	384
2A_SB	26	d	277	282	288	291	295	298	301	304	308	312	317	320	324	328	331	339	345	350	353	360	364	369	373	377	/
2A_SB	27	a	289	294	302	307	312	316	319	323	326	331	335	339	343	347	351	360	365	370	375	382	384	389	394	399	409
2A_SB	27	d	290	296	304	309	314	318	320	324	328	333	337	340	345	348	353	361	367	372	377	383	386	391	396	400	/
2A_SB	28	a	311	317	323	326	329	332	336	340	344	348	352	355	359	363	366	373	380	385	390	398	400	405	409	414	426
2A_SB	28	d	312	318	324	327	330	334	338	342	345	349	354	357	361	364	368	375	382	387	392	399	402	406	411	416	/
2A_SB	29	a	328	333	340	345	349	351	354	357	361	366	370	372	376	381	385	392	398	402	407	414	417	423	427	431	440
2A_SB	29	d	329	335	342	347	350	352	355	358	363	367	371	374	378	382	386	394	400	404	409	415	419	424	428	433	/
2A_SB	30	a	357	362	368	372	375	379	382	386	389	394	397	401	405	408	412	420	426	430	433	439	442	447	451	456	465
2A_SB	30	d	358	363	370	373	377	380	383	387	391	395	399	403	406	410	414	421	428	431	435	440	443	448	453	457	/
2A_SB	31	a	375	381	389	393	398	401	404	409	413	416	421	424	427	430	434	442	448	453	457	465	469	474	478	481	490
2A_SB	31	d	376	383	391	395	399	403	406	411	414	418	422	425	428	431	436	443	450	455	459	467	471	475	479	482	/
2A_SB	32	a	400	407	414	418	422	426	429	432	435	439	444	446	450	454	458	466	472	476	479	486	488	492	496	499	507
2A_SB	32	d	401	409	416	420	424	427	430	433	437	441	445	447	452	456	459	467	474	477	480	487	490	493	497	500	/
3A_SB	1	a	10	14	18	23	26	29	33	38	42	45	49	53	57	62	66
3A_SB	1	d	11	16	20	24	27	31	35	39	44	46	51	55	58	64	/
3A_SB	2	a	23	28	32	37	41	45	47	51	56	60	66	70	74	81	86
3A_SB	2	d	24	30	34	39	43	46	48	53	58	62	68	72	76	83	/
3A_SB	3	a	44	50	54	58	63	67	71	74	79	81	86	90	93	99	103
3A_SB	3	d	45	51	55	60	65	69	72	76	80	82	87	91	94	100	/
3A_SB	4	a	63	69	73	77	81	85	87	91	96	99	104	108	111	116	120
3A_SB	4	d	64	71	74	78	83	86	88	93	97	100	105	109	112	117	/
3A_SB	5	a	83	88	92	96	100	104	108	112	116	118	122	125	128	134	137
3A_SB	5	d	84	90	93	98	102	106	110	113	117	119	123	126	129	135	/
3A_SB	6	a	90	95	98	103	106	110	113	117	121	123	128	131	134	140	144
3A_SB	6	d	91	96	100	104	108	111	115	118	122	124	129	132	135	142	/
3A_SB	7	a	104	110	114	117	121	125	128	133	137	139	145	148	151	156	160
3A_SB	7	d	105	111	115	119	123	127	130	135	138	140	146	149	152	157	/
3A_SB	8	a	129	135	139	143	147	149	152	156	160	162	167	170	174	179	182
3A_SB	8	d	130	137	140	144	148	150	153	157	161	163	168	171	175	180	/
3A_SB	9	a	135	141	144	148	152	154	157	161	166	168	172	175	179	185	188
3A_SB	9	d	136	142	145	149	153	155	158	163	167	169	173	176	180	186	/
3A_SB	10	a	144	150	154	159	164	167	171	175	180	182	187	190	193	199	203
3A_SB	10	d	145	152	156	161	166	169	173	177	181	183	188	191	194	200	/
3A_SB	11	a	168	173	176	180	185	188	191	196	201	203	208	211	214	219	223
3A_SB	11	d	169	174	178	182	187	190	193	198	202	204	209	212	215	221	/
3A_SB	12	a	195	200	205	209	212	214	217	220	224	226	230	233	236	241	245
3A_SB	12	d	196	202	206	210	213	215	218	221	225	227	231	234	237	243	/
3A_SB	13	a	200	205	210	215	219	222	226	230	234	236	240	243	246	252	255
3A_SB	13	d	201	207	212	217	221	224	227	232	235	237	241	244	247	253	/
3A_SB	14	a	205	210	215	220	224	228	231	236	239	242	246	249	252	258	263
3A_SB	14	d	206	212	217	222	226	230	233	237	240	243	247	250	253	260	/
3A_SB	15	a	222	227	232	237	241	245	248	252	256	260	265	269	274	281	285
3A_SB	15	d	223	229	233	239	243	246	250	254	258	262	267	271	276	283	/
3A_SB	16	a	243	249	253	257	260	262	264	268	271	273	278	281	286	293	296
3A_SB	16	d	244	250	255	258	261	263	265	269	272	274	279	283	287	294	/
3A_SB	17	a	248	254	258	262	266	269	273	278	283	285	291	294	297	305	309
3A_SB	17	d	249	255	260	264	268	271	275	280	284	286	292	295	299	306	/
3A_SB	18	a	258	263	268	271	274	277	280	284	288	292	298	301	304	311	315
3A_SB	18	d	259	265	269	272	275	278	281	285	290	293	299	302	305	312	/
3A_SB	19	a	263	268	273	277	280	283	286	289	294	297	303	306	309	316	320
3A_SB	19	d	264	270	274	278	281	285	287	291	295	298	304	307	310	317	/
3A_SB	20	a	269	274	278	282	286	289	292	295	300	302	308	311	314	320	325
3A_SB	20	d	270	275	279	284	287	291	293	297	301	304	309	312	315	322	/
3A_SB	21	a	285	290	295	298	302	305	307	310	314	316	321	326	329	336	339
3A_SB	21	d	286	292	296	299	303	306	308	311	315	318	323	327	331	337	/
3A_SB	22	a	291	296	301	306	309	313	316	320	323	325	329	332	335	341	344
3A_SB	22	d	292	298	303	307	311	315	317	321	324	326	330	333	336	342	/
3A_SB	23	a	303	309	312	316	320	322	324	328	333	336	341	345	348	354	357
3A_SB	23	d	304	310	313	318	321	323	325	330	334	337	343	346	350	355	/
3A_SB	24	a	313	319	323	327	330	333	335	339	344	346	351	354	358	363	367
3A_SB	24	d	314	320	324	328	331	334	336	341	345	347	352	356	359	365	/
3A_SB	25	a	329	335	340	344	349	353	357	361	366	369	373	376	380	385	389
3A_SB	25	d	330	337	342	346	351	355	359	363	367	370	374	378	381	387	/
3A_SB	26	a	358	363	367	371	375	378	381	385	390	394	400	404	407	414	419
3A_SB	26	d	359	364	368	373	377	380	382	387	392	396	402	405	408	416	/
3A_SB	27	a	388	393	396	400	404	406	408	413	418	421	426	430	435	441	444
3A_SB	27	d	389	394	397	402	405	407	410	415	419	422	428	432	436	442	/
3A_SB	28	a	400	404	409	414	417	419	422	426	429	432	437	440	443	450	453
3A_SB	28	d	401	406	411	415	418	421	424	427	431	433	438	441	445	451	/
3A_SB	29	a	423	428	432	436	440	444	446	449	452	454	459	463	467	474	478
3A_SB	29	d	424	430	433	437	442	445	447	450	453	455	461	465	469	476	/
3A_SB	30	a	430	435	439	444	448	451	454	459	463	465	470	473	476	482	486
3A_SB	30	d	431	437	441	445	449	453	456	461	464	466	471	474	477	484	/
3A_SB	31	a	445	451	455	459	462	465	468	473	477	479	483	487	490	496	500
3A_SB	31	d	446	452	457	460	464	467	470	475	478	480	484	488	492	498	/
3A_SB	32	a	460	466	470	474	478	482	484	488	492	495	501	506	510	515	518
3A_SB	32	d	461	467	471	476	480	483	485	490	494	497	503	508	512	516	/
3A_NB	1	a	24	28	32	37	40	45	50	54	58	64	69	74	79	82	87	92	96
3A_NB	1	d	25	30	34	38	42	47	52	56	60	66	71	76	80	83	89	94	/
3A_NB	2	a	44	48	53	58	61	65	69	72	75	79	83	86	90	92	97	101	104
3A_NB	2	d	45	50	55	59	63	67	70	73	76	80	84	87	91	94	98	102	/
3A_NB	3	a	60	63	68	73	77	82	85	88	92	96	100	104	107	110	115	119	124
3A_NB	3	d	61	65	70	75	79	83	86	90	93	97	101	105	108	112	116	121	/
3A_NB	4	a	66	69	74	78	82	87	91	96	100	105	109	113	116	119	123	126	130
3A_NB	4	d	67	71	76	80	84	89	93	98	102	106	110	114	117	120	124	127	/
3A_NB	5	a	83	86	90	95	99	102	106	110	114	121	125	129	132	135	139	143	147
3A_NB	5	d	84	87	92	97	100	103	107	112	116	122	126	130	133	136	140	144	/
3A_NB	6	a	94	97	100	104	107	112	117	121	124	128	133	138	142	145	150	155	158
3A_NB	6	d	95	98	101	105	109	114	118	122	125	130	135	139	143	147	152	156	/
3A_NB	7	a	106	110	114	119	122	126	129	133	136	140	144	149	152	154	158	163	168
3A_NB	7	d	107	112	116	120	123	127	130	134	137	141	146	150	153	155	160	165	/
3A_NB	8	a	120	123	126	129	133	137	140	145	149	154	157	161	164	167	172	175	180
3A_NB	8	d	121	124	127	131	135	138	142	147	151	155	158	162	165	168	173	177	/
3A_NB	9	a	142	145	148	153	158	162	167	171	175	181	184	187	190	192	197	201	205
3A_NB	9	d	143	146	150	155	160	164	169	173	177	182	185	188	191	193	198	202	/
3A_NB	10	a	147	150	153	158	163	168	173	177	181	186	189	193	198	201	207	212	216
3A_NB	10	d	148	151	155	160	165	170	175	179	183	187	191	195	200	203	209	213	/
3A_NB	11	a	164	168	171	175	179	183	188	193	197	202	205	209	212	214	219	223	227
3A_NB	11	d	165	169	173	177	181	185	190	195	198	203	206	210	213	215	220	224	/
3A_NB	12	a	174	178	181	184	188	192	197	201	204	210	214	218	221	223	228	233	236
3A_NB	12	d	175	179	182	185	190	194	199	202	206	211	215	219	222	225	230	234	/
3A_NB	13	a	185	188	193	198	201	205	211	215	218	223	227	230	234	237	241	245	248
3A_NB	13	d	186	190	195	199	203	207	213	217	220	224	228	231	235	238	242	246	/
3A_NB	14	a	193	196	199	204	208	212	217	221	224	230	234	237	241	244	249	253	256
3A_NB	14	d	194	197	201	206	210	214	219	223	226	231	235	238	242	245	250	254	/
3A_NB	15	a	199	202	206	211	214	218	223	227	230	236	240	243	246	249	254	257	261
3A_NB	15	d	200	204	208	213	216	220	225	229	232	237	241	244	247	250	255	259	/
3A_NB	16	a	216	220	224	228	232	237	241	246	249	254	258	262	266	269	273	277	281
3A_NB	16	d	217	222	226	230	234	239	243	248	251	255	259	263	267	270	274	278	/
3A_NB	17	a	223	227	231	235	239	243	247	252	255	260	264	268	272	274	278	283	288
3A_NB	17	d	224	229	233	237	241	245	249	254	257	261	265	269	273	275	280	285	/
3A_NB	18	a	237	240	244	249	253	257	260	264	266	271	274	278	281	283	287	290	294
3A_NB	18	d	238	242	246	251	255	258	261	265	268	272	275	279	282	285	288	291	/
3A_NB	19	a	261	264	268	273	277	280	283	286	290	294	298	301	304	306	310	313	316
3A_NB	19	d	262	266	270	274	278	281	284	288	291	295	299	302	305	307	311	314	/
3A_NB	20	a	268	271	274	278	282	286	289	293	296	300	304	308	311	313	317	320	324
3A_NB	20	d	269	272	275	279	284	287	290	294	297	301	305	309	312	314	318	321	/
3A_NB	21	a	273	276	280	284	288	291	294	298	301	306	310	315	320	323	327	330	334
3A_NB	21	d	274	278	281	285	289	292	295	299	303	307	312	317	321	324	328	331	/
3A_NB	22	a	285	289	293	297	302	307	311	315	319	325	328	332	336	339	343	346	350
3A_NB	22	d	286	290	295	299	304	309	312	317	321	326	329	333	337	340	344	347	/
3A_NB	23	a	301	305	309	312	316	319	322	327	331	335	338	342	346	349	353	357	361
3A_NB	23	d	302	307	310	314	317	320	324	329	332	336	339	343	347	350	355	358	/
3A_NB	24	a	310	314	318	321	326	329	332	336	338	342	345	349	354	358	363	367	372
3A_NB	24	d	311	315	319	323	327	330	334	337	339	343	346	351	356	360	364	369	/
3A_NB	25	a	335	339	343	347	351	355	359	362	365	371	374	379	383	386	391	395	399
3A_NB	25	d	336	340	345	348	352	357	360	364	367	372	376	380	385	388	392	396	/
3A_NB	26	a	349	352	357	360	364	369	373	376	380	384	388	392	397	399	403	407	410
3A_NB	26	d	350	354	358	362	366	371	374	378	381	386	389	394	398	400	404	408	/
3A_NB	27	a	363	367	371	374	378	381	384	388	392	396	400	405	410	413	418	422	427
3A_NB	27	d	364	369	372	375	379	382	386	390	393	397	402	407	412	415	420	424	/
3A_NB	28	a	373	377	381	386	391	395	398	401	405	410	413	418	422	425	430	433	437
3A_NB	28	d	374	379	383	388	393	396	399	403	407	411	415	419	424	427	431	434	/
3A_NB	29	a	395	398	403	407	412	416	420	423	426	432	436	439	444	447	453	458	463
3A_NB	29	d	396	400	404	409	413	417	421	424	428	434	437	441	445	449	455	460	/
3A_NB	30	a	415	418	423	427	430	434	437	440	443	447	452	456	460	463	468	472	476
3A_NB	30	d	416	420	425	428	431	435	438	441	444	449	453	458	461	464	469	474	/
3A_NB	31	a	438	442	446	449	453	458	462	466	469	474	478	483	487	490	495	499	502
3A_NB	31	d	439	444	447	451	455	460	464	467	471	475	480	484	488	492	496	500	/
3A_NB	32	a	461	464	467	471	475	480	483	486	489	494	498	502	506	508	514	518	521
3A_NB	32	d	462	465	468	473	477	481	484	488	491	495	499	504	507	510	515	519	/
