RouteID	RunID	Arrivals/Departures	TimePerStop
1A_SB	1	a	4	7	11	21	24	29	34	38	42	45	48	51	61	64	71
1A_SB	1	d	5	9	12	22	26	30	36	39	43	46	49	52	62	65	/
1A_SB	2	a	29	33	38	46	50	53	58	63	68	71	74	78	90	94	102
1A_SB	2	d	30	35	39	47	51	54	60	65	69	72	75	79	91	95	/
1A_SB	3	a	55	60	64	73	76	79	86	91	96	100	104	107	116	121	131
1A_SB	3	d	57	61	65	74	77	81	88	93	98	102	105	109	118	123	/
1A_SB	4	a	62	67	72	82	87	91	97	100	105	109	114	118	129	133	142
1A_SB	4	d	64	69	74	84	89	93	98	102	107	111	116	120	131	134	/
1A_SB	5	a	86	91	94	104	107	110	116	119	123	126	130	134	142	145	153
1A_SB	5	d	88	92	95	105	108	111	117	120	124	127	132	135	143	147	/
1A_SB	6	a	103	107	110	118	122	125	131	134	138	142	146	151	162	166	173
1A_SB	6	d	104	108	111	120	123	126	132	135	139	143	148	153	164	168	/
1A_SB	7	a	117	121	125	134	138	142	147	150	154	157	161	165	174	179	186
1A_SB	7	d	119	123	126	135	139	143	148	151	155	158	162	166	176	180	/
1A_SB	8	a	123	128	131	140	144	148	153	156	160	164	167	171	181	184	192
1A_SB	8	d	125	129	132	141	145	149	154	157	162	165	168	173	182	186	/
1A_SB	9	a	129	134	139	148	152	156	161	164	168	172	175	179	191	194	201
1A_SB	9	d	131	136	141	149	153	157	162	165	169	173	176	181	192	195	/
1A_SB	10	a	137	141	146	154	157	161	166	170	174	178	183	187	199	202	209
1A_SB	10	d	139	143	147	155	158	162	167	171	175	180	185	189	200	203	/
1A_SB	11	a	144	148	154	162	165	168	173	177	182	185	189	192	204	208	217
1A_SB	11	d	146	150	155	163	166	169	174	179	183	186	190	194	206	210	/
1A_SB	12	a	149	153	159	167	171	174	179	183	187	190	194	198	209	214	222
1A_SB	12	d	151	155	160	168	172	175	180	184	188	191	196	200	211	215	/
1A_SB	13	a	155	159	164	173	177	180	186	190	195	199	203	207	217	221	230
1A_SB	13	d	157	160	165	174	178	181	187	192	197	201	205	208	218	223	/
1A_SB	14	a	174	179	184	193	197	201	207	211	215	218	222	226	236	240	247
1A_SB	14	d	176	181	186	195	199	203	208	212	216	220	224	227	238	241	/
1A_SB	15	a	186	190	195	206	209	212	217	222	226	230	234	237	247	250	258
1A_SB	15	d	187	192	197	207	210	213	219	223	228	231	235	238	248	252	/
1A_SB	16	a	208	211	214	224	228	232	238	241	245	249	253	257	264	267	275
1A_SB	16	d	209	212	215	225	229	233	239	242	246	251	254	258	265	268	/
1A_NB	1	a	14	23	27	38	44	48	53	58	61	67	70	74	82	85	89
1A_NB	1	d	15	25	28	40	45	50	55	59	62	68	72	75	83	86	/
1A_NB	2	a	26	35	39	47	52	57	61	66	70	77	81	85	93	98	102
1A_NB	2	d	27	37	40	48	54	58	63	68	72	78	83	86	95	99	/
1A_NB	3	a	38	48	53	61	65	68	73	77	81	86	90	93	101	105	110
1A_NB	3	d	39	50	54	62	66	70	74	79	82	87	91	94	102	107	/
1A_NB	4	a	52	62	65	75	80	84	88	93	96	101	104	109	117	120	124
1A_NB	4	d	53	63	66	76	82	86	89	94	97	102	106	110	118	121	/
1A_NB	5	a	76	86	89	100	105	109	113	118	122	129	133	136	144	148	153
1A_NB	5	d	78	87	90	101	107	111	115	120	123	131	134	137	145	149	/
1A_NB	6	a	97	106	109	120	125	129	133	138	142	148	152	156	164	168	172
1A_NB	6	d	99	107	111	121	126	130	135	140	143	149	153	157	165	169	/
1A_NB	7	a	103	114	118	128	133	137	141	145	149	157	160	164	172	176	180
1A_NB	7	d	105	116	119	129	134	139	142	147	151	158	161	166	173	177	/
1A_NB	8	a	109	120	123	133	138	143	147	151	155	162	165	169	177	181	185
1A_NB	8	d	111	121	125	134	140	145	148	153	156	163	166	171	178	182	/
1A_NB	9	a	115	125	129	138	144	149	153	157	161	168	173	178	188	194	200
1A_NB	9	d	116	127	130	139	146	151	154	159	162	170	175	180	190	196	/
1A_NB	10	a	123	134	138	146	152	156	159	163	167	175	180	185	195	199	205
1A_NB	10	d	125	136	140	147	154	157	160	165	169	177	182	187	196	201	/
1A_NB	11	a	129	140	144	152	158	162	166	171	174	181	185	190	200	204	210
1A_NB	11	d	131	142	146	154	160	164	168	172	175	183	187	192	201	206	/
1A_NB	12	a	140	149	153	161	167	170	174	178	182	188	192	197	206	211	216
1A_NB	12	d	142	151	155	163	168	171	175	180	184	190	194	199	208	213	/
1A_NB	13	a	145	154	158	166	172	176	181	187	191	196	200	203	212	217	222
1A_NB	13	d	147	156	160	168	174	178	183	189	192	198	201	205	214	219	/
1A_NB	14	a	151	161	165	173	179	182	187	192	196	203	206	209	220	224	228
1A_NB	14	d	153	163	166	175	180	184	188	194	198	204	207	210	221	225	/
1A_NB	15	a	157	167	171	179	187	190	194	197	201	208	212	215	226	229	233
1A_NB	15	d	159	169	172	181	188	191	195	199	203	210	213	216	227	230	/
1A_NB	16	a	165	175	178	188	196	200	204	207	211	217	221	225	234	237	242
1A_NB	16	d	167	176	180	190	198	201	205	209	212	219	223	227	235	239	/
2A_NB	1	a	18	21	26	31	35	40	44	48	58	63	71	74	77	80	86	89	93	97
2A_NB	1	d	19	22	28	33	36	42	46	49	60	65	72	76	78	82	88	90	95	/
2A_NB	2	a	23	26	32	37	40	46	50	54	64	69	77	79	82	86	91	94	99	102
2A_NB	2	d	24	28	34	38	42	47	52	55	66	71	78	81	84	87	93	96	100	/
2A_NB	3	a	34	37	43	48	52	57	61	64	74	79	86	88	90	94	100	102	106	109
2A_NB	3	d	35	39	45	50	53	58	62	65	76	81	87	89	91	96	101	103	107	/
2A_NB	4	a	50	53	60	63	66	73	77	80	89	94	100	103	106	111	116	118	122	127
2A_NB	4	d	51	55	61	64	68	75	78	82	91	95	101	104	108	112	117	119	124	/
2A_NB	5	a	72	75	81	84	88	93	97	100	108	113	119	121	125	128	133	135	140	145
2A_NB	5	d	73	77	82	86	89	94	98	101	110	115	120	123	126	129	134	137	142	/
2A_NB	6	a	82	85	90	93	96	103	108	112	122	127	132	135	139	142	147	149	154	158
2A_NB	6	d	83	86	91	94	98	105	109	113	124	128	134	137	140	143	148	151	156	/
2A_NB	7	a	98	101	108	111	115	121	126	129	137	141	148	152	155	158	163	166	170	174
2A_NB	7	d	99	103	109	113	117	123	127	130	138	143	150	153	156	159	164	168	171	/
2A_NB	8	a	105	108	113	117	120	127	132	135	144	149	155	158	162	166	172	175	178	182
2A_NB	8	d	106	109	115	118	122	129	133	137	146	150	156	160	164	167	174	176	179	/
2A_NB	9	a	118	121	128	132	137	143	147	151	162	166	172	174	178	181	188	191	195	199
2A_NB	9	d	119	123	130	134	139	145	149	153	163	168	173	176	179	182	190	192	197	/
2A_NB	10	a	135	139	145	148	153	160	164	169	177	182	188	191	195	199	208	210	215	219
2A_NB	10	d	136	140	146	150	155	162	166	171	179	184	189	193	197	201	209	212	217	/
2A_NB	11	a	151	155	160	164	168	175	180	185	194	198	204	207	210	215	220	222	226	229
2A_NB	11	d	152	156	161	166	170	177	182	186	195	200	206	208	212	216	221	223	227	/
2A_NB	12	a	166	170	175	180	184	191	195	199	207	212	218	220	222	226	232	235	238	242
2A_NB	12	d	167	172	177	181	186	192	197	201	209	213	219	221	223	228	233	236	240	/
2A_NB	13	a	176	180	185	189	194	199	203	206	213	217	224	227	231	235	240	243	246	249
2A_NB	13	d	177	181	187	191	195	200	204	207	214	219	226	229	232	236	242	244	247	/
2A_NB	14	a	196	200	206	210	213	220	224	229	237	241	247	250	253	259	265	268	273	277
2A_NB	14	d	197	201	208	211	214	221	226	230	239	243	248	251	255	261	266	270	275	/
2A_NB	15	a	211	214	220	223	227	234	238	242	252	256	262	264	267	273	279	281	286	290
2A_NB	15	d	212	216	221	225	229	235	239	243	253	258	263	266	269	274	280	283	287	/
2A_NB	16	a	236	240	247	251	255	260	264	267	277	281	286	289	291	295	303	305	310	314
2A_NB	16	d	237	242	249	252	256	262	265	268	279	283	288	290	292	297	304	307	311	/
2A_SB	1	a	20	25	28	32	38	41	44	49	52	59	64	68	72	76	82	86	91	95
2A_SB	1	d	21	26	30	34	39	42	46	50	54	61	65	70	73	78	83	88	93	/
2A_SB	2	a	46	49	53	56	61	65	68	73	77	82	87	93	97	101	107	110	114	117
2A_SB	2	d	47	51	54	57	63	66	69	75	78	84	89	95	99	103	108	111	115	/
2A_SB	3	a	61	65	67	70	75	78	81	85	88	93	99	105	109	112	117	120	123	126
2A_SB	3	d	63	66	68	71	76	79	82	86	89	95	101	107	110	113	118	121	124	/
2A_SB	4	a	74	77	81	85	91	93	96	99	102	107	110	116	119	123	130	134	138	142
2A_SB	4	d	75	79	83	86	92	94	97	100	103	108	111	117	120	125	132	136	140	/
2A_SB	5	a	87	91	94	97	103	105	109	112	116	121	125	131	134	138	143	146	149	152
2A_SB	5	d	89	92	95	98	104	107	110	113	117	122	127	132	135	139	144	147	150	/
2A_SB	6	a	92	96	100	104	111	114	118	121	124	131	136	141	144	148	153	157	161	164
2A_SB	6	d	94	98	102	106	113	116	119	122	126	133	138	142	145	149	154	158	162	/
2A_SB	7	a	99	103	106	110	117	119	123	126	129	136	141	146	150	154	161	165	169	173
2A_SB	7	d	101	104	108	112	118	121	124	127	131	138	143	148	151	156	162	166	171	/
2A_SB	8	a	110	114	116	119	124	126	129	132	136	141	146	151	155	159	166	170	175	179
2A_SB	8	d	112	115	117	120	125	127	130	134	138	143	148	153	156	161	168	172	177	/
2A_SB	9	a	121	125	128	131	136	138	141	145	148	152	156	161	164	167	172	175	180	184
2A_SB	9	d	123	127	129	132	137	139	142	146	149	154	157	162	165	168	173	177	182	/
2A_SB	10	a	127	130	133	136	141	143	146	151	155	160	163	169	172	175	180	184	189	193
2A_SB	10	d	128	132	134	137	142	144	148	152	156	161	165	170	173	176	182	186	191	/
2A_SB	11	a	132	135	138	143	148	150	154	158	162	167	171	176	179	184	189	192	196	200
2A_SB	11	d	133	137	140	144	149	151	155	159	163	169	172	177	181	185	190	193	198	/
2A_SB	12	a	139	142	145	149	156	158	162	166	170	176	179	186	191	195	201	204	208	212
2A_SB	12	d	140	144	146	151	157	159	163	167	171	177	181	188	192	196	202	205	210	/
2A_SB	13	a	148	151	154	157	163	165	169	173	177	184	187	194	198	202	208	211	216	219
2A_SB	13	d	149	152	155	158	164	167	171	174	179	185	189	196	199	203	209	213	217	/
2A_SB	14	a	159	164	168	171	177	179	183	186	189	195	198	204	207	211	217	220	224	228
2A_SB	14	d	161	166	169	172	178	180	184	187	190	196	199	205	208	213	218	221	226	/
2A_SB	15	a	164	169	173	176	182	185	189	192	195	203	207	213	217	221	226	230	234	238
2A_SB	15	d	166	171	174	177	183	186	190	193	197	205	208	215	218	222	227	232	236	/
2A_SB	16	a	177	182	185	188	194	196	200	203	207	215	220	227	232	236	242	247	250	254
2A_SB	16	d	179	183	186	189	195	197	201	204	209	217	222	229	234	238	244	248	252	/
3A_SB	1	a	4	9	13	18	21	24	28	32	35	38	42	44	49	53	58	64	69
3A_SB	1	d	5	10	14	19	22	25	29	33	36	39	43	45	50	54	59	66	/
3A_SB	2	a	26	30	34	39	42	46	51	54	58	62	65	67	72	76	80	85	88
3A_SB	2	d	27	31	35	40	44	47	52	55	60	63	66	68	73	78	81	86	/
3A_SB	3	a	40	44	49	55	59	63	67	70	73	78	82	84	89	93	96	101	105
3A_SB	3	d	41	46	51	57	60	64	68	71	75	79	83	85	90	94	97	103	/
3A_SB	4	a	57	62	66	71	74	79	83	87	92	95	99	101	105	109	114	119	122
3A_SB	4	d	58	64	67	72	76	80	84	89	93	96	100	102	106	111	115	120	/
3A_SB	5	a	63	68	72	78	82	86	91	94	98	102	107	109	112	116	120	124	127
3A_SB	5	d	64	70	74	79	83	88	92	96	100	104	108	110	113	117	121	125	/
3A_SB	6	a	75	81	86	92	97	101	105	109	113	117	120	123	127	131	134	139	144
3A_SB	6	d	76	83	87	94	98	103	107	111	114	118	121	124	128	132	135	141	/
3A_SB	7	a	86	92	96	104	108	112	117	121	125	129	133	136	140	143	146	151	154
3A_SB	7	d	87	94	98	106	109	114	119	123	126	131	134	137	141	144	147	152	/
3A_SB	8	a	98	105	110	116	120	123	126	130	133	137	140	142	146	149	152	159	162
3A_SB	8	d	99	107	112	118	121	124	127	131	135	138	141	143	147	150	154	160	/
3A_SB	9	a	109	115	120	126	129	133	136	142	146	149	153	156	160	163	166	171	174
3A_SB	9	d	110	117	121	127	131	134	138	144	147	150	154	157	161	164	167	172	/
3A_SB	10	a	132	139	142	148	151	155	159	163	167	171	174	176	180	183	187	193	197
3A_SB	10	d	133	140	143	149	152	156	160	164	168	172	175	177	181	184	188	194	/
3A_SB	11	a	137	143	147	153	156	160	165	170	173	177	180	183	188	191	196	201	206
3A_SB	11	d	138	145	148	154	157	162	167	171	174	178	181	184	189	193	197	203	/
3A_SB	12	a	144	150	154	162	165	169	173	177	180	184	187	190	195	199	204	210	213
3A_SB	12	d	145	151	156	163	166	170	174	178	181	185	188	191	196	200	206	211	/
3A_SB	13	a	149	154	159	167	170	174	178	182	185	190	193	196	201	205	210	216	219
3A_SB	13	d	150	156	161	168	171	175	180	183	187	191	195	197	202	206	211	217	/
3A_SB	14	a	157	162	167	173	177	181	184	187	190	195	199	201	206	210	214	221	224
3A_SB	14	d	158	164	169	175	178	182	185	188	192	197	200	202	207	211	216	222	/
3A_SB	15	a	164	170	175	180	184	188	191	194	197	201	204	206	212	215	219	226	231
3A_SB	15	d	165	172	176	181	185	189	192	195	198	202	205	208	213	216	221	228	/
3A_SB	16	a	170	176	181	187	191	195	198	202	205	209	212	215	220	224	228	233	237
3A_SB	16	d	171	178	182	188	192	196	199	203	206	210	213	216	222	226	229	234	/
3A_NB	1	a	14	17	21	24	28	33	37	40	43	48	53	55	57	61	66	69	72	75
3A_NB	1	d	15	19	22	26	30	34	38	41	45	50	54	56	58	63	67	70	73	/
3A_NB	2	a	30	33	37	41	46	49	53	56	60	65	69	72	74	77	80	83	87	91
3A_NB	2	d	31	35	38	43	47	51	55	57	61	66	70	73	75	78	81	84	89	/
3A_NB	3	a	48	52	56	60	64	69	73	77	82	87	91	93	96	100	103	106	110	114
3A_NB	3	d	49	54	58	62	66	71	75	79	83	88	92	94	97	101	104	107	111	/
3A_NB	4	a	54	58	62	66	70	75	79	83	87	92	97	100	103	107	111	114	119	123
3A_NB	4	d	55	60	63	68	72	76	81	84	88	94	99	101	105	109	112	116	120	/
3A_NB	5	a	61	65	69	73	76	81	86	89	93	99	103	107	109	113	117	121	124	128
3A_NB	5	d	62	67	70	74	77	83	87	90	94	100	105	108	111	115	119	122	125	/
3A_NB	6	a	81	85	89	94	99	103	106	108	113	120	124	127	130	134	139	143	147	152
3A_NB	6	d	82	87	91	96	100	104	107	110	115	121	125	129	131	136	140	145	149	/
3A_NB	7	a	89	93	97	102	107	110	114	117	121	127	131	134	137	142	147	151	154	157
3A_NB	7	d	90	95	99	104	108	111	116	118	122	128	132	136	139	144	148	152	155	/
3A_NB	8	a	97	101	104	109	114	117	121	124	129	135	139	142	144	149	152	156	159	162
3A_NB	8	d	98	102	106	111	115	118	123	126	130	136	140	143	146	150	153	157	160	/
3A_NB	9	a	110	114	118	124	127	131	135	137	142	149	154	157	159	162	165	168	172	177
3A_NB	9	d	111	116	120	125	129	132	136	139	144	151	156	158	160	163	166	169	174	/
3A_NB	10	a	123	127	130	135	139	143	146	148	153	158	162	164	166	170	173	177	182	185
3A_NB	10	d	124	128	131	137	140	144	147	150	154	159	163	165	168	171	175	179	183	/
3A_NB	11	a	148	152	157	162	166	171	175	178	182	186	190	193	196	199	203	206	210	213
3A_NB	11	d	149	154	159	164	168	173	177	179	183	187	191	194	197	200	204	207	211	/
3A_NB	12	a	156	159	164	169	174	178	181	183	187	191	195	198	202	205	210	214	217	220
3A_NB	12	d	157	161	166	171	175	179	182	184	188	192	196	200	203	207	212	215	218	/
3A_NB	13	a	181	185	189	193	197	201	204	207	212	218	222	224	226	229	232	236	240	244
3A_NB	13	d	182	186	190	194	198	202	206	209	213	219	223	225	227	230	234	238	242	/
3A_NB	14	a	186	190	194	199	204	208	212	214	217	224	227	231	233	236	239	243	247	251
3A_NB	14	d	187	191	196	201	205	210	213	215	219	225	229	232	234	237	240	244	249	/
3A_NB	15	a	214	218	223	227	231	236	240	243	247	253	256	260	262	265	269	273	276	281
3A_NB	15	d	215	220	224	229	233	238	241	244	248	254	258	261	263	267	270	274	278	/
3A_NB	16	a	238	241	245	249	252	256	259	262	267	273	276	279	282	285	289	294	299	304
3A_NB	16	d	239	242	247	250	253	257	260	264	268	274	277	281	283	287	291	296	301	/
