RouteID	RunID	Arrivals/Departures	TimePerStop
1A_SB	1	a	19	26	38	43	46	49	55	60	66	70	74	84	90	94
1A_SB	1	d	20	28	40	44	47	51	57	62	68	71	75	86	92	/
1A_SB	2	a	42	47	55	59	64	67	74	77	84	87	92	105	111	116
1A_SB	2	d	43	48	56	61	65	69	75	79	85	89	93	107	113	/
1A_SB	3	a	60	65	74	78	82	86	91	94	99	103	108	118	123	127
1A_SB	3	d	61	67	76	80	84	87	92	95	100	105	109	119	124	/
1A_SB	4	a	72	77	85	88	91	94	100	104	109	112	116	126	131	135
1A_SB	4	d	73	78	86	89	92	95	102	105	110	113	117	127	132	/
1A_SB	5	a	77	82	90	94	97	100	107	112	118	122	126	136	143	146
1A_SB	5	d	78	83	91	95	98	102	109	114	120	123	127	138	144	/
1A_SB	6	a	82	87	95	100	104	109	114	118	123	127	132	142	148	153
1A_SB	6	d	83	88	97	102	106	110	115	119	125	129	133	143	150	/
1A_SB	7	a	86	92	101	106	109	114	119	124	130	133	138	148	153	158
1A_SB	7	d	88	94	103	107	111	115	121	125	131	135	140	150	155	/
1A_SB	8	a	95	102	110	113	116	120	126	131	138	142	146	156	161	166
1A_SB	8	d	97	103	111	114	117	121	128	133	139	143	148	158	163	/
1A_SB	9	a	104	110	118	121	125	129	135	138	143	148	152	161	166	170
1A_SB	9	d	106	111	119	122	126	130	136	139	145	149	154	163	168	/
1A_SB	10	a	113	119	127	131	135	138	144	147	152	157	162	171	177	180
1A_SB	10	d	115	120	128	132	136	139	145	148	154	159	164	173	178	/
1A_SB	11	a	119	126	134	139	144	147	153	157	163	167	171	180	184	188
1A_SB	11	d	121	127	136	141	145	148	155	158	165	169	172	181	186	/
1A_SB	12	a	130	137	148	152	155	158	165	169	174	177	180	188	193	196
1A_SB	12	d	132	139	149	153	156	160	167	170	175	178	181	190	194	/
1A_SB	13	a	135	143	154	158	162	165	170	174	180	183	187	196	202	206
1A_SB	13	d	137	145	155	160	163	167	172	176	181	185	189	198	203	/
1A_SB	14	a	161	166	175	178	181	186	191	196	201	205	209	219	226	231
1A_SB	14	d	162	168	176	179	183	187	193	198	203	207	210	221	227	/
1A_SB	15	a	167	174	182	185	188	192	197	201	206	210	215	226	234	240
1A_SB	15	d	169	175	183	186	189	193	199	203	208	212	217	228	236	/
1A_SB	16	a	190	197	204	207	211	215	222	227	232	236	240	248	253	257
1A_SB	16	d	192	198	205	209	213	217	224	228	234	238	242	249	254	/
1A_NB	1	a	11	16	21	28	34	38	43	46	52	56	60	63	71	77
1A_NB	1	d	12	17	23	29	35	39	44	47	53	57	61	65	73	/
1A_NB	2	a	26	30	35	43	49	54	59	63	70	74	78	82	88	94
1A_NB	2	d	27	31	37	45	51	56	60	65	71	75	80	83	89	/
1A_NB	3	a	33	38	43	50	55	60	65	70	76	80	84	88	95	100
1A_NB	3	d	34	39	44	51	57	61	67	71	77	81	86	90	96	/
1A_NB	4	a	40	45	52	60	67	70	76	79	84	89	92	95	101	106
1A_NB	4	d	41	47	53	62	68	72	77	80	86	90	93	96	102	/
1A_NB	5	a	51	56	63	69	76	79	83	86	92	96	100	103	109	116
1A_NB	5	d	52	58	64	71	77	80	84	88	93	98	101	104	111	/
1A_NB	6	a	56	61	68	75	80	84	89	92	99	104	107	111	119	125
1A_NB	6	d	57	63	70	76	82	86	90	94	101	105	108	112	121	/
1A_NB	7	a	62	67	73	81	86	90	96	99	105	109	112	117	125	131
1A_NB	7	d	63	68	75	82	88	92	97	100	106	110	114	118	127	/
1A_NB	8	a	68	73	80	87	92	96	102	106	112	116	120	125	134	140
1A_NB	8	d	69	75	81	88	94	98	104	107	113	118	122	126	135	/
1A_NB	9	a	98	102	107	114	121	124	129	133	140	143	146	150	158	164
1A_NB	9	d	99	103	109	116	122	125	131	134	141	144	147	152	160	/
1A_NB	10	a	120	125	131	138	143	148	154	157	164	168	173	177	186	193
1A_NB	10	d	122	126	133	139	145	150	155	159	165	170	175	179	188	/
1A_NB	11	a	135	141	148	155	161	165	171	175	183	188	191	194	200	205
1A_NB	11	d	137	142	150	157	163	166	172	177	185	189	192	195	201	/
1A_NB	12	a	143	149	156	163	169	174	180	183	189	194	199	202	208	214
1A_NB	12	d	145	151	158	165	171	175	181	184	191	196	200	203	210	/
1A_NB	13	a	168	172	178	186	193	197	204	208	215	218	221	225	234	240
1A_NB	13	d	170	173	180	188	195	199	205	209	216	219	223	227	235	/
1A_NB	14	a	190	195	200	208	215	219	226	229	236	239	244	247	255	262
1A_NB	14	d	192	196	201	210	216	220	227	230	237	241	245	248	257	/
1A_NB	15	a	215	219	225	232	238	242	248	252	258	262	267	271	279	286
1A_NB	15	d	216	220	227	234	239	243	249	253	259	264	269	273	280	/
1A_NB	16	a	234	238	245	254	260	263	270	275	281	285	289	293	300	307
1A_NB	16	d	235	240	247	255	261	265	272	277	282	287	291	294	301	/
2A_NB	1	a	4	8	11	18	21	25	31	34	37	47	55	57	60	64	68	71	75	78	81	86	89	93	96	102
2A_NB	1	d	5	9	13	19	22	27	32	35	38	49	56	58	62	65	69	72	76	79	83	87	90	94	97	/
2A_NB	2	a	10	14	18	23	27	31	36	39	43	53	60	63	66	69	74	77	80	84	87	91	96	101	104	111
2A_NB	2	d	11	15	19	25	28	33	37	41	44	54	62	64	67	71	75	78	82	85	88	93	98	102	106	/
2A_NB	3	a	20	25	29	34	36	40	44	48	52	62	67	69	72	75	79	83	86	89	94	98	103	107	111	117
2A_NB	3	d	21	26	30	35	37	41	45	49	54	63	68	70	73	77	81	84	87	91	95	100	104	109	112	/
2A_NB	4	a	26	31	35	41	43	48	53	57	62	71	77	79	82	85	89	93	97	100	104	108	112	115	119	126
2A_NB	4	d	27	32	37	42	45	49	54	59	63	73	78	81	83	87	91	95	99	101	105	109	113	117	120	/
2A_NB	5	a	34	38	42	48	51	56	61	65	69	79	85	87	89	92	95	99	103	106	110	115	119	122	125	132
2A_NB	5	d	35	39	44	50	53	57	62	66	71	80	86	88	90	93	97	101	105	108	112	116	120	123	126	/
2A_NB	6	a	46	49	54	59	62	67	71	76	80	90	98	100	104	107	111	115	118	120	124	129	133	136	139	146
2A_NB	6	d	47	51	55	61	64	68	73	78	81	92	99	102	105	109	113	116	119	121	126	130	134	137	141	/
2A_NB	7	a	53	57	61	67	69	74	79	83	86	97	104	106	110	113	116	120	125	128	133	137	141	145	148	156
2A_NB	7	d	55	58	63	68	71	75	80	84	88	98	105	108	111	114	118	122	126	130	135	138	143	146	150	/
2A_NB	8	a	59	63	68	74	78	82	88	92	96	105	110	113	117	120	125	128	133	136	141	144	149	152	156	163
2A_NB	8	d	61	65	70	76	79	84	89	93	97	106	112	115	118	122	126	130	135	138	142	146	150	154	157	/
2A_NB	9	a	69	73	77	82	86	90	95	99	104	113	119	122	125	129	133	137	140	143	148	151	155	158	161	168
2A_NB	9	d	71	74	78	84	87	91	96	101	106	115	121	123	126	130	135	138	142	145	149	152	156	159	162	/
2A_NB	10	a	77	81	86	92	95	98	104	107	111	119	125	128	132	137	140	143	147	150	155	160	165	169	173	182
2A_NB	10	d	79	82	88	93	96	100	105	109	112	121	127	130	134	138	141	145	149	152	157	162	167	171	175	/
2A_NB	11	a	98	103	107	112	116	120	127	131	134	141	148	152	156	160	164	167	170	173	177	181	186	189	193	201
2A_NB	11	d	100	104	108	114	118	122	128	132	136	143	150	154	158	162	165	168	172	174	178	183	187	191	195	/
2A_NB	12	a	124	128	132	138	140	143	150	154	157	164	171	174	177	182	186	190	193	195	199	203	207	211	216	224
2A_NB	12	d	125	129	134	139	141	145	151	155	158	166	173	176	179	184	188	191	194	197	201	204	209	212	218	/
2A_NB	13	a	139	143	148	152	156	159	164	168	171	180	186	188	191	194	198	201	204	207	211	215	220	223	228	236
2A_NB	13	d	140	145	149	154	157	160	166	169	172	181	187	189	192	195	200	202	205	209	213	217	221	224	230	/
2A_NB	14	a	158	161	165	171	174	178	183	187	191	200	206	209	212	215	219	223	228	230	233	237	242	246	250	257
2A_NB	14	d	159	162	167	173	176	179	184	188	193	201	208	210	213	217	221	225	229	231	234	239	243	248	252	/
2A_NB	15	a	170	173	177	182	184	187	193	198	203	212	220	224	228	232	237	241	245	248	253	257	262	266	271	279
2A_NB	15	d	171	174	178	183	185	188	195	200	204	214	222	226	230	234	239	242	247	250	255	259	264	268	273	/
2A_NB	16	a	195	198	203	208	210	213	218	222	227	237	244	246	250	254	257	261	265	268	272	276	280	283	287	296
2A_NB	16	d	196	200	204	209	211	214	220	224	228	239	245	248	251	255	259	263	266	270	273	278	281	285	289	/
2A_SB	1	a	4	11	17	21	24	28	30	33	37	40	44	47	51	54	58	66	74	78	81	86	89	94	97	100	110
2A_SB	1	d	5	12	19	22	26	29	31	34	38	41	45	49	52	55	59	68	75	79	82	87	91	95	98	101	/
2A_SB	2	a	17	23	28	31	36	40	43	48	52	57	61	63	66	70	75	82	88	92	96	102	105	110	114	117	129
2A_SB	2	d	18	24	29	33	38	41	45	49	54	58	62	64	68	72	76	83	89	93	97	103	106	111	115	118	/
2A_SB	3	a	28	34	41	45	49	53	57	62	66	71	76	79	82	86	89	98	103	108	113	119	121	126	131	135	144
2A_SB	3	d	29	36	43	47	51	55	59	63	68	73	78	80	83	87	91	99	105	110	114	120	122	128	132	136	/
2A_SB	4	a	43	47	55	60	65	68	71	75	78	82	85	87	91	94	98	106	111	115	119	124	126	132	136	140	150
2A_SB	4	d	44	49	57	62	67	70	73	76	79	83	86	89	92	95	99	107	112	116	120	125	128	133	137	142	/
2A_SB	5	a	48	53	60	65	70	73	76	81	84	88	91	94	97	100	104	112	117	121	125	130	132	137	142	146	156
2A_SB	5	d	49	54	62	67	72	75	78	82	85	89	93	95	98	101	105	113	118	122	126	131	133	139	143	148	/
2A_SB	6	a	66	70	76	80	83	86	88	92	95	98	101	104	107	110	113	121	126	130	134	140	143	149	153	157	168
2A_SB	6	d	67	71	77	81	84	87	89	93	96	99	103	105	108	111	114	122	127	131	135	142	145	150	154	159	/
2A_SB	7	a	77	82	89	93	97	99	102	106	110	114	117	119	122	125	129	138	144	147	151	157	159	164	167	170	180
2A_SB	7	d	78	84	91	95	98	100	103	107	111	115	118	120	123	126	130	139	145	148	152	158	160	165	168	171	/
2A_SB	8	a	83	88	94	98	102	104	107	110	115	120	123	125	128	131	135	144	150	153	156	162	164	169	172	175	185
2A_SB	8	d	84	89	96	100	103	105	108	112	117	121	124	126	129	132	136	145	151	154	157	163	165	170	173	176	/
2A_SB	9	a	94	99	105	109	113	115	118	121	125	128	131	133	136	139	142	152	159	162	165	173	176	181	184	188	199
2A_SB	9	d	95	100	106	110	114	116	119	122	126	129	132	134	137	140	144	154	160	163	166	174	177	182	186	189	/
2A_SB	10	a	98	104	110	114	118	120	123	126	130	133	136	139	143	146	150	157	164	167	171	179	182	186	189	193	204
2A_SB	10	d	100	105	111	115	119	121	124	127	131	134	137	140	144	148	152	159	165	168	172	181	183	187	191	194	/
2A_SB	11	a	107	114	120	123	126	128	131	134	138	141	145	148	152	155	159	165	172	175	179	185	187	191	194	198	208
2A_SB	11	d	109	115	121	124	127	129	132	135	139	142	146	149	153	156	160	166	173	176	180	186	188	192	196	199	/
2A_SB	12	a	112	119	125	129	133	137	139	142	146	149	153	155	158	161	165	171	178	181	184	190	192	196	201	205	215
2A_SB	12	d	114	121	127	131	135	138	140	143	147	150	154	156	159	162	166	172	179	182	185	191	193	198	203	206	/
2A_SB	13	a	117	124	130	134	138	142	144	147	151	155	159	161	164	167	171	177	184	188	191	197	200	205	210	214	225
2A_SB	13	d	119	126	132	136	140	143	145	148	152	156	160	162	165	168	172	178	185	189	192	198	202	207	212	216	/
2A_SB	14	a	123	130	136	140	144	148	152	156	160	164	168	170	173	176	180	188	196	200	203	210	213	217	222	226	236
2A_SB	14	d	125	132	137	142	146	150	154	157	161	165	169	171	174	177	181	190	198	201	205	211	214	219	224	228	/
2A_SB	15	a	143	149	155	158	162	165	167	170	174	178	182	184	187	190	193	202	210	215	219	224	228	232	235	240	251
2A_SB	15	d	144	150	156	160	163	166	168	171	175	179	183	185	188	191	195	204	212	217	220	226	229	233	237	241	/
2A_SB	16	a	152	158	165	169	173	175	177	180	183	187	191	193	196	199	203	211	218	222	226	233	237	242	247	250	261
2A_SB	16	d	153	160	167	170	174	176	178	181	184	188	192	194	197	200	204	213	219	224	228	235	239	244	248	251	/
3A_SB	1	a	26	31	35	39	43	46	48	51	56	58	64	69	73	79	82
3A_SB	1	d	27	33	36	41	45	47	49	53	57	60	66	71	75	80	/
3A_SB	2	a	51	55	58	62	66	70	73	76	79	81	85	88	91	96	99
3A_SB	2	d	52	56	59	64	68	71	74	77	80	82	86	89	92	97	/
3A_SB	3	a	63	67	71	75	79	82	85	89	94	96	101	104	107	113	116
3A_SB	3	d	64	68	72	77	80	83	87	91	95	97	102	105	108	114	/
3A_SB	4	a	77	82	87	91	95	97	100	105	109	112	116	119	122	128	132
3A_SB	4	d	78	84	88	93	96	98	102	106	110	113	117	120	123	130	/
3A_SB	5	a	87	92	95	100	103	105	108	113	118	121	125	128	131	137	140
3A_SB	5	d	88	93	96	101	104	106	110	115	119	122	126	129	132	138	/
3A_SB	6	a	95	101	104	108	111	113	117	121	125	128	132	136	140	147	151
3A_SB	6	d	96	102	105	109	112	115	118	123	126	129	134	138	142	149	/
3A_SB	7	a	102	108	111	116	120	122	125	128	132	135	140	143	147	154	159
3A_SB	7	d	103	109	113	118	121	124	126	130	133	137	141	145	149	156	/
3A_SB	8	a	121	127	130	133	136	138	141	145	149	151	155	159	163	170	174
3A_SB	8	d	122	128	131	134	137	139	142	146	150	152	156	161	165	172	/
3A_SB	9	a	129	135	139	143	148	152	154	159	164	166	171	175	178	184	188
3A_SB	9	d	130	137	141	145	150	153	156	161	165	167	172	176	179	185	/
3A_SB	10	a	138	144	148	151	155	158	160	165	169	171	176	180	183	189	193
3A_SB	10	d	139	146	149	152	156	159	162	167	170	172	177	181	184	190	/
3A_SB	11	a	147	153	158	162	166	168	170	173	176	178	183	186	189	195	199
3A_SB	11	d	148	155	159	163	167	169	171	174	177	179	184	187	190	196	/
3A_SB	12	a	153	159	163	167	171	173	176	180	184	186	191	194	197	203	208
3A_SB	12	d	154	160	164	168	172	175	178	182	185	187	192	195	198	205	/
3A_SB	13	a	166	171	175	180	183	185	189	192	196	199	204	207	211	217	221
3A_SB	13	d	167	172	177	181	184	187	190	194	198	200	205	209	212	218	/
3A_SB	14	a	177	182	185	189	193	197	200	204	207	209	215	218	222	228	232
3A_SB	14	d	178	183	187	191	195	199	201	205	208	210	216	219	223	230	/
3A_SB	15	a	193	198	202	206	210	212	215	219	223	225	230	234	237	243	247
3A_SB	15	d	194	199	203	207	211	213	216	220	224	226	232	235	238	244	/
3A_SB	16	a	204	208	212	217	222	224	228	233	238	242	246	250	254	262	265
3A_SB	16	d	205	209	214	219	223	226	230	235	240	243	247	252	256	263	/
3A_NB	1	a	22	26	31	35	39	43	47	51	55	62	68	72	77	81	86	90	93
3A_NB	1	d	23	28	33	37	41	45	49	53	57	64	70	74	79	83	88	91	/
3A_NB	2	a	41	44	48	52	57	62	67	71	75	81	84	87	91	94	98	102	106
3A_NB	2	d	42	46	50	54	59	64	69	73	77	82	85	88	92	95	99	104	/
3A_NB	3	a	54	58	61	66	71	75	80	85	89	94	97	101	105	107	111	115	119
3A_NB	3	d	55	59	63	68	73	77	82	87	91	95	98	102	106	108	112	117	/
3A_NB	4	a	62	66	70	75	80	85	90	94	98	103	106	110	114	116	120	124	128
3A_NB	4	d	63	68	72	77	82	87	92	96	100	104	107	111	115	117	121	125	/
3A_NB	5	a	74	78	82	85	90	94	98	102	105	109	113	118	122	125	129	133	137
3A_NB	5	d	75	79	83	87	92	96	100	103	106	110	115	120	123	126	130	135	/
3A_NB	6	a	86	90	93	96	100	104	108	112	114	118	122	126	129	132	136	140	143
3A_NB	6	d	87	91	94	98	102	106	109	113	115	120	123	127	130	133	137	141	/
3A_NB	7	a	97	101	104	108	112	117	120	125	129	134	138	143	146	149	154	157	160
3A_NB	7	d	98	102	106	110	114	118	122	127	131	135	140	144	148	150	155	158	/
3A_NB	8	a	102	106	110	114	118	122	127	131	135	141	145	149	153	157	162	165	168
3A_NB	8	d	103	108	112	116	120	124	128	133	137	142	146	150	155	158	163	166	/
3A_NB	9	a	113	116	120	123	126	130	135	140	143	148	152	156	160	163	168	172	176
3A_NB	9	d	114	118	121	124	128	132	137	141	144	149	153	157	161	164	169	174	/
3A_NB	10	a	118	121	125	129	133	137	141	146	150	155	159	163	167	170	175	179	184
3A_NB	10	d	119	123	127	131	135	138	143	148	152	156	160	165	168	171	176	181	/
3A_NB	11	a	142	145	149	153	157	160	164	167	171	176	180	184	188	191	196	200	203
3A_NB	11	d	143	147	151	154	158	162	165	169	173	177	181	185	189	192	197	201	/
3A_NB	12	a	155	157	160	163	167	170	173	177	181	186	189	193	197	199	203	207	210
3A_NB	12	d	156	158	161	165	168	171	175	179	182	187	190	194	198	200	204	208	/
3A_NB	13	a	165	168	171	174	178	183	188	191	194	198	202	205	209	212	216	220	224
3A_NB	13	d	166	169	172	176	180	185	189	192	195	199	203	206	210	213	217	221	/
3A_NB	14	a	172	175	178	181	186	190	194	199	203	208	212	216	220	223	227	230	235
3A_NB	14	d	173	176	179	183	187	191	196	201	205	209	213	217	221	224	228	232	/
3A_NB	15	a	180	183	187	190	195	199	203	207	211	215	219	223	227	231	236	239	243
3A_NB	15	d	181	185	188	192	196	201	204	209	212	216	220	224	229	232	237	240	/
3A_NB	16	a	192	195	200	204	207	211	214	219	222	227	231	236	240	243	250	254	257
3A_NB	16	d	193	197	202	205	208	212	216	220	224	228	233	238	242	245	251	255	/
