RouteID	RunID	Arrivals/Departures	TimePerStop
1A_SB	1	a	4	7	11	21	24	28	34	37	41	44	48	51	62	66	74
1A_SB	1	d	5	9	12	22	25	30	35	38	42	46	49	53	64	68	/
1A_SB	2	a	28	32	37	45	50	53	59	63	67	71	75	80	92	96	105
1A_SB	2	d	29	34	38	47	51	55	60	64	69	73	77	81	93	98	/
1A_SB	3	a	54	58	63	72	76	80	87	92	97	101	105	108	117	122	131
1A_SB	3	d	55	60	64	74	78	82	89	94	99	103	106	110	119	123	/
1A_SB	4	a	62	67	72	82	86	90	96	99	103	106	111	114	123	127	137
1A_SB	4	d	64	69	74	83	88	92	97	100	104	108	112	116	125	129	/
1A_SB	5	a	78	83	88	99	102	105	111	114	118	121	125	128	138	141	148
1A_SB	5	d	80	85	90	100	103	106	112	115	119	122	126	129	139	142	/
1A_SB	6	a	86	91	94	104	107	110	116	119	123	126	130	134	142	146	153
1A_SB	6	d	88	92	95	105	108	111	117	120	124	127	132	135	144	147	/
1A_SB	7	a	101	105	108	117	120	124	131	134	138	142	146	151	162	166	173
1A_SB	7	d	102	106	110	118	122	126	132	135	139	143	148	153	164	168	/
1A_SB	8	a	117	121	125	134	138	142	147	150	154	157	161	165	174	178	184
1A_SB	8	d	119	123	126	135	139	143	148	151	155	158	162	166	175	179	/
1A_SB	9	a	125	130	134	143	147	151	156	159	163	166	169	174	183	186	193
1A_SB	9	d	127	132	136	144	148	152	157	160	164	167	171	175	184	187	/
1A_SB	10	a	130	135	140	148	152	156	161	164	168	172	175	179	190	193	200
1A_SB	10	d	132	137	141	149	153	157	162	165	169	173	176	180	191	194	/
1A_SB	11	a	138	142	146	154	157	161	166	170	174	178	181	185	196	200	207
1A_SB	11	d	140	143	147	155	158	162	167	171	175	179	183	186	198	201	/
1A_SB	12	a	143	147	151	160	163	167	172	177	181	185	189	192	204	207	215
1A_SB	12	d	145	148	153	161	165	168	174	178	183	186	190	194	205	209	/
1A_SB	13	a	148	152	157	166	171	174	179	183	187	190	194	198	209	214	222
1A_SB	13	d	150	153	159	168	172	175	180	184	188	191	196	200	211	215	/
1A_SB	14	a	154	158	163	171	176	179	185	190	194	198	201	204	215	219	228
1A_SB	14	d	156	159	164	173	177	180	187	191	196	199	202	206	216	221	/
1A_SB	15	a	164	168	172	181	185	189	195	199	202	205	208	212	223	227	234
1A_SB	15	d	165	169	173	182	187	190	196	200	203	206	210	213	224	229	/
1A_SB	16	a	186	190	195	205	209	213	218	223	227	231	236	239	246	249	256
1A_SB	16	d	187	192	196	207	211	214	220	224	229	233	237	240	247	250	/
1A_NB	1	a	29	39	43	52	57	62	66	70	73	79	83	86	94	99	103
1A_NB	1	d	30	41	45	53	59	63	67	71	74	80	84	87	96	100	/
1A_NB	2	a	51	61	65	76	81	85	88	93	96	101	105	110	118	121	126
1A_NB	2	d	52	63	67	77	83	86	90	94	97	103	107	111	119	123	/
1A_NB	3	a	76	86	89	100	105	108	111	115	120	127	130	133	142	146	151
1A_NB	3	d	78	87	90	101	106	109	112	117	121	128	131	135	143	147	/
1A_NB	4	a	91	99	103	114	120	125	129	134	137	144	148	152	160	164	168
1A_NB	4	d	92	101	105	116	122	126	131	135	139	145	149	153	161	165	/
1A_NB	5	a	95	104	108	119	125	130	135	140	144	150	154	159	167	171	175
1A_NB	5	d	97	106	110	121	127	132	137	142	145	152	156	160	168	172	/
1A_NB	6	a	103	114	117	128	133	138	142	146	149	157	160	164	171	176	180
1A_NB	6	d	105	115	119	129	135	140	143	147	151	158	161	165	173	177	/
1A_NB	7	a	108	119	123	133	138	143	147	151	154	162	166	171	178	184	188
1A_NB	7	d	110	121	125	134	140	145	148	152	156	164	168	172	180	185	/
1A_NB	8	a	120	131	134	141	147	151	154	158	161	169	173	177	184	189	193
1A_NB	8	d	122	132	135	142	148	152	155	159	163	170	174	178	185	190	/
1A_NB	9	a	134	143	147	155	160	163	166	170	173	180	183	187	196	200	206
1A_NB	9	d	136	145	149	156	161	164	167	171	174	181	184	188	197	202	/
1A_NB	10	a	153	163	166	174	180	184	188	193	196	202	205	208	216	220	224
1A_NB	10	d	155	164	167	176	182	185	189	194	197	203	206	209	217	221	/
1A_NB	11	a	158	168	171	179	187	191	196	200	204	211	215	219	230	233	237
1A_NB	11	d	160	169	172	181	189	193	198	202	206	213	217	220	231	234	/
1A_NB	12	a	184	196	199	210	216	220	225	229	233	241	244	247	258	262	266
1A_NB	12	d	186	197	201	211	218	222	226	230	235	242	245	249	260	263	/
1A_NB	13	a	205	216	220	229	235	238	242	246	249	256	259	263	273	277	282
1A_NB	13	d	206	218	221	231	236	240	243	247	251	257	261	264	275	279	/
1A_NB	14	a	231	241	245	255	261	265	270	274	278	285	289	292	302	307	311
1A_NB	14	d	233	242	247	257	263	267	271	275	279	287	290	294	304	309	/
1A_NB	15	a	251	261	265	276	282	286	289	292	295	303	307	311	319	322	326
1A_NB	15	d	252	262	267	277	283	287	290	293	297	305	308	312	320	323	/
1A_NB	16	a	275	285	290	301	306	310	315	319	324	331	335	338	346	351	355
1A_NB	16	d	276	287	292	302	307	312	316	321	326	332	336	339	348	352	/
2A_NB	1	a	29	32	38	43	47	52	56	59	70	74	80	83	85	88	94	97	101	105
2A_NB	1	d	30	34	40	45	48	53	57	61	71	75	82	84	86	90	96	98	103	/
2A_NB	2	a	54	57	63	66	69	76	79	83	92	96	103	106	109	113	118	121	125	130
2A_NB	2	d	55	58	64	67	71	77	81	85	93	98	104	108	110	114	120	122	127	/
2A_NB	3	a	70	73	79	82	86	91	96	99	108	113	119	122	125	129	134	136	140	145
2A_NB	3	d	71	75	80	84	87	93	97	101	110	115	121	123	127	130	135	137	142	/
2A_NB	4	a	81	84	90	93	96	102	106	111	121	125	131	133	137	141	147	150	154	158
2A_NB	4	d	82	86	91	94	97	103	108	112	122	127	132	135	139	143	149	151	156	/
2A_NB	5	a	101	104	110	114	117	122	127	130	138	142	149	152	155	159	165	167	170	174
2A_NB	5	d	102	106	112	115	118	124	128	131	139	144	150	153	157	161	166	168	171	/
2A_NB	6	a	111	114	120	124	129	135	139	143	151	156	163	166	170	174	180	183	187	190
2A_NB	6	d	112	116	122	126	130	137	141	144	153	158	164	168	172	175	182	184	188	/
2A_NB	7	a	126	130	137	140	144	150	153	157	167	171	176	179	183	186	193	196	201	204
2A_NB	7	d	127	132	138	141	146	151	155	158	168	172	178	181	184	187	195	198	202	/
2A_NB	8	a	137	141	148	153	158	165	169	174	181	185	190	194	198	202	210	213	218	222
2A_NB	8	d	138	143	150	155	160	166	171	175	183	186	192	196	200	203	212	215	220	/
2A_NB	9	a	151	155	161	166	170	177	182	187	196	201	206	209	212	217	223	227	231	234
2A_NB	9	d	152	157	163	168	172	179	184	188	198	202	208	211	214	219	225	229	232	/
2A_NB	10	a	169	173	177	181	186	192	196	199	206	210	217	220	222	226	231	234	237	240
2A_NB	10	d	170	174	178	183	187	193	197	200	207	212	219	221	223	227	232	235	238	/
2A_NB	11	a	175	179	184	188	193	199	204	208	217	222	228	231	234	238	243	245	249	253
2A_NB	11	d	176	180	186	190	195	201	206	210	219	223	230	232	235	239	244	247	251	/
2A_NB	12	a	194	198	205	208	212	219	223	227	235	239	244	248	251	256	261	265	269	272
2A_NB	12	d	195	200	206	209	213	220	224	228	237	240	246	249	252	257	263	267	270	/
2A_NB	13	a	199	203	210	214	217	224	228	232	241	246	252	255	258	264	270	272	277	281
2A_NB	13	d	200	205	212	215	218	225	229	234	243	248	253	257	260	266	271	274	279	/
2A_NB	14	a	210	213	218	221	224	231	236	240	250	255	261	264	266	271	278	281	286	290
2A_NB	14	d	211	214	219	222	226	233	237	241	252	257	263	265	267	273	280	283	287	/
2A_NB	15	a	218	221	227	230	234	241	246	249	259	263	269	272	276	280	286	289	294	298
2A_NB	15	d	219	223	228	232	236	243	247	250	261	265	271	274	277	281	288	291	295	/
2A_NB	16	a	232	236	242	246	251	257	260	263	273	276	281	283	286	290	298	301	306	310
2A_NB	16	d	233	237	244	248	252	258	261	264	274	278	282	284	287	292	300	303	307	/
2A_SB	1	a	21	26	29	33	38	42	46	51	54	60	65	69	73	78	83	88	92	96
2A_SB	1	d	22	27	31	34	40	44	48	52	55	62	66	71	75	79	85	89	94	/
2A_SB	2	a	47	50	53	56	62	65	68	73	77	82	87	92	96	100	106	109	113	116
2A_SB	2	d	48	51	54	58	63	66	69	75	78	84	88	94	98	102	107	110	114	/
2A_SB	3	a	61	65	67	70	75	78	81	85	88	94	100	105	109	112	117	120	123	126
2A_SB	3	d	63	66	68	71	76	79	82	86	90	96	101	107	110	113	118	121	124	/
2A_SB	4	a	66	70	72	75	81	85	89	93	96	101	106	112	115	118	123	127	131	134
2A_SB	4	d	68	71	73	76	83	87	91	94	97	102	107	113	116	119	125	129	132	/
2A_SB	5	a	75	79	83	87	94	97	101	104	109	115	119	125	129	133	139	142	145	148
2A_SB	5	d	77	81	85	89	96	99	102	106	111	117	121	127	130	134	140	143	146	/
2A_SB	6	a	86	90	94	97	103	105	108	112	116	121	125	131	134	138	143	147	150	154
2A_SB	6	d	88	92	95	98	104	106	110	113	117	122	127	132	135	139	145	148	152	/
2A_SB	7	a	92	96	99	102	108	111	114	117	121	127	131	136	139	143	149	153	157	160
2A_SB	7	d	94	97	100	103	110	112	115	118	122	128	132	137	140	145	150	154	158	/
2A_SB	8	a	97	101	105	109	116	118	122	125	128	134	138	142	145	149	155	159	163	167
2A_SB	8	d	99	103	107	111	117	120	123	126	129	135	139	143	146	150	156	160	165	/
2A_SB	9	a	109	113	115	118	124	126	129	132	135	139	143	147	150	154	161	166	170	174
2A_SB	9	d	111	114	116	120	125	127	130	133	136	140	144	148	151	156	163	167	172	/
2A_SB	10	a	122	125	128	131	136	138	141	145	148	152	155	160	163	167	172	175	179	182
2A_SB	10	d	123	127	129	132	137	139	142	146	149	153	156	161	164	168	173	176	180	/
2A_SB	11	a	128	131	133	136	142	144	147	152	156	162	165	170	174	178	183	186	190	194
2A_SB	11	d	129	132	134	138	143	145	149	153	158	163	166	172	176	179	184	187	192	/
2A_SB	12	a	133	136	138	143	148	150	154	158	162	168	171	176	179	184	189	192	196	200
2A_SB	12	d	134	137	140	144	149	151	155	159	164	169	172	177	181	185	190	193	198	/
2A_SB	13	a	139	142	145	149	156	158	162	166	170	176	179	186	190	195	201	205	209	212
2A_SB	13	d	140	144	146	151	157	159	163	167	171	177	181	187	192	196	203	206	210	/
2A_SB	14	a	146	149	152	156	163	166	170	173	177	184	187	194	198	202	208	211	215	219
2A_SB	14	d	147	150	154	158	165	168	171	174	179	185	189	196	199	203	209	212	217	/
2A_SB	15	a	163	168	171	174	180	183	188	191	195	203	207	214	218	223	229	234	237	240
2A_SB	15	d	165	169	172	175	181	185	189	193	197	205	209	216	220	225	231	235	238	/
2A_SB	16	a	177	182	185	188	194	196	200	204	208	215	220	227	231	234	239	243	246	249
2A_SB	16	d	179	183	186	189	195	197	202	205	209	217	222	228	232	235	240	244	247	/
3A_SB	1	a	4	9	13	18	22	26	30	35	38	41	45	47	52	56	61	66	71
3A_SB	1	d	5	10	14	20	24	27	31	36	39	42	46	48	53	57	62	68	/
3A_SB	2	a	10	15	20	28	31	34	38	44	48	53	57	60	66	70	75	81	84
3A_SB	2	d	11	17	22	29	32	35	40	45	50	55	59	62	67	72	77	82	/
3A_SB	3	a	40	44	49	55	58	63	67	71	74	78	82	84	89	93	96	101	105
3A_SB	3	d	41	46	51	56	60	64	69	72	75	79	83	85	90	94	97	103	/
3A_SB	4	a	53	58	62	68	72	77	82	87	92	96	101	103	107	111	115	120	123
3A_SB	4	d	54	59	64	70	74	79	84	89	94	98	102	104	108	112	116	121	/
3A_SB	5	a	67	72	76	82	87	92	96	100	104	109	113	115	118	122	125	129	132
3A_SB	5	d	68	74	77	84	89	94	98	102	106	111	114	116	119	123	126	130	/
3A_SB	6	a	72	77	82	89	94	99	103	107	111	116	120	123	127	131	134	139	144
3A_SB	6	d	73	79	84	91	96	101	105	109	113	118	121	124	128	132	135	141	/
3A_SB	7	a	81	87	92	100	105	110	115	119	123	128	132	135	139	142	145	150	153
3A_SB	7	d	82	89	94	102	107	112	117	121	125	130	133	136	140	143	146	151	/
3A_SB	8	a	101	108	112	117	120	123	126	130	133	137	140	142	146	149	152	158	161
3A_SB	8	d	102	109	113	118	121	124	127	131	135	138	141	143	147	150	153	159	/
3A_SB	9	a	106	112	117	122	126	130	134	140	144	148	153	156	160	163	166	171	174
3A_SB	9	d	107	114	118	124	128	132	136	142	146	150	154	157	161	164	167	172	/
3A_SB	10	a	129	136	140	147	151	155	159	163	167	171	174	176	180	183	187	193	197
3A_SB	10	d	130	138	142	149	152	156	160	164	168	172	175	177	181	184	188	194	/
3A_SB	11	a	142	148	153	161	165	169	173	177	180	184	187	190	195	199	204	209	212
3A_SB	11	d	143	150	155	163	166	170	174	178	181	185	188	191	196	200	205	210	/
3A_SB	12	a	148	154	159	167	170	174	178	182	185	189	192	195	200	204	209	215	218
3A_SB	12	d	149	156	161	168	171	175	179	183	186	190	193	196	201	205	210	216	/
3A_SB	13	a	158	163	168	173	176	180	183	186	190	195	199	201	206	210	214	220	223
3A_SB	13	d	159	165	169	174	177	181	184	188	192	197	200	202	207	211	215	221	/
3A_SB	14	a	163	168	173	179	184	188	191	194	197	201	204	207	212	215	219	225	230
3A_SB	14	d	164	170	175	181	185	189	192	195	198	202	206	208	213	216	220	227	/
3A_SB	15	a	168	174	178	185	190	194	197	201	204	208	211	214	219	222	227	233	237
3A_SB	15	d	169	175	180	187	191	195	198	202	205	209	212	215	220	224	229	234	/
3A_SB	16	a	194	200	205	212	215	218	223	227	231	234	239	243	247	251	256	261	265
3A_SB	16	d	195	202	206	213	216	220	225	228	232	236	241	244	248	253	258	263	/
3A_NB	1	a	22	25	29	33	38	43	47	50	55	59	63	67	70	73	77	81	86	90
3A_NB	1	d	23	27	30	35	40	45	49	52	56	60	65	69	71	75	79	83	88	/
3A_NB	2	a	50	54	58	63	66	70	74	78	82	87	91	93	96	100	103	106	110	115
3A_NB	2	d	51	56	60	64	67	72	76	79	83	88	92	94	97	101	104	107	112	/
3A_NB	3	a	59	63	66	71	75	81	85	88	93	99	103	105	107	111	115	119	123	128
3A_NB	3	d	60	64	68	73	77	82	86	90	94	100	104	106	109	113	117	121	125	/
3A_NB	4	a	74	78	81	85	89	93	96	98	102	108	112	115	117	121	124	129	132	137
3A_NB	4	d	75	79	82	87	90	94	97	99	103	109	113	116	119	122	126	130	134	/
3A_NB	5	a	82	86	90	94	98	102	106	109	114	120	124	127	129	134	138	143	147	151
3A_NB	5	d	83	88	91	95	99	104	108	111	115	121	125	128	131	135	140	145	148	/
3A_NB	6	a	89	93	96	100	104	108	113	116	121	127	131	134	136	140	144	149	152	155
3A_NB	6	d	90	94	97	101	106	110	115	118	122	128	132	135	137	141	146	150	153	/
3A_NB	7	a	94	98	101	106	110	114	118	121	126	132	136	139	141	145	149	154	157	160
3A_NB	7	d	95	99	103	107	112	115	120	123	127	133	137	140	142	146	151	155	158	/
3A_NB	8	a	100	104	108	113	117	120	125	128	133	139	143	146	149	152	155	159	162	165
3A_NB	8	d	101	106	110	114	118	122	127	130	134	140	144	148	150	153	156	160	163	/
3A_NB	9	a	107	111	115	119	123	127	132	134	138	144	149	152	154	157	160	164	168	172
3A_NB	9	d	108	113	116	121	125	129	133	135	139	146	151	153	155	158	161	165	169	/
3A_NB	10	a	113	117	121	126	129	133	137	139	143	149	154	157	159	162	165	168	173	178
3A_NB	10	d	114	119	122	127	131	134	138	140	144	151	156	158	160	163	166	170	175	/
3A_NB	11	a	121	125	129	135	138	143	147	149	153	158	162	164	166	169	172	175	179	182
3A_NB	11	d	122	127	131	136	140	145	148	150	154	159	163	165	167	170	173	176	180	/
3A_NB	12	a	130	134	138	143	147	152	155	158	163	168	172	176	178	181	185	189	194	199
3A_NB	12	d	131	135	140	145	149	153	157	160	164	169	174	177	179	182	187	191	196	/
3A_NB	13	a	135	139	144	149	153	158	162	164	168	174	178	182	186	191	195	198	202	206
3A_NB	13	d	136	141	146	151	155	160	163	165	170	175	180	184	188	192	196	199	203	/
3A_NB	14	a	152	155	159	163	168	173	176	178	182	186	190	193	196	199	203	206	210	213
3A_NB	14	d	153	156	160	165	170	174	177	179	183	187	191	194	197	200	204	207	211	/
3A_NB	15	a	172	175	180	184	188	191	195	197	202	208	213	215	218	222	226	229	232	236
3A_NB	15	d	173	177	181	185	189	193	196	199	204	209	214	216	220	224	227	230	233	/
3A_NB	16	a	179	183	188	193	197	201	205	208	212	218	222	224	226	229	232	235	238	242
3A_NB	16	d	180	185	190	194	198	203	207	210	213	219	223	225	227	230	233	236	240	/
