RouteID	RunID	Arrivals/Departures	TimePerStop
1A_SB	1	a	8	14	22	26	29	33	40	44	51	54	58	69	74	77
1A_SB	1	d	9	15	23	27	30	35	42	46	52	56	60	70	75	/
1A_SB	2	a	37	43	52	55	58	62	68	73	80	84	88	98	103	107
1A_SB	2	d	38	45	53	56	60	64	70	75	82	85	90	100	104	/
1A_SB	3	a	44	49	58	61	66	70	76	80	87	90	93	103	109	113
1A_SB	3	d	45	51	59	63	68	72	78	82	88	91	95	105	111	/
1A_SB	4	a	60	67	76	79	82	86	91	95	101	104	108	118	123	127
1A_SB	4	d	62	68	77	80	84	87	92	96	102	105	110	119	124	/
1A_SB	5	a	66	73	82	85	88	91	96	100	106	110	114	123	128	132
1A_SB	5	d	68	74	83	86	89	92	97	101	108	111	115	124	129	/
1A_SB	6	a	71	78	87	90	95	100	106	110	116	119	123	132	137	141
1A_SB	6	d	73	79	88	92	97	102	108	112	117	120	125	133	139	/
1A_SB	7	a	95	103	113	116	120	124	128	131	137	141	145	152	159	162
1A_SB	7	d	97	104	114	117	121	125	129	132	139	142	146	154	160	/
1A_SB	8	a	104	110	119	122	125	129	133	136	143	146	150	158	164	168
1A_SB	8	d	106	111	120	123	126	130	134	138	144	147	151	159	165	/
1A_SB	9	a	109	115	124	127	130	134	138	142	148	151	154	163	170	175
1A_SB	9	d	111	116	125	128	131	135	139	143	149	152	156	165	172	/
1A_SB	10	a	117	123	134	139	143	146	150	154	159	163	166	176	182	186
1A_SB	10	d	119	125	136	141	144	147	151	155	160	164	167	177	183	/
1A_SB	11	a	134	140	150	154	159	163	170	174	182	186	190	200	207	211
1A_SB	11	d	136	142	152	156	161	165	171	176	183	187	192	202	209	/
1A_SB	12	a	156	163	171	175	178	181	188	192	199	203	208	217	224	227
1A_SB	12	d	158	164	172	176	179	183	189	194	201	205	210	219	225	/
1A_SB	13	a	175	183	194	198	202	207	213	217	222	225	229	237	241	244
1A_SB	13	d	177	185	196	200	204	208	214	218	223	226	230	238	242	/
1A_SB	14	a	194	201	209	212	215	220	227	231	238	242	245	254	259	263
1A_SB	14	d	196	202	210	213	217	222	229	233	240	243	246	255	260	/
1A_SB	15	a	224	231	239	242	245	248	253	257	263	268	271	279	284	288
1A_SB	15	d	226	232	240	243	246	249	254	259	265	269	272	280	285	/
1A_SB	16	a	229	236	244	247	250	253	259	263	269	273	276	284	289	293
1A_SB	16	d	231	237	245	248	251	255	261	265	270	274	277	285	290	/
1A_SB	17	a	234	241	249	252	255	259	264	268	276	280	283	293	298	302
1A_SB	17	d	236	242	250	253	256	260	266	270	277	281	285	294	299	/
1A_SB	18	a	241	248	256	260	263	267	272	276	284	287	291	301	307	311
1A_SB	18	d	243	249	258	261	264	268	274	278	285	289	293	303	308	/
1A_SB	19	a	251	258	269	272	275	280	286	290	298	303	306	314	320	324
1A_SB	19	d	253	260	270	273	277	282	288	292	300	304	307	315	321	/
1A_SB	20	a	256	264	274	277	280	285	292	296	304	309	312	320	326	330
1A_SB	20	d	258	265	275	278	282	287	294	298	306	310	313	321	327	/
1A_SB	21	a	264	272	279	283	287	291	298	302	309	314	317	325	331	334
1A_SB	21	d	266	273	281	285	289	293	300	304	311	315	318	326	332	/
1A_SB	22	a	270	277	284	289	292	296	303	307	314	318	322	330	336	339
1A_SB	22	d	272	278	286	290	294	298	305	309	316	320	323	331	337	/
1A_SB	23	a	276	283	290	295	298	302	309	312	319	323	327	335	341	344
1A_SB	23	d	278	284	292	296	300	304	310	314	321	325	328	336	342	/
1A_SB	24	a	287	294	302	305	308	311	317	321	326	329	332	342	349	352
1A_SB	24	d	289	295	303	306	309	312	319	322	327	330	333	344	350	/
1A_SB	25	a	292	299	306	310	313	316	323	326	331	334	337	347	355	358
1A_SB	25	d	294	300	308	311	314	317	324	327	332	335	338	349	356	/
1A_SB	26	a	297	304	311	315	319	322	329	332	337	340	343	353	360	363
1A_SB	26	d	299	305	313	316	320	323	330	333	338	341	345	354	361	/
1A_SB	27	a	302	309	316	321	325	328	335	338	343	346	350	359	365	368
1A_SB	27	d	304	310	318	322	326	329	336	339	344	347	351	360	366	/
1A_SB	28	a	307	314	322	326	330	333	339	343	348	352	356	365	371	374
1A_SB	28	d	309	315	323	327	331	334	341	344	349	353	357	366	372	/
1A_SB	29	a	312	319	327	331	335	338	344	349	354	358	362	370	376	380
1A_SB	29	d	314	320	328	332	336	339	346	350	355	359	363	371	377	/
1A_SB	30	a	317	324	332	336	340	343	350	354	359	363	366	375	381	385
1A_SB	30	d	319	325	333	337	341	345	351	355	361	364	368	376	382	/
1A_SB	31	a	322	329	339	343	347	351	357	361	367	370	373	381	388	392
1A_SB	31	d	324	330	340	344	348	352	358	362	368	371	374	383	390	/
1A_SB	32	a	327	334	344	348	352	356	362	366	373	376	380	390	394	397
1A_SB	32	d	329	335	345	349	353	357	363	368	374	378	382	391	395	/
1A_NB	1	a	4	9	14	22	28	31	36	39	45	48	52	55	62	67
1A_NB	1	d	5	10	15	23	29	32	37	40	46	49	53	56	63	/
1A_NB	2	a	9	14	19	27	33	36	41	44	51	54	58	61	68	73
1A_NB	2	d	10	15	20	28	34	37	42	45	52	55	59	62	69	/
1A_NB	3	a	14	18	24	32	38	41	46	50	57	60	64	67	74	78
1A_NB	3	d	15	20	25	33	39	42	47	51	58	61	65	68	75	/
1A_NB	4	a	19	23	29	37	43	46	52	56	63	67	71	74	80	84
1A_NB	4	d	20	25	30	38	44	47	53	57	64	68	72	75	81	/
1A_NB	5	a	23	28	34	42	48	51	57	61	67	72	76	79	85	89
1A_NB	5	d	25	30	35	43	49	52	58	62	69	73	77	80	86	/
1A_NB	6	a	28	33	39	47	53	56	62	66	73	77	80	84	90	94
1A_NB	6	d	30	35	40	48	54	57	63	68	74	78	82	85	91	/
1A_NB	7	a	33	38	44	52	58	61	67	71	78	82	85	89	96	100
1A_NB	7	d	35	40	46	53	59	62	68	73	79	83	87	90	97	/
1A_NB	8	a	38	43	50	57	63	66	72	76	83	87	90	94	101	105
1A_NB	8	d	40	45	51	58	64	67	73	78	84	88	92	95	102	/
1A_NB	9	a	43	48	55	62	68	71	78	82	88	92	96	99	106	111
1A_NB	9	d	45	50	56	63	69	73	79	83	89	93	97	100	107	/
1A_NB	10	a	48	53	60	67	73	76	82	87	93	97	101	104	111	116
1A_NB	10	d	50	55	61	68	74	78	84	88	94	98	102	105	112	/
1A_NB	11	a	56	61	66	73	80	84	90	95	101	105	108	111	118	123
1A_NB	11	d	58	62	67	75	82	86	92	96	102	106	109	112	119	/
1A_NB	12	a	70	75	81	90	96	100	105	109	115	119	122	125	132	137
1A_NB	12	d	72	77	83	91	97	101	106	110	116	120	123	126	133	/
1A_NB	13	a	75	81	87	96	102	106	111	115	121	125	128	131	138	144
1A_NB	13	d	77	83	89	97	103	107	112	116	122	126	129	132	140	/
1A_NB	14	a	88	93	99	108	115	120	126	130	135	139	143	146	154	159
1A_NB	14	d	90	94	101	110	117	122	128	131	136	140	144	147	156	/
1A_NB	15	a	118	123	128	136	142	145	150	154	160	163	167	170	178	183
1A_NB	15	d	120	124	129	137	143	146	151	155	161	164	168	171	179	/
1A_NB	16	a	136	141	148	157	164	167	172	176	182	185	189	192	200	206
1A_NB	16	d	138	143	150	158	165	168	173	177	183	186	190	193	201	/
1A_NB	17	a	143	148	155	163	170	174	180	185	193	197	202	206	214	221
1A_NB	17	d	145	150	156	164	172	176	182	187	195	199	204	208	216	/
1A_NB	18	a	157	162	169	176	182	187	193	198	204	207	211	215	224	231
1A_NB	18	d	159	164	171	178	184	189	195	199	205	208	212	216	225	/
1A_NB	19	a	164	170	176	183	190	195	202	207	213	217	220	224	232	239
1A_NB	19	d	166	172	178	185	192	197	204	208	214	218	221	225	233	/
1A_NB	20	a	170	176	182	189	196	200	207	212	218	222	225	228	237	244
1A_NB	20	d	172	178	184	191	198	202	209	213	219	223	226	230	238	/
1A_NB	21	a	177	183	188	195	201	205	212	217	223	227	230	233	242	247
1A_NB	21	d	179	184	190	197	203	207	214	218	224	228	231	235	243	/
1A_NB	22	a	184	190	195	203	209	213	218	222	228	233	236	239	246	252
1A_NB	22	d	186	191	197	205	211	214	219	223	230	234	237	240	248	/
1A_NB	23	a	189	195	201	209	215	218	223	227	234	238	241	244	251	257
1A_NB	23	d	191	196	203	210	216	219	224	228	235	239	242	245	253	/
1A_NB	24	a	195	200	206	214	220	223	228	232	239	243	246	249	256	262
1A_NB	24	d	197	201	208	215	221	224	229	233	240	244	247	250	258	/
1A_NB	25	a	200	205	211	219	225	229	233	238	246	250	253	256	262	267
1A_NB	25	d	202	206	213	220	227	230	235	240	247	251	254	257	263	/
1A_NB	26	a	209	214	219	226	232	235	239	243	251	255	258	261	267	272
1A_NB	26	d	211	215	220	227	233	236	240	245	252	256	259	262	268	/
1A_NB	27	a	238	243	248	254	259	263	268	271	277	281	284	287	294	301
1A_NB	27	d	240	244	249	255	260	264	269	272	278	282	285	288	296	/
1A_NB	28	a	243	248	253	259	264	268	273	276	282	286	290	293	300	306
1A_NB	28	d	245	249	254	260	265	269	274	277	283	287	291	294	301	/
1A_NB	29	a	248	253	258	265	270	273	279	282	289	293	297	300	308	314
1A_NB	29	d	250	254	259	266	271	274	280	284	291	294	298	301	309	/
1A_NB	30	a	263	268	274	283	288	291	296	300	307	310	313	317	323	328
1A_NB	30	d	265	269	276	284	289	292	297	301	308	311	314	318	324	/
1A_NB	31	a	278	284	289	297	304	308	314	317	323	327	332	336	343	348
1A_NB	31	d	280	285	290	299	306	310	315	319	325	329	334	337	344	/
1A_NB	32	a	288	294	299	307	313	317	323	326	331	334	338	341	348	353
1A_NB	32	d	290	295	301	309	315	318	324	327	332	335	339	342	349	/
2A_NB	1	a	4	7	12	18	20	24	30	33	36	46	52	55	58	61	65	68	71	74	78	82	86	89	93	99
2A_NB	1	d	5	8	13	19	21	25	31	34	37	47	53	56	59	62	66	69	72	75	79	83	87	90	94	/
2A_NB	2	a	9	12	17	22	25	29	34	38	41	51	57	60	62	66	70	73	76	78	83	87	91	94	98	104
2A_NB	2	d	10	13	18	24	26	30	36	39	42	52	58	61	64	67	71	74	77	80	84	88	92	95	99	/
2A_NB	3	a	13	17	21	27	30	33	39	43	46	57	63	66	68	71	75	78	81	83	88	92	96	99	103	109
2A_NB	3	d	15	18	23	29	31	35	41	44	47	58	64	67	69	72	76	79	82	85	89	93	97	100	104	/
2A_NB	4	a	18	22	26	32	36	39	44	48	52	63	68	71	73	76	79	83	86	89	93	96	101	104	107	115
2A_NB	4	d	20	23	28	34	37	40	46	49	53	64	69	72	74	77	81	84	88	90	94	98	102	105	109	/
2A_NB	5	a	23	27	32	38	41	44	50	53	57	68	73	76	79	83	86	89	92	94	98	101	106	110	113	120
2A_NB	5	d	25	29	33	39	42	45	51	54	58	69	74	77	80	84	87	90	93	95	99	103	107	111	114	/
2A_NB	6	a	28	33	37	43	46	49	55	58	62	73	78	81	84	88	91	94	97	99	103	106	111	115	119	126
2A_NB	6	d	30	34	38	44	47	50	56	59	63	74	79	82	85	89	92	95	98	100	104	108	112	117	120	/
2A_NB	7	a	33	38	42	48	50	54	60	64	67	78	83	86	89	92	96	99	102	104	109	113	117	121	124	131
2A_NB	7	d	35	39	43	49	52	55	61	65	68	79	84	87	90	94	97	100	103	106	110	114	118	122	125	/
2A_NB	8	a	38	43	47	52	55	59	65	69	72	83	88	91	94	97	101	104	108	110	114	118	122	126	129	136
2A_NB	8	d	40	44	48	54	57	60	66	70	73	84	89	92	95	99	102	105	109	111	115	119	123	127	130	/
2A_NB	9	a	43	47	51	57	60	64	70	74	78	88	93	96	99	102	106	108	113	115	119	123	127	131	134	142
2A_NB	9	d	45	49	53	59	62	65	71	75	79	89	94	97	100	104	107	110	114	116	120	124	128	132	135	/
2A_NB	10	a	48	52	56	62	65	69	75	78	83	93	98	101	104	108	111	113	118	120	124	128	132	136	139	147
2A_NB	10	d	50	54	58	64	67	70	76	80	84	94	99	102	105	109	112	115	119	121	125	129	133	137	140	/
2A_NB	11	a	57	61	64	71	73	76	81	84	88	98	103	106	108	113	116	118	122	125	129	133	137	140	144	152
2A_NB	11	d	59	62	66	72	74	77	82	85	89	99	104	107	110	114	117	120	124	126	130	134	138	142	145	/
2A_NB	12	a	68	72	75	81	83	86	91	94	97	106	111	113	116	120	123	126	129	131	135	139	143	146	149	158
2A_NB	12	d	70	73	76	82	84	87	92	95	98	107	112	115	117	121	124	127	130	132	136	140	144	147	150	/
2A_NB	13	a	73	78	82	88	90	93	98	101	104	113	118	120	122	125	128	131	134	136	140	144	148	151	154	163
2A_NB	13	d	75	79	83	89	91	94	99	102	105	114	119	121	123	126	129	132	135	137	141	145	149	152	155	/
2A_NB	14	a	78	83	87	93	95	98	103	106	109	118	123	126	128	131	134	137	140	142	146	150	154	158	161	170
2A_NB	14	d	80	84	88	94	96	99	104	107	110	119	124	127	129	132	135	138	141	143	147	151	155	159	162	/
2A_NB	15	a	84	89	93	97	100	103	108	113	116	125	131	134	136	139	143	146	149	152	156	160	164	168	171	178
2A_NB	15	d	86	90	94	99	101	104	110	114	117	126	132	135	137	140	144	147	150	153	157	161	165	169	172	/
2A_NB	16	a	93	97	101	105	108	111	116	120	124	132	139	142	145	148	152	155	160	163	167	170	174	178	181	190
2A_NB	16	d	95	98	102	107	109	112	117	122	126	134	141	144	146	150	154	157	161	164	168	171	175	179	183	/
2A_NB	17	a	117	122	127	133	136	139	145	149	153	162	170	172	175	178	182	186	190	193	197	200	204	207	210	218
2A_NB	17	d	119	124	129	135	137	141	147	151	155	164	171	173	176	180	184	187	191	194	198	201	205	208	212	/
2A_NB	18	a	147	151	156	163	166	170	176	180	183	191	198	201	203	208	213	215	218	220	224	227	230	233	237	246
2A_NB	18	d	149	153	158	165	167	171	177	181	184	192	199	202	205	210	214	216	219	221	225	228	231	234	238	/
2A_NB	19	a	169	173	177	183	185	188	193	197	202	212	219	223	226	229	233	237	242	245	249	253	257	260	263	271
2A_NB	19	d	171	174	178	184	186	189	194	199	204	213	221	225	227	230	235	239	244	246	250	254	258	261	264	/
2A_NB	20	a	188	192	196	202	204	207	212	216	219	228	234	236	238	241	245	248	251	253	257	262	267	271	275	282
2A_NB	20	d	190	193	197	203	205	208	213	217	220	229	235	237	239	242	246	249	252	254	259	264	269	273	276	/
2A_NB	21	a	193	197	201	207	209	213	218	222	225	235	241	243	246	250	254	257	261	263	266	270	274	278	281	288
2A_NB	21	d	195	198	202	208	210	214	219	223	227	236	242	244	247	251	255	258	262	264	267	271	275	279	282	/
2A_NB	22	a	198	202	206	212	215	219	224	228	232	241	248	250	253	257	261	264	268	270	273	276	280	284	288	295
2A_NB	22	d	200	203	207	213	216	220	225	229	233	242	249	251	254	258	262	265	269	271	274	277	281	285	289	/
2A_NB	23	a	203	207	211	217	220	224	230	234	239	246	253	255	258	261	266	269	272	275	278	281	286	290	295	302
2A_NB	23	d	205	208	212	218	221	225	231	236	240	247	254	256	259	263	267	270	274	276	279	283	288	292	296	/
2A_NB	24	a	208	213	216	222	226	230	236	240	243	251	258	261	264	268	272	275	278	280	283	286	291	295	300	307
2A_NB	24	d	210	214	217	224	227	231	237	241	245	252	259	262	266	269	273	276	279	281	284	288	293	297	301	/
2A_NB	25	a	213	218	221	228	230	235	241	245	249	256	263	267	270	273	277	280	283	285	289	293	297	300	304	312
2A_NB	25	d	215	219	223	229	232	236	242	247	250	258	265	268	271	274	278	281	284	286	290	294	298	302	306	/
2A_NB	26	a	219	224	228	233	235	240	246	250	254	263	269	272	275	278	282	285	289	291	295	299	302	306	309	317
2A_NB	26	d	221	225	229	234	237	241	247	252	255	264	270	273	276	279	283	286	290	292	296	300	303	307	311	/
2A_NB	27	a	224	228	233	238	240	245	251	255	260	269	277	280	283	288	291	294	298	300	304	308	311	315	319	328
2A_NB	27	d	226	230	234	239	242	246	252	257	261	270	278	281	285	289	292	295	299	301	305	309	312	316	320	/
2A_NB	28	a	229	233	238	243	245	250	256	260	265	274	282	286	288	293	296	299	302	305	309	313	316	320	324	333
2A_NB	28	d	231	235	239	244	247	251	257	262	266	275	284	287	290	294	297	300	304	306	310	314	318	321	325	/
2A_NB	29	a	234	238	243	248	250	255	261	265	270	281	289	292	294	298	301	303	307	310	314	318	321	325	329	336
2A_NB	29	d	236	240	244	249	252	256	262	267	271	282	290	293	295	299	302	305	309	311	315	319	323	326	330	/
2A_NB	30	a	239	244	248	253	255	259	266	270	274	286	294	298	302	306	309	311	314	317	321	325	328	331	334	341
2A_NB	30	d	241	245	249	254	257	261	267	272	276	288	296	300	303	307	310	312	315	318	322	326	329	332	335	/
2A_NB	31	a	244	249	254	259	262	266	272	276	280	292	300	303	307	311	314	316	319	322	326	330	334	338	341	348
2A_NB	31	d	246	251	255	260	264	267	273	278	282	294	302	305	308	312	315	317	320	323	327	331	335	339	342	/
2A_NB	32	a	249	254	259	264	268	273	279	284	289	299	305	308	312	316	320	322	325	328	332	335	339	343	347	356
2A_NB	32	d	251	256	260	266	270	275	281	286	291	300	307	310	313	317	321	323	326	329	333	336	340	345	349	/
2A_SB	1	a	13	19	24	27	31	35	39	43	48	53	58	61	66	70	74	82	87	91	95	102	105	109	113	117	125
2A_SB	1	d	14	20	25	28	33	37	41	45	50	55	60	63	68	72	75	83	88	93	97	104	106	110	114	118	/
2A_SB	2	a	30	35	40	43	47	50	54	58	62	66	72	74	78	82	87	96	103	108	113	119	121	126	129	133	143
2A_SB	2	d	31	36	41	44	49	52	56	59	63	68	73	75	79	84	89	98	105	110	114	120	122	127	130	134	/
2A_SB	3	a	49	55	61	64	67	70	72	75	79	83	87	89	92	96	100	108	115	119	122	129	131	136	141	144	156
2A_SB	3	d	50	56	62	65	68	71	73	76	80	84	88	90	93	97	102	110	116	120	123	130	132	138	142	146	/
2A_SB	4	a	63	69	76	79	83	86	89	93	97	100	104	106	109	112	116	125	131	134	137	142	145	150	155	160	169
2A_SB	4	d	65	71	77	80	84	87	90	94	98	101	105	107	110	113	117	126	132	135	138	143	147	152	157	162	/
2A_SB	5	a	77	83	89	93	97	99	102	106	110	114	118	120	124	127	131	140	147	150	154	159	161	165	168	171	180
2A_SB	5	d	79	85	91	95	98	100	103	107	111	115	119	121	125	128	132	141	148	152	155	160	162	166	169	172	/
2A_SB	6	a	84	90	95	98	102	104	107	112	116	120	124	127	132	136	141	149	156	159	162	167	170	174	177	180	190
2A_SB	6	d	86	91	96	100	103	105	109	113	117	122	126	129	134	138	142	150	157	160	163	168	171	175	178	182	/
2A_SB	7	a	93	100	105	109	114	117	121	124	127	131	134	136	140	144	148	156	163	166	170	175	178	182	185	189	199
2A_SB	7	d	95	101	107	111	116	119	122	125	128	132	135	137	141	145	149	157	164	167	171	176	179	183	186	191	/
2A_SB	8	a	114	120	128	133	137	140	143	147	150	154	157	160	163	167	170	180	187	191	195	202	205	209	212	216	228
2A_SB	8	d	116	122	130	135	138	142	144	148	151	155	158	161	164	168	172	182	188	192	196	203	206	210	213	217	/
2A_SB	9	a	141	148	154	158	163	165	168	171	174	177	180	182	185	189	193	200	205	209	213	218	222	227	232	236	246
2A_SB	9	d	143	150	156	160	164	166	169	172	175	178	181	183	187	190	195	201	206	210	214	220	224	229	234	237	/
2A_SB	10	a	153	160	165	170	173	175	179	183	187	192	196	199	202	205	209	217	224	229	234	239	241	246	250	254	264
2A_SB	10	d	155	161	167	171	174	177	181	184	189	194	198	200	203	206	211	219	226	231	235	240	242	247	252	256	/
2A_SB	11	a	182	189	195	199	203	206	209	212	215	218	222	224	228	231	235	242	248	252	255	261	263	267	271	275	285
2A_SB	11	d	184	191	196	200	204	207	210	213	216	219	223	225	229	232	236	243	249	253	256	262	264	268	272	276	/
2A_SB	12	a	199	204	209	213	218	221	223	227	231	236	240	243	247	252	255	263	269	272	275	281	283	287	291	295	304
2A_SB	12	d	201	205	210	215	220	222	225	229	233	237	242	245	249	253	257	264	270	273	276	282	284	288	292	296	/
2A_SB	13	a	215	221	227	231	235	238	240	243	246	250	254	256	259	263	266	273	279	282	285	289	292	296	300	303	315
2A_SB	13	d	217	223	229	233	237	239	241	244	247	251	255	257	260	264	267	274	280	283	286	291	293	297	301	305	/
2A_SB	14	a	236	243	249	253	258	260	263	266	269	272	276	278	281	285	288	297	304	307	311	316	319	324	328	331	339
2A_SB	14	d	238	245	251	255	259	261	264	267	270	273	277	279	282	286	289	298	305	308	312	317	320	325	329	332	/
2A_SB	15	a	241	248	254	258	263	265	268	272	276	279	283	285	289	292	295	304	310	313	317	323	326	331	334	337	345
2A_SB	15	d	243	250	256	260	264	266	270	274	277	280	284	286	290	293	296	305	311	314	318	324	327	332	335	338	/
2A_SB	16	a	248	255	261	265	270	272	274	278	281	284	288	290	294	297	300	308	315	318	322	328	331	335	339	343	351
2A_SB	16	d	250	257	263	267	271	273	276	279	282	285	289	291	295	298	302	310	316	319	323	329	332	337	341	344	/
2A_SB	17	a	261	268	275	278	282	284	286	289	292	296	300	302	306	310	313	320	326	329	333	339	342	346	350	353	362
2A_SB	17	d	263	270	276	280	283	285	287	290	293	297	301	303	307	311	315	321	327	330	334	340	343	347	351	354	/
2A_SB	18	a	266	273	280	283	288	291	293	296	299	303	307	309	313	317	320	326	332	336	340	346	349	353	357	360	369
2A_SB	18	d	268	275	281	285	289	292	294	297	300	304	308	310	314	318	321	327	333	337	341	347	350	354	358	361	/
2A_SB	19	a	272	278	285	289	293	296	298	301	305	309	313	315	319	322	325	331	337	341	345	351	354	358	362	366	375
2A_SB	19	d	274	280	287	290	294	297	299	302	306	310	314	316	320	323	326	333	338	342	346	352	355	359	363	367	/
2A_SB	20	a	277	283	291	294	298	301	303	306	310	314	318	321	325	328	331	338	343	347	350	356	359	363	366	371	380
2A_SB	20	d	279	285	292	295	299	302	304	307	311	315	319	322	326	329	332	339	344	348	351	357	360	364	368	372	/
2A_SB	21	a	282	288	296	299	303	306	308	311	315	319	323	326	330	333	336	343	348	352	355	361	365	370	373	378	387
2A_SB	21	d	284	290	297	300	304	307	309	312	316	320	324	327	331	334	337	344	349	353	356	363	367	371	375	380	/
2A_SB	22	a	287	293	301	305	309	312	314	318	321	325	329	332	336	339	342	349	356	360	364	370	373	377	381	385	394
2A_SB	22	d	289	295	302	306	310	313	315	319	322	326	330	333	337	340	343	350	357	361	365	371	374	378	382	387	/
2A_SB	23	a	292	298	306	310	314	317	319	323	326	330	333	337	341	344	348	356	363	367	371	377	379	383	387	391	401
2A_SB	23	d	294	300	307	311	315	318	320	324	327	331	335	338	342	345	349	357	364	368	372	378	380	384	388	392	/
2A_SB	24	a	297	303	311	315	318	322	324	328	331	334	338	342	346	349	353	361	367	372	376	382	384	388	392	396	406
2A_SB	24	d	299	305	312	316	320	323	325	329	332	336	340	343	347	350	354	363	369	373	377	383	385	389	393	397	/
2A_SB	25	a	302	309	316	319	323	327	329	332	336	339	343	346	350	354	359	366	372	377	381	387	389	393	397	401	411
2A_SB	25	d	304	310	317	321	325	328	330	334	337	341	345	348	352	356	361	368	374	378	382	388	390	394	398	402	/
2A_SB	26	a	307	314	320	324	328	332	335	338	341	344	349	352	356	360	364	371	377	382	386	392	394	398	402	406	417
2A_SB	26	d	309	315	322	326	330	333	336	339	342	346	351	354	358	362	366	373	379	383	387	393	395	399	403	407	/
2A_SB	27	a	313	319	325	329	334	337	340	343	346	351	355	358	362	366	369	376	383	387	391	398	400	404	408	412	423
2A_SB	27	d	315	320	327	331	335	338	341	344	348	352	357	360	364	367	371	378	384	388	392	399	401	405	409	413	/
2A_SB	28	a	318	324	330	335	339	342	345	348	352	357	361	363	367	371	374	382	388	392	396	403	405	410	414	418	427
2A_SB	28	d	320	325	332	336	340	343	346	349	354	358	362	365	369	372	376	383	389	393	397	404	406	411	415	420	/
2A_SB	29	a	323	329	335	340	344	346	350	353	357	362	366	368	372	376	380	387	393	396	401	408	411	416	420	424	432
2A_SB	29	d	325	330	337	341	345	348	351	354	359	363	367	370	374	377	381	388	394	398	402	409	412	417	421	425	/
2A_SB	30	a	328	334	340	345	348	351	355	359	362	367	371	374	378	382	386	393	398	401	406	412	416	421	425	429	437
2A_SB	30	d	330	335	342	346	350	353	357	360	364	368	373	375	379	383	387	394	399	403	407	414	417	422	426	430	/
2A_SB	31	a	333	339	345	350	353	356	360	364	367	372	377	379	383	387	391	398	403	407	411	417	421	426	430	434	445
2A_SB	31	d	335	340	347	351	355	358	362	365	369	374	378	380	384	388	392	399	405	408	412	419	422	427	431	435	/
2A_SB	32	a	340	346	351	355	358	361	365	369	373	378	382	384	388	393	396	403	408	412	416	423	427	433	438	442	454
2A_SB	32	d	342	347	352	356	360	363	367	371	375	379	383	385	390	394	397	404	410	413	418	425	429	435	440	444	/
3A_SB	1	a	4	8	12	16	19	22	25	29	33	35	39	42	45	50	53
3A_SB	1	d	5	9	13	17	20	23	26	30	34	36	40	43	46	51	/
3A_SB	2	a	9	13	17	21	24	27	30	34	38	40	44	47	50	55	58
3A_SB	2	d	10	14	18	22	25	28	31	35	39	41	45	48	51	56	/
3A_SB	3	a	20	25	28	32	36	40	43	47	51	54	58	61	65	72	75
3A_SB	3	d	21	26	29	34	38	41	44	48	52	55	59	63	66	73	/
3A_SB	4	a	42	48	53	58	63	66	70	74	79	81	86	90	93	99	103
3A_SB	4	d	43	50	55	60	64	68	72	76	80	82	87	91	94	100	/
3A_SB	5	a	67	73	78	82	87	91	95	100	105	107	111	115	118	123	127
3A_SB	5	d	68	75	79	84	89	93	97	102	106	108	112	116	119	124	/
3A_SB	6	a	88	93	96	100	104	108	112	116	121	123	128	131	134	140	143
3A_SB	6	d	89	94	97	102	106	110	114	118	122	124	129	132	135	141	/
3A_SB	7	a	102	107	111	114	118	122	124	128	131	133	138	142	146	153	157
3A_SB	7	d	103	108	112	116	120	123	125	129	132	134	140	144	148	154	/
3A_SB	8	a	128	134	137	141	145	147	150	154	158	160	165	168	172	177	180
3A_SB	8	d	129	135	138	142	146	148	151	155	159	161	166	169	173	178	/
3A_SB	9	a	145	151	154	158	162	164	167	170	175	177	181	184	187	193	196
3A_SB	9	d	146	152	155	159	163	165	168	172	176	178	182	185	188	194	/
3A_SB	10	a	166	171	174	178	183	186	189	194	198	200	205	208	211	216	219
3A_SB	10	d	167	172	176	180	185	188	191	195	199	201	206	209	212	217	/
3A_SB	11	a	185	190	194	198	201	203	205	209	214	216	221	225	228	233	236
3A_SB	11	d	186	191	195	199	202	204	207	211	215	217	222	226	229	234	/
3A_SB	12	a	208	213	218	222	225	228	230	235	239	242	246	249	252	258	262
3A_SB	12	d	209	215	219	223	226	229	232	237	240	243	247	250	253	259	/
3A_SB	13	a	223	228	232	237	240	243	246	249	252	255	259	262	265	272	276
3A_SB	13	d	224	229	233	238	241	244	247	250	253	256	260	263	267	274	/
3A_SB	14	a	248	254	258	261	264	266	268	272	276	278	283	286	289	296	299
3A_SB	14	d	249	255	259	262	265	267	269	273	277	279	284	287	290	297	/
3A_SB	15	a	259	264	269	273	276	280	284	288	293	296	302	305	308	315	319
3A_SB	15	d	260	266	270	274	278	282	286	290	294	297	303	306	309	316	/
3A_SB	16	a	267	272	277	282	285	289	292	295	300	302	307	310	313	320	324
3A_SB	16	d	268	274	279	283	287	291	293	297	301	303	308	311	314	321	/
3A_SB	17	a	273	278	283	287	291	295	298	301	305	307	312	315	318	324	329
3A_SB	17	d	274	280	284	288	293	297	299	302	306	308	313	316	319	326	/
3A_SB	18	a	280	285	290	293	297	300	303	306	310	312	317	321	324	331	335
3A_SB	18	d	281	287	291	294	298	302	304	307	311	313	318	322	326	333	/
3A_SB	19	a	287	292	297	300	303	306	308	311	315	317	321	326	329	336	340
3A_SB	19	d	288	294	298	301	304	307	309	312	316	318	323	327	331	338	/
3A_SB	20	a	292	297	302	306	309	312	315	320	324	326	330	333	336	342	345
3A_SB	20	d	293	299	303	307	310	314	317	322	325	327	331	334	337	343	/
3A_SB	21	a	297	302	306	311	314	317	320	325	329	332	337	340	343	349	352
3A_SB	21	d	298	304	308	312	316	319	322	327	330	333	338	341	344	350	/
3A_SB	22	a	302	308	311	316	319	322	325	330	335	338	343	346	349	354	357
3A_SB	22	d	303	309	313	317	321	324	327	332	336	339	344	347	350	355	/
3A_SB	23	a	307	313	316	321	324	327	330	335	340	343	348	351	354	359	362
3A_SB	23	d	308	314	318	322	326	329	332	337	341	344	349	352	355	360	/
3A_SB	24	a	312	318	322	326	329	333	335	340	345	347	353	356	359	365	369
3A_SB	24	d	313	319	323	327	331	334	337	342	346	349	354	357	360	367	/
3A_SB	25	a	317	323	327	331	334	338	340	345	350	352	358	361	365	371	374
3A_SB	25	d	318	324	328	332	336	339	342	347	351	354	359	362	366	372	/
3A_SB	26	a	322	328	332	336	340	344	347	350	355	357	363	366	370	376	379
3A_SB	26	d	323	329	334	338	342	345	348	352	356	359	364	367	371	377	/
3A_SB	27	a	328	334	338	341	345	349	352	355	360	363	367	371	375	380	384
3A_SB	27	d	329	335	339	343	347	350	353	357	361	364	369	372	376	382	/
3A_SB	28	a	333	339	343	346	351	354	357	360	365	368	372	376	379	385	389
3A_SB	28	d	334	340	344	348	352	355	358	362	366	369	374	377	381	387	/
3A_SB	29	a	338	344	347	352	356	359	362	366	370	373	377	381	384	390	394
3A_SB	29	d	339	345	349	353	357	361	364	367	371	374	379	382	386	392	/
3A_SB	30	a	343	349	352	357	361	364	367	371	375	378	383	386	389	396	399
3A_SB	30	d	344	350	354	358	363	366	369	372	377	379	384	387	391	397	/
3A_SB	31	a	348	353	357	362	366	369	372	376	380	383	388	391	395	401	404
3A_SB	31	d	349	355	359	364	368	371	374	377	382	384	389	393	396	402	/
3A_SB	32	a	353	358	363	367	371	374	377	382	386	388	393	396	400	406	411
3A_SB	32	d	354	360	364	369	373	376	379	383	387	389	394	398	401	408	/
3A_NB	1	a	4	8	12	15	18	21	25	28	31	37	42	46	50	54	59	64	68
3A_NB	1	d	5	9	13	16	19	22	26	30	33	39	44	48	52	56	61	65	/
3A_NB	2	a	24	28	32	37	40	45	50	54	58	64	69	73	77	81	87	92	95
3A_NB	2	d	25	30	34	38	42	47	52	56	60	66	70	74	79	83	89	93	/
3A_NB	3	a	36	40	43	47	51	54	58	61	65	71	76	80	84	87	92	97	100
3A_NB	3	d	37	41	44	49	52	55	59	63	67	73	78	81	85	88	94	98	/
3A_NB	4	a	45	49	53	57	61	65	68	71	74	79	83	86	90	93	98	103	106
3A_NB	4	d	46	50	54	59	63	66	69	72	76	80	84	87	92	95	100	104	/
3A_NB	5	a	56	60	65	70	73	76	80	84	87	92	96	100	103	105	109	113	117
3A_NB	5	d	57	62	67	71	74	78	82	85	89	93	97	101	104	106	110	115	/
3A_NB	6	a	68	71	76	80	83	87	91	96	100	105	109	113	116	119	123	126	130
3A_NB	6	d	69	73	78	81	84	89	93	98	102	106	110	114	117	120	124	127	/
3A_NB	7	a	73	76	81	85	89	93	98	103	107	113	117	121	124	127	131	134	138
3A_NB	7	d	74	78	83	87	91	95	100	105	108	114	118	122	125	128	132	135	/
3A_NB	8	a	82	85	90	95	99	103	107	112	116	123	127	131	134	137	141	145	149
3A_NB	8	d	83	87	92	97	101	104	109	114	118	124	128	132	135	138	142	146	/
3A_NB	9	a	102	105	109	114	117	121	124	128	132	136	140	144	148	151	155	159	162
3A_NB	9	d	103	107	111	115	118	122	125	130	133	137	141	145	149	152	156	160	/
3A_NB	10	a	115	119	123	127	131	136	139	144	148	153	156	160	163	165	170	173	178
3A_NB	10	d	116	121	125	129	133	137	141	146	150	154	157	161	164	166	171	175	/
3A_NB	11	a	141	144	148	153	157	160	164	167	171	176	179	182	185	187	192	196	200
3A_NB	11	d	142	146	150	154	158	161	165	169	172	177	180	183	186	188	193	197	/
3A_NB	12	a	148	151	155	160	165	170	174	177	181	186	189	193	198	201	207	212	216
3A_NB	12	d	149	153	157	162	167	171	175	179	183	187	191	195	200	203	209	213	/
3A_NB	13	a	162	165	169	173	177	182	186	190	193	199	202	206	210	212	217	221	225
3A_NB	13	d	163	167	171	175	179	183	187	192	195	200	203	207	211	213	218	222	/
3A_NB	14	a	176	180	184	187	192	195	201	205	209	214	218	222	225	228	232	236	239
3A_NB	14	d	177	181	185	189	193	197	203	207	211	215	219	223	226	229	233	237	/
3A_NB	15	a	183	186	190	193	197	201	207	211	214	219	224	227	231	234	238	242	246
3A_NB	15	d	184	187	191	195	199	203	209	213	216	221	225	228	232	235	239	244	/
3A_NB	16	a	198	201	205	210	213	216	221	225	228	234	238	241	244	247	252	256	259
3A_NB	16	d	199	203	207	212	214	218	223	227	230	235	239	242	245	248	253	257	/
3A_NB	17	a	205	208	212	217	220	224	228	232	235	241	244	247	250	253	258	261	265
3A_NB	17	d	206	210	214	219	222	226	230	234	237	242	245	248	251	254	259	263	/
3A_NB	18	a	210	214	217	222	225	230	233	237	240	245	249	252	256	259	264	267	271
3A_NB	18	d	211	215	219	224	227	231	235	239	242	247	250	254	257	260	265	269	/
3A_NB	19	a	215	219	223	227	231	236	240	245	248	253	258	262	266	269	273	277	281
3A_NB	19	d	216	221	225	229	233	238	242	247	250	255	259	263	267	270	274	278	/
3A_NB	20	a	230	233	237	241	244	247	250	254	256	260	264	268	272	274	278	282	286
3A_NB	20	d	231	235	239	242	245	248	251	255	257	261	265	270	273	275	279	283	/
3A_NB	21	a	236	239	243	248	251	255	259	263	266	271	274	278	281	283	287	290	295
3A_NB	21	d	237	241	245	249	253	257	260	265	268	272	275	279	282	284	288	292	/
3A_NB	22	a	243	246	249	253	257	260	264	268	272	276	279	283	286	288	291	295	300
3A_NB	22	d	244	247	250	255	258	262	265	270	273	277	280	284	287	289	293	297	/
3A_NB	23	a	250	253	256	260	263	266	270	274	277	281	285	288	293	296	299	303	306
3A_NB	23	d	251	254	257	261	264	268	272	275	278	283	286	290	295	297	301	304	/
3A_NB	24	a	261	264	268	273	277	280	283	286	289	293	297	300	303	305	309	312	315
3A_NB	24	d	262	266	270	274	278	281	284	287	290	294	298	301	304	306	310	313	/
3A_NB	25	a	266	269	273	278	282	285	288	292	295	300	304	308	311	313	317	320	324
3A_NB	25	d	267	271	275	279	283	286	289	293	297	301	305	309	312	314	318	321	/
3A_NB	26	a	271	274	278	283	287	290	293	297	300	305	309	313	316	319	323	326	330
3A_NB	26	d	272	276	280	284	288	291	294	298	302	306	310	314	317	320	324	327	/
3A_NB	27	a	276	279	283	287	292	295	298	302	305	310	314	318	322	325	329	332	336
3A_NB	27	d	277	281	285	289	293	296	299	303	307	311	315	319	323	326	330	333	/
3A_NB	28	a	281	284	289	292	297	300	304	309	313	319	322	326	330	333	337	340	344
3A_NB	28	d	282	286	290	294	298	302	306	311	315	320	323	327	331	334	338	341	/
3A_NB	29	a	286	290	294	297	302	306	309	314	318	324	327	331	335	338	342	345	349
3A_NB	29	d	287	291	295	299	303	307	311	316	320	325	328	332	336	339	343	346	/
3A_NB	30	a	291	295	299	303	307	312	316	321	325	331	334	338	342	345	349	353	357
3A_NB	30	d	292	296	301	305	309	314	318	323	327	332	335	339	343	346	351	354	/
3A_NB	31	a	297	301	305	308	312	317	321	326	330	335	339	343	348	351	355	358	363
3A_NB	31	d	298	303	306	310	314	319	323	328	332	337	340	345	349	352	356	360	/
3A_NB	32	a	305	309	312	316	320	324	327	332	335	340	344	349	354	358	362	367	371
3A_NB	32	d	306	310	314	317	322	325	329	334	337	342	346	351	356	359	364	368	/
